1.0001
1.0001
0.0001
1.0001
1.0001
1.0001
1.0001
1.0001
1.0001
1.0001
1.0001
0.0001
1.0001
1.0001
1.0001
1.0001
1.0001
1.0001
1.0001
1.0001
1.0001
1.0001
1.0001
1.0001
1.0001
1.0001
1.0001
1.0001
1.0001
1.0001
1.0001
1.0001
0.003468
1.0001
1.0001
1.0001
1.0001
1.0001
1.0001
0.0001
1.0001
1.0001
1.0001
1.0001
1.0001
1.0001
1.0001
1.0001
1.0001
1.0001
1.0001
1.0001
1.0001
1.0001
1.0001
1.0001
1.0001
1.0001
0.0001
1.0001
1.0001
1.0001
1.0001
1.0001
1.0001
1.0001
1.0001
1.0001
1.0001
1.0001
1.0001
1.0001
1.0001
1.0001
1.0001
1.0001
1.0001
1.0001
1.0001
1.0001
1.0001
0.0001
1.0001
1.0001
1.0001
1.0001
0.0001
1.0001
0.0001
1.0001
0.0001
0.0001
1.0001
0.0001
1.0001
1.0001
1.0001
0.0001
1.0001
1.0001
0.0001
1.0001
1.0001
1.0001
1.0001
1.0001
0.0001
1.0001
1.0001
1.0001
0.0001
1.0001
1.0001
1.0001
0.0001
