0.997565
0.224356
0.194638
0.214735
0.206993
0.175595
0.123527
0.289238
0.175411
0.342914
0.133103
0.001308
0.001308
0.262298
0.255915
0.001308
0.157988
0.234585
0.001308
0.279939
0.258238
0.482402
0.157626
0.295587
0.246269
0.39644
0.368842
0.061146
0.235387
0.21086
0.203073
0.236101
0.118862
0.013551
0.008141
0.013646
0.207772
0.001308
0.137627
0.202747
0.313557
0.329765
0.013551
0.001308
0.112441
0.164789
0.089652
0.013501
0.261048
0.063361
0.163971
0.132282
0.013604
0.314385
0.13352
0.186801
0.514133
0.225164
0.157813
0.231302
0.103959
0.030196
0.254787
0.082084
0.08862
0.175214
0.162422
0.501218
0.186233
0.144209
0.013653
0.029976
0.2489
0.183053
0.001308
0.171014
0.02934
0.108199
0.188563
0.150639
0.322288
0.02271
0.29853
0.132282
0.204346
0.197241
0.117873
0.20257
0.246237
0.173116
0.01359
0.175411
0.282955
0.164403
0.27679
0.123808
0.159414
0.030069
0.312744
0.247537
0.105412
0.270235
0.118493
0.234967
0.264273
0.180166
0.137915
1.00003
0.21382
0.27202
0.09344
0.251284
0.030128
0.289609
0.001308
0.310426
0.275184
0.097929
0.292986
0.506167
0.042383
0.17515
0.466701
0.207949
0.05562
0.028659
0.120466
0.245566
0.232147
0.115211
0.223426
0.143823
0.208665
0.226153
0.207407
0.193053
0.489562
0.272668
0.013719
0.175551
0.208038
0.25997
0.297595
0.237884
0.256605
0.01359
0.176859
0.123527
0.235243
0.247622
0.180422
0.137652
0.079566
0.013283
0.013599
0.030142
0.219733
0.030337
0.253425
0.216517
0.013468
0.215966
0.15959
0.088458
0.025868
0.165051
0.041046
0.144859
0.168347
0.37977
0.311157
0.402797
0.318065
0.120252
0.061103
0.285055
0.180631
0.220878
0.19806
0.03095
0.276238
0.206993
0.030575
0.013373
0.260957
0.233838
0.307374
0.247937
0.31497
0.08862
0.059084
0.029448
0.094105
0.093761
0.269389
0.188563
0.198219
0.245272
0.19743
0.318928
0.340862
0.060924
0.050235
0.33944
0.277531
0.013604
0.05857
0.022311
0.092428
0.001308
0.001308
0.271456
0.203318
0.390428
0.277745
0.001308
0.013544
0.108894
0.188563
0.124464
0.057322
0.105147
0.171954
0.24324
0.249882
0.204174
0.245851
0.270371
0.02944
0.092168
0.192042
0.240816
0.238776
0.013551
0.013194
0.054484
0.290345
0.132282
0.251407
0.348325
0.029899
0.013606
0.283228
0.164027
0.013551
0.091632
0.195947
0.026206
0.220007
0.27698
0.062238
0.218191
0.35763
0.030069
0.257944
0.013606
0.013551
0.215675
0.218072
0.175411
0.131378
0.304098
0.057322
0.144409
0.09344
0.266821
0.262484
0.013742
0.173834
0.092219
0.048667
0.383533
0.319565
0.188563
0.198382
0.206993
0.205609
0.362422
0.204854
0.013591
0.305585
0.235404
0.013551
0.078682
0.236992
0.407279
0.013529
0.001308
0.038932
0.057509
0.171108
0.292541
0.001308
0.030128
0.029229
0.160897
0.144409
0.218744
0.163107
0.2779
0.12768
0.026243
0.269773
0.217401
0.439669
0.013732
0.188563
0.056738
0.302282
0.193053
0.243465
0.124922
0.34456
0.286679
0.20505
0.440543
0.013427
0.120792
0.159981
0.173116
0.288727
0.030219
0.503442
0.284512
0.326635
0.289047
0.291201
0.061065
0.188563
0.279887
0.245792
0.228548
0.299338
0.162424
0.252496
0.001308
0.029284
0.184684
0.108896
0.354487
0.069304
0.156332
0.269984
0.284834
0.136812
0.175152
0.314677
0.106392
0.978986
0.08535
0.173857
0.13414
0.110758
0.637938
0.195023
0.180869
0.051525
0.208339
0.004631
0.189996
0.27814
0.184966
0.133462
0.340209
0.217047
0.045085
0.434091
0.126873
0.114696
0.244626
0.273016
0.058922
0.179614
0.350582
0.283177
0.096657
0.837876
0.02445
0.139451
0.024685
0.149945
0.141127
0.180168
0.03678
0.079332
0.028502
0.062135
0.204615
0.134878
0.331638
0.023675
0.246533
0.207334
0.178591
0.07679
0.344021
0.19996
0.247865
0.126784
0.1991
0.257867
0.024533
0.247895
0.16538
0.20359
0.067366
0.068321
0.181586
0.196754
0.110347
0.127043
0.06212
0.41964
0.08526
0.969657
0.149679
0.195038
0.240061
0.116489
0.316321
0.375904
0.177185
0.249113
0.242663
0.178266
0.091833
0.113233
0.049883
0.92549
0.17425
0.095551
0.174379
0.155805
0.129214
0.097943
0.112978
0.137401
0.219745
0.175197
0.212283
0.07681
0.1991
0.051758
0.024593
0.175945
0.141645
0.048682
0.004631
0.031218
0.118527
0.142283
0.146357
0.194088
0.138474
0.052199
0.279128
0.272617
0.246016
0.115888
0.124964
0.308349
0.223984
0.125267
0.221031
0.117735
0.311023
0.159401
0.101067
0.024593
0.205713
0.217263
0.136954
0.072944
0.160837
0.197127
0.793948
0.155179
0.137397
0.118142
0.168339
0.051904
0.179953
0.102398
0.850574
0.643014
0.039064
0.174769
0.078361
0.075986
0.186497
0.094619
0.072354
0.240027
0.128723
0.085992
0.102466
0.078181
0.357051
0.117578
0.060543
0.22052
0.1991
0.065791
0.180313
0.302062
0.154821
0.16541
0.177132
0.106853
0.178882
0.223144
0.116403
0.158783
0.297377
0.152175
0.159166
0.234855
0.510048
0.211748
0.166687
0.22015
0.078544
0.177191
0.139303
0.217855
0.288618
0.348684
0.121403
0.118573
0.129932
0.08892
0.315122
0.242863
0.07389
0.107727
0.088691
0.106785
0.114186
0.318925
0.193303
0.048318
0.109853
0.24763
0.192238
0.150531
0.149429
0.21993
0.199193
0.132489
0.033608
0.004631
0.172735
0.079332
0.371128
0.233884
0.174752
0.176155
0.15327
0.117809
0.29153
0.091263
0.297396
0.102447
0.938324
0.222871
0.068814
0.627316
0.569936
0.190477
0.081016
0.186007
0.02959
0.101067
0.324544
0.166971
0.226858
0.252349
0.296168
0.3054
0.344083
0.403275
0.026591
0.291487
0.310073
0.202516
0.003915
0.052474
0.046928
0.243054
0.262861
0.184574
0.175904
0.35357
0.0307
0.20254
0.281965
0.309652
0.278217
0.245272
0.30136
0.306025
0.175468
0.003915
0.263803
0.149109
0.257483
0.364453
0.003915
0.003915
0.321945
0.019249
0.258424
0.233065
0.003915
0.108693
0.306262
0.263076
0.293053
0.28253
0.297578
0.201061
0.172825
0.242528
0.251947
0.003915
0.286171
0.233588
0.3054
0.237948
0.032853
0.292245
0.217293
0.297259
0.244417
0.088362
0.285668
0.292339
0.318016
0.003915
0.10738
0.301066
0.284488
0.026591
0.306025
0.253104
0.18517
0.079157
0.276371
0.023703
0.003739
0.297475
0.518432
0.019675
0.279005
0.311556
0.098212
0.011515
0.165503
0.3054
0.3054
0.062056
0.306025
0.305594
0.159567
0.256179
0.278314
0.220474
0.008409
0.003915
0.103993
0.300717
0.021275
0.174313
0.019675
0.003915
0.301404
0.064764
0.273799
0.266932
0.124603
0.287018
0.301951
0.23631
0.176806
0.280974
0.256974
0.919914
0.308396
0.360845
0.379909
0.302452
0.342571
0.073522
0.272882
0.397338
0.393169
0.300914
0.668955
0.948305
0.149393
0.277738
0.325425
0.381226
0.69982
0.305119
0.449795
0.265372
0.40584
0.493607
0.236481
0.21827
0.354883
0.431863
0.757063
0.439717
0.273165
0.357147
0.219291
0.340846
0.721625
0.336883
0.170816
0.299599
0.279145
0.397957
0.378696
0.361927
0.344744
0.36796
0.334621
0.308173
0.2877
0.442731
0.314914
0.364318
0.110489
0.39895
0.268918
0.368334
0.341057
0.360028
0.290966
0.371516
0.225203
0.147794
0.725587
0.341606
0.673653
0.315751
0.149181
0.147741
0.245764
0.338401
0.298
0.335907
0.358301
0.282514
0.284877
0.363352
0.244373
0.302662
0.213931
0.235241
0.324117
0.35477
0.267481
0.349703
0.380579
0.402781
0.336721
0.395935
0.439277
0.480028
0.363481
0.570683
0.149181
0.298084
0.342992
0.300181
0.327847
0.334753
0.393928
0.364503
0.393487
0.402243
0.223879
0.380115
0.36917
0.278594
0.430114
0.19414
0.362723
0.295534
0.393546
0.30352
0.397392
0.358633
0.38698
0.416046
0.32536
0.579096
0.073522
0.314069
0.631134
0.420523
0.729838
0.448302
0.269828
0.362875
0.369827
0.598248
0.256196
0.284352
0.301884
0.299261
0.332391
0.340239
0.30162
0.360745
0.59179
0.360832
0.349574
0.443908
0.676093
0.416493
0.2063
0.295847
0.355749
0.760676
0.397317
0.697237
0.288044
0.206505
0.416816
0.364269
0.321267
0.384092
0.250843
0.270462
0.445985
0.513784
0.148227
0.372888
0.269996
0.245562
0.287827
0.205113
0.325598
0.280904
0.358561
0.34719
0.102313
0.219291
0.381809
0.206863
0.219291
0.513656
0.169086
0.234237
0.064608
0.001022
0.317782
0.327113
0.334197
0.22009
0.099611
0.235835
0.312046
0.099611
0.253868
0.29506
0.244285
0.289487
0.262689
0.289487
0.006553
0.334197
0.187029
0.320645
0.268489
0.227865
0.294751
0.287926
0.006553
0.189216
0.332145
0.29539
0.262689
0.304889
0.353998
0.256676
0.006553
0.006553
0.179245
0.192616
0.268055
0.291349
0.125912
0.141378
0.00082
0.034113
0.179758
0.149267
0.175449
0.000505
0.049136
0.123728
0.035624
0.17752
0.06167
0.004631
0.0001
0.026226
0.151377
0.064195
0.191381
0.285161
0.324301
0.0001
0.104554
0.029468
0.224798
0.081487
0.012006
0.179674
0.312396
0.053378
0.110942
0.023463
0.003703
0.241683
0.07156
0.119651
0.099494
0.098675
0.014377
0.084897
0.016645
0.154363
0.091227
0.073887
0.179557
0.199862
0.05119
0.15671
0.002289
0.185895
0.134431
0.135135
0.106277
0.019379
0.109957
0.102459
0.148442
0.171132
0.043694
0.045301
0.190204
0.133967
0.10967
0.146991
0.043897
0.143389
0.171083
0.129139
0.066793
0.143509
0.141542
0.126231
0.124395
0.045917
0.136539
0.061079
0.058347
0.046421
0.166287
0.066
0.136325
0.127664
0.046547
0.158605
0.155088
0.115012
0.118426
0.137076
0.016588
0.04212
0.007843
0.136459
0.124905
0.325146
0.064991
0.162794
0.171558
0.103859
0.128356
0.001996
0.143965
0.016759
0.10699
0.092377
0.10464
0.0025
0.137511
0.145777
0.065107
0.17192
0.0593
0.018155
0.17574
0.168165
0.14064
0.08787
0.033202
0.249032
0.128927
0.036497
0.172675
0.160975
0.179209
0.177276
0.17848
0.001966
0.022593
0.128092
0.093335
0.110808
0.000831
0.164665
0.242843
0.048317
0.001122
0.219648
0.061084
0.000793
0.11355
0.174507
0.150622
0.004085
0.073087
0.126833
0.199579
0.060172
0.062949
0.10903
0.052039
0.00083
0.098995
0.138479
0.128603
0.049374
0.174978
0.214149
0.01822
0.109862
0.057294
0.124806
0.004605
0.008716
0.182012
0.153773
0.025742
0.104663
0.061712
0.151286
0.000167
0.20027
0.208423
0.106896
0.059577
0.381517
0.000827
0.130158
0.032549
0.193723
0.134483
0.160108
0.060734
0.199426
0.144191
0.168065
0.110738
0.175346
0.1464
0.040215
0.893624
0.255672
0.012715
0.062397
0.069641
0.064281
0.051211
0.090468
0.026663
0.042829
0.068422
0.0001
0.188438
0.113095
0.178282
0.188754
0.151407
0.165181
0.019651
0.266266
0.0025
0.137179
0.166578
0.14255
0.249563
0.128731
0.033782
0.103979
0.141775
0.163662
0.13053
0.062368
0.146825
0.183831
0.0001
0.163538
0.107855
0.122906
0.127988
0.166916
0.146798
0.342171
0.118454
0.133598
0.184852
0.112594
0.157962
0.167566
0.006148
0.047522
0.097436
0.313612
0.159886
0.087124
0.115308
0.009492
0.094485
0.109104
0.047269
0.068839
0.0001
0.167999
0.004343
0.191795
0.122422
0.051594
0.005145
0.063729
0.165709
0.032162
0.111513
0.137271
0.0043
0.188184
0.208408
0.13882
0.068727
0.022707
0.131697
0.055475
0.257581
0.177032
0.125303
0.009324
0.093314
0.141109
0.23398
0.135547
0.291105
0.062598
0.160898
0.000161
0.093437
0.056542
0.162054
0.079182
0.119781
0.160953
0.130387
0.176732
0.16928
0.092226
0.098445
0.138056
0.161162
0.129648
0.14021
0.240072
0.025832
0.002443
0.082549
0.103546
0.125129
0.111029
0.235383
0.002055
0.099717
0.033313
0.013016
0.255079
0.145305
0.0001
0.120791
0.000832
0.121043
0.181071
0.188976
0.133737
0.102285
0.152037
0.153469
0.183272
0.247595
0.051747
0.088947
0.01387
0.208822
0.16844
0.073624
0.000168
0.132944
0.222169
0.219644
0.116912
0.162276
0.144992
0.204598
0.15384
0.000159
0.076984
0.25346
0.188645
0.213233
0.19405
0.015106
0.016371
0.0815
0.132243
0.13676
0.048614
0.138394
0.149326
0.106982
0.021533
0.072255
0.167759
0.02749
0.000825
0.000827
0.008156
0.143073
0.16819
0.173388
0.162009
0.188828
0.161432
0.201375
0.00014
0.006026
0.004979
0.079353
0.053867
0.136008
0.040666
0.144719
0.000168
0.134291
0.117482
0.198818
0.150066
0.209505
0.000156
0.286379
0.087402
0.151255
0.125761
0.141057
0.198146
0.115064
0.181962
0.111486
0.085275
0.091125
0.132914
0.197979
0.128478
0.131163
0.167852
0.076122
0.071468
0.005105
0.107329
0.004237
0.198508
0.143472
0.114771
0.00644
0.125231
0.152611
0.186137
0.134507
0.121957
0.186543
0.108967
0.142711
0.11963
0.104144
0.188938
0.113817
0.135435
0.151503
0.118
0.134476
0.121365
0.148672
0.232655
0.087232
0.237488
0.114426
0.134816
0.061171
0.000168
0.193375
0.110491
0.165923
0.149606
0.170487
0.136704
0.175293
0.24595
0.144458
0.099769
0.125552
0.348341
0.133076
0.114111
0.145014
0.034819
0.158203
0.13404
0.244045
0.003604
0.200134
0.16368
0.117887
0.126727
0.094066
0.395844
0.000788
0.004652
0.159177
0.114754
0.086022
0.272251
0.139696
0.215426
0.281317
0.000775
0.117836
0.041886
0.078408
0.220905
0.189277
0.043694
0.187078
0.148046
0.166312
0.016001
0.209789
0.149364
0.117407
0.322583
0.209881
0.17114
0.159627
0.118412
0.096094
0.139412
0.002119
0.040118
0.054846
0.0001
0.015623
0.130361
0.084472
0.207933
0.194249
0.123129
0.104269
0.000168
0.000151
0.174777
0.033931
0.093019
0.19314
0.060726
0.022974
0.111061
0.036497
0.156722
0.354356
0.117798
0.089636
0.16727
0.147691
0.114633
0.017938
0.09982
0.181163
0.014913
0.148264
0.143097
0.003332
0.094307
0.177038
0.300883
0.126228
0.036491
0.179868
0.105389
0.168584
0.186833
0.174644
0.1374
0.136674
0.000165
0.243487
0.173251
0.079468
0.058167
0.140078
0.115451
0.107179
0.12472
0.033267
0.144266
0.070213
0.004266
0.031874
0.120302
0.01634
0.166608
0.176398
0.159757
0.128521
0.167212
0.112211
0.175934
0.130245
0.163899
0.002863
0.164939
0.101916
0.151424
0.248445
0.097971
0.011044
0.223738
0.013131
0.105916
0.768532
0.0001
0.14992
0.167325
0.216328
0.122235
0.191981
0.283523
0.160992
0.002438
0.195085
0.004156
0.020815
0.088365
0.222154
0.150705
0.075144
0.185281
0.235407
0.056865
0.145716
0.002678
0.150463
0.168011
0.090923
0.012223
0.146374
0.03787
0.144205
0.153862
0.198127
0.176518
0.114896
0.00553
0.067492
0.135337
0.062239
0.202893
0.11916
0.211499
0.511816
0.012445
0.158823
0.117375
0.253233
0.002048
0.168816
0.130644
0.182184
0.090351
0.19781
0.167459
0.076172
0.071346
0.098562
0.138603
0.005341
0.283181
0.196364
0.079753
0.191976
0.082047
0.035808
0.123261
0.167791
0.125354
0.112838
0.082002
0.175634
0.439257
0.108692
0.355041
0.119231
0.118778
0.106899
0.237395
0.149112
0.101249
0.098091
0.059465
0.220047
0.000824
0.145684
0.192942
0.24821
0.133914
0.18902
0.011952
0.177239
0.175492
0.196846
0.061106
0.17657
0.000166
0.201518
0.0001
0.073213
0.030489
0.130288
0.069724
0.132863
0.111873
0.172417
0.157207
0.179236
0.154529
0.116435
0.096437
0.229387
0.235646
0.087549
0.195819
0.885009
0.131929
0.003052
0.120865
0.0001
0.143721
0.2435
0.237827
0.091177
0.00083
0.161432
0.116472
0.216653
0.215876
0.246063
0.100916
0.17717
0.053872
0.120059
0.208689
0.136947
0.175047
0.043727
0.150669
0.171075
0.043081
0.157342
0.187354
0.127863
0.08503
0.005442
0.13705
0.131505
0.204083
0.204849
0.207879
0.195644
0.106397
0.084946
0.12763
0.233282
0.09841
0.151714
0.179655
0.329559
0.198725
0.131504
0.154755
0.089651
0.199518
0.000831
0.224311
0.118107
0.220058
0.012942
0.1084
0.104771
0.171734
0.127527
0.205944
0.137969
0.115546
0.118409
0.023941
0.04527
0.334762
0.120221
0.12864
0.14527
0.071981
0.165282
0.13964
0.134279
0.109136
0.001752
0.129148
0.116739
0.008117
0.178616
0.25422
0.004631
0.066831
0.115698
0.09157
0.216899
0.166901
0.392928
0.009402
0.157497
0.537631
0.143435
0.146605
0.153924
0.037716
0.124538
0.125966
0.092922
0.070639
0.14859
0.052208
0.101367
0.053036
0.071218
0.184301
0.116069
0.13249
0.14866
0.999616
0.124505
0.149144
0.382245
0.268178
0.147292
0.000147
0.18064
0.186446
0.000825
0.10296
0.112661
0.048401
0.014855
0.05539
0.159331
0.043089
0.009455
0.211033
0.241
0.113206
0.145258
0.142595
0.203419
0.02476
0.219456
0.037026
0.004007
0.1401
0.00206
0.199202
0.186067
0.1809
0.159108
0.786867
0.079436
0.159214
0.13857
0.119252
0.082448
0.116435
0.20555
0.161205
0.125338
0.124783
0.227562
0.253103
0.022919
0.162315
0.191332
0.082973
0.12744
0.174645
0.114928
0.105885
0.063522
0.148919
0.135548
0.216712
0.121376
0.100076
0.120209
0.218423
0.124672
0.061589
0.063721
0.14728
0.165347
0.142272
0.106542
0.110289
0.000162
0.079488
0.153548
0.214845
0.010038
0.000679
0.156091
0.001992
0.103509
0.09502
0.111739
0.129864
0.09566
0.234282
0.107902
0.184871
0.050673
0.101827
0.086215
0.086258
0.012533
0.004631
0.00115
0.147046
0.097489
0.092449
0.122658
0.17617
0.306964
0.088445
0.144247
0.245725
0.177237
0.043216
0.140207
0.114148
0.156986
0.005947
0.161197
0.203386
0.123033
0.107418
0.004131
0.180121
0.169499
0.26919
0.084836
0.05453
0.123828
0.210806
0.071615
0.178017
0.172707
0.082782
0.152653
0.138853
0.100669
0.139267
0.188116
0.03907
0.114891
0.154616
0.07379
0.114297
0.12214
0.20347
0.056398
0.052656
0.143214
0.177739
0.162065
0.130247
0.225389
0.178795
0.085183
0.058183
0.199294
0.104473
0.203586
0.0001
0.329772
0.097982
0.192121
0.008126
0.187274
0.042337
0.160151
0.14155
0.081444
0.184125
0.151515
0.162554
0.173044
0.124354
0.138216
0.122689
0.093122
0.121776
0.033209
0.000168
0.006255
0.001701
0.204417
0.104807
0.151506
0.066387
0.14998
0.173808
0.194139
0.145775
0.015437
0.15732
0.152639
0.156757
0.063757
0.078121
0.221893
0.165456
0.134471
0.029691
0.10559
0.210407
0.104034
0.117443
0.162577
0.171652
0.149964
0.13142
0.076977
0.117978
0.093716
0.132778
0.030523
0.275856
0.093636
0.011485
0.100505
0.054233
0.2185
0.191866
0.19029
0.035885
0.124191
0.142434
0.218046
0.073991
0.058454
0.150718
0.141592
0.144199
0.045216
0.096677
0.10064
0.024323
0.185628
0.157386
0.20747
1.000098
0.108455
0.247275
0.119107
0.183069
0.908373
0.802089
0.264255
0.231858
0.212812
0.162889
0.178598
0.036276
0.553945
0.357377
0.263689
0.141982
0.756367
0.095693
0.221526
0.212877
0.113251
0.122923
0.253975
0.207561
0.016837
0.906497
0.159532
0.180376
0.85288
0.107956
0.913094
0.147061
0.325934
0.910819
0.266623
0.197239
0.06941
0.103896
0.319269
0.079226
0.547933
0.230963
0.217996
0.081293
0.229779
0.21553
0.263504
0.30458
0.046202
0.902893
0.261336
0.28241
0.138623
0.84587
0.000422
0.196468
0.008735
0.149294
0.865778
0.303451
0.290766
0.043749
0.266228
0.233236
0.080947
0.14362
0.863674
0.273739
0.12506
0.10583
0.921961
0.873789
0.942367
0.759111
0.074561
0.207881
0.256664
0.187976
0.283317
0.172426
0.933923
0.135096
0.312954
0.016818
0.641731
0.297822
0.19598
0.202684
0.30205
0.193191
0.209328
0.274198
0.772781
0.263418
0.484443
0.050655
0.243061
0.160075
0.224671
0.111434
0.065305
0.08071
0.025712
0.133622
0.0611
0.285904
0.097452
0.792102
0.03944
0.24589
0.211233
0.282186
0.210028
0.225158
0.258989
0.196156
0.136259
0.902273
0.283563
0.33071
0.856323
0.079731
0.248845
0.132341
0.84326
0.339571
0.252223
0.738927
0.074059
0.223917
0.860016
0.064542
0.868021
0.542526
0.509699
0.066951
0.279152
0.166214
0.084889
0.197152
0.236398
0.379823
0.174274
0.476538
0.07762
0.19912
0.917721
0.406379
0.251839
0.23755
0.67928
0.898493
0.08347
0.036223
0.111609
0.323094
0.826403
0.132597
0.275126
0.321976
0.921592
0.815355
0.127361
0.191294
0.578818
0.935651
0.000127
0.06385
0.416145
0.16995
0.725923
0.669371
0.2124
0.644249
0.298418
0.925592
0.214844
0.908774
0.269613
0.127048
0.871435
0.062592
0.762535
0.091791
0.227355
0.492711
0.059995
0.037514
0.221212
0.297607
0.890469
0.887115
0.113666
0.01725
0.260825
0.824517
0.644204
0.123212
0.423134
0.797599
0.106993
0.147373
0.651755
0.274244
0.375482
0.905704
0.154424
0.2261
0.791376
0.724499
0.934298
0.842909
0.230302
0.319026
0.259586
0.263234
0.297408
0.106936
0.92435
0.246572
0.41934
0.168525
0.200111
0.187869
0.111114
0.304445
0.877454
0.850926
0.125547
0.949156
0.279096
0.148497
0.194848
0.229069
0.0993
0.172292
0.237852
0.911355
0.165831
0.196023
0.302293
0.801266
0.213189
0.260534
0.23585
0.096818
0.246204
0.232712
0.14149
0.138359
0.103341
0.303424
0.580013
0.064241
0.026264
0.008489
0.202292
0.190408
0.319593
0.913518
0.25226
0.283072
0.025984
0.286726
0.032059
0.008374
0.314951
0.247133
0.184466
0.053887
0.297511
0.895317
0.085801
0.122363
0.313036
0.91707
0.329525
0.839375
0.167656
0.230428
0.133161
0.214798
0.000127
0.198071
0.203402
0.121672
0.418586
0.855822
0.910645
0.249869
0.235689
0.017224
0.076296
0.945377
0.184314
0.037808
0.143402
0.323397
0.204995
0.679299
0.385866
0.153489
0.147955
0.626761
0.148522
0.936943
0.023622
0.921406
0.150566
0.155315
0.270623
0.281843
0.262746
0.16942
0.051209
0.248014
0.936448
0.020024
0.255971
0.141191
0.950364
0.102728
0.151691
0.286579
0.558275
0.145686
0.105316
0.92983
0.221201
0.143774
0.12777
0.929904
0.062341
0.191617
0.295415
0.171734
0.044064
0.255074
0.083898
0.029078
0.782182
0.22398
0.108144
0.037281
0.76836
0.086473
0.099548
0.186292
0.593641
0.069605
0.056244
0.216485
0.106947
0.97968
0.2136
0.337294
0.000127
0.121488
0.881186
0.14563
0.185533
0.107517
0.89732
0.766066
0.137633
0.85047
0.289548
0.116882
0.100806
0.312856
0.375285
0.305479
0.128319
0.214616
0.150628
0.083436
0.410892
0.896854
0.100719
0.336158
0.110464
0.254541
0.07924
0.167999
0.225632
0.101745
0.776022
0.518757
0.112552
0.294779
0.072079
0.122946
0.044889
0.462761
0.695081
0.783535
0.925136
0.094698
0.101173
0.066979
0.400214
0.178727
0.145481
0.091707
0.270776
0.175201
0.270538
0.182906
0.059939
0.21578
0.889216
0.916697
0.29935
0.883647
0.32247
0.353578
0.548978
0.119415
0.907157
0.206981
0.345232
0.648935
0.264437
0.348388
0.235446
0.201538
0.884979
0.92682
0.245446
0.234082
0.156871
0.27561
0.142316
0.216392
0.978246
0.748069
0.201611
0.064617
0.206212
0.84145
0.257964
0.871557
0.129663
0.857992
0.142727
0.027533
0.735797
0.12807
0.29174
0.135847
0.835695
0.321232
0.259199
0.152519
0.123761
0.175812
0.922278
0.791874
0.265326
0.2038
0.129123
0.840768
0.037755
0.874728
0.216077
0.271783
0.110072
0.008026
0.868159
0.00208
0.05336
0.448685
0.147134
0.675277
0.129242
0.036118
0.190132
0.126715
0.2003
0.286391
0.091481
0.22887
0.873899
0.137963
0.274222
0.254569
0.190238
0.063224
0.168459
0.154906
0.161161
0.837736
0.204281
0.183126
0.271588
0.763071
0.872609
0.937676
0.255268
0.277455
0.100091
0.888378
0.125671
0.169424
0.229743
0.502454
0.253145
0.154269
0.084568
0.025502
0.823833
0.111674
0.163597
0.141497
0.048753
0.905887
0.240409
0.716682
0.025532
0.110515
0.726384
0.155232
0.183437
0.210141
0.026831
0.15167
0.108455
0.240526
0.016629
0.004906
0.094719
0.182405
0.181333
0.804923
0.271937
0.254136
0.11908
0.136755
0.275112
0.069649
0.108217
0.038886
0.172247
0.071244
0.000127
0.243192
0.243738
0.841615
0.283533
0.311816
0.267702
0.934095
0.132566
0.10917
0.603911
0.873518
0.643384
0.000127
0.29577
0.229933
0.105986
0.198115
0.23431
0.085084
0.473303
0.312335
0.118872
0.151207
0.008451
0.798868
0.008464
0.573375
0.65523
0.201048
0.100806
0.2916
0.4089
0.149634
0.276868
0.875815
0.027611
0.256517
0.711916
0.058992
0.224246
0.247023
0.319335
0.885915
0.257466
0.161847
0.151883
0.757115
0.024758
0.545887
0.930895
0.220656
0.279266
0.311576
0.337184
0.234901
0.170575
0.049626
0.148306
0.178905
0.024765
0.093262
0.104364
0.826081
0.680032
0.034964
0.175526
0.024775
0.139647
0.895116
0.01681
0.056099
0.158733
0.087282
0.09341
0.411434
0.222588
0.167158
0.130358
0.139047
0.146297
0.288357
0.680739
0.24383
0.00208
0.95159
0.977303
0.09248
0.052096
0.704256
0.148969
0.072971
0.813166
0.805851
0.777856
0.459488
0.860249
0.303093
0.249366
0.610153
0.135193
0.247671
0.824994
0.922588
0.767082
0.147028
0.435205
0.903101
0.016818
0.176434
0.22251
0.057001
0.000127
0.216205
0.09693
0.041851
0.754931
0.386162
0.673313
0.09782
0.201782
0.821835
0.487459
0.028185
0.123914
0.189268
0.264927
0.085352
0.231639
0.904068
0.203341
0.177359
0.192981
0.923676
0.33036
0.252431
0.897965
0.232961
0.008464
0.000127
0.20486
0.364434
0.029605
0.881366
0.90761
0.923428
0.153255
0.921441
0.065372
0.179577
0.918775
0.222136
0.110535
0.198722
0.933489
0.145248
0.043982
0.181727
0.896092
0.205117
0.28806
0.20242
0.81623
0.260743
0.038183
0.165803
0.589104
0.904465
0.89956
0.224776
0.224939
0.227101
0.283187
0.856771
0.482839
0.05327
0.236991
0.02595
0.07531
0.246499
0.145514
0.833349
0.208829
0.289213
0.103002
0.304234
0.222567
0.228687
0.257654
0.626793
0.282908
0.2431
0.266947
0.202941
0.050368
0.122907
0.169869
0.757276
0.843407
0.167432
0.262891
0.221891
0.299048
0.237369
0.291848
0.20663
0.188473
0.253345
0.243982
0.22087
0.17272
0.232026
0.271612
0.192613
0.033535
0.200629
0.161903
0.243723
0.222146
0.257106
0.091044
0.032414
0.273325
0.209092
0.198329
0.135911
0.267388
0.174206
0.098999
0.181176
0.141233
0.094088
0.231434
0.224322
0.005083
0.016081
0.135707
0.268243
0.074757
0.161317
0.146777
0.227423
0.132402
0.145216
0.167514
0.184571
0.183306
0.000398
0.15123
0.245163
0.103404
0.187843
0.110818
0.111233
0.209348
0.200036
0.193592
0.004735
0.212266
0.310298
0.203294
0.219808
0.300521
0.218718
0.033535
0.004422
0.095596
0.319184
0.032773
0.142678
0.115831
0.237247
0.250991
0.346928
0.177894
0.070417
0.154416
0.20108
0.154492
0.017749
0.151337
0.278926
0.211189
0.000398
0.228761
0.324016
0.223297
0.095478
0.183055
0.088561
0.099983
0.272917
0.20891
0.250786
0.205449
0.030607
0.210745
0.318194
0.259579
0.203551
0.254147
0.252956
0.16983
0.064579
0.170505
0.164413
0.242586
0.143583
0.203949
0.103276
0.03372
0.188833
0.096931
0.183937
0.133536
0.22808
0.225807
0.037854
0.179444
0.036501
0.254626
0.293942
0.150272
0.262878
0.251041
0.277286
0.197995
0.203035
0.229895
0.287353
0.233803
0.001111
0.161273
0.066529
0.104296
0.005083
0.293947
0.135624
0.19099
0.231701
0.173982
0.004618
0.068935
0.249002
0.076665
0.057714
0.179015
0.064591
0.064938
0.223862
0.184463
0.004952
0.154228
0.229299
0.036446
0.185739
0.182799
0.000243
0.213393
0.082214
0.022375
0.141728
0.176226
0.141672
0.104965
0.082371
0.19943
0.033535
0.144895
0.042625
0.239696
0.254504
0.198139
0.153561
0.150466
0.201528
0.261945
0.078039
0.188642
0.224956
0.128074
0.002295
0.339636
0.19746
0.23015
0.000109
0.204722
0.190316
0.168032
0.180194
0.097685
0.171557
0.261314
0.162138
0.180702
0.062879
0.229779
0.201803
0.009834
0.155637
0.001114
0.152559
0.145972
0.004622
0.117605
0.236472
0.321402
0.243654
0.253367
0.247437
0.253573
0.170219
0.2654
0.174873
0.23419
0.240463
0.25146
0.212857
0.225634
0.104802
0.287401
0.085814
0.164147
0.229714
0.240533
0.079392
0.05622
0.028626
0.002289
0.09741
0.199281
0.12802
0.190466
0.273098
0.141544
0.186222
0.062849
0.249027
0.063835
0.207462
0.207669
0.055677
0.033065
0.08066
0.268969
0.053327
0.042653
0.277506
0.239476
0.26263
0.175345
0.142021
0.251505
0.247699
0.230984
0.216143
0.240112
0.213203
0.279134
0.260202
0.118994
0.15632
0.234053
0.244572
0.225165
0.005012
0.137684
0.196333
0.253282
0.091818
0.267845
0.264691
0.206871
0.070417
0.223916
0.237689
0.130443
0.171832
0.111187
0.240582
0.240944
0.142069
0.239909
0.222615
0.058497
0.075838
0.260443
0.294691
0.219759
0.239439
0.127622
0.148697
0.20085
0.225251
0.351596
0.004812
0.172892
0.119673
0.251851
0.275319
0.124779
0.234655
0.174352
0.266759
0.090049
0.160854
0.01018
0.122917
0.131008
0.290406
0.142299
0.059029
0.236961
0.193997
0.007029
0.174321
0.25077
0.215232
0.005013
0.194966
0.180859
0.194933
0.126712
0.015514
0.146696
0.153993
0.171665
0.168769
0.212329
0.279045
0.160145
0.233684
0.230818
0.103101
0.222651
0.254746
0.2248
0.239222
0.119944
0.219797
0.135604
0.004787
0.213115
0.270427
0.227671
0.298841
0.002295
0.204472
0.211655
0.001014
0.152418
0.163986
0.139165
0.209409
0.223858
0.10395
0.171829
0.195001
0.076524
0.176253
0.267869
0.19318
0.305424
0.244925
0.205218
0.245924
0.187902
0.107982
0.23407
0.282291
0.276172
0.120391
0.211715
0.056322
0.000109
0.168836
0.263227
0.218306
0.281452
0.199461
0.005083
0.289264
0.148741
0.199883
0.177569
0.140679
0.141272
0.022819
0.06529
0.211161
0.196619
0.133597
0.252931
0.13637
0.303165
0.221471
0.10134
0.258457
0.037854
0.252008
0.107706
0.114716
0.020066
0.268613
0.130792
0.2058
0.103762
0.222094
0.205445
0.145281
0.113961
0.131239
0.126872
0.230654
0.000109
0.260516
0.233934
0.037854
0.172117
0.29148
0.293423
0.26995
0.199556
0.194906
0.201092
0.319416
0.092484
0.269061
0.210871
0.228903
0.271555
0.06743
0.237497
0.314665
0.033535
0.074764
0.124491
0.03329
0.127015
0.240186
0.215536
0.226863
0.087957
0.192888
0.354729
0.199344
0.159908
0.270066
0.121929
0.233198
0.266679
0.218353
0.137208
0.132708
0.253087
0.082143
0.246422
0.225369
0.23028
0.302611
0.239867
0.228627
0.2478
0.241674
0.010849
0.085294
0.18915
0.199199
0.00107
0.067384
0.037854
0.096391
0.185462
0.117547
0.070417
0.263975
0.074336
0.00108
0.186148
0.285832
0.238563
0.166442
0.17547
0.283439
0.117231
0.208618
0.010631
0.13961
0.255008
0.231612
0.022375
0.184407
0.230203
0.282807
0.110378
0.277546
0.089346
0.321712
0.110456
0.111106
0.123058
0.219737
0.040022
0.177405
0.028889
0.282984
0.138401
0.033184
0.022061
0.193806
0.140892
0.247298
0.223388
0.147811
0.158457
0.265742
0.234682
0.236604
0.028663
0.197108
0.238723
0.192198
0.244272
0.070417
0.070417
0.253493
0.000109
0.234838
0.274821
0.165343
0.229223
0.234207
0.149373
0.107227
0.213228
0.121447
0.182188
0.127585
0.237009
0.242343
0.046772
0.29203
0.138976
0.117464
0.274246
0.061902
0.19008
0.209948
0.099845
0.206458
0.240939
0.136701
0.165274
0.102902
0.191125
0.198073
0.18791
0.295453
0.176333
0.052419
0.028117
0.085294
0.229636
0.214172
0.195049
0.075453
0.173365
0.228161
0.176074
0.246032
0.018607
0.175033
0.120104
0.000109
0.215782
0.285445
0.298804
0.191594
0.039699
0.169166
0.175031
0.189222
0.228381
0.251878
0.163116
0.136204
0.148569
0.125932
0.053716
0.124683
0.235912
0.220942
0.117668
0.159053
0.086836
0.267072
0.247447
0.099852
0.218551
0.312974
0.201744
0.225471
0.211392
0.175386
0.231405
0.165021
0.265423
0.216653
0.217349
0.057398
0.252894
0.001112
0.075725
0.02477
0.022043
0.219362
0.192256
0.266218
0.215989
0.157937
0.245612
0.082209
0.190777
0.319735
0.084772
0.001057
0.164784
0.228502
0.199833
0.154094
0.236362
0.213831
0.124974
0.003477
0.334951
0.103178
0.230372
0.157273
0.254655
0.200951
0.229972
0.224332
0.252654
0.165894
0.187563
0.28784
0.205904
0.179422
0.01838
0.151969
0.15949
0.071891
0.179756
0.019341
0.106948
0.146224
0.198716
0.164648
0.112503
0.189341
0.04536
0.199299
0.157846
0.329022
0.259613
0.067384
0.035693
0.280142
0.191353
0.130642
0.276905
0.140961
0.162157
0.289446
0.226832
0.236939
0.045783
0.061532
0.240904
0.051149
0.173355
0.076275
0.235622
0.128963
0.207487
0.277455
0.125495
0.256142
0.256548
0.224367
0.252447
0.253657
0.100679
0.278429
0.26755
0.098904
0.255696
0.085294
0.209194
0.15493
0.116375
0.085095
0.137078
0.279619
0.081694
0.253164
0.329516
0.204924
0.26573
0.287074
0.073001
0.075759
0.260445
0.024344
0.131233
0.053327
0.133041
0.153161
0.004695
0.063746
0.188078
0.240488
0.167562
0.148672
0.208115
0.173849
0.1537
0.208615
0.27368
0.219107
0.277189
0.072813
0.044374
0.155359
0.208462
0.151297
0.153828
0.19843
0.226929
0.275314
0.327031
0.059009
0.176353
0.19201
0.063746
0.141923
0.242692
0.132786
0.119526
0.258168
0.001112
0.001081
0.112534
0.12282
0.250544
0.250885
0.004927
0.1253
0.194005
0.214332
0.2678
0.068111
0.235457
0.172344
0.142828
0.204101
0.164297
0.044085
0.088079
0.307439
0.076275
0.062061
0.016305
0.148848
0.17123
0.022558
0.234268
0.307775
0.211695
0.040157
0.998664
0.182259
0.168177
0.372118
0.090287
0.392897
0.285443
0.05608
0.111785
0.200633
0.09292
0.231514
0.194506
0.220673
0.000434
0.191855
0.000434
0.25142
0.352075
0.51082
0.054195
0.259372
0.229395
0.31838
0.081111
0.206611
0.273524
0.332606
0.252785
0.310888
0.015044
0.319735
0.304186
0.237968
0.21885
0.228435
0.266252
0.251489
0.245306
0.243383
0.051268
0.263279
0.216755
0.162233
0.204244
0.211991
0.21168
0.158047
0.240803
0.313897
0.182763
0.325711
0.064615
0.258977
0.193228
0.081958
0.251164
0.038007
0.527758
0.186694
0.262249
0.24756
0.277974
0.288012
0.462995
0.10869
0.184327
0.095774
0.307956
0.38721
0.149187
0.304885
0.269558
0.270514
0.295307
0.134255
0.093973
0.287872
0.178575
0.20404
0.092422
0.283195
0.260297
0.116469
0.376053
0.09175
0.204244
0.237927
0.430149
0.311579
0.234699
0.310538
0.345481
0.118708
0.162651
0.234345
0.121492
0.283543
0.266104
0.205536
0.038439
0.294671
0.176533
0.435764
0.20605
0.303804
0.160771
0.046577
0.360325
0.272621
0.142954
0.088452
0.258602
0.33796
0.107449
0.048628
0.343481
0.26226
0.265608
0.261041
0.27795
0.34668
0.275848
0.015134
0.387277
0.216755
0.11817
0.251657
0.029101
0.125132
0.232637
0.344004
0.290896
0.000434
0.265304
0.122527
0.205698
0.165933
0.01594
0.287272
0.48041
0.210229
0.252785
0.165237
0.20848
0.022685
0.167529
0.392023
0.141876
0.213888
0.263064
0.03793
0.004817
0.292018
0.248944
0.31198
0.377694
0.175628
0.232866
0.341031
0.022622
0.182668
0.339644
0.080124
0.271039
0.247164
0.106679
0.348482
0.275806
0.065613
0.132257
0.256928
0.258416
0.227431
0.329846
0.255467
0.216755
0.161102
0.266605
0.221334
0.324305
0.110951
0.037974
0.228245
0.072835
0.196897
0.253564
0.246153
0.167266
0.111402
0.23233
0.295068
0.356314
0.203419
0.15732
0.088267
0.560655
0.28288
0.247654
0.29915
0.044638
0.203955
0.175392
0.332753
0.172332
0.240591
0.287431
0.212309
0.253248
0.235831
0.141448
0.276254
0.216755
0.000434
0.374275
0.116166
0.038971
0.11204
0.241974
0.120518
0.220874
0.195583
0.173235
0.088608
0.065725
0.282787
0.214632
0.174492
0.090765
0.139433
0.162067
0.175283
0.086875
0.221591
0.151559
0.303916
0.033256
0.437501
0.232603
0.064615
0.520167
0.059586
0.236884
0.360635
0.144412
0.164581
0.116274
0.583443
0.228344
0.036885
0.247982
0.00481
0.015966
0.316786
0.015134
0.385725
0.164159
0.062009
0.216755
0.242671
0.142418
0.25771
0.023153
0.086875
0.246391
0.26778
0.152332
0.007991
0.352205
0.289852
0.259286
0.24192
0.000434
0.303209
0.312703
0.074738
0.300733
0.293643
0.213313
0.119737
0.015134
0.295864
0.285058
0.186244
0.348627
0.33321
0.120759
0.085216
0.285206
0.216187
0.09457
0.313887
0.000434
0.283381
0.319829
0.008094
0.019043
0.217193
0.229775
0.114043
0.310563
0.317534
0.245087
0.310503
0.208311
0.056489
0.285206
0.015134
0.093886
0.008125
0.301794
0.000434
0.092273
0.3553
0.095391
0.250381
0.29725
0.127634
0.074834
0.559516
0.263745
0.3717
0.279479
0.128823
0.275783
0.204323
0.187489
0.321704
0.027581
0.171992
0.166631
0.282989
0.201675
0.164048
0.116298
0.106447
0.211586
0.274584
0.149556
0.279415
0.159422
0.203405
0.19055
0.108778
0.038233
0.330799
0.217253
0.183396
0.218377
0.264644
0.066674
0.112095
0.145748
0.322834
0.29596
0.226066
0.386915
0.33409
0.032848
0.072608
0.408587
0.000434
0.246121
0.272218
0.022834
0.230312
0.263332
0.326552
0.043619
0.093462
0.008144
0.008088
0.254547
0.337025
0.023222
0.11785
0.086875
0.140977
0.221343
0.022737
0.126798
0.206766
0.220515
0.000434
0.310133
0.31599
0.227021
0.290727
0.313981
0.322092
0.12483
0.210118
0.356057
0.772475
0.20002
0.148919
0.321036
0.105112
0.300182
0.305021
0.262283
0.368897
0.042536
0.192348
0.157015
0.214137
0.124381
0.065237
0.220761
0.008125
0.165134
0.090839
0.05608
0.269959
0.52923
0.199565
0.000434
0.00822
0.222206
0.000434
0.190656
0.248706
0.074853
0.267873
0.330048
0.261333
0.200129
0.086875
0.037877
0.257561
0.302823
0.275828
0.32114
0.296266
0.134481
0.254813
0.182103
0.232633
0.0081
0.139585
0.547608
0.165112
0.00822
0.104447
0.254129
0.037897
0.216755
0.221193
0.008097
0.348882
0.064968
0.097879
0.095104
0.059944
0.264329
0.219838
0.083768
0.165987
0.206035
0.268229
0.038444
0.22926
0.11251
0.331754
0.136402
0.304343
0.248942
0.101028
0.141625
0.369133
0.302469
0.089172
0.27425
0.038417
0.086875
0.244374
0.197496
0.123665
0.278491
0.094073
0.245311
0.353211
0.175392
0.252618
0.325682
0.008157
0.119545
0.354717
0.0474
0.303528
0.290769
0.015497
0.122164
0.32661
0.281352
0.14477
0.303946
0.131964
0.000434
0.078665
0.213998
0.328592
0.038894
0.168087
0.106209
0.004803
0.300866
0.107507
0.335201
0.038233
0.323168
0.528931
0.222616
0.185166
0.333788
0.038791
0.038376
0.033548
0.022682
0.300336
0.245815
0.143807
0.00802
0.261887
0.088695
0.410656
0.093849
0.221227
0.038388
0.298347
0.252598
0.18976
0.288154
0.045556
0.233463
0.254199
0.118666
0.000434
0.241865
0.216552
0.082185
0.028823
0.149041
0.919541
0.418864
0.476006
0.215538
0.106688
0.391825
0.433263
0.221672
0.406054
0.495482
0.349349
0.117108
0.292714
0.389795
0.451586
0.434756
0.343232
0.449245
0.480339
0.344752
0.437259
0.221672
0.351354
0.360133
0.402977
0.29355
0.217151
0.349349
0.106688
0.440185
0.106688
0.224792
0.221672
0.265024
0.461031
0.106688
0.349349
0.437507
0.401491
0.4181
0.372682
0.451292
0.106688
0.482127
0.106688
0.349349
0.431969
0.359354
0.219076
0.221672
0.510223
0.675547
0.217151
0.29249
0.210106
0.106688
0.2193
0.335387
0.345557
