0.275118
0.098655
0.032357
0.137248
0.523079
0.302801
0.942444
0.093433
0.130075
0.556438
0.026633
0.999998
0.087533
0.22178
0.026527
0.790315
0.745618
0.357016
0.010312
0.989964
0.999352
0.00685
0.006512
0.774409
0.233307
0.300343
0.027054
0.994012
0.000566
0.022038
0.009623
0.999192
0.263479
0.077118
0.096018
0.027532
0.505293
0.090077
0.000566
0.000566
0.920338
0.991347
0.115108
0.180548
0.942576
0.996886
0.000566
0.025555
0.170281
0.42848
0.0757
0.024713
0.020089
0.999922
0.034968
0.364789
0.003175
0.070494
0.037619
0.003907
0.191778
0.023085
0.052114
0.239436
0.003907
0.014983
0.030461
0.977411
0.300835
0.139123
0.562419
0.139123
0.999899
0.967543
0.15835
0.139123
0.9626
0.999253
0.080353
0.363392
0.039419
0.043521
0.431711
0.337721
0.821942
0.153344
0.139123
0.139123
0.073083
0.849011
0.13226
0.026953
0.421389
0.001502
0.063987
0.083583
0.723465
0.021596
0.21988
0.100872
0.999193
1.000092
0.936563
1.00009
0.049682
0.134058
0.905179
0.905179
1.000099
0.000213
0.001957
0.018411
0.000213
0.09936
0.116427
0.000213
0.004659
0.026608
0.46035
0.914205
0.006157
0.004045
0.031229
0.981152
0.619019
0.006157
0.004621
0.012085
0.09565
0.002662
0.003993
0.000213
0.057679
0.000213
0.023017
0.94609
0.004474
0.096131
0.023017
0.002316
0.006704
0.122051
0.000213
0.209387
0.023017
0.494604
0.972041
0.688419
0.890973
0.973456
0.232104
0.029652
0.132085
0.046856
0.094148
0.056625
0.006598
0.068746
0.056625
0.993209
0.389743
0.403801
0.388563
0.207158
0.011361
0.301082
0.008457
0.941225
0.191389
0.193513
0.045472
0.027365
0.069268
0.061697
0.812075
0.069268
0.044342
0.935325
0.061697
0.022315
0.144987
0.928381
0.024082
0.025024
0.028098
0.144987
1.000074
0.046688
0.054365
0.055274
0.23134
0.24403
0.01754
0.473903
0.054983
0.027298
0.037639
0.59603
0.005214
0.009154
0.008328
0.043998
0.072086
0.367998
0.275709
0.023822
0.008786
0.999193
0.009154
0.089185
0.101345
0.201784
0.045838
0.109233
0.682606
0.423766
0.024268
0.013545
0.007277
0.160714
0.093951
0.979851
0.169123
0.093951
0.843947
0.381241
0.136713
0.335329
0.854101
0.270311
0.98224
0.113196
0.631116
0.14787
0.406994
0.14787
0.530383
0.084304
0.382907
0.505411
0.430963
0.877116
0.055498
0.064948
0.996339
0.192363
0.012817
0.010721
0.046381
0.16908
0.028737
0.239811
0.905643
0.960261
0.152127
0.046381
0.984209
0.0625
0.41439
0.372083
0.042219
0.322995
0.909241
0.975219
0.153407
0.998488
0.069698
0.32175
0.000102
0.956479
0.093597
0.047633
0.000102
0.111664
0.069698
0.941306
0.069698
0.365036
0.069698
1.000083
0.242824
0.013644
0.971525
0.069698
0.097915
0.98902
0.069698
0.002678
0.99984
0.069698
0.200906
0.069698
0.069698
0.069698
0.156193
1.000084
0.997883
0.233609
0.011994
0.146451
0.846456
0.579406
0.936097
0.771682
0.028446
0.004284
0.882884
0.069349
0.113459
0.004284
0.033987
0.003426
0.069349
0.007872
0.105652
0.997973
0.132839
0.000189
0.098408
0.138616
0.063676
0.066833
0.940144
0.029678
0.023331
0.395049
0.039195
0.024927
0.012688
0.043661
0.008169
0.070946
0.043661
0.971984
0.172691
0.046492
0.099247
0.028671
0.179661
0.069008
0.255366
0.074435
0.156196
0.919893
0.099764
0.881672
0.999301
0.223305
0.025508
0.283484
0.970701
0.090222
0.610665
0.915835
0.030175
0.894932
0.041031
0.090222
0.015029
0.823297
0.142818
0.023241
0.037832
0.999743
0.002085
0.999568
0.277836
0.001904
0.004146
0.998007
0.998
0.025769
0.074362
0.021388
0.69897
0.998437
0.874072
0.120354
0.612562
0.099248
0.016728
0.147856
0.047562
0.047562
0.165204
0.090031
0.078355
0.079881
0.958444
0.082332
0.8131
0.245631
0.042745
0.042745
0.023881
0.067183
0.997662
0.898894
0.992517
0.650022
0.063048
0.082709
0.712928
0.109858
0.067183
0.008672
0.047356
0.044951
0.285127
0.020769
0.370718
0.020769
0.588055
0.553088
0.020769
0.0519
0.018281
0.96108
0.995757
0.924516
0.072271
0.07299
0.109816
0.109816
0.025204
0.631798
0.109816
0.020269
0.07299
0.866547
0.377761
0.126952
0.097863
0.962711
0.802603
0.802603
0.270721
0.941298
0.199313
0.160876
0.907536
0.248617
0.056259
0.57154
0.039369
0.039369
0.107045
0.107045
0.936708
0.056477
0.999186
0.056477
0.900962
0.098048
0.106387
0.013034
0.039097
0.999356
0.034999
0.350177
0.003607
0.058521
0.042168
0.479568
0.763551
0.997771
0.020539
0.99159
0.211616
0.047539
0.068572
0.019978
0.02192
0.656599
0.012336
0.772369
0.019978
0.039097
0.016856
0.031038
0.165502
0.066689
0.340779
0.077989
0.077989
0.76511
0.077989
0.025919
0.021516
0.077989
0.51269
0.895004
0.024525
0.015128
0.554887
0.159954
0.054075
0.159954
0.844685
0.320975
0.00685
0.159954
0.159954
0.790696
0.963542
0.186149
0.159954
0.159954
0.159954
0.026112
0.142476
0.159954
0.163101
0.087725
0.117476
0.173932
0.116299
0.271066
0.004583
0.041192
0.075929
0.006523
0.355174
0.711033
0.745187
0.00608
0.024626
0.003662
0.009904
0.000176
0.010113
0.000166
0.082573
0.014541
0.000674
0.001715
0.013458
0.000109
0.297787
0.009335
0.000198
0.124595
0.009904
0.994503
0.02713
0.995444
0.006921
0.05199
0.017955
0.000154
0.01865
0.000101
0.000856
0.004547
0.023882
0.082804
0.000606
0.000521
0.463566
0.00348
0.017757
0.009778
0.010896
0.003809
0.084294
0.009721
0.061909
0.939825
0.005231
0.956973
0.038483
0.089491
0.024993
0.007579
0.000172
0.049975
0.004965
1.000097
0.955859
0.000172
0.000172
0.112969
0.05934
0.002939
0.000172
0.004965
0.056511
0.368291
0.980132
0.31675
0.148052
0.148052
0.148052
0.368229
0.050538
0.066851
0.044805
0.056663
0.569218
0.378336
0.036824
0.07283
0.013861
0.017476
0.005488
0.060405
0.970758
0.031257
0.090286
0.00061
0.079672
0.00176
0.026315
0.005366
0.001505
0.010073
0.010539
0.005842
0.010539
0.005629
0.411281
0.034121
0.003056
0.014234
0.105963
0.185044
0.105963
0.695582
0.67175
0.066662
0.376196
0.622269
0.079398
0.771947
0.085793
0.395287
0.905179
0.905179
0.905179
0.905179
0.905179
0.905179
0.099264
0.325415
0.149408
0.05872
0.041613
0.791915
0.065041
0.31486
0.133142
0.902039
0.164723
0.015422
0.015422
0.007812
0.627808
0.027951
0.997488
0.154224
0.017764
0.11431
0.141422
0.115955
0.399074
0.238749
0.017764
0.11253
0.027846
0.627475
0.062343
0.909766
0.645388
0.066903
0.001381
0.872701
0.001648
0.058497
0.007383
0.010524
0.605713
0.045757
0.058497
0.330251
0.0397
0.94909
0.760564
0.062794
0.030967
0.986026
0.73637
0.431048
0.074086
0.070207
0.037422
0.009382
0.009382
0.046195
0.282051
0.736373
0.136224
0.368805
0.372945
0.034292
0.799527
0.060543
0.060543
0.218898
0.142429
0.515165
0.012689
0.7152
0.400131
0.044738
0.117833
0.062819
0.344205
0.344205
0.062953
0.955083
0.065345
0.024952
0.024952
0.533269
0.714227
0.214854
0.271467
0.024952
0.024952
0.105077
0.043634
0.761119
0.058679
0.562554
0.638309
0.000147
0.000147
0.016561
0.016561
0.195536
0.01777
0.023354
0.091651
0.016438
0.950334
0.022036
0.996081
0.006412
0.793629
0.677859
0.019219
0.023354
0.255899
0.238946
0.116358
0.029872
0.032339
0.996393
0.983764
0.071171
0.174982
0.060822
0.014424
0.025907
0.042277
0.014424
0.02157
0.914638
0.094739
0.034207
0.032472
0.014424
0.415358
0.973755
0.309105
0.116011
0.987378
0.102114
0.062862
0.187774
0.066987
0.116011
0.33918
0.591722
0.116011
0.17242
0.060127
0.04599
0.041558
0.335664
0.006144
0.027332
0.753548
0.096354
0.037502
0.030467
0.187245
0.016672
0.046425
0.554956
0.113154
0.016672
0.076899
0.905179
0.905179
0.504647
0.106051
0.035489
0.973922
0.068424
0.699616
0.026261
0.038329
0.098239
0.058379
0.058379
0.030402
0.026261
0.995208
0.062874
0.17323
0.030641
0.063344
0.113319
0.067497
0.713052
0.027879
0.031705
0.027946
0.070002
0.028578
0.028578
0.031388
0.093333
0.088789
0.079902
0.019795
0.038902
0.0257
0.038902
0.741131
0.812466
0.201334
0.093876
0.201334
0.040724
0.001449
0.035255
0.979025
0.196012
0.316725
0.173636
0.081501
0.007924
0.051691
0.18028
0.081501
0.227627
0.110637
0.050904
0.270264
0.365682
0.064192
0.551047
0.14406
0.114649
0.041844
0.030642
0.08412
0.043319
0.036042
0.117869
0.092321
0.014799
0.850229
0.051157
0.168233
0.099435
0.055421
0.137445
0.972222
0.146864
0.774472
0.13445
0.694574
0.092044
0.13879
0.026319
0.055474
0.03667
0.905179
0.905179
0.046998
0.924342
0.141337
0.141337
0.141337
0.141337
0.000801
0.081158
0.126797
0.054621
0.126797
0.74859
0.130951
0.18709
0.115794
0.130151
0.305186
0.065364
0.432791
0.376396
0.023774
0.793738
0.806461
0.057283
0.139371
0.126603
0.139371
0.151377
0.091849
0.023774
0.101128
0.862114
0.022216
0.068143
0.475594
0.156553
0.188992
0.902153
0.007154
0.068407
0.054285
0.026947
0.473134
0.182204
0.003483
0.108582
0.044904
0.03023
0.083258
0.111738
0.142773
0.066262
0.02787
0.043973
0.12965
0.000264
0.000264
0.120098
0.01198
0.000264
0.000264
0.000264
0.663773
0.070613
0.00464
0.010454
0.097392
0.069054
0.754405
0.132757
0.060434
0.33239
0.069054
0.748749
0.033609
0.111851
0.976996
0.046316
0.046266
0.152814
0.933989
0.736513
0.12232
0.40276
0.106444
0.089819
0.094623
0.977738
0.801512
0.676927
0.0478
0.195364
0.994841
0.441627
0.079717
0.057533
0.978353
0.079717
0.052745
0.100587
0.250131
0.080163
0.022649
0.022649
0.967278
0.024282
0.024282
0.859301
0.022649
0.700604
0.08283
0.015479
0.08283
0.097753
0.057851
0.08283
0.100581
0.931768
0.019427
0.978321
0.069765
0.048203
0.016814
0.38992
0.075572
0.137272
0.069527
0.939805
0.068059
0.069527
0.012005
0.758317
0.794897
0.034672
0.628276
0.031734
0.747834
0.144509
0.236802
0.368691
0.999618
0.105145
0.094188
0.105269
0.719294
1.000098
0.067497
0.260134
0.953327
0.172296
0.16333
0.132526
0.333757
0.35491
0.03262
0.065647
0.127929
0.030791
0.006693
0.056411
0.421441
0.006693
0.006693
0.029711
0.978622
0.098344
0.059881
0.006302
0.582961
0.061143
0.00193
0.125077
0.077649
0.063135
0.988688
0.659273
0.050571
0.978117
0.967515
0.316584
0.06232
0.066208
0.304982
0.662659
0.070134
0.00775
0.002317
0.808923
0.087556
0.040802
0.622488
0.08709
0.049857
0.113085
0.034887
0.034887
0.999311
0.068619
0.082302
0.996747
0.088459
0.342927
0.055222
0.126898
0.014427
0.055222
0.120415
0.143595
0.246759
0.049712
0.089317
0.496277
0.127092
0.04697
0.026379
0.037406
0.022284
0.091267
0.16802
0.194949
0.091267
0.091267
0.847688
0.14525
0.14525
0.327326
0.986898
0.202084
0.140544
0.056237
0.085564
0.043904
0.056237
0.010024
0.010024
0.024325
0.010024
0.010024
0.010024
0.076394
0.72246
0.064197
0.147671
0.042206
0.08584
0.990149
0.084535
0.009967
0.054307
0.054307
0.009967
0.009967
0.101961
0.117696
0.141761
0.009967
0.234119
0.09329
0.034962
0.064011
0.034962
0.469985
0.255178
0.343777
0.242447
0.204293
0.748371
0.244934
0.244934
0.932036
0.073796
0.234953
0.074384
0.20538
0.20538
0.038006
0.322566
0.20538
0.384405
0.122721
0.068001
0.845664
0.128631
0.117801
0.981982
0.30491
0.757866
0.123916
0.009335
0.040909
0.110886
0.024403
0.024403
0.024403
0.163929
0.015122
0.064977
0.066371
0.064977
0.015122
0.176743
0.7936
0.991245
0.7936
0.41377
0.41377
0.993854
0.306022
0.510134
0.100755
0.295285
0.129146
0.608807
0.097168
0.071525
0.905179
0.905179
0.125353
0.689551
0.738777
0.12767
0.045251
0.12767
0.697469
0.504957
0.526421
0.884202
0.544579
0.107699
0.207762
0.107699
0.105621
0.281086
0.281086
0.905179
0.905179
0.810644
0.135646
0.101201
0.050715
0.117928
0.96467
0.59736
0.457424
0.101201
0.646739
0.268264
0.044897
0.06649
0.062742
0.850942
0.999901
0.107347
0.006648
0.082005
0.082005
0.576904
0.041081
0.02484
0.33466
0.186439
0.01494
0.738687
0.115804
0.188505
0.161812
0.115804
0.050526
0.082254
0.156871
0.085325
0.825486
0.825486
0.825486
0.825486
0.825486
0.326592
0.825486
0.378945
0.825486
0.825486
0.825486
0.378945
0.326592
0.825486
0.792551
0.888381
0.825486
0.378945
0.326592
0.825486
0.825486
0.999844
0.378945
0.432568
0.792551
0.825486
0.825486
0.825486
0.822018
0.635293
0.326592
0.378945
0.825486
0.825486
0.069289
0.792551
0.326592
0.378945
0.432568
0.05233
0.914161
0.115643
0.196136
0.115643
0.146708
0.151798
0.189596
0.189596
0.151798
0.033704
0.14718
0.074469
0.237709
0.034733
0.078028
0.055226
0.033829
0.940967
0.816876
0.149913
0.285821
0.076823
0.089034
0.102846
0.029318
0.034494
0.114807
0.039465
0.243075
0.318099
0.170073
0.129056
0.018907
0.034882
0.125727
0.029318
0.125727
0.078999
0.025962
0.034882
0.084791
0.032166
0.468241
0.026548
0.114807
0.375527
0.905179
0.905179
0.165143
0.476926
0.135193
0.157561
0.082779
0.445285
0.077545
0.72636
0.032642
0.802745
0.017729
0.079561
0.021386
0.092609
0.493903
0.090878
0.084414
0.037354
0.225437
0.978857
0.790245
0.120814
0.101116
0.050337
0.050337
0.11186
0.005396
0.359264
0.005396
0.361918
0.001909
0.096485
0.001909
0.022198
0.022198
0.106807
0.001909
0.143973
0.018984
0.001909
0.101955
0.01567
0.070565
0.566589
0.094397
0.116939
0.072057
0.345582
0.925532
0.009788
0.027917
0.04534
0.021841
0.01058
0.021043
0.021043
0.893334
0.06441
0.015405
0.986432
0.015405
0.055657
0.477598
0.081246
0.075192
0.081246
0.054234
0.055657
0.23969
0.100908
0.006217
0.502901
0.000126
0.055239
0.026677
0.988227
0.028597
0.038415
0.05854
0.000512
0.046498
0.046498
0.102916
0.020158
0.152952
0.152952
0.152952
0.152952
0.152952
0.227333
0.020158
0.878713
0.053953
0.040184
0.123208
0.28809
0.040184
0.066981
0.274009
0.89582
0.11988
0.041361
0.068392
0.197523
0.619695
0.12967
0.041361
0.124085
0.038335
0.051786
0.009187
0.48183
0.051786
0.009187
0.009187
0.008102
0.02826
0.007368
0.045818
0.120152
0.011628
0.467641
0.01074
0.001153
0.034806
0.77613
0.031187
0.101259
0.074407
0.081373
0.172938
0.647335
0.077045
0.331988
0.076711
0.081373
0.983626
0.681403
0.681403
0.681403
0.081381
0.034572
0.140519
0.109717
0.727377
0.009221
0.04564
0.009221
0.750121
0.093076
0.066508
0.027272
0.066508
0.659665
0.566338
0.135259
0.135259
0.369387
0.112921
0.054825
0.144603
0.106933
0.011506
0.047262
0.939959
0.037928
0.146576
0.146576
0.011506
0.100101
0.050634
0.069332
0.489511
0.130478
0.371245
0.013424
0.02027
0.012194
0.029052
0.17609
0.133752
0.00097
0.025341
0.047648
0.013162
0.00097
0.000615
0.68885
0.014612
0.016264
0.042102
0.070942
0.279828
0.015843
0.593072
0.208438
0.180936
0.426422
0.180936
0.021667
0.017049
0.359906
0.008255
0.086298
0.060294
0.001901
0.155862
0.002929
0.126005
0.027324
0.070917
0.089221
0.006193
0.981273
0.039626
0.000216
0.726884
0.014378
0.078336
0.056086
0.002837
0.84811
0.054032
0.004996
0.006193
0.111698
0.00558
0.013543
0.004655
0.040908
0.099955
0.01818
0.584714
0.187111
0.006641
0.072915
0.04641
0.048341
0.129305
0.140615
0.149767
0.011904
0.009323
0.084586
0.084586
0.064832
0.353517
0.984421
0.920371
0.053269
0.060597
0.110058
0.528145
0.324502
0.369072
0.324502
0.472632
0.061819
0.51354
0.140553
0.390432
0.140553
0.083927
0.033816
0.036247
0.041284
0.007721
0.33554
0.229887
0.99097
0.229887
0.393355
0.086877
0.02387
0.004271
0.031725
0.25883
0.055168
0.952737
0.021301
0.021301
0.151763
0.044129
0.151763
0.044129
0.988974
0.117011
0.030168
0.021301
0.01107
0.01107
0.861146
0.104396
0.060321
0.060321
0.013208
0.060321
0.060321
0.353806
0.061656
0.058595
0.122634
0.120263
0.648206
0.093905
0.073905
0.073905
0.802603
0.962711
0.802603
0.330732
0.141158
0.118216
0.118216
0.141158
0.633419
0.058474
0.058474
0.163818
0.979082
0.163818
0.270407
0.163818
0.163818
0.600156
0.029511
0.215
0.321511
0.538218
0.514789
0.099489
0.046173
0.046173
0.008488
0.008488
0.735348
0.110402
0.054291
0.062788
0.012395
0.004838
0.004838
0.024229
0.024229
0.043779
0.011004
0.011004
0.130151
0.011004
0.022886
0.643822
0.536434
0.005063
0.242213
0.180237
0.023292
0.052761
0.909648
0.909648
0.909648
0.905179
0.905179
0.123507
0.027759
0.032258
0.111021
0.874679
0.390897
0.109067
0.06753
0.06753
0.32405
0.246484
0.752822
0.047903
0.091618
0.091272
0.14863
0.117218
0.117218
0.989722
0.068766
0.999992
0.134206
0.058465
0.051891
0.016054
0.016054
0.008061
0.690033
0.042564
0.018567
0.018567
0.525262
0.299729
0.904495
0.269323
0.269323
0.07632
0.07638
0.119572
0.119572
0.119572
0.119572
0.037512
0.037512
0.940392
0.478459
0.244773
0.660947
0.124939
0.09696
0.038054
0.244773
0.124939
0.039561
0.270163
0.9967
0.401632
0.401632
0.401632
0.401632
0.401632
0.096381
0.925429
0.725483
0.059093
0.068501
0.133888
0.093808
0.093808
0.093808
0.093808
0.062883
0.470284
0.509382
0.120646
0.120646
0.09461
0.435336
0.052019
0.041821
0.044414
0.943867
0.044414
0.588754
0.086719
0.084702
0.1096
0.068721
0.072325
0.053125
0.001401
0.935879
0.157238
0.001401
0.487151
0.499772
0.001401
0.001401
0.78869
0.073151
0.160652
0.039122
0.357775
0.106431
0.075495
0.824074
0.063899
0.079244
0.407725
0.223831
0.05485
0.365702
0.625323
0.075185
0.086976
0.087069
0.121881
0.075185
0.94305
0.785634
0.038198
0.059953
0.020019
0.118365
0.020019
0.606758
0.101752
0.223661
0.101752
0.078129
0.631206
0.078129
0.706982
0.079759
0.067617
0.100367
0.042504
0.190956
0.100367
0.044174
0.075481
0.071639
0.486854
0.087648
0.087648
0.982259
0.186802
0.171433
0.171433
0.165181
0.120617
0.650332
0.034053
0.034053
0.54839
0.056693
0.353148
0.069858
0.143621
0.516169
0.143621
0.143621
0.011892
0.010643
0.062569
0.03728
0.099957
0.019799
0.055266
0.17895
0.17895
0.287255
0.047351
0.138194
0.07627
0.278913
0.047351
0.072862
0.104175
0.113701
0.113701
0.085304
0.057868
0.067191
0.057868
0.057868
0.049806
0.035664
0.868309
0.157881
0.016925
0.091775
0.01082
0.01082
0.01082
0.01082
0.85343
0.048033
0.173024
0.049284
0.01082
0.042816
0.01082
0.417805
0.417805
0.417805
0.417805
0.417805
0.417805
0.417805
0.417805
0.417805
0.417805
0.417805
0.417805
0.417805
0.417805
0.417805
0.983281
0.417805
0.294262
0.294262
0.294262
0.294262
0.294262
0.294262
0.294262
0.294262
0.294262
0.294262
0.294262
0.294262
0.294262
0.294262
0.294262
0.294262
0.294262
0.050291
0.15752
0.057823
0.062106
0.281976
0.179626
0.48678
0.391828
0.118966
0.118966
0.189319
0.049879
0.566938
0.075838
0.073758
0.11592
0.098206
0.098206
0.11592
0.059144
0.062825
0.097905
0.793458
0.044184
0.03919
0.093991
0.028431
0.019725
0.053238
0.028431
0.178912
0.148188
0.063011
0.03128
0.093
0.067177
0.03128
0.183802
0.093
0.059881
0.118565
0.952191
0.038903
0.121456
0.09144
0.967645
0.702251
0.878915
0.878915
0.126306
0.382939
0.185309
0.061769
0.08675
0.024976
0.055327
0.078316
0.078316
0.195394
0.997474
0.066363
0.059663
0.062708
0.559464
0.079722
0.127461
0.069244
0.13554
0.131686
0.108595
0.819442
0.52809
0.039997
0.062708
0.026933
0.294268
0.146717
0.177965
0.218198
0.995443
0.097055
0.221423
0.044049
0.201489
0.102804
0.095692
0.095692
0.802603
0.962711
0.802603
0.047733
0.624194
0.106599
0.053027
0.262488
0.080659
0.038165
0.168069
0.168069
0.03548
0.054244
0.054244
0.081072
0.067672
0.962711
0.802592
0.802592
0.02485
0.164371
0.098131
0.083263
0.265334
0.581037
0.121707
0.121707
0.991307
0.490205
0.093894
0.106935
0.106935
0.093894
0.025774
0.121212
0.088451
0.02778
0.02778
0.088451
0.905179
0.905179
0.474419
0.072218
0.072218
0.467735
0.061951
0.802603
0.962711
0.802603
0.170257
0.477024
0.170257
0.122701
0.689197
0.023228
0.122701
0.147151
0.128717
0.128717
0.061386
0.083419
0.076259
0.132536
0.046601
0.056723
0.614228
0.081097
0.141031
0.138775
0.05931
0.00364
0.033021
0.053991
0.124615
0.048156
0.033021
0.091471
0.00364
0.031683
0.027271
0.114311
0.905179
0.905179
0.06967
0.02412
0.474074
0.150714
0.11146
0.300951
0.300951
0.905179
0.905179
0.049607
0.975281
0.057798
0.123445
0.057798
0.526532
0.022852
0.984863
0.997896
0.053029
0.679687
0.323513
0.000246
0.125756
0.561702
0.561702
0.962711
0.802603
0.802603
0.079594
0.059606
0.156184
0.038542
0.027455
0.079594
0.067115
0.020019
0.042861
0.048436
0.048436
0.080069
0.083489
0.035516
0.081944
0.658946
0.340568
0.057777
0.057777
0.112656
0.112656
0.063175
0.095572
0.060278
0.905179
0.905179
0.074158
0.093103
0.868345
0.06631
0.297301
0.73218
0.06631
0.755985
0.025865
0.014075
0.003393
0.008236
0.053839
0.008236
0.008236
0.144987
0.144987
0.144987
0.490191
0.098083
0.414655
0.35105
0.475413
0.059941
0.421923
0.051035
0.051035
0.051035
0.013154
0.013154
0.06186
0.06186
0.019481
0.019481
0.2433
0.858137
0.079771
0.043803
0.043803
0.047558
0.043803
0.000128
0.055066
0.002945
0.014978
0.03646
0.01866
0.002945
0.908377
0.031636
0.059661
0.016968
0.115343
0.226672
0.20855
0.02188
0.099108
0.025568
0.030772
0.155277
0.00458
0.003581
0.439018
0.047204
0.029377
0.047204
0.127063
0.0226
0.154834
0.787486
0.050728
0.101118
0.101118
0.299379
0.101118
0.061234
0.061234
0.905179
0.905179
0.434624
0.11399
0.073462
0.075226
0.037613
0.024029
0.495026
0.039361
0.584472
0.065365
0.065365
0.050321
0.021865
0.257151
0.137432
0.525284
0.069528
0.073981
0.024905
0.123359
0.890146
0.007729
0.420879
0.007991
0.059115
0.059115
0.57204
0.079565
0.082085
0.082085
0.080313
0.127101
0.098839
0.04276
0.098839
0.221641
0.176738
0.644115
0.107128
0.532016
0.619319
0.156368
0.1181
0.099613
0.128521
0.975886
0.128521
0.128521
0.096075
0.096075
0.14178
0.020315
0.038945
0.030481
0.013815
0.273339
0.641866
0.104532
0.218528
0.039003
0.457421
0.715384
0.029282
0.029282
0.049447
0.029282
0.029282
0.274709
0.103055
0.072108
0.103055
0.072108
0.114835
0.016921
0.04873
0.045842
0.05381
0.045842
0.030531
0.05381
0.042499
0.099813
0.134743
0.141204
0.099813
0.02746
0.127493
0.105291
0.08509
0.525531
0.202741
0.271242
0.098616
0.09087
0.15546
0.091587
0.135132
0.135132
0.135132
0.085844
0.132593
0.115293
0.046147
0.017864
0.062159
0.020754
0.672767
0.089854
0.171625
0.092483
0.114784
0.042392
0.017652
0.017652
0.017652
0.017652
0.100696
0.031155
0.458653
0.139033
0.106874
0.342047
0.104004
0.879999
0.104004
0.095263
0.064632
0.153596
0.095263
0.187341
0.02493
0.033118
0.529585
0.704973
0.245056
0.855054
0.788683
0.075783
0.18998
0.055215
0.122514
0.036694
0.138932
0.010916
0.558314
0.080376
0.108855
0.808713
0.066395
0.024088
0.06655
0.06655
0.057546
0.057546
0.195508
0.200047
0.048245
0.027035
0.027035
0.027035
0.123727
0.026534
0.019745
0.097623
0.097623
0.137158
0.097623
0.168341
0.399436
0.039264
0.120195
0.095656
0.97765
0.886093
0.886093
0.826334
0.886093
0.826334
0.668208
0.401755
0.401755
0.111586
0.401755
0.018574
0.032029
0.162808
0.092628
0.00955
0.031456
0.082045
0.10366
0.002174
0.01997
0.278142
0.10366
0.02445
0.093966
0.018468
0.018681
0.00045
0.028031
0.880354
0.121561
0.300747
0.053924
0.053924
0.05686
0.131077
0.131077
0.165912
0.103618
0.123642
0.392931
0.105803
0.194186
0.846227
0.080858
0.164683
0.932872
0.13968
0.043162
0.654606
0.064544
0.267705
0.267705
0.267705
0.617497
0.588245
0.359085
0.635429
0.70759
0.039744
0.174864
0.039744
0.049822
0.049822
0.102865
0.173432
0.052721
0.101688
0.40442
0.317635
0.278704
0.043109
0.097746
0.09222
0.201516
0.891293
0.113971
0.06699
0.047074
0.140521
0.792514
0.934003
0.085746
0.13968
0.13968
0.0021
0.092518
0.067437
0.005141
0.067437
0.008792
0.012383
0.012564
0.012564
0.012564
0.000547
0.000527
0.067437
0.067437
0.067437
0.000289
0.005141
0.19
0.008792
0.000289
0.067437
0.130049
0.005141
0.110758
0.063722
0.888474
0.052236
0.128114
0.101728
0.128114
0.35169
0.123438
0.948896
0.063609
0.890765
0.909648
0.909648
0.909648
0.027121
0.028658
0.028658
0.045101
0.944171
0.79401
0.944171
0.79401
0.977425
0.75004
0.977425
0.969965
0.510055
0.817692
0.817692
0.024804
0.014903
0.905179
0.905179
0.112547
0.10473
0.041005
0.10473
0.041005
0.032741
0.031697
0.256496
0.049074
0.213597
0.043757
0.111864
0.049074
0.032309
0.108801
0.069885
0.033681
0.018657
0.197314
0.071054
0.109299
0.028479
0.028479
0.052745
0.052745
0.061706
0.000104
0.00842
0.038193
0.00842
0.00842
0.00842
0.366541
0.555654
0.192201
0.80175
0.232405
0.232405
0.08634
0.077008
0.066441
0.523936
0.814818
0.130962
0.404724
0.905179
0.905179
0.402039
0.138915
0.041073
0.087823
0.522208
0.580467
0.133856
0.112296
0.710608
0.248158
0.248158
0.112296
0.123791
0.123791
0.902712
0.902712
0.902712
0.984627
0.902712
0.496862
0.496862
0.097292
0.053239
0.371096
0.371096
0.090196
0.371096
0.620454
0.371096
0.371096
0.371096
0.371096
0.371096
0.060162
0.371096
0.060162
0.371096
0.371096
0.371096
0.371096
0.909648
0.909648
0.909648
0.109882
0.109882
0.052996
0.092414
0.627057
0.03958
0.360817
0.143903
0.099656
0.116238
0.070565
0.905179
0.905179
0.214042
0.214042
0.159924
0.214042
0.214042
0.085097
0.028259
0.21462
0.18258
0.028259
0.085097
0.06156
0.342609
0.080831
0.043814
0.084918
0.84895
0.84895
0.976147
0.84895
0.84895
0.078176
0.078176
0.993866
0.421205
0.797889
0.797889
0.859141
0.421205
0.905179
0.905179
0.092615
0.905179
0.905179
0.967645
0.878919
0.702266
0.878919
0.022468
0.022468
0.031085
0.022468
0.133726
0.173179
0.213525
0.071575
0.042797
0.025446
0.071575
0.042797
0.311996
0.023459
0.300906
0.119821
0.376537
0.376537
0.376537
0.085766
0.036319
0.907261
0.430319
0.537891
0.193464
0.53789
0.376984
0.112261
0.450179
0.905179
0.905179
0.909648
0.909648
0.909648
0.041097
0.930732
0.041097
0.041097
0.895427
0.093086
0.225254
0.225254
0.087077
0.658107
0.225254
0.106382
0.811919
0.916182
0.958004
0.751142
0.255426
0.806795
0.122481
0.082544
0.081628
0.017797
0.087414
0.07276
0.017797
0.145144
0.07276
0.087414
0.052881
0.011763
0.096435
0.946154
0.019898
0.013126
0.038627
0.005904
0.038627
0.516253
0.010151
0.080097
0.010151
0.024513
0.038895
0.069514
0.043957
0.049479
0.123478
0.956553
0.634943
0.312762
0.312762
0.102233
0.182225
0.802603
0.962711
0.802603
0.905179
0.905179
0.443343
0.997386
0.962959
0.914661
0.194509
0.87264
0.70149
0.87264
0.194509
0.950326
0.87264
0.87264
0.905179
0.905179
0.905179
0.905179
0.003735
0.032994
0.080771
0.003735
0.261121
0.778865
0.032994
0.003735
0.02592
0.080771
0.100154
0.091712
0.074745
0.127752
0.28943
0.065662
0.110979
0.110979
0.135161
0.848959
0.848959
0.976147
0.848959
0.848959
0.905179
0.905179
0.12517
0.12517
0.105284
0.143456
0.035337
0.319374
0.179501
0.179501
0.103556
0.020521
0.060695
0.356733
0.179501
0.103556
0.042462
0.042462
0.049574
0.095154
0.366834
0.040598
0.049574
0.056214
0.025479
0.241246
0.009642
0.009642
0.036261
0.009642
0.068119
0.009642
0.297439
0.154448
0.260397
0.120981
0.103876
0.120981
0.207937
0.103876
0.023522
0.04331
0.023522
0.350462
0.065735
0.073884
0.007282
0.007282
0.054517
0.051143
0.055593
0.017905
0.030188
0.0532
0.148794
0.062015
0.074079
0.02145
0.008442
0.11683
0.006252
0.006252
0.006252
0.035703
0.006252
0.006252
0.006252
0.515988
0.051829
0.050429
0.101434
0.034419
0.002579
0.038322
0.028788
0.002579
0.012657
0.038322
0.090254
0.507156
0.330706
0.047879
0.699656
0.130646
0.130646
0.047879
0.000556
0.028572
0.021768
0.108879
0.108879
0.093542
0.028887
0.037329
0.956959
0.198331
0.010753
0.016136
0.812778
0.020684
0.000862
0.126426
0.126426
0.003713
0.08234
0.905179
0.905179
0.101232
0.798005
0.026157
0.913926
0.913926
0.913926
0.913926
0.044919
0.068881
0.375426
0.375426
0.212088
0.294293
0.058852
0.012849
0.905179
0.905179
0.183463
0.184567
0.184567
0.108488
0.184567
0.184567
0.108488
0.14139
0.14139
0.020428
0.14139
0.14139
0.06979
0.237062
0.66096
0.195711
0.195711
0.062135
0.06795
0.859553
0.670659
0.547038
0.432004
0.432004
0.159391
0.312203
0.07713
0.29514
0.047523
0.047723
0.113344
0.113344
0.311185
0.165558
0.165558
0.909648
0.909648
0.909648
0.281979
0.281979
0.090673
0.281979
0.281979
0.090673
0.281979
0.281979
0.183336
0.128787
0.053667
0.082325
0.134632
0.689213
0.140798
0.301274
0.545495
0.09647
0.081922
0.075523
0.241278
0.163444
0.086656
0.625943
0.101882
0.072053
0.027799
0.433538
0.027799
0.203809
0.203809
0.383402
0.383402
0.191928
0.982317
0.059136
0.022105
0.104929
0.104929
0.09432
0.001011
0.1087
0.153013
0.043881
0.118171
0.485759
0.010219
0.118171
0.001011
0.118171
0.02079
0.048174
0.011304
0.440437
0.118171
0.905179
0.905179
0.905179
0.905179
0.019266
0.019266
0.296396
0.100849
0.526017
0.802592
0.962711
0.802592
0.084255
0.060063
0.036199
0.084255
0.043489
0.081685
0.065912
0.047656
0.054684
0.064953
0.006479
0.316034
0.000267
0.026184
0.129137
0.029742
0.129137
0.84265
0.047669
0.163626
0.030335
0.134639
0.091387
0.062589
0.025477
0.774934
0.017938
0.189832
0.045605
0.020569
0.963441
0.02723
0.060115
0.086017
0.086017
0.63001
0.02723
0.100832
0.100832
0.049812
0.1152
0.1152
0.049812
0.040569
0.006829
0.027524
0.222256
0.195289
0.195289
0.330381
0.074711
0.211594
0.351599
0.011012
0.055528
0.050616
0.017609
0.050616
0.011012
0.177841
0.177841
0.091908
0.091908
0.218091
0.05618
0.558633
0.063534
0.95262
0.069558
0.14467
0.300982
0.666191
0.103474
0.041198
0.134585
0.079841
0.03614
0.886354
0.987528
0.805054
0.886354
0.52094
0.886357
0.107327
0.083185
0.150424
0.125564
0.120533
0.905179
0.905179
0.089716
0.628013
0.238319
0.339219
0.339219
0.640518
0.339219
0.238319
0.238319
0.034758
0.546168
0.475076
0.805484
0.418699
0.418699
0.580388
0.270597
0.933806
0.894203
0.816899
0.223992
0.012128
0.998183
0.823413
0.203884
0.681015
0.681015
0.203884
0.823413
0.203884
0.823413
0.046448
0.022277
0.088449
0.088449
0.032372
0.063634
0.065626
0.204764
0.163784
0.02255
0.072089
0.02255
0.184499
0.02255
0.123456
0.102082
0.109353
0.154454
0.154454
0.430707
0.430707
0.151536
0.841622
0.841622
0.987424
0.5618
0.5618
0.009109
0.033769
0.001538
0.02115
0.023576
0.02115
0.074432
0.074432
0.131419
0.131419
0.131419
0.826116
0.943852
0.085854
0.086459
0.127015
0.081876
0.081876
0.000127
0.049843
0.109033
0.019036
0.035929
0.055072
0.013824
0.055254
0.073836
0.013824
0.055254
0.27399
0.13186
0.13186
0.013824
0.13186
0.13186
0.119426
0.119426
0.283616
0.048613
0.092589
0.092589
0.012906
0.406935
0.406935
0.406935
0.406935
0.019912
0.074128
0.074128
0.518625
0.019912
0.101799
0.101799
0.06282
0.091851
0.052438
0.067289
0.052438
0.037653
0.023862
0.080359
0.07716
0.048675
0.110959
0.909648
0.909648
0.909648
0.071005
0.084585
0.126497
0.187137
0.060335
0.605397
0.286352
0.286352
0.147397
0.147397
0.429509
0.0999
0.909648
0.909648
0.909648
0.073511
0.645004
0.150438
0.093458
0.108309
0.905179
0.905179
0.132667
0.868865
0.016233
0.016233
0.059563
0.105437
0.040124
0.066278
0.066278
0.122383
0.805054
0.270675
0.275759
0.11919
0.303809
0.106697
0.024623
0.166058
0.166058
0.096193
0.06581
0.105856
0.105856
0.067166
0.219577
0.025041
0.025041
0.136801
0.03474
0.03474
0.03474
0.056714
0.091578
0.044197
0.056714
0.056714
0.5452
0.077403
0.091102
0.091102
0.078303
0.273971
0.155268
0.061148
0.058434
0.070773
0.136958
0.136958
0.046443
0.136958
0.046443
0.059066
0.136958
0.07003
0.07003
0.207253
0.085748
0.085748
0.069072
0.006493
0.085748
0.085748
0.085748
0.069072
0.085748
0.983626
0.681373
0.681373
0.681373
0.127277
0.91802
0.91802
0.91802
0.91802
0.91802
0.237757
0.429075
0.15718
0.214139
0.108962
0.094191
0.047954
0.094191
0.094191
0.03965
0.127089
0.127089
0.153953
0.153953
0.062426
0.125449
0.237383
0.061197
0.12865
0.059144
0.059144
0.060648
0.060648
0.036751
0.036751
0.593641
0.045948
0.071615
0.057998
0.406125
0.133402
0.1889
0.130061
0.133402
0.11798
0.147455
0.244722
0.244722
0.216933
0.057522
0.057522
0.878919
0.878919
0.967645
0.702266
0.764672
0.562602
0.506555
0.052625
0.081463
0.097432
0.097432
0.146652
0.146652
0.140962
0.08421
0.08421
0.122888
0.21836
0.702266
0.967645
0.878919
0.878919
0.097056
0.074463
0.074463
0.055806
0.145811
0.145811
0.055806
0.105933
0.105933
0.199529
0.199529
0.199529
0.036321
0.080444
0.11497
0.029741
0.075522
0.052344
0.080444
0.075344
0.03516
0.692182
0.50588
0.101932
0.092749
0.063278
0.01385
0.011823
0.000123
0.011681
0.011823
0.000123
0.000123
0.718369
0.091306
0.105526
0.11637
0.229552
0.11637
0.047088
0.072059
0.002762
0.110311
0.006843
0.075227
0.042125
0.001588
0.03648
0.02254
0.009684
0.042125
0.785999
0.006843
0.088113
0.041651
0.02373
0.81754
0.959705
0.902438
0.96723
0.776745
0.057914
0.103971
0.086865
0.277994
0.103971
0.066945
0.025467
0.146125
0.909648
0.909648
0.909648
0.909648
0.909648
0.909648
0.146057
0.878919
0.878919
0.967645
0.702266
0.655313
0.090359
0.123031
0.718854
0.123031
0.522846
0.161447
0.315437
0.041988
0.876047
0.480402
0.054578
0.171631
0.037102
0.171631
0.171631
0.056558
0.136537
0.475671
0.158659
0.206408
0.502689
0.317999
0.17969
0.17969
0.17969
0.17969
0.070644
0.176134
0.694938
0.176134
0.176134
0.176134
0.176134
0.176134
0.176134
0.176134
0.176134
0.176134
0.176134
0.176134
0.085498
0.014176
0.014176
0.802592
0.962711
0.802592
0.091766
0.091766
0.091766
0.038078
0.137877
0.137877
0.122278
0.072555
0.072555
0.025776
0.05824
0.05824
0.002265
0.072555
0.078907
0.049898
0.025776
0.049898
0.05824
0.078907
0.121357
0.106804
0.674933
0.083696
0.106021
0.085916
0.366887
0.366887
0.893103
0.366887
0.029829
0.366887
0.366887
0.366887
0.530838
0.366887
0.366887
0.366887
0.530838
0.112426
0.066299
0.69868
0.076235
0.178175
0.076235
0.09696
0.181714
0.181714
0.181714
0.043192
0.913935
0.043192
0.12495
0.12495
0.12495
0.12495
0.090964
0.075484
0.021344
0.176066
0.176066
0.544197
0.842178
0.336956
0.076281
0.932604
0.065768
0.056956
0.103463
0.502199
0.234177
0.188179
0.188179
0.070732
0.070732
0.02194
0.02194
0.221284
0.02194
0.905179
0.905179
0.321295
0.176179
0.321295
0.321295
0.176179
0.158111
0.321295
0.158111
0.176179
0.176179
0.151603
0.158111
0.158111
0.503238
0.06964
0.06964
0.075961
0.075961
0.905179
0.905179
0.574582
0.167788
0.167788
0.060595
0.167788
0.192317
0.134472
0.069305
0.069305
0.160314
0.160314
0.160314
0.300792
0.300792
0.300792
0.973918
0.809965
0.939427
0.885097
0.558449
0.885097
0.939427
0.987424
0.841613
0.561766
0.561766
0.841613
0.617754
0.977241
0.931083
0.809381
0.809381
0.115519
0.909648
0.909648
0.909648
0.333433
0.333433
0.333433
0.069794
0.055084
0.457912
0.000108
0.000108
0.000108
0.07633
0.000289
0.000286
0.005884
0.005884
0.027869
0.006703
0.096555
0.022343
0.101148
0.064624
0.082447
0.037285
0.100525
0.100525
0.123338
0.09562
0.090692
0.933467
0.385708
0.794998
0.548398
0.548398
0.548398
0.31198
0.548398
0.548398
0.548398
0.420989
0.548398
0.548398
0.548398
0.548398
0.065201
0.548398
0.420989
0.659827
0.548398
0.548398
0.05958
0.420989
0.420989
0.31198
0.548398
0.125143
0.125143
0.064291
0.148381
0.148381
0.060131
0.060131
0.962711
0.802603
0.802603
0.144143
0.1535
0.101208
0.483585
0.039108
0.061963
0.090507
0.090507
0.102461
0.790472
0.909648
0.909648
0.909648
0.831754
0.068139
0.360891
0.031333
0.395986
0.06535
0.395986
0.395986
0.012307
0.190236
0.076012
0.033395
0.076012
0.134077
0.095301
0.076012
0.702431
0.702431
0.702431
0.702431
0.702431
0.702431
0.702431
0.702431
0.702431
0.702431
0.702431
0.702431
0.702431
0.702431
0.702431
0.702431
0.702431
0.702431
0.702431
0.702431
0.702431
0.702431
0.702431
0.188956
0.188956
0.188956
0.092052
0.140433
0.140433
0.140433
0.065194
0.905179
0.905179
0.00183
0.00183
0.905179
0.905179
0.987424
0.5618
0.841622
0.5618
0.841622
0.002419
0.836676
0.92991
0.836676
0.991616
0.67833
0.72077
0.89098
0.72077
0.962711
0.802603
0.802603
0.26907
0.26907
0.26907
0.039656
0.087002
0.039656
0.234229
0.234229
0.066606
0.25145
0.123123
0.123123
0.123123
0.000108
0.020558
0.020558
0.020558
0.020558
0.05143
0.05143
0.007647
0.950024
0.915398
0.915398
0.915398
0.950024
0.760454
0.950024
0.915398
0.967646
0.878911
0.878911
0.702237
0.905179
0.905179
0.090151
0.143781
0.12242
0.910893
0.075038
0.086851
0.076134
0.387704
0.338431
0.076134
0.075038
0.152865
0.152865
0.091983
0.152865
0.909648
0.909648
0.909648
0.802603
0.962711
0.802603
0.078897
0.00093
0.024722
0.017862
0.156945
0.142373
0.905179
0.905179
0.108278
0.085488
0.085488
0.08178
0.129161
0.085902
0.431096
0.071982
0.065427
0.065995
0.042889
0.1818
0.045322
0.268726
0.268726
0.268726
0.268726
0.909648
0.909648
0.909648
0.096762
0.050451
0.095849
0.243977
0.243977
0.563528
0.139252
0.05575
0.05575
0.909648
0.909648
0.909648
0.115298
0.115298
0.074367
0.043425
0.090882
0.983626
0.681343
0.681343
0.681343
0.851831
0.087639
0.326377
0.242931
0.748788
0.326377
0.5618
0.987424
0.841622
0.841622
0.5618
0.848959
0.848959
0.976147
0.848959
0.848959
0.066441
0.046319
0.096034
0.073585
0.073585
0.065497
0.042111
0.065497
0.14756
0.14756
0.905179
0.905179
0.909648
0.909648
0.909648
0.11665
0.102548
0.11665
0.25812
0.25812
0.25812
0.747636
0.25812
0.76167
0.2127
0.76167
0.2127
0.2127
0.082437
0.075929
0.025264
0.019368
0.086339
0.905179
0.905179
0.905179
0.905179
0.777025
0.777025
0.777025
0.777025
0.777025
0.777025
0.777025
0.90065
0.777025
0.777025
0.777025
0.777025
0.777025
0.777025
0.777025
0.777025
0.777025
0.777025
0.777025
0.93007
0.777025
0.777025
0.777025
0.777025
0.777025
0.777025
0.777025
0.777025
0.777025
0.777025
0.777025
0.777025
0.777025
0.777025
0.909648
0.909648
0.909648
0.370666
0.370666
0.370666
0.909648
0.909648
0.909648
0.962711
0.802603
0.802603
0.072933
0.052751
0.071204
0.133761
0.694492
0.106046
0.312241
0.106208
0.905179
0.905179
0.655105
0.965644
0.900937
0.900937
0.900937
0.213194
0.962711
0.802603
0.802603
0.49446
0.14547
0.126138
0.659633
0.437817
0.157569
0.905179
0.905179
0.582479
0.025045
0.037703
0.018987
0.018987
0.026135
0.084931
0.084931
0.084931
0.084931
0.089568
0.288049
0.288049
0.184045
0.829227
0.905179
0.905179
0.101919
0.905179
0.905179
0.217778
0.029048
0.029048
0.909648
0.909648
0.909648
0.905179
0.905179
0.761694
0.918356
0.990899
0.761694
0.475578
0.475578
0.162444
0.022365
0.022365
0.802603
0.962711
0.802603
0.066423
0.08228
0.488631
0.225253
0.225253
0.225253
0.909648
0.909648
0.909648
0.064181
0.679009
0.312424
0.312424
0.111363
0.312424
0.952568
0.154878
0.357707
0.145963
0.463583
0.116728
0.145963
0.145963
0.169903
0.498976
0.122563
0.154878
0.247572
0.247572
0.050583
0.091867
0.093895
0.094942
0.106617
0.156759
0.156759
0.905179
0.905179
0.018177
0.070637
0.070637
0.905179
0.905179
0.083583
0.109781
0.109781
0.045244
0.079508
0.909648
0.909648
0.909648
0.36011
0.094172
0.207312
0.067148
0.207312
0.207312
0.089658
0.081295
0.918315
0.807718
0.9367
0.974248
0.613619
0.727077
0.046389
0.075475
0.075475
0.61665
0.126829
0.258556
0.452954
0.651636
0.905179
0.905179
0.163625
0.132887
0.163625
0.209671
0.209671
0.029585
0.081365
0.029585
0.284651
0.284651
0.284651
0.905179
0.905179
0.962711
0.802603
0.802603
0.136297
0.136297
0.136297
0.905179
0.905179
0.188845
0.396878
0.039993
0.959321
0.854232
0.971571
0.749707
0.854232
0.962711
0.802603
0.802603
0.100701
0.17632
0.596414
0.029602
0.744665
0.098789
0.029602
0.085852
0.230539
0.962711
0.802603
0.802603
0.05807
0.178834
0.068503
0.64349
0.048204
0.905179
0.905179
0.905179
0.905179
0.702266
0.967645
0.878919
0.878919
0.16203
0.16203
0.16203
0.769278
0.145613
0.145613
0.31229
0.093351
0.106624
0.106624
0.447846
0.192176
0.132886
0.132886
0.198166
0.905179
0.905179
0.279321
0.130277
0.131942
0.909648
0.909648
0.909648
0.905179
0.905179
0.905179
0.905179
0.071169
0.071169
0.041749
0.878787
0.878787
0.148786
0.435272
0.148786
0.086773
0.035993
0.049589
0.905179
0.905179
0.067049
0.065083
0.065083
0.20531
0.909648
0.909648
0.909648
0.905179
0.905179
0.595804
0.980123
0.595804
0.96901
0.758629
0.909648
0.909648
0.909648
0.346582
0.138662
0.09296
0.078539
0.132846
0.08266
0.286965
0.286965
0.415923
0.905179
0.905179
0.905179
0.905179
0.105171
0.105171
0.041097
0.041097
0.905179
0.905179
0.513899
0.26926
0.26926
0.072931
0.905179
0.905179
0.909648
0.909648
0.909648
0.331575
0.331575
0.331575
0.331575
0.331575
0.331575
0.035716
0.764251
0.243498
0.243498
0.134508
0.243498
0.243498
0.134508
0.403215
0.114278
0.098746
0.064027
0.802592
0.962711
0.802592
0.511496
0.173141
0.119702
0.119702
0.141442
0.108249
0.2052
0.2052
0.094498
0.479716
0.130444
0.145655
0.130444
0.145655
0.905179
0.905179
0.122747
0.905179
0.905179
0.73893
0.059402
0.263355
0.165755
0.165755
0.077168
0.077168
0.086391
0.050273
0.573801
0.143439
0.143439
0.905179
0.905179
0.909648
0.909648
0.909648
0.905179
0.905179
0.403643
0.403643
0.142938
0.255386
0.245469
0.029221
0.025211
0.025211
0.025211
0.029221
0.10895
0.003844
0.003844
0.080826
0.080826
0.080826
0.05848
0.495558
0.100846
0.082665
0.210361
0.072088
0.738559
0.905179
0.905179
0.034526
0.034526
0.034526
0.269094
0.269094
0.73944
0.077382
0.03517
0.03517
0.03517
0.066004
0.123116
0.905179
0.905179
0.09101
0.064043
0.067934
0.064043
0.113433
0.962711
0.802603
0.802603
0.905179
0.905179
0.621763
0.905179
0.905179
0.078548
0.057502
0.07625
0.905179
0.905179
0.909648
0.909648
0.909648
0.909648
0.909648
0.909648
0.802603
0.962711
0.802603
0.878915
0.878915
0.967645
0.702251
0.226835
0.905179
0.905179
0.08585
0.905179
0.905179
0.113143
0.20945
0.20945
0.113143
0.20945
0.2009
0.2009
0.110959
0.681373
0.983626
0.681373
0.681373
0.905179
0.905179
0.976055
0.69245
0.69245
0.076388
0.057577
0.802603
0.962711
0.802603
0.909648
0.909648
0.909648
0.074995
0.208969
0.786031
0.063528
0.25338
0.25338
0.909648
0.909648
0.909648
0.505627
0.505627
0.505627
0.505627
0.505627
0.505627
0.505627
0.505627
0.505627
0.505627
0.505627
0.505627
0.505627
0.505627
0.505627
0.905179
0.905179
0.027823
0.11338
0.048997
0.11338
0.913926
0.913926
0.913926
0.913926
0.510055
0.983626
0.681403
0.681403
0.681403
0.913926
0.913926
0.913926
0.913926
0.132308
0.909648
0.909648
0.909648
0.059414
0.905179
0.905179
0.086183
0.055365
0.967645
0.878915
0.878915
0.702251
0.909648
0.909648
0.909648
0.905179
0.905179
0.068311
0.086785
0.086785
0.905179
0.905179
0.905179
0.905179
0.029922
0.052656
0.063579
0.250091
0.250091
0.250091
0.105608
0.977765
0.912516
0.912516
0.794798
0.912516
0.912516
0.912516
0.794798
0.873466
0.873466
0.977814
0.873466
0.126178
0.126178
0.320563
0.320563
0.320563
0.320563
0.320563
0.905179
0.905179
0.089029
0.905179
0.905179
0.088606
0.090166
0.983626
0.681403
0.681403
0.681403
0.167161
0.989961
0.395067
0.950183
0.844768
0.950183
0.844768
0.395067
0.844768
0.844768
0.905179
0.905179
0.802592
0.962711
0.802592
0.111833
0.962711
0.802603
0.802603
0.802603
0.962711
0.802603
0.905179
0.905179
0.086871
0.079269
0.036894
0.254069
0.497455
0.878915
0.967645
0.878915
0.702251
0.052643
0.909648
0.909648
0.909648
0.905179
0.905179
0.089576
0.058039
0.058039
0.142773
0.060093
0.962711
0.802603
0.802603
0.909648
0.909648
0.909648
0.905179
0.905179
0.675111
0.239667
0.239667
0.905179
0.905179
0.805
0.929202
0.929202
0.839788
0.800552
0.905179
0.905179
0.905179
0.905179
0.182062
0.182062
0.056848
0.905179
0.905179
0.905179
0.905179
0.905179
0.905179
0.085603
0.1592
0.909648
0.909648
0.909648
0.083384
0.802603
0.962711
0.802603
0.968379
0.83395
0.7132
0.973571
0.757536
0.930421
0.580941
0.948083
0.855572
0.855572
0.682833
0.905179
0.905179
0.439283
0.990699
0.868545
0.785961
0.868545
0.785961
0.868545
0.293215
0.133933
0.905179
0.905179
0.905179
0.905179
0.17509
0.17509
0.17509
0.08839
0.08839
0.102568
0.102568
0.14091
0.14091
0.103313
0.905179
0.905179
0.905179
0.905179
0.962711
0.802603
0.802603
0.886168
0.886168
0.886168
0.127576
0.127576
0.902573
0.944412
0.965363
0.902573
0.847815
0.847815
0.088163
0.962711
0.802603
0.802603
0.962711
0.802603
0.802603
0.146455
0.262358
0.262358
0.905179
0.905179
0.233102
0.233102
0.066642
0.905179
0.905179
0.91802
0.91802
0.91802
0.91802
0.91802
0.096534
0.909648
0.909648
0.909648
0.913926
0.913926
0.913926
0.913926
0.905179
0.905179
0.142518
0.09026
0.093901
0.909648
0.909648
0.909648
0.962711
0.802592
0.802592
0.967645
0.702266
0.878919
0.878919
0.057685
0.905179
0.905179
0.032494
0.058353
0.097791
0.909648
0.909648
0.909648
0.113091
0.113354
0.900939
0.900939
0.965644
0.900939
0.655121
0.378344
0.905179
0.905179
0.909648
0.909648
0.909648
0.905179
0.905179
0.298582
0.91802
0.91802
0.91802
0.91802
0.91802
0.962711
0.802603
0.802603
0.18614
0.519666
0.519666
0.18614
0.18614
0.519666
0.519666
0.18614
0.18614
0.519666
0.202704
0.202704
0.202704
0.202704
0.202704
0.91802
0.91802
0.91802
0.91802
0.91802
0.702223
0.967646
0.878908
0.878908
0.109838
0.109838
0.905179
0.905179
0.346458
0.346458
0.739404
0.905179
0.905179
0.905179
0.905179
0.905179
0.905179
0.911257
0.911257
0.964268
0.911257
0.911257
0.621857
0.164456
0.204126
0.204126
0.909648
0.909648
0.909648
0.900939
0.965644
0.900939
0.900939
0.655121
0.913926
0.913926
0.913926
0.913926
0.057137
0.240432
0.240432
0.85229
0.85229
0.909648
0.909648
0.909648
0.081229
0.909648
0.909648
0.909648
0.1507
0.1507
0.068649
0.077213
0.797238
0.994903
0.797238
0.414966
0.414966
0.414966
0.905179
0.905179
0.905179
0.905179
0.174199
0.174199
0.91802
0.91802
0.91802
0.91802
0.91802
0.905179
0.905179
0.905179
0.905179
0.964268
0.911255
0.911255
0.911255
0.911255
0.621841
0.108816
0.905179
0.905179
0.909648
0.909648
0.909648
0.905179
0.905179
0.962711
0.802603
0.802603
0.905179
0.905179
0.702251
0.967645
0.878915
0.878915
0.905179
0.905179
0.091997
0.091997
0.711818
0.438575
0.438575
0.905179
0.905179
0.101052
0.096668
0.151817
0.151817
0.151817
0.905179
0.905179
0.905179
0.905179
0.09741
0.905179
0.905179
0.905179
0.905179
0.905179
0.905179
0.905179
0.905179
0.066439
0.198532
0.270793
0.270793
0.941461
0.848954
0.848954
0.941461
0.909648
0.909648
0.909648
0.905179
0.905179
0.967645
0.878919
0.878919
0.702266
0.905179
0.905179
0.075624
0.359133
0.359133
0.359133
0.359133
0.359133
0.240294
0.359133
0.359133
0.905179
0.905179
0.905179
0.905179
0.909648
0.909648
0.909648
0.264829
0.264829
0.909648
0.909648
0.909648
0.905179
0.905179
0.905179
0.905179
0.909648
0.909648
0.909648
0.905179
0.905179
0.905179
0.905179
0.909648
0.909648
0.909648
0.101748
0.136976
0.248113
0.136976
0.905179
0.905179
0.909648
0.909648
0.909648
0.913926
0.913926
0.913926
0.913926
0.905179
0.905179
0.905179
0.905179
0.826334
0.97765
0.826334
0.886093
0.886093
0.886093
0.909648
0.909648
0.909648
0.905179
0.905179
0.905179
0.905179
0.183908
0.183908
0.102899
0.909648
0.909648
0.909648
0.153628
0.085842
0.905179
0.905179
0.905179
0.905179
0.097115
0.418398
0.187666
0.905179
0.905179
0.905179
0.905179
0.079292
0.20395
0.20395
0.905179
0.905179
0.909648
0.909648
0.909648
0.072003
0.913926
0.913926
0.913926
0.913926
0.905179
0.905179
0.905179
0.905179
0.905179
0.905179
0.905179
0.905179
0.156125
0.156125
0.156125
0.909648
0.909648
0.909648
0.905179
0.905179
0.080822
0.080822
0.905179
0.905179
0.905179
0.905179
0.905179
0.905179
0.905179
0.905179
0.852261
0.921937
0.921937
0.921937
0.921937
0.921937
0.921937
0.905179
0.905179
0.095889
0.905179
0.905179
0.905179
0.905179
0.905179
0.905179
0.905179
0.905179
0.194393
0.909648
0.909648
0.909648
0.905179
0.905179
0.091035
0.909648
0.909648
0.909648
0.905179
0.905179
0.925681
0.925681
0.925681
0.925681
0.925681
0.925681
0.925681
0.089459
0.905179
0.905179
0.909648
0.909648
0.909648
0.909648
0.909648
0.909648
0.962711
0.802592
0.802592
0.909648
0.909648
0.909648
0.909648
0.909648
0.909648
0.905179
0.905179
0.114759
0.909648
0.909648
0.909648
0.905179
0.905179
0.909648
0.909648
0.909648
0.905179
0.905179
0.905179
0.905179
0.905179
0.905179
0.909648
0.909648
0.909648
0.909648
0.909648
0.909648
0.905179
0.905179
0.093052
0.905179
0.905179
0.093043
0.905179
0.905179
0.909648
0.909648
0.909648
0.905179
0.905179
0.091278
0.905179
0.905179
0.905179
0.905179
0.905179
0.905179
0.983626
0.681403
0.681403
0.681403
0.905179
0.905179
0.905179
0.905179
0.905179
0.905179
0.905179
0.905179
0.921937
0.921937
0.921937
0.921937
0.921937
0.921937
0.905179
0.905179
0.905179
0.905179
0.905179
0.905179
0.905179
0.905179
0.905179
0.905179
0.905179
0.905179
0.909648
0.909648
0.909648
