graph_football,33,0.000000,115
graph_jazz,31,0.000000,198
graph_karate,10,0.000000,62
gemsec_facebook_artist,801,0.329000,50515
ego-facebook,564,0.047000,4039
graph_actors_dat,1017,0.109000,10042
graph_CA-AstroPh,1638,0.296000,18772
graph_CA-CondMat,2948,0.485000,23133
graph_CA-GrQc,1026,0.063000,5242
graph_CA-HepPh,1529,0.156000,12008
graph_CA-HepTh,1389,0.110000,9877
graph_dolphins,3,0.000000,34
graph_Email-Enron,2903,0.890000,36692
graph_ncstrlwg2,1122,0.047000,6396
soc-gplus,69,0.046000,23628
socfb-Brandeis99,395,0.031000,3898
socfb-Mich67,202,0.015000,3748
socfb-nips-ego,10,0.000000,2888
Amazon0302,35792,27.013000,262111
Amazon0312,30557,26.890000,400727
Amazon0505,31361,29.263000,410236
Amazon0601,31563,33.530000,403394
com-dblp.ungraph,37184,45.859000,317080
loc-gowalla_edges,5717,4.296000,196591
deezer_HR,2344,0.266000,54573
musae_git,234,0.125000,37700
