0.002293
0.002142
0.002342
0.002401
0.002119
0.002149
0.002245
0.002069
0.00207
0.002193
0.003704
0.004313
0.004675
0.004455
0.004474
0.004351
0.004291
0.003913
0.00416
0.003067
0.003247
0.004259
0.004132
0.004907
0.003357
0.003877
0.005885
0.005488
0.006519
0.006552
0.004402
0.004221
0.004156
0.006574
0.006476
0.005019
0.004386
0.00467
0.004038
0.003829
0.003614
0.003479
0.003096
0.002196
0.004341
0.004077
0.003019
0.004696
0.004214
0.00567
0.004458
0.0031
0.004895
0.004442
0.005413
0.005324
0.005507
0.005488
0.005443
0.005456
0.005429
0.005305
0.005085
0.00345
0.004581
0.005254
0.003101
0.003237
0.00565
0.005913
0.004621
0.004636
0.006085
0.005527
0.005239
0.006315
0.005185
0.004796
0.006986
0.006519
0.004942
0.006509
0.007448
0.00681
0.006307
0.006221
0.003203
0.006589
0.006282
0.007754
0.006474
0.008833
0.007369
0.009288
0.007952
0.010088
0.00783
0.008595
0.006929
0.008569
0.006775
0.008375
0.007893
0.008526
0.007182
0.007075
0.006874
0.006612
0.008379
0.0058
0.008869
0.008607
0.0084
0.008342
0.009301
0.005864
0.009685
0.004884
0.007068
0.005109
0.007705
0.009157
0.007865
0.004298
0.005126
0.004799
0.005972
0.00486
0.004598
0.008771
0.009221
0.008954
0.009178
0.008607
0.007082
0.007522
0.006801
0.008566
0.008416
0.00742
0.005233
0.006223
0.004363
0.003976
0.003894
0.003962
0.006235
0.004533
0.004375
0.004251
0.004178
0.004321
0.004275
0.004205
0.004261
0.004274
0.004176
0.00419
0.004165
0.004014
0.003894
0.003794
0.003771
0.003803
0.003784
0.003758
0.00367
0.003566
0.003508
0.003501
0.003467
0.003466
0.003428
0.009618
0.009828
0.010484
0.01076
0.009225
0.012023
0.009514
0.010517
0.01516
0.016726
0.014776
0.016016
0.017103
0.011749
0.013178
0.009259
0.010937
0.012599
0.010724
0.011484
0.011347
0.007855
0.011318
0.011008
0.012439
0.013916
0.010545
0.009364
0.009802
0.013024
0.009099
0.009153
0.014288
0.008412
0.00996
0.013869
0.009894
0.01261
0.012401
0.006949
0.011569
0.006784
0.009478
0.011377
0.013771
0.010338
0.011569
0.008485
0.012791
0.01115
0.011333
0.013753
0.012127
0.011347
0.010683
0.011641
0.011234
0.010899
0.01485
0.010915
0.010731
0.012169
0.011402
0.01584
0.013363
0.010391
0.01376
0.010867
0.009943
0.012547
0.011697
0.011162
0.0096
0.011403
0.009225
0.009478
0.006393
0.010964
0.010444
0.00986
0.01013
0.012975
0.011845
0.014565
0.010759
0.009587
0.008346
0.010073
0.012327
0.00982
0.011218
0.011291
0.015288
0.011523
0.012102
0.017281
0.011782
0.010144
0.0117
0.012202
0.009208
0.009454
0.007783
0.007244
0.010858
0.010914
0.010114
0.012727
0.013108
0.01147
0.011959
0.011332
0.010757
0.015322
0.013239
0.014575
0.014367
0.013515
0.012886
0.012801
0.011248
0.01177
0.012291
0.013322
0.01383
0.017212
0.014639
0.011327
0.013594
0.016063
0.015568
0.015736
0.014596
0.014759
0.014959
0.01307
0.012703
0.015971
0.013093
0.014707
0.012688
0.012439
0.009699
0.012188
0.010821
0.014404
0.017519
0.011832
0.011715
0.012586
0.013564
0.012963
0.012609
0.015017
0.015017
0.012127
0.011145
0.012033
0.013935
0.013996
0.014792
0.011114
0.011014
0.015147
0.013998
0.013513
0.013052
0.015399
0.014834
0.012579
0.010605
0.015765
0.014052
0.011082
0.009397
0.011385
0.0117
0.012744
0.012876
0.012047
0.016535
0.015686
0.013817
0.015459
0.012819
0.015883
0.015481
0.015629
0.014912
0.014318
0.015881
0.008612
0.014271
0.012595
0.013839
0.010124
0.009259
0.012639
0.010789
0.01291
0.0141
0.01171
0.01214
0.01446
0.01253
0.016584
0.016604
0.016644
0.009932
0.013975
0.010098
0.011844
0.010052
0.008849
0.012903
0.01051
0.008448
0.010378
0.008921
0.009268
0.007841
0.013857
0.010888
0.010266
0.009168
0.011171
0.0115
0.012036
0.013102
0.011699
0.011961
0.011343
0.011218
0.010872
0.01061
0.010392
0.011504
0.010324
0.008376
0.010598
0.010974
0.012422
0.009717
0.010583
0.011134
0.008855
0.008983
0.006911
0.005764
0.01209
0.011082
0.012147
0.009805
0.012576
0.009733
0.011326
0.012853
0.010946
0.010759
0.011988
0.010051
0.009436
0.009132
0.009545
0.007741
0.010349
0.009151
0.010197
0.007544
0.013291
0.009762
0.012434
0.01152
0.010167
0.008724
0.008679
0.007624
0.009325
0.008359
0.010888
0.008364
0.012679
0.012084
0.010865
0.01145
0.011081
0.012428
0.008538
0.011243
0.011676
0.010063
0.011709
0.011498
0.0099
0.012269
0.01017
0.012407
0.011759
0.008798
0.010133
0.011273
0.011607
0.012631
0.009736
0.010741
0.010433
0.010531
0.012932
0.011459
0.011251
0.011026
0.009821
0.008946
0.010628
0.011107
0.01184
0.011594
0.009758
0.013148
0.011193
0.011122
0.01232
0.011422
0.01174
0.010018
0.011145
0.01127
0.013155
0.012728
0.014262
0.012799
0.009721
0.011805
0.013934
0.012845
0.012836
0.013615
0.010446
0.010626
0.011356
0.0121
0.011921
0.011303
0.011239
0.011438
0.013031
0.011044
0.011752
0.011554
0.012952
0.010656
0.010096
0.008318
0.007872
0.007728
0.007248
0.010158
0.015237
0.012344
0.009827
0.010473
0.011478
0.012253
0.013352
0.013491
0.012435
0.010736
0.011197
0.009775
0.009905
0.010087
0.009477
0.010336
0.010223
0.010234
0.010904
0.0107
0.00937
0.012432
0.008207
0.008635
0.009775
0.013125
0.009088
0.010469
0.010551
0.009674
0.010907
0.011756
0.012398
0.008958
0.010116
0.008413
0.01196
0.011639
0.011723
0.010514
0.010818
0.010162
0.007427
0.012129
0.012378
0.009872
0.014573
0.012592
0.010228
0.010251
0.009338
0.007555
0.011529
0.012453
0.011837
0.008819
0.009624
0.008926
0.009764
0.007503
0.007333
0.010779
0.012745
0.009649
0.012012
0.012292
0.01214
0.012173
0.008103
0.007575
0.011792
0.011869
0.012198
0.010888
0.009555
0.010121
0.009736
0.012552
0.011417
0.01122
0.011905
0.012583
0.011089
0.012281
0.01108
0.012004
0.009875
0.011529
0.012379
0.010417
0.010724
0.013657
0.012651
0.012702
0.00959
0.01273
0.010748
0.011097
0.012639
0.009801
0.01197
0.012222
0.012481
0.012408
0.012373
0.010751
0.008901
0.008278
0.007348
0.008242
0.010224
0.01151
0.009889
0.009028
0.011763
0.010498
0.009137
0.008783
0.008161
0.007853
0.00775
0.008121
0.001405
0.001614
0.002508
0.00803
0.003617
0.001942
0.003307
0.005914
0.003061
0.010434
0.008319
0.00438
0.004192
0.005226
0.009741
0.005226
0.007085
0.009434
0.005202
0.004985
0.004864
0.007085
0.008531
0.013158
0.013384
0.012418
0.011668
0.009357
0.012199
0.011335
0.007386
0.012525
0.008243
0.013519
0.007473
0.011552
0.012202
0.007754
0.007256
0.00957
0.011062
0.012884
0.011145
0.009566
0.008959
0.010287
0.010425
0.011998
0.009879
0.008642
0.008372
0.01322
0.008587
0.009288
0.0053
0.007329
0.00878
0.010509
0.008099
0.008277
0.006192
0.006266
0.006269
0.006878
0.005218
0.00708
0.009204
0.007192
0.006566
0.010623
0.005421
0.010082
0.009591
0.007869
0.012735
0.012113
0.010395
0.012382
0.009859
0.010358
0.01098
0.010914
0.009875
0.013987
0.010908
0.011434
0.01028
0.011918
0.008908
0.008187
0.011052
0.008149
0.010084
0.011947
0.012063
0.010054
0.009537
0.010196
0.010516
0.011512
0.011681
0.010912
0.01037
0.00959
0.009767
0.009243
0.009239
0.00848
0.007446
0.006367
0.006022
0.004773
0.004151
0.004088
0.003621
0.003749
0.01178
0.009603
0.01267
0.012314
0.010344
0.009725
0.011963
0.011126
0.01196
0.012164
0.010033
0.010764
0.00955
0.011407
0.00999
0.008771
0.010514
0.00849
0.008114
0.009575
0.005068
0.003063
0.002682
0.002388
0.002295
0.002386
0.002269
0.002336
0.002427
0.002351
0.002521
0.002405
0.002788
0.002527
0.002393
0.002388
0.002362
0.01284
0.014001
0.012081
0.013874
0.011769
0.011819
0.011331
0.013112
0.013579
0.014168
0.010609
0.014032
0.01271
0.012138
0.013728
0.018017
0.013121
0.015096
0.012259
0.012886
0.012745
0.015079
0.013524
0.011509
0.013034
0.013523
0.013453
0.013293
0.011288
0.012642
0.012807
0.013229
0.01291
0.012797
0.013956
0.012962
0.01212
0.012327
0.012637
0.012684
0.013398
0.012754
0.014541
0.012878
0.013539
0.011379
0.01343
0.011622
0.013337
0.012962
0.012281
0.013123
0.013832
0.014153
0.013387
0.012827
0.014114
0.011386
0.013986
0.014281
0.013249
0.012759
0.013958
0.013022
0.01393
0.013111
0.013771
0.013883
0.0131
0.014265
0.01313
0.013594
0.013917
0.013784
0.013179
0.013551
0.012175
0.014292
0.012574
0.011658
0.013094
0.011589
0.01352
0.013865
0.012524
0.015202
0.011987
0.013847
0.012312
0.012017
0.012133
0.013197
0.011931
0.013792
0.013007
0.012618
0.010973
0.012808
0.014424
0.015328
0.010409
0.011216
0.012042
0.011332
0.013264
0.012769
0.014071
0.013667
0.015132
0.012096
0.012462
0.011457
0.012432
0.010433
0.009397
0.00827
0.013329
0.010788
0.012203
0.011151
0.012779
0.012655
0.011331
0.010483
0.009592
0.010424
0.011992
0.010609
0.007223
0.008469
0.006663
0.006778
0.01055
0.012367
0.013205
0.014903
0.014073
0.01362
0.012823
0.015006
0.012532
0.011238
0.011827
0.01165
0.011767
0.01508
0.014287
0.014582
0.016353
0.014246
0.012661
0.009746
0.012811
0.014637
0.014065
0.013553
0.016337
0.018166
0.014378
0.018536
0.011919
0.016883
0.016121
0.013486
0.017066
0.011712
0.012894
0.012672
0.01338
0.012543
0.016372
0.013564
0.014168
0.011722
0.013549
0.010861
0.011929
0.011852
0.011383
0.011904
0.011825
0.0123
0.012463
0.012781
0.011578
0.012636
0.012559
0.013703
0.012674
0.011818
0.011349
0.010614
0.010922
0.011155
0.01551
0.009589
0.011869
0.011345
0.012484
0.013727
0.011913
0.013609
0.01218
0.012172
0.012343
0.011649
0.012454
0.01219
0.012837
0.011406
0.012806
0.013262
0.011794
0.01271
0.012257
0.011571
0.012208
0.012313
0.013446
0.011855
0.012464
0.013179
0.011798
0.011997
0.010114
0.014267
0.012044
0.012136
0.006302
0.010458
0.011249
0.012901
0.015213
0.013992
0.015692
0.01323
0.011648
0.013457
0.014447
0.01472
0.015462
0.01153
0.013722
0.013876
0.011284
0.012078
0.012294
0.010986
0.011699
0.011377
0.011388
0.012077
0.010901
0.013518
0.01335
0.01325
0.011433
0.012722
0.012809
0.012074
0.012397
0.010998
0.013451
0.012295
0.012466
0.013616
0.015602
0.011158
0.015595
0.014675
0.011488
0.013729
0.016203
0.011857
0.012946
0.009929
0.008646
0.010066
0.011251
0.015855
0.014307
0.016475
0.014245
0.011819
0.012633
0.007813
0.010773
0.013432
0.010135
0.00983
0.011849
0.010563
0.01005
0.009467
0.008874
0.008455
0.008147
0.014073
0.013734
0.013701
0.013505
0.013465
0.010472
0.009722
0.008022
0.011928
0.006038
0.011993
0.012122
0.012189
0.012628
0.012123
0.011035
0.012114
0.012612
0.012263
0.012476
0.01164
0.011841
0.012437
0.011681
0.010917
0.013188
0.010997
0.009796
0.012151
0.011943
0.011609
0.012153
0.011459
0.011887
0.011533
0.012125
0.011221
0.01281
0.013959
0.012864
0.013434
0.016631
0.017647
0.012205
0.013554
0.011645
0.012348
0.011111
0.008088
0.011745
0.012642
0.009129
0.011922
0.011917
0.01219
0.010578
0.011316
0.01246
0.012334
0.013495
0.014102
0.012047
0.012012
0.012439
0.013006
0.012377
0.011729
0.012869
0.012691
0.012362
0.011934
0.012142
0.011496
0.011221
0.01079
0.011329
0.011112
0.009563
0.012127
0.010775
0.013833
0.013928
0.011893
0.01439
0.014388
0.014344
0.012642
0.008433
0.012229
0.013579
0.01193
0.011615
0.015401
0.014186
0.015711
0.015639
0.016149
0.010702
0.013635
0.01636
0.009692
0.01551
0.016099
0.013081
0.016217
0.014785
0.013549
0.016175
0.014527
0.015001
0.015589
0.014726
0.01644
0.016085
0.015927
0.015758
0.015651
0.015551
0.015416
0.015268
0.015192
0.015066
0.0149
0.010236
0.006491
0.009824
0.011477
0.013762
0.012314
0.012995
0.013603
0.013736
0.010637
0.008321
0.013579
0.015452
0.010474
0.017748
0.007361
0.011408
0.009926
0.012929
0.014653
0.014478
0.012986
0.013021
0.011472
0.012278
0.011951
0.014627
0.014179
0.013141
0.013473
0.012504
0.012253
0.015066
0.010297
0.017415
0.017433
0.017347
0.012765
0.012039
0.01062
0.011852
0.014084
0.012323
0.013413
0.011749
0.010747
0.010154
0.009675
0.011178
0.010309
0.008013
0.006704
0.009469
0.008652
0.012113
0.012089
0.012742
0.011574
0.01211
0.009972
0.009786
0.009122
0.009638
0.008253
0.007891
0.011606
0.011142
0.009172
0.011299
0.011133
0.010949
0.010636
0.010206
0.011997
0.009796
0.012013
0.010821
0.011808
0.010349
0.01085
0.010468
0.009764
0.013088
0.011099
0.013885
0.01319
0.013657
0.012122
0.012096
0.012658
0.010923
0.010976
0.013189
0.013622
0.012644
0.013129
0.01151
0.011092
0.01104
0.014653
0.012895
0.012117
0.014364
0.014149
0.013116
0.013654
0.013742
0.012905
0.01285
0.012808
0.015758
0.013649
0.01338
0.010996
0.0109
0.011688
0.013705
0.011201
0.012903
0.01116
0.012412
0.011159
0.011336
0.012399
0.010699
0.010899
0.009038
0.01257
0.014947
0.011733
0.014401
0.013352
0.013538
0.010357
0.01288
0.01422
0.015842
0.015808
0.015204
0.014905
0.012578
0.01211
0.011084
0.012562
0.008941
0.008568
0.012343
0.007701
0.007769
0.006581
0.011426
0.012436
0.012608
0.0108
0.013929
0.011246
0.010668
0.009307
0.013019
0.012025
0.010409
0.009232
0.013179
0.013041
0.009066
0.012964
0.009163
0.014331
0.014186
0.012899
0.013504
0.012426
0.006914
0.007347
0.013135
0.01306
0.012435
0.011151
0.011215
0.011086
0.01082
0.010009
0.010179
0.011349
0.011234
0.009659
0.007356
0.006897
0.006757
0.006296
0.006098
0.005862
0.005875
0.005496
0.005258
0.005221
0.005098
0.013292
0.004838
0.004309
0.007572
0.003888
0.006904
0.00244
0.003897
0.003195
0.003129
0.00297
0.002814
0.00171
0.002134
0.001812
0.005662
0.003673
0.001686
0.001667
0.002176
0.001667
0.001851
0.00181
0.001887
0.001881
0.001869
0.001905
0.001885
0.002661
0.002526
0.002506
0.001788
0.00167
0.001617
0.001788
0.001825
0.001902
0.00193
0.001976
0.002176
0.001923
0.001964
0.002169
0.002116
0.002271
0.002552
0.011437
0.004836
0.003733
0.00233
0.002701
0.002214
0.001948
0.002901
0.002472
0.002253
0.001935
0.002045
0.002012
0.002042
0.002025
0.001846
0.003166
0.003074
0.003229
0.003057
0.003124
0.002972
0.002925
0.012189
0.007305
0.006775
0.004928
0.007893
0.0079
0.00561
0.004908
0.010346
0.007084
0.00555
0.005083
0.007153
0.012546
0.011061
0.009457
0.008306
0.011664
0.010111
0.01225
0.011631
0.010954
0.012181
0.011549
0.01295
0.012246
0.01166
0.007882
0.007688
0.006894
0.00624
0.005738
0.006295
0.006246
0.005347
0.005128
0.004758
0.007196
0.007343
0.006709
0.007239
0.006559
0.006551
0.005619
0.008841
0.003125
0.002468
0.002299
0.002167
0.009889
0.006398
0.007209
0.004437
0.005793
0.010738
0.006577
0.00714
0.008093
0.010842
0.008558
0.005825
0.007995
0.008219
0.00903
0.010368
0.006018
0.004174
0.005193
0.008207
0.007448
0.003857
0.003374
0.003109
0.003073
0.002952
0.002906
0.002796
0.002674
0.007101
0.006897
0.005951
0.005569
0.005161
0.004809
0.004689
0.005003
0.002846
0.003754
0.001976
0.003946
0.004873
0.005656
0.002574
0.002796
0.002398
0.002577
0.002348
0.00234
0.002438
0.002426
0.002164
0.001982
0.002246
0.00211
0.003636
0.003056
0.002735
0.002677
0.002601
0.002495
0.002625
0.002656
0.002693
0.002688
0.002705
0.002697
0.002636
0.002645
0.002627
0.002608
0.002614
0.002538
0.002859
0.002621
0.002883
0.002697
0.002564
0.002503
0.00217
0.002211
0.002179
0.003011
0.002729
0.002127
0.002164
0.002151
0.002604
0.002451
0.002313
0.00234
0.002501
0.002422
0.002424
0.003333
0.003106
0.002897
0.002883
0.003015
0.002618
0.010448
0.011798
0.009942
0.013526
0.013421
0.01183
0.012351
0.011526
0.012898
0.013055
0.011118
0.015579
0.01346
0.01231
0.012918
0.013077
0.016254
0.015153
0.013844
0.013165
0.013192
0.012246
0.012402
0.009759
0.013843
0.013642
0.011875
0.013169
0.016627
0.016744
0.013556
0.011806
0.01449
0.013855
0.011141
0.01336
0.013952
0.014876
0.011941
0.012082
0.008728
0.01174
0.011577
0.012787
0.011874
0.010581
0.012683
0.012732
0.01162
0.010349
0.010392
0.008664
0.011414
0.011218
0.011371
0.012312
0.011926
0.011588
0.01108
0.011544
0.011522
0.012021
0.012134
0.011167
0.012431
0.009816
0.012679
0.013249
0.011918
0.012132
0.011782
0.012752
0.012755
0.011849
0.01119
0.011953
0.011811
0.012252
0.016491
0.020364
0.023875
0.026126
0.027202
0.01154
0.012033
0.011805
0.011913
0.013752
0.014744
0.011155
0.011886
0.011997
0.012482
0.01277
0.012661
0.010937
0.009928
0.011488
0.011385
0.011842
0.010187
0.012014
0.011854
0.01156
0.011899
0.012079
0.011592
0.011538
0.011574
0.012531
0.013419
0.012649
0.011387
0.01229
0.011066
0.009907
0.011305
0.014291
0.010914
0.010728
0.011823
0.010702
0.010214
0.009875
0.010483
0.009013
0.010022
0.013131
0.008605
0.008298
0.009345
0.010254
0.00774
0.009505
0.009652
0.009613
0.008579
0.010564
0.009589
0.009304
0.010108
0.009905
0.011666
0.010588
0.010981
0.008812
0.012468
0.012919
0.012745
0.013554
0.011484
0.011996
0.012815
0.012613
0.012795
0.011715
0.011594
0.012881
0.012914
0.012991
0.012659
0.01166
0.014379
0.013577
0.010285
0.011836
0.012361
0.013215
0.013355
0.013662
0.012551
0.013373
0.013434
0.013229
0.013218
0.015192
0.014946
0.01254
0.014364
0.010334
0.016225
0.01287
0.015647
0.009493
0.012613
0.009446
0.010519
0.009036
0.009142
0.007497
0.008589
0.013775
0.010719
0.013159
0.011888
0.015201
0.013108
0.01136
0.011983
0.012043
0.013238
0.011973
0.008698
0.007154
0.006072
0.00943
0.010181
0.009637
0.008607
0.00803
0.011838
0.012998
0.012033
0.011856
0.01035
0.01437
0.004229
0.015695
0.013755
0.01175
0.011692
0.012211
0.013817
0.015594
0.015849
0.011879
0.011361
0.012529
0.013545
0.01284
0.012141
0.011742
0.010862
0.011774
0.012344
0.012029
0.010836
0.011986
0.010184
0.009889
0.010855
0.009308
0.011238
0.011117
0.010003
0.012721
0.014764
0.020623
0.018162
0.018369
0.025397
0.016996
0.01985
0.020705
0.020187
0.013817
0.017988
0.020009
0.02115
0.019911
0.012834
0.012224
0.010914
0.00972
0.009032
0.009254
0.009797
0.008484
0.009795
0.009067
0.011946
0.011849
0.010499
0.010182
0.009885
0.009428
0.008625
0.01581
0.015538
0.013254
0.013512
0.017579
0.016928
0.016678
0.016843
0.016609
0.016167
0.014957
0.013086
0.015661
0.01602
0.015258
0.015393
0.014968
0.014325
0.014149
0.013864
0.013757
0.013718
0.013496
0.013088
0.012557
0.012572
0.012168
0.011362
0.012985
0.012354
0.012802
0.014525
0.012516
0.012657
0.011941
0.012682
0.011956
0.01175
0.014012
0.01143
0.011944
0.012803
0.012139
0.012568
0.011627
0.011363
0.011736
0.01262
0.015179
0.0145
0.012824
0.013674
0.01215
0.010969
0.012515
0.012909
0.013575
0.013547
0.012043
0.011658
0.012491
0.012551
0.01329
0.013727
0.013893
0.01184
0.013882
0.013236
0.013489
0.013318
0.011904
0.011421
0.01409
0.013477
0.014704
0.015756
0.01774
0.01943
0.018836
0.021489
0.017335
0.01579
0.015456
0.014752
0.015825
0.015033
0.015989
0.015917
0.01597
0.012435
0.013833
0.014483
0.014001
0.015477
0.015572
0.015406
0.014862
0.015758
0.013997
0.007999
0.011218
0.013653
0.011092
0.012023
0.012444
0.012889
0.011595
0.012239
0.012865
0.013654
0.011053
0.012453
0.012671
0.012792
0.012471
0.01267
0.013228
0.012938
0.010522
0.014059
0.01141
0.013077
0.013327
0.013923
0.014131
0.011781
0.010126
0.012985
0.010778
0.011438
0.014794
0.014355
0.011989
0.012962
0.013298
0.012094
0.013238
0.013036
0.010722
0.014158
0.011662
0.012809
0.013284
0.013113
0.012615
0.010034
0.008364
0.007683
0.01305
0.01253
0.011351
0.011914
0.010519
0.010424
0.011227
0.010419
0.010715
0.009965
0.010297
0.010211
0.010047
0.010154
0.009831
0.009637
0.011187
0.012234
0.010178
0.012734
0.01133
0.011345
0.01364
0.013128
0.011423
0.010245
0.010733
0.010546
0.011175
0.009768
0.012238
0.010323
0.011559
0.009693
0.009313
0.009984
0.011878
0.012339
0.01171
0.010743
0.008431
0.009488
0.01092
0.011322
0.010813
0.009717
0.012942
0.010275
0.010326
0.009513
0.011125
0.009227
0.006229
0.005966
0.007275
0.007929
0.012905
0.011033
0.008165
0.009585
0.011023
0.010759
0.010588
0.010586
0.010796
0.010203
0.008301
0.006718
0.006225
0.006382
0.006378
0.005775
0.005945
0.009135
0.00855
0.008626
0.008134
0.007739
0.01466
0.013165
0.013399
0.011674
0.013957
0.013718
0.014227
0.012895
0.013932
0.011979
0.010561
0.011872
0.012425
0.01211
0.010883
0.010495
0.010007
0.009798
0.010144
0.009753
0.00946
0.009505
0.013847
0.012412
0.014406
0.014076
0.013881
0.010909
0.010372
0.011006
0.014128
0.009507
0.01215
0.012354
0.009314
0.012329
0.010278
0.008493
0.010265
0.009002
0.007569
0.006748
0.012447
0.016025
0.016647
0.014618
0.016061
0.013629
0.013448
0.013285
0.01316
0.015143
0.013028
0.012552
0.013847
0.01115
0.011413
0.01151
0.012654
0.012281
0.012221
0.013924
0.013055
0.011468
0.012793
0.013049
0.013026
0.014044
0.012486
0.012172
0.013792
0.011448
0.012463
0.013705
0.009267
0.009728
0.012414
0.012937
0.012463
0.011506
0.0129
0.01244
0.013451
0.011521
0.012208
0.011533
0.011585
0.01331
0.012232
0.013133
0.01133
0.014703
0.01367
0.008505
0.009923
0.011613
0.011197
0.010828
0.010817
0.010281
0.010071
0.010102
0.009822
0.009766
0.009561
0.009453
0.009385
0.009767
0.009111
0.008951
0.008889
0.008771
0.012604
0.010388
0.008419
0.013441
0.012497
0.010113
0.014389
0.013935
0.009028
0.010207
0.015647
0.01217
0.010587
0.012422
0.011414
0.015533
0.01609
0.015041
0.015052
0.015298
0.014723
0.015461
0.01524
0.013602
0.013987
0.012474
0.008823
0.006591
0.009331
0.006906
0.006263
0.005755
0.005226
0.014899
0.018344
0.018464
0.018484
0.018595
0.01875
0.017856
0.017727
0.016805
0.014671
0.015461
0.014672
0.013568
0.013133
0.012026
0.014485
0.011978
0.013516
0.015864
0.012893
0.012529
0.012202
0.011111
0.009734
0.008715
0.011796
0.012793
0.011485
0.012769
0.009513
0.010562
0.012849
0.014354
0.013605
0.014483
0.012641
0.01228
0.012873
0.011963
0.01201
0.010848
0.009932
0.011309
0.011481
0.010817
0.010829
0.011329
0.011113
0.011211
0.008428
0.009806
0.010421
0.009776
0.009634
0.010007
0.009327
0.009074
0.00872
0.008509
0.008338
0.008142
0.007924
0.007875
0.007778
0.007609
0.007607
0.007507
0.007504
0.007443
0.007308
0.007941
0.00721
0.007077
0.007155
0.007028
0.007023
0.012751
0.014096
0.011803
0.014554
0.012011
0.011964
0.014506
0.012626
0.011728
0.016254
0.012308
0.012264
0.014352
0.011323
0.013661
0.011982
0.013535
0.010925
0.012245
0.015578
0.012165
0.014282
0.014865
0.016224
0.012301
0.01355
0.01211
0.012909
0.013476
0.016004
0.014313
0.015697
0.014334
0.013275
0.015716
0.014646
0.014059
0.015456
0.014801
0.010678
0.014132
0.015664
0.014343
0.013734
0.014747
0.014105
0.011948
0.014664
0.012154
0.012912
0.014497
0.013663
0.012978
0.012384
0.01284
0.011784
0.01257
0.015399
0.015118
0.015136
0.01545
0.015188
0.012345
0.013694
0.015103
0.015106
0.013765
0.014625
0.014419
0.013203
0.013643
0.014064
0.014106
0.013704
0.011713
0.011186
0.011085
0.010272
0.009674
0.012348
0.012
0.011934
0.012079
0.012021
0.011477
0.010795
0.010278
0.009893
0.009702
0.009551
0.014473
0.014604
0.011827
0.013222
0.012094
0.010667
0.008618
0.007386
0.006589
0.01028
0.009583
0.010966
0.015589
0.008463
0.010087
0.009692
0.011832
0.012402
0.011056
0.010307
0.01176
0.01291
0.011975
0.008615
0.011646
0.013115
0.01192
0.01271
0.010887
0.01237
0.013297
0.012061
0.012467
0.0103
0.008635
0.010347
0.012001
0.008904
0.014518
0.011802
0.011915
0.012433
0.013677
0.012284
0.012497
0.010812
0.010596
0.010855
0.012954
0.011085
0.011951
0.010865
0.009542
0.009568
0.009194
0.008921
0.012363
0.012323
0.012615
0.010953
0.011582
0.010798
0.010704
0.012937
0.011725
0.009849
0.009622
0.0092
0.006541
0.011327
0.008112
0.007618
0.00704
0.007089
0.006137
0.005355
0.00491
0.010659
0.007396
0.008577
0.009356
0.007993
0.007786
0.012199
0.011113
0.011573
0.012414
0.011006
0.011614
0.010968
0.007817
0.011882
0.007706
0.007786
0.007785
0.00753
0.007382
0.007146
0.007013
0.008055
0.008115
0.010727
0.010253
0.013309
0.010488
0.00919
0.009557
0.00917
0.008916
0.008629
0.008433
0.0082
0.008313
0.008251
0.008065
0.00798
0.007667
0.007385
0.014464
0.014365
0.013581
0.012035
0.009686
0.008502
0.010465
0.011758
0.0117
0.010677
0.010445
0.010099
0.010735
0.009392
0.009074
0.008726
0.008128
0.007963
0.011906
0.010238
0.011287
0.01085
0.010259
0.012858
0.012092
0.01151
0.0138
0.009035
0.012208
0.011182
0.011446
0.01191
0.01289
0.012527
0.010601
0.013117
0.013343
0.012003
0.012441
0.012107
0.010442
0.012289
0.011711
0.011596
0.009864
0.008646
0.014728
0.015347
0.015109
0.012704
0.013654
0.012576
0.012093
0.011382
0.011067
0.01228
0.010705
0.012047
0.013715
0.013877
0.016048
0.01491
0.01728
0.014024
0.016406
0.014846
0.010417
0.010556
0.009765
0.011256
0.012863
0.014552
0.014708
0.014448
0.011635
0.013833
0.013866
0.013565
0.013279
0.013391
0.012422
0.013042
0.012685
0.012612
0.013831
0.011934
0.013288
0.012782
0.012375
0.012087
0.011931
0.011655
0.011639
0.011394
0.011258
0.01085
0.010821
0.010542
0.010332
0.010354
0.010206
0.0101
0.009986
0.009988
0.009759
0.009586
0.009426
0.009344
0.009353
0.009261
0.009225
0.009767
0.009687
0.01015
0.009066
0.00885
0.008969
0.008853
0.008726
0.009125
0.008592
0.00898
0.008535
0.008862
0.008375
0.008297
0.008276
0.008258
0.008274
0.009676
0.011985
0.007753
0.011389
0.007023
0.011698
0.012901
0.012
0.012042
0.010439
0.011193
0.011852
0.011206
0.014178
0.012045
0.013736
0.012485
0.010926
0.010152
0.009843
0.011538
0.01104
0.007743
0.013696
0.014352
0.014066
0.00932
0.006259
0.011203
0.010286
0.010557
0.008073
0.006393
0.010557
0.011854
0.01321
0.009626
0.008941
0.008174
0.011338
0.010879
0.012598
0.011987
0.012234
0.012154
0.011922
0.013037
0.013252
0.013317
0.013438
0.012322
0.010954
0.011625
0.011937
0.00959
0.010445
0.009926
0.00955
0.006577
0.010072
0.011689
0.011052
0.009747
0.010016
0.010365
0.010946
0.011269
0.010445
0.009653
0.008858
0.009111
0.008344
0.008228
0.00842
0.01063
0.012493
0.011413
0.011046
0.01055
0.010072
0.009702
0.0094
0.00973
0.008917
0.00833
0.007843
0.011274
0.013912
0.014169
0.011873
0.010776
0.010999
0.01249
0.011453
0.012896
0.010128
0.012474
0.013444
0.014417
0.012406
0.010833
0.008749
0.013638
0.01407
0.013629
0.012676
0.012131
0.011119
0.010679
0.014532
0.015283
0.015049
0.015533
0.012544
0.016147
0.013499
0.01439
0.012151
0.01137
0.012475
0.011135
0.008735
0.010156
0.01037
0.009231
0.008819
0.005995
0.005233
0.004797
0.008591
0.006685
0.006264
0.00579
0.005216
0.004561
0.004341
0.01266
0.010614
0.004292
0.004456
0.004267
0.008543
0.0068
0.006958
0.006762
0.006457
0.006188
0.009983
0.010487
0.008443
0.006496
0.007228
0.010584
0.007924
0.00889
0.006747
0.011531
0.005891
0.005142
0.006566
0.009186
0.008634
0.010598
0.011692
0.011738
0.011886
0.009334
0.012203
0.010494
0.010955
0.011553
0.012253
0.010836
0.010092
0.013046
0.011222
0.012199
0.010203
0.012148
0.010588
0.008622
0.011493
0.009023
0.007318
0.006438
0.007562
0.0065
0.006197
0.005716
0.009916
0.011229
0.011476
0.011757
0.011652
0.011024
0.014547
0.01396
0.012945
0.011648
0.011326
0.01054
0.009845
0.009255
0.00892
0.008645
0.008163
0.008137
0.011079
0.011056
0.008867
0.010001
0.009521
0.00901
0.008189
0.007699
0.007083
0.010805
0.011294
0.010025
0.009956
0.010214
0.011432
0.009651
0.00831
0.007825
0.007943
0.007215
0.006687
0.006429
0.00688
0.005995
0.014005
0.009696
0.008065
0.007625
0.008399
0.006727
0.013766
0.011203
0.012164
0.011259
0.012478
0.012721
0.0129
0.012716
0.012855
0.012627
0.012797
0.012411
0.012142
0.012238
0.012109
0.011938
0.011888
0.011935
0.011904
0.01171
0.011358
0.011496
0.011946
0.011324
0.011185
0.011119
0.011102
0.010968
0.010991
0.010967
0.010664
0.010747
0.010929
0.010624
0.010704
0.010484
0.010439
0.010413
0.01039
0.010249
0.010167
0.01026
0.009933
0.010201
0.010061
0.009965
0.010062
0.009836
0.009767
0.011893
0.01307
0.008068
0.008266
0.009217
0.00906
0.010486
0.009363
0.00888
0.010333
0.011554
0.011072
0.01136
0.011316
0.010745
0.010885
0.009239
0.008471
0.008199
0.011554
0.010542
0.011262
0.012218
0.012082
0.01205
0.01218
0.008524
0.012103
0.010381
0.01151
0.010116
0.008143
0.007852
0.011165
0.010548
0.013824
0.013959
0.011239
0.012072
0.012285
0.01164
0.010909
0.010483
0.010382
0.009889
0.007985
0.006477
0.009625
0.010152
0.010513
0.009026
0.011417
0.009464
0.010154
0.009297
0.008955
0.008637
0.009996
0.009389
0.011121
0.0112
0.011026
0.009915
0.009523
0.008464
0.008205
0.009034
0.006614
0.01013
0.009001
0.009698
0.008712
0.006962
0.005703
0.004986
0.011778
0.011246
0.010895
0.010525
0.007237
0.009237
0.010399
0.010468
0.008744
0.008811
0.009683
0.009305
0.009468
0.010128
0.011934
0.009641
0.010252
0.007352
0.010137
0.010393
0.00934
0.010188
0.010068
0.009834
0.011335
0.00976
0.00911
0.011136
0.011674
0.010593
0.008784
0.010537
0.008643
0.010677
0.008423
0.009688
0.007106
0.006751
0.006853
0.007977
0.007935
0.00719
0.010192
0.007354
0.007692
0.010341
0.008951
0.009099
0.010735
0.010376
0.007883
0.008162
0.007614
0.009093
0.008219
0.006229
0.008523
0.007633
0.00704
0.006714
0.01048
0.013257
0.007715
0.007224
0.006463
0.008331
0.008096
0.009886
0.010474
0.010555
0.010602
0.010897
0.010346
0.010165
0.009882
0.009686
0.009467
0.009441
0.009749
0.011224
0.010217
0.00688
0.00504
0.009866
0.009883
0.011301
0.014594
0.011472
0.015559
0.015535
0.010955
0.006162
0.005832
0.006217
0.005099
0.004822
0.010963
0.009602
0.009867
0.011235
0.014696
0.012242
0.01201
0.007866
0.007763
0.004467
0.002835
0.001817
0.001976
0.002107
0.002499
0.002127
0.002427
0.004226
0.002146
0.002538
0.002112
0.002305
0.002094
0.009451
0.009188
0.008586
0.010083
0.011191
0.009815
0.012525
0.009605
0.009177
0.004824
0.009092
0.007707
0.004545
0.008844
0.008236
0.010139
0.006168
0.00623
0.005492
0.004985
0.003819
0.002497
0.00197
0.001958
0.00187
0.001937
0.003057
0.004529
0.0024
0.002075
0.002041
0.002884
0.002138
0.002116
0.002032
0.010541
0.013415
0.010605
0.012727
0.009147
0.00445
0.004533
0.004409
0.002328
0.001675
0.001732
0.010877
0.008579
0.008485
0.007978
0.004463
0.009671
0.010941
0.008758
0.007696
0.009395
0.010248
0.010557
0.006776
0.008212
0.006075
0.00602
0.009823
0.010777
0.009952
0.009863
0.01205
0.010899
0.009416
0.010272
0.00411
0.006844
0.007036
0.006915
0.005947
0.005714
0.012044
0.013417
0.013568
0.013764
0.013665
0.013435
0.012911
0.011739
0.011383
0.014946
0.015225
0.017311
0.006743
0.008753
0.012063
0.01237
0.010481
0.01237
0.011149
0.008129
0.008504
0.010696
0.01134
0.011426
0.01086
0.010089
0.009504
0.008986
0.008232
0.007637
0.00875
0.00741
0.007313
0.00685
0.006532
0.00625
0.010029
0.013542
0.010286
0.006918
0.006415
0.005533
0.004525
0.008405
0.006644
0.005907
0.005673
0.005246
0.004963
0.011099
0.012784
0.011821
0.015421
0.011551
0.011808
0.010583
0.012401
0.012522
0.012513
0.010203
0.012133
0.012153
0.012262
0.00872
0.010492
0.011511
0.013186
0.010262
0.009332
0.008051
0.008249
0.007008
0.009058
0.007365
0.007324
0.005863
0.010161
0.012711
0.011033
0.006571
0.00556
0.006839
0.005046
0.004511
0.010705
0.014693
0.012689
0.013962
0.011059
0.014135
0.014123
0.014033
0.01392
0.013611
0.008378
0.007101
0.006551
0.005698
0.00564
0.00494
0.004774
0.008682
0.004761
0.004403
0.003889
0.007753
0.004741
0.007448
0.005818
0.00699
0.005702
0.006791
0.006038
0.005802
0.007272
0.005058
0.006643
0.006171
0.006697
0.006308
0.005947
0.00555
0.005221
0.00502
0.004087
0.003805
0.003671
0.00628
0.005408
0.0049
0.003949
0.014219
0.012069
0.010686
0.009464
0.008418
0.012762
0.011128
0.013233
0.011686
0.012262
0.01639
0.013822
0.011594
0.014739
0.013273
0.01392
0.011535
0.011418
0.012351
0.011335
0.011173
0.010844
0.011127
0.013533
0.010776
0.011284
0.011074
0.011831
0.011192
0.011219
0.011208
0.012537
0.012785
0.009269
0.009684
0.009824
0.009772
0.008175
0.009813
0.008254
0.008649
0.010427
0.010294
0.010993
0.008641
0.008229
0.008971
0.008505
0.008359
0.0075
0.009581
0.010387
0.009166
0.008099
0.010224
0.010525
0.009184
0.010962
0.009081
0.00911
0.00856
0.008154
0.008375
0.00788
0.011977
0.008421
0.011513
0.010029
0.009048
0.009035
0.010474
0.012222
0.015051
0.011619
0.01609
0.011065
0.011038
0.01058
0.010587
0.010783
0.012752
0.010859
0.008481
0.0063
0.005513
0.005195
0.004751
0.004262
0.007628
0.005711
0.006113
0.011044
0.010182
0.010212
0.010047
0.00928
0.010447
0.009021
0.009639
0.006265
0.011103
0.010146
0.011535
0.008872
0.010115
0.010622
0.011237
0.010961
0.010448
0.007689
0.00864
0.005612
0.015206
0.014654
0.010282
0.014613
0.00942
0.005338
0.010506
0.009575
0.010304
0.006375
0.009383
0.006098
0.007351
0.005188
0.011879
0.011829
0.013279
0.012013
0.01116
0.008523
0.007644
0.008622
0.011901
0.015777
0.01357
0.013923
0.011324
0.013391
0.014893
0.01295
0.013103
0.012737
0.011741
0.014038
0.010745
0.006435
0.006893
0.010683
0.009665
0.006558
0.003848
0.003679
0.003687
0.007824
0.01045
0.009051
0.010031
0.005441
0.004274
0.004003
0.003055
0.002774
0.009234
0.010416
0.009645
0.009685
0.008925
0.010582
0.008578
0.009372
0.010451
0.009999
0.00921
0.008618
0.006456
0.011415
0.007347
0.007809
0.007118
0.006678
0.00813
0.007862
0.007541
0.009933
0.006636
0.00791
0.00878
0.008143
0.009678
0.007291
0.00626
0.009446
0.009537
0.009455
0.010776
0.009521
0.00889
0.007995
0.007877
0.009032
0.007996
0.008322
0.009048
0.00867
0.008053
0.007892
0.007583
0.007215
0.007107
0.007207
0.007819
0.007039
0.006674
0.006618
0.00805
0.00928
0.0089
0.008693
0.008433
0.008425
0.008359
0.007748
0.007958
0.008289
0.007919
0.007897
0.007286
0.006149
0.00565
0.00827
0.010604
0.009364
0.00821
0.008108
0.00776
0.007205
0.006768
0.006422
0.008995
0.00716
0.007164
0.006965
0.006704
0.006487
0.006432
0.006309
0.006244
0.007479
0.007248
0.006902
0.006578
0.007884
0.00789
0.007607
0.016248
0.012645
0.014949
0.012462
0.011567
0.011648
0.010336
0.009966
0.011657
0.01018
0.010618
0.008424
0.011815
0.0101
0.009715
0.009727
0.009564
0.009349
0.009756
0.009191
0.009044
0.008972
0.008824
0.008687
0.008709
0.008731
0.008677
0.008648
0.008611
0.008069
0.008295
0.008333
0.008311
0.008056
0.008173
0.007917
0.009648
0.007786
0.007689
0.007592
0.007584
0.007543
0.010119
0.012488
0.010948
0.011368
0.011233
0.010059
0.009428
0.012116
0.011012
0.0114
0.011673
0.011353
0.012396
0.010226
0.013658
0.012708
0.012667
0.012415
0.011855
0.011458
0.01123
0.012656
0.013267
0.01553
0.015629
0.014839
0.010039
0.011472
0.010645
0.009947
0.011034
0.008659
0.008189
0.007518
0.008871
0.008235
0.007868
0.007184
0.008562
0.005628
0.00478
0.00652
0.004331
0.004453
0.004033
0.013993
0.017053
0.014884
0.016615
0.015318
0.01454
0.011848
0.012489
0.011014
0.011866
0.009814
0.008946
0.008111
0.009094
0.007243
0.007958
0.007944
0.009028
0.010852
0.011155
0.007771
0.007645
0.006894
0.006266
0.006042
0.005705
0.005482
0.005324
0.005168
0.005006
0.004855
0.00467
0.013005
0.011785
0.012956
0.010919
0.012048
0.011378
0.011228
0.011684
0.011705
0.01248
0.011368
0.010863
0.010799
0.011655
0.010387
0.010526
0.010341
0.01036
0.010267
0.009936
0.009763
0.00967
0.009509
0.009447
0.007976
0.006591
0.00615
0.006004
0.005889
0.012423
0.012851
0.009844
0.008846
0.009827
0.009136
0.009482
0.008933
0.008739
0.008588
0.008598
0.008593
0.008479
0.008533
0.008299
0.008037
0.007995
0.007922
0.007814
0.007841
0.007787
0.007706
0.007643
0.007569
0.007459
0.008671
0.007495
0.007394
0.007336
0.007226
0.007578
0.00702
0.00701
0.007356
0.007155
0.007145
0.006847
0.006721
0.006687
0.006586
0.006555
0.006554
0.006471
0.012538
0.011662
0.011749
0.010457
0.010697
0.010596
0.010047
0.010649
0.012953
0.011984
0.009227
0.011934
0.013269
0.014132
0.007261
0.010996
0.012405
0.012757
0.011541
0.011976
0.010944
0.010716
0.010601
0.010111
0.00994
0.009763
0.011337
0.011878
0.01133
0.009794
0.010741
0.011609
0.010335
0.012157
0.012724
0.011779
0.010547
0.011508
0.013077
0.013929
0.011752
0.011563
0.011308
0.010821
0.010494
0.009402
0.008984
0.006725
0.012984
0.010256
0.011333
0.009703
0.009929
0.010395
0.011794
0.009852
0.010843
0.007493
0.010786
0.014861
0.012455
0.010499
0.016259
0.01209
0.012282
0.009461
0.009371
0.013751
0.014405
0.01366
0.013717
0.013685
0.01392
0.00862
0.008551
0.009728
0.010624
0.012568
0.011609
0.014676
0.012947
0.010627
0.013118
0.011875
0.011124
0.013354
0.007862
0.01468
0.014335
0.014229
0.013932
0.01356
0.013272
0.012845
0.01277
0.010535
0.012292
0.011875
0.008504
0.006215
0.006367
0.006763
0.005539
0.009138
0.01091
0.010109
0.009662
0.009607
0.009338
0.009117
0.00878
0.008527
0.008148
0.008047
0.00774
0.007441
0.012736
0.011003
0.011469
0.010894
0.010568
0.012565
0.012282
0.011813
0.011354
0.010756
0.010619
0.010074
0.010028
0.012056
0.011727
0.011
0.01185
0.011886
0.011647
0.011692
0.011458
0.010999
0.010668
0.010961
0.011641
0.012294
0.010683
0.008877
0.010211
0.011701
0.012754
0.013362
0.013973
0.011257
0.011438
0.010985
0.011064
0.011677
0.009172
0.009065
0.008445
0.010118
0.009452
0.011528
0.00814
0.012196
0.011917
0.009227
0.007875
0.012638
0.005447
0.009265
0.012383
0.009864
0.010803
0.007935
0.007815
0.009845
0.009145
0.011417
0.007544
0.009147
0.008745
0.006718
0.008295
0.006871
0.004898
0.004113
0.003924
0.003439
0.003413
0.008735
0.003999
0.008417
0.004452
0.003848
0.003834
0.00355
0.003368
0.003283
0.003114
0.002949
0.00307
0.002798
0.002766
0.008639
0.010101
0.007927
0.005417
0.007476
0.008174
0.008272
0.008733
0.008225
0.007937
0.007481
0.007065
0.006758
0.006403
0.006148
0.006743
0.005993
0.005782
0.005658
0.005411
0.005209
0.005121
0.004889
0.00476
0.00461
0.005158
0.009621
0.00459
0.004368
0.004089
0.004034
0.003776
0.003753
0.003723
0.003662
0.00942
0.008475
0.006703
0.005973
0.005291
0.008367
0.008012
0.008204
0.004667
0.004394
0.004981
0.003741
0.011298
0.011957
0.011515
0.010598
0.010174
0.011067
0.010831
0.009882
0.012087
0.012938
0.011401
0.012422
0.013563
0.011854
0.013239
0.012701
0.012779
0.012109
0.012167
0.01188
0.011943
0.012117
0.010709
0.009208
0.012365
0.010765
0.008284
0.011428
0.010978
0.014247
0.012377
0.014508
0.014554
0.012137
0.015517
0.014346
0.014721
0.015599
0.010044
0.008434
0.009614
0.008635
0.00765
0.012629
0.014541
0.011265
0.011298
0.008111
0.01313
0.0122
0.011827
0.011062
0.010283
0.010748
0.010604
0.010952
0.011003
0.009946
0.009585
0.009149
0.008806
0.009743
0.009354
0.006767
0.008082
0.016509
0.009297
0.006999
0.009026
0.009326
0.007985
0.007681
0.007023
0.006967
0.007759
0.007484
0.007055
0.008592
0.011036
0.009248
0.009695
0.008011
0.007743
0.005394
0.005814
0.005359
0.007295
0.006703
0.006554
0.01044
0.009276
0.008685
0.007776
0.0071
0.007944
0.010536
0.011457
0.008964
0.006571
0.005822
0.009945
0.009388
0.008572
0.007946
0.006542
0.005369
0.003804
0.003381
0.002489
0.001889
0.001936
0.002095
0.002146
0.001948
0.002083
0.0019
0.001762
0.001619
0.001843
0.001757
0.002179
0.002289
0.002061
0.002073
0.002033
0.001956
0.001917
0.001967
0.001926
0.001731
0.001673
0.001516
0.00174
0.001748
0.002979
0.002234
0.00212
0.002431
0.001982
0.001956
0.001893
0.001944
0.001919
0.001936
0.001777
0.00201
0.001934
0.001941
0.002032
0.002077
0.001892
0.001759
0.001905
0.001995
0.002005
0.00193
0.001994
0.002006
0.002197
0.00236
0.002278
0.002251
0.002219
0.002223
0.002726
0.001785
0.001749
0.001726
0.001691
0.001751
0.001765
0.002243
0.002137
0.003637
0.002835
0.003059
0.002953
0.00297
0.002638
0.002594
0.002482
0.011399
0.013425
0.013381
0.013677
0.012713
0.01227
0.010713
0.009788
0.009211
0.008713
0.008353
0.007829
0.007591
0.007117
0.00685
0.00673
0.006658
0.006612
0.0065
0.006247
0.006225
0.006161
0.005982
0.005862
0.005752
0.005715
0.005638
0.005495
0.005354
0.005328
0.005229
0.005191
0.005148
0.005049
0.005043
0.004992
0.004944
0.00497
0.004971
0.004868
0.004819
0.004787
0.004688
0.004655
0.00457
0.004567
0.009168
0.004851
0.004058
0.004535
0.004064
0.004246
0.003994
0.003969
0.003962
0.003748
0.003672
0.003508
0.003474
0.00342
0.003389
0.003356
0.003181
0.003375
0.003148
0.003157
0.003182
0.003096
0.003123
0.003123
0.00307
0.002986
0.003005
0.003051
0.003032
0.002988
0.002979
0.002995
0.002985
0.00297
0.002964
0.002969
0.002951
0.002969
0.002964
0.002934
0.002901
0.002901
0.002074
0.001582
0.001736
0.001885
0.002078
0.002016
0.001658
0.001865
0.001683
0.001632
0.001599
0.001573
0.00181
0.00171
0.001687
0.002234
0.002422
0.002516
0.002345
0.002119
0.002093
0.002085
0.00171
0.001681
0.001769
0.00152
0.001969
0.001783
0.001648
0.001658
0.00111
0.001195
0.001358
0.001634
0.001811
0.001788
0.001558
0.001859
0.001518
0.001528
0.001565
0.001615
0.001559
0.00158
0.00186
0.001777
0.001746
0.001816
0.001665
0.001291
0.001865
0.001843
0.001696
0.001606
0.001495
0.001547
0.00163
0.001778
0.001751
0.001559
0.001746
0.003707
0.002769
0.002813
0.002938
0.002794
0.001524
0.002159
0.001593
0.001614
0.001735
0.001763
0.001871
0.001708
0.001916
0.001911
0.001965
0.001923
0.002035
0.001747
0.00258
0.005013
0.005929
0.006329
0.003777
0.006949
0.005101
0.004187
0.0041
0.003749
0.00319
0.002545
0.004303
0.005244
0.00523
0.003964
0.00449
0.00522
0.004616
0.00439
0.004176
0.004044
0.004023
0.003103
0.003166
0.002219
0.005804
0.005437
0.0052
0.004179
0.005127
0.006205
0.005797
0.006618
0.005542
0.009065
0.007449
0.009634
0.008136
0.006108
0.005382
0.004927
0.004521
0.004295
0.003979
0.003957
0.003969
0.00516
0.005998
0.005078
0.005917
0.005207
0.00494
0.004746
0.004755
0.003991
0.003662
0.008712
0.009113
0.007121
0.005365
0.006558
0.008492
0.006482
0.006827
0.009008
0.008361
0.008221
0.007892
0.008381
0.007475
0.007657
0.006596
0.006216
0.005906
0.00545
0.007702
0.005384
0.004457
0.006994
0.00448
0.007997
0.006507
0.01144
0.01168
0.012123
0.012031
0.007934
0.00973
0.009764
0.009152
0.010134
0.00893
0.011039
0.010934
0.008925
0.008353
0.008589
0.013329
0.01194
0.009667
0.009813
0.008716
0.008695
0.00721
0.007805
0.006757
0.007427
0.005927
0.005731
0.005682
0.005141
0.004867
0.004711
0.010992
0.009442
0.010575
0.009896
0.006605
0.006197
0.00953
0.010824
0.008842
0.008965
0.007823
0.007753
0.007268
0.006795
0.00636
0.009501
0.00906
0.008547
0.008508
0.008108
0.007732
0.007516
0.006816
0.006387
0.005975
0.00586
0.005654
0.00722
0.00653
0.006827
0.006004
0.00835
0.007757
0.008011
0.010709
0.011567
0.008454
0.008155
0.007313
0.006937
0.006414
0.00824
0.007804
0.007379
0.007299
0.006867
0.006584
0.012502
0.010624
0.010231
0.012405
0.011052
0.00967
0.012964
0.011107
0.011507
0.011284
0.010675
0.008625
0.010385
0.011603
0.010402
0.012458
0.011324
0.012231
0.011429
0.010429
0.010529
0.010356
0.010243
0.009008
0.010669
0.009126
0.008316
0.007617
0.009709
0.009148
0.008417
0.011299
0.010153
0.011111
0.01014
0.008943
0.01138
0.011191
0.010953
0.00885
0.013389
0.01306
0.014148
0.008307
0.007318
0.011158
0.00979
0.010621
0.009916
0.009575
0.008982
0.00932
0.011345
0.013719
0.010258
0.009265
0.012117
0.009701
0.009318
0.011339
0.008347
0.008753
0.009071
0.012908
0.008019
0.007335
0.006797
0.006384
0.008406
0.007517
0.010351
0.010988
0.012188
0.009045
0.008298
0.010576
0.011703
0.011711
0.009664
0.011484
0.011838
0.008827
0.01117
0.010668
0.010654
0.010885
0.011062
0.011416
0.009584
0.009897
0.009703
0.00952
0.009504
0.00844
0.011847
0.011596
0.009677
0.010161
0.009823
0.009129
0.010177
0.008624
0.007377
0.007563
0.006875
0.006258
0.0061
0.011685
0.011971
0.011484
0.00955
0.010951
0.01069
0.01102
0.010905
0.01074
0.010888
0.009467
0.002415
0.004814
0.004139
0.003426
0.003224
0.002855
0.002657
0.002571
0.009587
0.009741
0.009929
0.009858
0.009741
0.009749
0.009487
0.009407
0.009214
0.009167
0.008108
0.011429
0.009728
0.012386
0.013125
0.013831
0.014083
0.014199
0.014634
0.01449
0.014492
0.014324
0.008023
0.006147
0.008874
0.00817
0.01347
0.013141
0.011981
0.013559
0.01419
0.010365
0.008488
0.013245
0.012593
0.008788
0.009936
0.008925
0.008429
0.015884
0.014506
0.013404
0.011518
0.009969
0.009067
0.00738
0.009849
0.007214
0.00796
0.007
0.010782
0.012059
0.011704
0.016376
0.015612
0.011003
0.012802
0.010398
0.012475
0.010869
0.011089
0.010959
0.010335
0.010802
0.010052
0.012348
0.012514
0.010608
0.010579
0.009451
0.009336
0.007759
0.006979
0.006728
0.004856
0.00399
0.003843
0.009843
0.007951
0.015909
0.010633
0.009848
0.009585
0.009412
0.015443
0.017104
0.016955
0.016458
0.016308
0.010117
0.015373
0.0125
0.011291
0.009298
0.010272
0.012942
0.014197
0.013787
0.014758
0.012719
0.012511
0.011201
0.012214
0.010657
0.010486
0.008943
0.009713
0.01079
0.010406
0.008429
0.011034
0.010758
0.009503
0.009985
0.010942
0.011353
0.011153
0.011163
0.008146
0.009991
0.00882
0.010627
0.012522
0.012555
0.013102
0.011663
0.007829
0.007083
0.00978
0.008993
0.008669
0.010025
0.007693
0.006426
0.005943
0.006909
0.005384
0.005215
0.004619
0.004407
0.004181
0.004135
0.004148
0.00755
0.007177
0.006525
0.012869
0.012896
0.012288
0.011273
0.01146
0.010274
0.009807
0.012463
0.012187
0.011786
0.011285
0.010702
0.012493
0.006286
0.005699
0.008396
0.011942
0.008323
0.0109
0.013094
0.010299
0.010042
0.010203
0.007076
0.00686
0.006438
0.011365
0.009372
0.009382
0.00809
0.008799
0.008314
0.008459
0.007874
0.01044
0.008794
0.009621
0.008414
0.013026
0.012052
0.011533
0.008703
0.005736
0.005045
0.008329
0.008035
0.007268
0.011204
0.010535
0.00978
0.011145
0.0073
0.011669
0.010662
0.010681
0.012459
0.010813
0.009499
0.008181
0.009623
0.008116
0.012474
0.012973
0.012347
0.012717
0.0153
0.01217
0.010546
0.009445
0.009569
0.010267
0.010641
0.011806
0.010387
0.010539
0.013169
0.010517
0.010968
0.011973
0.010666
0.009778
0.007897
0.009704
0.009294
0.010855
0.009897
0.009429
0.008504
0.008823
0.010008
0.011256
0.01079
0.009913
0.007912
0.011322
0.014498
0.011701
0.009773
0.010515
0.008407
0.008856
0.011096
0.008653
0.007532
0.006672
0.006168
0.015737
0.007973
0.010025
0.007289
0.006085
0.004337
0.004136
0.011473
0.013799
0.00818
0.011466
0.018079
0.018765
0.010971
0.012085
0.010737
0.010038
0.009107
0.00861
0.009308
0.011211
0.01138
0.007341
0.006969
0.006593
0.007263
0.005581
0.004881
0.005122
0.006781
0.006437
0.006289
0.009331
0.006731
0.00579
0.005306
0.007881
0.007456
0.006611
0.006682
0.004736
0.004258
0.004533
0.003954
0.006583
0.004497
0.015371
0.011499
0.00786
0.007129
0.006299
0.005734
0.006166
0.006171
0.005359
0.008603
0.008703
0.007448
0.007435
0.009093
0.013328
0.009814
0.009475
0.011411
0.010776
0.010041
0.008407
0.00729
0.007315
0.006725
0.006401
0.008044
0.012568
0.011533
0.01111
0.010553
0.011298
0.011844
0.011437
0.01189
0.011366
0.009275
0.00992
0.0098
0.016412
0.016828
0.012679
0.015838
0.015836
0.015104
0.009461
0.010817
0.007934
0.007786
0.01156
0.010795
0.010933
0.010938
0.011031
0.010937
0.01109
0.01093
0.010984
0.01092
0.010705
0.010713
0.01022
0.010044
0.009771
0.012434
0.008666
0.009012
0.012622
0.01308
0.012154
0.011546
0.010032
0.012113
0.012211
0.009327
0.008805
0.005531
0.004153
0.003931
0.003551
0.010435
0.011201
0.009785
0.007769
0.007535
0.007316
0.006562
0.006133
0.005977
0.005919
0.005695
0.010882
0.011963
0.010153
0.010687
0.008386
0.006746
0.005698
0.010321
0.009454
0.009989
0.009403
0.010764
0.010059
0.009674
0.010961
0.011208
0.01169
0.00842
0.008407
0.006953
0.005936
0.010311
0.009849
0.009636
0.010136
0.009025
0.009157
0.008932
0.008679
0.008448
0.008127
0.007982
0.007788
0.007563
0.01336
0.010948
0.01476
0.008814
0.008214
0.01127
0.009271
0.012077
0.012638
0.00793
0.008717
0.007427
0.007257
0.00599
0.007188
0.004933
0.004568
0.004449
0.009642
0.008003
0.006821
0.006642
0.006121
0.010272
0.010212
0.007032
0.008805
0.007546
0.01027
0.009654
0.009445
0.009021
0.008604
0.008147
0.0081
0.006939
0.009608
0.008322
0.009712
0.011813
0.011448
0.008832
0.006577
0.006053
0.008014
0.009614
0.008808
0.00822
0.007631
0.007474
0.007221
0.007123
0.006614
0.006322
0.00621
0.006163
0.006076
0.005918
0.005788
0.00564
0.005594
0.005451
0.00531
0.009986
0.00928
0.009009
0.008425
0.010894
0.00964
0.012013
0.009173
0.011394
0.013006
0.011143
0.011363
0.010607
0.010327
0.010459
0.010416
0.011332
0.00961
0.00941
0.009613
0.009418
0.009441
0.009355
0.009051
0.008967
0.00893
0.010318
0.010887
0.011016
0.010772
0.010354
0.010002
0.00998
0.009992
0.010997
0.01074
0.010927
0.010042
0.009951
0.009862
0.009781
0.009727
0.009508
0.009726
0.009221
0.011323
0.011578
0.01137
0.011454
0.011058
0.011055
0.011896
0.012416
0.010224
0.010268
0.010533
0.012582
0.013683
0.011782
0.009619
0.006457
0.006052
0.011824
0.011532
0.011671
0.0115
0.01128
0.011453
0.01134
0.011253
0.010935
0.010617
0.012226
0.012354
0.012478
0.012436
0.011037
0.00903
0.010895
0.011748
0.00843
0.007419
0.00729
0.007189
0.010404
0.009394
0.007737
0.008375
0.009363
0.007243
0.006917
0.007045
0.009552
0.008006
0.00752
0.009395
0.008012
0.007261
0.00627
0.006485
0.007336
0.006682
0.008467
0.007215
0.006931
0.008801
0.01006
0.010808
0.012073
0.012576
0.016465
0.017391
0.017183
0.016957
0.016462
0.010349
0.009101
0.010982
0.010768
0.009428
0.008741
0.008677
0.008477
0.012709
0.012132
0.009518
0.01349
0.012645
0.012749
0.007177
0.00759
0.006392
0.005684
0.008926
0.009821
0.008866
0.010303
0.009328
0.00978
0.008485
0.00903
0.010516
0.009094
0.011392
0.009543
0.007933
0.007999
0.008781
0.006953
0.007761
0.007176
0.007218
0.009519
0.00599
0.009273
0.007569
0.006478
0.005811
0.006439
0.005153
0.008945
0.008373
0.009863
0.009201
0.008156
0.008253
0.005951
0.004371
0.003878
0.005543
0.008966
0.008645
0.008213
0.008317
0.00843
0.01104
0.007658
0.010072
0.008611
0.007962
0.007335
0.007009
0.006528
0.007385
0.007986
0.00715
0.0079
0.00724
0.01039
0.008405
0.009796
0.009499
0.009195
0.008112
0.007758
0.007073
0.006466
0.009523
0.012468
0.0117
0.010097
0.010287
0.010174
0.009215
0.008805
0.012254
0.011571
0.012863
0.009113
0.014143
0.013706
0.01411
0.01257
0.011837
0.011156
0.009187
0.009075
0.00969
0.007928
0.006798
0.006153
0.005777
0.007786
0.006982
0.008453
0.009779
0.009492
0.011371
0.009881
0.00725
0.005772
0.006446
0.011285
0.008792
0.007459
0.008187
0.005224
0.004773
0.005704
0.003508
0.008903
0.007816
0.00807
0.009159
0.009997
0.010288
0.009662
0.010572
0.009548
0.010703
0.010536
0.010018
0.009435
0.008744
0.011089
0.005878
0.011132
0.008641
0.009623
0.013868
0.006776
0.006854
0.006822
0.006132
0.008734
0.007617
0.007115
0.00707
0.00883
0.006921
0.012702
0.012446
0.013369
0.011725
0.009666
0.010727
0.008834
0.009943
0.00995
0.007305
0.007683
0.007331
0.006723
0.007006
0.009898
0.009318
0.006585
0.005704
0.005207
0.005032
0.006058
0.005525
0.005243
0.005084
0.004958
0.004745
0.01183
0.010025
0.009105
0.010913
0.006677
0.006441
0.005521
0.005217
0.004709
0.004747
0.004267
0.003923
0.003887
0.009265
0.011077
0.011637
0.010447
0.014638
0.009646
0.014248
0.014386
0.012979
0.012836
0.010833
0.008426
0.006846
0.005684
0.004975
0.004884
0.004351
0.011201
0.010396
0.008567
0.009105
0.008397
0.012902
0.00921
0.010917
0.011424
0.009149
0.012052
0.008599
0.012945
0.011636
0.017322
0.016676
0.015451
0.013647
0.012735
0.0117
0.010378
0.009574
0.009131
0.012299
0.009577
0.00635
0.006652
0.007365
0.007039
0.006419
0.007381
0.006673
0.005874
0.011035
0.008897
0.008291
0.007351
0.00766
0.007715
0.006516
0.004147
0.003427
0.006033
0.00594
0.00493
0.006117
0.004737
0.00545
0.004871
0.00664
0.008247
0.006244
0.004756
0.004255
0.008203
0.007749
0.006348
0.005843
0.005591
0.004897
0.004557
0.004028
0.003872
0.009343
0.005304
0.004278
0.003541
0.003171
0.003353
0.002971
0.002952
0.002825
0.002764
0.002808
0.002682
0.002664
0.002554
0.008041
0.005355
0.005725
0.006958
0.004714
0.004429
0.003686
0.004448
0.009301
0.005709
0.004612
0.003702
0.003864
0.003235
0.009194
0.007938
0.00449
0.00397
0.00372
0.003241
0.003009
0.003073
0.003063
0.002956
0.002869
0.007252
0.005808
0.005115
0.004146
0.003914
0.004281
0.004062
0.003677
0.005325
0.007481
0.005354
0.005398
0.004699
0.004259
0.003794
0.003832
0.00342
0.003431
0.00322
0.006787
0.0038
0.009985
0.00673
0.006196
0.006243
0.004833
0.00372
0.014383
0.007228
0.006668
0.005287
0.007781
0.004166
0.003813
0.007454
0.00581
0.006432
0.005768
0.004405
0.003698
0.003395
0.00318
0.003228
0.002969
0.002993
0.002893
0.006938
0.006886
0.005488
0.005633
0.010901
0.007107
0.007204
0.007145
0.008397
0.007342
0.007348
0.006374
0.007006
0.006573
0.006582
0.006279
0.006197
0.008243
0.008508
0.008729
0.008641
0.008293
0.008171
0.007718
0.007513
0.004457
0.007079
0.006231
0.006164
0.006986
0.006816
0.006789
0.006727
0.006439
0.006476
0.00656
0.006427
0.006502
0.006349
0.006359
0.00627
0.006143
0.00604
0.00586
0.005655
0.005719
0.005647
0.005565
0.005357
0.003881
0.003036
0.002668
0.004472
0.004357
0.005498
0.006092
0.00563
0.005258
0.004344
0.004069
0.003445
0.003351
0.003021
0.00278
0.002709
0.00455
0.003999
0.003618
0.003139
0.003113
0.002856
0.002741
0.00278
0.002769
0.002693
0.009081
0.006288
0.006047
0.006236
0.007419
0.007846
0.007912
0.007949
0.005949
0.00793
0.007835
0.006269
0.006965
0.005965
0.005979
0.005812
0.008441
0.009207
0.005491
0.006219
0.008188
0.005676
0.005623
0.005251
0.007317
0.0075
0.007039
0.007025
0.006514
0.006956
0.005734
0.006791
0.005098
0.005421
0.005879
0.004737
0.00441
0.003978
0.006313
0.00602
0.006575
0.006546
0.006552
0.006518
0.006496
0.006568
0.006467
0.00649
0.006516
0.006501
0.006418
0.006329
0.006183
0.00636
0.006152
0.006214
0.006071
0.005891
0.005878
0.00586
0.005599
0.005802
0.005749
0.005804
0.005713
0.005714
0.005662
0.005582
0.00552
0.005489
0.005529
0.005398
0.005395
0.005385
0.006343
0.006087
0.006432
0.006408
0.005811
0.005102
0.004927
0.004788
0.00445
0.004336
0.006266
0.009269
0.010845
0.010687
0.010055
0.008963
0.007461
0.006206
0.006212
0.006386
0.006453
0.006522
0.00643
0.006425
0.006121
0.005898
0.005861
0.005829
0.007519
0.008195
0.00838
0.008287
0.008359
0.007622
0.007379
0.007156
0.008708
0.009373
0.009543
0.009781
0.009798
0.009035
0.008814
0.008568
0.008067
0.007915
0.007496
0.007204
0.011784
0.009749
0.014081
0.01264
0.007884
0.009407
0.009138
0.009028
0.008636
0.008131
0.008224
0.007771
0.007485
0.007297
0.007239
0.007017
0.006616
0.006345
0.006084
0.005832
0.005594
0.005225
0.009511
0.010172
0.009748
0.009725
0.009597
0.009292
0.008828
0.007946
0.007633
0.007298
0.007174
0.006838
0.006426
0.006112
0.005938
0.005869
0.005773
0.005707
0.005469
0.005917
0.00699
0.006606
0.006116
0.007611
0.00804
0.006334
0.006264
0.00626
0.006106
0.005745
0.005126
0.004711
0.005429
0.005375
0.005301
0.005507
0.005358
0.005372
0.005379
0.0052
0.004747
0.004706
0.004727
0.004699
0.004627
0.004701
0.004672
0.004643
0.004686
0.004703
0.004609
0.004514
0.004503
0.004494
0.004454
0.004413
0.004419
0.004388
0.009925
0.010014
0.010321
0.009293
0.009042
0.008481
0.008225
0.005812
0.004852
0.005274
0.005508
0.005238
0.00507
0.005248
0.006816
0.005292
0.005101
0.004467
0.004036
0.003685
0.003516
0.004629
0.00565
0.006677
0.00601
0.005928
0.005676
0.005871
0.005714
0.008398
0.009301
0.009132
0.008914
0.008585
0.007841
0.007117
0.006943
0.006745
0.009834
0.0102
0.008435
0.008518
0.015364
0.016027
0.016632
0.009588
0.007855
0.007895
0.007488
0.010563
0.010946
0.011229
0.011454
0.00799
0.007835
0.00751
0.00734
0.005527
0.007667
0.006019
0.007477
0.006555
0.006392
0.005716
0.006348
0.006281
0.006076
0.005964
0.005895
0.005994
0.005711
0.005706
0.005418
0.004951
0.004944
0.004968
0.004753
0.004551
0.004542
0.004419
0.004395
0.007088
0.009901
0.011158
0.011115
0.01097
0.010134
0.00953
0.009239
0.006828
0.007519
0.006954
0.007577
0.007653
0.007408
0.007331
0.006911
0.006726
0.0063
0.007994
0.005916
0.006552
0.006313
0.006934
0.006572
0.006793
0.006542
0.00667
0.006347
0.006039
0.006007
0.002337
0.002715
0.002502
0.005358
0.005052
0.004616
0.004852
0.005497
0.004849
0.005922
0.011352
0.008159
0.012386
0.009488
0.007702
0.0112
0.0114
0.009315
0.008515
0.007893
0.007142
0.008553
0.006092
0.007282
0.004857
0.008229
0.011229
0.006198
0.011376
0.011932
0.010822
0.010766
0.006064
0.01282
0.012501
0.009343
0.01232
0.013521
0.010132
0.011866
0.012915
0.013245
0.012196
0.006578
0.012156
0.010127
0.009908
0.004693
0.004607
0.010588
0.011427
0.006585
0.004221
0.004179
0.004281
0.004304
0.005476
0.004167
0.004072
0.003929
0.003785
0.00402
0.003677
0.00616
0.005807
0.013435
0.004088
0.004138
0.005789
0.005682
0.005604
0.005357
0.005031
0.004875
0.007174
0.005594
0.006603
0.00487
0.007627
0.004397
0.004323
0.003857
0.004448
0.004627
0.008205
0.004812
0.004148
0.004374
0.004405
0.003408
0.013417
0.010091
0.008984
0.008843
0.011512
0.008922
0.00861
0.010041
0.007988
0.006823
0.010913
0.008285
0.006983
0.006904
0.006614
0.006218
0.005817
0.005349
0.00528
0.00534
0.005173
0.00502
0.004887
0.004836
0.004656
0.006561
0.006179
0.005186
0.010499
0.010086
0.00976
0.008451
0.007959
0.007798
0.012975
0.010268
0.010068
0.009966
0.009616
0.009404
0.009168
0.007459
0.003902
0.003826
0.003685
0.003763
0.003677
0.011983
0.01217
0.010565
0.010337
0.010596
0.009798
0.007927
0.012136
0.00741
0.012381
0.006402
0.006022
0.008813
0.007177
0.006296
0.009388
0.009409
0.009137
0.008948
0.011698
0.011583
0.010696
0.008161
0.009186
0.011388
0.007051
0.008154
0.00726
0.007323
0.006257
0.009128
0.008402
0.0061
0.008713
0.009609
0.007421
0.011125
0.011341
0.012345
0.012769
0.012651
0.012071
0.006889
0.009013
0.00926
0.008719
0.009028
0.006879
0.006281
0.005433
0.005689
0.006555
0.010966
0.012212
0.01011
0.011923
0.012882
0.012323
0.01198
0.007954
0.007646
0.008927
0.011551
0.009506
0.008865
0.012783
0.008804
0.011332
0.011606
0.010019
0.009399
0.009508
0.009521
0.009498
0.009691
0.00952
0.009521
0.012453
0.012712
0.012913
0.012695
0.011966
0.009902
0.010247
0.0075
0.007959
0.007052
0.008972
0.012056
0.00766
0.006475
0.006609
0.010277
0.006663
0.007902
0.012647
0.012864
0.010709
0.008622
0.010374
0.009492
0.009461
0.008205
0.007277
0.006928
0.012602
0.005505
0.002913
0.004867
0.014497
0.014408
0.014517
0.007353
0.008155
0.008138
0.00684
0.005404
0.005445
0.010714
0.010605
0.01034
0.009506
0.008591
0.009087
0.015725
0.010738
0.01274
0.013434
0.012334
0.018984
0.00901
0.008142
0.012152
0.011082
0.009841
0.008124
0.005447
0.00363
0.008974
0.00793
0.007684
0.010678
0.010739
0.011394
0.008721
0.007786
0.006328
0.010729
0.008663
0.008403
0.00854
0.008529
0.008193
0.009111
0.008191
0.008636
0.008366
0.008585
0.011872
0.012805
0.011136
0.010526
0.009932
0.009896
0.009454
0.009392
0.008961
0.008941
0.008502
0.008195
0.008798
0.01068
0.009143
0.011466
0.008362
0.006355
0.005104
0.004647
0.004064
0.009793
0.009389
0.009222
0.008691
0.00728
0.00686
0.007726
0.006104
0.005791
0.005858
0.009598
0.007938
0.008494
0.0108
0.014339
0.00833
0.007942
0.007595
0.007085
0.006873
0.012559
0.008409
0.008121
0.007536
0.006755
0.006809
0.006378
0.00985
0.00958
0.009124
0.007083
0.016769
0.012751
0.011146
0.005885
0.005789
0.004748
0.00477
0.007516
0.007537
0.007275
0.006578
0.005777
0.005153
0.010668
0.014027
0.01436
0.009787
0.011724
0.010527
0.00918
0.010092
0.009397
0.005896
0.010303
0.005111
0.004356
0.007478
0.006468
0.005856
0.005471
0.009399
0.011383
0.009567
0.008692
0.011232
0.009359
0.010227
0.008235
0.00756
0.009202
0.007651
0.006491
0.005719
0.013645
0.009146
0.007636
0.007091
0.006432
0.006132
0.009332
0.010574
0.016174
0.009586
0.008116
0.008715
0.010483
0.011606
0.0099
0.009117
0.008752
0.006683
0.011631
0.011686
0.012244
0.008573
0.010781
0.011676
0.011211
0.011158
0.016205
0.018371
0.019971
0.020922
0.021008
0.006828
0.006834
0.007094
0.007979
0.012239
0.007904
0.006129
0.006383
0.006517
0.005806
0.010399
0.006553
0.006119
0.010008
0.012338
0.00688
0.009988
0.00833
0.005606
0.007964
0.011209
0.011369
0.007152
0.006025
0.004988
0.004424
0.004361
0.005399
0.008132
0.007303
0.011326
0.011785
0.011048
0.006663
0.011797
0.006486
0.008512
0.008185
0.008876
0.006628
0.003536
0.002911
0.008516
0.008306
0.008627
0.012323
0.011755
0.008634
0.006968
0.00957
0.013704
0.011194
0.011099
0.011088
0.010765
0.010712
0.010529
0.010813
0.002656
0.002495
0.003293
0.00262
0.002672
0.002838
0.002751
0.003395
0.002777
0.002564
0.002466
0.004273
0.003197
0.002706
0.001931
0.002004
0.002038
0.0019
0.002213
0.002672
0.001844
0.001637
0.002397
0.002294
0.002932
0.00252
0.002239
0.002318
0.002205
0.001959
0.001849
0.0028
0.001921
0.002765
0.002714
0.002196
0.002072
0.002179
0.002118
0.002053
0.002149
0.002115
0.002036
0.001993
0.001985
0.00198
0.00265
0.002333
0.002382
0.002035
0.001945
0.001964
0.001985
0.002567
0.001579
0.001436
0.00137
0.001467
0.004956
0.005002
0.004756
0.004279
0.003964
0.0038
0.003683
0.003427
0.003485
0.003129
0.002913
0.00292
0.003835
0.003693
0.00365
0.003458
0.003326
0.003088
0.003088
0.003003
0.011148
0.010576
0.016931
0.008416
0.009912
0.009611
0.016865
0.007784
0.008634
0.006778
0.008953
0.01056
0.007195
0.009918
0.011989
0.010376
0.009416
0.009125
0.011311
0.010624
0.010113
0.009733
0.01056
0.010874
0.010788
0.012883
0.012219
0.014031
0.013646
0.011717
0.009729
0.010029
0.010192
0.010139
0.010128
0.014329
0.016186
0.016621
0.017406
0.010198
0.009794
0.009432
0.009563
0.008783
0.008645
0.008427
0.008349
0.013718
0.010522
0.011671
0.010617
0.013317
0.01213
0.016042
0.015904
0.015304
0.014682
0.013689
0.012392
0.01319
0.01298
0.012263
0.01198
0.011882
0.015899
0.01421
0.013636
0.01246
0.011644
0.011205
0.011335
0.010492
0.008681
0.008898
0.009003
0.008704
0.008427
0.008084
0.007726
0.007751
0.011785
0.010407
0.010514
0.009489
0.007664
0.007767
0.008921
0.007884
0.006805
0.006817
0.006341
0.006336
0.006951
0.005943
0.008453
0.008411
0.01105
0.010192
0.009756
0.017704
0.019
0.019973
0.020435
0.020897
0.012457
0.012069
0.011588
0.007009
0.010539
0.009665
0.00928
0.007851
0.007974
0.006821
0.008946
0.006799
0.006557
0.006114
0.010404
0.007607
0.013353
0.013361
0.012708
0.013032
0.011922
0.011591
0.010145
0.005026
0.01786
0.014797
0.017789
0.009412
0.007526
0.008573
0.010262
0.008188
0.006246
0.019846
0.011669
0.009699
0.008672
0.007854
0.007238
0.006669
0.006405
0.006105
0.005909
0.010931
0.009076
0.00897
0.007409
0.011727
0.006393
0.005482
0.006584
0.007211
0.007063
0.006235
0.005664
0.005339
0.005059
0.010523
0.008189
0.009854
0.017814
0.009169
0.009943
0.009682
0.009582
0.010038
0.010095
0.009584
0.009486
0.012939
0.01248
0.014551
0.008843
0.008557
0.009298
0.010123
0.008484
0.009393
0.007945
0.008068
0.007612
0.013424
0.018248
0.016391
0.011858
0.008767
0.012909
0.012186
0.011273
0.010636
0.009821
0.004758
0.004245
0.003588
0.003287
0.002948
0.002857
0.002612
0.002622
0.002687
0.002004
0.002261
0.001956
0.002079
0.002788
0.006004
0.005161
0.004927
0.005719
0.004927
0.004254
0.003963
0.00396
0.004704
0.003631
0.009129
0.006927
0.009038
0.00662
0.005917
0.005324
0.005206
0.007781
0.010476
0.010078
0.009376
0.008303
0.007624
0.006416
0.010346
0.007971
0.00907
0.007106
0.0068
0.010987
0.009364
0.008851
0.00795
0.007745
0.007305
0.006765
0.007851
0.009026
0.007414
0.00712
0.006737
0.006584
0.006248
0.006079
0.006105
0.005863
0.005578
0.014335
0.012514
0.012362
0.011451
0.012041
0.011899
0.011848
0.011389
0.011259
0.011148
0.010997
0.010451
0.010684
0.01054
0.010355
0.010755
0.008639
0.006921
0.0106
0.007018
0.006943
0.006104
0.005865
0.008171
0.012699
0.009891
0.008328
0.009676
0.008424
0.005116
0.003954
0.005163
0.004005
0.004653
0.004802
0.004715
0.004469
0.007003
0.004258
0.003713
0.003408
0.003376
0.003082
0.007226
0.009299
0.008953
0.00854
0.008036
0.007437
0.007177
0.007792
0.007189
0.00773
0.007322
0.004392
0.006463
0.003994
0.003664
0.0041
0.004008
0.003631
0.003605
0.003364
0.007729
0.006876
0.006092
0.005227
0.004885
0.004302
0.003958
0.003778
0.003834
0.003729
0.003636
0.003336
0.003329
0.003291
0.003131
0.003046
0.003039
0.002973
0.011627
0.011297
0.008098
0.00682
0.006562
0.005852
0.011601
0.009441
0.013649
0.010184
0.009474
0.017166
0.007317
0.013334
0.006346
0.007879
0.008967
0.009344
0.008626
0.008139
0.006094
0.0046
0.004259
0.004544
0.011913
0.007944
0.005829
0.005284
0.004768
0.010853
0.010734
0.007681
0.007047
0.007974
0.006653
0.006182
0.007277
0.008815
0.006257
0.00761
0.005092
0.005005
0.004232
0.00677
0.006355
0.006305
0.007084
0.006811
0.004999
0.004008
0.003519
0.003621
0.007611
0.010787
0.013875
0.014781
0.018792
0.016614
0.02267
0.015186
0.017136
0.018698
0.012111
0.017184
0.019619
0.019735
0.019545
0.013941
0.018534
0.017396
0.013642
0.013574
0.013656
0.013771
0.013489
0.013286
0.012849
0.012538
0.012121
0.011709
0.013919
0.014889
0.014996
0.016019
0.016677
0.014551
0.017878
0.020441
0.027918
0.03372
0.026931
0.036928
0.015867
0.011228
0.017381
0.013702
0.009788
0.011748
0.009153
0.008904
0.012658
0.018264
0.02119
0.022981
0.022794
0.023231
0.022727
0.010793
0.017907
0.016601
0.015143
0.008664
0.011513
0.011002
0.011783
0.011905
0.011643
0.010582
0.011059
0.012505
0.012652
0.009394
0.005269
0.004144
0.00981
0.009148
0.009975
0.012363
0.012992
0.012482
0.011705
0.009815
0.009369
0.009446
0.014706
0.013351
0.012005
0.019877
0.018399
0.01398
0.014363
0.010113
0.009843
0.009181
0.009133
0.008988
0.008113
0.012831
0.011356
0.010474
0.010386
0.012549
0.016913
0.015466
0.015017
0.015938
0.015418
0.015143
0.014475
0.013336
0.016793
0.008894
0.010151
0.012256
0.010325
0.013234
0.012586
0.010294
0.008377
0.008317
0.00997
0.014142
0.009242
0.006342
0.006154
0.004718
0.007675
0.009611
0.008694
0.010311
0.00946
0.008747
0.007129
0.008953
0.009471
0.011651
0.00529
0.012298
0.011457
0.006672
0.007436
0.012021
0.006732
0.006291
0.009176
0.008905
0.005185
0.004724
0.004577
0.004175
0.003948
0.003684
0.003656
0.003697
0.003644
0.004505
0.003883
0.003575
0.005424
0.011103
0.008986
0.009568
0.008595
0.007707
0.007355
0.009883
0.007682
0.007184
0.00681
0.010483
0.007544
0.007076
0.006565
0.006123
0.005923
0.007538
0.002364
0.010056
0.011114
0.010262
0.009732
0.008972
0.008503
0.009673
0.01002
0.005662
0.005099
0.005096
0.008123
0.007944
0.007763
0.00648
0.0065
0.006236
0.006425
0.007886
0.010023
0.007575
0.007142
0.00658
0.007045
0.00765
0.005735
0.004743
0.004338
0.00381
0.00374
0.006168
0.005549
0.005061
0.004588
0.004097
0.00892
0.012097
0.011235
0.008397
0.00629
0.009116
0.007652
0.00674
0.00752
0.006298
0.011443
0.010764
0.0116
0.010113
0.007416
0.008831
0.006006
0.005697
0.00536
0.00803
0.006126
0.005477
0.0054
0.004708
0.004635
0.004265
0.010993
0.010456
0.011498
0.006327
0.00578
0.006838
0.007663
0.006424
0.005757
0.004677
0.007359
0.007945
0.007492
0.00759
0.007015
0.006827
0.009712
0.009281
0.009073
0.010558
0.009671
0.009513
0.008651
0.008466
0.007907
0.007715
0.007642
0.007204
0.007403
0.007146
0.006762
0.010773
0.00989
0.012241
0.008553
0.008064
0.006571
0.006717
0.005859
0.005079
0.004902
0.005004
0.005016
0.006181
0.004924
0.01021
0.008293
0.008271
0.011576
0.009381
0.007812
0.010961
0.009597
0.009012
0.007851
0.012625
0.009958
0.009385
0.009016
0.006513
0.005245
0.005008
0.004488
0.006966
0.006971
0.007151
0.008069
0.008268
0.008601
0.009204
0.009562
0.008974
0.006537
0.004582
0.006915
0.006251
0.008155
0.006982
0.008859
0.008269
0.007208
0.004091
0.011242
0.00809
0.006205
0.012312
0.009394
0.013765
0.013626
0.006615
0.006008
0.00576
0.005212
0.004707
0.01047
0.011817
0.012278
0.012132
0.009819
0.010033
0.009389
0.01002
0.008155
0.007418
0.006529
0.00957
0.008298
0.008992
0.008236
0.008163
0.017007
0.016221
0.011852
0.008365
0.012507
0.010889
0.010673
0.006822
0.011532
0.007506
0.006904
0.006854
0.00992
0.008671
0.009041
0.008675
0.008291
0.008707
0.00824
0.014196
0.012171
0.009345
0.025237
0.015401
0.007711
0.007038
0.00666
0.006805
0.008528
0.007877
0.008676
0.006609
0.007137
0.005613
0.0071
0.007942
0.010684
0.009088
0.008578
0.008061
0.007892
0.006525
0.005762
0.005851
0.005299
0.011051
0.011164
0.010663
0.012923
0.012742
0.01212
0.011379
0.010123
0.007021
0.00526
0.005707
0.007245
0.00452
0.004395
0.004514
0.00897
0.006434
0.009759
0.006368
0.010317
0.008264
0.00827
0.007221
0.014983
0.011872
0.011075
0.012309
0.008742
0.010928
0.010261
0.011191
0.010003
0.007916
0.012527
0.011637
0.011055
0.017415
0.008081
0.009326
0.008703
0.008623
0.017382
0.006665
0.006338
0.005848
0.006225
0.004198
0.004002
0.00336
0.002936
0.007236
0.006489
0.005998
0.005544
0.005596
0.005384
0.004925
0.008015
0.007348
0.006989
0.011381
0.010942
0.010805
0.011998
0.011411
0.011712
0.012628
0.013098
0.013348
0.013319
0.007326
0.008795
0.009715
0.009621
0.009353
0.009272
0.009152
0.008813
0.009092
0.011413
0.007973
0.004998
0.006331
0.005793
0.008235
0.005132
0.00481
0.011611
0.011962
0.01036
0.010357
0.010326
0.010446
0.010027
0.009984
0.009815
0.009501
0.009339
0.008941
0.008748
0.008336
0.007811
0.007137
0.004793
0.004491
0.003957
0.010416
0.005197
0.005478
0.007064
0.006801
0.002349
0.002608
0.002218
0.002139
0.0022
0.002185
0.002143
0.00212
0.003436
0.003636
0.003566
0.005358
0.008797
0.008161
0.012037
0.011578
0.010674
0.01057
0.008759
0.012754
0.006504
0.006955
0.009894
0.008978
0.008761
0.00851
0.007593
0.007398
0.009374
0.007036
0.006047
0.005054
0.004446
0.004183
0.004985
0.004753
0.001603
0.002285
0.001931
0.002008
0.001953
0.001855
0.001951
0.001977
0.001958
0.001975
0.002082
0.002009
0.001986
0.003147
0.003073
0.002801
0.003373
0.002893
0.002901
0.002999
0.003004
0.003001
0.002896
0.002798
0.002833
0.002868
0.00279
0.002701
0.002655
0.002672
0.002632
0.002532
0.002468
0.002423
0.004929
0.002822
0.004639
0.005678
0.005832
0.004662
0.004467
0.005359
0.0035
0.003532
0.007759
0.009912
0.00355
0.002827
0.00264
0.008117
0.00841
0.005139
0.003382
0.005016
0.00471
0.004373
0.004011
0.00389
0.004401
0.005269
0.006733
0.003459
0.003252
0.002949
0.004691
0.00636
0.00576
0.004341
0.007538
0.006367
0.002474
0.005681
0.005143
0.004463
0.010529
0.006652
0.007874
0.011222
0.003128
0.002368
0.002516
0.002761
0.002761
0.00264
0.002085
0.002241
0.002202
0.002216
0.00291
0.002689
0.002693
0.0025
0.002444
0.002376
0.005429
0.005676
0.004789
0.004419
0.004094
0.004055
0.004043
0.003977
0.00833
0.008288
0.007584
0.007181
0.006471
0.007412
0.006367
0.005936
0.012172
0.006465
0.006146
0.006052
0.005614
0.005555
0.005003
0.004834
0.004831
0.006728
0.010144
0.006565
0.003454
0.003063
0.002674
0.008979
0.00682
0.004957
0.005971
0.005623
0.005316
0.005258
0.005061
0.004791
0.004679
0.004625
0.004499
0.004281
0.004169
0.007682
0.006725
0.006098
0.002491
0.00257
0.002085
0.002247
0.001994
0.002014
0.009166
0.009282
0.008418
0.008886
0.009289
0.00796
0.005949
0.004917
0.007024
0.007831
0.007348
0.005741
0.010905
0.008826
0.007777
0.009959
0.009059
0.008733
0.012396
0.008427
0.009441
0.011133
0.010632
0.009576
0.00934
0.005439
0.004543
0.004264
0.004076
0.003982
0.003739
0.003688
0.00348
0.008797
0.009097
0.008331
0.010141
0.009094
0.008593
0.005126
0.003634
0.00351
0.003035
0.002913
0.002893
0.005852
0.00825
0.00674
0.005361
0.00526
0.004919
0.004548
0.006892
0.00634
0.010488
0.010583
0.008496
0.005535
0.00648
0.006343
0.009586
0.005647
0.008408
0.005616
0.004753
0.004411
0.007045
0.00699
0.006631
0.005349
0.004697
0.003813
0.008548
0.008027
0.007792
0.006837
0.005169
0.005666
0.005175
0.004796
0.007305
0.00779
0.010756
0.010211
0.009751
0.009565
0.009373
0.008796
0.008534
0.009292
0.006466
0.007322
0.006217
0.006043
0.004931
0.003865
0.003565
0.003251
0.003273
0.003141
0.002975
0.004979
0.004889
0.007632
0.007268
0.006595
0.006109
0.005324
0.00513
0.004882
0.004628
0.004514
0.004269
0.006918
0.008972
0.008753
0.005556
0.008051
0.007993
0.006319
0.005935
0.010061
0.013146
0.012995
0.012257
0.011774
0.010993
0.006839
0.00622
0.002312
0.006077
0.005012
0.003739
0.00394
0.002635
0.005131
0.010588
0.006954
0.005554
0.007777
0.007209
0.010707
0.002679
0.002467
0.002525
0.002306
0.002213
0.002139
0.002116
0.002136
0.00223
0.002158
0.008068
0.009435
0.012313
0.011429
0.011624
0.009181
0.009539
0.009093
0.010303
0.009967
0.010307
0.008963
0.009387
0.010117
0.010028
0.008708
0.00951
0.00982
0.009968
0.010241
0.010296
0.010012
0.011296
0.010762
0.011225
0.010566
0.01092
0.012642
0.01141
0.011589
0.010053
0.01188
0.0116
0.012535
0.011154
0.010726
0.009041
0.010558
0.011391
0.011858
0.010428
0.011291
0.012272
0.013012
0.011464
0.009401
0.009221
0.008495
0.00844
0.008404
0.008644
0.011638
0.012332
0.012517
0.012243
0.012268
0.012375
0.011628
0.010637
0.012436
0.013908
0.014635
0.01375
0.010815
0.009889
0.010659
0.010143
0.011168
0.011829
0.010749
0.009446
0.009159
0.00836
0.007583
0.007205
0.01212
0.011315
0.010981
0.00364
0.003057
0.004287
0.004265
0.004114
0.003797
0.003658
0.005029
0.004565
0.004167
0.003862
0.014825
0.017727
0.019074
0.017575
0.014455
0.012876
0.012234
0.015734
0.015163
0.013341
0.014463
0.013381
0.011758
0.010725
0.009875
0.009175
0.009035
0.006154
0.005004
0.004445
0.007397
0.006986
0.00569
0.004942
0.003783
0.002793
0.002818
0.002452
0.002267
0.013884
0.010491
0.008736
0.007632
0.006665
0.005711
0.014062
0.011268
0.009001
0.007909
0.00754
0.006696
0.006237
0.005625
0.00512
0.004885
0.004493
0.004303
0.004111
0.004062
0.004046
0.003781
0.003681
0.00365
0.003562
0.003462
0.003388
0.014072
0.011465
0.008371
0.006566
0.005592
0.005178
0.00448
0.004298
0.007946
0.005227
0.00456
0.004271
0.00413
0.004073
0.003937
0.003958
0.003657
0.003664
0.004068
0.003724
0.003202
0.003102
0.003056
0.003103
0.003087
0.003014
0.002914
0.003005
0.002845
0.00628
0.007804
0.004961
0.004404
0.004049
0.003712
0.010067
0.008816
0.006417
0.005365
0.005091
0.004568
0.004797
0.004527
0.004844
0.004353
0.003648
0.004442
0.004709
0.004478
0.005708
0.006376
0.006341
0.005309
0.00901
0.008185
0.009945
0.007324
0.002528
0.003246
0.003165
0.005744
0.00543
0.004832
0.006967
0.00651
0.008658
0.004588
0.004307
0.00405
0.003711
0.003519
0.003326
0.003097
0.003259
0.002739
0.004988
0.004304
0.003617
0.007316
0.005562
0.004533
0.004062
0.003888
0.003457
0.00349
0.003157
0.008222
0.006729
0.005609
0.007014
0.006591
0.006168
0.005439
0.006871
0.005922
0.005723
0.006124
0.00414
0.005487
0.005067
0.005429
0.005032
0.004593
0.004614
0.004548
0.007262
0.00668
0.006414
0.006265
0.005443
0.005319
0.006247
0.005641
0.005504
0.006744
0.006502
0.005462
0.004326
0.003272
0.005496
0.005285
0.00493
0.00468
0.004534
0.007505
0.006459
0.006276
0.010204
0.010594
0.010451
0.006187
0.007609
0.007503
0.007296
0.007011
0.007552
0.007036
0.006832
0.006593
0.009845
0.009987
0.009965
0.014545
0.015268
0.015258
0.01521
0.013748
0.013121
0.010534
0.009632
0.004039
0.00347
0.002756
0.002865
0.002699
0.002487
0.007829
0.007198
0.002699
0.002083
0.002251
0.002115
0.001925
0.001878
0.003263
0.002928
0.00236
0.002408
0.002269
0.002225
0.002226
0.002164
0.005851
0.004671
0.00373
0.003243
0.003075
0.002963
0.011583
0.006801
0.005629
0.004944
0.00432
0.009901
0.00952
0.009103
0.005742
0.004606
0.007192
0.006909
0.006387
0.008395
0.008078
0.007197
0.00644
0.006216
0.00567
0.004895
0.005534
0.005137
0.004799
0.004115
0.005012
0.007095
0.005804
0.009589
0.008978
0.011908
0.012184
0.011958
0.01704
0.016165
0.006288
0.00673
0.006116
0.00727
0.006445
0.005726
0.007381
0.006621
0.006292
0.005519
0.007312
0.007371
0.007083
0.007092
0.007932
0.008015
0.008436
0.005866
0.014133
0.014701
0.014697
0.004046
0.00388
0.003972
0.003815
0.003745
0.003664
0.003537
0.003567
0.003415
0.003445
0.003414
0.003483
0.003489
0.003485
0.003367
0.006451
0.005394
0.009552
0.009545
0.010747
0.009934
0.009783
0.010294
0.010531
0.008567
0.008958
0.00769
0.007637
0.012858
0.006838
0.004587
0.004097
0.004061
0.003627
0.003661
0.003366
0.002945
0.00292
0.002668
0.002539
0.003699
0.003282
0.002936
0.002571
0.002505
0.002179
0.002116
0.002133
0.002062
0.002122
0.00201
0.002093
0.010261
0.00552
0.004745
0.003297
0.002762
0.002509
0.002414
0.002387
0.002323
0.002188
0.00821
0.008115
0.00759
0.005199
0.00289
0.002693
0.004033
0.003691
0.002372
0.005991
0.002707
0.002424
0.003277
0.005373
0.00536
0.002684
0.002581
0.002464
0.002342
0.002313
0.020886
0.018647
0.016193
0.013459
0.005593
0.005202
0.004783
0.004512
0.003566
0.004841
0.004639
0.004402
0.004114
0.010289
0.010496
0.005716
0.003738
0.003211
0.002751
0.00381
0.002816
0.002845
0.00274
0.002716
0.002615
0.002471
0.001691
0.00186
0.001856
0.001873
0.00184
0.001848
0.00184
0.001834
0.001915
0.001873
0.001851
0.001796
0.001938
0.00177
0.001685
0.001676
0.009816
0.010403
0.011256
0.007616
0.007669
0.00753
0.009393
0.010214
0.009983
0.009002
0.008454
0.008159
0.007257
0.007105
0.006758
0.007059
0.007049
0.006563
0.010162
0.010882
0.01227
0.011688
0.011881
0.011173
0.006287
0.009677
0.009223
0.009263
0.005402
0.008417
0.005903
0.007235
0.006774
0.012204
0.006414
0.012103
0.011923
0.008106
0.010424
0.009322
0.009244
0.002465
0.006262
0.005012
0.003223
0.005773
0.005773
0.004585
0.003335
0.004195
0.003227
0.003122
0.002945
0.00302
0.003015
0.002961
0.003049
0.002972
0.004008
0.003266
0.006802
0.004719
0.003161
0.00334
0.003077
0.013931
0.014
0.003802
0.003554
0.002943
0.003321
0.003
0.003058
0.002732
0.002716
0.002667
0.002623
0.002561
0.002628
0.002423
0.002355
0.002386
0.002327
0.002295
0.003765
0.003427
0.003558
0.003409
0.003163
0.002899
0.002882
0.00457
0.003714
0.003948
0.004005
0.003628
0.003437
0.003302
0.003099
0.00296
0.002781
0.002751
0.002779
0.00303
0.002803
0.002765
0.003599
0.003176
0.003369
0.003251
0.003264
0.003219
0.003278
0.003089
0.00458
0.004347
0.004108
0.003876
0.00368
0.00293
0.003157
0.002943
0.002974
0.003439
0.003341
0.003236
0.00335
0.003281
0.003194
0.003249
0.003237
0.003308
0.003378
0.003266
0.003336
0.003334
0.002748
0.003544
0.004598
0.003661
0.003615
0.003428
0.003501
0.003334
0.00333
0.003262
0.003276
0.00334
0.00499
0.004254
0.003675
0.004115
0.002674
0.003776
0.003858
0.003327
0.003058
0.002603
0.002706
0.002812
0.002838
0.003333
0.003331
0.003295
0.003242
0.003299
0.003297
0.003333
0.003296
0.003262
0.003188
0.003158
0.003126
0.003068
0.003109
0.003128
0.003128
0.003074
0.003062
0.003045
0.003098
0.003071
0.003056
0.00302
0.003014
0.003005
0.003
0.011855
0.011738
0.010459
0.010698
0.009773
0.008959
0.001982
0.001978
0.001924
0.002313
0.002213
0.002128
0.002146
0.0021
0.002126
0.002148
0.002144
0.002062
0.001914
0.001816
0.001762
0.001792
0.001807
0.001776
0.002011
0.002105
0.002111
0.002198
0.002108
0.002013
0.002042
0.002015
0.001982
0.002032
0.002233
0.002242
0.002297
0.002422
0.002413
0.002329
0.002304
0.002428
0.002258
0.002087
0.001865
0.001862
0.001907
0.001927
0.002039
0.002044
0.002056
0.002089
0.002111
0.002107
0.002152
0.002115
0.002116
0.002122
0.004965
0.00271
0.002226
0.002468
0.00244
0.002801
0.002471
0.003205
0.003199
0.002749
0.002238
0.002863
0.001571
0.002979
0.003693
0.003467
0.003263
0.004
0.003709
0.005445
0.00405
0.004068
0.003915
0.004628
0.004006
0.003944
0.005014
0.004213
0.0043
0.003959
0.005492
0.004547
0.005
0.004945
0.005144
0.004939
0.004811
0.00436
0.004696
0.004828
0.00479
0.004229
0.004766
0.004563
0.004878
0.004709
0.0047
0.004674
0.004697
0.004969
0.005177
0.00386
0.004031
0.005078
0.004564
0.004365
0.004351
0.003293
0.004527
0.004868
0.004554
0.004415
0.003882
0.00395
0.004169
0.003478
0.003945
0.004157
0.003714
0.00347
0.007167
0.00494
0.004127
0.003647
0.006757
0.005114
0.004707
0.004594
0.004224
0.003657
0.003282
0.002515
0.00278
0.002261
0.002337
0.002138
0.00229
0.001955
0.001677
0.001738
0.001772
0.001684
0.001692
0.001744
0.00323
0.00299
0.002866
0.002642
0.002414
0.00254
0.002404
0.001631
0.001866
0.001662
0.001638
0.001587
0.001714
0.001787
0.001857
0.002013
0.001679
0.001681
0.001773
0.00171
0.001818
0.002482
0.001962
0.002073
0.001239
0.0014
0.001621
0.004642
0.004036
0.003798
0.003265
0.003036
0.003196
0.003077
0.007112
0.005691
0.005303
0.011775
0.006848
0.00936
0.012656
0.010468
0.009237
0.007153
0.006129
0.005587
0.005368
0.005279
0.005189
0.005208
0.00482
0.004651
0.004484
0.004292
0.004158
0.004019
0.003907
0.003862
0.004646
0.004751
0.004539
0.004141
0.004488
0.004325
0.004205
0.004116
0.004178
0.003992
0.003936
0.003886
0.003807
0.003765
0.003683
0.003682
0.003646
0.003679
0.003539
0.003571
0.003968
0.003946
0.003883
0.003932
0.003746
0.003783
0.003659
0.003547
0.003457
0.003397
0.003415
0.006744
0.006363
0.004234
0.004975
0.00402
0.003815
0.003778
0.003897
0.003745
0.003537
0.003371
0.003398
0.003402
0.003234
0.003558
0.003464
0.00338
0.003312
0.003186
0.003185
0.003238
0.00317
0.017431
0.01841
0.01765
0.017625
0.013978
0.016711
0.017841
0.016584
0.014895
0.013212
0.011593
0.010538
0.010107
0.004359
0.004125
0.00412
0.01008
0.003485
0.002577
0.001905
0.002266
0.0019
0.001824
0.001936
0.001928
0.003091
0.002593
0.001669
0.002077
0.002063
0.002157
0.002694
0.002335
0.001862
0.001804
0.001725
0.002036
0.001895
0.0018
0.003814
0.005766
0.003839
0.003784
0.003607
0.003251
0.003096
0.004728
0.004036
0.003874
0.003798
0.003515
0.003464
0.005966
0.005991
0.006074
0.005938
0.005641
0.005619
0.005461
0.005182
0.003886
0.003439
0.008296
0.008375
0.008301
0.008075
0.007767
0.006671
0.005835
0.005662
0.006056
0.006149
0.005265
0.005295
0.005024
0.004677
0.004969
0.006982
0.00673
0.006636
0.005938
0.006146
0.008212
0.008378
0.008335
0.008346
0.007942
0.007627
0.007525
0.007353
0.007235
0.007111
0.006995
0.006632
0.002545
0.002113
0.002001
0.001775
0.001863
0.001797
0.001813
0.001772
0.0024
0.002366
0.00177
0.001681
0.001726
0.001701
0.005694
0.005696
0.003956
0.002495
0.002157
0.002254
0.003214
0.002778
0.002504
0.004412
0.00323
0.003232
0.002961
0.002961
0.002936
0.008006
0.006034
0.009303
0.009533
0.010016
0.011258
0.010771
0.002328
0.002124
0.00199
0.002461
0.002372
0.002572
0.001296
0.001559
0.002053
0.002113
0.002297
0.004018
0.001376
0.001433
0.001386
0.007625
0.004002
0.004516
0.004297
0.003927
0.003743
0.003544
0.003216
0.003038
0.003417
0.003976
0.004085
0.004067
0.00432
0.003683
0.003814
0.004436
0.004111
0.004183
0.004243
0.004293
0.004256
0.004298
0.004266
0.004217
0.004451
0.004302
0.00125
0.001952
0.002175
0.010372
0.011851
0.012766
0.012629
0.008953
0.009952
0.010767
0.01131
0.0114
0.012544
0.01298
0.010702
0.012142
0.009877
0.01307
0.014199
0.011556
0.012945
0.01387
0.013217
0.010661
0.014584
0.014992
0.013207
0.012364
0.014539
0.016376
0.017141
0.009523
0.009738
0.01008
0.009507
0.009356
0.009689
0.008354
0.009873
0.008681
0.009126
0.004752
0.004228
0.004249
0.004124
0.003873
0.002532
0.0028
0.003998
0.004906
0.003058
0.004391
0.004494
0.003622
0.003887
0.003736
0.003094
0.005385
0.003311
0.005097
0.004332
0.00306
0.00281
0.003322
0.002575
0.002455
0.002258
0.002283
0.00235
0.003309
0.003068
0.003036
0.00376
0.004087
0.004392
0.004452
0.004381
0.004226
0.004197
0.004155
0.004162
0.004757
0.00414
0.003179
0.004034
0.004166
0.0026
0.002618
0.002442
0.002176
0.002212
0.003134
0.002639
0.003372
0.003753
0.00371
0.003809
0.002962
0.008887
0.00948
0.009824
0.009497
0.009618
0.009231
0.008492
0.008459
0.00798
0.00794
0.005177
0.004147
0.003756
0.002543
0.002336
0.002064
0.004787
0.004345
0.006335
0.00637
0.006681
0.006593
0.00638
0.006491
0.006313
0.002901
0.002538
0.002636
0.002637
0.003715
0.003466
0.002775
0.013562
0.003756
0.005264
0.003703
0.003252
0.002778
0.002487
0.002503
0.002392
0.002504
0.002555
0.001704
0.00163
0.001659
0.001837
0.001912
0.001904
0.002843
0.003846
0.003405
0.004028
0.003632
0.002864
0.002948
0.002973
0.002819
0.002449
0.002575
0.00208
0.002419
0.002538
0.002084
0.001951
0.003089
0.002799
0.002975
0.00295
0.002794
0.001588
0.001392
0.001325
0.001319
0.003183
0.002452
0.002293
0.00238
0.002492
0.002409
0.002328
0.002302
0.002245
0.002037
0.00217
0.002202
0.002099
0.001267
0.001647
0.004339
0.002714
0.002169
0.002487
0.003118
0.002297
0.002247
0.002934
0.002816
0.002952
0.002876
0.002871
0.006001
0.004658
0.004169
0.00341
0.00173
0.00203
0.001927
0.001895
0.002035
0.001995
0.001978
0.001967
0.001392
0.001372
0.009254
0.002799
0.002573
0.00254
0.00249
0.002464
0.00246
0.002388
0.002418
0.002346
0.002252
0.002221
0.003717
0.003674
0.002188
0.003099
0.00275
0.002579
0.002219
0.002282
0.002351
0.002281
0.002356
0.002285
0.002342
0.002462
0.002258
0.001943
0.002056
0.00219
0.002279
0.002323
0.002363
0.002269
0.002318
0.002283
0.002179
0.002441
0.002374
0.002319
0.002257
0.002225
0.002135
0.002205
0.002243
0.002238
0.002177
0.002384
0.002267
0.00223
0.002259
0.002294
0.002245
0.00218
0.002142
0.002161
0.002163
0.002099
0.002125
0.002133
0.002114
0.002315
0.002312
0.002185
0.00221
0.002124
0.002176
0.002165
0.002171
0.002211
0.0022
0.002139
0.002245
0.002369
0.002213
0.002225
0.002273
0.002313
0.002394
0.002312
0.002378
0.002356
0.002363
0.002321
0.002343
0.002326
0.003245
0.003071
0.002931
0.002691
0.002686
0.002506
0.002559
0.002591
0.002566
0.003121
0.003046
0.003128
0.004964
0.004379
0.003867
0.003514
0.003294
0.00316
0.003385
0.003339
0.003224
0.003132
0.00292
0.00283
0.002799
0.002894
0.002954
0.003012
0.003033
0.002927
0.00285
0.002814
0.002798
0.002711
0.002762
0.002706
0.00272
0.003612
0.004038
0.006893
0.006914
0.006832
0.006658
0.006464
0.006514
0.00633
0.007666
0.007308
0.006898
0.006948
0.00701
0.006812
0.006545
0.006618
0.006557
0.006633
0.006664
0.006378
0.006387
0.006271
0.006206
0.008207
0.009875
0.010205
0.010218
0.010723
0.011913
0.016563
0.00689
0.00749
0.007275
0.00728
0.007446
0.011931
0.017131
0.017609
0.015143
0.018265
0.00981
0.010309
0.011872
0.008117
0.008766
0.011898
0.016029
0.011931
0.016867
0.016865
0.016672
0.015165
0.013885
0.008736
0.00878
0.009116
0.009263
0.007927
0.008185
0.008245
0.006169
0.008157
0.008791
0.007479
0.007978
0.008449
0.008579
0.005957
0.006274
0.006156
0.00801
0.008102
0.00742
0.007926
0.007833
0.016284
0.018685
0.019616
0.017881
0.014228
0.011384
0.010798
0.012227
0.012217
0.011179
0.0065
0.007345
0.007776
0.008391
0.007328
0.007674
0.0058
0.005953
0.005973
0.006313
0.005738
0.011129
0.01271
0.012537
0.011708
0.011752
0.010923
0.010259
0.009961
0.009367
0.006181
0.006141
0.006361
0.006405
0.006322
0.006054
0.006679
0.006974
0.007107
0.007393
0.005419
0.004372
0.009209
0.001957
0.001722
0.00168
0.003324
0.003247
0.002967
0.003606
0.003168
0.003263
0.002984
0.002846
0.006504
0.005046
0.001937
0.00197
0.004835
0.004547
0.005706
0.004782
0.004362
0.005698
0.004918
0.004914
0.006474
0.003008
0.002866
0.001735
0.001825
0.001891
0.002433
0.002285
0.002076
0.002012
0.002078
0.004468
0.002746
0.0026
0.002582
0.002526
0.003656
0.004511
0.003969
0.004267
0.004754
0.004284
0.005053
0.004301
0.004967
0.004148
0.003712
0.004106
0.006334
0.006147
0.005956
0.006007
0.005023
0.005094
0.005174
0.006059
0.00471
0.005305
0.005022
0.004512
0.004313
0.005093
0.004771
0.004521
0.004191
0.003795
0.004924
0.005202
0.005142
0.005142
0.00481
0.004374
0.004671
0.004992
0.004911
0.00471
0.004685
0.005322
0.004368
0.004516
0.004986
0.005156
0.00513
0.005153
0.003287
0.003727
0.003006
0.00417
0.004265
0.005162
0.005195
0.005077
0.005079
0.005353
0.004883
0.002727
0.003115
0.00308
0.003702
0.005019
0.004746
0.004826
0.004712
0.004451
0.004582
0.004476
0.004283
0.004188
0.004341
0.004067
0.004093
0.003109
0.004916
0.005325
0.005253
0.00537
0.005382
0.005369
0.005336
0.005383
0.005355
0.00536
0.005328
0.005236
0.005336
0.005306
0.005292
0.0053
0.005295
0.005312
0.005177
0.004978
0.005288
0.005247
0.005227
0.005196
0.005185
0.005093
0.005234
0.005217
0.005181
0.00515
0.004346
0.004773
0.005313
0.004833
0.005441
0.004946
0.003954
0.004342
0.00421
0.004017
0.00436
0.005164
0.005216
0.005088
0.004927
0.004323
0.004482
0.004342
0.003496
0.003308
0.003153
0.003627
0.003487
0.002946
0.005297
0.004568
0.004592
0.004577
0.00516
0.00525
0.005219
0.00521
0.005277
0.004434
0.005163
0.005229
0.005282
0.005325
0.005374
0.005438
0.005434
0.005432
0.005435
0.005459
0.005409
0.00534
0.005363
0.005375
0.005308
0.005291
0.005253
0.005298
0.00528
0.005268
0.005246
0.005288
0.005284
0.005297
0.005586
0.004662
0.005307
0.005317
0.005238
0.005289
0.005
0.004788
0.004631
0.004627
0.00459
0.004514
0.004429
0.004335
0.004527
0.004761
0.004482
0.005476
0.005212
0.005142
0.005162
0.005149
0.005077
0.005043
0.004988
0.005157
0.004996
0.005069
0.004628
0.004576
0.004568
0.004833
0.004594
0.004594
0.004556
0.004496
0.004457
0.004401
0.004393
0.004985
0.00497
0.004851
0.00398
0.005017
0.005181
0.005272
0.00529
0.005223
0.005252
0.003663
0.003039
0.003138
0.003026
0.002972
0.002924
0.00508
0.003994
0.003684
0.003659
0.00364
0.003553
0.004554
0.00434
0.004417
0.004425
0.004058
0.004697
0.005138
0.004825
0.004295
0.004129
0.005201
0.005666
0.005463
0.005476
0.005225
0.005107
0.005079
0.00492
0.005056
0.005101
0.004988
0.00492
0.004889
0.004897
0.004799
0.005606
0.005529
0.005222
0.004972
0.004469
0.004619
0.004573
0.0052
0.004443
0.003973
0.003781
0.003634
0.001968
0.002149
0.00207
0.00197
0.00246
0.002052
0.002282
0.002108
0.002686
0.002633
0.002495
0.003936
0.003715
0.003498
0.002979
0.002838
0.002844
0.004085
0.003651
0.003124
0.002859
0.002723
0.002543
0.002542
0.004872
0.004042
0.00344
0.00309
0.002848
0.002861
0.002963
0.002974
0.003684
0.003749
0.004016
0.003902
0.003397
0.002975
0.00294
0.002921
0.002788
0.00275
0.002864
0.002972
0.002928
0.002949
0.002962
0.003005
0.002931
0.002866
0.002806
0.004789
0.003795
0.003668
0.003705
0.003233
0.003197
0.002821
0.002626
0.002576
0.005508
0.003527
0.002963
0.002757
0.003072
0.002807
0.002938
0.003031
0.002714
0.002715
0.002622
0.002577
0.002448
0.002422
0.002483
0.002466
0.002466
0.002488
0.002461
0.00245
0.005102
0.004025
0.00323
0.00323
0.003263
0.003311
0.003021
0.002992
0.002986
0.002951
0.002915
0.002766
0.002853
0.002721
0.002829
0.002728
0.002747
0.002676
0.00265
0.002616
0.003061
0.003077
0.003047
0.002883
0.002991
0.002879
0.002949
0.003053
0.003097
0.002894
0.00282
0.003016
0.002999
0.002906
0.002965
0.002865
0.002727
0.004203
0.003679
0.003508
0.013205
0.013879
0.003
0.002905
0.016615
0.016925
0.00452
0.004936
0.004846
0.005125
0.004603
0.004531
0.004319
0.004275
0.004228
0.004147
0.004035
0.003951
0.003898
0.003714
0.00372
0.003638
0.004558
0.004084
0.004064
0.004163
0.004458
0.004469
0.005139
0.004369
0.005153
0.005095
0.005068
0.005186
0.004987
0.004939
0.004747
0.004643
0.004461
0.004407
0.005481
0.005544
0.005526
0.005394
0.005223
0.005169
0.005137
0.005145
0.004815
0.004798
0.00479
0.004567
0.004571
0.0044
0.004416
0.004359
0.004343
0.004239
0.004232
0.00493
0.004815
0.004823
0.004767
0.004824
0.004742
0.004796
0.004681
0.00475
0.004767
0.004769
0.004782
0.005231
0.004824
0.004652
0.004424
0.004517
0.004673
0.004704
0.004557
0.004565
0.004462
0.004394
0.004342
0.004226
0.004188
0.004064
0.004013
0.003922
0.003912
0.00391
0.00422
0.003939
0.004976
0.00511
0.004973
0.004817
0.00489
0.004968
0.004838
0.004794
0.004869
0.004919
0.004795
0.004723
0.004645
0.004515
0.004553
0.004511
0.004923
0.005086
0.004928
0.004797
0.004759
0.00464
0.004714
0.004796
0.004827
0.00477
0.004734
0.00507
0.004843
0.004807
0.003325
0.007551
0.00677
0.005242
0.004406
0.004292
0.004529
0.002886
0.005431
0.005332
0.005373
0.005302
0.005283
0.005555
0.005288
0.005198
0.005101
0.002654
0.004651
0.004718
0.004652
0.004686
0.004659
0.004575
0.004537
0.004349
0.004216
0.004152
0.004036
0.004003
0.003994
0.003983
0.004025
0.004033
0.003872
0.003808
0.003755
0.00366
0.003624
0.003594
0.003523
0.004354
0.003767
0.00422
0.004388
0.003695
0.002454
0.005208
0.004999
0.002239
0.008163
0.002224
0.003594
0.002483
0.002253
0.003206
0.002389
0.00234
0.003322
0.002147
0.002004
0.002371
0.002595
0.002617
0.002249
0.001968
0.002089
0.002757
0.002655
0.002619
