0.256554
0.256554
0.256554
0.256554
0.99784
0.955757
0.502158
0.873208
0.04671
0.04671
0.999146
0.235994
0.235994
0.526191
0.747351
0.405603
0.405603
0.235994
0.235994
0.235994
0.693891
0.919954
0.151211
0.151211
0.151211
0.316661
0.351543
0.618499
0.028322
0.999624
0.009418
0.009418
0.005915
0.005915
0.07167
0.015205
0.015205
0.029206
0.011805
0.005538
0.005538
0.001843
0.000192
0.000192
0.000102
0.000102
0.929813
0.004023
0.004023
0.004023
0.015943
0.240562
0.307281
0.010465
0.010465
0.010465
0.079177
0.998368
0.970627
0.010465
0.484025
0.287874
0.010465
0.998302
0.010465
0.010465
0.998254
0.010465
0.98396
0.003521
0.003521
0.972522
0.674965
0.212803
0.212803
0.212803
0.212803
0.108144
0.160405
0.160405
0.006183
0.964754
0.130062
0.384549
0.686512
0.432897
0.010941
0.07538
0.025426
0.086269
0.242992
0.028635
0.005599
0.053004
0.986477
0.569228
0.713314
0.358898
0.154153
0.154153
0.041136
0.600996
0.073994
0.073994
0.016177
0.748763
1.00007
0.831183
0.838622
0.424459
0.155571
0.042588
0.042588
0.042588
0.042588
0.023994
0.736571
0.736571
0.998381
0.736571
0.736571
0.957498
0.996517
0.995124
0.98806
0.588492
0.588492
0.919445
0.865579
0.942382
0.986069
0.986069
0.942382
0.931929
0.980482
0.931929
0.97937
0.942382
0.942382
0.942382
0.661764
0.935552
0.998574
0.996108
0.430148
0.430148
0.430148
0.913356
0.949168
0.878283
0.878283
0.233199
0.128637
0.116943
0.72587
0.826836
1.000021
0.000266
0.03964
0.366225
0.01829
0.179389
0.06979
0.06979
0.018559
0.104085
0.266522
0.142306
0.086387
0.001173
0.023031
0.023031
0.023031
0.023031
0.008897
0.005028
0.005028
0.99351
0.999716
0.000132
0.012336
0.031042
0.0001
0.000104
0.0001
0.0006
0.0006
0.000283
0.020206
0.020206
0.000286
0.325488
0.000643
0.000643
0.014948
0.090442
0.880574
0.16022
0.004024
0.005455
0.364772
0.004349
0.142178
0.004349
0.006685
0.00012
0.0001
0.0006
0.0006
0.006685
0.006685
0.504734
0.99803
0.024895
0.270825
0.024895
0.22437
0.686413
0.010962
0.103793
0.103793
0.103793
0.103793
0.527466
0.103793
0.103793
0.81206
0.074398
0.269575
0.543532
0.054074
0.078953
0.078953
0.954313
0.799314
0.490289
0.021259
0.051526
0.32075
0.032852
0.032852
0.02398
0.02398
0.02398
0.003128
0.073528
0.066112
0.315996
0.939211
0.019226
0.004062
0.098255
0.05325
0.855496
0.013853
0.000113
0.01841
0.01841
0.011953
0.404216
0.377737
0.133795
0.133795
0.133795
0.133795
0.133795
0.359538
0.133795
0.133795
0.133795
0.133795
0.133795
0.133795
0.133795
0.000112
0.00167
0.00167
0.000112
0.244461
0.003037
0.704412
0.223617
0.223617
0.033045
0.944272
0.99943
0.674174
0.791815
0.996529
0.997744
0.404233
0.132373
0.037756
0.023098
0.003748
0.033421
0.005945
0.005945
0.003357
0.29429
0.013618
0.031549
0.003725
0.84609
0.000875
0.155302
0.933887
0.110955
0.675701
0.010422
0.043443
0.043443
0.027725
0.043443
0.043443
0.043443
0.114706
0.003978
0.001712
0.983012
1.000098
0.113899
0.252959
0.107315
0.311947
0.107315
0.037879
0.112983
0.98456
0.037879
0.112983
0.037879
0.037879
0.002891
0.000114
0.002318
0.002318
0.000133
0.000133
0.092882
0.0123
0.001387
0.001387
0.000393
0.115449
0.000397
0.011357
0.999794
0.916681
0.000221
0.099713
0.024221
0.053933
0.000428
0.000428
0.000428
0.053114
0.004926
0.41043
0.002603
0.011736
0.000107
0.000107
0.376172
0.000102
0.000231
0.00572
0.000234
0.009911
0.127298
0.015519
0.095863
0.001402
0.001402
0.193479
0.064512
0.004196
0.004196
0.000105
0.000611
0.000234
0.601998
0.45936
0.001074
0.000143
0.0001
0.000107
0.000107
0.000269
0.000269
0.000143
0.000234
0.000197
0.005458
0.000125
0.00293
0.000115
0.025915
0.0001
0.000102
0.000295
0.000295
0.20344
0.125279
0.999106
0.049281
0.578709
0.612003
0.019275
0.088779
0.715207
0.053457
0.256157
0.265557
0.024621
0.024621
0.003477
0.957906
0.051626
0.88837
0.799765
0.233941
0.108645
0.051653
0.051653
0.544428
0.614797
0.181163
0.100577
0.223229
0.000465
0.020721
0.50381
0.020721
0.020721
0.057732
0.023901
0.023901
0.008426
0.006062
0.006062
0.000104
0.001574
0.001574
0.011248
0.259495
0.031794
0.988218
0.01314
0.242847
0.116935
0.0177
0.0177
0.003113
0.785904
0.103618
0.140219
0.909873
0.369705
0.369705
0.369705
0.019815
0.037021
0.02671
0.625731
0.4403
0.4403
0.4403
0.4403
0.4403
0.229548
0.010762
0.000272
0.000272
0.000272
0.000272
0.000272
0.819641
0.669356
0.872355
0.695942
0.766088
0.374212
0.374212
0.990863
0.865444
0.929778
0.929778
0.929778
0.929778
0.929778
0.929778
0.929778
0.929778
0.929778
0.933567
0.879205
0.933567
0.879205
0.933567
0.879205
0.606405
0.920879
0.606405
0.737928
0.737928
0.82665
0.8218
0.870799
0.870799
0.870799
0.981563
0.870799
0.676873
0.676873
0.796245
0.796245
0.796245
0.796245
0.997201
0.962531
0.346221
0.935947
0.935947
0.935947
0.181997
0.910077
0.441608
0.833027
0.833027
0.624695
0.703205
0.703205
0.703205
0.703205
0.624695
0.005216
0.902867
0.980281
0.902867
0.975394
0.984403
0.880861
0.958244
0.959987
0.843199
0.900416
0.900416
0.609188
0.978222
0.989576
0.985946
0.864863
0.987519
0.966037
0.769365
0.791372
0.16576
0.178264
0.991681
0.328672
0.328672
0.813498
0.977888
0.998836
0.058939
0.76224
0.34855
0.873012
0.02105
0.421723
0.421723
0.02105
0.980288
0.987798
0.184925
0.840973
0.015037
0.015037
0.971266
0.072023
0.355194
0.530015
0.986309
0.960014
0.952158
0.643866
0.643866
0.401579
0.978006
0.981885
0.22616
0.944249
0.924895
0.924895
0.924895
0.924895
0.068408
0.068408
0.068408
0.031427
0.031427
0.995767
0.024057
0.281257
0.042722
0.152262
0.18518
0.034617
0.027287
0.234357
0.027287
0.045373
0.74233
0.998236
0.250282
0.250282
0.250282
0.225167
0.066781
0.27645
0.564802
0.182963
0.391238
0.204438
0.001686
0.693668
0.391238
0.066305
0.307151
0.066305
0.975852
0.402204
0.338267
0.285298
0.377064
0.101783
0.101783
0.679628
0.679628
0.679628
0.991052
0.478608
0.288206
0.288206
0.230546
0.230546
0.96913
0.821849
0.888565
0.888565
0.666111
0.955265
0.46829
0.666111
0.972182
0.936337
0.094507
0.300679
0.300679
0.094507
0.708641
0.284133
0.21569
0.044461
0.044461
0.004694
0.475237
0.084974
0.071218
0.861984
0.225811
0.146826
0.619443
0.071218
0.06333
0.490925
0.758445
0.226635
0.115743
0.000452
0.033785
0.033785
0.267233
0.013333
0.419154
0.797784
0.991064
0.281838
0.824171
0.281838
0.281838
0.281838
0.714784
0.936606
0.970427
0.949487
0.949487
0.503922
0.997936
0.095858
0.31625
0.009764
0.925996
0.996558
0.9888
0.01761
0.288661
0.591542
0.316916
0.002768
0.005483
0.000766
0.015043
0.015043
0.231937
0.032154
0.02071
0.987121
0.861565
0.015192
0.015192
0.00403
0.74061
0.723731
0.29743
0.01554
0.011869
0.639834
0.001132
0.028922
0.028922
0.001132
0.015803
0.360495
0.434976
0.516611
0.572335
0.074745
0.976962
0.917237
0.604047
0.604047
0.848264
0.950113
0.960224
0.960224
0.526107
0.988687
0.998512
0.234957
0.296879
0.637817
0.42872
0.42872
0.319986
0.374418
0.078247
0.078247
0.078247
0.982157
0.904971
0.113632
0.113632
0.645225
0.021382
0.032942
0.529993
0.074415
0.916469
0.681215
0.814032
0.360839
0.360839
0.205566
0.205566
0.205566
0.994719
0.48792
0.049704
0.040846
0.091032
0.919507
0.159503
0.945137
0.202403
0.091032
0.091032
0.091032
0.091032
0.091032
0.011136
0.195543
0.604187
0.372423
0.32677
0.32677
0.169907
0.012155
0.218398
0.218398
0.012155
0.012195
0.012195
0.243615
0.003121
0.176105
0.023624
0.301074
0.002004
0.002004
0.118837
0.014303
0.014303
0.019344
0.093398
0.019344
0.014003
0.005531
0.016309
0.016309
0.016309
0.128584
0.019572
0.019572
0.019572
0.921215
0.137799
0.137799
0.035185
0.012179
0.542866
0.879595
0.379536
0.036549
0.374895
0.374895
0.302932
0.03027
0.03027
0.03027
0.000592
0.559845
0.324709
0.00258
0.000386
0.072091
0.05867
0.198834
0.007933
0.733778
0.065629
0.096107
0.096107
0.007933
0.007933
0.210469
0.560666
0.18099
0.18099
0.128694
0.318912
0.945923
0.987106
0.897461
0.897461
0.274327
0.995121
0.800652
0.666356
0.933371
0.666356
0.666356
0.878283
0.666356
0.94584
0.788626
0.666356
0.504817
0.504817
0.788953
0.701579
0.716224
0.716224
0.716224
0.128513
0.972252
0.564055
0.604679
0.767141
0.036782
0.701113
0.492986
0.081269
0.619925
0.184085
0.08357
0.897858
0.52712
0.52712
0.114367
0.432797
0.114368
0.403497
0.991483
0.934513
0.016223
0.182935
0.182935
0.776667
0.520996
0.210402
0.207625
0.999949
0.358956
0.210402
0.999949
0.477634
0.477634
0.477634
0.776903
0.287728
0.561329
0.287728
0.336693
0.336693
0.000512
0.082409
0.082409
0.048752
0.970872
0.000375
0.478655
0.084239
0.019397
0.019397
0.035363
0.019397
0.019397
0.998858
0.138705
0.006053
0.000598
0.000122
0.002127
0.002127
0.000552
0.001046
0.037523
0.037523
0.037523
0.037523
0.006837
0.019796
0.054507
0.004224
0.412644
0.391335
0.99631
0.034139
0.55922
0.250147
0.250147
0.250147
0.846578
0.034139
0.00764
0.035136
0.00764
0.504476
0.35437
0.983561
0.022302
0.022302
0.990838
0.193151
0.987933
0.041431
0.041431
0.033194
0.010205
0.030232
0.030232
0.037871
0.00706
0.939037
0.002339
0.85826
0.85826
0.775418
0.85826
0.775418
0.85826
0.85826
0.908539
0.85826
0.85826
0.85826
0.85826
0.85826
0.85826
0.85826
0.85826
0.85826
0.7908
0.7908
0.614656
0.614656
0.7908
0.7908
0.7908
0.7908
0.614656
0.7908
0.002739
0.002739
0.605132
0.790888
0.790888
0.790888
0.270362
0.270362
0.000766
0.330021
0.330021
0.775418
0.775418
0.614657
0.614657
0.614657
0.605132
0.330021
0.330021
0.168787
0.149042
0.410946
0.20793
0.074743
0.518023
0.942679
0.040807
0.040807
0.735489
0.175236
0.984641
0.021292
0.148583
0.020286
0.002383
0.980307
0.00037
0.025957
0.124911
0.004875
0.789199
0.036994
0.164736
0.786879
0.154484
0.417024
0.154484
0.601064
0.410958
0.285138
0.135891
0.845869
0.063943
0.015154
0.050236
0.00871
0.017292
0.999237
0.934921
0.18997
0.012473
0.012473
0.048483
0.995237
0.02838
0.929168
0.648295
0.963462
0.627298
0.938641
0.902187
0.985826
0.902187
0.902187
0.954608
0.830967
0.958531
0.934874
0.581539
0.880198
0.880198
0.717064
0.717064
0.921827
0.717064
0.717064
0.717064
0.995809
0.921827
0.717064
0.921827
0.994952
0.523936
0.523936
0.523936
0.523936
0.93936
0.93936
0.904923
0.940391
0.867101
0.928457
0.73994
0.73994
0.993561
0.666854
0.451277
0.252931
0.997602
0.469406
0.056393
0.454805
0.454805
0.056393
0.93847
0.095831
0.095831
0.963521
0.273245
0.064385
0.022408
0.706535
0.191143
0.191143
0.179711
0.835328
0.802967
0.016058
0.345543
0.345543
0.599531
0.762231
0.439002
0.312833
0.264275
0.567339
0.567339
0.639019
0.889163
0.639019
0.169755
0.29077
0.326218
0.703945
0.498296
0.1946
0.758841
0.411187
0.09795
0.422597
0.065285
0.839286
0.890811
0.219717
0.05572
0.029032
0.029032
0.029032
0.356564
0.61733
0.61733
0.186661
0.422244
0.998154
0.9805
0.61625
0.61625
0.61625
0.204901
0.046771
0.373959
0.126332
0.126332
0.969452
0.02948
0.06238
0.003108
0.003108
0.003108
0.520012
0.100198
0.178662
0.178662
0.917112
0.846528
0.98509
0.134499
0.981137
0.797658
0.582379
0.996112
0.11578
0.11578
0.124925
0.421485
0.998876
0.063269
0.993389
0.793346
0.575844
0.620952
0.98696
0.508894
0.508894
0.08675
0.728974
0.40901
0.239256
0.239256
0.267465
0.267465
0.980083
0.607046
0.453356
0.011639
0.441509
0.011218
0.996304
0.197093
0.085158
0.530145
0.872638
0.066412
0.335018
0.661811
0.034336
0.129184
0.050836
0.050836
0.677018
0.0394
0.036367
0.00011
0.526329
0.987741
0.933792
0.000554
0.000554
0.86097
0.10358
0.10358
0.264996
0.049596
0.018985
0.970625
0.782438
0.469088
0.984289
0.591184
0.441146
0.844176
0.863602
0.894289
0.693309
0.684027
0.023942
0.023942
0.023942
0.904842
0.099927
0.084878
0.749797
0.182309
0.921015
0.538668
0.001212
0.999691
0.001212
0.999929
0.670604
0.01626
0.869082
0.097311
0.097311
0.007521
0.983506
0.991894
0.584533
0.834044
0.502259
0.000606
0.035723
0.899243
0.933002
0.008479
0.254011
0.008479
0.168072
0.013494
0.006422
0.001716
0.021893
0.016056
0.016056
0.016056
0.431252
0.016033
0.0035
0.000353
0.000956
0.001959
0.078058
0.00296
0.596388
0.095352
0.052098
0.25863
0.25863
0.14201
0.14201
0.00296
0.997724
0.036407
0.062854
0.062854
0.9093
0.015926
0.036407
0.826951
0.000809
0.010025
0.000809
0.000809
0.069328
0.00975
0.010025
0.00939
0.518255
0.636904
0.336453
0.336453
0.055021
0.285629
0.989788
0.018231
0.011
0.114764
0.018231
0.114764
0.809702
0.015604
0.931856
0.988823
0.554738
0.947086
0.024385
0.980143
0.995637
0.090303
0.358793
0.358793
0.959046
0.833712
0.998701
0.612615
0.514319
0.514319
0.921242
0.514319
0.514319
0.514319
0.514319
0.42954
0.42954
0.42954
0.42954
0.074501
0.131165
0.074501
0.03059
0.004341
0.868133
0.129057
0.519643
0.424024
0.003021
0.018496
0.018496
0.018496
0.018496
0.006127
0.737587
0.040291
0.040291
0.006127
0.006127
0.006127
0.011855
0.059145
0.402582
0.402582
0.993098
0.928938
0.880045
0.206743
0.206743
0.094549
0.999155
0.983435
0.902876
0.156011
0.394123
0.176788
0.320217
0.320217
0.044495
0.075858
0.229044
0.070675
0.255373
0.988465
0.396845
0.999607
0.982003
0.004667
0.042368
0.160011
0.00375
0.000118
0.00375
0.000118
0.514708
0.014562
0.767031
0.005737
0.005737
0.042368
0.000118
0.017598
0.596132
0.077762
0.059828
0.00091
0.004667
0.144243
0.144243
0.299478
0.144243
0.144243
0.050146
0.015406
0.406782
0.436381
0.384284
0.384284
0.384284
0.499462
0.499462
0.499462
0.499462
0.864457
0.998626
0.000834
0.386753
0.051759
0.094285
0.094285
0.554584
0.110496
0.110496
0.010572
0.010572
0.071744
0.345003
0.345003
0.310095
0.898146
0.944172
0.340448
0.509626
0.547082
0.930016
0.994892
0.795161
0.349505
0.349505
0.349505
0.036119
0.425806
0.989695
0.339612
0.093551
0.007504
0.007504
0.209776
0.209776
0.362527
0.007504
0.067817
0.53181
0.53181
0.875095
0.428747
0.104584
0.428747
0.422159
0.986663
0.959993
0.844878
0.839517
0.839517
0.839517
0.839517
0.951861
0.951861
0.951861
0.697267
0.96374
0.330136
0.69505
0.69505
0.485006
0.268519
0.882798
0.935013
0.268519
0.565106
0.565106
0.005199
0.005199
0.005199
0.166757
0.166757
0.166757
0.001306
0.005199
0.00015
0.000948
0.025204
0.002685
0.002321
0.01149
0.002321
0.008208
0.008208
0.008709
0.008709
0.008709
0.080007
0.851418
0.080007
0.031838
0.031838
0.461072
0.917915
0.432844
0.002405
0.002405
0.031873
0.119521
0.072844
0.000448
0.001035
0.000537
0.007129
0.808701
1.000083
0.003077
0.591409
0.002924
0.352374
0.472464
0.86445
0.00662
0.034895
0.104494
0.886734
0.828804
0.088002
0.200929
0.200929
0.200929
0.050494
0.01562
0.773372
0.005951
0.005951
0.141376
0.225602
0.176839
0.141376
0.225602
0.116617
0.028135
0.131773
0.335656
0.178255
0.335656
0.018918
0.178255
0.31789
0.468204
0.992715
0.993228
0.918203
0.984385
0.90398
0.113671
0.17018
0.066293
0.715205
0.098118
0.250202
0.098118
0.030352
0.04842
0.995886
0.995886
0.013948
0.990151
0.01388
0.175637
0.35477
0.35477
0.35477
0.316768
0.241298
0.241298
0.017969
0.346214
0.762386
0.560361
0.244687
0.632118
0.792714
0.328802
0.724092
0.449966
0.449966
0.449966
0.449966
0.532196
0.164868
0.111466
0.309682
0.887847
0.596928
0.320279
0.295344
0.704179
0.992623
0.155002
0.068524
0.436898
0.436898
0.731539
0.731539
0.731539
0.379514
0.379514
0.379514
0.379514
0.738467
0.746396
0.414174
0.414174
0.23463
0.23463
0.014871
0.146796
0.787303
0.436425
0.824151
0.436425
0.503799
0.964162
0.331428
0.331428
0.049337
0.049337
0.980899
0.95748
0.95748
0.95748
0.95748
0.95748
0.656342
0.985713
0.957865
0.836314
0.836314
0.836314
0.937737
0.775565
0.373988
0.186058
0.406686
0.498951
0.08272
0.258523
0.14909
0.996498
0.669578
0.727344
0.417716
0.417716
0.045319
0.123231
0.123231
0.012047
0.012047
0.012047
0.000124
0.919595
0.97032
0.999771
0.020062
0.044769
0.051666
0.01587
0.01587
0.001418
0.995478
0.001118
0.010052
0.137028
0.998932
0.420243
0.03137
0.03137
0.005268
0.005268
0.002833
0.002557
0.085374
0.000116
0.138595
0.742298
0.02481
0.570801
0.000843
0.410199
0.034426
0.142562
0.763214
0.123167
0.042659
0.042659
0.042659
0.042659
0.000111
0.001318
0.038095
0.002393
0.000388
0.000938
0.300658
0.000424
0.000424
0.001715
0.038572
0.000251
0.000111
0.000326
0.055972
0.174764
0.000952
0.000367
0.002276
0.098651
0.000101
0.000273
0.052099
0.279038
0.001456
0.003114
0.003114
0.003114
0.015815
0.066393
0.066393
0.026618
0.011771
0.000446
0.013905
0.195222
0.522228
0.118685
0.338328
0.953686
0.395651
0.554336
0.329551
0.008617
0.997004
0.009717
0.39587
0.000206
0.035249
0.003499
0.069502
0.037692
0.038272
0.157925
0.157925
0.022866
0.924045
0.022866
0.022866
0.104048
0.004893
0.045184
0.045184
0.045184
0.022866
0.022866
0.022866
0.000632
0.001761
0.000752
0.075032
0.006089
0.023267
0.023267
0.437873
0.778617
0.778617
0.553718
0.998018
0.098536
0.324077
0.111364
0.022899
0.049411
0.000391
0.017244
0.008173
0.00731
0.02898
0.094551
0.358884
0.008755
0.004948
0.553378
0.135753
0.135753
0.233941
0.233941
0.233941
0.004816
0.004816
0.688061
0.060298
0.060298
0.212683
0.014493
0.304821
0.059383
0.927646
0.059383
0.308361
0.308361
0.995906
0.977955
0.020155
0.235885
0.992645
0.020155
0.020155
0.020155
0.155631
0.71453
0.17778
0.020155
0.086282
0.946693
0.749974
0.749974
0.880779
0.922678
0.990583
0.373772
0.993311
0.915382
0.841239
0.841239
0.386908
0.279107
0.249933
0.459933
0.459933
0.105479
0.413684
0.105479
0.113045
0.555836
0.555836
0.555836
0.183436
0.322429
0.969611
0.672907
0.807417
0.277266
0.570057
0.509321
0.681926
0.988238
0.622752
0.622752
0.353067
0.622752
0.622752
0.900127
0.454915
0.353067
0.989002
0.041852
0.678429
0.678429
0.678429
0.678429
0.346494
0.609289
0.448501
0.956962
0.719112
0.985557
0.006166
0.088086
0.196762
0.686069
0.006166
0.078279
0.196762
0.196762
0.078279
0.58408
0.027893
0.018232
0.177429
0.742642
0.742642
0.878997
0.532416
0.208595
0.208595
0.860631
0.986876
0.860631
0.800841
0.974745
0.860631
0.860631
0.705051
0.705051
0.151883
0.151883
0.272992
0.272992
0.974151
0.025753
0.272992
0.272992
0.572561
0.572561
0.572561
0.572561
0.922266
0.572561
0.572561
0.572561
0.676266
0.007715
0.000373
0.010351
0.010351
0.010351
0.051645
0.131416
0.001148
0.016549
0.253871
0.003637
0.003637
0.468799
0.019081
0.003637
0.575476
0.003637
0.012429
0.003637
0.003637
0.003637
0.003637
0.011796
0.003637
0.003637
0.003637
0.035176
0.000222
0.000101
0.00029
0.00029
0.45676
0.272302
0.085902
0.085902
0.085902
0.048032
0.048032
0.019023
0.070919
0.019023
0.02118
0.02118
0.001124
0.033773
0.033773
0.404163
0.11012
0.11012
0.404163
0.936441
0.001391
0.842999
0.367614
0.538349
0.629767
0.087446
0.105936
0.105936
0.032247
0.960138
0.128442
0.025232
0.980376
0.697543
0.220266
0.068515
0.005009
0.600031
0.143122
0.946296
0.429309
0.337933
0.965212
0.206254
0.012772
0.070274
0.52372
0.952576
0.546777
0.546777
0.546777
0.650424
0.650424
0.653334
0.945847
0.525663
0.570017
0.651127
0.836523
0.979536
0.99629
0.032035
0.951512
0.206272
0.08282
0.08282
0.08282
0.146771
0.019111
0.001868
0.016528
0.003916
0.751229
0.003608
0.001545
0.001545
0.605381
0.009763
0.333606
0.075864
0.075864
0.009763
0.051441
0.892091
0.485339
0.888361
0.135608
0.135608
0.135608
0.376761
0.376761
0.376761
0.376761
0.002342
0.084962
0.084962
0.243084
0.243084
0.243084
0.753262
0.939038
0.153851
0.153851
0.40058
0.879913
0.087237
0.087237
0.446548
0.185031
0.030844
0.137047
0.137047
0.072714
0.072714
0.072714
0.194298
0.521816
0.035382
0.064315
0.471086
0.029241
0.029241
0.146496
0.146496
0.440093
0.184404
0.184404
0.184404
0.184404
0.600549
0.600549
0.099613
0.099613
0.844921
0.729363
0.729363
0.001196
0.957602
0.186104
0.001196
0.028369
0.017473
0.613063
0.61804
0.996843
0.071569
0.906958
0.071569
0.071569
0.071569
0.071569
0.523751
0.071569
0.028066
0.028066
0.446825
0.446825
0.627523
0.763389
0.990448
0.763389
0.999055
0.003294
0.086183
0.849274
0.870337
0.009269
0.001935
0.062511
0.062511
0.74236
0.410933
0.176035
0.176035
0.176035
0.342737
0.999325
0.003771
0.053755
0.861583
0.542019
0.026861
0.141354
0.358149
0.125995
0.716324
0.989682
0.771963
0.825944
0.70449
0.656508
0.327796
0.489224
0.489224
0.275452
0.791936
0.952283
0.998865
0.028522
0.523004
0.445225
0.50332
0.052271
0.383639
0.026595
0.049124
0.022642
0.001539
0.106019
0.106019
0.106019
0.106019
0.008762
0.01358
0.000368
0.039859
0.013341
0.238851
0.000368
0.961224
0.690052
0.690052
0.15783
0.15783
0.15783
0.952992
0.570957
0.923011
0.923011
0.080879
0.880149
0.417917
0.080879
0.279641
0.279641
0.279641
0.948971
0.99885
0.655141
0.201081
0.66868
0.201081
0.201081
0.998133
0.007992
0.707875
0.358456
0.358456
0.203933
0.057019
0.057019
0.625498
0.036643
0.000694
0.000694
0.159366
0.602074
0.457245
0.000694
0.219325
0.219325
0.219325
0.000694
0.124038
0.479914
0.479914
0.122213
0.122213
0.423971
0.309839
0.257291
0.020454
0.089405
0.740835
0.008406
0.024748
0.000716
0.028851
0.069701
0.158734
0.960065
0.029276
0.029276
0.008406
0.883955
0.217727
0.562046
0.520921
0.818676
0.946029
0.517398
0.00022
0.052029
0.309312
0.309312
0.47334
0.42153
0.990705
0.846389
0.699156
0.595379
0.588104
0.200007
0.200007
0.534775
0.772928
0.772928
0.747617
0.888358
0.675151
0.220353
0.220353
0.507455
0.220353
0.220353
0.979512
0.220353
0.656242
0.855322
0.5756
0.002938
0.022379
0.243005
0.05873
0.05873
0.266753
0.08891
0.422349
0.618719
0.124911
0.465874
0.266764
0.266764
0.387929
0.005261
0.005261
0.005261
0.005261
0.162891
0.135662
0.135662
0.95775
0.084315
0.97417
0.084315
0.144981
0.049254
0.50881
0.052445
0.103692
0.050839
0.837289
0.929199
0.050839
0.019348
0.935742
0.286486
0.019348
0.609632
0.315207
0.315207
0.051057
0.024801
0.10308
0.011698
0.024801
0.011224
0.015617
0.11118
0.001652
0.055735
0.952303
0.001652
0.362558
0.929476
0.610495
0.022571
0.984697
0.58249
0.167281
0.130419
0.855559
0.318337
0.817101
0.237402
0.237402
0.081726
0.280072
0.485685
0.857879
0.655861
0.655861
0.795316
0.795316
0.795316
0.795316
0.681032
0.927421
0.581549
0.413928
0.14894
0.185871
0.633005
0.254974
0.254974
0.11957
0.858304
0.827294
0.788355
0.80548
0.073325
0.201363
0.201363
0.512836
0.333758
0.333758
0.333758
0.333758
0.320205
0.027432
0.293961
0.040872
0.387567
0.81164
0.033091
0.05659
0.083722
0.400116
0.492034
0.187308
0.318851
0.628904
0.831769
0.280504
0.965405
0.97976
0.986346
0.994398
0.687109
0.018538
0.242233
0.183678
0.183678
0.291039
0.291039
0.974205
0.486004
0.071767
0.823523
0.018745
0.020362
0.190906
0.043885
0.017351
0.017351
0.013345
0.018825
0.971378
0.99811
0.164637
0.164637
0.01541
0.099727
0.871794
0.169084
0.884405
0.501731
0.032721
0.670553
0.339266
0.639183
0.991239
0.339266
0.849991
0.93015
0.849991
0.339266
0.339266
0.339266
0.339266
0.020859
0.988813
0.390747
0.993547
0.141776
0.025591
0.057883
0.591497
0.106666
0.106666
0.110489
0.748856
0.110489
0.982637
0.432391
0.995721
0.975679
0.084495
0.811484
0.958629
0.986359
0.925597
0.925597
0.820885
0.98089
0.944965
0.979773
0.972168
0.979773
0.876668
0.933631
0.933631
0.933631
0.933631
0.903847
0.903847
0.903847
0.080673
0.998503
0.943498
0.080673
0.080673
0.40213
0.010716
0.071135
0.179162
0.158712
0.660976
0.153308
0.17991
0.156332
0.415396
0.17991
0.54098
0.040792
0.122132
0.122132
0.268884
0.268884
0.290082
0.915441
0.936461
0.825759
0.670934
0.670934
0.670934
0.419736
0.021335
0.688459
0.119952
0.897805
0.222364
0.222364
0.437732
0.739877
0.526536
0.845999
0.526536
0.526536
0.526536
0.526536
0.839345
0.89098
0.089059
0.535911
0.434598
0.115822
0.760984
0.185528
0.729034
0.937397
0.081308
0.41427
0.016439
0.016439
0.016439
0.016439
0.010025
0.901577
0.008805
0.010025
0.009335
0.000458
0.000458
0.003847
0.01778
0.004966
0.000394
0.018285
0.149496
0.018285
0.018285
0.018285
0.000458
0.000458
0.003847
0.003847
0.000458
0.000458
0.0001
0.000179
0.028387
0.0001
0.001946
0.001946
0.000394
0.306783
0.079306
0.017519
0.111696
0.202286
0.012879
0.003436
0.013366
0.003436
0.11208
0.259137
0.11208
0.036003
0.909665
0.061596
0.061596
0.003256
0.024564
0.599238
0.653725
0.653725
0.653725
0.966984
0.990262
0.43258
0.908231
0.43258
0.184696
0.152716
0.33244
0.239961
0.239961
0.199671
0.222336
0.062923
0.112832
0.112832
0.144355
0.144355
0.321384
0.075226
0.931459
0.236169
0.256077
0.651139
0.245054
0.154426
0.054078
0.119801
0.119801
0.119801
0.119801
0.159119
0.98366
0.921302
0.513003
0.583024
0.513003
0.727845
0.888842
0.083586
0.9856
0.363797
0.137688
0.103645
0.083586
0.835144
0.707118
0.707118
0.806303
0.095419
0.310201
0.809557
0.6863
0.659851
0.146378
0.104451
0.749839
0.338209
0.9384
0.222374
0.524807
0.116146
0.193872
0.029792
0.272951
0.272951
0.16578
0.16578
0.272951
0.272951
0.128738
0.021032
0.48231
0.155247
0.155247
0.582615
0.155247
0.000778
0.000778
0.000778
0.030684
0.030684
0.111491
0.04454
0.275066
0.04454
0.022259
0.405344
0.884953
0.005275
0.005275
0.896637
0.559387
0.568975
0.158687
0.158687
0.927738
0.062182
0.790796
0.04883
0.04883
0.140587
0.140587
0.518596
0.518596
0.069726
0.793004
0.145856
0.145856
0.010337
0.016126
0.040169
0.040169
0.701609
0.23901
0.443676
0.363553
0.15789
0.183012
0.577575
0.86078
0.518057
0.956891
0.828535
0.37433
0.427609
0.427609
0.014095
0.014095
0.352522
0.015164
0.000819
0.304629
0.142912
0.332321
0.184845
0.205823
0.205823
0.10921
0.244443
0.854118
0.468036
0.830218
0.000213
0.015323
0.002745
0.013865
0.448757
0.003798
0.047104
0.008757
0.001999
0.002745
0.000596
0.0007
0.000257
0.003066
0.003066
0.000257
0.000213
0.050438
0.88684
0.003075
0.047102
0.047102
0.999877
0.763472
0.996892
0.294558
0.97368
0.077031
0.611518
0.611518
0.611518
0.35513
0.35513
0.413263
0.351096
0.770798
0.947082
0.211859
0.018084
0.133354
0.4512
0.190146
0.190146
0.190146
0.008279
0.190146
0.190146
0.190146
0.191927
0.994933
0.773235
0.010435
0.197825
0.197825
0.022703
0.955246
0.348661
0.970468
0.001241
0.003839
0.003839
0.003839
0.0001
0.0001
0.249855
0.000296
0.000671
0.538445
0.000459
0.000459
0.001821
0.0001
0.000501
0.000501
0.0001
0.01013
0.01013
0.01013
0.01013
0.0001
0.001014
0.656842
0.462158
0.859199
0.354195
0.978223
0.354195
0.354195
0.354195
0.000673
0.997705
0.148042
0.879543
0.874374
0.007823
0.007823
0.007823
0.079616
0.061403
0.000673
0.000673
0.765987
0.003471
0.000673
0.029577
0.029577
0.940901
0.495136
0.467129
0.08994
0.08994
0.348826
0.397233
0.000327
0.016955
0.729071
0.77532
0.388381
0.622139
0.091351
0.097752
0.578927
0.784258
0.121784
0.121784
0.121784
0.121784
0.000327
0.185964
0.025274
0.025274
0.366432
0.197275
0.868298
0.454231
0.454231
0.027736
0.027736
0.16011
0.030503
0.030503
0.380744
0.490654
0.800071
0.057639
0.236569
0.236569
0.011723
0.011723
0.011723
0.54252
0.880317
0.511924
0.038828
0.286896
0.035865
0.076834
0.291679
0.62628
0.291679
0.133422
0.09047
0.363593
0.05045
0.436319
0.366795
0.849126
0.57812
0.77374
0.026591
0.132337
0.073712
0.132337
0.132337
0.104164
0.947083
0.166067
0.07131
0.073181
0.073181
0.283447
0.091167
0.091167
0.003558
0.02781
0.037264
0.0906
0.166621
0.166621
0.969998
0.166621
0.00653
0.734178
0.065866
0.019287
0.959195
0.070264
0.019287
0.070264
0.019287
0.228843
0.739463
0.044421
0.04448
0.04448
0.10201
0.796119
0.405017
0.10201
0.976302
0.801846
0.36319
0.026778
0.389167
0.389167
0.998829
0.553967
0.359053
0.253709
0.058748
0.316779
0.097799
0.054833
0.054833
0.007063
0.164855
0.249622
0.100058
0.076122
0.016255
0.016255
0.016255
0.048149
0.012294
0.012294
0.069037
0.021157
0.021157
0.176477
0.15181
0.15181
0.15181
0.15181
0.598401
0.861725
0.531282
0.002131
0.011943
0.034341
0.060605
0.011943
0.011943
0.000252
0.002483
0.000252
0.286869
0.347956
0.096549
0.096549
0.005232
0.000252
0.031327
0.031327
0.013302
0.05933
0.05933
0.016337
0.021608
0.016337
0.191096
0.017733
0.857674
0.796077
0.807297
0.646334
0.646334
0.646334
0.2782
0.002088
0.681745
0.01434
0.246497
0.246497
0.458516
0.302257
0.302257
0.302257
0.302257
0.302257
0.019407
0.560609
0.560609
0.07057
0.034726
0.034726
0.862746
0.038989
0.038989
0.038989
0.038989
0.242401
0.242401
0.242401
0.242401
0.242401
0.324061
0.383263
0.383263
0.300205
0.300205
0.300205
0.300205
0.300205
0.999369
0.053676
0.175889
0.025639
0.012176
0.012176
0.002432
0.145605
0.993916
0.022917
0.007785
0.94506
0.433488
0.696326
0.433488
0.433488
0.007785
0.007785
0.335261
0.335261
0.335261
0.007785
0.007785
0.621038
0.621038
0.621038
0.621038
0.841418
0.127182
0.127182
0.03943
0.468815
0.468815
0.468815
0.468815
0.09242
0.09242
0.09242
0.009796
0.142812
0.999738
0.777371
0.323563
0.017793
0.001489
0.028857
0.110132
0.110132
0.036289
0.014297
0.035207
0.035207
0.028857
0.281903
0.403174
0.111038
0.323489
0.323489
0.502325
0.893243
0.980778
0.854757
0.982904
0.902651
0.931593
0.725209
0.888302
0.565831
0.565831
0.565831
0.565831
0.100931
0.570146
0.770551
0.727845
0.106876
0.736488
0.536698
0.841005
0.536698
0.536698
0.034649
0.822468
0.790141
0.790141
0.729083
0.729083
0.729083
0.729083
0.729083
0.086654
0.086654
0.005398
0.261303
0.030321
0.004961
0.002943
0.002943
0.002943
0.000397
0.033026
0.009425
0.006308
0.177822
0.006308
0.000397
0.1229
0.000397
0.000397
0.849225
0.947115
0.159382
0.916182
0.986967
0.048537
0.048537
0.048537
0.056055
0.056055
0.750254
0.843633
0.817739
0.420623
0.060042
0.003857
0.122518
0.060042
0.003857
0.135107
0.99839
0.011863
0.960056
0.007234
0.078615
0.097778
0.043828
0.043828
0.043828
0.611146
0.967742
0.19663
0.975141
0.991018
0.975594
0.959403
0.959403
0.97683
0.969888
0.969888
0.978468
0.928265
0.566515
0.804792
0.758441
0.992246
0.500674
0.108387
0.142191
0.110749
0.032532
0.00379
0.011326
0.112437
0.324938
0.324938
0.00379
0.993537
0.978828
0.961063
0.91224
0.876383
0.961063
0.986651
0.987458
0.659416
0.849248
0.703514
0.782504
0.782504
0.208212
0.892403
0.843808
0.843808
0.843808
0.208212
0.989663
0.230573
0.771391
0.327406
0.019723
0.019723
0.518998
0.518998
0.204193
0.657728
0.019723
0.015058
0.015058
0.117412
0.117412
0.277623
0.284118
0.082567
0.082567
0.041276
0.041276
0.041276
0.049521
0.022418
0.006265
0.595653
0.002635
0.010408
0.00259
0.000537
0.000114
0.016714
0.00109
0.000793
0.146048
0.005382
0.001448
0.000121
0.000121
0.028559
0.005016
0.030054
0.03819
0.083696
0.009733
0.001399
0.152092
0.013163
0.08874
0.08874
0.976454
0.98473
0.976454
0.996575
0.982294
0.976454
0.976454
0.976454
0.976454
0.976454
0.926546
0.798778
0.512365
0.690169
0.937552
0.937552
0.98638
0.885858
0.983279
0.110197
0.885858
0.110197
0.989197
0.950588
0.870596
0.870596
0.750044
0.883814
0.992811
0.079043
0.079043
0.914142
0.079043
0.079043
0.98057
0.242348
0.493325
0.493325
0.811432
0.557085
0.557085
0.557085
0.557085
0.557085
0.850251
0.330193
0.750746
0.863975
0.863975
0.95988
0.320715
0.929852
0.95226
0.902132
0.839456
0.738529
0.551891
0.137239
0.670635
0.670635
0.670635
0.670635
0.691675
0.752657
0.314281
0.923876
0.35559
0.613844
0.935927
0.918893
0.40263
0.904906
0.860242
0.860242
0.868947
0.889027
0.976097
0.274956
0.655499
0.729633
0.419621
0.419621
0.816687
0.816687
0.816687
0.387623
0.839956
0.893949
0.322367
0.322367
0.82759
0.299409
0.139223
0.993112
0.478009
0.478009
0.566743
0.344156
0.683778
0.402609
0.402609
0.050186
0.344156
0.050186
0.408575
0.529595
0.144342
0.144342
0.144342
0.975569
0.012172
0.68575
0.034449
0.565196
0.11937
0.056326
0.008024
0.008024
0.813745
0.513614
0.361623
0.541132
0.360582
0.360582
0.122062
0.200101
0.15721
0.991995
0.731482
0.072723
0.02079
0.309423
0.934455
0.101883
0.102561
0.22715
0.22715
0.157235
0.209322
0.009529
0.028961
0.079284
0.079284
0.869137
0.051981
0.051981
0.756721
0.063405
0.063405
0.005825
0.063405
0.063405
0.00297
0.00297
0.00297
0.00297
0.304817
0.060751
0.116732
0.196044
0.941686
0.129837
0.705538
0.011261
0.051333
0.096742
0.011261
0.077062
0.675718
0.675718
0.675718
0.675718
0.104627
0.192384
0.841982
0.841982
0.585161
0.870243
0.836046
0.71185
0.890043
0.435774
0.192797
0.776649
0.776649
0.508696
0.680386
0.508696
0.508696
0.508696
0.508696
0.508696
0.508696
0.508696
0.508696
0.508696
0.508696
0.228242
0.050712
0.943357
0.30183
0.30183
0.310078
0.252857
0.542486
0.252857
0.039174
0.387794
0.237683
0.11918
0.103406
0.724279
0.724279
0.724279
0.724279
0.463734
0.463734
0.26014
0.26014
0.200257
0.200257
0.09987
0.000443
0.000443
0.000443
0.000443
0.000443
0.070101
0.271041
0.271041
0.102169
0.102169
0.000443
0.001933
0.007814
0.000443
0.10349
0.10349
0.351122
0.073173
0.169412
0.073173
0.073173
0.416673
0.012675
0.012675
0.000264
0.097956
0.003974
0.999644
0.084717
0.018534
0.018534
0.047097
0.815631
0.060224
0.048374
0.048374
0.662597
0.212583
0.212583
0.111435
0.038411
0.039057
0.07725
0.07725
0.012183
0.053315
0.383168
0.000568
0.04333
0.745407
0.607686
0.164306
0.000914
0.000914
0.044473
0.00237
0.074649
0.002054
0.017559
0.017559
0.000109
0.000109
0.009898
0.873139
0.000109
0.003013
0.003013
0.000722
0.000645
0.080293
0.07423
0.07423
0.208294
0.048987
0.048987
0.502647
0.044852
0.235287
0.135782
0.678432
0.772898
0.211351
0.211351
0.203472
0.041826
0.041826
0.26208
0.032464
0.891823
0.074783
0.000907
0.046037
0.008359
0.004494
0.21758
0.073883
0.050976
0.050976
0.010794
0.509738
0.158666
0.490099
0.492936
0.140614
0.140614
0.140614
0.248427
0.097809
0.097809
0.097809
0.941336
0.001841
0.00034
0.00034
0.127476
0.025308
0.025308
0.07694
0.07694
0.07694
0.000221
0.083625
0.016162
0.10572
0.030541
0.35194
0.740545
0.676986
0.57716
0.563704
0.807959
0.563703
0.807959
0.937069
0.807959
0.031981
0.19345
0.314818
0.19345
0.19345
0.19345
0.90457
0.343099
0.557232
0.557232
0.498204
0.498204
0.019925
0.019925
0.11122
0.11122
0.11122
0.088318
0.088318
0.088318
0.088318
0.012697
0.498411
0.841883
0.552271
0.498411
0.43494
0.246246
0.246246
0.120869
0.99861
0.000479
0.000479
0.000479
0.000479
0.229401
0.816341
0.074784
0.000479
0.036262
0.036262
0.003017
0.000479
0.000479
0.000479
0.000479
0.000479
0.207001
0.449838
0.449838
0.107399
0.522535
0.607152
0.073279
0.617277
0.617277
0.073279
0.145043
0.455467
0.455467
0.062596
0.949402
0.488304
0.062596
0.062596
0.062596
0.216588
0.216588
0.023502
0.000815
0.207439
0.207439
0.938982
0.020199
0.999164
0.924304
0.000269
0.000269
0.000101
0.352828
0.006099
0.169901
0.027939
0.006099
0.006099
0.000101
0.001603
0.001603
0.003663
0.028547
0.000412
0.000412
0.002033
0.009426
0.009426
0.009426
0.009426
0.00015
0.001146
0.000169
0.001483
0.001483
0.045733
0.000775
0.000104
0.000108
0.000108
0.002776
0.002776
0.023725
0.000119
0.003462
0.000783
0.000783
0.00086
0.000108
0.018106
0.66634
0.018106
0.252171
0.053558
0.418844
0.127419
0.252171
0.08564
0.002549
0.504038
0.905212
0.80936
0.504038
0.678821
0.504038
0.596936
0.153108
0.232487
0.018069
0.269824
0.269824
0.071448
0.067338
0.067338
0.32441
0.098904
0.098904
0.846596
0.846596
0.834904
0.695165
0.695165
0.515907
0.070727
0.95699
0.360553
0.360553
0.360553
0.50056
0.50056
0.95873
0.502477
0.732026
0.960419
0.701909
0.982728
0.323242
0.726503
0.726503
0.000734
0.054075
0.054075
0.054075
0.054075
0.000569
0.928566
0.830591
0.830591
0.764305
0.764305
0.103053
0.006403
0.290462
0.008347
0.008347
0.000137
0.000137
0.000137
0.01731
0.000137
0.003014
0.008347
0.008347
0.782669
0.04774
0.04774
0.04774
0.000137
0.015024
0.987788
0.015024
0.391764
0.067936
0.080304
0.080304
0.377057
0.377057
0.951805
0.072638
0.189614
0.189614
0.013092
0.013092
0.189614
0.189614
0.140724
0.140724
0.923518
0.022765
0.085127
0.013698
0.260823
0.260823
0.260823
0.37512
0.962786
0.083164
0.698902
0.069613
0.021852
0.7194
0.021852
0.018078
0.018078
0.405715
0.008083
0.368425
0.368425
0.874217
0.63907
0.038751
0.207955
0.207955
0.208504
0.208504
0.735038
0.445388
0.275882
0.735038
0.538293
0.48002
0.247317
0.247317
0.108524
0.489144
0.99238
0.005833
0.003175
0.360053
0.778466
0.991287
0.036203
0.893004
0.036203
0.040694
0.843498
0.522083
0.549741
0.522083
0.522083
0.522083
0.829705
0.522083
0.703818
0.522083
0.018667
0.033638
0.460796
0.140504
0.070248
0.070248
0.088724
0.272258
0.060204
0.005037
0.100033
0.100033
0.163372
0.163372
0.005037
0.730693
0.82499
0.498273
0.090011
0.000686
0.000686
0.049998
0.090011
0.090011
0.090011
0.672123
0.297713
0.105292
0.005273
0.072309
0.072309
0.002038
0.002038
0.017596
0.065054
0.065054
0.065054
0.00192
0.288502
0.025627
0.025627
0.025627
0.828214
0.672514
0.672514
0.149885
0.626035
0.626035
0.626035
0.81846
0.81846
0.959505
0.542495
0.544574
0.999343
0.016635
0.016635
0.890842
0.777552
0.931828
0.021659
0.768341
0.160412
0.268729
0.008775
0.02508
0.02508
0.052817
0.026835
0.003945
0.038877
0.160412
0.454068
0.112028
0.021649
0.000247
0.003217
0.000247
0.013808
0.095543
0.013808
0.862112
0.978354
0.344475
0.344475
0.823126
0.479576
0.479576
0.133456
0.259065
0.259065
0.764276
0.30346
0.17484
0.882376
0.59995
0.413084
0.59995
0.005413
0.005413
0.005413
0.005413
0.614905
0.401297
0.981021
0.228597
0.001221
0.01135
0.219319
0.201132
0.041831
0.041831
0.11046
0.033304
0.133981
0.023764
0.023764
0.181198
0.021456
0.052225
0.052225
0.052225
0.081594
0.016262
0.068328
0.068328
0.586423
0.006961
0.014178
0.014178
0.094493
0.094493
0.03549
0.03549
0.014178
0.014178
0.041469
0.689699
0.158209
0.158209
0.158209
0.011422
0.006424
0.215762
0.106508
0.534098
0.331448
0.191761
0.042644
0.001684
0.042644
0.029326
0.024082
0.105487
0.0471
0.308083
0.02947
0.366258
0.716341
0.114846
0.114846
0.079042
0.079042
0.002027
0.063244
0.002027
0.002027
0.002027
0.14571
0.182404
0.182404
0.056606
0.14986
0.043092
0.201167
0.775306
0.118215
0.056149
0.056149
0.003524
0.003524
0.369872
0.638216
0.321253
0.27821
0.27821
0.973448
0.18864
0.18864
0.459534
0.459534
0.459534
0.459534
0.000207
0.000103
0.000578
0.106769
0.001537
0.001537
0.000315
0.002792
0.000353
0.000353
0.000454
0.041089
0.92858
0.00091
0.00091
0.000232
0.177279
0.001394
0.001394
0.300262
0.040541
0.000503
0.007709
0.000576
0.000185
0.668041
0.668041
0.668041
0.668041
0.668041
0.996144
0.12215
0.12215
0.254669
0.254669
0.254669
0.254669
0.254669
0.254669
0.629563
0.958597
0.102246
0.827719
0.827719
0.807917
0.996059
0.947547
0.796326
0.448849
0.191827
0.637789
0.941037
0.637789
0.761759
0.761759
0.257019
0.257019
0.089831
0.089831
0.550179
0.746477
0.746477
0.543256
0.543256
0.755327
0.38428
0.416099
0.954141
0.931309
0.36519
0.853152
0.771526
0.36519
0.333821
0.388232
0.498751
0.498751
0.274801
0.581628
0.258978
0.016161
0.491854
0.407629
0.386104
0.506802
0.133093
0.522191
0.153525
0.518814
0.226062
0.226062
0.164149
0.012308
0.122667
0.257035
0.005923
0.509568
0.000163
0.000163
0.023423
0.00792
0.000163
0.000163
0.047817
0.047817
0.047817
0.000163
0.690083
0.114493
0.327827
0.327827
0.327827
0.17086
0.17086
0.20475
0.889902
0.519337
0.004017
0.004017
0.004017
0.004017
0.020408
0.067461
0.067461
0.081132
0.076242
0.551683
0.551683
0.206181
0.642539
0.827208
0.957752
0.858465
0.897755
0.637709
0.864222
0.894295
0.894295
0.985806
0.499087
0.706703
0.706703
0.706703
0.706703
0.498232
0.809492
0.430908
0.193979
0.394692
0.044525
0.129128
0.015304
0.015304
0.492278
0.328989
0.201923
0.558814
0.945357
0.342731
0.030474
0.030474
0.136951
0.466213
0.959168
0.003545
0.000494
0.014885
0.016407
0.016407
0.016407
0.098568
0.008872
0.011171
0.121745
0.023161
0.004752
0.004752
0.117394
0.000114
0.000134
0.001228
0.000141
0.000141
0.011652
0.000125
0.000129
0.000134
0.000141
0.000141
0.000114
0.000121
0.002691
0.002691
0.005335
0.000206
0.00496
0.001143
0.000141
0.000141
0.000228
0.000114
0.000141
0.000141
0.001088
0.001088
0.001681
0.015425
0.003914
0.031491
0.000141
0.000141
0.000881
0.000881
0.010285
0.087564
0.087564
0.087564
0.087564
0.309071
0.056201
0.617601
0.617601
0.367057
0.367057
0.044125
0.697001
0.891653
0.246722
0.061794
0.061794
0.053116
0.053116
0.342314
0.342314
0.342314
0.342314
0.065892
0.065892
0.065892
0.065892
0.005988
0.722749
0.993699
0.004421
0.605134
0.346657
0.140616
0.140616
0.030073
0.586948
0.454133
0.057485
0.001127
0.001127
0.001127
0.001127
0.03608
0.03608
0.109254
0.109254
0.109254
0.997584
0.59782
0.59782
0.59782
0.858898
0.858898
0.292994
0.544192
0.544192
0.544192
0.258828
0.258828
0.439473
0.258828
0.258828
0.544192
0.544192
0.544192
0.00877
0.74903
0.066784
0.113979
0.113979
0.020976
0.760524
0.682092
0.682092
0.093126
0.816901
0.279224
0.091476
0.353474
0.353474
0.064821
0.037458
0.017147
0.017147
0.017147
0.017147
0.014785
0.000338
0.027299
0.027299
0.016231
0.016231
0.235636
0.000258
0.191404
0.293369
0.803847
0.114048
0.928845
0.98406
0.800413
0.484938
0.543032
0.450072
0.177467
0.177467
0.001556
0.339872
0.016308
0.069564
0.097241
0.179016
0.024999
0.000208
0.04119
0.000208
0.04119
0.000208
0.000208
0.015377
0.015377
0.000208
0.769055
0.45182
0.45182
0.45182
0.997892
0.256168
0.048331
0.619897
0.452293
0.910993
0.076623
0.076623
0.04623
0.705913
0.048331
0.001783
0.231359
0.231359
0.231359
0.001783
0.275794
0.211263
0.757094
0.007247
0.007247
0.00011
0.714481
0.049981
0.049981
0.049981
0.049981
0.049981
0.003008
0.003008
0.321322
0.09352
0.321322
0.473155
0.950263
0.473155
0.047857
0.306718
0.047857
0.106272
0.007104
0.00414
0.018357
0.0054
0.0054
0.02109
0.02109
0.060062
0.060062
0.060062
0.045303
0.555247
0.18749
0.511177
0.027059
0.027059
0.06484
0.039873
0.270631
0.270631
0.716964
0.975585
0.949987
0.885846
0.992646
0.531865
0.892218
0.892218
0.892218
0.95395
0.865411
0.972338
0.865411
0.840652
0.616544
0.75852
0.544791
0.94598
0.575479
0.94598
0.592644
0.592644
0.9097
0.793805
0.793805
0.793805
0.959132
0.318231
0.896353
0.204191
0.670007
0.272266
0.11681
0.11681
0.823362
0.823362
0.823362
0.823362
0.612396
0.98761
0.8008
0.8008
0.861564
0.717393
0.850333
0.957472
0.319404
0.374987
0.87933
0.63769
0.978651
0.241513
0.635927
0.635927
0.788352
0.451098
0.194631
0.346432
0.346432
0.00753
0.111506
0.00753
0.00753
0.00753
0.00753
0.111506
0.640219
0.900229
0.755494
0.755494
0.017709
0.017709
0.017709
0.419027
0.419027
0.419027
0.903631
0.903631
0.903631
0.857114
0.857114
0.984402
0.019853
0.37239
0.229977
0.132518
0.835923
0.069696
0.22539
0.22539
0.019853
0.616185
0.047708
0.047708
0.047708
0.106431
0.414382
0.414382
0.736359
0.736359
0.692157
0.977256
0.23429
0.23429
0.439644
0.439644
0.23429
0.692157
0.692157
0.692157
0.692157
0.692157
0.541663
0.541663
0.966564
0.992021
0.855315
0.855315
0.841236
0.841236
0.80377
0.80377
0.899126
0.899126
0.899126
0.622938
0.04051
0.04051
0.431305
0.681382
0.681382
0.81669
0.662994
0.955664
0.258741
0.969794
0.23751
0.92796
0.081271
0.596448
0.596448
0.182788
0.733046
0.733046
0.733046
0.406732
0.978448
0.947472
0.889617
0.889617
0.995116
0.619419
0.131628
0.308895
0.355869
0.252779
0.252779
0.745715
0.923999
0.745715
0.652386
0.869463
0.652386
0.431748
0.320958
0.104344
0.104344
0.997238
0.106662
0.003407
0.003407
0.329582
0.106662
0.104344
0.104344
0.218736
0.218736
0.762154
0.104344
0.104344
0.193842
0.402811
0.718
0.954587
0.106755
0.005881
0.604263
0.604263
0.255658
0.654266
0.654266
0.021787
0.108235
0.108235
0.182523
0.182523
0.027276
0.027276
0.027276
0.010397
0.010397
0.010397
0.123994
0.123994
0.832998
0.505289
0.911698
0.912274
0.317558
0.46937
0.864275
0.375013
0.375013
0.744498
0.127911
0.076165
0.169102
0.019507
0.013797
0.346839
0.142717
0.348434
0.348434
0.227948
0.939726
0.461179
0.250159
0.250159
0.47076
0.233005
0.306676
0.183429
0.485693
0.485693
0.541607
0.458501
0.458501
0.029249
0.996891
0.817537
0.817537
0.817537
0.817537
0.817537
0.817537
0.054556
0.087128
0.087128
0.991963
0.112403
0.112403
0.112403
0.112403
0.744844
0.364873
0.824001
0.824001
0.824001
0.893691
0.881735
0.544025
0.007457
0.107262
0.004511
0.004511
0.000271
0.000271
0.014691
0.007656
0.115487
0.087604
0.00361
0.000506
0.011207
0.001129
0.11628
0.023643
0.046746
0.005626
0.005626
0.005626
0.572838
0.384531
0.020423
0.58256
0.889429
0.008112
0.074145
0.074145
0.074145
0.021777
0.046453
0.046453
0.054337
0.054337
0.006788
0.156728
0.38009
0.49427
0.49427
0.49427
0.07692
0.07692
0.092532
0.092532
0.04892
0.04892
0.012918
0.759062
0.028207
0.028207
0.001487
0.070411
0.032771
0.675025
0.251832
0.346246
0.346246
0.346246
0.008392
0.076453
0.076453
0.134616
0.830393
0.011026
0.023349
0.010823
0.113021
0.113021
0.940802
0.994351
0.664029
0.664029
0.794496
0.794496
0.567697
0.207173
0.294864
0.006074
0.036488
0.036488
0.044348
0.010769
0.08713
0.639422
0.012439
0.012439
0.008779
0.018592
0.018592
0.041243
0.041243
0.047202
0.136623
0.075064
0.054572
0.490952
0.235241
0.235241
0.321855
0.259762
0.418547
0.616281
0.357785
0.550739
0.126293
0.185854
0.75788
0.347785
0.175572
0.378554
0.077337
0.077337
0.998703
0.382126
0.00238
0.856806
0.009379
0.669725
0.143932
0.450569
0.450569
0.143932
0.099595
0.099595
0.085621
0.085621
0.128021
0.267358
0.098841
0.045001
0.038321
0.038321
0.038321
0.038321
0.001708
0.111417
0.094197
0.094197
0.436846
0.021872
0.17986
0.998035
0.2793
0.2793
0.754656
0.334972
0.334972
0.201981
0.201981
0.201981
0.011273
0.048978
0.187164
0.716857
0.867127
0.205218
0.989107
0.197002
0.197002
0.500182
0.179023
0.179023
0.965568
0.013821
0.013821
0.593983
0.353065
0.353065
0.306727
0.039476
0.555305
0.349078
0.250012
0.308074
0.755947
0.06306
0.395404
0.893825
0.893825
0.962701
0.893825
0.893825
0.984034
0.893825
0.893825
0.893825
0.893825
0.893825
0.893825
0.985724
0.9938
0.094633
0.57407
0.569745
0.570526
0.570526
0.570526
0.40863
0.527234
0.40863
0.283416
0.988215
0.283964
0.87374
0.20418
0.089895
0.740944
0.852998
0.595835
0.595835
0.595835
0.595835
0.614298
0.963303
0.298265
0.026182
0.14049
0.14049
0.393205
0.393205
0.417209
0.417209
0.576784
0.576784
0.082148
0.382577
0.043968
0.043968
0.069203
0.997119
0.858012
0.515624
0.092731
0.042588
0.042588
0.545073
0.219503
0.545073
0.225695
0.013046
0.023391
0.023391
0.013046
0.044767
0.044767
0.001511
0.228992
0.015577
0.09345
0.09345
0.212102
0.608836
0.608836
0.608836
0.499373
0.499373
0.946849
0.499373
0.499373
0.014294
0.326882
0.326882
0.014294
0.326882
0.326882
0.806879
0.806879
0.858756
0.964166
0.969989
0.964166
0.984907
0.973166
0.978362
0.973166
0.968396
0.973166
0.968396
0.961479
0.177456
0.612401
0.545552
0.545552
0.999398
0.000328
0.281867
0.019961
0.009086
0.42303
0.42303
0.42303
0.42303
0.42303
0.788053
0.42303
0.212276
0.928625
0.928625
0.915472
0.212276
0.212276
0.782856
0.131857
0.131857
0.131857
0.310751
0.310751
0.310751
0.310751
0.310751
0.141336
0.386956
0.141336
0.590009
0.41801
0.115413
0.537883
0.537883
0.537883
0.537883
0.75218
0.882018
0.333075
0.530842
0.24947
0.37948
0.129136
0.949052
0.788897
0.463404
0.748601
0.748601
0.969783
0.351349
0.938963
0.938963
0.221491
0.852309
0.211335
0.328557
0.827817
0.167731
0.913764
0.578887
0.913764
0.578887
0.578887
0.893372
0.963686
0.893372
0.99172
0.919609
0.505287
0.164758
0.727699
0.914603
0.727699
0.90101
0.666037
0.666037
0.910933
0.910933
0.986096
0.883099
0.991682
0.883099
0.883099
0.883099
0.883099
0.498033
0.498033
0.49331
0.973764
0.992305
0.914268
0.661106
0.467922
0.467922
0.940472
0.940472
0.940472
0.940472
0.940472
0.341045
0.341045
0.62007
0.095264
0.37709
0.237219
0.536577
0.630637
0.410176
0.030569
0.174174
0.174174
0.373369
0.819916
0.400929
0.400929
0.15985
0.468483
0.468483
0.895402
0.895402
0.895402
0.816732
0.762871
0.505663
0.964802
0.486869
0.754149
0.754149
0.39027
0.87528
0.87528
0.985396
0.737724
0.908362
0.779503
0.996168
0.865007
0.647228
0.33636
0.33636
0.87172
0.876524
0.798005
0.964933
0.798005
0.722874
0.567649
0.796332
0.567649
0.713226
0.567649
0.94611
0.947679
0.646608
0.832851
0.537371
0.537371
0.961367
0.831621
0.548247
0.548247
0.548247
0.111825
0.111825
0.111825
0.380948
0.61494
0.055592
0.03219
0.118616
0.118616
0.336246
0.336246
0.336246
0.415582
0.415582
0.415582
0.2853
0.2853
0.929984
0.954087
0.058225
0.058225
0.510604
0.035572
0.039959
0.290344
0.004476
0.008173
0.008173
0.029089
0.029089
0.289039
0.084499
0.089434
0.039902
0.039902
0.780534
0.35151
0.981763
0.210101
0.412578
0.844927
0.412578
0.770225
0.527745
0.527745
0.080202
0.080202
0.142144
0.142144
0.130012
0.730683
0.004038
0.004038
0.004038
0.705919
0.002114
0.002114
0.215271
0.996508
0.052035
0.284843
0.059328
0.002114
0.403312
0.403312
0.403312
0.403312
0.002114
0.002114
0.284843
0.284843
0.284843
0.008605
0.60677
0.779866
0.092706
0.073159
0.551098
0.901195
0.10807
0.162888
0.687414
0.648529
0.035277
0.035277
0.035277
0.991516
0.304878
0.304878
0.865588
0.865588
0.865588
0.865588
0.001156
0.447444
0.088954
0.407673
0.088831
0.088831
0.415666
0.001156
0.109561
0.109561
0.109561
0.109561
0.109561
0.109561
0.882966
0.529274
0.58945
0.741444
0.643429
0.643429
0.420594
0.669025
0.143736
0.044335
0.959661
0.54737
0.010331
0.010331
0.010331
0.497561
0.994665
0.497561
0.050206
0.050206
0.050206
0.050206
0.050206
0.242418
0.242418
0.050206
0.868949
0.632192
0.749393
0.044181
0.147861
0.099136
0.203885
0.26227
0.26227
0.071439
0.843109
0.351397
0.665328
0.656282
0.160039
0.160039
0.278983
0.640691
0.640691
0.178075
0.448068
0.448068
0.643764
0.643764
0.643764
0.092518
0.172714
0.172714
0.940196
0.803873
0.940196
0.940196
0.803873
0.803873
0.803873
0.803873
0.803873
0.079689
0.767111
0.922882
0.755814
0.755814
0.127138
0.593011
0.593011
0.593011
0.171165
0.141668
0.141668
0.85067
0.920072
0.95226
0.85067
0.85067
0.85067
0.85067
0.85067
0.85067
0.378522
0.378522
0.378522
0.222476
0.222476
0.189187
0.049036
0.088535
0.088535
0.003666
0.943754
0.581056
0.278778
0.660839
0.660839
0.572937
0.572937
0.572937
0.028294
0.05919
0.26699
0.032432
0.01293
0.000465
0.004981
0.000465
0.814452
0.169576
0.066647
0.045479
0.045479
0.120085
0.002212
0.037853
0.067067
0.067067
0.999559
0.028477
0.213591
0.028477
0.173302
0.173302
0.173302
0.975088
0.607944
0.047541
0.047541
0.815203
0.561631
0.91141
0.646535
0.123468
0.034387
0.034387
0.123468
0.774952
0.693936
0.261916
0.261916
0.00651
0.047783
0.129262
0.129262
0.123468
0.983359
0.980142
0.930968
0.770741
0.050974
0.050974
0.250758
0.250758
0.986529
0.471967
0.16123
0.830066
0.95573
0.022133
0.237085
0.844879
0.414565
0.404641
0.404641
0.404641
0.237085
0.16123
0.634171
0.634171
0.133708
0.133708
0.384168
0.135404
0.135404
0.100507
0.100507
0.191824
0.191824
0.110947
0.489647
0.489647
0.489647
0.51297
0.51297
0.156346
0.292649
0.995371
0.03946
0.03946
0.032773
0.94657
0.120064
0.004405
0.03683
0.03683
0.102129
0.102129
0.102129
0.032773
0.093275
0.093275
0.024228
0.396147
0.014131
0.024228
0.097422
0.097422
0.097422
0.014131
0.238554
0.238554
0.238554
0.199253
0.033892
0.112008
0.069765
0.561033
0.752636
0.752636
0.632072
0.965045
0.120888
0.120888
0.120888
0.029382
0.001108
0.591786
0.019708
0.019708
0.030276
0.237823
0.038958
0.038958
0.368238
0.740237
0.271455
0.413342
0.911843
0.911843
0.911843
0.413342
0.764444
0.973406
0.949055
0.949055
0.218706
0.218706
0.218706
0.002228
0.002228
0.052679
0.052679
0.002228
0.035022
0.002228
0.953872
0.011845
0.224856
0.224856
0.224856
0.224856
0.024327
0.024327
0.021305
0.021305
0.021305
0.021305
0.27505
0.573205
0.863265
0.637613
0.258767
0.258767
0.407898
0.258767
0.258767
0.258767
0.258767
0.002231
0.034506
0.034506
0.004031
0.004031
0.056157
0.017431
0.004951
0.178263
0.089634
0.089634
0.089634
0.000122
0.023791
0.426779
0.426779
0.426779
0.622834
0.325011
0.325011
0.633015
0.633015
0.633015
0.196926
0.831249
0.231345
0.231345
0.125044
0.125044
0.277782
0.277782
0.756522
0.383157
0.63199
0.414707
0.414707
0.384191
0.384191
0.207816
0.056084
0.008556
0.188098
0.188098
0.188098
0.073861
0.027076
0.115489
0.027076
0.981103
0.055302
0.056427
0.114745
0.114745
0.008018
0.220689
0.414208
0.008018
0.220689
0.24733
0.094665
0.211239
0.211239
0.487819
0.379994
0.379994
0.379994
0.055725
0.302047
0.037719
0.788252
0.051399
0.084768
0.304633
0.084768
0.050668
0.679004
0.115888
0.440206
0.115888
0.063104
0.063104
0.000615
0.000615
0.440348
0.440348
0.254969
0.118437
0.254969
0.019912
0.721636
0.36655
0.34025
0.175671
0.175671
0.985127
0.049558
0.301688
0.301688
0.301688
0.988286
0.016546
0.016546
0.153168
0.485399
0.194795
0.637343
0.27352
0.27352
0.27352
0.27352
0.17896
0.17896
0.594557
0.594557
0.594557
0.594557
0.03062
0.880181
0.02187
0.02187
0.02187
0.02187
0.006483
0.241918
0.006483
0.270286
0.821424
0.208405
0.084529
0.366215
0.199353
0.013148
0.013148
0.285244
0.176343
0.176343
0.176343
0.176343
0.176343
0.176343
0.00171
0.285244
0.285244
0.285244
0.04172
0.04172
0.04172
0.902875
0.905753
0.949097
0.949097
0.920349
0.008981
0.008981
0.008981
0.008981
0.008981
0.008981
0.008981
0.008981
0.119586
0.363174
0.363174
0.363174
0.765969
0.765969
0.765969
0.765969
0.765969
0.29279
0.29279
0.261562
0.030403
0.542005
0.542005
0.542005
0.542005
0.542005
0.542005
0.542005
0.101598
0.436653
0.436653
0.969192
0.713792
0.192039
0.443379
0.905708
0.292216
0.292216
0.242846
0.982191
0.242846
0.887804
0.82024
0.915672
0.345486
0.345486
0.345486
0.046092
0.065799
0.065799
0.065799
0.846781
0.065799
0.837557
0.248656
0.986941
0.119798
0.119282
0.408304
0.408304
0.392387
0.695088
0.695088
0.695088
0.551139
0.551139
0.975977
0.94966
0.69194
0.64997
0.617086
0.335738
0.335738
0.421776
0.564758
0.564758
0.727711
0.22297
0.875894
0.823464
0.760258
0.166603
0.806694
0.875894
0.875894
0.762787
0.534525
0.634998
0.634998
0.02775
0.546688
0.546688
0.546688
0.549192
0.82461
0.82461
0.82461
0.581912
0.971302
0.581912
0.581912
0.667883
0.667883
0.667883
0.667883
0.235828
0.726488
0.726488
0.444048
0.488239
0.537163
0.331634
0.214611
0.226897
0.772428
0.525003
0.135265
0.4001
0.923586
0.433382
0.264503
0.989961
0.088286
0.234658
0.047086
0.001055
0.397312
0.397312
0.397312
0.085421
0.085421
0.085421
0.127615
0.127615
0.127615
0.127615
0.000152
0.028928
0.028928
0.028928
0.248547
0.304348
0.304348
0.077794
0.032664
0.032664
0.200732
0.375106
0.375106
0.235832
0.235832
0.040183
0.633612
0.206216
0.118872
0.029485
0.118872
0.976445
0.01046
0.01046
0.01046
0.133685
0.133685
0.01046
0.01046
0.021296
0.079969
0.079969
0.079969
0.791626
0.791626
0.791626
0.552434
0.626694
0.623
0.158796
0.008058
0.044878
0.008058
0.008058
0.200168
0.200168
0.008058
0.167312
0.008058
0.487212
0.487212
0.487212
0.487212
0.269803
0.95955
0.117006
0.064889
0.597374
0.597374
0.131312
0.840092
0.499209
0.759804
0.759804
0.759804
0.981365
0.981365
0.637496
0.637496
0.637496
0.536763
0.536763
0.943579
0.148387
0.013024
0.305345
0.000671
0.038805
0.052838
0.052838
0.01021
0.363642
0.824742
0.747084
0.747084
0.852162
0.975823
0.93682
0.93682
0.822307
0.960978
0.977414
0.848397
0.013468
0.131867
0.488564
0.488564
0.488564
0.488564
0.488564
0.565122
0.565122
0.159266
0.350167
0.514625
0.159266
0.718364
0.319449
0.319449
0.319449
0.138505
0.138505
0.577754
0.332819
0.166065
0.977779
0.094268
0.176957
0.176957
0.176957
0.6087
0.6087
0.2951
0.233313
0.633886
0.633886
0.990738
0.059689
0.059689
0.31604
0.31604
0.377167
0.377167
0.609023
0.053818
0.568345
0.568345
0.613622
0.613622
0.876487
0.512297
0.222057
0.222057
0.782611
0.782611
0.207243
0.690003
0.690003
0.690003
0.690003
0.153083
0.510473
0.436092
0.770198
0.436092
0.770198
0.6977
0.641816
0.883073
0.883073
0.34107
0.775238
0.775238
0.573174
0.499179
0.499179
0.218054
0.218054
0.758369
0.758369
0.87508
0.822018
0.663391
0.917281
0.917281
0.306354
0.510442
0.350871
0.997879
0.705189
0.018366
0.279153
0.279153
0.279153
0.018366
0.047196
0.664584
0.002944
0.122696
0.122696
0.122696
0.122696
0.152008
0.123286
0.123286
0.387158
0.387158
0.335207
0.402702
0.173494
0.460643
0.460643
0.883208
0.986
0.850587
0.869095
0.968033
0.869095
0.863944
0.863944
0.956406
0.847523
0.22883
0.22883
0.726317
0.726317
0.714494
0.683658
0.683658
0.57108
0.644625
0.644625
0.221739
0.313191
0.242626
0.77941
0.564438
0.692888
0.692888
0.93763
0.780592
0.732296
0.807641
0.959939
0.914937
0.559393
0.887895
0.887895
0.887895
0.891786
0.955199
0.852782
0.852782
0.991229
0.852782
0.852782
0.852782
0.97776
0.852782
0.79566
0.79566
0.79566
0.636379
0.636379
0.080368
0.229643
0.703238
0.703238
0.420428
0.154899
0.154899
0.310932
0.863227
0.973132
0.863227
0.459619
0.459619
0.0363
0.78995
0.962867
0.376111
0.702787
0.654888
0.907336
0.912044
0.59936
0.655784
0.413244
0.842569
0.537262
0.09586
0.251551
0.02463
0.817007
0.057657
0.06397
0.006895
0.771358
0.771358
0.075174
0.891719
0.29636
0.592514
0.592514
0.592514
0.493965
0.651348
0.17818
0.107685
0.848381
0.674372
0.674372
0.709373
0.544898
0.544898
0.865511
0.865511
0.865511
0.865511
0.865511
0.758463
0.758463
0.451405
0.474347
0.468733
0.709893
0.709893
0.621007
0.534028
0.545404
0.044365
0.044365
0.129122
0.129122
0.129122
0.129122
0.003917
0.03094
0.49462
0.909042
0.49462
0.49462
0.235239
0.235239
0.022643
0.022643
0.022643
0.022643
0.426491
0.931937
0.931937
0.389259
0.10905
0.477599
0.925067
0.477599
0.18086
0.747272
0.747272
0.747272
0.892403
0.448684
0.957782
0.849159
0.926209
0.445796
0.133652
0.079554
0.079554
0.817548
0.306336
0.306336
0.139874
0.139874
0.577337
0.664498
0.801039
0.976603
0.941603
0.673195
0.617466
0.305241
0.510145
0.892588
0.353935
0.069877
0.353935
0.615869
0.681823
0.681823
0.755135
0.581356
0.275038
0.498599
0.426409
0.50721
0.857847
0.717062
0.717062
0.856402
0.856402
0.856402
0.856402
0.856402
0.856402
0.79232
0.904707
0.932321
0.88895
0.84817
0.693968
0.693968
0.693968
0.300384
0.180965
0.572572
0.572572
0.572572
0.121693
0.130864
0.708078
0.739695
0.362553
0.362553
0.362553
0.69867
0.758595
0.964565
0.872083
0.94708
0.902083
0.239405
0.003745
0.049294
0.049294
0.374348
0.374348
0.755181
0.755181
0.567613
0.966671
0.921406
0.903987
0.276705
0.276705
0.432199
0.868694
0.899182
0.821013
0.829548
0.821013
0.821013
0.821013
0.164902
0.991816
0.615375
0.615375
0.615375
0.615375
0.037627
0.037627
0.037627
0.241952
0.241952
0.453359
0.873039
0.873039
0.873039
0.931838
0.931838
0.509076
0.509076
0.509076
0.116921
0.678203
