0.0001
0.0001
0.0001
0.0001
1.0001
0.0001
1.0001
0.0001
0.0001
0.0001
0.0001
0.0001
0.0001
0.0001
0.0001
0.0001
0.0001
0.0001
0.0001
0.0001
0.0001
0.0001
0.0001
0.0001
0.0001
0.000113
0.0001
0.0001
0.000103
0.0001
0.0001
0.0001
0.0001
0.0001
0.0001
0.0001
0.0001
0.0001
0.0001
0.0001
0.0001
0.0001
0.0001
0.0001
0.0001
0.0001
0.0001
0.0001
0.000107
0.0001
0.0001
0.0001
0.000103
0.031573
0.0001
0.0001
0.0001
0.0001
0.0001
1.0001
0.0001
0.0001
0.0001
0.0001
0.0001
0.0001
0.0001
0.0001
0.999922
1.0001
0.0001
0.0001
0.0001
0.0001
0.0001
0.0001
0.0001
0.0001
0.0001
0.0001
0.0001
0.0001
1.0001
0.0001
0.0001
1.0001
0.0001
0.0001
0.0001
0.001228
0.0001
0.0001
0.0001
0.0001
0.0001
1.0001
0.0001
0.0001
1.0001
0.000358
0.000516
0.0001
0.0001
0.0001
0.039236
0.0001
0.0001
1.0001
0.0001
0.0001
0.0001
0.0001
0.0001
0.000101
0.0001
0.0001
0.0001
0.000112
0.0001
0.0001
0.0001
1.0001
0.0001
0.0001
0.0001
0.0001
0.0001
1.0001
0.0001
0.0001
0.999967
1.0001
0.0001
0.0001
1.0001
1.0001
0.0001
0.0001
0.0001
0.000323
0.0001
0.0001
0.0001
0.0001
0.0001
0.0001
1.000096
0.0001
1.0001
0.0001
0.0001
0.030724
1.0001
0.0001
0.0001
0.0001
0.874519
1.0001
0.0001
0.0001
0.0001
0.0001
0.0001
0.999588
0.0001
0.0001
1.0001
1.0001
0.0001
0.000103
0.0001
1.0001
0.0001
1.000066
0.0001
0.0001
0.0001
0.0001
0.390423
0.0001
0.0001
0.0001
0.0001
0.0001
0.0001
0.0001
0.0001
0.0001
0.002279
0.0001
0.0001
1.0001
0.0001
1.0001
0.043565
0.001407
0.0001
0.0001
