graph_football,31,0.000000,115
graph_jazz,31,0.000000,198
graph_karate,8,0.000000,62
gemsec_facebook_artist,783,0.375000,50515
ego-facebook,546,0.031000,4039
graph_actors_dat,1024,0.125000,10042
graph_CA-AstroPh,1645,0.312000,18772
graph_CA-CondMat,3048,0.610000,23133
graph_CA-GrQc,1222,0.047000,5242
graph_CA-HepPh,1563,0.203000,12008
graph_CA-HepTh,1606,0.109000,9877
graph_dolphins,5,0.000000,34
graph_Email-Enron,3754,1.734000,36692
graph_ncstrlwg2,1389,0.063000,6396
soc-gplus,3312,0.781000,23628
socfb-Brandeis99,395,0.031000,3898
socfb-Mich67,202,0.016000,3748
socfb-nips-ego,814,0.031000,2888
Amazon0302,49115,60.786000,262111
Amazon0312,31633,41.360000,400727
Amazon0505,32331,41.670000,410236
Amazon0601,31800,36.246000,403394
com-dblp.ungraph,40548,78.979000,317080
loc-gowalla_edges,5876,7.861000,196591
deezer_HR,2352,0.250000,54573
musae_git,196,0.125000,37700
