0.115177
0.025728
0.025481
0.025709
0.025546
0.02556
0.025332
0.027901
0.02549
0.020821
0.025356
0.02497
0.02497
0.026286
0.025772
0.02497
0.025326
0.025665
0.02497
0.019991
0.018265
0.01968
0.021113
0.026042
0.025687
0.018035
0.018108
0.025159
0.019896
0.019553
0.019298
0.01737
0.025274
0.025067
0.035001
0.025034
0.025474
0.02497
0.02106
0.016363
0.0146
0.016394
0.019147
0.02497
0.014009
0.025454
0.02522
0.025046
0.017252
0.025235
0.025415
0.014995
0.025049
0.016773
0.015264
0.015662
0.016813
0.016558
0.145124
0.016222
0.016751
0.019778
0.014069
0.016711
0.027983
0.017832
0.014259
0.021026
0.025476
0.012831
0.02504
0.02511
0.013585
0.015034
0.02497
0.013221
0.017672
0.016879
0.019661
0.012997
0.015381
0.025121
0.014332
0.013944
0.011475
0.015677
0.025281
0.018337
0.014525
0.017007
0.025062
0.019631
0.015081
0.015384
0.01352
0.016141
0.01761
0.025125
0.014152
0.018383
0.021145
0.012763
0.017445
0.014208
0.013358
0.014123
0.013958
0.929384
0.016015
0.013727
0.016827
0.013417
0.018274
0.012809
0.02497
0.016729
0.016571
0.015614
0.013555
0.022992
0.027093
0.011491
0.017838
0.010699
0.019804
0.016116
0.012781
0.015661
0.010277
0.016978
0.01197
0.017474
0.010937
0.014743
0.011557
0.015883
0.017121
0.013099
0.018237
0.016946
0.01182
0.013105
0.016474
0.016424
0.014228
0.025062
0.013388
0.014649
0.013078
0.013218
0.013633
0.013123
0.019519
0.025013
0.025044
0.019781
0.01315
0.015479
0.012246
0.013794
0.025026
0.012511
0.011759
0.012796
0.015615
0.011443
0.026105
0.013793
0.013516
0.018061
0.015581
0.419347
0.013771
0.018552
0.01579
0.017614
0.010298
0.014788
0.013401
0.01748
0.013733
0.015779
0.019219
0.015908
0.014471
0.011963
0.014915
0.012712
0.016198
0.016348
0.016989
0.013446
0.014867
0.015659
0.012676
0.014979
0.010042
0.01366
0.022055
0.01326
0.02109
0.016801
0.017108
0.016209
0.011762
0.016659
0.013372
0.016654
0.011465
0.02497
0.02497
0.010657
0.010222
0.016487
0.013084
0.02497
0.025033
0.015833
0.013966
0.014741
0.015877
0.012511
0.008526
0.010122
0.011935
0.013141
0.012784
0.015595
0.019553
0.010089
0.015261
0.012951
0.010853
0.025067
0.025012
0.013389
0.013813
0.012654
0.010074
0.016708
0.015224
0.019247
0.011251
0.012395
0.025067
0.016942
0.012905
0.017529
0.009754
0.011637
0.012952
0.012812
0.018723
0.013981
0.009062
0.019247
0.019147
0.00992
0.010096
0.013479
0.011843
0.012604
0.013967
0.012298
0.013623
0.009235
0.010517
0.019739
0.007931
0.024959
0.0123
0.019424
0.014351
0.013238
0.011118
0.013146
0.009657
0.022862
0.012209
0.016141
0.015295
0.012085
0.019147
0.013558
0.012364
0.015195
0.019174
0.02497
0.013035
0.012074
0.007657
0.014287
0.02497
0.015214
0.012768
0.009424
0.011827
0.009555
0.00819
0.01239
0.010567
0.019153
0.010678
0.009959
0.017334
0.025026
0.012179
0.013396
0.012097
0.010163
0.01494
0.0087
0.019352
0.012992
0.008825
0.019037
0.019431
0.010474
0.007883
0.013452
0.013018
0.012634
0.029025
0.015176
0.009913
0.012488
0.013836
0.01254
0.011832
0.01389
0.009461
0.010897
0.016531
0.011157
0.011777
0.02497
0.013638
0.011241
0.008617
0.013907
0.010611
0.007993
0.011397
0.012796
0.008131
0.008683
0.01287
0.01155
0.032624
0.004477
0.005062
0.004947
0.00463
0.111415
0.004638
0.005196
0.004467
0.00502
0.004444
0.005557
0.005735
0.005821
0.006035
0.092829
0.005345
0.005953
0.088347
0.006381
0.00795
0.006945
0.01227
0.004645
0.004574
0.017152
0.008983
0.005103
0.082397
0.004456
0.011552
0.004456
0.004648
0.004653
0.005474
0.00483
0.005367
0.005623
0.00447
0.008488
0.013294
0.029894
0.004787
0.011297
0.005708
0.005127
0.011557
0.010673
0.007085
0.012835
0.005874
0.005442
0.011483
0.004837
0.015034
0.006546
0.012692
0.005185
0.0044
0.006051
0.013491
0.01024
0.006291
0.004842
0.030869
0.006786
0.03448
0.0085
0.005483
0.020867
0.005443
0.021834
0.033846
0.006974
0.009294
0.00983
0.007389
0.005019
0.006538
0.005385
0.080272
0.004969
0.014671
0.022896
0.016873
0.006445
0.00938
0.00516
0.016195
0.004526
0.01601
0.008003
0.003817
0.005698
0.006839
0.004457
0.014171
0.0062
0.008882
0.004444
0.003936
0.004067
0.00672
0.007484
0.01136
0.005172
0.004596
0.013123
0.017211
0.007832
0.00802
0.006178
0.027231
0.016649
0.007907
0.017127
0.00512
0.020195
0.004193
0.00453
0.004275
0.008414
0.006602
0.01113
0.00455
0.008139
0.007358
0.074896
0.005453
0.006352
0.004804
0.008345
0.005039
0.011376
0.015908
0.055851
0.03913
0.004208
0.008168
0.012966
0.007622
0.007978
0.005796
0.006049
0.025281
0.020128
0.00691
0.00697
0.01354
0.043818
0.005469
0.004522
0.028807
0.006162
0.005709
0.018372
0.010152
0.006275
0.025329
0.021638
0.005343
0.007808
0.010065
0.007037
0.006569
0.032289
0.029623
0.02505
0.009186
0.042884
0.009655
0.008192
0.020419
0.005804
0.004271
0.014985
0.027079
0.023885
0.028218
0.016113
0.00694
0.004605
0.005258
0.015129
0.007755
0.004985
0.004987
0.005187
0.006704
0.011816
0.035722
0.008666
0.007422
0.003994
0.028673
0.010777
0.029691
0.010888
0.009856
0.010995
0.012719
0.00588
0.004444
0.00842
0.005723
0.032985
0.008631
0.015227
0.014429
0.010127
0.009213
0.031804
0.009562
0.034842
0.004214
0.097818
0.007374
0.008683
0.042483
0.026271
0.005976
0.006006
0.011977
0.003553
0.004667
0.002982
0.00306
0.003507
0.002889
0.002929
0.004176
0.004457
0.021231
0.002835
0.003755
0.004881
0.003148
0.002825
0.0033
0.004013
0.003633
0.004116
0.003286
0.011668
0.005369
0.003184
0.003151
0.004286
0.016961
0.004095
0.003702
0.004296
0.005616
0.016909
0.002825
0.004179
0.008054
0.004481
0.022363
0.002825
0.002825
0.007012
0.002962
0.004374
0.003914
0.002825
0.007747
0.005757
0.00421
0.005875
0.005744
0.005696
0.004515
0.003563
0.004393
0.005288
0.002825
0.005623
0.003914
0.005883
0.003184
0.021633
0.010429
0.003672
0.005145
0.004705
0.004549
0.005402
0.00575
0.028077
0.002825
0.004405
0.006209
0.018219
0.00333
0.00662
0.006526
0.006968
0.004933
0.004865
0.002604
0.022078
0.006298
0.025084
0.002948
0.006544
0.007677
0.003072
0.003718
0.003112
0.006569
0.006632
0.003076
0.006877
0.006277
0.004309
0.005246
0.004571
0.004993
0.00363
0.002825
0.010448
0.006102
0.002747
0.003304
0.002948
0.002825
0.006827
0.004823
0.006304
0.00713
0.003119
0.007726
0.007039
0.004386
0.008239
0.00595
0.005116
0.003173
0.00239
0.002154
0.002319
0.002315
0.002309
0.002286
0.002334
0.001996
0.001923
0.001934
0.001889
0.003758
0.002291
0.002059
0.002026
0.002022
0.00306
0.002302
0.002148
0.001923
0.002328
0.00359
0.002308
0.002096
0.0018
0.001883
0.002389
0.001718
0.002105
0.002328
0.002304
0.001931
0.00264
0.001975
0.002204
0.001959
0.002102
0.00201
0.001866
0.001917
0.001881
0.00202
0.003892
0.001968
0.001891
0.001708
0.002197
0.001844
0.002303
0.001773
0.001862
0.001735
0.001823
0.001934
0.001956
0.001779
0.002295
0.00229
0.002062
0.001753
0.002437
0.002051
0.002292
0.00229
0.001849
0.001803
0.003294
0.001862
0.002053
0.001846
0.001855
0.001863
0.001886
0.00196
0.002101
0.001994
0.001781
0.001822
0.002076
0.00174
0.001781
0.001667
0.002957
0.001583
0.001629
0.002569
0.001759
0.002311
0.001992
0.003881
0.001731
0.001716
0.001722
0.001737
0.00186
0.001661
0.001644
0.001661
0.002012
0.00166
0.001744
0.001861
0.001569
0.001964
0.001866
0.00177
0.001669
0.001733
0.00159
0.001851
0.001706
0.002833
0.001765
0.002388
0.002286
0.001862
0.002005
0.002805
0.002093
0.001529
0.001771
0.00163
0.001649
0.002164
0.003022
0.001827
0.00169
0.00185
0.001842
0.001709
0.001736
0.001648
0.002368
0.001789
0.001688
0.001506
0.002243
0.001851
0.003855
0.001609
0.001862
0.002127
0.001632
0.002104
0.001793
0.001838
0.001514
0.001789
0.001732
0.001563
0.001674
0.001723
0.001476
0.002327
0.001996
0.001706
0.00175
0.001802
0.001862
0.001736
0.001725
0.001772
0.00174
0.001609
0.002023
0.002005
0.001703
0.001868
0.001878
0.002773
0.003068
0.002413
0.002393
0.004468
0.00216
0.003836
0.002165
0.002152
0.003759
0.002414
0.002344
0.003714
0.002097
0.002384
0.002859
0.002338
0.002334
0.002335
0.002386
0.002183
0.002328
0.002196
0.002343
0.001971
0.002455
0.00217
0.002386
0.002266
0.002486
0.002221
0.002298
0.002207
0.002387
0.002236
0.002386
0.002386
0.002119
0.002336
0.002428
0.018895
0.083976
0.077755
0.069418
0.071975
0.077995
0.039164
0.049298
0.031528
0.013992
0.024389
0.071417
0.053077
0.07249
0.070172
0.068734
0.04241
0.024513
0.03669
0.018981
0.12999
0.023954
0.068734
0.029632
0.07161
0.060419
0.051278
0.07138
0.080824
0.085808
0.073084
0.051645
0.071103
0.070533
0.023881
0.022997
0.082903
0.021512
0.053799
0.070204
0.022118
0.070495
0.031026
0.03448
0.048512
0.032752
0.029905
0.071712
0.029269
0.036048
0.066711
0.052813
0.020567
0.027449
0.040841
0.091227
0.060425
0.033233
0.030971
0.043865
0.071856
0.024863
0.048025
0.078694
0.067661
0.043629
0.018141
0.02727
0.02864
0.027618
0.042612
0.077664
0.015863
0.028916
0.072763
0.029831
0.050966
0.054252
0.04788
0.029184
0.025024
0.036985
0.0421
0.043529
0.064784
0.028858
0.048263
0.040969
0.025431
0.070455
0.028078
0.070401
0.026131
0.038218
0.044616
0.032392
0.032503
0.07498
0.037616
0.047153
0.070144
0.034893
0.024188
0.034542
0.040336
0.016157
0.070227
0.028864
0.038363
0.034923
0.045478
0.030883
0.071164
0.032143
0.029956
0.024679
0.020474
0.018488
0.046296
0.023782
0.032764
0.044815
0.019601
0.029922
0.028321
0.02912
0.02529
0.029376
0.022123
0.01654
0.082641
0.069707
0.029176
0.046084
0.033164
0.069859
0.029898
0.052178
0.027696
0.029556
0.027996
0.028811
0.033241
0.027906
0.047594
0.033767
0.029926
0.031308
0.028622
0.030163
0.069717
0.042184
0.038319
0.030158
0.071658
0.037482
0.033986
0.071012
0.025808
0.043748
0.032285
0.028048
0.049064
0.057087
0.026411
0.042935
0.028494
0.03148
0.025879
0.06902
0.028234
0.036848
0.025844
0.033522
0.037114
0.069593
0.028876
0.037338
0.02742
0.02991
0.045581
0.035094
0.147995
0.038776
0.025685
0.028801
0.0278
0.035497
0.02477
0.065874
0.159251
0.032478
0.063986
0.029902
0.042872
0.017152
0.030896
0.036103
0.027061
0.016277
0.068734
0.034339
0.066776
0.024664
0.030764
0.03038
0.027835
0.023439
0.063876
0.042009
0.024087
0.034644
0.025545
0.040477
0.027129
0.03031
0.022379
0.020956
0.019414
0.018979
0.020992
0.021376
0.033799
0.068734
0.029553
0.022872
0.028387
0.026768
0.040652
0.039645
0.117233
0.038206
0.033552
0.028816
0.020823
0.029539
0.043825
0.027821
0.023422
0.025408
0.058797
0.030804
0.037859
0.02173
0.030408
0.03068
0.019793
0.01415
0.034369
0.068734
0.044082
0.026859
0.027266
0.032099
0.034469
0.04334
0.018085
0.052843
0.029495
0.037072
0.036935
0.069845
0.032757
0.034357
0.035122
0.03898
0.070689
0.06279
0.017619
0.046445
0.023698
0.0256
0.030969
0.023672
0.031777
0.036888
0.05038
0.049662
0.02906
0.048767
0.068962
0.034359
0.055642
0.020121
0.017236
0.023056
0.042432
0.026123
0.057799
0.077702
0.02896
0.041663
0.024814
0.030874
0.02399
0.083341
0.050355
0.062173
0.04168
0.019691
0.017587
0.034291
0.017677
0.334226
0.069659
0.021719
0.033313
0.040658
0.044742
0.043641
0.068734
0.031296
0.032045
0.028957
0.016434
0.156004
0.023982
0.023347
0.048411
0.023702
0.03606
0.02639
0.027493
0.019889
0.025965
0.028074
0.092638
0.016124
0.032152
0.032204
0.022774
0.051599
0.032806
0.021363
0.043327
0.039954
0.032286
0.025242
0.02096
0.114483
0.043332
0.034252
0.131512
0.019729
0.032309
0.019517
0.031415
0.065095
0.025176
0.018745
0.019988
0.021531
0.024293
0.024908
0.044542
0.023235
0.028913
0.028097
0.027032
0.039908
0.159224
0.032094
0.0336
0.04055
0.033461
0.04032
0.06894
0.019237
0.042041
0.019093
0.028762
0.04402
0.020027
0.095751
0.069085
0.04667
0.030005
0.041749
0.057293
0.038545
0.06894
0.131577
0.019262
0.021977
0.037125
0.019785
0.034929
0.032568
0.021408
0.030219
0.015953
0.026096
0.036072
0.034115
0.040541
0.040902
0.019739
0.018933
0.023567
0.0282
0.018329
0.025539
0.034521
0.022355
0.018112
0.025402
0.060755
0.031911
0.057595
0.062545
0.022469
0.08407
0.027231
0.019811
0.02138
0.019762
0.047641
0.020969
0.029209
0.020531
0.019198
0.065602
0.017535
0.031903
0.031453
0.019203
0.054316
0.039383
0.023065
0.035679
0.026498
0.033297
0.068918
0.108453
0.069025
0.175182
0.020731
0.033564
0.039362
0.031402
0.021812
0.053853
0.069327
0.021605
0.018233
0.034469
0.023138
0.027356
0.028904
0.043656
0.022275
0.031481
0.027808
0.030441
0.015744
0.017547
0.314266
0.028824
0.028962
0.024853
0.027038
0.028351
0.038083
0.025809
0.064716
0.05884
0.022599
0.02885
0.016962
0.029067
0.077872
0.171278
0.030025
0.040147
0.054257
0.037268
0.019688
0.037027
0.028942
0.031256
0.239349
0.206074
0.028606
0.023958
0.028955
0.016007
0.021784
0.041552
0.023067
0.019219
0.068734
0.025006
0.025533
0.019204
0.267472
0.174926
0.017683
0.020832
0.028795
0.068977
0.031523
0.020076
0.02365
0.245567
0.01902
0.013634
0.024728
0.027115
0.032159
0.014767
0.026197
0.021111
0.028223
0.066066
0.033299
0.025266
0.026139
0.022624
0.012656
0.027808
0.033144
0.021737
0.019117
0.026949
0.166067
0.038861
0.017544
0.024268
0.017416
0.038256
0.029582
0.036807
0.031673
0.021339
0.068993
0.400893
0.024716
0.029456
0.020019
0.026666
0.026016
0.018085
0.021151
0.010802
0.018451
0.023793
0.02688
0.019902
0.019467
0.03301
0.020483
0.066208
0.029669
0.037629
0.030594
0.015436
0.031361
0.033292
0.027884
0.023711
0.076598
0.020525
0.019103
0.066051
0.029011
0.021253
0.047072
0.012963
0.018095
0.027648
0.068734
0.077875
0.031217
0.067712
0.027935
0.189331
0.141043
0.027408
0.023157
0.038792
0.033244
0.027197
0.021031
0.04119
0.037302
0.016071
0.035524
0.04407
0.019129
0.018008
0.024001
0.041796
0.067356
0.011947
0.015185
0.043064
0.015965
0.029818
0.052356
0.033903
0.029758
0.017068
0.021278
0.026863
0.023521
0.017551
0.038109
0.01939
0.039168
0.163317
0.017173
0.033591
0.016755
0.106002
0.069502
0.078561
0.026232
0.024862
0.02349
0.032891
0.13306
0.01576
0.034893
0.026668
0.049422
0.024599
0.152444
0.040068
0.017882
0.034956
0.013724
0.016884
0.022766
0.035562
0.03673
0.032017
0.015407
0.036284
0.028252
0.026367
0.154807
0.04941
0.022359
0.022774
0.044241
0.023953
0.013653
0.022566
0.02096
0.034318
0.024824
0.055655
0.040581
0.051719
0.016899
0.224451
0.020143
0.039276
0.169884
0.046089
0.011685
0.102028
0.069012
0.186365
0.068734
0.024589
0.020285
0.047512
0.022979
0.017904
0.022296
0.047811
0.026959
0.025762
0.069298
0.033004
0.019929
0.081919
0.063526
0.016655
0.030412
0.021144
0.016552
0.017036
0.029703
0.068734
0.02168
0.048338
0.403033
0.026276
0.031961
0.020872
0.03474
0.351185
0.044418
0.058067
0.013526
0.041067
0.021884
0.020524
0.044933
0.040322
0.079701
0.018743
0.035782
0.032359
0.013813
0.06697
0.085385
0.034344
0.019805
0.032183
0.059017
0.032929
0.170008
0.037774
0.26226
0.160755
0.02939
0.038132
0.034478
0.044
0.026026
0.047255
0.115062
0.23511
0.182682
0.031446
0.027859
0.015488
0.030152
0.041536
0.049313
0.022324
0.071358
0.014677
0.023898
0.014019
0.031068
0.018692
0.041091
0.052721
0.018671
0.026521
0.023273
0.033094
0.030168
0.030597
0.030158
0.033072
0.016747
0.020054
0.030644
0.016203
0.023148
0.026611
0.02597
0.026818
0.015987
0.027027
0.037959
0.0322
0.019037
0.03123
0.020158
0.044073
0.0836
0.617968
0.023483
0.046576
0.046493
0.027505
0.046376
0.055694
0.017927
0.027297
0.02059
0.035477
0.02636
0.064251
0.02555
0.025865
0.017924
0.018678
0.036249
0.022174
0.013165
0.038898
0.116904
0.038359
0.024761
0.191635
0.04634
0.040069
0.021153
0.030294
0.036553
0.028843
0.032088
0.014976
0.020787
0.016839
0.026275
0.024828
0.012022
0.02255
0.043534
0.16294
0.019318
0.03936
0.027601
0.18473
0.017648
0.057207
0.012512
0.018701
0.034628
0.018229
0.157541
0.026729
0.027724
0.059737
0.043317
0.036389
0.021738
0.045727
0.025872
0.010008
0.022804
0.08965
0.027894
0.019013
0.014706
0.068029
0.600011
0.020274
0.031041
0.03781
0.022608
0.035818
0.121984
0.025363
0.020976
0.023313
0.02525
0.037228
0.052614
0.019977
0.023394
0.016826
0.227866
0.02286
0.020613
0.022239
0.075099
0.032344
0.042755
0.032364
0.026669
0.021623
0.020414
0.067381
0.033013
0.016823
0.023261
0.044072
0.015488
0.015921
0.015343
0.026247
0.019945
0.024254
0.462405
0.014386
0.042987
0.012524
0.015074
0.013845
0.016482
0.015053
0.030655
0.019265
0.031969
0.023083
0.0167
0.022305
0.027702
0.308343
0.013486
0.027718
0.080989
0.035087
0.028695
0.027596
0.027958
0.059645
0.025692
0.118048
0.040227
0.02908
0.023078
0.01223
0.034034
0.111247
0.554771
0.0181
0.013328
0.037201
0.254864
0.017335
0.089336
0.033855
0.025608
0.054199
0.032996
0.021436
0.020006
0.159705
0.019572
0.020983
0.043118
0.016367
0.020044
0.028196
0.040509
0.011906
0.023407
0.049731
0.038193
0.069005
0.029132
0.442617
0.029198
0.019498
0.015584
0.105433
0.021449
0.206512
0.068734
0.293809
0.014089
0.037979
0.025398
0.110838
0.020589
0.018069
0.051048
0.016697
0.049886
0.049245
0.026018
0.026632
0.017828
0.045038
0.025864
0.016783
0.021273
0.011113
0.027307
0.020567
0.019203
0.048645
0.030337
0.02054
0.023661
0.051565
0.025096
0.028642
0.05239
0.016604
0.059058
0.044694
0.04854
0.013086
0.014084
0.053205
0.024702
0.018546
0.011472
0.017274
0.04683
0.018541
0.023649
0.061884
0.031181
0.030276
0.033919
0.018142
0.012284
0.014982
0.036786
0.008532
0.715522
0.03702
0.034675
0.024613
0.018275
0.045217
0.032825
0.036774
0.025862
0.024745
0.042969
0.065692
0.01567
0.016323
0.060488
0.018697
0.023731
0.019853
0.016542
0.015638
0.01816
0.049402
0.03873
0.034946
0.014882
0.008456
0.007915
0.007538
0.007845
0.018724
0.029445
0.007821
0.009282
0.00717
0.007251
0.008046
0.007471
0.038111
0.007226
0.007822
0.006713
0.0534
0.007558
0.007776
0.010867
0.007536
0.007548
0.008332
0.007315
0.007451
0.064668
0.008079
0.009143
0.024042
0.009911
0.094356
0.007741
0.018324
0.173078
0.012098
0.013242
0.007497
0.007529
0.009207
0.007294
0.04551
0.013393
0.01026
0.007527
0.006845
0.006507
0.01351
0.007945
0.0075
0.159824
0.055553
0.011633
0.006416
0.116548
0.006761
0.006786
0.007445
0.008531
0.117561
0.009059
0.010017
0.006329
0.008469
0.006395
0.00634
0.006819
0.285223
0.009696
0.006479
0.007686
0.31521
0.288806
0.373147
0.053738
0.006915
0.007685
0.019284
0.006944
0.008544
0.006535
0.472017
0.01186
0.010131
0.007455
0.13058
0.007553
0.00647
0.006795
0.008882
0.012017
0.008269
0.009998
0.330622
0.008674
0.022879
0.007484
0.008446
0.010897
0.007623
0.004744
0.005944
0.005555
0.007105
0.005468
0.007133
0.008993
0.00667
0.324811
0.011952
0.00929
0.007324
0.009786
0.007372
0.018914
0.008236
0.014201
0.007272
0.43457
0.008757
0.021341
0.398718
0.007525
0.008204
0.007421
0.314623
0.014089
0.01669
0.243768
0.007045
0.01572
0.498741
0.009096
0.470966
0.329196
0.027118
0.007664
0.007767
0.004908
0.007519
0.014421
0.015515
0.021512
0.081092
0.087102
0.0069
0.024715
0.507054
0.047573
0.010018
0.012969
0.169383
0.522394
0.009138
0.005628
0.007187
0.020194
0.335546
0.007549
0.015845
0.017762
0.52281
0.393981
0.007066
0.006549
0.149511
0.641177
0.007409
0.005821
0.029137
0.006408
0.332856
0.31233
0.008384
0.128462
0.026753
0.675747
0.006452
0.544254
0.008011
0.011962
0.559061
0.007511
0.562937
0.005342
0.007682
0.265305
0.006268
0.007481
0.010713
0.01929
0.38801
0.627767
0.006603
0.007468
0.006469
0.534799
0.296038
0.007335
0.027054
0.56082
0.007492
0.007585
0.382907
0.009717
0.023146
0.634597
0.005761
0.00887
0.5157
0.214001
0.698092
0.537464
0.02068
0.013369
0.016867
0.015475
0.009267
0.005928
0.492588
0.013048
0.020705
0.015039
0.012956
0.076729
0.00972
0.021662
0.557021
0.589831
0.006954
0.734074
0.016292
0.010928
0.009012
0.007077
0.011564
0.013736
0.018388
0.601673
0.012806
0.008341
0.021465
0.42454
0.007028
0.00909
0.006736
0.005544
0.00939
0.006801
0.011106
0.005819
0.008119
0.04464
0.338958
0.006925
0.007158
0.007107
0.017748
0.006781
0.010551
0.599489
0.008162
0.017395
0.005082
0.01832
0.005665
0.007439
0.082961
0.016509
0.005356
0.00627
0.025117
0.682104
0.006332
0.006319
0.021664
0.667827
0.015972
0.5887
0.016327
0.006524
0.006303
0.017174
0.007409
0.017693
0.007395
0.008434
0.030602
0.603173
0.718771
0.007793
0.015626
0.007161
0.007073
0.753325
0.007562
0.007436
0.008218
0.05888
0.011064
0.328299
0.065348
0.007333
0.010984
0.191828
0.006802
0.764424
0.005561
0.628767
0.007834
0.00857
0.018148
0.018984
0.008849
0.009788
0.005992
0.00723
0.65313
0.006084
0.007492
0.010055
0.690717
0.007309
0.010263
0.009316
0.153099
0.00534
0.009443
0.720314
0.018709
0.00814
0.007389
0.749428
0.007503
0.016272
0.024573
0.006092
0.004541
0.017584
0.005554
0.005128
0.466968
0.01316
0.006432
0.005521
0.56498
0.019037
0.008372
0.006974
0.258414
0.006309
0.006657
0.016311
0.005768
0.821998
0.013691
0.018856
0.007409
0.006716
0.753257
0.006596
0.014761
0.006456
0.758905
0.357905
0.005958
0.66843
0.023165
0.01014
0.008448
0.028174
0.030735
0.010171
0.010218
0.008891
0.022461
0.006507
0.031528
0.718422
0.006802
0.029106
0.009984
0.017748
0.005999
0.0078
0.007295
0.007437
0.439956
0.187555
0.00746
0.024022
0.012367
0.009655
0.004995
0.13749
0.254081
0.553367
0.735618
0.005469
0.011409
0.004871
0.021964
0.006281
0.014149
0.005626
0.008128
0.010192
0.024655
0.006808
0.007626
0.008772
0.76857
0.751309
0.013844
0.653295
0.022205
0.034039
0.386869
0.007285
0.707341
0.01773
0.036417
0.250926
0.010372
0.027757
0.006429
0.020084
0.668244
0.768796
0.009199
0.006985
0.011776
0.018179
0.008596
0.005767
0.869852
0.365153
0.007593
0.009308
0.018522
0.672182
0.092388
0.668808
0.006828
0.695404
0.0058
0.004914
0.367502
0.00601
0.010807
0.006273
0.51359
0.01075
0.009957
0.007573
0.008662
0.015111
0.792548
0.513959
0.008993
0.015525
0.006227
0.618809
0.005288
0.640157
0.011564
0.009164
0.007172
0.005338
0.699718
0.007425
0.005762
0.041899
0.012557
0.332354
0.014635
0.005667
0.006535
0.007486
0.038958
0.044942
0.011738
0.01307
0.655574
0.009546
0.008473
0.017367
0.012537
0.004893
0.007088
0.004861
0.005814
0.592478
0.006448
0.008231
0.056764
0.489462
0.7187
0.797277
0.00827
0.009033
0.00578
0.662496
0.006195
0.008262
0.011663
0.161951
0.017573
0.015172
0.008227
0.005283
0.634024
0.004991
0.008229
0.006601
0.009132
0.690517
0.047028
0.451551
0.005454
0.004893
0.472822
0.01537
0.006427
0.014622
0.007263
0.010106
0.005608
0.008007
0.005238
0.006482
0.008197
0.006621
0.010547
0.354627
0.007831
0.007929
0.013678
0.00671
0.018641
0.006597
0.005626
0.006916
0.00642
0.005084
0.007409
0.017895
0.008966
0.569726
0.022707
0.219825
0.020296
0.821897
0.009842
0.006442
0.364504
0.5182
0.393741
0.007409
0.021052
0.015334
0.007267
0.007633
0.021172
0.013444
0.139101
0.062083
0.00733
0.006751
0.007149
0.59747
0.00745
0.382655
0.382303
0.006771
0.008227
0.01022
0.140367
0.005175
0.021617
0.720672
0.005548
0.00798
0.425544
0.005245
0.007249
0.019116
0.091977
0.690416
0.012793
0.008714
0.005959
0.524144
0.005725
0.313271
0.826665
0.01775
0.026885
0.025264
0.026686
0.020083
0.00734
0.005201
0.005709
0.015779
0.005528
0.009171
0.006527
0.645897
0.510861
0.005183
0.00601
0.006199
0.00724
0.756346
0.006004
0.005535
0.006816
0.008118
0.005795
0.138194
0.018329
0.006476
0.007603
0.051492
0.013027
0.009083
0.339059
0.008165
0.005847
0.758579
0.851774
0.006244
0.004875
0.34767
0.011981
0.00565
0.632187
0.603354
0.612597
0.204192
0.682567
0.121804
0.027802
0.302298
0.006555
0.010606
0.718377
0.834322
0.560508
0.005228
0.243627
0.804565
0.006969
0.00665
0.021105
0.004336
0.007409
0.007959
0.006588
0.005099
0.685168
0.072266
0.371376
0.016803
0.006229
0.676373
0.254945
0.004179
0.008488
0.01826
0.008499
0.005917
0.008383
0.773786
0.00693
0.014772
0.0125
0.822719
0.094532
0.023807
0.772838
0.015892
0.006689
0.007409
0.019507
0.032841
0.004367
0.704101
0.782613
0.760093
0.010081
0.82739
0.006122
0.035973
0.806647
0.018199
0.009152
0.010492
0.812287
0.0065
0.012368
0.006021
0.752661
0.017623
0.017934
0.006992
0.670557
0.010651
0.005106
0.008169
0.302538
0.752987
0.776071
0.007992
0.008306
0.00635
0.023205
0.649884
0.180667
0.004876
0.007937
0.005804
0.004671
0.008065
0.007199
0.668793
0.006127
0.009901
0.005348
0.02857
0.018828
0.007263
0.007901
0.344179
0.009102
0.009254
0.022168
0.007097
0.005255
0.007277
0.011107
0.582121
0.697916
0.005795
0.009407
0.007639
0.013504
0.00743
0.005722
0.00525
0.005169
0.005561
0.005357
0.005397
0.005126
0.005243
0.007834
0.00515
0.005024
0.00524
0.006208
0.006609
0.00609
0.008377
0.005365
0.006121
0.005616
0.005414
0.005716
0.005095
0.007577
0.005914
0.005063
0.005368
0.006313
0.004766
0.010852
0.00584
0.005007
0.005654
0.005937
0.009182
0.005045
0.005118
0.005744
0.008764
0.005768
0.005091
0.0064
0.007146
0.006253
0.005788
0.006375
0.007384
0.004705
0.008648
0.005693
0.00577
0.007053
0.00529
0.005204
0.004932
0.005217
0.011908
0.008
0.005258
0.0095
0.004889
0.005603
0.004989
0.006772
0.009087
0.005234
0.005795
0.005838
0.007087
0.007376
0.008568
0.005953
0.005061
0.005143
0.004468
0.006921
0.005008
0.007973
0.013289
0.005062
0.005788
0.006435
0.010131
0.007608
0.004635
0.007053
0.006126
0.005813
0.008021
0.010032
0.012114
0.00687
0.005311
0.008823
0.017315
0.012281
0.006358
0.012283
0.00653
0.005323
0.007042
0.006142
0.006943
0.009182
0.007423
0.007252
0.004738
0.005717
0.004707
0.004683
0.007356
0.005635
0.008676
0.010751
0.005043
0.006866
0.005035
0.012154
0.012254
0.005037
0.012069
0.011653
0.012725
0.006589
0.009129
0.009596
0.02031
0.009633
0.004988
0.00619
0.006728
0.006918
0.005575
0.009883
0.005261
0.006752
0.010009
0.00914
0.004315
0.005057
0.01277
0.00472
0.00478
0.005328
0.005816
0.005045
0.009796
0.006037
0.00522
0.005199
0.008597
0.005661
0.009491
0.00812
0.011241
0.010885
0.004723
0.005625
0.007823
0.005003
0.006873
0.005325
0.007444
0.007607
0.006029
0.005504
0.004942
0.009231
0.009344
0.006326
0.006821
0.006287
0.009399
0.009819
0.005937
0.009053
0.010123
0.005789
0.011952
0.030037
0.005838
0.006926
0.004975
0.009916
0.009763
0.00583
0.005841
0.005062
0.006928
0.010728
0.004574
0.008801
0.003645
0.010918
0.005229
0.004997
0.007786
0.004987
0.004888
0.009524
0.00499
0.006608
0.010026
0.019745
0.01624
0.01256
0.012241
0.011837
0.008748
0.011461
0.006393
0.007906
0.011621
0.010646
0.007825
0.010997
0.006208
0.015441
0.00454
0.005978
0.008041
0.01081
0.005178
0.008409
0.004142
0.011951
0.005067
0.006965
0.006274
0.007452
0.014307
0.004957
0.005396
0.004814
0.01339
0.004461
0.009956
0.009987
0.004531
0.006201
0.005689
0.015198
0.005655
0.005993
0.015325
0.01519
0.013805
0.006336
0.006284
0.014439
0.013906
0.011335
0.012269
0.01043
0.009834
0.013449
0.018128
0.006451
0.005403
0.009676
0.016345
0.010787
0.005601
0.006731
0.008368
0.014334
0.005059
0.014297
0.009253
0.010305
0.0061
0.010745
0.010321
0.005094
0.007207
0.005705
0.009567
0.014807
0.005572
0.010846
0.011541
0.006722
0.006061
0.017102
0.019274
0.008791
0.01046
0.004839
0.005355
0.007655
0.008739
0.021913
0.003941
0.005864
0.005689
0.010164
0.016764
0.007057
0.007948
0.008102
0.014671
0.004153
0.009758
0.004997
0.005836
0.005267
0.021075
0.006538
0.007325
0.014894
0.007164
0.005275
0.008027
0.010795
0.010577
0.004854
0.009031
0.006483
0.008328
0.007171
0.003732
0.004211
0.007392
0.007434
0.008893
0.009542
0.019793
0.004965
0.013065
0.013055
0.006386
0.0109
0.010098
0.009077
0.012305
0.004666
0.007329
0.007221
0.004146
0.014508
0.013792
0.01145
0.014922
0.012368
0.012678
0.007547
0.004006
0.008488
0.007747
0.005864
0.008171
0.015527
0.007745
0.006237
0.007781
0.005054
0.006028
0.016568
0.007223
0.021108
0.015317
0.008166
0.014445
0.007986
0.004331
0.009741
0.016912
0.019476
0.008092
0.009815
0.004475
0.004975
0.00663
0.014605
0.008348
0.01875
0.00775
0.005992
0.017563
0.004906
0.00864
0.006773
0.004494
0.007307
0.004208
0.005707
0.008417
0.008335
0.006553
0.012633
0.008179
0.018925
0.007458
0.005853
0.014961
0.006061
0.015617
0.008501
0.005179
0.004565
0.016941
0.005658
0.009033
0.006449
0.013493
0.007577
0.007419
0.004948
0.006599
0.005824
0.012934
0.004975
0.010627
0.009994
0.006401
0.007373
0.020139
0.018033
0.018816
0.011055
0.007314
0.008009
0.022096
0.005442
0.017244
0.010187
0.008354
0.014345
0.004411
0.009633
0.026761
0.005896
0.003803
0.005329
0.003991
0.005541
0.015577
0.008405
0.012078
0.006315
0.010799
0.022368
0.009262
0.005819
0.018998
0.007344
0.009884
0.017039
0.012545
0.005205
0.005688
0.007404
0.004129
0.009437
0.008527
0.013315
0.016788
0.009464
0.010313
0.011976
0.012069
0.006744
0.006302
0.005841
0.006203
0.003985
0.005538
0.006677
0.006098
0.00772
0.007182
0.006447
0.013909
0.0053
0.00577
0.007018
0.019276
0.009864
0.008365
0.007013
0.022876
0.006552
0.012189
0.004581
0.005879
0.010995
0.012288
0.00614
0.005818
0.011966
0.019294
0.005537
0.016191
0.004324
0.030003
0.005518
0.005392
0.005816
0.009425
0.00415
0.006746
0.00395
0.018661
0.003868
0.007192
0.00532
0.006324
0.00655
0.01526
0.010298
0.004657
0.007327
0.014346
0.011046
0.015019
0.004413
0.007252
0.011398
0.010137
0.017983
0.006729
0.006965
0.016613
0.004975
0.012865
0.017856
0.008081
0.009763
0.011252
0.006556
0.004758
0.008841
0.006386
0.008249
0.005595
0.012714
0.011123
0.003959
0.025995
0.004515
0.008012
0.017074
0.004589
0.004695
0.009154
0.005208
0.010717
0.011254
0.006146
0.006846
0.004594
0.008771
0.008314
0.007102
0.020603
0.007477
0.007112
0.004987
0.006926
0.007754
0.010361
0.008861
0.0082
0.005169
0.01346
0.005614
0.014008
0.00515
0.007671
0.006195
0.004975
0.009399
0.019567
0.023245
0.006688
0.003512
0.006674
0.007668
0.007112
0.010832
0.013153
0.006022
0.007894
0.005474
0.007408
0.008161
0.006666
0.010942
0.016453
0.005509
0.007775
0.007434
0.015704
0.013349
0.005001
0.012737
0.024594
0.009246
0.012374
0.01063
0.005278
0.011472
0.008205
0.030062
0.010493
0.011196
0.004026
0.013883
0.004992
0.005103
0.003938
0.006882
0.011636
0.007127
0.021759
0.011236
0.009603
0.015772
0.009474
0.008153
0.031941
0.003991
0.003895
0.008221
0.013595
0.008632
0.006498
0.010835
0.010182
0.006158
0.012891
0.031764
0.005261
0.011129
0.005043
0.014569
0.00907
0.011502
0.011949
0.013492
0.008583
0.008564
0.021501
0.009466
0.009749
0.004671
0.005138
0.009391
0.004592
0.008138
0.005546
0.007272
0.007018
0.008661
0.008083
0.004354
0.009199
0.004268
0.010164
0.009268
0.032035
0.017447
0.005935
0.003822
0.022915
0.009269
0.005812
0.017782
0.01011
0.006358
0.021923
0.01095
0.013398
0.004006
0.004975
0.014028
0.005927
0.007093
0.004418
0.014236
0.00516
0.010762
0.016136
0.005723
0.014443
0.016834
0.010235
0.017485
0.01646
0.006674
0.02481
0.016476
0.005272
0.017045
0.007095
0.008915
0.005929
0.006614
0.003936
0.005371
0.016317
0.008187
0.013937
0.037603
0.009865
0.015877
0.020304
0.004012
0.005482
0.013611
0.003686
0.005261
0.006453
0.00574
0.008182
0.00405
0.004995
0.007241
0.011194
0.00558
0.006443
0.00909
0.008602
0.00802
0.010566
0.016969
0.010063
0.020903
0.00435
0.004756
0.006247
0.009439
0.006116
0.005439
0.008452
0.011358
0.021343
0.033578
0.004147
0.005629
0.007408
0.005322
0.006927
0.009702
0.006342
0.006375
0.016823
0.005551
0.004023
0.005449
0.006794
0.016548
0.015354
0.004732
0.005402
0.008144
0.010183
0.016831
0.005315
0.011596
0.009375
0.004559
0.006767
0.008173
0.004822
0.005742
0.032839
0.00565
0.005763
0.004161
0.006213
0.006745
0.004786
0.011983
0.023612
0.007742
0.004001
0.010722
0.004953
0.004864
0.009496
0.004823
0.005178
0.004956
0.004814
0.004826
0.004881
0.004825
0.004908
0.004903
0.0049
0.004768
0.004886
0.004768
0.004451
0.005065
0.010009
0.004809
0.004928
0.004894
0.004825
0.004478
0.004714
0.004963
0.004789
0.004915
0.004758
0.004785
0.004809
0.005124
0.004926
0.004636
0.004926
0.004925
0.004236
0.004616
0.004727
0.004817
0.004921
0.004902
0.004663
0.00471
0.004438
0.004877
0.004355
0.004575
0.004837
0.004436
0.004673
0.004811
0.004716
0.004889
0.004833
0.004719
0.004795
0.01076
0.004899
0.004745
0.004586
0.004725
0.004762
0.010506
0.004842
0.004868
0.004756
0.005197
0.005142
0.004218
0.004967
0.00431
0.004047
0.004231
0.0041
0.004639
0.004259
0.004286
0.004622
0.005529
0.004268
0.004652
0.004148
0.006267
0.004715
0.004491
0.004674
0.008312
0.005296
0.004472
0.004799
0.0055
0.004619
0.004611
0.004489
0.004785
0.004783
0.004522
0.004645
0.004801
0.005071
0.004857
0.009063
0.004436
0.004288
0.004263
0.004812
0.009132
0.004885
0.00458
0.004212
0.004706
0.007891
0.004836
0.004377
0.005108
0.004776
0.004638
0.007209
0.004223
0.004531
0.004197
0.004789
0.006756
0.00462
0.004011
0.004536
0.004583
0.004337
0.004445
0.004884
0.005107
0.004768
0.004529
0.00448
0.004731
0.00403
0.004785
0.005864
0.008682
0.003782
0.004661
0.004754
0.004589
0.004683
0.004724
0.005372
0.004316
0.007977
0.00468
0.004511
0.004778
0.004429
0.004479
0.00818
0.00627
0.004429
0.004466
0.009635
0.004341
0.004035
0.00484
0.004455
0.004395
0.004508
0.004057
0.008607
0.004793
0.004397
0.00415
0.004456
0.008735
0.004311
0.007379
0.004372
0.004582
0.003976
0.00471
0.004565
0.004643
0.004739
0.004796
0.003907
0.006035
0.004024
0.00401
0.004928
0.005801
0.004923
0.003733
0.004994
0.005439
0.004669
0.003622
0.004073
0.010584
0.004827
0.003792
0.004592
0.004475
0.004466
0.004519
0.005102
0.004296
0.004977
0.004297
0.004659
0.004632
0.004073
0.004419
0.004796
0.004596
0.004768
0.00765
0.004195
0.004802
0.003795
0.004651
0.004112
0.003989
0.003983
0.003931
0.004409
0.004227
0.005366
0.004436
0.004269
0.004289
0.003517
0.004526
0.003999
0.004625
0.003679
0.004308
0.007327
0.004278
0.008
0.004632
0.004249
0.011463
0.004746
0.004295
0.005868
0.003413
0.00437
0.004053
0.012543
0.004929
0.003332
0.004436
0.004499
0.004061
0.005319
0.004556
0.007699
0.006498
0.003777
0.004589
0.004678
0.005263
0.004718
0.004423
0.004522
0.004636
0.004588
0.004919
0.004776
0.006275
0.004991
0.004256
0.004614
0.004768
0.004748
0.004919
0.003472
0.00473
0.004752
0.004508
0.004387
0.004789
0.004525
0.004922
0.004508
0.007657
0.005176
0.004501
0.004661
0.004795
0.004137
0.004326
0.004933
0.004768
0.004467
0.004737
0.004386
0.004791
0.007476
0.004234
0.003323
0.005873
0.005517
0.00423
0.004796
0.006202
0.004593
0.004801
0.004556
0.003908
0.004786
0.004762
0.004768
0.004253
0.006932
0.004204
0.004854
0.00448
0.004108
0.004247
0.011015
0.004643
0.005671
0.004696
0.005029
0.004556
0.003823
0.003887
0.004823
0.003848
0.004362
0.003788
0.00415
0.003885
0.004207
0.004218
0.003862
0.004374
0.00461
0.004978
0.004594
0.004018
0.004153
0.006476
0.005075
0.003886
0.005389
0.004275
0.004095
0.003763
0.004202
0.004172
0.00355
0.004491
0.005395
0.005367
0.004293
0.006929
0.005281
0.0038
0.004217
0.011107
0.004768
0.004762
0.00674
0.004793
0.004251
0.004777
0.006685
0.004962
0.003709
0.004057
0.004568
0.004539
0.005512
0.004097
0.004206
0.004462
0.004137
0.003782
0.003774
0.004099
0.00327
0.004305
0.004768
0.004876
0.004762
0.00487
0.006406
0.006047
0.005001
0.003867
0.005136
0.006716
0.021548
0.00518
0.0036
0.004415
0.003506
0.004698
0.004695
0.00472
0.008151
0.003714
0.003771
0.006068
0.007123
0.003337
0.003888
0.004039
0.004551
0.004812
0.0039
0.004486
0.004954
0.011295
0.004205
0.004768
0.004778
0.004315
0.004768
0.004194
0.004495
0.003919
0.005031
0.006026
0.004383
0.004457
0.004197
0.003972
0.004302
0.00502
0.004838
0.005382
0.004306
0.00389
0.007261
0.006279
0.00422
0.004781
0.004129
0.010543
0.004029
0.004778
0.004161
0.004848
0.003544
0.004531
0.004506
0.004555
0.007601
0.004306
0.004565
0.004316
0.003711
0.004739
0.004085
0.003356
0.004331
0.004571
0.00388
0.004169
0.004904
0.003529
0.005596
0.004027
0.005327
0.004382
0.004543
0.00396
0.005919
0.004936
0.004017
0.004953
0.003429
0.004191
0.004366
0.003522
0.003188
0.004797
0.003801
0.004227
0.007769
0.00426
0.004423
0.005466
0.004376
0.00399
0.005524
0.004202
0.005027
0.00546
0.003499
0.004088
0.007813
0.004603
0.004525
0.005068
0.003594
0.004768
0.003997
0.004497
0.01152
0.003785
0.004028
0.003763
0.004629
0.00613
0.00427
0.006263
0.003644
0.004685
0.01122
0.004803
0.005241
0.005569
0.003956
0.003796
0.004215
0.003478
0.005376
0.004606
0.003776
0.00461
0.004511
0.004365
0.007528
0.003824
0.004502
0.0037
0.006592
0.004576
0.008192
0.00466
0.003855
0.008063
0.004158
0.003089
0.004768
0.004414
0.00333
0.003753
0.003774
0.004441
0.002685
0.001785
0.001817
0.001756
0.001751
0.001776
0.001705
0.001759
0.001641
0.002713
0.001771
0.00191
0.001761
0.001599
0.001656
0.001564
0.001654
0.001617
0.001595
0.001652
0.001569
0.001759
0.001594
0.001692
0.001566
0.001586
0.001757
0.001657
0.001751
0.001558
0.001751
0.002731
0.001641
0.001812
0.00157
0.001751
0.001594
0.001527
0.001557
0.001536
0.001594
0.001527
0.001751
0.001527
0.001751
0.001553
0.001516
0.001557
0.001636
0.001641
0.001513
0.001979
0.001634
0.001591
0.001628
0.001751
0.001637
0.001581
0.001683
