0.012019
0.502997
0.400393
0.504941
0.887033
0.251665
0.292525
0.47085
0.95849
0.436223
0.420424
0.327445
0.707895
0.849384
0.777552
0.972442
0.810049
0.906628
0.493935
0.294799
0.563114
0.417256
0.930847
0.281848
0.911352
0.846741
0.98338
0.564675
0.963079
0.899364
0.97459
0.978807
0.911131
0.882688
0.552777
0.995824
0.909861
0.571024
0.970698
0.979045
0.940877
0.280378
0.635638
0.469774
0.008557
0.085088
0.032429
0.015275
0.039819
0.084152
0.079729
0.127624
0.022286
0.215191
0.994425
0.967309
0.015432
0.060527
0.413771
0.318459
0.755042
0.761302
0.303256
0.081658
0.298358
0.867805
0.29222
0.898754
0.360976
0.193607
0.673952
0.210854
0.016086
0.884729
0.018646
0.876394
0.317216
0.051485
0.315754
0.071345
0.969952
0.762556
0.033188
0.679769
0.098828
0.512879
0.713495
0.264722
0.693124
0.068228
0.017375
0.015003
0.073504
0.054712
0.131437
0.014195
0.01601
0.454693
0.246185
0.083367
0.749856
0.024446
0.038527
0.032363
0.167559
0.032363
0.053859
0.141083
0.063957
0.059111
0.077312
0.059574
0.074675
0.397708
0.08766
0.036172
0.194209
0.130622
0.064731
0.531678
0.220362
0.106418
0.025323
0.005643
0.316369
0.021648
0.010785
0.682562
0.045142
0.029519
0.073422
0.055403
0.599406
0.209992
0.014261
0.017235
0.16935
0.039146
0.109619
0.035962
0.081315
0.939353
0.06953
0.035559
0.979304
0.128517
0.107473
0.01123
0.055459
0.01293
0.218203
0.009084
0.035045
0.005661
0.027966
0.130369
0.029428
0.03301
0.00513
0.027394
0.105781
0.018511
0.217406
0.953366
0.321361
0.941803
0.058466
0.589517
0.020597
0.086574
0.21861
0.943177
0.95271
0.186298
0.022512
0.061603
0.330562
0.024915
0.058973
0.165238
0.211204
0.006613
0.607469
0.021878
0.114604
0.030024
0.600538
0.132429
0.379653
0.066653
0.517215
0.163906
0.897349
0.083762
0.300628
0.129294
0.131428
0.739296
0.221858
0.147241
0.986068
0.560642
0.836018
0.125806
0.088
0.246051
0.475267
0.485677
0.649686
0.699312
0.098306
0.253419
0.859337
0.143682
0.881346
0.57969
0.120636
0.215612
0.648653
0.841841
0.99546
0.267871
0.967838
0.284388
0.68587
0.492292
0.192472
0.491708
0.278952
0.255446
0.741898
0.98525
0.308405
0.925967
0.218466
0.696219
0.54918
0.178384
0.432267
0.145878
0.648524
0.155941
0.703714
0.237763
0.315953
0.26795
0.884831
0.887577
0.304636
0.252209
0.67697
0.745392
0.99208
0.304918
0.010129
0.015049
0.014887
0.056948
0.07635
0.03787
0.015802
0.016652
0.023657
0.047835
0.060794
0.014849
0.018063
0.01585
0.076214
0.083552
0.104563
0.031041
0.030963
0.018105
0.045734
0.114539
0.966427
0.982759
0.810543
0.02931
0.078487
0.009551
0.279038
0.919548
0.370371
0.180191
0.021223
0.014534
0.371013
0.012513
0.497742
0.839239
0.009473
0.58143
0.954377
0.032217
0.131015
0.051471
0.016671
0.051892
0.01474
0.014835
0.020436
0.010399
0.015155
0.058261
0.440482
0.068219
0.009986
0.015368
0.279454
0.026041
0.019519
0.036722
0.020529
0.039601
0.612543
0.033942
0.354698
0.044893
0.030016
0.097248
0.304885
0.015182
0.007713
0.024321
0.040125
0.006565
0.03779
0.006565
0.010892
0.010892
0.019268
0.0251
0.098151
0.194813
0.128718
0.116763
0.015736
0.218846
0.409033
0.013019
0.031219
0.043838
0.039707
0.020698
0.15525
0.052806
0.088583
0.114351
0.065184
0.412061
0.013783
0.115802
0.270727
0.123965
0.023614
0.038396
0.007956
0.827162
0.377321
0.034177
0.208755
0.25848
0.014522
0.018482
0.141113
0.032686
0.031144
0.089856
0.688632
0.040345
0.029543
0.008287
0.246031
0.310043
0.019675
0.16809
0.275994
0.225499
0.014224
0.01366
0.334681
0.02848
0.478966
0.174863
0.969047
0.176777
0.028181
0.175443
0.111088
0.505048
0.061258
0.016178
0.088623
0.022097
0.032815
0.798217
0.204613
0.038044
0.08446
0.068341
0.71307
0.008422
0.018304
0.007474
0.008676
0.518891
0.011978
0.206344
0.233213
0.008586
0.009335
0.654443
0.030337
0.011065
0.717095
0.052803
0.017964
0.016642
0.142689
0.075645
0.084009
0.021295
0.048631
0.532226
0.009603
0.038897
0.073375
0.921637
0.385335
0.059383
0.089688
0.881613
0.013983
0.031904
0.034243
0.030182
0.01052
0.022286
0.192934
0.04355
0.859303
0.015302
0.729192
0.051521
0.295751
0.045383
0.010623
0.01726
0.071006
0.016178
0.594932
0.014626
0.040026
0.023633
0.00545
0.013872
0.703448
0.028665
0.015097
0.062784
0.02198
0.039181
0.017135
0.293131
0.017087
0.012841
0.519668
0.078174
0.018026
0.03561
0.23295
0.021213
0.108413
0.239182
0.142688
0.117183
0.325138
0.211435
0.277041
0.099877
0.112777
0.373273
0.354409
0.17001
0.129095
0.170627
0.359663
0.142598
0.17631
0.344929
0.108225
0.197061
0.274826
0.820066
0.208771
0.128643
0.264044
0.598728
0.108225
0.217174
0.606519
0.108225
0.014343
0.014343
0.037527
0.064493
0.703988
0.03457
0.00941
0.080374
0.023596
0.040126
0.018565
0.177301
0.034646
0.017197
0.006967
0.024255
0.007614
0.022633
0.019656
0.578821
0.37203
0.018096
0.039774
0.704602
0.026863
0.860461
0.038003
0.016196
0.051995
0.033423
0.107652
0.642331
0.073025
0.115346
0.079871
0.019509
0.248446
0.022838
0.026225
0.221384
0.114154
0.016793
0.081968
0.312421
0.00705
0.009212
0.00705
0.037774
0.00705
0.518579
0.007404
0.112117
0.011155
0.017935
0.00705
0.442272
0.150139
0.305625
0.070856
0.010128
0.851017
0.010128
0.351497
0.010598
0.009643
0.74586
0.067866
0.017735
0.042844
0.00997
0.013999
0.095784
0.097144
0.010406
0.012398
0.014747
0.038472
0.033966
0.97552
0.035808
0.013549
0.031017
0.019682
0.048605
0.931117
0.18328
0.954939
0.089926
0.01356
0.018583
0.044933
0.021392
0.87003
0.186745
0.347148
0.022648
0.424433
0.097931
0.011911
0.052121
0.07573
0.029734
0.031942
0.585024
0.130071
0.024686
0.074724
0.034634
0.005606
0.019375
0.497721
0.010037
0.096899
0.018061
0.789229
0.00728
0.02364
0.015612
0.040419
0.476093
0.322674
0.024904
0.031074
0.587335
0.033321
0.060022
0.042338
0.055326
0.073737
0.106488
0.284616
0.076801
0.895076
0.161765
0.086688
0.072955
0.128173
0.028351
0.304655
0.157337
0.130942
0.10158
0.243914
0.896478
0.014361
0.019382
0.027698
0.032036
0.036627
0.012025
0.012648
0.01735
0.020152
0.014779
0.040024
0.015683
0.006501
0.014892
0.021189
0.866848
0.061838
0.900268
0.006681
0.020884
0.11021
0.037523
0.010763
0.014994
0.006454
0.053393
0.117217
0.022567
0.030625
0.015779
0.092381
0.059989
0.044508
0.039858
0.139271
0.064161
0.046895
0.058806
0.014403
0.018835
0.010418
0.018984
0.018684
0.386643
0.204337
0.056316
0.010338
0.078568
0.587274
0.053836
0.014145
0.048508
0.019953
0.11947
0.031305
0.449064
0.191988
0.441547
0.015262
0.131346
0.009373
0.104345
0.039364
0.631299
0.189735
0.811982
0.056283
0.538748
0.006139
0.024974
0.037752
0.037218
0.042874
0.043883
0.497237
0.031022
0.036869
0.030841
0.281657
0.145969
0.02622
0.04294
0.122073
0.079683
0.055667
0.050712
0.431039
0.064733
0.917927
0.028024
0.04041
0.019955
0.06347
0.014886
0.065533
0.014886
0.02607
0.047943
0.015715
0.108519
0.133403
0.02022
0.249467
0.706644
0.011886
0.659462
0.026568
0.009527
0.007628
0.009571
0.012971
0.111902
0.738144
0.59488
0.706691
0.615369
0.65882
0.660989
0.477103
0.586002
0.584618
0.510047
0.712644
0.547073
0.797909
0.521152
0.639314
0.633044
0.631587
0.51077
0.763194
0.60371
0.376829
0.573051
0.582784
0.595606
0.549107
0.563466
0.542637
0.861026
0.634999
0.707987
0.756842
0.748616
0.732857
0.64936
0.491869
0.605568
0.4855
0.820141
0.900772
0.61254
0.494211
0.394267
0.780914
0.539409
0.68437
0.489314
0.81935
0.844017
0.935752
0.96323
0.567934
0.808987
0.526046
0.358797
0.492937
0.030013
0.077152
0.69921
0.025931
0.155126
0.03548
0.059968
0.083783
0.615304
0.952236
0.189821
0.17154
0.082445
0.041443
0.057105
0.041442
0.026892
0.005777
0.036729
0.05603
0.075532
0.029744
0.005732
0.028785
0.039797
0.016017
0.056425
0.010563
0.008957
0.014615
0.020835
0.007395
0.585034
0.040488
0.329967
0.019396
0.643493
0.388189
0.019396
0.020582
0.064244
0.833704
0.381735
0.273832
0.03796
0.454435
0.57628
0.029326
0.031868
0.61497
0.074372
0.017684
0.078215
0.275903
0.331693
0.047098
0.086685
0.178206
0.076814
0.011868
0.012054
0.034371
0.069911
0.012405
0.257286
0.619625
0.470155
0.127951
0.013287
0.341554
0.024007
0.011197
0.041038
0.02622
0.910082
0.037514
0.009813
0.010824
0.055205
0.012752
0.01711
0.016084
0.040622
0.042942
0.021842
0.080894
0.022698
0.015249
0.074174
0.990031
0.061143
0.986641
0.218719
0.105381
0.062585
0.028594
0.074542
0.309614
0.027335
0.381226
0.03514
0.0801
0.066567
0.007216
0.271435
0.96701
0.031436
0.056929
0.461037
0.11509
0.016119
0.055253
0.028028
0.014098
0.044913
0.200626
0.04106
0.007166
0.176993
0.017601
0.024267
0.005218
0.047105
0.04106
0.024612
0.017795
0.164259
0.388087
0.059153
0.255181
0.126004
0.506629
0.396037
0.882229
0.206681
0.00603
0.614042
0.072092
0.055583
0.023131
0.190473
0.672489
0.054919
0.123467
0.010921
0.463943
0.041637
0.102831
0.313101
0.12297
0.013347
0.032567
0.045348
0.695572
0.340393
0.796368
0.329026
0.03402
0.020729
0.18665
0.013264
0.138476
0.041724
0.904422
0.61789
0.012223
0.133981
0.108124
0.008493
0.027607
0.044621
0.005991
0.051942
0.0055
0.0055
0.024052
0.021457
0.120364
0.117923
0.04513
0.012215
0.690863
0.013061
0.16424
0.017123
0.074446
0.288604
0.057291
0.019263
0.032552
0.044304
0.033588
0.251875
0.411146
0.021649
0.071508
0.021649
0.021649
0.926634
0.236038
0.050476
0.01702
0.011605
0.14464
0.021468
0.016958
0.072653
0.68171
0.137899
0.021856
0.006948
0.73193
0.146405
0.129922
0.095964
0.016085
0.034216
0.039953
0.034713
0.015769
0.014086
0.012548
0.020181
0.072082
0.032122
0.020533
0.267975
0.390812
0.067953
0.021234
0.054507
0.013017
0.010769
0.197147
0.174412
0.551436
0.184969
0.016574
0.021659
0.042902
0.115329
0.01135
0.009056
0.015897
0.020453
0.010652
0.009519
0.009056
0.009056
0.039935
0.033932
0.021434
0.143212
0.109538
0.009056
0.005986
0.022884
0.005567
0.008379
0.014915
0.027482
0.014379
0.120184
0.006311
0.312902
0.14868
0.011215
0.029998
0.028198
0.079942
0.127349
0.017068
0.198523
0.277044
0.241396
0.212948
0.386967
0.521523
0.169925
0.971028
0.158563
0.721924
0.063149
0.968778
0.357729
0.101177
0.293701
0.308221
0.671169
0.038762
0.032527
0.043343
0.263045
0.651578
0.018112
0.035216
0.022714
0.365243
0.13444
0.011587
0.022604
0.070729
0.172534
0.085647
0.013286
0.338384
0.528853
0.021447
0.006299
0.057774
0.006455
0.020609
0.031887
0.866039
0.117691
0.021372
0.642735
0.041571
0.398981
0.502278
0.017939
0.117915
0.019648
0.011849
0.070949
0.244641
0.022452
0.029184
0.026116
0.020851
0.05397
0.04722
0.035643
0.020683
0.200192
0.096187
0.019924
0.394478
0.041398
0.028958
0.0592
0.113301
0.018819
0.055662
0.208645
0.112662
0.42327
0.054192
0.063907
0.128338
0.027762
0.103147
0.169471
0.013949
0.0088
0.024724
0.006535
0.016707
0.127994
0.018919
0.016728
0.367974
0.046562
0.551699
0.015584
0.20133
0.022793
0.11105
0.131725
0.872837
0.058209
0.023154
0.035209
0.064466
0.05039
0.110443
0.050938
0.064926
0.060937
0.101546
0.449598
0.312674
0.079073
0.041628
0.478993
0.087628
0.082372
0.075547
0.567771
0.049715
0.065258
0.636927
0.349261
0.076283
0.633401
0.092104
0.834871
0.092998
0.017752
0.070829
0.02587
0.017977
0.037382
0.098326
0.474561
0.473625
0.184225
0.042544
0.041363
0.068979
0.188276
0.91751
0.036261
0.039393
0.216019
0.477381
0.527388
0.017147
0.576202
0.040716
0.160893
0.10514
0.617718
0.017068
0.025295
0.039816
0.068447
0.017919
0.012929
0.157986
0.213845
0.051665
0.032711
0.085842
0.009938
0.008823
0.013389
0.013357
0.008123
0.787581
0.016956
0.239322
0.025668
0.008134
0.048487
0.13729
0.008134
0.397252
0.256313
0.009905
0.240448
0.008425
0.006265
0.032366
0.138137
0.008425
0.013364
0.069096
0.014927
0.582533
0.008026
0.697266
0.402383
0.019396
0.066589
0.005611
0.035758
0.004685
0.006441
0.009415
0.387948
0.021613
0.063592
0.018452
0.062503
0.030396
0.012159
0.090814
0.148253
0.015875
0.045717
0.896051
0.014719
0.109896
0.949034
0.017414
0.043082
0.010168
0.198092
0.136973
0.16061
0.259417
0.008176
0.009592
0.014227
0.062056
0.026863
0.019414
0.170184
0.015851
0.009581
0.031463
0.007558
0.033777
0.024154
0.065196
0.055772
0.044425
0.397109
0.765798
0.159813
0.85131
0.027323
0.028806
0.569709
0.02227
0.430926
0.99435
0.106434
0.238348
0.025324
0.018871
0.324938
0.046605
0.262738
0.018871
0.088147
0.25926
0.719215
0.059457
0.655115
0.437245
0.094876
0.124613
0.267004
0.059176
0.046725
0.215116
0.009659
0.08582
0.096661
0.01456
0.035855
0.025669
0.029313
0.253813
0.163972
0.025474
0.016895
0.028981
0.037046
0.038017
0.015254
0.038722
0.827739
0.524186
0.087259
0.117567
0.061138
0.139171
0.213545
0.016898
0.780775
0.015254
0.937349
0.01346
0.209777
0.157456
0.572176
0.015766
0.012972
0.044937
0.133741
0.0139
0.022356
0.015462
0.018383
0.869125
0.015014
0.108767
0.026151
0.107625
0.031544
0.111528
0.327961
0.025283
0.030261
0.08284
0.131746
0.550509
0.089849
0.648225
0.021548
0.155257
0.044415
0.153152
0.010402
0.702722
0.030304
0.72336
0.01801
0.084085
0.013335
0.05792
0.163449
0.992987
0.01952
0.237695
0.34315
0.273796
0.053286
0.212405
0.099755
0.006748
0.015004
0.335652
0.009058
0.009087
0.005997
0.032064
0.006627
0.010169
0.007127
0.01831
0.006812
0.631602
0.012297
0.752769
0.788958
0.134527
0.050968
0.020282
0.026696
0.075089
0.014372
0.145739
0.191684
0.014428
0.019902
0.17577
0.394974
0.133239
0.039208
0.01485
0.074404
0.231008
0.988675
0.080852
0.01846
0.060093
0.013217
0.050256
0.212554
0.134254
0.042065
0.030327
0.104824
0.017469
0.015739
0.022718
0.021784
0.014269
0.031971
0.030875
0.015437
0.027571
0.014269
0.052612
0.023707
0.008551
0.087853
0.154373
0.056447
0.043347
0.088268
0.816754
0.013679
0.033765
0.016801
0.054855
0.01886
0.025346
0.183903
0.018647
0.447808
0.03726
0.032565
0.450663
0.084229
0.055598
0.147627
0.008812
0.010387
0.199481
0.009914
0.009862
0.008914
0.258562
0.025048
0.098107
0.042889
0.114801
0.06367
0.008914
0.090269
0.06114
0.029809
0.051619
0.013937
0.051585
0.009672
0.067686
0.014748
0.259359
0.009672
0.024468
0.272764
0.014351
0.010327
0.39582
0.008179
0.0119
0.527834
0.017184
0.015578
0.121721
0.012192
0.013548
0.019218
0.011661
0.038805
0.955038
0.07573
0.030211
0.03625
0.109755
0.01538
0.073115
0.805042
0.020708
0.900533
0.853088
0.015978
0.517032
0.342568
0.197339
0.099528
0.012457
0.132621
0.611042
0.022957
0.27225
0.012457
0.029122
0.012457
0.009919
0.009607
0.034405
0.025267
0.013989
0.009969
0.02239
0.021044
0.029521
0.454832
0.792256
0.047925
0.757821
0.00473
0.011027
0.074178
0.045876
0.265195
0.029511
0.035847
0.060918
0.040435
0.080136
0.074269
0.661664
0.078838
0.528761
0.071542
0.06611
0.875631
0.511953
0.196104
0.005119
0.074648
0.015553
0.006247
0.005903
0.023446
0.005972
0.012516
0.018198
0.015322
0.009508
0.116421
0.111838
0.022332
0.009422
0.009422
0.009422
0.009422
0.167587
0.017791
0.012206
0.022453
0.178046
0.032221
0.023837
0.159149
0.034443
0.195306
0.128857
0.032732
0.02175
0.187433
0.180688
0.222942
0.225128
0.007496
0.007755
0.005604
0.007686
0.025119
0.254011
0.268045
0.048543
0.010581
0.006025
0.006392
0.185456
0.01306
0.0645
0.097519
0.345172
0.015325
0.024283
0.0213
0.016072
0.016072
0.012142
0.013219
0.20134
0.041881
0.189102
0.836018
0.033318
0.010608
0.005537
0.00607
0.008039
0.00546
0.006119
0.008358
0.054633
0.008911
0.011555
0.016159
0.453011
0.006708
0.031503
0.009127
0.013393
0.015738
0.012193
0.438578
0.091568
0.006206
0.06647
0.935515
0.175372
0.192729
0.079278
0.522639
0.246035
0.008682
0.73742
0.522336
0.916995
0.666917
0.055481
0.021833
0.127894
0.041268
0.014803
0.134395
0.276552
0.206436
0.016156
0.430534
0.487562
0.298298
0.03628
0.067515
0.021093
0.077326
0.695234
0.043566
0.421302
0.034804
0.020697
0.116627
0.585144
0.420805
0.473389
0.275404
0.374831
0.064536
0.150201
0.024829
0.432882
0.018479
0.394142
0.11771
0.022798
0.038627
0.051301
0.524208
0.015232
0.038011
0.0181
0.011191
0.021586
0.012581
0.028187
0.02726
0.043573
0.007762
0.006492
0.005105
0.007774
0.009595
0.094515
0.650772
0.086613
0.044701
0.116413
0.247448
0.120386
0.233714
0.688815
0.009453
0.04533
0.246379
0.038757
0.201264
0.047491
0.051616
0.020901
0.032629
0.012593
0.00808
0.032924
0.013288
0.2538
0.016605
0.011012
0.066845
0.012054
0.191157
0.390621
0.050326
0.02836
0.009881
0.12186
0.015614
0.135864
0.147982
0.159105
0.043143
0.114454
0.016031
0.020234
0.008413
0.010055
0.004424
0.004964
0.096415
0.012418
0.01714
0.135093
0.006874
0.009519
0.024345
0.195473
0.016838
0.021636
0.099847
0.114916
0.02133
0.018835
0.04393
0.006007
0.040091
0.046677
0.042805
0.42629
0.030913
0.013605
0.014646
0.062041
0.039198
0.012801
0.014857
0.021569
0.100971
0.746952
0.039283
0.157828
0.07124
0.271851
0.089505
0.010914
0.016261
0.094837
0.013749
0.029864
0.059633
0.088279
0.034578
0.004969
0.014793
0.04026
0.011334
0.06704
0.047782
0.018464
0.006291
0.010112
0.012929
0.035067
0.03663
0.024386
0.020423
0.055052
0.007153
0.027053
0.073983
0.080813
0.057508
0.032875
0.058873
0.01018
0.024211
0.145068
0.150796
0.0458
0.066938
0.47797
0.062827
0.020634
0.425828
0.031888
0.040894
0.383097
0.975538
0.060886
0.113304
0.22613
0.049391
0.263179
0.08779
0.066101
0.67729
0.006924
0.029709
0.266
0.01704
0.029042
0.029348
0.029686
0.036797
0.01533
0.094206
0.050595
0.006773
0.006718
0.011529
0.053518
0.015445
0.08026
0.010529
0.04006
0.012081
0.016981
0.011954
0.894829
0.044373
0.023324
0.963791
0.250902
0.023776
0.154543
0.009981
0.073676
0.224431
0.023884
0.010089
0.014897
0.013522
0.938965
0.026832
0.027775
0.420659
0.798079
0.162955
0.013042
0.00512
0.006736
0.010764
0.015304
0.010596
0.040609
0.006259
0.02672
0.048458
0.036523
0.177153
0.059944
0.179778
0.630349
0.019945
0.01155
0.039243
0.074851
0.011249
0.020911
0.025482
0.062593
0.012065
0.021079
0.091223
0.032706
0.237973
0.189094
0.83727
0.048558
0.56598
0.06363
0.022444
0.032782
0.090658
0.146603
0.011975
0.039946
0.01355
0.017202
0.022819
0.516642
0.059491
0.036738
0.053984
0.03541
0.745478
0.037403
0.075127
0.348608
0.063136
0.061664
0.066532
0.069812
0.374886
0.040714
0.018019
0.455099
0.014354
0.014315
0.010413
0.03435
0.017342
0.187775
0.138693
0.028536
0.028805
0.009985
0.037091
0.036381
0.025374
0.686488
0.01663
0.096078
0.146032
0.007201
0.007201
0.005329
0.021006
0.041975
0.06629
0.092895
0.155555
0.042213
0.019458
0.010237
0.148925
0.173077
0.195696
0.024894
0.040135
0.214894
0.232208
0.248234
0.051743
0.263094
0.276902
0.058198
0.105816
0.28976
0.301761
0.312984
0.323504
0.333384
0.050423
0.342682
0.351449
0.010871
0.021447
0.02376
0.007585
0.013476
0.020994
0.046187
0.017097
0.027974
0.048136
0.014482
0.010434
0.531394
0.345129
0.076848
0.006191
0.132348
0.00965
0.061879
0.023929
0.012949
0.082497
0.800307
0.014867
0.009341
0.0079
0.035023
0.052728
0.00826
0.955144
0.012181
0.035328
0.00826
0.013204
0.027807
0.048792
0.013204
0.196296
0.011659
0.047583
0.011113
0.055774
0.040227
0.02772
0.010586
0.016302
0.001083
0.001116
0.007684
0.397683
0.118371
0.006848
0.012977
0.015847
0.107095
0.012439
0.032294
0.014234
0.012323
0.019017
0.014684
0.019991
0.070614
0.01174
0.029989
0.0312
0.019321
0.006129
0.016359
0.006129
0.016675
0.075126
0.955076
0.010381
0.006129
0.038435
0.655325
0.100666
0.00886
0.030425
0.012856
0.007005
0.011888
0.018423
0.024372
0.07318
0.119714
0.007029
0.017321
0.007105
0.00571
0.04681
0.008027
0.392938
0.265707
0.03298
0.943635
0.52604
0.006093
0.011659
0.026098
0.177202
0.009702
0.007731
0.728541
0.013257
0.016994
0.736189
0.454099
0.102535
0.056868
0.119407
0.007389
0.316268
0.053674
0.045351
0.324525
0.036405
0.018045
0.0121
0.257509
0.261995
0.422556
0.005096
0.008142
0.006812
0.0088
0.024987
0.01098
0.006234
0.008552
0.016067
0.072255
0.154216
0.017284
0.037942
0.013785
0.009514
0.017011
0.014889
0.010316
0.006198
0.029766
0.04423
0.032238
0.015307
0.021354
0.021456
0.119255
0.022544
0.307267
0.016451
0.165319
0.023245
0.014997
0.005252
0.007039
0.009895
0.086096
0.265676
0.032019
0.0066
0.0448
0.047887
0.66151
0.053078
0.860252
0.010769
0.012378
0.067003
0.011954
0.017557
0.016513
0.069719
0.168373
0.00677
0.007225
0.011769
0.2163
0.007385
0.00762
0.011111
0.089733
0.028755
0.131949
0.005008
0.059869
0.017427
0.011456
0.047679
0.633135
0.00896
0.00896
0.01084
0.00693
0.024321
0.014614
0.006661
0.013758
0.066108
0.035944
0.005772
0.019757
0.005561
0.016118
0.006972
0.078757
0.14146
0.142931
0.016912
0.040468
0.157552
0.023707
0.440132
0.098033
0.01862
0.024462
0.045367
0.034252
0.032741
0.866973
0.161976
0.01946
0.014967
0.068836
0.039827
0.029268
0.091424
0.029595
0.016618
0.016978
0.032476
0.020788
0.086257
0.023505
0.007547
0.008877
0.020901
0.007369
0.078941
0.00482
0.025199
0.005079
0.012299
0.005079
0.047387
0.186779
0.376786
0.010306
0.134679
0.016335
0.00938
0.036204
0.106025
0.00938
0.03851
0.078044
0.019416
0.081303
0.042026
0.012482
0.005596
0.005596
0.416643
0.009527
0.069712
0.050281
0.100824
0.06543
0.013376
0.015716
0.017642
0.010697
0.016495
0.009682
0.02195
0.021181
0.009682
0.009682
0.029626
0.01353
0.012379
0.016698
0.110451
0.166776
0.009148
0.00505
0.019466
0.063905
0.007206
0.096877
0.021867
0.012859
0.011203
0.143244
0.914433
0.027573
0.062067
0.092128
0.117922
0.093174
0.03871
0.067557
0.745554
0.11051
0.048965
0.091644
0.214264
0.080669
0.222112
0.013829
0.008904
0.008509
0.023058
0.012944
0.021834
0.009997
0.019897
0.008622
0.008843
0.013206
0.008304
0.030973
0.016289
0.053146
0.011921
0.039667
0.010691
0.028046
0.036015
0.013583
0.031759
0.009579
0.010347
0.151502
0.037442
0.016031
0.106543
0.021961
0.014919
0.138728
0.04524
0.007061
0.010504
0.015587
0.017181
0.03748
0.155224
0.006353
0.014375
0.010212
0.012498
0.008211
0.010268
0.01507
0.011179
0.005185
0.009282
0.011315
0.021965
0.033491
0.009286
0.011555
0.011555
0.372894
0.0169
0.011458
0.036287
0.016921
0.044742
0.007219
0.017299
0.032268
0.022872
0.168225
0.015541
0.011394
0.10249
0.391225
0.011666
0.075856
0.01874
0.01695
0.006409
0.013043
0.005834
0.042793
0.032728
0.014421
0.01556
0.059683
0.021103
0.052691
0.010581
0.018084
0.138818
0.15498
0.008336
0.04565
0.0352
0.019602
0.075483
0.044094
0.071567
0.005079
0.006969
0.00426
0.007311
0.083636
0.031512
0.073745
0.030155
0.160421
0.014487
0.13622
0.108827
0.017362
0.147256
0.011598
0.015396
0.057957
0.227867
0.007138
0.074946
0.939782
0.090964
0.044841
0.022815
0.182076
0.10008
0.582796
0.039663
0.007558
0.134684
0.007558
0.048823
0.053573
0.016851
0.03328
0.006176
0.114348
0.010091
0.012217
0.023015
0.030084
0.010505
0.03493
0.03493
0.008853
0.072783
0.011926
0.152329
0.006601
0.015503
0.005004
0.013309
0.005005
0.029548
0.005108
0.023659
0.006507
0.006507
0.311115
0.008195
0.226495
0.014533
0.014533
0.014533
0.008186
0.07901
0.233777
0.009119
0.042229
0.011437
0.015046
0.009505
0.008953
0.803147
0.007242
0.007587
0.012344
0.007242
0.006922
0.007603
0.009817
0.007021
0.006945
0.009359
0.006599
0.00859
0.036231
0.012765
0.01256
0.030612
0.617676
0.043501
0.129301
0.026851
0.019243
0.013727
0.02047
0.464941
0.029878
0.010216
0.038967
0.012962
0.005656
0.009872
0.007069
0.006153
0.009432
0.005848
0.05481
0.062187
0.084407
0.061836
0.072726
0.005429
0.101874
0.010966
0.008658
0.015708
0.021308
0.021669
0.068211
0.052094
0.03104
0.012415
0.049627
0.188783
0.115621
0.010166
0.035167
0.010166
0.011127
0.03034
0.084406
0.015812
0.004893
0.179658
0.783339
0.012972
0.006108
0.110168
0.005453
0.017779
0.012385
0.014783
0.014783
0.014783
0.008208
0.016509
0.006753
0.0125
0.029584
0.013676
0.032841
0.020385
0.012823
0.02006
0.01088
0.01277
0.014102
0.010977
0.012393
0.010977
0.032408
0.315032
0.820072
0.017521
0.085274
0.130888
0.012373
0.004846
0.008609
0.044094
0.077425
0.063196
0.406772
0.058278
0.014334
0.007178
0.010115
0.006869
0.011948
0.006869
0.018524
0.015392
0.046704
0.231136
0.013955
0.018398
0.008969
0.197719
0.014759
0.115233
0.009855
0.565311
0.01397
0.015354
0.014086
0.011847
0.028839
0.006702
0.006661
0.012738
0.009167
0.064213
0.007009
0.009421
0.01719
0.021617
0.024697
0.032629
0.01873
0.007074
0.020512
0.009347
0.037369
0.009759
0.014039
0.00694
0.04052
0.032034
0.05709
0.2709
0.059495
0.019186
0.007815
0.048351
0.043134
0.061862
0.080829
0.450421
0.071879
0.01518
0.042699
0.013115
0.011197
0.044198
0.027683
0.347884
0.044907
0.015539
0.316678
0.016433
0.011293
0.073553
0.207937
0.057121
0.026456
0.006905
0.005321
0.071248
0.038248
0.022116
0.077112
0.16727
0.034601
0.071894
0.009584
0.010035
0.075388
0.014657
0.004075
0.007192
0.01204
0.011741
0.011483
0.010633
0.024339
0.061858
0.012663
0.115253
0.030526
0.215885
0.017153
0.006992
0.697401
0.050704
0.089183
0.019139
0.030399
0.018771
0.009049
0.079238
0.019712
0.010711
0.01227
0.010386
0.020179
0.027399
0.049338
0.035182
0.028288
0.012988
0.026911
0.026202
0.077938
0.409117
0.043297
0.077982
0.012247
0.155484
0.007526
0.32369
0.008468
0.012426
0.005929
0.022115
0.013091
0.00602
0.861678
0.012536
0.010174
0.285234
0.005678
0.007343
0.193144
0.030024
0.024517
0.010773
0.010773
0.010773
0.010773
0.33657
0.010773
0.095606
0.029551
0.017859
0.091403
0.006945
0.006945
0.083731
0.031129
0.011413
0.026244
0.00732
0.428737
0.010349
0.054197
0.23307
0.401324
0.006579
0.070113
0.008556
0.007826
0.008444
0.013663
0.011416
0.005217
0.103542
0.012018
0.005217
0.005217
0.334175
0.516923
0.239325
0.024128
0.007699
0.007724
0.010598
0.014109
0.008015
0.011079
0.049704
0.022463
0.034793
0.133257
0.20741
0.007357
0.014762
0.030921
0.010388
0.008094
0.023248
0.011568
0.070286
0.020137
0.008396
0.05072
0.031564
0.006596
0.006327
0.019714
0.015501
0.03145
0.017251
0.055205
0.081224
0.035519
0.154009
0.042982
0.106316
0.079746
0.011742
0.026315
0.011742
0.147133
0.120954
0.022243
0.00581
0.012554
0.035048
0.005429
0.005429
0.020792
0.007966
0.007966
0.008369
0.007966
0.015805
0.051975
0.007966
0.011209
0.022137
0.007648
0.032524
0.007648
0.009736
0.009489
0.012662
0.010938
0.007223
0.010935
0.254682
0.024272
0.006709
0.101876
0.005866
0.005866
0.039103
0.015627
0.020377
0.014012
0.036715
0.014806
0.053127
0.206899
0.016062
0.471754
0.020083
0.014726
0.021494
0.789586
0.219755
0.007086
0.005637
0.006359
0.00483
0.009238
0.012154
0.012617
0.017684
0.089806
0.001083
0.001116
0.008795
0.022288
0.07391
0.013289
0.007962
0.010289
0.014579
0.010113
0.007173
0.016216
0.01113
0.151429
0.006726
0.012748
0.128291
0.006726
0.027518
0.006726
0.008807
0.012549
0.125328
0.005253
0.010958
0.005377
0.021404
0.010882
0.006015
0.007339
0.015973
0.006368
0.008829
0.006442
0.066565
0.012516
0.005474
0.022733
0.029315
0.030147
0.006059
0.051029
0.375022
0.354786
0.01147
0.180874
0.024187
0.005137
0.016362
0.007492
0.006055
0.019991
0.256387
0.013651
0.129422
0.091652
0.2203
0.095496
0.424125
0.059805
0.059805
0.072212
0.035764
0.039349
0.010957
0.056437
0.027577
0.009223
0.062019
0.01242
0.052502
0.008799
0.204858
0.01651
0.045251
0.011516
0.256461
0.007072
0.083195
0.088758
0.024867
0.029202
0.004808
0.007852
0.295411
0.036657
0.112122
0.036715
0.045934
0.009293
0.025331
0.01278
0.037266
0.012787
0.055062
0.064008
0.016845
0.188264
0.006053
0.035991
0.065816
0.03451
0.016324
0.011334
0.039516
0.005211
0.008299
0.021267
0.004716
0.00754
0.005617
0.013109
0.013473
0.005617
0.005617
0.164049
0.008229
0.005617
0.191836
0.00818
0.01823
0.013564
0.009333
0.235023
0.019264
0.009333
0.005572
0.014702
0.399479
0.0049
0.974353
0.010244
0.052391
0.010693
0.287025
0.005802
0.010693
0.091975
0.005802
0.042032
0.01663
0.019345
0.118143
0.101647
0.017981
0.028342
0.03103
0.562155
0.419559
0.026201
0.039584
0.019848
0.143526
0.028893
0.028893
0.073856
0.017683
0.01663
0.470464
0.014647
0.01663
0.057746
0.489741
0.021051
0.006415
0.028625
0.151816
0.008181
0.053956
0.046524
0.080183
0.09528
0.32782
0.013429
0.01084
0.346965
0.046524
0.01417
0.007001
0.010201
0.033161
0.006561
0.008987
0.009496
0.020134
0.009086
0.0059
0.423549
0.0111
0.038994
0.008581
0.026399
0.021818
0.012267
0.031618
0.024581
0.25323
0.315624
0.056949
0.381663
0.007209
0.01714
0.006049
0.005794
0.009013
0.006712
0.006786
0.01714
0.01178
0.009948
0.011044
0.022067
0.340398
0.035366
0.018751
0.019461
0.081547
0.014387
0.011913
0.010417
0.008351
0.031239
0.019089
0.017377
0.271326
0.034538
0.254475
0.339758
0.037745
0.004609
0.007303
0.00709
0.095728
0.378782
0.090656
0.450565
0.292894
0.010301
0.015016
0.06504
0.038403
0.335427
0.105369
0.104862
0.014334
0.040876
0.016016
0.020951
0.021938
0.016152
0.061626
0.042788
0.01696
0.018369
0.0543
0.029376
0.018265
0.019709
0.00361
0.004827
0.027669
0.01164
0.016209
0.019668
0.406426
0.080603
0.007891
0.00719
0.247142
0.023181
0.035402
0.034464
0.00719
0.032959
0.013049
0.056465
0.010669
0.137893
0.050107
0.055573
0.016913
0.005115
0.004881
0.008069
0.012083
0.086497
0.007671
0.007671
0.018281
0.020902
0.019972
0.007211
0.025973
0.028419
0.038005
0.013809
0.012498
0.012169
0.008775
0.013167
0.013167
0.023397
0.022225
0.033148
0.023537
0.078494
0.679288
0.011378
0.021866
0.011036
0.010896
0.005711
0.021862
0.040637
0.192655
0.014241
0.028751
0.045117
0.008422
0.007349
0.022479
0.0173
0.016121
0.007873
0.015065
0.010685
0.047719
0.080005
0.023083
0.046872
0.013619
0.067439
0.011321
0.05975
0.041299
0.07117
0.08077
0.047935
0.123381
0.014331
0.045759
0.029913
0.021315
0.038183
0.570289
0.062014
0.019869
0.060206
0.07582
0.355018
0.034822
0.032985
0.095272
0.039426
0.047025
0.429668
0.032985
0.133122
0.055321
0.081618
0.242035
0.419798
0.07358
0.020475
0.030453
0.019313
0.019313
0.038202
0.053395
0.023802
0.034433
0.034433
0.01238
0.018123
0.023843
0.017782
0.044935
0.008251
0.15948
0.032975
0.344408
0.069001
0.085811
0.056603
0.067788
0.024462
0.007848
0.061633
0.016864
0.027204
0.015976
0.34468
0.022825
0.006021
0.012781
0.010054
0.008654
0.012507
0.004748
0.007946
0.015092
0.00943
0.006952
0.011351
0.004133
0.022506
0.018294
0.011596
0.005898
0.029884
0.019717
0.040525
0.008584
0.007667
0.017013
0.005819
0.018582
0.040492
0.008314
0.032896
0.13586
0.010116
0.033244
0.037351
0.009005
0.046876
0.023442
0.043585
0.014995
0.01614
0.007194
0.020722
0.205794
0.035532
0.010017
0.093542
0.029731
0.008247
0.008247
0.008643
0.00879
0.008643
0.011761
0.076979
0.012373
0.012373
0.00879
0.099893
0.008247
0.049773
0.004941
0.004941
0.007399
0.007642
0.005191
0.006947
0.007888
0.00469
0.019549
0.018814
0.013863
0.647495
0.063092
0.010315
0.062207
0.023951
0.009944
0.048496
0.006687
0.006433
0.013598
0.007329
0.078161
0.228157
0.009174
0.014351
0.01123
0.00916
0.010364
0.016216
0.499935
0.00666
0.12665
0.017808
0.102822
0.814902
0.689658
0.03425
0.015158
0.061458
0.010746
0.819929
0.019064
0.0323
0.132396
0.018154
0.517745
0.035592
0.047358
0.084188
0.011184
0.011372
0.161504
0.02726
0.015684
0.00607
0.033174
0.064237
0.012582
0.286824
0.005831
0.005597
0.009531
0.02383
0.013947
0.015465
0.015149
0.015872
0.020043
0.024129
0.040655
0.027944
0.022534
0.013298
0.037575
0.043398
0.052442
0.018557
0.009541
0.008992
0.01916
0.046885
0.028067
0.03257
0.032966
0.0092
0.274771
0.006866
0.016587
0.015081
0.023422
0.03683
0.005633
0.005633
0.007343
0.006832
0.019523
0.007127
0.006917
0.048795
0.056221
0.112983
0.083859
0.009232
0.040083
0.023041
0.027227
0.012934
0.010368
0.920575
0.0891
0.024291
0.008454
0.006315
0.008253
0.005937
0.021745
0.022195
0.118557
0.0474
0.011861
0.286192
0.051936
0.040017
0.00774
0.085877
0.007098
0.015027
0.018746
0.038978
0.024294
0.030186
0.015113
0.114997
0.007134
0.016755
0.019333
0.011068
0.015758
0.010562
0.011298
0.058906
0.010562
0.013691
0.021072
0.042774
0.036906
0.021885
0.051242
0.022313
0.064641
0.077054
0.08851
0.099073
0.011528
0.009195
0.013
0.924093
0.087234
0.009596
0.57825
0.008808
0.009646
0.09402
0.105693
0.121562
0.009622
0.043995
0.145072
0.847815
0.014332
0.043953
0.164244
0.056334
0.956459
0.277655
0.01555
0.019
0.011599
0.056082
0.042357
0.22893
0.415837
0.288051
0.008808
0.01077
0.103044
0.620566
0.442906
0.02257
0.031076
0.456329
0.045827
0.261207
0.299215
0.231894
0.090671
0.040355
0.395706
0.202553
0.225109
0.026622
0.196858
0.14804
0.045705
0.137098
0.023412
0.012991
0.007367
0.033789
0.016073
0.012428
0.011218
0.03508
0.016189
0.013293
0.137874
0.005446
0.007511
0.119018
0.017838
0.016553
0.111227
0.080198
0.103792
0.117758
0.01207
0.014385
0.555964
0.180209
0.431468
0.113385
0.041815
0.018483
0.02265
0.01207
0.259144
0.112289
0.198221
0.019248
0.03082
0.165473
0.036097
0.009093
0.015344
0.021536
0.009545
0.013142
0.030078
0.26085
0.007929
0.046209
0.0454
0.010416
0.009304
0.036239
0.0446
0.033608
0.035619
0.007401
0.005324
0.005078
0.048353
0.045047
0.078187
0.034165
0.522721
0.073427
0.106627
0.094243
0.043555
0.052871
0.037668
0.035324
0.034165
0.035324
0.33466
0.006648
0.010581
0.00779
0.008854
0.030591
0.009249
0.034457
0.006388
0.013825
0.006388
0.006388
0.009383
0.015177
0.015203
0.025493
0.03908
0.41604
0.018128
0.012374
0.075921
0.005767
0.00422
0.007019
0.007574
0.007533
0.023704
0.012893
0.018335
0.025809
0.022046
0.00745
0.009795
0.008768
0.01122
0.009011
0.009251
0.012523
0.011985
0.015969
0.012381
0.012045
0.080109
0.009627
0.050196
0.047319
0.007449
0.375509
0.006895
0.024046
0.005491
0.038932
0.006377
0.265018
0.008437
0.019076
0.016483
0.194565
0.004928
0.006878
0.006745
0.115677
0.007053
0.010302
0.014566
0.011557
0.006446
0.033986
0.022628
0.006724
0.039456
0.010057
0.004271
0.008176
0.004271
0.005544
0.069049
0.007374
0.114094
0.007971
0.006139
0.006897
0.006535
0.016866
0.006434
0.006977
0.010904
0.020003
0.013011
0.009022
0.01178
0.025673
0.012825
0.05454
0.01178
0.012484
0.014902
0.01178
0.01693
0.014446
0.01178
0.01178
0.023888
0.019001
0.012884
0.011691
0.007275
0.008104
0.011584
0.015479
0.024969
0.020176
0.008347
0.033511
0.019031
0.313544
0.017909
0.055474
0.065241
0.005974
0.016844
0.005974
0.018536
0.241584
0.08772
0.118409
0.04227
0.011627
0.010239
0.010584
0.010584
0.010584
0.005529
0.02941
0.028104
0.008432
0.010821
0.037404
0.008935
0.006848
0.009563
0.008222
0.008526
0.447885
0.012093
0.028188
0.029318
0.007982
0.01096
0.015122
0.026855
0.019766
0.027539
0.021602
0.076288
0.011812
0.018301
0.055882
0.007709
0.029817
0.008708
0.006907
0.008581
0.040522
0.006907
0.082284
0.008581
0.017689
0.005078
0.005078
0.005078
0.001083
0.001116
0.030237
0.007312
0.012807
0.008073
0.007916
0.011008
0.006974
0.008678
0.008678
0.009579
0.005246
0.012534
0.007135
0.023865
0.009791
0.058892
0.008527
0.006734
0.007187
0.021045
0.055116
0.015143
0.030609
0.008947
0.022548
0.055238
0.028024
0.016991
0.023324
0.014494
0.018042
0.246902
0.007037
0.007669
0.007438
0.026997
0.007127
0.014953
0.062636
0.021706
0.019366
0.017676
0.016571
0.008845
0.01074
0.004729
0.090941
0.044545
0.184119
0.039612
0.004397
0.009799
0.007179
0.010634
0.006865
0.137307
0.010722
0.286019
0.011319
0.014835
0.019444
0.061549
0.04748
0.065636
0.012266
0.085247
0.105088
0.426733
0.140761
0.159208
0.176989
0.023678
0.194049
0.209156
0.357254
0.224417
0.291132
0.24967
0.262824
0.274033
0.005141
0.016005
0.180985
0.008542
0.011727
0.010954
0.011885
0.013176
0.020652
0.0123
0.021312
0.006244
0.025824
0.038116
0.080354
0.005369
0.007957
0.03022
0.076953
0.018428
0.021824
0.056087
0.229459
0.014273
0.024044
0.020831
0.023063
0.131244
0.058433
0.0094
0.009024
0.01246
0.014411
0.008865
0.007254
0.043954
0.006923
0.01468
0.056759
0.006923
0.006207
0.005327
0.008432
0.005119
0.009817
0.008867
0.009436
0.012883
0.020127
0.07485
0.007423
0.00926
0.029588
0.006503
0.004805
0.085078
0.029886
0.008254
0.041621
0.013402
0.087273
0.009125
0.330537
0.052542
0.008935
0.006334
0.004311
0.019978
0.009927
0.078581
0.010985
0.025957
0.016815
0.009927
0.113201
0.010753
0.481091
0.205119
0.016715
0.01046
0.010592
0.024412
0.094942
0.013033
0.009695
0.044744
0.014185
0.019473
0.011367
0.029197
0.019964
0.011304
0.062661
0.009159
0.006865
0.010192
0.030063
0.017559
0.018696
0.030652
0.026215
0.055309
0.029956
0.059367
0.017061
0.25634
0.043115
0.010276
0.016333
0.008997
0.008453
0.01067
0.039824
0.026949
0.108018
0.021539
0.03483
0.00699
0.046275
0.021216
0.019916
0.032199
0.005368
0.005368
0.011894
0.009537
0.010506
0.152914
0.006963
0.005619
0.009462
0.005729
0.005729
0.033034
0.005729
0.010151
0.006271
0.006465
0.005646
0.004678
0.051708
0.051758
0.04257
0.017367
0.007637
0.004714
0.009602
0.008078
0.005679
0.013136
0.018643
0.107273
0.017409
0.017409
0.034965
0.025052
0.021082
0.006026
0.008395
0.017174
0.038833
0.007597
0.009697
0.015191
0.007471
0.011871
0.009236
0.009574
0.017261
0.018145
0.022858
0.030484
0.004278
0.020616
0.005429
0.019873
0.008572
0.020458
0.067656
0.008895
0.014036
0.026929
0.006045
0.019571
0.012876
0.00664
0.009055
0.009372
0.015995
0.00746
0.008037
0.009774
0.048469
0.052902
0.009774
0.009774
0.012483
0.012031
0.006259
0.004052
0.007903
0.015525
0.006187
0.009616
0.005855
0.009956
0.008306
0.007324
0.007324
0.327454
0.021654
0.026964
0.026285
0.050404
0.027567
0.026285
0.108128
0.017855
0.101589
0.027809
0.031254
0.03483
0.017855
0.005441
0.007438
0.011962
0.033261
0.217531
0.007186
0.005102
0.011194
0.008809
0.09019
0.08833
0.273226
0.006778
0.06718
0.803084
0.01709
0.005424
0.005795
0.018732
0.040789
0.011958
0.019292
0.014875
0.016767
0.246568
0.013685
0.07706
0.100044
0.080377
0.090749
0.067541
0.204498
0.041788
0.005469
0.006092
0.00584
0.007644
0.007079
0.007406
0.011619
0.007079
0.005087
0.018014
0.006595
0.005547
0.005816
0.063934
0.015003
0.009479
0.008932
0.006734
0.009649
0.012081
0.013471
0.006624
0.008665
0.009311
0.00659
0.004311
0.007603
0.005243
0.004728
0.014438
0.022096
0.05039
0.011331
0.058649
0.013741
0.021335
0.016242
0.014553
0.0091
0.013509
0.007181
0.011205
0.011142
0.006869
0.010215
0.012931
0.009524
0.009788
0.030998
0.17007
0.018871
0.007576
0.036322
0.011315
0.008505
0.136123
0.058819
0.00851
0.00851
0.013257
0.013953
0.026102
0.023509
0.109471
0.018132
0.009198
0.004844
0.007138
0.008232
0.016249
0.007863
0.012148
0.007863
0.007863
0.008205
0.012947
0.011391
0.011391
0.011391
0.00722
0.007575
0.009753
0.010062
0.012278
0.03443
0.005914
0.020593
0.00769
0.191585
0.02785
0.006162
0.005747
0.013293
0.018791
0.0093
0.00764
0.010753
0.00892
0.008478
0.011401
0.051772
0.008473
0.012933
0.022971
0.004949
0.056787
0.00516
0.019179
0.004949
0.007764
0.00664
0.039529
0.017812
0.024153
0.027592
0.030874
0.035106
0.037433
0.043788
0.009261
0.044064
0.049905
0.084176
0.011044
0.010428
0.01394
0.006052
0.005075
0.005075
0.0559
0.010535
0.075755
0.135075
0.037195
0.125177
0.054077
0.007094
0.004683
0.133741
0.013846
0.010005
0.006612
0.009019
0.008723
0.005874
0.014046
0.003937
0.010256
0.00404
0.028809
0.066744
0.004126
0.001021
0.001244
0.001264
0.00132
0.001334
0.001346
0.001221
0.008497
0.001083
0.001116
0.016925
0.006483
0.011572
0.007597
0.048181
0.006764
0.006764
0.008585
0.014014
0.007048
0.019832
0.013853
0.026139
0.032381
0.009742
0.007048
0.022334
0.015262
0.162063
0.010938
0.00686
0.00878
0.006303
0.006016
0.008673
0.007544
0.058074
0.012363
0.012103
0.055207
0.080651
0.005525
0.005525
0.029683
0.014786
0.020823
0.071283
0.00806
0.008588
0.041276
0.011066
0.012212
0.021048
0.051421
0.495405
0.011695
0.051725
0.045497
0.042521
0.007405
0.042069
0.00755
0.014938
0.005962
0.009557
0.009392
0.395595
0.0073
0.009405
0.015235
0.494207
0.009211
0.026211
0.01324
0.006555
0.050845
0.128938
0.012529
0.014584
0.010356
0.01357
0.012421
0.01738
0.021966
0.012167
0.011425
0.017482
0.015164
0.027729
0.009992
0.013384
0.017538
0.033021
0.138492
0.008362
0.031235
0.452667
0.04369
0.005627
0.015032
0.009583
0.011659
0.007678
0.005583
0.005583
0.005559
0.012752
0.005061
0.010642
0.007689
0.006471
0.006953
0.008164
0.010015
0.006772
0.010304
0.010994
0.096732
0.130046
0.407054
0.015522
0.020965
0.067683
0.150771
0.052881
0.007241
0.017279
0.005689
0.007029
0.008147
0.008211
0.006411
0.024838
0.00453
0.007728
0.007728
0.008093
0.01163
0.007695
0.010193
0.007695
0.015091
0.012147
0.007695
0.042182
0.008025
0.222579
0.011028
0.006068
0.009218
0.005816
0.028307
0.118727
0.574797
0.121485
0.126576
0.109812
0.091069
0.14732
0.420718
0.273508
0.136956
0.011861
0.009096
0.009324
0.004437
0.007244
0.011711
0.009533
0.168384
0.035436
0.016854
0.009253
0.012967
0.016835
0.014366
0.041115
0.025101
0.03245
0.03245
0.023994
0.028607
0.030759
0.005325
0.009891
0.007837
0.00587
0.010242
0.014816
0.007875
0.01388
0.005835
0.006113
0.009726
0.008258
0.036485
0.014526
0.004365
0.041837
0.010455
0.045604
0.015734
0.021644
0.021644
0.004325
0.017248
0.009399
0.008266
0.012663
0.841188
0.933015
0.963405
0.976414
0.983427
0.9908
0.989984
0.991683
0.992927
0.993869
0.994603
0.056571
0.995176
0.995611
0.995974
0.99628
0.996541
0.996767
0.996963
0.997135
0.997288
0.997423
0.997545
0.997654
0.997753
0.997849
0.997945
0.998019
0.998087
0.99815
0.292792
0.998208
0.005411
0.04759
0.006576
0.070799
0.006028
0.006327
0.006327
0.014837
0.006339
0.006656
0.010551
0.010834
0.009795
0.001083
0.001116
0.041751
0.00527
0.030164
0.00527
0.008605
0.030164
0.00527
0.006437
0.005684
0.005684
0.005017
0.003939
0.005565
0.008977
0.040918
0.031287
0.168679
0.014878
0.018584
0.022327
0.01235
0.004538
0.143348
0.013669
0.007883
0.010948
0.012842
0.015454
0.117339
0.00655
0.005375
0.00412
0.008781
0.010937
0.011675
0.004381
0.00621
0.09161
0.054467
0.043521
0.028548
0.074344
0.008107
0.008824
0.012019
0.004943
0.001083
0.001116
0.007411
0.033478
0.007919
0.010758
0.004352
0.014245
0.004535
0.008161
0.022466
0.028584
0.043465
0.024322
0.009799
0.013934
0.013523
0.02381
0.053749
0.014675
0.080871
0.009069
0.008653
0.048541
0.03392
0.011578
0.016272
0.00683
0.127102
0.074349
0.005494
0.007011
0.006005
0.019199
0.104301
0.004489
0.001083
0.001116
0.00501
0.024018
0.011593
0.01423
0.007914
0.058583
0.040585
0.01371
0.012947
0.014454
0.015031
0.018274
0.01605
0.028687
0.02154
0.012947
0.016788
0.015419
0.012947
0.004499
0.00599
0.001083
0.001116
0.018806
0.038608
0.010665
0.007698
0.018606
0.034029
0.031987
0.022328
0.015068
0.005107
0.005338
0.001083
0.001116
0.035353
0.005085
0.010469
0.0067
0.005321
0.013305
0.008398
0.017048
0.014702
0.016321
0.028651
0.012709
0.037243
0.059849
0.009405
0.607199
0.027614
0.016519
0.00469
0.006862
0.040543
0.006257
0.004048
0.008407
0.005664
0.00673
0.005664
0.073496
0.029944
0.018094
0.013755
0.045886
0.063493
0.02768
0.023752
0.013755
0.054476
0.016037
0.026397
0.022072
0.011536
0.009289
0.181473
0.048005
0.009289
0.021966
0.01477
0.027409
0.006042
0.006443
0.023471
0.072806
0.026496
0.036366
0.036366
0.079771
0.038455
0.411562
0.030473
0.010448
0.039796
0.017303
0.006221
0.017008
0.006221
0.058682
0.069234
0.038962
0.017078
0.01907
0.014711
0.005534
0.005382
0.012828
0.005062
0.011242
0.084923
0.027708
0.015436
0.011608
0.009638
0.035775
0.014133
0.014133
0.035775
0.042602
0.00466
0.018327
0.004751
0.007686
0.007479
0.010827
0.020655
0.020655
0.008771
0.026394
0.009222
0.026394
0.013961
0.00825
0.006377
0.00833
0.170273
0.023026
0.020394
0.004861
0.007793
0.009241
0.012965
0.011723
0.004517
0.041047
0.006618
0.009503
0.134022
0.073312
0.008306
0.027958
0.009649
0.010436
0.006764
0.006764
0.006764
0.014174
0.04568
0.018947
0.005179
0.01042
0.009288
0.008041
0.015382
0.008058
0.011188
0.017725
0.008136
0.007671
0.007671
0.010593
0.005417
0.026212
0.016297
0.062679
0.009978
0.011848
0.022419
0.013261
0.014276
0.022464
0.020448
0.015409
0.0344
0.005277
0.004668
0.007219
0.006895
0.0096
0.052228
0.004875
0.007532
0.051777
0.170528
0.005531
0.015559
0.010624
0.005303
0.001166
0.001221
0.001252
0.001273
0.006457
0.014591
0.009435
0.012504
0.013169
0.017906
0.023002
0.008064
0.008064
0.040529
0.043142
0.05479
0.053478
0.041806
0.040529
0.052542
0.005
0.035613
0.00805
0.005836
0.019328
0.022477
0.030677
0.080676
0.031227
0.004867
0.014984
0.006761
0.008016
0.179799
0.011636
0.007153
0.006557
0.005952
0.001123
0.001167
0.001192
0.011294
0.011553
0.062905
0.025209
0.017345
0.012664
0.004032
0.017287
0.00699
0.00683
0.008837
0.011357
0.009264
0.007507
0.011476
0.015343
0.008709
0.004486
0.014034
0.02212
0.007753
0.01366
0.021836
0.00615
0.00615
0.02917
0.005948
0.00692
0.004358
0.004358
0.004358
0.007808
0.008317
0.040004
0.009948
0.008168
0.015969
0.038775
0.012137
0.008168
0.012137
0.034267
0.019134
0.016137
0.023688
0.014242
0.001083
0.001116
0.023136
0.004731
0.013
0.011143
0.019935
0.011143
0.017166
0.163432
0.021144
0.004833
0.017661
0.004833
0.012491
0.004833
0.006123
0.006123
0.006897
0.00471
0.0146
0.007746
0.008767
0.008418
0.006008
0.011018
0.1013
0.006878
0.031678
0.071179
0.005273
0.064432
0.092049
0.020784
0.025459
0.029872
0.008397
0.020477
0.012263
0.036834
0.004896
0.028676
0.009144
0.005052
0.0161
0.004169
0.006653
0.006504
0.018056
0.010865
0.010224
0.024414
0.079501
0.022369
0.185951
0.086075
0.061708
0.05766
0.034477
0.066243
0.004429
0.014453
0.005201
0.006386
0.005432
0.008119
0.001083
0.001116
0.003054
0.005371
0.004474
0.007033
0.003909
0.005241
0.016321
0.039829
0.050514
0.034891
0.028651
0.098431
0.057312
0.011381
0.006021
0.003854
0.003854
0.005532
0.017753
0.009736
0.013641
0.004329
0.007139
0.005528
0.006663
0.002653
0.005883
0.017919
0.063537
0.019281
0.024231
0.008184
0.010372
0.020157
0.008175
0.010057
0.006115
0.03833
0.009392
0.042456
0.001158
0.001211
0.00127
0.001309
0.001171
0.012819
0.008245
0.008061
0.016894
0.007351
0.006615
0.010399
0.010799
0.00961
0.003928
0.007077
0.009994
0.004774
0.019627
0.003808
0.00483
0.015516
0.01316
0.008131
0.012205
0.025236
0.17215
0.014289
0.012205
0.033031
0.043081
0.012205
0.008114
0.006715
0.006715
0.004073
0.012197
0.007986
0.020987
0.009184
0.012165
0.010156
0.006277
0.012054
0.018491
0.005281
0.006489
0.009488
0.012766
0.006262
0.012972
0.006
0.00809
0.009235
0.012922
0.015994
0.020179
0.01212
0.005489
0.007483
0.00526
0.010741
0.014029
0.01638
0.016404
0.014652
0.018375
0.014398
0.010244
0.014974
0.036779
0.021085
0.024551
0.004831
0.005636
0.005906
0.008591
0.024824
0.008845
0.021225
0.006517
0.004853
0.007983
0.011806
0.010245
0.018311
0.005014
0.007476
0.006978
0.005517
0.006544
0.001411
0.001361
0.001373
0.001379
0.001362
0.00131
0.015004
0.00512
0.008029
0.283249
0.041716
0.008906
0.029208
0.016585
0.004729
0.017843
0.012356
0.005892
0.00621
0.005892
0.007416
0.006247
0.005986
0.008701
0.013651
0.011379
0.042854
0.022429
0.009477
0.004942
0.041589
0.01294
0.011383
0.011383
0.011383
0.010382
0.010441
0.013029
0.015131
0.066897
0.020511
0.013393
0.00866
0.024143
0.029585
0.015873
0.011348
0.021369
0.005825
0.004786
0.00513
0.001083
0.001116
0.029982
0.011842
0.007694
0.005898
0.015883
0.03894
0.009445
0.012051
0.007456
0.007963
0.007446
0.010398
0.0142
0.00618
0.007869
0.0061
0.029674
0.121695
0.04842
0.011538
0.246059
0.009929
0.005503
0.011438
0.05415
0.006972
0.005186
0.012418
0.004874
0.006864
0.008812
0.006433
0.005887
0.006392
0.006392
0.006392
0.007306
0.005065
0.005065
0.016107
0.005065
0.005065
0.008596
0.008596
0.09593
0.693835
0.006686
0.138003
0.158363
0.012723
0.267494
0.016834
0.095909
0.190404
0.208341
0.224481
0.010195
0.006861
0.007223
0.008885
0.006861
0.006861
0.006564
0.008294
0.036858
0.016645
0.016281
0.035875
0.005026
0.011295
0.011295
0.005132
0.005014
0.006422
0.004598
0.008114
0.034043
0.005727
0.034621
0.022205
0.028483
0.009247
0.010093
0.013786
0.015635
0.019096
0.017106
0.013922
0.008409
0.004565
0.007364
0.005109
0.008361
0.010994
0.007222
0.008128
0.010901
0.047078
0.027263
0.005306
0.012141
0.009358
0.007087
0.005396
0.007744
0.005669
0.005206
0.003376
0.005785
0.009191
0.012016
0.007143
0.007143
0.011294
0.00707
0.00707
0.007401
0.011087
0.008381
0.00555
0.009942
0.008886
0.028218
0.008781
0.004855
0.004855
0.008354
0.006938
0.004653
0.006938
0.004653
0.00617
0.015526
0.013519
0.024757
0.009154
0.012584
0.00617
0.009438
0.013582
0.017054
0.033586
0.03903
0.009073
0.049247
0.011506
0.017022
0.02507
0.00856
0.016918
0.008422
0.00489
0.044023
0.008878
0.028233
0.003753
0.01808
0.004194
0.010067
0.013977
0.018662
0.01799
0.018662
0.013526
0.018806
0.023084
0.019887
0.01799
0.023084
0.063483
0.025722
0.015173
0.079744
0.092949
0.014331
0.014239
0.025741
0.005192
0.01023
0.069232
0.007663
0.021528
0.012972
0.02327
0.017405
0.009944
0.046594
0.001166
0.001221
0.001252
0.001273
0.017518
0.017518
0.066549
0.007539
0.007141
0.025385
0.006543
0.014339
0.012438
0.006543
0.017991
0.006543
0.007675
0.022308
0.010732
0.017872
0.007674
0.008739
0.013108
0.008991
0.355773
0.012636
0.00461
0.00461
0.015
0.020083
0.013332
0.001083
0.001116
0.004996
0.007133
0.007355
0.005042
0.005111
0.007921
0.028009
0.005209
0.006045
0.005141
0.005141
0.011283
0.008437
0.011823
0.006419
0.012019
0.012177
0.004607
0.004607
0.008765
0.012584
0.01088
0.012017
0.00455
0.006408
0.018353
0.001083
0.001116
0.006587
0.006699
0.013108
0.016317
0.009415
0.007467
0.00796
0.014668
0.007467
0.014487
0.007282
0.010534
0.005698
0.058829
0.012039
0.007986
0.021211
0.013281
0.066796
0.005549
0.008122
0.052397
0.12638
0.005759
0.053316
0.006182
0.004316
0.006006
0.004132
0.009477
0.01275
0.016068
0.008588
0.008222
0.006717
0.005386
0.005386
0.008879
0.005692
0.005412
0.006699
0.005412
0.010089
0.012456
0.007666
0.004442
0.005835
0.012496
0.006739
0.010314
0.031418
0.012582
0.017168
0.008061
0.004352
0.005775
0.004578
0.006963
0.061312
0.008719
0.011238
0.042036
0.053332
0.015735
0.019885
0.026028
0.024224
0.020144
0.012405
0.009639
0.009761
0.010676
0.030726
0.005961
0.006691
0.055392
0.410351
0.044114
0.068769
0.33264
0.072474
0.044114
0.0676
0.044114
0.00713
0.009322
0.006703
0.008851
0.010777
0.00611
0.011334
0.006048
0.005894
0.005894
0.007287
0.050629
0.00741
0.128675
0.009883
0.00866
0.013701
0.006825
0.012979
0.023609
0.00537
0.029456
0.028085
0.00537
0.010816
0.014645
0.010559
0.009
0.010009
0.017663
0.0152
0.075329
0.018049
0.008159
0.010816
0.010816
0.013172
0.013172
0.003652
0.003652
0.007025
0.018957
0.007599
0.027879
0.01009
0.037381
0.0218
0.005591
0.008872
0.004897
0.004897
0.026943
0.014759
0.037645
0.020463
0.006622
0.006622
0.024722
0.008394
0.006622
0.008589
0.00543
0.012738
0.005997
0.012382
0.012059
0.008245
0.009987
0.01036
0.006583
0.036819
0.011266
0.007267
0.007497
0.007462
0.001226
0.001242
0.001253
0.001191
0.006516
0.008829
0.010489
0.007013
0.010002
0.008237
0.011684
0.014889
0.007147
0.043839
0.011915
0.011915
0.011915
0.011915
0.011915
0.00614
0.006539
0.00614
0.100282
0.131309
0.007393
0.009718
0.011833
0.012126
0.001083
0.001116
0.005483
0.019136
0.005483
0.031587
0.030528
0.041936
0.02966
0.030528
0.049987
0.008165
0.008503
0.013516
0.008165
0.008503
0.063804
0.008487
0.007289
0.010159
0.013177
0.005083
0.013947
0.006081
0.004163
0.003863
0.009715
0.014582
0.009828
0.011744
0.032985
0.018457
0.010865
0.018258
0.064639
0.00908
0.005872
0.009246
0.012779
0.030558
0.011869
0.004003
0.00969
0.017526
0.01976
0.018494
0.013216
0.402394
0.01068
0.022967
0.009228
0.00827
0.012139
0.01068
0.001123
0.001167
0.001192
0.004522
0.006821
0.009235
0.006536
0.032236
0.0144
0.012899
0.006957
0.007383
0.00462
0.006518
0.007718
0.00729
0.022145
0.006034
0.056783
0.01335
0.017239
0.006372
0.017798
0.006652
0.005136
0.01244
0.004747
0.010738
0.006464
0.014819
0.017897
0.025768
0.01025
0.005921
0.009667
0.005759
0.012453
0.006049
0.005132
0.005784
0.008677
0.005534
0.019797
0.013114
0.021578
0.008831
0.008446
0.013089
0.001086
0.00116
0.001283
0.001236
0.001233
0.001344
0.001377
0.006984
0.010592
0.007445
0.006309
0.006309
0.001083
0.001116
0.017302
0.005355
0.005254
0.007244
0.005709
0.023066
0.005254
0.014298
0.007435
0.008528
0.00959
0.012693
0.05964
0.004486
0.006394
0.0102
0.004306
0.006186
0.009095
0.080113
0.007678
0.013027
0.011192
0.043199
0.007851
0.013142
0.023782
0.018533
0.018508
0.011207
0.016247
0.015163
0.050433
0.004652
0.009438
0.008473
0.016589
0.174205
0.020784
0.007758
0.060718
0.00925
0.01461
0.00925
0.00745
0.011207
0.001063
0.001144
0.001113
0.016606
0.007701
0.006928
0.006928
0.005429
0.006565
0.009587
0.028266
0.059713
0.013908
0.009349
0.039871
0.009542
0.009357
0.016101
0.008858
0.011734
0.009013
0.043984
0.046728
0.010766
0.009345
0.022182
0.080139
0.006032
0.005098
0.007655
0.009866
0.012352
0.001083
0.001116
0.007097
0.042021
0.022392
0.005506
0.001083
0.001116
0.038775
0.00897
0.005361
0.008581
0.00913
0.024739
0.022519
0.012573
0.019434
0.022803
0.006549
0.008725
0.013386
0.009208
0.009217
0.017532
0.00777
0.010361
0.004473
0.003815
0.005138
0.007664
0.011597
0.01466
0.005992
0.010622
0.015764
0.008746
0.008365
0.008365
0.025166
0.028894
0.009307
0.010195
0.01345
0.005417
0.041183
0.072817
0.006001
0.112602
0.006512
0.006274
0.006672
0.006008
0.00634
0.007886
0.006008
0.104395
0.005671
0.007225
0.006839
0.032003
0.008348
0.007171
0.010292
0.007059
0.039806
0.014743
0.0105
0.036578
0.017037
0.018781
0.004773
0.003416
0.006601
0.008215
0.006625
0.049111
0.002897
0.002897
0.006688
0.014338
0.006335
0.008899
0.005596
0.011397
0.013698
0.006159
0.017323
0.018622
0.024914
0.019505
0.008036
0.004634
0.007967
0.033507
0.013149
0.018297
0.023558
0.060126
0.077051
0.00567
0.007817
0.00893
0.008941
0.01475
0.008138
0.006921
0.006921
0.019974
0.026552
0.004926
0.016715
0.006911
0.007182
0.027863
0.034776
0.006836
0.009656
0.008084
0.006844
0.012798
0.01717
0.009368
0.021138
0.044855
0.003222
0.0061
0.008656
0.004385
0.004385
0.004385
0.005185
0.007158
0.006957
0.015238
0.008039
0.010738
0.006747
0.007061
0.006747
0.008039
0.017377
0.048476
0.095258
0.012231
0.007912
0.011354
0.006812
0.004847
0.006411
0.00121
0.001277
0.001315
0.001341
0.001359
0.019046
0.018264
0.016876
0.026516
0.040662
0.006282
0.007441
0.004543
0.327009
0.004605
0.0083
0.010647
0.004799
0.006218
0.007123
0.011992
0.01201
0.004605
0.012789
0.008368
0.011366
0.014583
0.004565
0.009683
0.009927
0.009385
0.016801
0.014337
0.014337
0.009385
0.010417
0.009385
0.019501
0.007996
0.008371
0.079605
0.034874
0.012115
0.007996
0.011952
0.005392
0.004951
0.006765
0.00679
0.006332
0.023753
0.006141
0.05661
0.041945
0.035885
0.04036
0.020002
0.010471
0.024029
0.015231
0.062147
0.00639
0.00639
0.008728
0.015605
0.006987
0.006987
0.006987
0.120239
0.005907
0.007396
0.01028
0.007212
0.006995
0.01338
0.010036
0.006982
0.011118
0.022597
0.005715
0.007755
0.010631
0.001057
0.001182
0.001152
0.001152
0.07893
0.012212
0.00963
0.08244
0.050011
0.060208
0.024759
0.011399
0.011399
0.006117
0.064625
0.008168
0.006625
0.01884
0.041206
0.024895
0.007279
0.063635
0.009074
0.009603
0.011518
0.007313
0.009755
0.007127
0.009187
0.011564
0.013786
0.009997
0.006798
0.004731
0.011213
0.007377
0.009565
0.020444
0.004128
0.011526
0.026449
0.028337
0.033581
0.014758
0.005041
0.005673
0.005919
0.008651
0.006059
0.014246
0.008802
0.005079
0.001411
0.00131
0.001362
0.001362
0.001346
0.001346
0.001215
0.001229
0.00124
0.001293
0.001128
0.001184
0.005242
0.02583
0.005368
0.007896
0.020053
0.00479
0.014544
0.006822
0.006822
0.006843
0.00717
0.010468
0.006843
0.009092
0.0076
0.008821
0.013392
0.006606
0.00697
0.008754
0.006606
0.006606
0.021156
0.009779
0.007733
0.009106
0.019022
0.007522
0.012237
0.008943
0.007522
0.007522
0.010622
0.040437
0.005079
0.007122
0.00898
0.009485
0.007354
0.01201
0.005305
0.007511
0.005086
0.006124
0.006124
0.007438
0.00833
0.008091
0.00588
0.021873
0.007342
0.030881
0.006754
0.007226
0.012184
0.010531
0.006375
0.006381
0.013866
0.006381
0.010343
0.01296
0.01889
0.00629
0.009577
0.004382
0.001083
0.001116
0.006388
0.010815
0.007266
0.01536
0.006388
0.037234
0.00759
0.024261
0.040994
0.010171
0.014215
0.007598
0.007268
0.011536
0.008899
0.015299
0.008899
0.008899
0.007231
0.007545
0.00992
0.008496
0.00873
0.009916
0.011526
0.010517
0.005039
0.006252
0.009344
0.018238
0.0072
0.010274
0.012945
0.007816
0.007816
0.017262
0.009661
0.048009
0.007816
0.005875
0.005875
0.001083
0.001116
0.005503
0.005503
0.007718
0.005111
0.007213
0.009056
0.010876
0.001078
0.004832
0.006705
0.008227
0.013908
0.015614
0.008549
0.017774
0.004636
0.006403
0.004636
0.006403
0.018503
0.016608
0.024492
0.008084
0.062675
0.022981
0.005172
0.004216
0.005508
0.005459
0.005459
0.021682
0.02871
0.030212
0.055649
0.024037
0.001063
0.001144
0.001113
0.022929
0.015845
0.005596
0.004398
0.006534
0.015933
0.003875
0.008675
0.004212
0.060301
0.005601
0.006725
0.004742
0.006686
0.020869
0.00835
0.00835
0.009017
0.007601
0.005827
0.008589
0.010912
0.021808
0.02686
0.012478
0.009528
0.005924
0.005924
0.008544
0.007725
0.017875
0.006272
0.00899
0.016664
0.021164
0.018741
0.025798
0.007829
0.011329
0.007454
0.007454
0.007454
0.008399
0.014073
0.007454
0.051074
0.005167
0.006195
0.007385
0.008633
0.036866
0.001083
0.001116
0.009747
0.013646
0.005461
0.006977
0.008453
0.006093
0.008682
0.007329
0.006101
0.006111
0.0058
0.008411
0.0058
0.008793
0.005799
0.006045
0.008614
0.010461
0.013294
0.015961
0.018356
0.02071
0.022867
0.024859
0.012457
0.011364
0.010781
0.006837
0.010422
0.001123
0.001167
0.001192
0.001341
0.001347
0.001355
0.001304
0.001292
0.001412
0.004793
0.049997
0.011187
0.016591
0.004382
0.005404
0.01125
0.005624
0.007929
0.049264
0.025984
0.032179
0.038267
0.008796
0.00492
0.015154
0.00618
0.005903
0.029935
0.0084
0.022395
0.007782
0.013929
0.006141
0.005863
0.030153
0.005863
0.005863
0.016325
0.005863
0.006004
0.006331
0.006004
0.01777
0.005015
0.005015
0.008061
0.004764
0.006381
0.01381
0.006321
0.009745
0.006017
0.00659
0.0216
0.006017
0.026327
0.019943
0.014376
0.009035
0.006485
0.007109
0.007711
0.006485
0.010876
0.010876
0.001083
0.001116
0.004085
0.007566
0.006794
0.009488
0.005134
0.003453
0.010858
0.010356
0.00474
0.019992
0.024792
0.006263
0.067601
0.014205
0.016491
0.021129
0.025582
0.005659
0.021946
0.006775
0.006775
0.01595
0.016946
0.024232
0.02086
0.010602
0.006686
0.003131
0.007863
0.004759
0.005355
0.005377
0.005939
0.007633
0.007404
0.009914
0.026163
0.005381
0.001083
0.001116
0.0316
0.005948
0.005674
0.00782
0.016656
0.007291
0.001083
0.001116
0.005684
0.005362
0.005044
0.005362
0.003976
0.00704
0.00865
0.009905
0.024557
0.004117
0.004997
0.004463
0.012095
0.0096
0.003731
0.00455
0.00301
0.008473
0.016304
0.006284
0.11013
0.003451
0.021389
0.00834
0.007961
0.013751
0.005525
0.001083
0.001116
0.003518
0.012285
0.008456
0.007643
0.005321
0.005028
0.005028
0.007239
0.006672
0.008555
0.009025
0.008831
0.007394
0.010873
0.00849
0.006599
0.00849
0.007736
0.004481
0.006805
0.009354
0.020124
0.019037
0.004506
0.015516
0.187281
0.013074
0.020664
0.017593
0.012555
0.00977
0.014856
0.028357
0.014269
0.014154
0.016769
0.051398
0.011861
0.257775
0.007769
0.001227
0.001253
0.00127
0.005118
0.008911
0.007769
0.010595
0.011148
0.011684
0.015444
0.015459
0.012576
0.01832
0.099584
0.010164
0.010164
0.01523
0.020038
0.093656
0.011928
0.016305
0.020109
0.008524
0.0126
0.004632
0.0074
0.005605
0.005605
0.011639
0.007974
0.011328
0.008328
0.010541
0.009257
0.006181
0.006181
0.00468
0.007636
0.001083
0.001116
0.006608
0.005613
0.006976
0.004104
0.006245
0.010144
0.013317
0.009653
0.006364
0.003769
0.004978
0.00438
0.001255
0.001289
0.001339
0.001381
0.001279
0.001176
0.001189
0.047416
0.010333
0.006977
0.004527
0.001083
0.001116
0.001083
0.001116
0.020519
0.041791
0.00347
0.005675
0.006527
0.014943
0.017595
0.005435
0.003162
0.006751
0.00509
0.005668
0.003218
0.004125
0.007491
0.009567
0.004714
0.006022
0.001134
0.001128
0.00128
0.007742
0.005069
0.018657
0.00615
0.020169
0.007541
0.056446
0.019168
0.00121
0.001277
0.001315
0.001341
0.001359
0.013427
0.0061
0.009167
0.006948
0.006679
0.008542
0.007308
0.004299
0.00543
0.006803
0.005396
0.005158
0.008131
0.014027
0.045245
0.014776
0.020792
0.00626
0.014072
0.00745
0.010984
0.013476
0.012716
0.015882
0.006611
0.006348
0.006056
0.007788
0.006056
0.013819
0.009359
0.007652
0.009224
0.06944
0.017518
0.011648
0.007659
0.003329
0.006619
0.00638
0.021732
0.011
0.007819
0.005621
0.010131
0.01099
0.014396
0.008749
0.007833
0.005319
0.003633
0.003633
0.008196
0.00519
0.00703
0.006757
0.005324
0.007578
0.00928
0.00572
0.007462
0.006075
0.009013
0.006915
0.013191
0.005966
0.00623
0.127805
0.011406
0.018208
0.001166
0.001221
0.001252
0.001273
0.004517
0.008084
0.005782
0.00481
0.006636
0.009029
0.006737
0.005351
0.009914
0.008258
0.00788
0.020892
0.041063
0.052145
0.008878
0.005591
0.006491
0.00889
0.025205
0.01801
0.009195
0.0713
0.008052
0.046517
0.013333
0.010617
0.013566
0.006021
0.006021
0.006021
0.006291
0.017901
0.001083
0.001116
0.010517
0.044178
0.006725
0.009144
0.007055
0.011598
0.005751
0.006321
0.028129
0.046373
0.0095
0.004439
0.005135
0.015274
0.004704
0.012032
0.0098
0.004424
0.00651
0.006979
0.00651
0.00651
0.009583
0.007375
0.004828
0.018472
0.017284
0.018301
0.019703
0.057456
0.062919
0.017284
0.005151
0.006617
0.006944
0.004358
0.005324
0.005099
0.007546
0.005349
0.007118
0.015401
0.006613
0.008636
0.01211
0.007341
0.004957
0.004957
0.019768
0.008613
0.047017
0.011783
0.061582
0.033503
0.017328
0.008226
0.008226
0.008226
0.010436
0.008226
0.01125
0.005577
0.018815
0.006365
0.009598
0.005831
0.012805
0.319859
0.01086
0.007378
0.080129
0.007643
0.001083
0.001116
0.007387
0.016941
0.007205
0.00969
0.012539
0.006594
0.027601
0.013764
0.0102
0.048138
0.008025
0.013389
0.019604
0.009305
0.006524
0.006281
0.008653
0.017405
0.009183
0.010106
0.01417
0.011683
0.016391
0.004186
0.004186
0.010184
0.06218
0.04091
0.006538
0.004876
0.009911
0.00542
0.007917
0.001335
0.001319
0.001265
0.001265
0.001316
0.001033
0.001149
0.001173
0.001196
0.00594
0.007338
0.006002
0.013892
0.007944
0.003993
0.00317
0.004281
0.006219
0.009077
0.005965
0.006449
0.006449
0.03044
0.010142
0.016127
0.017309
0.004277
0.00543
0.007554
0.005816
0.001166
0.001221
0.001252
0.001273
0.001105
0.001145
0.00123
0.00116
0.00118
0.007722
0.010533
0.008219
0.0074
0.0074
0.010248
0.010248
0.0074
0.005994
0.014023
0.007203
0.005543
0.012958
0.007029
0.011046
0.014439
0.005337
0.005337
0.005328
0.022314
0.012055
0.005
0.098098
0.016099
0.007578
0.003436
0.001083
0.001116
0.004877
0.006822
0.004805
0.014623
0.005087
0.042051
0.012168
0.005771
0.007949
0.007949
0.005274
0.004538
0.033743
0.010807
0.008983
0.006223
0.005781
0.005781
0.005559
0.00624
0.005983
0.009623
0.005983
0.008247
0.016437
0.024511
0.007809
0.001083
0.001116
0.00796
0.012041
0.007253
0.011569
0.040305
0.005498
0.024789
0.005883
0.005902
0.007736
0.001083
0.001116
0.009316
0.010519
0.01245
0.010522
0.004293
0.006279
0.001221
0.001172
0.001235
0.010478
0.009505
0.031359
0.013596
0.008889
0.008889
0.00691
0.00537
0.005101
0.005853
0.006767
0.009712
0.006979
0.005437
0.009197
0.010811
0.004636
0.004373
0.001083
0.001116
0.032561
0.025936
0.00679
0.012484
0.004657
0.005886
0.005815
0.004592
0.001083
0.001116
0.040213
0.022988
0.005774
0.007957
0.004729
0.008577
0.010524
0.007407
0.027551
0.034856
0.011718
0.052006
0.004773
0.007215
0.010775
0.007215
0.009076
0.005561
0.007193
0.010378
0.001063
0.001144
0.001113
0.007373
0.007373
0.005336
0.005336
0.005336
0.008634
0.00598
0.00598
0.00598
0.00598
0.008286
0.006748
0.010653
0.014975
0.012252
0.005769
0.004629
0.006186
0.004117
0.019047
0.014456
0.007991
0.005092
0.007673
0.009548
0.009212
0.004506
0.005465
0.004233
0.00907
0.006291
0.010179
0.012378
0.004781
0.004781
0.004781
0.005301
0.005301
0.014444
0.009963
0.01623
0.009286
0.014386
0.004669
0.005001
0.007678
0.00419
0.00419
0.009398
0.008164
0.006131
0.006131
0.014791
0.178955
0.008313
0.00679
0.009094
0.006198
0.009094
0.008618
0.020602
0.026623
0.006525
0.007929
0.01193
0.016295
0.020371
0.008595
0.013796
0.01756
0.021063
0.005755
0.004266
0.010972
0.016697
0.01604
0.011186
0.008172
0.015316
0.007468
0.004135
0.015604
0.011074
0.025918
0.018003
0.021748
0.025543
0.029314
0.004968
0.01552
0.00586
0.005746
0.025638
0.008127
0.008299
0.007057
0.004463
0.004686
0.0062
0.00601
0.004463
0.001083
0.001116
0.007322
0.008054
0.010856
0.007858
0.005053
0.011248
0.005597
0.007707
0.005617
0.035641
0.001083
0.001116
0.005069
0.0056
0.001083
0.001116
0.005705
0.007944
0.010118
0.014082
0.012948
0.004862
0.006423
0.010166
0.006275
0.005645
0.005571
0.006779
0.006306
0.020532
0.006033
0.010998
0.008029
0.006033
0.006033
0.014448
0.009774
0.00544
0.029407
0.006733
0.00889
0.010379
0.010379
0.012865
0.001083
0.001116
0.014747
0.005059
0.005417
0.004577
0.006108
0.009591
0.005835
0.008416
0.008274
0.001088
0.001123
0.001277
0.00131
0.001322
0.001331
0.001227
0.001321
0.005823
0.007674
0.010119
0.008334
0.014531
0.005554
0.00824
0.025101
0.005898
0.004329
0.001268
0.001299
0.001319
0.001334
0.001211
0.005443
0.019055
0.014542
0.031549
0.012976
0.025825
0.009634
0.009602
0.017046
0.006555
0.008146
0.001121
0.001218
0.001271
0.001097
0.001125
0.01357
0.006878
0.00992
0.005552
0.005098
0.007588
0.005335
0.020386
0.002439
0.003864
0.006228
0.005485
0.005485
0.004402
0.001083
0.001116
0.009402
0.005477
0.005613
0.016833
0.004317
0.011762
0.004626
0.007894
0.004344
0.006437
0.012947
0.022094
0.013491
0.016413
0.005522
0.005868
0.010384
0.01384
0.007672
0.026013
0.005751
0.020679
0.010678
0.001083
0.001116
0.001171
0.001228
0.00126
0.001307
0.001087
0.006007
0.013564
0.006558
0.004714
0.017085
0.008154
0.023313
0.008635
0.009069
0.013987
0.005013
0.006776
0.001123
0.001167
0.001192
0.007231
0.010142
0.013056
0.006201
0.0253
0.009363
0.010657
0.019198
0.003565
0.004791
0.005616
0.010516
0.007623
0.014015
0.004642
0.00443
0.006052
0.008027
0.016411
0.005136
0.014734
0.014255
0.018557
0.001083
0.001116
0.006137
0.008886
0.013211
0.005614
0.012635
0.006598
0.012029
0.004192
0.005715
0.00401
0.004192
0.005715
0.007671
0.001166
0.001221
0.001252
0.001273
0.005209
0.001083
0.001116
0.004827
0.059389
0.019973
0.005103
0.006222
0.006222
0.005153
0.007233
0.007297
0.009538
0.007825
0.031484
0.007825
0.021371
0.009165
0.025456
0.007202
0.001083
0.001116
0.003948
0.004332
0.001079
0.001187
0.001329
0.001256
0.00131
0.001276
0.001319
0.00129
0.015401
0.006904
0.016916
0.009671
0.008845
0.012598
0.014138
0.017094
0.010869
0.021576
0.025005
0.013653
0.004632
0.001083
0.001116
0.006198
0.009009
0.007152
0.010279
0.004926
0.01734
0.006663
0.004569
0.00621
0.00621
0.00621
0.00621
0.001122
0.001166
0.001226
0.001097
0.007537
0.006
0.010344
0.006562
0.010914
0.033645
0.01923
0.022682
0.025729
0.028652
0.031321
0.03376
0.005705
0.004756
0.00121
0.001277
0.001315
0.001341
0.001359
0.001083
0.001116
0.005682
0.004414
0.00564
0.005682
0.003653
0.001083
0.001116
0.005074
0.006998
0.004814
0.004814
0.001083
0.001116
0.009102
0.008408
0.011701
0.010507
0.008603
0.007031
0.007031
0.007031
0.005027
0.004616
0.008108
0.018333
0.011938
0.030457
0.004938
0.01572
0.008988
0.006031
0.012173
0.004339
0.00575
0.009429
0.006678
0.006572
0.008299
0.005574
0.005167
0.006172
0.061812
0.001083
0.001116
0.006347
0.00428
0.00566
0.005899
0.00913
0.013064
0.009345
0.008035
0.007304
0.007304
0.010036
0.011998
0.007304
0.010549
0.005745
0.008478
0.004631
0.006014
0.005578
0.004529
0.012701
0.005269
0.005251
0.010509
0.007324
0.006458
0.072789
0.006378
0.006378
0.008763
0.008184
0.004945
0.019737
0.00687
0.01355
0.007065
0.010689
0.004679
0.003615
0.015954
0.014444
0.005498
0.013555
0.005918
0.006838
0.006838
0.017787
0.001083
0.001116
0.012259
0.007074
0.007722
0.022293
0.015739
0.00865
0.011434
0.001083
0.001116
0.0103
0.015119
0.008985
0.02466
0.012538
0.019843
0.009914
0.008921
0.014242
0.004207
0.013955
0.005356
0.008724
0.007445
0.00902
0.014685
0.011118
0.00798
0.005014
0.010174
0.013158
0.004326
0.006462
0.0063
0.008075
0.007285
0.001123
0.001167
0.001192
0.004972
0.006362
0.005025
0.006802
0.008419
0.011522
0.007654
0.005177
0.004997
0.004997
0.001083
0.001116
0.005273
0.007197
0.019885
0.009487
0.025745
0.004083
0.020089
0.012974
0.015617
0.015296
0.016509
0.012647
0.004702
0.015207
0.006194
0.001123
0.001167
0.001192
0.00553
0.006949
0.011447
0.00527
0.010613
0.00551
0.028652
0.008886
0.011522
0.007946
0.014267
0.001413
0.001486
0.001463
0.001463
0.001452
0.001452
0.001303
0.00521
0.006708
0.004968
0.001083
0.001116
0.006522
0.009185
0.004125
0.009695
0.005428
0.043596
0.004627
0.032295
0.026513
0.009884
0.013953
0.003694
0.005055
0.004054
0.005207
0.005207
0.005207
0.005438
0.008062
0.005207
0.011223
0.008086
0.008086
0.005477
0.005477
0.005477
0.007967
0.005477
0.001083
0.001116
0.001083
0.001116
0.001021
0.001158
0.001219
0.001253
0.00135
0.001083
0.001116
0.001256
0.001225
0.001225
0.001225
0.008583
0.008328
0.006293
0.010658
0.008814
0.011094
0.015748
0.03909
0.005558
0.007193
0.009244
0.013047
0.008079
0.016526
0.019687
0.006543
0.010578
0.007321
0.019675
0.014185
0.006599
0.008586
0.007566
0.006184
0.008922
0.008922
0.006062
0.00611
0.00611
0.007417
0.005912
0.001102
0.001141
0.001223
0.001297
0.00129
0.009943
0.027029
0.011455
0.007391
0.007391
0.006242
0.005282
0.012155
0.038145
0.006941
0.004389
0.004389
0.006137
0.003838
0.004308
0.003838
0.004959
0.006157
0.007766
0.011397
0.009949
0.013148
0.012591
0.007206
0.01294
0.005774
0.008475
0.005774
0.001083
0.001116
0.007035
0.006158
0.009082
0.006016
0.012019
0.010213
0.004572
0.006885
0.007562
0.011031
0.014621
0.001083
0.001116
0.004454
0.006847
0.011043
0.01403
0.016431
0.004736
0.008832
0.008831
0.020704
0.016321
0.006877
0.005955
0.004296
0.00118
0.001194
0.001194
0.001295
0.001159
0.001176
0.006066
0.006272
0.005167
0.008139
0.017807
0.008139
0.005029
0.006362
0.009662
0.010499
0.007407
0.031768
0.001083
0.001116
0.012078
0.007487
0.005542
0.005542
0.003402
0.005867
0.004829
0.010725
0.008524
0.011263
0.011497
0.005002
0.001083
0.001116
0.007496
0.013771
0.027208
0.044631
0.018095
0.018105
0.038346
0.017375
0.013282
0.00792
0.009793
0.005425
0.001166
0.001166
0.001166
0.026444
0.016423
0.007766
0.007275
0.007275
0.007727
0.004892
0.009757
0.008335
0.011545
0.004194
0.006168
0.012683
0.006479
0.009829
0.004179
0.004164
0.005224
0.006216
0.001083
0.001116
0.001083
0.001116
0.006494
0.009481
0.001377
0.001442
0.001406
0.001334
0.00132
0.001406
0.001145
0.001083
0.001116
0.009557
0.012937
0.007613
0.011207
0.001123
0.001167
0.001192
0.005266
0.004136
0.006017
0.013104
0.00407
0.006832
0.01253
0.003217
0.007216
0.00618
0.005736
0.005931
0.005931
0.005931
0.006342
0.003551
0.007594
0.010366
0.005921
0.007807
0.009514
0.009622
0.0092
0.010025
0.00879
0.013226
0.015981
0.020309
0.027065
0.025017
0.009367
0.009
0.005867
0.005687
0.007363
0.005526
0.008895
0.060118
0.009411
0.004728
0.004728
0.004728
0.008736
0.01165
0.007568
0.006518
0.00645
0.004382
0.005484
0.029876
0.005482
0.001083
0.001116
0.005326
0.005547
0.006643
0.011536
0.015488
0.006094
0.00429
0.00622
0.00562
0.001083
0.001116
0.009256
0.005877
0.006858
0.006858
0.014719
0.007271
0.009247
0.005778
0.004055
0.001123
0.001167
0.001192
0.007931
0.008205
0.007149
0.009966
0.031349
0.035403
0.010263
0.01171
0.00456
0.00456
0.011456
0.006172
0.011452
0.007396
0.007396
0.005244
0.005244
0.004574
0.004574
0.004574
0.004574
0.014453
0.019028
0.004792
0.006817
0.006817
0.003373
0.003884
0.012626
0.007867
0.011366
0.018008
0.00862
0.01112
0.005848
0.005848
0.010096
0.00958
0.006003
0.008958
0.022327
0.011545
0.011973
0.006124
0.00633
0.061885
0.005922
0.00566
0.008319
0.004853
0.001294
0.00128
0.001278
0.00128
0.001278
0.006836
0.009164
0.011291
0.005806
0.006483
0.005354
0.005549
0.007565
0.009641
0.004946
0.003775
0.009705
0.012174
0.010061
0.038514
0.001268
0.001407
0.001377
0.001377
0.001377
0.001183
0.005523
0.004579
0.006273
0.012051
0.015435
0.015238
0.018525
0.027669
0.010889
0.001083
0.001116
0.016747
0.001123
0.001167
0.001192
0.006922
0.008359
0.012011
0.015345
0.11491
0.009843
0.022218
0.009843
0.007233
0.012565
0.023601
0.017604
0.005001
0.005001
0.005518
0.005109
0.003697
0.006633
0.004379
0.00763
0.00666
0.004786
0.003415
0.021547
0.008456
0.005953
0.007764
0.005696
0.007757
0.006879
0.010079
0.006879
0.010838
0.004828
0.001123
0.001167
0.001192
0.006927
0.001083
0.001116
0.010413
0.005373
0.005373
0.00846
0.018488
0.009229
0.014845
0.012109
0.017378
0.036128
0.00482
0.007002
0.008354
0.008659
0.004081
0.013814
0.007623
0.007623
0.014482
0.011128
0.019261
0.011877
0.005594
0.015601
0.002776
0.005027
0.003868
0.009754
0.009293
0.012224
0.005568
0.001187
0.001199
0.001145
0.00947
0.00947
0.004501
0.006439
0.006451
0.0127
0.009996
0.005078
0.004182
0.010095
0.005395
0.005395
0.001063
0.001144
0.001113
0.007508
0.009735
0.011983
0.004616
0.004616
0.004616
0.004616
0.001123
0.001167
0.001192
0.006164
0.006474
0.005067
0.012306
0.007684
0.009665
0.007437
0.020834
0.027687
0.007169
0.009303
0.006308
0.011444
0.01147
0.018129
0.01443
0.001083
0.001116
0.009321
0.001166
0.001221
0.001252
0.001273
0.001083
0.001116
0.005823
0.008442
0.010703
0.004446
0.011908
0.007847
0.005314
0.004194
0.023219
0.009558
0.013285
0.00459
0.005113
0.007324
0.007192
0.018372
0.012544
0.01495
0.005603
0.004072
0.008018
0.011666
0.015275
0.018608
0.021756
0.005411
0.022187
0.004792
0.001033
0.001149
0.001173
0.001196
0.008427
0.008427
0.008821
0.008193
0.010775
0.001166
0.001166
0.001166
0.004933
0.006591
0.001083
0.001116
0.004353
0.004115
0.005702
0.007064
0.004461
0.004766
0.004766
0.005729
0.005729
0.006232
0.007238
0.009706
0.007701
0.008659
0.006707
0.001083
0.001116
0.001093
0.00117
0.001242
0.001224
0.001174
0.001083
0.001116
0.00462
0.006618
0.004436
0.001166
0.001166
0.001166
0.009018
0.013002
0.001083
0.001116
0.004665
0.006177
0.007549
0.007549
0.007549
0.007209
0.007362
0.001189
0.001203
0.001246
0.00123
0.006593
0.006593
0.004205
0.00553
0.00553
0.005023
0.001083
0.001116
0.001166
0.001166
0.001166
0.005211
0.014759
0.011999
0.008815
0.013955
0.004645
0.008123
0.01362
0.002909
0.001083
0.001116
0.006472
0.004239
0.004239
0.0041
0.009944
0.005087
0.006898
0.001083
0.001116
0.001083
0.001116
0.004637
0.007945
0.005856
0.004637
0.005856
0.006652
0.006245
0.009184
0.012014
0.00121
0.001277
0.001315
0.001341
0.001359
0.001123
0.001167
0.001192
0.001226
0.001242
0.001191
0.001253
0.009915
0.007169
0.004432
0.004432
0.004432
0.001083
0.001116
0.007312
0.006943
0.005897
0.00773
0.006984
0.004526
0.004526
0.007207
0.007207
0.001563
0.001529
0.001437
0.001523
0.001437
0.001523
0.001437
0.001567
0.001459
0.007933
0.006886
0.009325
0.001166
0.001221
0.001252
0.001273
0.012729
0.004964
0.006538
0.016146
0.011829
0.007009
0.00801
0.001037
0.001107
0.001176
0.001355
0.001415
0.001453
0.001262
0.001479
0.001499
0.001514
0.001083
0.001116
0.001083
0.001116
0.005717
0.001335
0.001319
0.001316
0.001265
0.001265
0.005139
0.006765
0.001033
0.001149
0.001173
0.001196
0.004505
0.006728
0.018457
0.005374
0.004662
0.013848
0.007172
0.00959
0.006817
0.004069
0.003406
0.007199
0.008859
0.012426
0.015614
0.025383
0.004351
0.005549
0.015456
0.00405
0.005398
0.007913
0.005348
0.005513
0.001083
0.001116
0.015069
0.007368
0.00634
0.009117
0.006046
0.007158
0.006569
0.018261
0.001274
0.00136
0.001409
0.00142
0.001468
0.001459
0.005908
0.007491
0.004602
0.010736
0.007893
0.007893
0.007893
0.001083
0.001116
0.007921
0.004894
0.009368
0.004595
0.018454
0.009925
0.005335
0.005335
0.003303
0.004944
0.005554
0.004375
0.007264
0.005384
0.005035
0.008039
0.01051
0.004563
0.00847
0.007248
0.009697
0.011827
0.006911
0.009545
0.001083
0.001116
0.005248
0.005346
0.005223
0.005216
0.005216
0.004972
0.004972
0.009116
0.004972
0.006682
0.004034
0.015425
0.006347
0.001083
0.001116
0.003949
0.011241
0.011886
0.024808
0.010841
0.003592
0.001063
0.001144
0.001113
0.051338
0.005621
0.005621
0.005911
0.007416
0.001083
0.001116
0.00733
0.001226
0.001242
0.001253
0.001191
0.008514
0.00459
0.011242
0.006044
0.007979
0.005242
0.004041
0.001083
0.001116
0.010696
0.006222
0.00739
0.007769
0.010629
0.005618
0.008644
0.004252
0.005561
0.00407
0.001123
0.001167
0.001192
0.00631
0.001083
0.001116
0.005989
0.034857
0.001179
0.001193
0.001298
0.001314
0.001143
0.001211
0.008985
0.013678
0.001094
0.001083
0.001116
0.001083
0.001116
0.001123
0.001167
0.001192
0.007082
0.006025
0.006709
0.009177
0.007974
0.004423
0.005535
0.005535
0.001083
0.001116
0.001083
0.001116
0.001083
0.001116
0.001083
0.001116
0.005545
0.006983
0.011611
0.010456
0.008242
0.007267
0.005767
0.009887
0.007669
0.012484
0.006027
0.003847
0.008385
0.007415
0.004043
0.004043
0.005698
0.006126
0.004288
0.00729
0.006352
0.006352
0.00851
0.011911
0.00851
0.027925
0.005645
0.005645
0.005645
0.006172
0.001083
0.001116
0.001083
0.001116
0.007266
0.009584
0.011949
0.014162
0.005048
0.01625
0.006312
0.009234
0.011778
0.014316
0.016607
0.013695
0.006858
0.00931
0.006485
0.007402
0.006356
0.01001
0.005774
0.005587
0.005347
0.007586
0.009694
0.012281
0.009219
0.008603
0.022121
0.007031
0.001083
0.001116
0.013834
0.019687
0.001226
0.001242
0.001253
0.001191
0.005337
0.006966
0.001083
0.001116
0.005562
0.016871
0.021544
0.012037
0.031225
0.016408
0.018346
0.009236
0.014822
0.001123
0.001167
0.001192
0.007345
0.009986
0.006276
0.005729
0.012475
0.008008
0.009421
0.004759
0.004759
0.005542
0.004359
0.006966
0.006966
0.013123
0.001166
0.001166
0.001166
0.006042
0.038577
0.046669
0.007883
0.01147
0.005495
0.010867
0.009349
0.003666
0.003666
0.005264
0.007039
0.004517
0.006625
0.006625
0.010268
0.010268
0.009577
0.005954
0.007947
0.010041
0.010041
0.006913
0.005341
0.007308
0.029834
0.03161
0.031672
0.031672
0.048335
0.089074
0.027366
0.031814
0.038758
0.011124
0.007686
0.006249
0.012041
0.01588
0.004748
0.006634
0.009782
0.003555
0.005047
0.006786
0.006074
0.00409
0.007729
0.011414
0.01694
0.006076
0.006076
0.019296
0.021208
0.006076
0.025387
0.015972
0.029254
0.03285
0.005276
0.001083
0.001116
0.001083
0.001116
0.001083
0.001116
0.010109
0.005107
0.00742
0.001083
0.001116
0.004784
0.001083
0.001116
0.001083
0.001116
0.001083
0.001116
0.006227
0.006504
0.01479
0.011405
0.004585
0.005726
0.004381
0.003914
0.011658
0.015284
0.018611
0.001123
0.001167
0.001192
0.006011
0.003269
0.002734
0.004354
0.00343
0.005028
0.004295
0.005465
0.010622
0.007065
0.005414
0.006897
0.006945
0.009157
0.011225
0.013032
0.008092
0.005783
0.004107
0.01625
0.018529
0.003999
0.003999
0.005354
0.009015
0.001083
0.001116
0.015561
0.008608
0.080218
0.00415
0.005859
0.007755
0.00852
0.012217
0.008137
0.008137
0.006396
0.007848
0.010745
0.008922
0.006701
0.001123
0.001167
0.001192
0.004496
0.007968
0.005134
0.012801
0.004995
0.005473
0.004754
0.007554
0.009074
0.005048
0.005955
0.001083
0.001116
0.003154
0.01308
0.011231
0.008954
0.006866
0.006426
0.004729
0.004729
0.005657
0.005657
0.005452
0.004931
0.00572
0.008222
0.005476
0.004881
0.006487
0.007846
0.010791
0.005581
0.003956
0.00665
0.00665
0.001105
0.001238
0.001244
0.001195
0.001209
0.008288
0.010736
0.003539
0.004856
0.005807
0.001079
0.006955
0.007135
0.001083
0.001116
0.005951
0.001101
0.001228
0.001234
0.001278
0.001274
0.001083
0.001116
0.00628
0.00628
0.00628
0.009502
0.009502
0.008497
0.00799
0.006707
0.001122
0.001219
0.001234
0.001125
0.00472
0.001083
0.001116
0.001166
0.001221
0.001252
0.001273
0.005266
0.004397
0.01021
0.00721
0.006
0.004374
0.005684
0.007965
0.005106
0.001166
0.001166
0.001166
0.001083
0.001116
0.00536
0.001083
0.001116
0.005948
0.006783
0.001082
0.001152
0.001439
0.001387
0.00142
0.001379
0.001424
0.001413
0.001533
0.001408
0.001376
0.001527
0.00166
0.004653
0.001083
0.001116
0.004903
0.004903
0.005662
0.006005
0.012659
0.006972
0.004604
0.00694
0.008657
0.012674
0.010045
0.011724
0.015285
0.008563
0.009677
0.003967
0.005396
0.005774
0.005322
0.007619
0.009884
0.008127
0.012927
0.017244
0.005057
0.007282
0.01145
0.006785
0.009144
0.007707
0.008649
0.006325
0.009825
0.00654
0.007483
0.00837
0.006328
0.005426
0.001083
0.001116
0.011741
0.001083
0.001116
0.006758
0.005119
0.006464
0.004863
0.005516
0.001083
0.001116
0.006373
0.008568
0.006719
0.004493
0.00579
0.006691
0.010071
0.005363
0.006
0.006483
0.00517
0.00365
0.0052
0.008339
0.013345
0.01055
0.016342
0.011656
0.001083
0.001116
0.001083
0.001116
0.004355
0.005603
0.005603
0.005804
0.006845
0.006845
0.001083
0.001116
0.004216
0.006605
0.006605
0.006743
0.001181
0.001198
0.001341
0.00121
0.005441
0.004873
0.001083
0.001116
0.005725
0.004676
0.00537
0.005038
0.001083
0.001116
0.006509
0.006509
0.004975
0.006607
0.00798
0.004096
0.008557
0.011927
0.0104
0.014437
0.004193
0.005927
0.006869
0.001083
0.001116
0.004412
0.001405
0.001063
0.001144
0.001113
0.001083
0.001116
0.009074
0.008649
0.01107
0.013496
0.015731
0.007545
0.005165
0.005165
0.001083
0.001116
0.001083
0.001116
0.00629
0.016548
0.004827
0.028439
0.008538
0.001083
0.001116
0.00126
0.001288
0.001222
0.001222
0.001099
0.001389
0.001175
0.001389
0.007821
0.004988
0.001028
0.001281
0.001305
0.001305
0.001301
0.001255
0.001301
0.005123
0.001083
0.001116
0.001239
0.001244
0.001193
0.006386
0.001166
0.001221
0.001252
0.001273
0.007814
0.007814
0.008
0.008367
0.011962
0.006617
0.008041
0.004441
0.004748
0.003473
0.004572
0.00638
0.00368
0.001083
0.001116
0.003886
0.001169
0.001191
0.004275
0.004275
0.008112
0.006506
0.003261
0.007256
0.006389
0.008645
0.008645
0.001166
0.001166
0.001166
0.001083
0.001116
0.006992
0.00611
0.004661
0.011363
0.005408
0.007262
0.005235
0.006124
0.001057
0.001182
0.001152
0.001152
0.007743
0.006357
0.004473
0.001123
0.001167
0.001192
0.005229
0.003614
0.005214
0.004448
0.001083
0.001116
0.004953
0.005503
0.010147
0.012519
0.006937
0.005498
0.004467
0.001226
0.001242
0.001253
0.001191
0.006679
0.004268
0.00336
0.001166
0.001221
0.001252
0.001273
0.007516
0.001083
0.001116
0.003283
0.001083
0.001116
0.005671
0.008412
0.001083
0.001116
0.004376
0.003488
0.004931
0.005949
0.010616
0.007519
0.004913
0.006074
0.001083
0.001116
0.001083
0.001116
0.007293
0.010486
0.001083
0.001116
0.007938
0.007105
0.011325
0.004718
0.00466
0.006033
0.004431
0.004431
0.004562
0.004709
0.00656
0.004337
0.008175
0.001123
0.001167
0.001192
0.004429
0.006613
0.008807
0.005972
0.007385
0.005644
0.008591
0.004869
0.001083
0.001116
0.006945
0.006945
0.001123
0.001167
0.001192
0.003956
0.001083
0.001116
0.001166
0.001166
0.001166
0.001256
0.001225
0.001225
0.001225
0.004411
0.004411
0.001123
0.001167
0.001192
0.001083
0.001116
0.001123
0.001167
0.001192
0.005898
0.005898
0.007125
0.005521
0.007568
0.001083
0.001116
0.001171
0.001228
0.00126
0.001307
0.001087
0.001296
0.001281
0.001281
0.001318
0.001233
0.005
0.005
0.001083
0.001116
0.003692
0.004684
0.009097
0.005111
0.006587
0.007816
0.00395
0.001083
0.001116
0.007018
0.001083
0.001116
0.001083
0.001116
0.001083
0.001116
0.006466
0.009236
0.012251
0.003472
0.006046
0.008214
0.006077
0.001256
0.001225
0.001225
0.001225
0.007059
0.008012
0.009788
0.012636
0.004785
0.010059
0.010587
0.010587
0.015223
0.013753
0.015223
0.002778
0.002421
0.007816
0.010009
0.005123
0.001083
0.001116
0.005166
0.006848
0.002477
0.00296
0.001166
0.001221
0.001252
0.001273
0.001166
0.001221
0.001252
0.001273
0.004247
0.002614
0.003132
0.004925
0.001083
0.001116
0.001166
0.001221
0.001252
0.001273
0.004621
0.005272
0.001083
0.001116
0.003488
0.004468
0.004154
0.004154
0.001083
0.001116
0.005951
0.004901
0.004901
0.001083
0.001116
0.00826
0.004881
0.004637
0.001083
0.001116
0.004363
0.001083
0.001116
0.001083
0.001116
0.004885
0.001166
0.001166
0.001166
0.004658
0.00486
0.00486
0.001083
0.001116
0.005308
0.004864
0.001063
0.001144
0.001113
0.001083
0.001116
0.004879
0.006831
0.00351
0.004437
0.003346
0.001123
0.001167
0.001192
0.005615
0.005571
0.008198
0.010893
0.024763
0.045601
0.068683
0.091419
0.114276
0.135835
0.155996
0.174798
0.192298
0.208582
0.222618
0.235011
0.246535
0.257277
0.267317
0.276722
0.285552
0.293861
0.301695
0.309096
0.316101
0.322742
0.329049
0.001083
0.001116
0.00144
0.001479
0.001361
0.001506
0.001526
0.001541
0.001331
0.001553
0.001166
0.001221
0.001252
0.001273
0.004935
0.159045
0.007155
0.001083
0.001116
0.005576
0.007497
0.001083
0.001116
0.008801
0.001123
0.001167
0.001192
0.005951
0.001083
0.001116
0.001063
0.001144
0.001113
0.004269
0.001108
0.001297
0.001293
0.001252
0.001203
0.001293
0.001088
0.001379
0.001287
0.001382
0.001389
0.001396
0.001287
0.013255
0.00415
0.00415
0.00415
0.001083
0.001116
0.006068
0.001123
0.001167
0.001192
0.001083
0.001116
0.004732
0.008214
0.006707
0.001226
0.001242
0.001253
0.001191
0.001083
0.001116
0.001083
0.001116
0.003379
0.005594
0.007255
0.010079
0.012854
0.006617
0.00121
0.001277
0.001315
0.001341
0.001359
0.004264
0.001083
0.001116
0.005005
0.006344
0.007478
0.003966
0.005595
0.004638
0.001063
0.001144
0.001113
0.006299
0.001083
0.001116
0.00533
0.007886
0.008848
0.014722
0.006423
0.007156
0.001166
0.001166
0.001166
0.007024
0.00405
0.001166
0.001166
0.001166
0.00519
0.004568
0.006007
0.001189
0.001251
0.001253
0.001253
0.005885
0.001083
0.001116
0.001083
0.001116
0.005562
0.007117
0.007118
0.001028
0.001135
0.00125
0.001254
0.001083
0.001116
0.004276
0.001083
0.001116
0.005636
0.007984
0.106631
0.001092
0.001251
0.001249
0.00125
0.001275
0.001293
0.001083
0.001116
0.004011
0.006636
0.008745
0.005828
0.008319
0.005574
0.005574
0.001083
0.001116
0.009315
0.005489
0.007547
0.00638
0.00638
0.001166
0.001221
0.001252
0.001273
0.004286
0.001123
0.001167
0.001192
0.001083
0.001116
0.003563
0.001083
0.001116
0.001189
0.001203
0.001203
0.001259
0.00121
0.001277
0.001315
0.001341
0.001359
0.001083
0.001116
0.005181
0.001083
0.001116
0.001166
0.001166
0.001166
0.00113
0.001176
0.001224
0.001329
0.001279
0.001333
0.001409
0.001402
0.001422
0.001083
0.001116
0.005274
0.001083
0.001116
0.00121
0.001277
0.001315
0.001341
0.001359
0.006085
0.012986
0.004413
0.001083
0.001116
0.005942
0.005075
0.006095
0.008594
0.006227
0.001166
0.001221
0.001252
0.001273
0.001083
0.001116
0.001226
0.001242
0.001253
0.001191
0.005235
0.00664
0.001083
0.001116
0.007054
0.009836
0.012258
0.014138
0.005247
0.004151
0.005912
0.001226
0.001242
0.001191
0.001253
0.001083
0.001116
0.001083
0.001116
0.004734
0.004449
0.006182
0.008142
0.001083
0.001116
0.001166
0.001221
0.001252
0.001273
0.00428
0.001166
0.001221
0.001252
0.001273
0.010448
0.001083
0.001116
0.005641
0.001083
0.001116
0.016159
0.001083
0.001116
0.003921
0.00357
0.000935
0.013473
0.00485
0.006441
0.003527
0.001083
0.001116
0.00621
0.004826
0.003388
0.004144
0.005785
0.009358
0.004471
0.006191
0.007699
0.008996
0.006392
0.006819
0.003586
0.006855
0.001123
0.001167
0.001192
0.001083
0.001116
0.005157
0.007047
0.008715
0.00548
0.007976
0.004816
0.001083
0.001116
0.001083
0.001116
0.001063
0.001144
0.001113
0.006546
0.003395
0.001083
0.001116
0.004653
0.005741
0.00422
0.008906
0.010921
0.012793
0.014555
0.01613
0.000935
0.004392
0.001083
0.001116
0.001123
0.001167
0.001192
0.001083
0.001116
0.001083
0.001116
0.001083
0.001116
0.001083
0.001116
0.001083
0.001116
0.001083
0.001116
0.003596
0.001123
0.001167
0.001192
0.008685
0.006947
0.001083
0.001116
0.001083
0.001116
0.006459
0.006492
0.005836
0.005906
0.001083
0.001116
0.004209
0.001123
0.001167
0.001192
0.001123
0.001167
0.001192
0.001083
0.001116
0.00524
0.007019
0.001083
0.001116
0.00516
0.006919
0.004918
0.006296
0.001083
0.001116
0.001083
0.001116
0.005881
0.00431
0.001083
0.001116
0.001083
0.001116
0.004165
0.001083
0.001116
0.004738
0.005757
0.001083
0.001116
0.001186
0.001199
0.001083
0.001116
0.001166
0.001166
0.001166
0.001087
0.003942
0.004345
0.007822
0.001166
0.001221
0.001252
0.001273
0.006549
0.001083
0.001116
0.001083
0.001116
0.001083
0.001116
0.001123
0.001167
0.001192
0.001147
0.001163
0.001123
0.001167
0.001192
0.004702
0.00413
0.001197
0.00121
0.007023
0.001166
0.001166
0.001166
0.001083
0.001116
0.001083
0.001116
0.001083
0.001116
0.004537
0.004935
0.001083
0.001116
0.005329
0.001083
0.001116
0.001083
0.001116
0.001083
0.001116
0.001083
0.001116
0.003611
0.001083
0.001116
0.001083
0.001116
0.001166
0.001166
0.001166
0.003522
0.001083
0.001116
0.001166
0.001221
0.001252
0.001273
0.001083
0.001116
0.001083
0.001116
0.005679
0.00531
0.001083
0.001116
0.001123
0.001167
0.001192
0.001083
0.001116
0.001083
0.001116
0.001166
0.001221
0.001252
0.001273
0.001083
0.001116
0.001083
0.001116
0.001083
0.001116
0.001083
0.001116
0.001083
0.001116
0.001083
0.001116
0.001083
0.001116
0.001083
0.001116
0.004611
0.001123
0.001167
0.001192
0.006306
0.009083
0.01175
0.001083
0.001116
0.001083
0.001116
0.001083
0.001116
0.001083
0.001116
0.001083
0.001116
0.001123
0.001167
0.001192
0.001083
0.001116
0.001083
0.001116
0.004835
0.006443
0.001123
0.001167
0.001192
0.001083
0.001116
0.001123
0.001167
0.001192
0.001083
0.001116
0.001083
0.001116
0.001083
0.001116
0.001166
0.001221
0.001252
0.001273
0.001083
0.001116
0.001123
0.001167
0.001192
0.001083
0.001116
0.001083
0.001116
0.005526
0.004118
0.001083
0.001116
0.005152
0.001083
0.001116
0.001083
0.001116
0.001083
0.001116
0.001166
0.001221
0.001252
0.001273
0.001166
0.001221
0.001252
0.001273
0.001083
0.001116
0.001123
0.001167
0.001192
0.001083
0.001116
0.001083
0.001116
0.001083
0.001116
0.001083
0.001116
0.001123
0.001167
0.001192
0.001083
0.001116
0.001083
0.001116
0.001083
0.001116
0.001083
0.001116
0.001083
0.001116
0.001123
0.001167
0.001192
