0 8
0 104
0 114
0 163
0 273
0 638
0 674
0 700
0 790
0 962
1 261
1 693
1 830
1 865
1 939
1 946
1 970
1 975
2 38
2 212
2 363
2 464
2 814
2 900
2 906
2 918
2 941
2 977
2 984
3 64
3 101
3 498
3 695
3 715
3 779
4 157
4 390
4 452
4 572
4 752
4 795
4 988
4 998
5 104
5 197
5 335
5 430
5 679
5 752
5 856
5 921
5 946
5 957
5 960
6 135
6 163
6 442
6 490
6 905
6 949
7 25
7 502
7 674
7 677
7 760
7 814
7 837
7 987
8 64
8 259
8 275
8 394
8 468
8 469
8 742
8 805
9 94
9 206
9 232
9 281
9 343
9 386
9 547
9 562
9 608
9 643
9 646
9 694
9 910
9 947
9 960
9 964
9 972
9 990
10 12
10 184
10 388
10 571
10 653
10 681
10 691
10 734
10 841
10 927
10 967
11 29
11 146
11 587
11 612
11 735
11 751
11 942
11 972
12 115
12 124
12 203
12 205
12 215
12 278
12 438
12 686
12 735
12 738
12 798
12 810
12 818
12 896
12 960
12 999
13 85
13 172
13 201
13 483
13 541
13 607
13 737
13 746
13 793
13 816
13 905
13 974
14 158
14 438
14 450
14 470
14 568
14 612
14 732
14 751
14 824
14 834
14 895
14 940
15 206
15 460
15 667
15 769
15 808
15 880
15 894
16 166
16 219
16 404
16 458
16 479
16 552
16 948
16 978
16 993
17 51
17 421
17 458
17 502
17 715
17 791
17 814
17 831
17 912
17 941
18 38
18 122
18 149
18 198
18 219
18 614
18 621
18 718
18 775
18 860
18 886
18 929
18 965
18 986
18 989
19 148
19 258
19 499
19 595
19 609
19 819
19 828
19 889
19 894
19 993
19 995
19 998
19 999
20 37
20 99
20 528
20 556
20 620
20 669
20 756
20 874
20 914
20 954
20 965
21 103
21 455
21 495
21 761
21 764
21 893
21 897
21 983
22 63
22 250
22 487
22 521
22 545
22 583
22 644
22 718
22 730
22 796
22 810
22 886
23 102
23 183
23 239
23 252
23 338
23 556
23 690
23 809
23 833
23 897
23 939
23 954
23 980
24 148
24 149
24 342
24 444
24 564
24 565
24 667
24 676
24 695
24 721
24 890
25 429
25 629
25 690
25 712
25 742
25 807
25 863
25 881
25 888
25 955
25 960
25 983
25 990
26 559
26 630
26 768
26 797
26 801
26 830
26 846
26 876
26 995
26 997
27 80
27 133
27 427
27 542
27 573
27 701
27 746
27 839
27 877
28 106
28 269
28 595
28 690
28 732
28 759
28 783
28 940
28 978
28 986
28 993
29 214
29 233
29 435
29 573
29 587
29 601
29 630
29 794
29 821
29 907
29 956
29 979
30 152
30 290
30 493
30 822
30 869
30 952
31 266
31 270
31 290
31 323
31 490
31 756
31 962
32 51
32 228
32 454
32 564
32 576
32 647
32 801
32 830
32 985
32 988
33 282
33 418
33 462
33 467
33 637
33 789
33 802
33 806
33 851
33 906
33 917
33 936
33 985
34 121
34 461
34 533
34 643
34 891
34 939
35 61
35 116
35 491
35 586
35 968
36 285
36 324
36 367
36 538
36 815
36 902
36 984
37 93
37 604
37 628
37 653
37 665
37 667
37 772
37 789
37 826
37 836
37 857
37 896
37 903
37 929
37 941
37 947
37 981
37 996
38 159
38 247
38 270
38 279
38 467
38 759
38 865
38 937
38 996
39 143
39 267
39 330
39 366
39 461
39 531
39 644
39 716
39 726
39 779
39 962
40 309
40 378
40 487
40 505
40 572
40 593
40 680
40 683
40 839
40 908
40 940
40 949
40 950
40 952
40 981
41 439
41 603
41 604
41 803
42 115
42 148
42 432
42 541
42 627
42 676
42 684
42 879
42 881
42 883
42 906
42 907
42 989
43 107
43 352
43 393
43 451
43 581
43 687
43 705
43 724
43 849
43 850
43 879
43 894
43 905
43 970
43 973
43 987
44 151
44 242
44 267
44 526
44 529
44 607
44 704
44 757
44 832
44 893
44 912
44 998
45 137
45 156
45 253
45 368
45 483
45 498
45 617
45 625
45 724
45 736
45 898
45 904
45 935
45 944
45 970
45 990
46 281
46 348
46 379
46 520
46 600
46 911
46 951
46 966
46 977
46 996
46 999
47 110
47 275
47 435
47 470
47 546
47 665
47 687
47 808
47 813
47 880
47 899
47 923
47 969
48 56
48 260
48 278
48 470
48 501
48 699
48 729
48 936
48 965
48 983
49 131
49 136
49 309
49 495
49 516
49 709
50 288
50 291
50 314
50 634
50 680
50 844
50 903
50 987
51 59
51 94
51 468
51 519
51 636
51 666
51 684
51 695
51 711
51 750
51 844
51 847
51 864
51 920
51 953
51 991
52 75
52 205
52 307
52 517
52 610
52 806
52 812
52 855
52 942
52 960
53 174
53 343
53 370
53 379
53 510
53 624
53 673
53 707
53 869
53 921
53 947
53 965
53 974
53 994
54 317
54 508
54 614
54 646
54 861
54 945
54 960
54 970
54 984
55 243
55 311
55 419
55 476
55 518
55 684
55 734
55 768
55 895
55 968
55 969
56 263
56 277
56 323
56 334
56 578
56 626
56 727
56 764
56 796
56 834
56 840
56 917
56 937
56 983
57 318
57 334
57 341
57 358
57 435
57 488
57 562
57 709
57 938
58 59
58 288
58 561
58 784
58 829
58 857
58 858
59 373
59 380
59 470
59 534
59 539
59 805
59 874
60 117
60 156
60 168
60 489
60 512
60 573
60 736
60 802
61 323
61 490
61 806
61 827
61 881
61 887
61 905
61 909
61 942
61 948
61 952
62 179
62 375
62 408
62 434
62 450
62 473
62 498
62 578
62 581
62 707
62 790
62 855
62 936
62 966
62 973
62 982
63 81
63 147
63 183
63 207
63 289
63 469
63 625
63 787
63 828
63 863
63 937
63 988
63 994
64 130
64 161
64 193
64 276
64 769
64 889
64 972
65 115
65 470
65 656
65 786
65 791
65 833
65 851
65 895
65 906
65 984
65 985
66 120
66 214
66 281
66 492
66 543
66 620
66 681
66 682
66 689
66 704
66 812
66 840
66 888
66 922
66 960
66 964
66 987
67 289
67 290
67 332
67 344
67 436
67 526
67 600
67 611
67 631
67 681
67 725
67 801
67 824
67 839
67 930
67 973
67 988
68 331
68 872
68 912
68 916
68 932
68 949
69 126
69 171
69 211
69 323
69 417
69 556
69 622
69 744
69 753
69 766
69 829
69 968
69 970
69 996
70 293
70 422
70 502
70 527
70 626
70 669
70 687
70 718
70 803
70 840
70 858
70 876
70 940
70 995
70 997
71 280
71 660
71 755
71 865
71 866
71 882
71 901
71 934
71 954
71 971
71 973
71 992
72 265
72 441
72 458
72 571
72 614
72 641
72 958
73 240
73 300
73 617
73 619
73 633
73 749
73 760
73 780
73 782
73 883
73 903
73 930
73 974
74 112
74 142
74 275
74 374
74 467
74 608
74 763
74 895
74 918
74 987
75 352
75 559
75 592
75 777
75 856
75 946
75 964
76 281
76 332
76 415
76 547
76 592
76 641
76 659
76 726
76 727
76 770
76 782
76 918
76 935
76 959
76 987
77 260
77 416
77 668
77 872
77 949
77 963
78 294
78 459
78 460
78 468
78 725
78 748
78 785
78 811
78 847
78 873
78 880
78 928
78 971
79 154
79 255
79 341
79 365
79 407
79 524
79 627
79 726
79 820
79 901
79 949
80 172
80 255
80 524
80 652
80 707
80 770
80 778
80 820
80 920
80 940
80 974
80 976
81 94
81 385
81 497
81 557
81 590
81 624
81 682
81 709
81 716
81 906
81 977
82 531
82 615
82 654
82 721
82 998
83 247
83 286
83 401
83 486
83 616
83 759
83 789
83 824
83 878
83 889
83 903
83 912
84 525
84 564
84 599
84 663
84 739
84 827
84 851
84 882
84 891
84 923
85 128
85 396
85 423
85 716
85 831
85 832
85 839
85 873
85 875
85 976
85 996
85 997
86 374
86 396
86 457
86 463
86 617
86 819
86 856
86 870
86 878
86 988
87 185
87 226
87 432
87 628
87 739
87 783
87 934
87 952
88 220
88 630
88 782
88 938
88 941
89 117
89 174
89 197
89 241
89 279
89 286
89 341
89 417
89 447
89 514
89 561
89 611
89 703
89 704
89 709
89 797
89 878
89 900
90 175
90 181
90 205
90 231
90 476
90 486
90 678
90 712
90 716
90 737
90 748
90 776
90 928
90 967
90 991
91 542
91 555
91 574
91 617
91 905
91 918
92 320
92 390
92 422
92 730
92 777
92 778
92 797
93 207
93 340
93 472
93 478
93 581
93 677
93 679
93 685
93 701
93 830
93 842
93 893
93 910
93 923
93 941
94 220
94 341
94 375
94 501
94 614
94 769
94 785
94 856
94 913
94 957
95 321
95 329
95 628
95 651
95 814
95 876
95 949
96 140
96 146
96 288
96 365
96 471
96 495
96 502
96 809
96 839
96 869
96 906
96 934
96 938
96 949
97 100
97 115
97 392
97 429
97 474
97 546
97 588
97 603
97 728
97 788
97 849
97 866
97 875
97 886
97 918
97 929
97 967
97 993
98 197
98 367
98 487
98 524
98 754
98 783
98 847
98 963
98 971
98 985
98 994
99 222
99 242
99 339
99 357
99 384
99 505
99 643
99 708
99 751
99 789
99 841
99 941
99 943
99 949
100 101
100 152
100 158
100 415
100 451
100 512
100 543
100 576
100 714
100 775
100 799
100 810
100 907
100 948
100 965
101 112
101 135
101 234
101 290
101 314
101 378
101 550
101 675
101 721
101 836
101 888
101 942
101 946
101 976
101 987
102 258
102 439
102 538
102 568
102 620
102 634
102 686
102 709
102 783
102 793
102 839
102 897
102 904
102 987
103 242
103 345
103 355
103 390
103 428
103 483
103 620
103 863
103 883
103 903
103 913
103 979
104 179
104 597
104 603
104 611
104 702
104 745
104 875
105 187
105 236
105 383
105 759
105 840
105 848
105 899
105 974
105 986
106 171
106 425
106 473
106 608
106 695
106 779
106 788
106 844
106 863
106 936
107 250
107 387
107 496
107 535
107 696
107 739
107 770
107 803
107 928
107 948
107 970
107 985
108 158
108 271
108 275
108 601
108 663
108 690
108 740
108 762
108 849
108 896
108 950
108 970
109 318
109 329
109 345
109 532
109 582
109 614
109 714
109 717
109 766
109 918
109 949
109 955
109 961
109 965
110 284
110 309
110 317
110 425
110 584
110 598
110 753
110 807
110 848
110 893
110 894
110 984
110 988
111 144
111 177
111 230
111 409
111 415
111 423
111 452
111 667
111 748
111 795
111 815
111 831
111 859
111 862
111 993
112 143
112 311
112 357
112 388
112 409
112 460
112 488
112 524
112 725
112 820
112 838
112 871
112 947
112 951
112 967
113 313
113 494
113 695
113 939
113 947
113 992
113 994
114 397
114 450
114 500
114 516
114 583
114 846
114 869
115 118
115 354
115 393
115 582
115 904
115 916
116 129
116 136
116 250
116 416
116 526
116 536
116 724
116 814
116 873
116 885
116 943
116 945
117 120
117 127
117 212
117 224
117 343
117 349
117 356
117 418
117 503
117 706
117 721
117 797
117 883
117 963
117 976
117 998
118 243
118 493
118 642
118 665
118 857
118 876
118 906
118 941
118 951
118 963
118 994
119 294
119 315
119 659
119 684
119 700
119 895
119 933
120 198
120 215
120 395
120 502
120 600
120 730
120 769
120 808
120 922
120 961
120 965
120 993
121 229
121 248
121 348
121 796
121 838
121 907
121 918
121 927
121 980
122 190
122 226
122 251
122 276
122 410
122 474
122 668
122 765
122 856
122 911
123 145
123 406
123 407
123 582
123 603
123 866
123 919
123 927
124 213
124 233
124 617
124 800
124 829
124 863
124 866
125 231
125 243
125 378
125 614
125 634
125 756
125 774
125 842
125 899
125 920
125 952
125 976
125 979
125 987
126 161
126 306
126 459
126 621
126 795
126 895
126 972
126 980
126 997
127 132
127 309
127 394
127 431
127 493
127 585
127 616
127 775
127 812
127 820
127 835
127 849
127 926
127 956
127 968
128 454
128 586
128 655
128 668
128 950
128 975
129 293
129 527
129 531
129 554
129 611
129 809
129 813
129 843
129 875
129 894
129 930
129 941
129 961
130 207
130 242
130 468
130 617
130 628
130 650
130 738
130 757
130 811
130 828
130 849
130 852
130 872
130 875
130 882
130 900
130 917
130 933
130 947
130 959
130 960
130 991
130 995
131 184
131 451
131 541
131 637
131 742
131 769
131 814
131 832
131 906
131 937
131 942
131 965
132 134
132 176
132 390
132 422
132 534
132 781
132 809
132 826
132 835
132 967
132 973
132 987
133 342
133 453
133 498
133 565
133 590
133 729
133 760
133 766
133 810
133 860
133 912
133 945
133 955
133 976
134 166
134 388
134 432
134 464
134 758
134 864
134 873
134 926
134 938
134 982
135 281
135 355
135 642
135 791
135 891
135 914
135 951
135 959
135 973
136 511
136 658
136 793
136 839
136 849
136 933
136 939
136 985
137 201
137 261
137 402
137 717
137 849
137 869
137 875
137 922
137 934
137 979
137 992
138 162
138 335
138 533
138 546
138 615
138 632
138 689
138 739
138 750
138 781
138 814
138 932
138 935
138 959
138 986
139 198
139 519
139 672
139 789
139 865
139 871
139 874
139 894
139 980
140 156
140 264
140 519
140 597
140 846
140 863
140 914
140 966
141 149
141 231
141 324
141 336
141 342
141 414
141 485
141 524
141 587
141 608
141 646
141 849
141 911
141 984
142 177
142 196
142 235
142 236
142 271
142 652
142 982
143 573
143 584
143 601
143 604
143 612
143 804
143 849
143 876
143 887
143 889
143 955
143 969
143 973
144 259
144 274
144 547
144 611
144 620
144 810
144 928
145 149
145 250
145 425
145 519
145 534
145 702
145 768
145 832
145 869
145 919
145 942
146 193
146 544
146 828
146 831
146 904
146 921
146 933
146 953
147 318
147 404
147 516
147 875
147 889
147 890
148 427
148 698
148 745
148 790
148 818
148 851
148 881
148 926
148 948
149 447
149 510
149 530
149 722
149 800
149 806
149 870
149 878
149 914
149 971
150 214
150 225
150 401
150 465
150 665
150 673
150 700
150 739
150 789
150 835
150 839
150 885
150 897
150 956
151 158
151 333
151 403
151 539
151 587
151 694
151 716
151 778
151 861
151 871
151 893
151 946
151 973
151 992
152 462
152 563
152 637
152 696
152 821
152 847
152 849
152 851
152 890
152 969
152 990
153 366
153 461
153 462
153 504
153 562
153 591
153 649
153 741
153 752
153 910
153 975
154 285
154 321
154 350
154 362
154 598
154 624
154 712
154 864
154 898
154 936
154 958
154 995
155 196
155 305
155 355
155 493
155 568
155 580
155 617
155 629
155 700
155 726
155 739
155 758
155 787
155 800
155 829
155 973
155 983
155 996
156 210
156 217
156 284
156 327
156 395
156 598
156 613
156 772
156 927
157 331
157 519
157 586
157 598
157 661
157 675
157 703
157 714
157 787
157 788
157 802
157 812
157 831
157 955
157 978
157 997
158 174
158 299
158 446
158 496
158 508
158 609
158 720
158 771
158 798
158 921
158 923
158 978
158 986
158 988
158 993
159 181
159 361
159 572
159 588
159 732
159 779
159 846
159 865
159 954
159 992
159 998
160 197
160 214
160 236
160 377
160 662
160 711
160 883
160 887
160 898
160 946
160 961
160 967
160 977
161 279
161 322
161 462
161 546
161 682
161 839
161 866
161 872
161 936
161 981
161 987
161 992
161 995
162 329
162 516
162 567
162 715
162 752
162 817
162 870
162 918
162 943
162 980
162 984
163 218
163 333
163 362
163 429
163 499
163 541
163 614
163 659
163 722
163 781
163 814
163 824
163 866
164 402
164 605
164 640
164 645
164 662
164 763
164 812
164 982
165 180
165 213
165 321
165 374
165 381
165 575
165 589
165 680
165 848
165 860
165 883
165 899
165 903
165 955
166 305
166 431
166 628
166 652
166 675
166 849
166 935
166 971
166 985
167 325
167 376
167 379
167 385
167 937
168 188
168 435
168 619
168 752
168 833
168 914
168 915
168 917
168 946
168 949
169 225
169 264
169 265
169 467
169 479
169 589
169 703
169 785
169 819
169 824
169 913
169 923
169 940
169 959
169 976
170 335
170 356
170 622
170 740
170 772
170 832
170 834
170 837
170 851
170 902
170 916
170 949
170 980
171 181
171 293
171 410
171 413
171 478
171 507
171 600
171 676
171 745
171 890
171 913
171 956
172 400
172 467
172 500
172 561
172 676
172 748
172 798
172 876
172 909
172 933
172 949
172 950
172 960
172 985
173 231
173 331
173 407
173 601
173 712
173 860
173 934
173 981
174 276
174 277
174 486
174 540
174 629
174 731
174 816
174 833
174 847
174 955
174 964
174 981
174 995
174 996
175 209
175 228
175 229
175 388
175 524
175 580
175 590
175 658
175 699
175 933
175 973
176 188
176 412
176 440
176 532
176 558
176 601
176 841
176 854
176 864
176 999
177 236
177 398
177 644
177 707
177 758
177 813
177 824
177 900
177 974
177 997
178 405
178 425
178 426
178 440
178 459
178 591
178 757
178 786
178 807
178 832
178 855
178 888
178 894
178 908
178 943
178 944
178 955
179 198
179 246
179 319
179 347
179 540
179 614
179 650
179 762
179 785
179 804
179 805
179 818
179 874
179 884
179 905
179 920
179 926
179 989
179 994
180 524
180 583
180 682
180 727
180 747
180 803
180 806
180 877
180 891
180 934
180 940
181 408
181 426
181 452
181 679
181 688
181 911
181 941
181 956
181 969
181 980
182 390
182 485
182 490
182 603
182 679
182 763
182 836
182 838
182 951
182 981
183 215
183 290
183 403
183 417
183 452
183 476
183 586
183 605
183 632
183 674
183 676
183 787
183 793
183 806
183 819
183 836
183 861
183 934
183 948
183 949
183 962
184 248
184 333
184 568
184 717
184 745
184 753
184 761
184 832
184 894
184 907
184 928
184 944
184 956
184 970
184 996
185 209
185 295
185 305
185 342
185 380
185 419
185 496
185 578
185 632
185 644
185 759
185 809
185 847
185 921
185 927
186 262
186 278
186 700
186 741
186 798
186 804
186 842
186 918
186 942
186 953
187 356
187 597
187 738
187 831
187 861
187 884
187 895
187 924
187 951
187 961
187 997
188 340
188 437
188 609
188 692
188 742
188 752
188 841
188 862
188 871
188 900
188 930
188 951
188 952
188 970
189 229
189 248
189 420
189 454
189 599
189 849
189 862
189 914
190 402
190 501
190 687
190 688
190 789
190 884
190 891
190 900
190 946
190 949
190 973
191 292
191 351
191 518
191 558
191 741
191 870
191 898
191 909
191 926
191 962
192 443
192 449
192 498
192 563
192 626
192 706
192 814
192 824
192 896
192 919
192 953
192 970
192 985
193 392
193 438
193 481
193 580
193 598
193 625
193 681
193 805
193 867
193 963
193 998
194 230
194 310
194 350
194 610
194 653
194 665
194 693
194 711
194 911
194 940
194 954
195 205
195 240
195 334
195 665
195 696
195 707
195 738
195 801
195 950
196 308
196 321
196 393
196 525
196 567
196 611
196 699
196 727
196 733
196 735
196 741
196 813
196 834
196 863
196 864
196 893
196 973
197 329
197 340
197 422
197 450
197 481
197 526
197 589
197 616
197 668
197 802
197 818
197 997
198 199
198 601
198 618
198 640
198 793
198 806
198 905
198 917
199 288
199 291
199 393
199 532
199 777
199 804
199 896
199 935
199 993
200 298
200 576
200 679
200 698
200 716
200 723
200 876
200 912
200 922
200 935
200 996
200 997
200 998
201 401
201 463
201 474
201 811
201 907
201 942
201 965
201 971
202 286
202 374
202 414
202 428
202 504
202 668
202 688
202 766
202 825
202 841
202 932
202 939
202 954
202 983
202 986
203 396
203 512
203 569
203 589
203 606
203 707
203 806
203 879
203 962
203 970
203 973
203 989
204 239
204 255
204 332
204 347
204 487
204 490
204 774
204 854
204 857
204 867
204 934
204 936
204 969
204 995
205 270
205 443
205 499
205 580
205 638
205 734
205 972
205 979
206 356
206 447
206 662
206 812
206 869
206 905
206 950
206 954
206 999
207 427
207 714
207 832
207 868
207 882
207 950
207 979
208 266
208 359
208 455
208 532
208 576
208 584
208 615
208 643
208 653
208 837
208 868
208 961
209 305
209 447
209 466
209 526
209 543
209 552
209 569
209 585
209 824
209 853
209 855
209 911
209 941
209 954
210 576
210 733
210 822
210 844
210 863
210 891
210 905
210 926
210 972
211 232
211 331
211 341
211 403
211 495
211 536
211 546
211 622
211 793
211 972
211 973
212 248
212 332
212 593
212 615
212 637
212 655
212 670
212 756
212 773
212 797
212 949
212 962
212 992
213 253
213 392
213 446
213 457
213 556
213 698
213 728
213 767
213 809
213 861
213 898
213 959
213 987
213 997
214 361
214 515
214 548
214 606
214 654
214 662
214 694
214 799
214 850
214 855
214 865
214 935
214 941
214 945
214 994
215 256
215 323
215 344
215 391
215 564
215 812
215 866
215 880
215 996
215 997
216 217
216 246
216 297
216 367
216 428
216 553
216 744
216 854
216 860
216 866
216 928
216 982
217 354
217 612
217 950
217 978
218 270
218 300
218 326
218 468
218 525
218 586
218 751
218 799
218 916
218 931
218 937
218 952
219 423
219 441
219 502
219 756
219 821
219 916
219 962
220 246
220 330
220 344
220 404
220 448
220 513
220 541
220 796
220 827
220 846
220 881
220 916
220 948
220 968
221 256
221 343
221 376
221 404
221 435
221 661
221 750
221 865
221 868
221 895
221 976
221 988
222 527
222 547
222 712
222 824
222 888
222 911
223 243
223 594
223 678
223 682
223 725
223 938
223 982
223 991
224 269
224 320
224 321
224 442
224 708
224 841
224 877
224 915
224 941
224 960
225 283
225 571
225 714
225 758
225 760
225 776
225 779
225 786
225 788
225 843
225 859
225 920
225 935
225 947
225 950
225 989
226 261
226 264
226 290
226 487
226 493
226 634
226 642
226 676
226 749
226 798
226 804
226 814
226 890
226 900
226 921
226 989
227 264
227 340
227 578
227 613
227 668
227 722
227 899
227 943
227 968
228 266
228 361
228 755
228 848
229 239
229 318
229 403
229 510
229 666
229 688
229 749
229 797
229 841
229 854
229 885
229 888
229 903
229 932
229 988
230 233
230 681
230 872
230 948
230 957
231 331
231 345
231 526
231 561
231 598
231 628
231 846
231 880
232 264
232 296
232 331
232 375
232 489
232 497
232 582
232 622
232 624
232 769
232 772
232 773
232 827
232 853
232 878
232 881
232 889
232 910
232 981
232 998
232 999
233 303
233 366
233 387
233 529
233 655
233 693
233 696
233 735
233 783
233 786
233 846
233 977
234 253
234 515
234 596
234 709
234 747
234 763
234 783
234 853
234 919
234 932
234 959
234 978
234 983
235 409
235 413
235 423
235 526
235 795
235 909
235 950
236 241
236 351
236 480
236 589
236 607
236 622
236 666
236 796
236 906
237 504
237 626
237 722
237 840
237 888
238 249
238 479
238 518
238 725
238 732
238 733
238 780
238 870
238 895
238 909
238 932
238 948
238 968
238 974
239 294
239 500
239 573
239 653
239 836
239 848
239 853
239 887
239 949
239 959
240 284
240 362
240 392
240 450
240 492
240 496
240 728
240 814
240 821
240 937
240 950
240 959
240 962
240 989
241 379
241 489
241 501
241 593
241 950
241 971
242 437
242 439
242 517
242 527
242 622
242 630
242 722
242 767
242 777
242 795
242 849
242 852
242 970
242 999
243 423
243 452
243 757
243 835
243 945
243 995
244 383
244 509
244 584
244 655
244 666
244 710
244 776
244 838
244 842
244 846
244 869
244 882
244 893
244 911
244 919
244 933
244 993
245 377
245 524
245 622
245 773
245 870
245 950
245 992
246 269
246 305
246 441
246 472
246 498
246 515
246 745
246 760
246 777
246 783
246 819
246 830
246 874
246 899
246 988
246 999
247 447
247 481
247 506
247 609
247 659
247 675
247 700
247 725
248 279
248 625
248 659
248 683
248 729
248 882
248 929
248 983
248 991
249 266
249 323
249 402
249 587
249 599
249 633
249 676
249 793
249 887
249 906
249 913
249 951
249 954
249 956
250 269
250 402
250 434
250 445
250 519
250 527
250 542
250 571
250 732
250 789
250 852
250 929
250 954
250 968
250 998
251 313
251 323
251 382
251 428
251 453
251 594
251 814
251 827
251 942
251 947
252 307
252 326
252 406
252 574
252 581
252 612
252 760
252 892
252 902
252 959
252 963
252 970
253 553
253 562
253 650
253 705
253 792
253 917
254 376
254 508
254 627
254 722
254 829
254 907
254 938
254 945
254 947
254 986
255 551
255 671
255 829
255 867
255 930
256 271
256 310
256 334
256 381
256 415
256 612
256 650
256 651
256 680
256 752
256 868
257 289
257 295
257 532
257 533
257 779
257 798
257 890
257 938
258 282
258 303
258 517
258 627
258 837
258 872
258 876
258 953
258 976
258 997
259 311
259 423
259 472
259 498
259 578
259 591
259 623
259 732
259 747
259 777
259 946
259 996
260 387
260 538
260 747
260 840
260 868
260 888
260 902
260 930
260 983
261 600
261 620
261 654
261 727
261 741
261 747
261 750
261 810
261 860
261 873
261 896
261 952
261 968
261 978
261 987
261 995
262 302
262 467
262 553
262 574
262 588
262 676
262 756
262 790
262 823
262 881
262 936
263 278
263 284
263 525
263 540
263 602
263 727
263 739
263 805
263 853
263 869
263 935
263 939
264 277
264 384
264 665
264 674
264 750
264 846
264 941
264 969
265 274
265 402
265 645
265 649
265 689
265 693
265 817
265 866
265 929
265 959
266 364
266 467
266 598
266 720
266 795
266 978
266 996
267 302
267 563
267 580
267 603
267 630
267 799
267 921
267 971
268 381
268 438
268 519
268 523
268 611
268 636
268 646
268 669
268 692
268 814
268 826
268 944
268 953
268 955
268 977
269 371
269 405
269 423
269 457
269 536
269 562
269 568
269 576
269 665
269 711
269 777
269 840
269 856
269 883
269 884
269 888
269 925
269 950
269 969
269 987
270 285
270 351
270 519
270 546
270 558
270 559
270 564
270 640
270 749
270 803
270 812
270 833
270 921
271 505
271 532
271 536
271 566
271 578
271 657
271 745
271 776
271 858
271 931
271 965
271 978
271 990
272 325
272 457
272 850
272 872
272 881
272 886
272 938
272 963
272 964
273 301
273 371
273 525
273 552
273 770
273 774
273 879
273 953
274 302
274 348
274 402
274 458
274 593
274 670
274 726
274 796
274 845
274 952
274 958
274 983
274 995
275 302
275 418
275 479
275 498
275 502
275 538
275 602
275 664
275 692
275 710
275 770
275 838
275 856
275 875
275 903
275 924
275 936
275 967
276 307
276 336
276 337
276 339
276 408
276 474
276 549
276 575
276 583
276 601
276 633
276 660
276 670
276 685
276 731
276 771
276 931
276 956
277 404
277 529
277 759
277 837
277 877
277 928
277 943
277 996
278 318
278 382
278 411
278 466
278 608
278 617
278 708
278 727
278 741
278 766
278 848
278 967
279 281
279 324
279 538
279 595
279 620
279 689
279 692
279 814
279 857
279 919
279 932
279 943
279 947
279 951
280 338
280 410
280 492
280 582
280 599
280 624
280 752
280 817
280 851
280 862
280 908
280 959
280 976
280 985
281 355
281 396
281 434
281 500
281 549
281 560
281 652
281 654
281 704
281 711
281 722
281 735
281 765
281 815
281 842
281 853
281 890
281 934
281 939
281 973
281 996
282 474
282 632
282 727
282 729
282 759
282 783
282 825
282 906
282 961
282 992
282 996
283 290
283 414
283 541
283 606
283 644
283 658
283 925
283 929
284 294
284 454
284 537
284 735
284 922
285 418
285 435
285 623
285 759
285 790
285 804
285 886
285 972
285 996
286 407
286 645
286 660
286 729
286 740
286 807
286 825
286 844
286 898
286 904
286 962
286 967
287 884
287 892
287 929
287 962
287 991
287 997
288 313
288 490
288 592
288 595
288 681
288 744
288 750
288 811
288 834
288 892
288 937
288 947
288 970
289 443
289 605
289 653
289 697
289 706
289 732
289 868
289 900
289 926
289 932
289 986
289 996
290 298
290 532
290 666
290 762
290 838
290 949
290 980
291 397
291 623
291 677
291 690
291 790
291 826
291 922
291 941
291 951
291 957
291 965
291 972
291 977
291 987
292 301
292 370
292 424
292 453
292 526
292 633
292 784
292 831
292 835
292 864
292 881
292 903
292 955
292 981
293 327
293 471
293 550
293 573
293 600
293 611
293 616
293 632
293 649
293 732
293 780
293 801
293 825
293 843
293 908
293 910
293 916
293 927
293 936
293 987
293 992
293 994
294 322
294 435
294 463
294 571
294 597
294 598
294 696
294 808
294 865
294 884
294 887
294 964
295 504
295 554
295 617
295 645
295 660
295 867
295 914
295 975
296 326
296 355
296 368
296 511
296 541
296 590
296 602
296 716
296 904
296 972
297 474
297 494
297 500
297 618
297 650
297 760
297 768
297 872
297 910
297 914
297 953
298 302
298 503
298 521
298 590
298 709
298 864
298 879
298 889
298 904
298 957
299 360
299 394
299 476
299 484
299 551
299 580
299 638
299 669
299 710
299 779
299 808
299 844
299 849
299 947
299 954
299 988
300 301
300 504
300 626
300 669
300 683
300 745
300 766
300 811
300 829
300 835
300 938
300 946
300 984
301 302
301 633
301 667
301 742
301 752
301 756
301 785
301 847
301 869
301 873
301 990
301 993
302 646
302 872
302 900
302 999
303 445
303 487
303 501
303 633
303 880
303 883
303 902
303 968
303 976
304 349
304 369
304 492
304 623
304 667
304 779
304 811
304 841
304 936
304 963
304 975
304 986
304 995
305 311
305 312
305 424
305 812
305 820
305 940
305 958
305 969
305 974
305 999
306 312
306 348
306 561
306 562
306 584
306 604
306 619
306 667
306 703
306 722
306 759
306 764
306 914
306 954
306 965
307 396
307 408
307 413
307 463
307 734
307 740
307 742
307 746
307 799
307 827
307 974
307 990
308 323
308 384
308 455
308 482
308 510
308 532
308 594
308 610
308 713
308 737
308 816
308 963
308 972
308 985
308 997
309 412
309 433
309 519
309 525
309 691
309 695
309 735
309 761
309 784
309 855
309 876
309 968
309 988
310 339
310 393
310 511
310 524
310 650
310 655
310 747
310 824
310 827
310 876
310 881
310 971
310 989
311 328
311 373
311 496
311 532
311 564
311 570
311 579
311 733
311 736
311 810
311 911
311 953
311 995
312 620
312 729
312 756
312 767
312 768
312 914
312 915
312 936
312 981
313 376
313 512
313 562
313 615
313 728
313 767
313 873
313 904
313 905
313 908
313 914
314 328
314 347
314 428
314 486
314 536
314 547
314 549
314 694
314 766
314 779
314 883
314 894
314 909
314 992
314 999
315 409
315 582
315 668
315 676
315 766
315 855
315 888
315 919
315 955
315 981
316 383
316 681
316 725
316 785
316 940
316 948
316 950
316 957
317 334
317 477
317 545
317 586
317 698
317 732
317 792
317 818
317 901
317 943
317 993
318 368
318 406
318 511
318 649
318 661
318 685
318 724
318 733
318 756
318 784
318 809
318 856
318 925
318 957
318 968
319 398
319 450
319 599
319 616
319 665
319 711
319 847
319 894
319 904
319 947
319 967
320 346
320 392
320 447
320 509
320 539
320 567
320 574
320 685
320 759
320 779
320 811
320 822
320 884
320 887
320 916
320 959
320 966
321 668
321 700
321 747
321 792
321 874
321 892
321 901
321 906
321 908
321 980
322 425
322 564
322 585
322 609
322 677
322 683
322 758
322 763
322 833
322 859
322 871
322 900
322 914
323 554
323 697
323 766
323 854
323 930
323 967
323 997
324 416
324 433
324 490
324 516
324 553
324 560
324 672
324 935
324 975
325 428
325 455
325 463
325 507
325 528
325 574
325 594
325 709
325 749
325 763
325 935
325 954
326 537
326 635
326 701
326 776
326 788
326 877
326 906
326 942
326 957
326 986
327 414
327 620
327 699
327 709
327 716
327 750
327 768
327 883
327 989
328 380
328 426
328 449
328 521
328 559
328 629
328 679
328 804
328 813
328 875
328 940
328 946
328 961
328 975
328 984
329 493
329 496
329 651
329 708
329 789
329 916
329 929
329 977
330 423
330 432
330 463
330 574
330 715
330 832
330 859
330 879
330 919
330 930
331 370
331 441
331 463
331 511
331 525
331 570
331 636
331 729
331 846
331 899
331 928
331 948
331 963
331 969
331 976
331 980
332 435
332 456
332 590
332 605
332 702
332 725
332 770
332 777
332 782
332 879
332 882
332 900
332 906
332 913
332 960
332 972
332 987
332 992
333 499
333 512
333 586
333 614
333 711
333 727
333 763
333 764
333 776
333 913
333 923
333 930
333 955
333 973
333 986
333 994
334 543
334 639
334 706
334 808
334 854
334 978
334 986
334 992
335 381
335 470
335 622
335 666
335 696
335 733
335 864
335 874
335 939
336 405
336 454
336 468
336 491
336 522
336 527
336 668
336 836
336 902
336 961
336 991
337 365
337 567
337 617
337 808
337 888
337 903
337 967
337 974
338 380
338 383
338 467
338 521
338 588
338 592
338 626
338 652
338 676
338 730
338 746
338 821
338 829
338 863
338 990
339 420
339 476
339 541
339 544
339 750
339 804
339 825
339 946
339 968
340 397
340 479
340 589
340 660
340 664
340 679
340 917
340 934
340 947
340 986
340 987
340 997
341 553
341 656
341 761
341 804
341 939
341 983
342 354
342 402
342 523
342 576
342 613
342 636
342 655
342 666
342 768
342 770
342 816
342 907
342 917
342 934
342 948
342 955
342 972
342 995
343 351
343 443
343 462
343 498
343 582
343 601
343 676
343 714
343 742
343 746
343 748
343 840
343 849
343 860
343 942
343 944
344 553
344 616
344 617
344 717
344 846
344 854
344 914
344 920
344 985
344 993
345 366
345 426
345 541
345 548
345 558
345 581
345 596
345 644
345 653
345 654
345 691
345 737
345 775
345 777
345 859
345 872
345 893
345 897
345 984
346 358
346 366
346 383
346 466
346 822
346 838
346 903
346 907
346 940
346 945
346 956
346 972
347 484
347 569
347 579
347 607
347 653
347 758
347 767
347 775
347 838
347 844
347 874
347 882
347 908
347 985
347 988
348 428
348 470
348 479
348 551
348 596
348 637
348 772
348 839
348 933
348 972
348 979
348 996
349 658
349 685
349 938
349 958
349 959
350 365
350 611
350 624
350 821
350 925
350 947
350 966
351 396
351 467
351 482
351 500
351 515
351 549
351 602
351 736
351 739
351 759
351 774
351 775
351 782
351 796
351 849
351 889
351 912
351 959
352 453
352 460
352 490
352 578
352 662
352 836
352 896
352 920
352 988
353 576
353 717
353 767
353 811
353 846
353 892
353 920
353 953
353 990
353 998
354 485
354 600
354 710
354 733
354 772
354 865
354 907
354 910
354 953
355 537
355 695
355 730
355 848
355 929
355 947
355 959
355 995
356 447
356 485
356 706
356 715
356 807
356 857
356 903
356 937
356 988
357 377
357 383
357 437
357 453
357 591
357 603
357 702
357 707
357 726
357 749
357 759
357 822
357 827
357 833
357 844
357 947
357 974
357 981
358 489
358 518
358 600
358 606
358 667
358 709
358 743
358 767
358 800
358 837
358 898
358 937
358 978
359 583
359 708
359 753
359 764
359 766
359 816
359 835
359 847
359 897
359 916
359 942
359 991
359 998
360 438
360 472
360 499
360 602
360 655
360 716
360 723
360 737
360 790
360 935
360 964
360 968
360 972
360 987
361 408
361 595
361 687
361 731
361 742
361 847
361 883
361 887
361 893
361 910
361 929
361 952
361 996
362 389
362 424
362 610
362 612
362 633
362 698
362 823
362 928
362 960
363 367
363 459
363 627
363 730
363 749
363 773
363 826
363 905
364 517
364 588
364 710
364 714
364 776
364 788
364 820
364 853
364 895
364 963
364 981
365 391
365 416
365 468
365 491
365 628
365 807
365 818
365 839
365 914
365 937
365 945
366 380
366 659
366 815
366 854
366 920
366 944
366 967
366 983
366 999
367 491
367 506
367 588
367 661
367 676
367 888
367 893
367 992
368 440
368 574
368 580
368 670
368 729
368 801
368 834
368 841
368 850
368 899
368 908
368 931
368 953
368 966
368 988
368 995
368 998
369 393
369 410
369 551
369 692
369 780
369 827
370 492
370 566
370 626
370 736
370 792
370 865
370 919
370 957
370 974
370 981
370 999
371 576
371 626
371 644
371 697
371 830
371 898
371 932
371 944
371 953
372 858
372 916
372 968
373 378
373 546
373 606
373 743
373 753
373 770
373 904
373 927
373 982
374 522
374 530
374 541
374 677
374 707
374 742
374 791
374 795
374 834
374 940
374 993
375 396
375 417
375 531
375 617
375 643
375 756
375 905
375 933
375 941
376 524
376 572
376 621
376 861
376 922
376 974
377 405
377 449
377 517
377 588
377 712
377 828
377 853
377 923
377 964
378 514
378 580
378 779
378 832
378 858
378 898
378 938
378 963
378 974
378 993
379 383
379 440
379 476
379 575
379 587
379 603
379 604
379 615
379 682
379 698
379 700
379 789
379 857
379 928
379 943
379 996
380 538
380 603
380 762
380 926
380 927
380 934
381 492
381 578
381 593
381 667
381 740
381 758
381 779
381 851
381 853
381 888
381 890
381 898
381 919
381 958
381 960
381 978
382 542
382 597
382 606
382 629
382 691
382 731
382 743
382 844
382 881
382 903
382 913
382 923
382 971
383 408
383 440
383 449
383 531
383 539
383 593
383 612
383 625
383 687
383 754
383 818
383 838
383 880
383 963
383 966
383 980
383 982
384 456
384 482
384 639
384 655
384 800
384 834
384 843
384 855
384 918
384 978
385 518
385 551
385 579
385 653
385 664
385 686
385 696
385 729
385 807
385 828
385 848
385 937
385 964
385 967
385 995
385 996
386 417
386 586
386 638
386 659
386 677
386 697
386 738
386 756
386 780
386 876
386 959
386 962
386 973
387 397
387 478
387 523
387 565
387 578
387 688
387 697
387 826
387 859
387 884
387 889
387 917
387 926
387 942
388 497
388 699
388 706
388 740
388 764
388 819
388 835
388 854
388 876
388 905
388 912
388 913
388 952
388 985
389 406
389 450
389 568
389 571
389 601
389 720
389 788
389 883
389 945
389 963
389 975
389 980
390 500
390 731
390 737
390 768
390 773
390 830
390 950
390 960
390 980
390 994
391 400
391 522
391 543
391 570
391 660
391 698
391 705
391 750
391 791
391 797
391 817
391 832
391 983
392 393
392 418
392 460
392 472
392 485
392 614
392 647
392 758
392 763
392 811
392 852
392 886
392 924
392 959
392 962
392 965
393 467
393 536
393 596
393 689
393 702
393 711
393 757
393 880
393 939
393 966
393 975
393 993
394 480
394 549
394 622
394 629
394 659
394 748
394 754
394 926
394 930
394 952
394 965
394 982
394 983
395 486
395 605
395 732
395 736
395 748
395 775
395 846
395 878
395 889
395 938
395 969
396 414
396 417
396 430
396 669
396 880
396 889
396 927
396 930
396 933
396 963
396 998
397 421
397 578
397 590
397 656
397 689
397 754
397 760
397 884
397 917
397 962
397 992
398 432
398 526
398 616
398 626
398 657
398 664
398 775
398 835
398 873
398 879
398 927
398 954
398 968
398 981
399 605
399 614
399 640
399 669
399 670
399 697
399 791
399 805
399 833
399 984
399 995
400 426
400 428
400 494
400 586
400 622
400 637
400 666
400 691
400 829
400 874
400 893
400 962
400 975
400 995
401 430
401 701
401 786
401 816
401 819
401 896
401 946
401 949
402 631
402 657
402 664
402 876
402 881
402 910
402 986
403 517
403 720
403 775
403 779
403 821
403 870
403 882
403 894
403 961
403 986
404 410
404 443
404 536
404 563
404 569
404 796
404 932
404 959
404 968
404 974
404 992
405 425
405 474
405 518
405 664
405 798
405 807
405 853
405 910
405 930
405 980
405 981
405 999
406 502
406 554
406 662
406 740
406 757
406 784
406 835
406 879
406 893
406 947
406 949
406 965
406 995
407 460
407 570
407 677
407 721
407 863
407 958
407 975
408 412
408 434
408 443
408 465
408 676
408 787
409 499
409 652
409 682
409 694
409 695
409 725
409 872
409 875
409 985
409 987
409 993
410 443
410 479
410 480
410 692
410 712
410 726
410 765
410 769
410 777
410 788
410 795
410 821
410 858
410 890
410 926
410 939
410 948
410 963
410 980
410 982
410 999
411 651
411 685
411 818
411 835
411 854
411 865
411 929
411 981
412 457
412 468
412 526
412 541
412 549
412 557
412 707
412 770
412 778
412 846
412 854
412 877
412 884
412 901
412 969
412 973
412 980
413 418
413 639
413 749
413 775
413 781
413 825
413 833
413 859
413 942
413 976
414 428
414 531
414 545
414 592
414 608
414 636
414 676
414 712
414 744
414 769
414 778
414 868
414 878
414 908
414 974
414 985
415 444
415 465
415 472
415 498
415 505
415 515
415 622
415 639
415 649
415 678
415 704
415 807
415 876
415 879
415 956
415 967
415 977
415 988
416 467
416 537
416 558
416 566
416 599
416 733
416 857
416 873
416 930
416 959
416 979
416 993
417 456
417 588
417 716
417 717
417 826
417 866
417 928
417 930
417 932
418 482
418 485
418 545
418 558
418 582
418 703
418 738
418 781
418 784
418 796
418 804
418 806
418 812
418 864
418 900
418 916
418 923
418 931
418 937
418 961
418 964
418 969
418 984
418 988
418 996
419 439
419 522
419 619
419 621
419 656
419 697
419 714
419 729
419 748
419 788
419 871
419 882
419 944
419 972
420 461
420 573
420 664
420 787
420 818
420 825
420 827
420 835
420 892
420 906
420 943
420 951
420 963
420 985
421 476
421 562
421 644
421 735
421 747
421 756
421 799
421 823
421 908
421 917
421 920
421 957
421 958
421 994
421 996
422 731
422 804
422 864
422 900
422 917
422 923
422 967
422 991
423 656
423 759
423 823
424 530
424 612
424 799
424 869
424 876
424 877
425 434
425 484
425 542
425 644
425 761
425 937
425 950
425 972
425 994
426 614
426 625
426 649
426 666
426 724
426 759
426 841
426 876
426 882
426 902
426 933
426 943
426 960
427 676
427 908
427 911
427 929
427 943
427 953
427 968
427 980
428 519
428 563
428 604
428 627
428 645
428 716
428 805
428 840
428 854
428 904
428 952
428 965
428 972
428 977
428 991
429 485
429 688
429 720
429 725
429 777
429 812
429 818
429 920
429 931
429 942
429 953
429 977
430 438
430 574
430 588
430 763
430 776
430 785
430 791
430 849
430 868
430 917
431 488
431 648
431 717
431 829
431 846
431 855
431 917
431 936
431 973
432 482
432 501
432 618
432 691
432 754
432 765
432 805
432 829
432 900
432 972
433 545
433 653
433 809
433 812
433 867
433 942
433 967
434 452
434 588
434 671
434 722
434 743
434 875
434 947
435 519
435 687
435 717
435 830
435 853
435 862
435 879
435 941
435 984
436 460
436 709
436 728
436 829
436 871
436 880
436 881
436 923
436 924
436 929
436 954
437 586
437 624
437 702
437 778
437 875
437 894
437 942
437 975
437 985
437 995
438 474
438 583
438 615
438 717
438 754
438 854
438 855
438 899
438 911
438 969
439 538
439 554
439 577
439 687
439 699
439 704
439 728
439 752
439 809
439 837
439 913
439 935
439 973
440 494
440 500
440 549
440 573
440 626
440 634
440 648
440 660
440 666
440 756
440 793
440 855
440 896
440 952
440 972
440 974
440 981
440 982
441 496
441 553
441 563
441 574
441 579
441 714
441 729
441 936
442 609
442 634
442 704
442 712
442 800
442 814
442 938
443 468
443 474
443 479
443 489
443 514
443 548
443 608
443 616
443 657
443 732
443 742
443 911
443 917
443 943
443 948
444 483
444 524
444 598
444 599
444 609
444 637
444 640
444 695
444 806
444 808
444 884
444 893
444 898
444 904
444 917
444 923
444 948
445 680
445 720
445 723
445 733
445 752
445 948
445 959
445 964
445 998
446 471
446 487
446 513
446 576
446 628
446 649
446 735
446 765
446 832
446 863
446 915
446 960
446 966
446 974
446 993
447 549
447 553
447 631
447 674
447 692
447 724
447 782
447 831
447 871
447 878
447 936
447 951
448 537
448 544
448 586
448 648
448 719
448 855
448 857
448 890
448 932
448 937
448 938
448 960
448 990
449 506
449 613
449 660
449 688
449 751
449 831
449 866
449 961
449 977
449 997
450 455
450 831
450 835
450 864
450 870
450 930
450 976
450 992
451 475
451 549
451 552
451 679
451 740
451 804
451 861
451 865
451 881
451 904
451 938
451 950
451 960
451 987
451 990
452 515
452 548
452 651
452 655
452 663
452 779
452 817
452 885
452 962
453 592
453 603
453 606
453 733
453 868
453 886
453 907
453 960
453 961
454 508
454 538
454 668
454 708
454 730
454 749
454 759
454 830
454 897
454 936
454 941
454 983
454 999
455 544
455 571
455 690
455 822
455 825
455 841
455 923
455 935
455 998
456 604
456 613
456 811
456 825
456 915
456 942
456 948
456 971
456 973
457 500
457 620
457 744
457 801
457 835
457 947
457 974
457 976
458 513
458 549
458 574
458 576
458 664
458 815
458 839
458 868
458 885
458 904
458 905
459 669
459 675
459 729
459 739
459 808
459 811
459 827
459 840
459 976
460 467
460 498
460 513
460 534
460 555
460 567
460 725
460 731
460 808
460 855
460 935
460 950
460 961
460 981
460 988
461 473
461 521
461 704
461 804
461 903
462 586
462 621
462 647
462 658
462 692
462 760
462 790
462 801
462 837
462 860
462 904
462 950
462 968
462 985
463 464
463 751
463 793
463 796
463 821
463 879
463 887
463 910
463 945
464 613
464 705
464 780
464 793
464 834
464 866
464 873
464 916
464 948
464 956
464 971
465 492
465 599
465 726
465 770
465 890
465 913
465 936
465 986
465 996
466 704
466 849
466 905
466 936
466 984
467 540
467 599
467 927
467 951
467 955
467 977
468 536
468 611
468 665
468 695
468 710
468 748
468 780
468 831
468 849
468 885
468 909
468 942
468 949
468 999
469 585
469 828
469 952
470 644
470 706
470 723
470 803
470 811
470 844
470 882
470 891
470 929
470 938
471 717
471 754
471 770
471 786
471 806
471 824
471 848
471 871
471 879
471 945
471 964
471 978
472 508
472 515
472 554
472 587
472 726
472 734
472 762
472 819
472 822
472 867
472 934
472 936
472 955
472 976
472 979
472 986
473 636
473 770
473 798
473 912
473 970
474 721
474 726
474 758
474 766
474 792
474 884
475 491
475 506
475 548
475 575
475 582
475 595
475 743
475 764
475 777
475 787
475 825
475 911
475 966
476 523
476 538
476 583
476 594
476 622
476 701
476 722
476 738
476 807
476 846
476 910
476 952
476 988
477 673
477 721
477 781
477 924
478 670
478 732
478 932
478 970
479 567
479 575
479 700
479 714
479 759
479 777
479 787
479 901
479 953
480 552
480 656
480 717
480 742
480 848
480 873
480 887
480 987
481 484
481 617
481 790
481 797
481 824
481 953
481 972
481 987
482 693
482 737
482 782
482 857
482 905
482 955
483 537
483 580
483 595
483 671
483 783
483 804
483 868
483 907
483 977
483 979
484 519
484 547
484 651
484 666
484 738
484 769
484 834
484 841
484 855
484 880
484 885
484 901
484 946
484 959
484 985
484 995
485 591
485 728
485 764
485 853
485 900
485 917
485 968
485 982
486 537
486 564
486 758
486 772
486 799
486 882
486 883
486 943
486 995
486 998
487 506
487 546
487 601
487 625
487 645
487 655
487 702
487 801
487 916
487 926
487 933
488 572
488 670
488 693
488 723
488 743
488 769
488 777
488 789
488 807
488 827
488 835
488 839
488 851
488 854
488 862
488 940
488 998
489 563
489 662
489 716
489 759
489 772
489 890
489 906
489 923
489 938
489 939
489 974
490 652
490 758
490 895
490 920
490 935
490 958
490 985
490 999
491 553
491 561
491 584
491 651
491 739
491 856
491 932
491 936
491 940
491 953
491 970
492 509
492 541
492 558
492 562
492 580
492 635
492 722
492 750
492 805
492 832
492 931
492 944
492 945
492 982
493 606
493 701
493 833
493 843
493 885
493 916
493 960
493 963
493 964
493 977
493 980
494 602
494 702
494 730
494 882
494 903
494 998
495 517
495 581
495 726
495 758
495 773
495 803
495 877
495 889
495 912
496 556
496 636
496 686
496 763
496 780
496 806
496 860
496 887
496 909
496 916
496 918
496 966
496 971
496 996
496 997
496 998
497 528
497 548
497 590
497 646
497 657
497 879
497 906
497 961
497 978
498 507
498 512
498 919
498 958
498 962
499 598
499 640
499 783
499 848
499 856
499 891
499 936
499 975
499 980
499 991
500 630
500 649
500 655
500 687
500 712
500 728
500 905
500 929
500 947
500 974
500 980
501 518
501 586
501 609
501 690
501 725
501 811
501 820
501 882
501 963
502 638
502 641
502 666
502 740
502 764
502 765
502 834
502 843
502 889
502 908
502 914
502 925
502 944
502 963
503 586
503 596
503 689
503 746
503 749
503 776
503 817
503 825
503 853
503 894
503 901
503 920
503 924
503 927
503 936
503 943
504 509
504 536
504 603
504 796
504 814
504 842
504 945
504 993
505 524
505 586
505 672
505 750
505 787
505 974
505 993
506 678
506 706
506 728
506 754
506 784
506 812
506 866
506 877
506 925
506 937
507 525
507 640
507 821
507 875
507 894
507 905
507 918
507 929
507 967
508 517
508 548
508 561
508 626
508 676
508 678
508 691
508 798
508 806
508 816
508 858
508 940
508 947
508 981
508 986
508 987
508 994
508 996
509 710
509 730
509 764
509 799
509 855
510 557
510 619
510 651
510 791
510 804
510 842
510 899
510 911
510 912
510 916
510 924
510 942
510 964
511 585
511 609
511 669
511 859
511 902
511 959
512 591
512 595
512 665
512 708
512 791
512 817
512 821
512 940
512 946
512 991
513 542
513 573
513 609
513 658
513 661
513 673
513 704
513 721
513 758
513 773
513 811
513 881
513 882
513 884
513 920
513 924
514 553
514 592
514 620
514 656
514 767
514 777
514 820
514 908
514 959
514 961
514 986
515 537
515 645
515 653
515 660
515 679
515 958
515 973
515 981
516 865
516 895
516 926
516 971
516 979
516 989
517 531
517 545
517 562
517 708
517 833
517 859
517 927
517 954
517 955
517 982
518 524
518 559
518 568
518 679
518 711
518 713
518 755
518 916
518 928
519 543
519 570
519 600
519 669
519 679
519 769
519 813
519 908
519 950
519 981
519 983
520 627
520 676
520 704
520 817
520 877
520 925
520 971
521 562
521 573
521 592
521 598
521 727
521 803
521 827
521 842
521 906
521 908
521 982
521 993
521 999
522 548
522 626
522 642
522 673
522 724
522 805
522 833
522 853
522 971
523 649
523 760
523 874
523 876
523 886
523 945
523 974
524 660
524 684
524 740
524 861
524 937
524 944
524 962
524 980
525 565
525 616
525 631
525 687
525 718
525 764
525 800
525 869
525 928
525 944
525 951
525 977
525 978
526 541
526 716
526 747
526 806
526 974
526 993
527 580
527 651
527 780
527 819
527 861
527 959
528 772
528 776
528 811
528 826
528 857
528 877
528 887
528 949
528 983
528 999
529 534
529 584
529 654
529 685
529 725
529 748
529 751
529 850
529 851
529 889
529 990
529 993
529 996
530 586
530 848
530 879
530 902
530 929
530 999
531 545
531 554
531 566
531 711
531 759
531 789
531 814
531 918
531 922
531 936
531 961
531 982
531 984
532 725
532 771
532 823
532 846
532 902
532 926
532 927
532 929
532 969
532 993
533 548
533 564
533 663
533 669
533 749
533 767
533 776
533 919
533 922
533 983
534 745
534 765
534 781
534 806
534 818
534 825
534 877
534 878
534 913
534 952
534 976
534 982
534 993
535 568
535 618
535 637
535 650
535 678
535 708
535 709
535 823
535 853
535 926
535 931
535 933
535 998
536 760
536 779
536 872
536 903
536 910
536 944
536 971
536 976
537 609
537 628
537 654
537 714
537 727
537 758
537 813
537 923
537 927
537 939
537 943
537 948
537 960
537 973
537 978
538 558
538 570
538 609
538 644
538 692
538 727
538 758
538 765
538 770
538 845
538 851
538 930
538 939
538 942
538 950
538 983
538 990
539 565
539 615
539 618
539 717
539 723
539 726
539 786
539 792
539 917
539 934
539 937
539 942
539 951
539 972
539 974
539 978
539 980
540 544
540 623
540 743
540 767
540 862
540 873
540 914
540 919
540 934
540 938
540 940
540 978
540 987
541 556
541 652
541 665
541 668
541 706
541 721
541 813
541 822
541 889
541 941
541 994
542 545
542 625
542 699
542 713
542 757
542 766
542 810
542 830
542 843
542 878
542 972
542 992
542 996
543 616
543 631
543 721
543 775
543 788
543 823
543 841
543 850
543 855
543 869
543 897
543 913
543 938
543 959
544 639
544 723
544 740
544 775
544 818
544 873
544 875
544 946
544 970
544 988
544 989
545 598
545 728
545 823
545 852
545 855
545 856
545 858
545 879
545 897
545 902
545 925
545 927
546 667
546 705
546 741
546 761
546 774
546 799
546 826
546 840
546 877
546 906
546 907
546 945
546 965
546 985
547 561
547 597
547 696
547 722
547 798
547 818
547 846
547 892
547 894
547 980
547 988
547 992
547 997
548 567
548 594
548 634
548 636
548 714
548 746
548 753
548 799
548 857
548 895
548 935
548 942
548 950
548 960
549 554
549 629
549 635
549 673
549 686
549 700
549 797
549 873
549 884
549 889
549 901
549 922
549 985
549 988
549 996
550 573
550 589
550 676
550 726
550 744
550 751
550 804
550 833
550 910
550 911
550 918
550 983
550 986
551 661
551 716
551 734
551 755
551 758
551 775
551 828
551 830
551 852
551 942
551 978
551 995
551 996
552 572
552 609
552 614
552 637
552 838
552 864
552 905
552 994
553 743
553 784
553 833
553 853
553 904
553 923
553 989
554 617
554 656
554 830
554 861
554 879
554 895
554 930
554 970
555 647
555 657
555 702
555 745
555 783
555 793
555 851
555 863
555 869
555 872
555 930
555 949
556 573
556 662
556 717
556 754
556 792
556 808
556 860
556 913
556 922
556 930
556 990
557 560
557 635
557 852
557 942
557 950
557 967
557 972
558 571
558 700
558 756
558 757
558 800
558 869
558 918
558 927
558 944
558 971
559 567
559 590
559 625
559 687
559 891
559 933
559 995
560 577
560 597
560 608
560 618
560 626
560 631
560 711
560 754
560 764
560 781
560 790
560 825
560 844
560 925
560 931
560 969
560 972
561 660
561 686
561 727
561 824
561 831
561 891
561 909
561 927
561 932
561 935
561 938
561 977
561 997
562 586
562 607
562 635
562 709
562 716
562 779
562 840
562 841
562 860
562 865
562 871
562 880
562 901
562 916
563 574
563 597
563 638
563 696
563 740
563 754
563 765
563 816
563 824
563 832
563 843
563 855
563 960
563 961
563 996
563 999
564 574
564 639
564 685
564 726
564 733
564 798
564 873
564 875
564 969
564 994
565 566
565 748
565 814
565 840
565 901
565 986
565 991
566 662
566 760
566 794
566 850
566 864
566 906
566 991
566 993
567 659
567 711
567 717
567 800
567 858
567 924
567 955
567 991
568 631
568 639
568 689
568 749
568 775
568 790
568 811
568 862
568 885
568 976
568 982
568 987
569 618
569 641
569 674
569 682
569 686
569 736
569 813
569 884
569 962
569 989
569 990
569 993
570 581
570 585
570 635
570 638
570 823
570 903
570 932
570 978
570 995
571 613
571 635
571 675
571 676
571 707
571 738
571 790
571 810
571 837
571 862
572 617
572 674
572 790
572 796
572 823
572 883
572 928
572 933
572 949
572 954
572 955
573 617
573 645
573 694
573 728
573 733
573 738
573 831
573 853
573 881
573 883
573 901
573 907
573 909
573 964
573 978
574 592
574 606
574 811
574 868
574 927
574 940
574 944
575 589
575 714
575 769
575 872
575 962
575 974
575 997
576 711
576 857
576 903
576 911
576 924
576 966
576 974
576 977
576 998
577 683
577 690
577 710
577 712
577 728
577 734
577 740
577 773
577 786
577 884
577 972
577 984
578 722
578 727
578 754
578 850
578 917
578 958
578 982
579 598
579 638
579 715
579 744
579 784
579 786
579 838
579 882
579 906
579 915
579 975
579 990
580 586
580 633
580 663
580 724
580 751
580 825
580 844
580 902
580 904
580 947
580 950
580 952
580 959
580 963
580 993
581 587
581 634
581 699
581 704
581 715
581 779
581 781
581 952
581 954
581 986
582 846
582 880
582 892
582 904
582 907
582 941
582 964
582 974
582 993
583 607
583 753
583 755
583 781
583 791
583 806
583 869
583 891
583 912
583 961
583 962
583 969
583 971
583 979
584 593
584 635
584 708
584 736
584 782
584 791
584 839
584 902
584 917
584 926
584 947
584 989
585 662
585 683
585 709
585 752
585 758
585 796
585 802
585 840
585 873
585 959
585 961
585 962
585 964
585 973
585 997
586 705
586 739
586 745
586 858
586 866
586 907
586 935
587 596
587 644
587 860
587 871
587 885
587 946
587 973
587 974
587 996
588 601
588 611
588 628
588 748
588 788
588 825
588 876
588 895
588 931
588 951
588 958
588 993
588 995
589 608
589 615
589 633
589 637
589 743
589 802
589 827
589 840
589 860
589 933
589 941
589 952
589 963
589 968
589 971
589 993
590 596
590 603
590 664
590 668
590 693
590 818
590 819
590 877
590 918
590 924
590 969
590 997
591 596
591 608
591 691
591 720
591 741
591 788
591 827
591 845
591 856
591 888
591 913
591 918
591 952
592 665
592 687
592 727
592 837
592 887
592 888
592 927
592 957
592 968
592 975
593 710
593 713
593 753
593 770
593 774
593 785
593 793
593 924
593 996
593 998
594 634
594 699
594 715
594 724
594 765
594 854
594 961
594 964
594 967
594 974
594 995
595 781
595 859
595 887
595 899
595 964
595 974
596 599
596 751
596 803
596 853
596 856
596 861
597 610
597 622
597 700
597 772
597 944
597 974
597 980
597 981
597 982
597 994
598 604
598 606
598 683
598 694
598 747
598 767
598 778
598 802
598 839
598 867
598 878
598 913
598 975
598 980
598 982
599 633
599 658
599 688
599 701
599 767
599 775
599 779
599 801
599 836
599 869
599 872
599 875
599 898
599 954
599 964
600 665
600 729
600 869
600 944
600 974
600 984
601 677
601 729
601 772
601 781
601 820
601 883
601 926
601 930
601 934
601 943
601 969
601 971
601 979
601 981
601 982
601 984
601 985
602 604
602 620
602 651
602 672
602 675
602 717
602 785
602 815
602 849
602 866
602 890
602 927
602 940
602 997
603 615
603 641
603 762
603 764
603 810
603 818
603 826
603 861
603 913
603 965
603 974
603 993
603 996
604 765
604 809
604 864
604 868
605 649
605 673
605 774
605 800
605 823
605 838
605 856
605 869
605 886
605 905
605 934
605 943
605 978
605 999
606 641
606 656
606 809
606 834
606 838
606 871
606 893
606 895
606 931
606 949
606 957
607 665
607 670
607 719
607 764
607 866
607 868
607 876
607 890
607 913
607 920
607 942
607 960
607 969
608 640
608 656
608 676
608 693
608 705
608 710
608 785
608 853
608 981
609 622
609 678
609 697
609 745
609 763
609 785
609 820
609 824
609 846
609 879
609 880
609 994
610 648
610 657
610 696
610 717
610 730
610 811
610 838
610 934
610 944
610 953
610 956
610 977
610 993
611 616
611 753
611 794
611 885
611 888
611 949
611 953
611 966
612 748
612 758
612 792
612 865
612 874
612 876
612 879
612 915
612 921
612 930
612 932
612 942
612 947
612 950
612 968
612 973
612 997
613 626
613 733
613 748
613 749
613 794
613 876
613 883
613 895
613 929
613 938
613 956
613 971
613 992
614 643
614 650
614 713
614 739
614 764
614 791
614 842
614 861
614 878
614 967
615 735
615 738
615 784
615 807
615 880
615 885
615 908
615 915
615 947
615 952
616 733
616 758
616 771
616 871
616 943
616 978
617 757
617 871
617 873
617 879
617 880
617 919
617 920
617 953
617 976
617 985
617 986
618 655
618 707
618 710
618 814
618 847
618 851
618 853
618 905
618 950
619 672
619 679
619 836
619 859
619 870
619 920
619 926
619 963
619 969
619 974
620 641
620 716
620 891
620 910
620 930
620 937
620 959
620 971
620 980
620 990
621 684
621 736
621 821
621 920
621 968
621 995
622 671
622 742
622 802
622 917
622 919
622 931
622 967
622 984
622 992
623 652
623 711
623 833
623 851
623 895
623 920
623 950
623 969
623 993
624 674
624 746
624 812
624 912
624 917
624 920
624 931
624 932
624 936
624 949
624 956
624 965
624 974
624 979
625 649
625 671
625 716
625 777
625 778
625 820
625 821
625 823
625 877
625 915
625 953
625 956
625 990
626 755
626 819
626 866
626 887
626 948
626 982
626 988
627 691
627 701
627 733
627 792
627 804
627 811
627 902
627 924
627 957
627 960
628 827
628 865
628 910
628 926
628 959
628 965
628 987
628 997
629 681
629 692
629 711
629 720
629 724
629 732
629 781
629 807
629 822
629 893
629 940
629 979
629 991
630 678
630 698
630 719
630 785
630 855
630 890
630 932
630 948
630 963
630 981
630 987
631 637
631 713
631 726
631 748
631 854
631 895
631 896
631 898
631 945
632 660
632 693
632 694
632 729
632 749
632 846
632 871
632 937
632 944
632 947
632 982
633 667
633 675
633 782
633 807
633 813
633 910
633 983
634 646
634 661
634 673
634 696
634 763
634 846
634 853
634 876
634 892
634 914
634 957
634 959
634 974
635 649
635 692
635 759
635 841
635 918
635 940
636 668
636 671
636 685
636 770
636 825
636 891
636 895
636 900
636 932
636 940
636 983
637 651
637 672
637 771
637 798
637 806
637 810
637 812
637 819
637 850
637 872
637 909
637 939
637 959
637 969
637 981
637 999
638 663
638 674
638 683
638 788
638 802
638 803
638 914
638 953
638 989
638 992
639 655
639 772
639 817
639 915
639 957
639 969
640 702
640 734
640 741
640 800
640 815
640 823
640 848
640 902
640 939
640 950
640 977
641 650
641 694
641 732
641 836
641 837
641 883
641 895
641 926
641 949
641 985
641 993
642 704
642 727
642 851
642 959
642 974
642 986
643 671
643 678
643 701
643 829
643 837
643 849
643 872
643 879
643 913
643 942
643 959
643 983
644 645
644 713
644 749
644 879
644 884
644 886
644 943
644 970
645 817
645 832
645 924
645 963
646 666
646 730
646 757
646 768
646 925
646 956
646 957
646 986
647 688
647 689
647 705
647 708
647 719
647 723
647 812
647 834
647 847
647 864
647 915
647 964
648 694
648 724
648 727
648 787
648 806
648 840
648 919
648 963
649 750
649 840
649 875
649 965
650 701
650 811
650 833
650 834
650 835
650 847
650 871
650 874
650 907
650 915
650 932
650 938
650 940
650 952
650 975
650 980
650 981
651 691
651 762
651 842
651 861
651 863
651 905
651 914
651 928
651 979
651 992
652 665
652 674
652 687
652 707
652 882
652 903
652 910
653 687
653 833
653 841
653 911
653 923
653 951
653 960
653 981
654 663
654 672
654 750
654 776
654 799
654 865
654 868
654 869
654 881
654 939
654 941
654 971
654 976
655 666
655 864
655 870
655 886
655 895
655 931
655 937
655 940
655 969
655 972
655 974
655 986
656 734
656 836
656 858
656 868
656 928
656 935
656 954
656 964
656 988
656 995
656 999
657 691
657 702
657 805
657 813
657 849
657 867
657 908
657 991
658 669
658 702
658 746
658 832
658 924
658 959
658 983
658 991
659 701
659 715
659 770
659 797
659 845
659 849
659 915
659 938
659 941
659 946
659 956
659 985
660 673
660 690
660 694
660 739
660 770
660 793
660 802
660 810
660 837
660 858
660 869
660 878
660 936
660 966
660 986
660 989
660 995
661 671
661 700
661 701
661 790
661 827
661 850
661 860
661 948
661 991
661 998
661 999
662 665
662 802
662 893
662 927
662 942
662 966
662 970
663 696
663 807
663 814
663 898
663 907
663 908
663 921
663 949
663 965
663 976
663 991
664 698
664 723
664 798
664 819
664 835
664 929
664 932
664 938
664 951
665 707
665 737
665 751
665 771
665 777
665 789
665 884
665 939
665 941
665 999
666 682
666 734
666 860
666 891
666 904
666 907
666 980
666 995
667 670
667 713
667 791
667 807
667 851
667 852
667 901
667 924
667 925
667 936
667 938
667 948
667 952
667 963
667 964
667 978
668 699
668 707
668 752
668 842
668 882
668 888
668 897
668 912
668 962
668 977
669 683
669 713
669 752
669 829
669 879
669 880
669 927
669 933
669 934
669 951
669 993
670 685
670 721
670 735
670 737
670 749
670 751
670 772
670 881
670 897
670 927
670 928
670 969
670 974
671 719
671 782
671 794
671 798
671 818
671 822
671 846
671 855
671 869
671 916
671 928
671 949
671 953
671 965
671 967
671 969
671 975
672 680
672 727
672 759
672 802
672 820
672 845
672 858
672 876
672 884
672 886
672 927
672 979
672 998
673 738
673 780
673 871
673 913
673 936
673 985
673 988
673 996
673 997
674 695
674 752
674 786
674 800
674 990
675 680
675 798
675 881
675 934
675 940
676 736
676 752
676 816
676 854
676 861
676 864
676 867
676 873
676 880
676 922
676 978
676 992
677 682
677 723
677 776
677 828
677 893
677 918
677 935
677 951
677 965
677 967
677 974
677 980
677 986
678 683
678 767
678 794
678 797
678 804
678 840
678 858
678 890
678 914
678 943
678 951
678 959
679 700
679 704
679 727
679 809
679 823
679 856
679 858
679 881
679 889
679 928
679 979
680 709
680 722
680 728
680 798
680 815
680 834
680 855
680 869
680 871
680 904
680 906
680 959
680 982
680 987
681 767
681 881
681 928
681 932
681 956
681 975
681 984
681 996
682 689
682 716
682 723
682 733
682 752
682 770
682 943
682 944
682 948
682 983
682 987
682 991
682 997
683 684
683 861
683 921
683 938
684 735
684 769
684 800
684 940
684 963
684 968
684 975
684 992
684 995
685 694
685 783
685 843
685 903
685 913
685 915
685 923
685 945
686 695
686 721
686 808
686 858
686 877
686 911
686 934
686 964
686 986
686 995
687 697
687 722
687 768
687 795
687 800
687 806
687 833
687 862
687 890
687 931
687 947
687 965
688 865
688 896
688 903
688 914
688 951
688 988
689 694
689 719
689 744
689 809
689 837
689 857
689 918
689 990
689 991
690 700
690 724
690 726
690 736
690 783
690 818
690 829
690 891
690 931
690 965
690 974
690 985
690 997
691 805
691 871
691 891
691 898
691 932
691 934
691 950
692 772
692 788
692 792
692 822
692 832
692 880
692 886
692 897
692 920
692 967
692 970
692 976
692 984
693 722
693 772
693 783
693 819
693 832
693 845
693 848
693 912
693 917
693 954
693 958
693 961
693 965
693 978
693 989
694 734
694 742
694 852
694 874
694 886
695 762
695 831
695 849
695 930
695 947
695 998
696 699
696 786
696 790
696 804
696 854
696 862
696 945
696 955
697 743
697 755
697 856
697 890
697 904
697 936
697 969
697 988
698 716
698 782
698 832
698 870
698 893
698 907
698 916
698 946
698 975
698 982
699 718
699 746
699 758
699 762
699 805
699 809
699 853
699 862
699 903
699 919
699 923
699 937
699 973
700 764
700 810
700 846
700 879
700 893
700 901
700 925
700 935
700 962
700 981
700 996
701 717
701 803
701 808
701 813
701 918
701 950
701 967
701 989
701 996
702 742
702 790
702 828
702 879
702 920
702 926
702 931
702 936
702 946
702 949
702 959
702 960
702 992
703 739
703 803
703 820
703 851
703 858
703 898
703 919
703 930
703 960
704 705
704 711
704 739
704 744
704 767
704 796
704 797
704 808
704 822
704 834
704 837
704 892
704 913
704 946
704 948
704 949
705 828
705 899
705 923
705 934
705 947
705 973
705 993
705 998
706 729
706 764
706 853
706 859
706 904
706 959
706 977
706 978
706 979
707 747
707 783
707 807
707 838
707 894
707 902
707 919
707 950
707 957
707 984
707 989
707 997
708 748
708 762
708 837
708 877
708 879
708 883
708 910
708 952
708 964
708 967
709 712
709 735
709 755
709 761
709 771
709 779
709 780
709 881
709 899
709 913
709 956
709 965
709 970
709 976
709 999
710 805
710 813
710 821
710 895
710 918
710 936
710 950
710 957
710 970
710 980
710 983
710 986
710 999
711 750
711 770
711 837
711 839
711 889
711 907
711 977
711 979
712 730
712 743
712 744
712 746
712 789
712 816
712 855
712 881
712 921
712 929
712 937
712 949
712 996
713 766
713 883
713 917
713 923
713 941
713 965
713 981
714 727
714 812
714 817
714 828
714 914
714 917
714 957
714 976
714 993
715 788
715 894
715 934
715 981
716 727
716 735
716 787
716 825
716 890
716 904
716 905
716 933
716 934
716 941
716 949
716 955
716 968
716 987
716 992
716 993
716 994
716 998
717 791
717 851
717 915
717 926
717 931
717 944
717 957
717 977
718 719
718 723
718 753
718 770
718 793
718 820
718 852
718 853
718 888
718 911
718 919
718 956
718 984
718 997
719 754
719 795
719 810
719 837
719 883
719 935
719 941
719 951
719 982
719 999
720 754
720 781
720 803
720 838
720 881
720 902
720 916
720 932
720 943
720 945
720 973
720 976
720 988
721 722
721 816
721 820
721 834
721 880
721 885
721 908
721 930
721 932
721 944
721 952
721 953
721 973
721 979
721 980
722 740
722 754
722 775
722 851
722 854
722 856
722 857
722 909
722 931
722 977
723 804
723 837
723 857
723 864
723 866
723 867
723 904
723 911
723 917
723 930
723 953
723 963
723 997
724 758
724 778
724 788
724 810
724 828
724 834
724 861
724 890
724 924
724 926
724 937
724 954
724 975
724 983
725 738
725 755
725 839
725 850
725 858
725 898
725 910
725 913
725 922
725 927
725 941
725 943
725 964
725 968
725 974
725 993
726 786
726 829
726 839
726 855
726 861
726 869
726 894
726 899
726 905
726 942
727 745
727 789
727 837
727 957
727 973
728 790
728 796
728 808
728 818
728 854
728 879
728 898
728 905
728 910
728 923
728 932
728 934
728 973
728 981
729 763
729 769
729 770
729 793
729 823
729 827
729 865
729 868
729 876
729 878
729 882
729 904
729 920
729 935
729 970
729 990
730 737
730 760
730 764
730 785
730 839
730 879
730 885
730 891
730 900
730 915
730 949
730 959
730 962
730 978
731 741
731 756
731 786
731 792
731 913
731 926
731 956
731 977
731 992
731 997
732 753
732 770
732 774
732 832
732 923
732 946
732 955
732 958
732 986
732 987
732 995
733 734
733 737
733 739
733 886
733 972
733 974
733 999
734 784
734 811
734 829
734 858
734 861
734 903
734 907
734 916
734 971
735 738
735 747
735 764
735 785
735 786
735 875
735 901
735 908
735 940
735 944
735 968
735 974
735 975
735 992
736 772
736 773
736 852
736 856
736 872
736 880
736 899
736 942
736 947
736 973
736 975
736 978
736 981
736 987
737 806
737 807
737 848
737 851
737 891
737 893
737 906
737 907
737 908
737 922
737 982
737 993
738 751
738 867
738 882
738 951
738 979
738 993
739 789
739 794
739 804
739 844
739 882
739 902
739 908
739 944
739 949
739 951
739 983
740 858
740 859
740 860
740 861
740 887
740 896
740 924
740 960
741 765
741 792
741 798
741 806
741 878
741 894
741 985
742 758
742 768
742 815
742 876
742 895
742 921
742 923
742 941
742 994
743 744
743 762
743 783
743 811
743 846
743 852
743 879
743 893
743 933
743 950
743 954
743 976
743 987
743 991
744 759
744 778
744 794
744 849
744 879
744 941
744 960
744 962
744 963
744 988
745 749
745 759
745 786
745 844
745 854
745 867
745 904
745 910
745 926
745 997
746 775
746 802
746 835
746 850
746 877
746 916
746 933
746 936
746 958
746 969
747 772
747 809
747 817
747 829
747 858
747 971
747 985
747 999
748 749
748 760
748 789
748 806
748 865
748 871
748 899
748 961
748 994
748 999
749 861
749 878
749 908
749 931
749 933
749 934
749 971
749 972
749 990
749 993
750 770
750 805
750 810
750 854
750 874
750 909
750 917
750 931
750 955
750 961
750 973
750 989
750 997
750 998
751 772
751 789
751 812
751 821
751 856
751 865
751 868
751 878
751 929
751 944
751 948
751 953
751 977
752 814
752 824
752 852
752 887
752 889
752 906
752 912
752 917
752 926
752 951
752 957
752 999
753 849
753 871
753 873
753 896
753 903
753 957
753 987
754 801
754 820
754 846
754 848
754 906
754 908
754 968
754 969
754 974
754 984
755 761
755 787
755 788
755 843
755 915
755 937
755 953
755 961
755 974
755 991
755 998
756 791
756 829
756 835
756 837
756 850
756 882
756 910
756 934
756 945
756 961
756 992
756 993
757 785
757 826
757 830
757 885
757 922
757 929
757 938
757 945
758 819
758 872
758 885
758 938
759 776
759 812
759 882
759 889
759 945
759 946
759 954
759 972
760 816
760 822
760 824
760 876
760 883
760 929
760 939
760 946
760 949
760 974
760 987
761 798
761 804
761 882
761 883
761 909
761 937
761 947
761 991
762 785
762 873
762 930
762 944
762 966
763 777
763 892
763 924
763 965
763 969
763 971
763 982
763 988
763 995
763 996
764 815
764 845
764 914
764 952
764 961
764 998
765 841
765 858
765 867
765 880
765 888
765 913
765 954
765 993
766 774
766 778
766 795
766 855
766 941
766 948
766 952
766 960
766 982
766 985
767 771
767 857
767 903
767 909
767 920
767 944
767 981
767 982
767 997
768 795
768 849
768 875
768 930
768 957
769 772
769 774
769 793
769 802
769 868
769 871
769 875
769 889
769 920
769 925
769 936
769 944
769 976
769 997
770 790
770 795
770 801
770 844
770 867
770 897
770 927
770 936
770 952
770 953
770 959
770 966
770 974
770 977
770 989
771 775
771 783
771 798
771 873
771 892
771 897
771 953
771 959
771 966
771 975
772 791
772 812
772 858
772 906
772 922
772 946
772 947
772 955
772 978
772 994
773 775
773 807
773 818
773 820
773 874
773 913
773 931
773 941
773 964
773 966
773 987
773 992
774 791
774 844
774 848
774 849
774 875
774 897
774 944
774 963
774 973
775 790
775 829
775 860
775 870
775 880
775 922
775 938
775 982
776 798
776 823
776 828
776 837
776 845
776 882
776 928
776 935
776 941
776 959
776 964
776 973
776 974
776 980
776 986
776 994
777 800
777 852
777 895
777 941
777 967
777 977
778 781
778 792
778 806
778 823
778 824
778 838
778 926
778 940
778 980
778 996
779 835
779 900
779 913
779 919
779 948
779 964
779 970
779 982
779 994
780 821
780 854
780 887
780 909
780 953
780 963
780 964
780 987
781 815
781 831
781 857
781 919
781 927
781 940
781 949
781 951
781 961
782 922
782 928
782 941
782 952
782 955
782 974
782 999
783 791
783 830
783 871
783 927
783 934
783 956
783 965
783 970
783 973
784 797
784 894
784 921
784 934
784 948
784 950
784 957
784 982
784 983
784 984
784 991
784 994
784 998
785 877
785 889
785 899
785 907
785 910
785 912
785 915
785 958
785 980
785 981
785 991
786 801
786 835
786 852
786 899
786 915
786 946
786 957
786 980
787 806
787 841
787 853
787 861
787 871
787 902
787 908
787 928
787 965
787 999
788 794
788 808
788 834
788 840
788 877
788 987
788 992
788 997
789 795
789 796
789 820
789 822
789 844
789 860
789 904
789 931
789 935
789 953
789 967
789 988
790 816
790 920
790 942
790 945
790 953
790 965
790 977
791 792
791 819
791 824
791 840
791 869
791 912
791 928
791 944
791 963
792 882
792 925
792 932
793 809
793 813
793 837
793 900
793 923
793 970
793 973
793 987
794 798
794 818
794 863
794 913
794 929
794 938
794 958
794 978
794 981
794 987
794 999
795 866
795 897
795 951
795 955
795 956
795 994
796 858
796 981
797 806
797 838
797 846
797 884
797 910
797 918
797 924
797 953
797 958
797 968
797 983
798 840
798 846
798 862
798 876
798 880
798 903
798 925
798 947
798 990
799 804
799 838
799 883
799 917
799 940
799 963
799 973
799 974
799 978
800 801
800 860
800 864
800 915
800 945
800 946
800 963
800 987
800 988
800 994
800 995
801 823
801 836
801 854
801 875
801 887
801 901
801 905
801 910
801 954
801 966
801 969
801 971
801 978
801 984
801 993
801 997
802 814
802 826
802 877
802 884
802 892
802 923
802 941
802 971
802 974
802 981
802 989
802 993
802 997
803 810
803 853
803 868
803 887
803 940
803 946
803 953
803 971
804 810
804 844
804 853
804 861
804 890
804 911
804 923
804 959
804 972
804 980
805 807
805 843
805 859
805 887
805 936
805 953
805 960
806 819
806 826
806 828
806 849
806 867
806 894
806 898
806 924
806 926
806 950
806 969
806 975
806 999
807 815
807 821
807 874
807 922
807 923
807 927
807 928
807 952
807 992
808 819
808 867
808 908
808 935
808 947
808 953
808 975
808 977
808 996
809 810
809 890
809 906
809 924
809 957
809 991
809 994
810 814
810 828
810 846
810 861
810 902
810 922
810 974
810 992
810 998
811 817
811 823
811 826
811 829
811 838
811 860
811 965
811 996
812 840
812 852
812 883
812 886
812 895
812 897
812 929
812 953
812 983
812 992
812 998
813 828
813 831
813 841
813 850
813 858
813 862
813 894
813 904
813 913
813 932
813 967
813 976
813 980
813 987
814 824
814 832
814 835
814 860
814 863
814 898
814 901
814 909
814 919
814 930
814 962
814 977
814 986
814 995
815 824
815 853
815 895
815 900
815 901
815 938
815 946
815 957
815 976
815 992
816 833
816 838
816 858
816 869
816 888
816 897
816 899
816 903
816 913
816 922
816 938
816 970
816 987
817 868
817 883
817 935
817 953
817 963
817 986
817 987
817 989
817 993
817 996
817 999
818 859
818 928
818 931
818 952
818 979
818 988
818 993
819 825
819 830
819 837
819 875
819 889
819 960
819 964
819 982
819 983
819 995
820 854
820 869
820 960
820 968
821 858
821 875
821 946
821 948
821 960
821 961
821 981
822 838
822 843
822 844
822 851
822 857
822 869
822 870
822 898
822 923
822 936
822 962
822 969
822 996
822 997
823 832
823 853
823 879
823 926
823 978
823 980
823 983
823 989
823 993
823 994
824 853
824 886
824 909
824 911
824 935
824 938
824 965
824 972
824 974
825 861
825 877
825 896
825 951
825 969
825 971
825 972
825 978
826 844
826 892
826 914
826 942
826 946
826 964
826 966
826 970
826 983
826 987
827 842
827 869
827 885
827 906
827 909
827 955
827 989
828 847
828 881
828 885
828 897
828 907
828 916
828 927
828 930
828 932
828 945
828 955
828 972
828 981
828 993
829 875
829 904
829 917
830 838
830 840
830 908
830 913
830 919
830 943
830 965
830 975
830 990
831 920
831 927
831 942
831 972
831 978
831 998
832 858
832 892
832 905
832 906
832 910
832 977
832 985
832 999
833 837
833 843
833 863
833 871
833 935
833 963
833 970
833 971
833 973
833 993
834 849
834 856
834 887
834 905
834 933
834 954
834 959
835 868
835 874
835 881
835 889
835 893
835 906
835 913
835 920
835 938
835 944
835 953
835 954
835 968
835 993
835 999
836 850
836 859
836 860
836 921
836 923
836 935
836 941
836 942
836 953
836 968
836 994
837 851
837 859
837 865
837 870
837 910
837 941
837 961
837 992
837 996
838 861
838 914
838 933
838 947
838 967
838 977
838 985
839 866
839 885
839 895
839 908
839 935
839 950
839 985
839 990
840 888
840 903
840 916
840 937
840 941
840 952
840 985
840 990
841 915
841 945
841 986
841 996
841 997
842 848
842 883
842 912
842 929
842 982
842 984
842 992
842 995
843 875
843 876
843 898
843 928
843 929
843 949
843 955
843 965
843 968
843 998
844 846
844 897
844 933
844 943
844 950
844 969
844 990
844 991
844 995
845 847
845 877
845 948
846 862
846 869
846 915
846 927
846 935
846 974
846 978
847 886
847 897
847 907
847 956
847 969
847 993
848 871
848 873
848 911
848 929
848 933
848 943
848 951
848 991
849 878
849 884
849 944
849 953
849 955
849 979
849 990
849 992
850 917
850 945
850 952
850 953
850 970
850 991
851 877
851 917
851 919
851 922
851 929
851 941
851 949
851 958
851 968
851 989
851 998
852 864
852 900
852 908
852 955
852 975
852 982
853 875
853 895
853 900
853 908
853 951
853 957
854 885
854 913
854 955
854 969
854 971
854 994
854 998
855 879
855 901
855 904
855 907
855 941
855 945
855 964
855 972
855 975
855 979
855 980
855 981
855 989
855 996
856 877
856 914
856 984
856 986
857 889
857 911
857 917
857 922
857 928
857 931
857 999
858 870
858 874
858 892
858 893
858 985
858 993
859 870
859 884
859 887
859 917
859 932
859 940
859 953
859 965
859 981
859 987
859 998
860 871
860 874
860 907
860 922
860 997
861 863
861 864
861 880
861 889
861 910
861 940
861 944
862 877
862 936
862 967
862 980
862 987
863 870
863 902
863 951
863 953
863 972
863 978
863 993
864 868
864 892
864 902
864 944
864 994
865 881
865 924
865 925
865 942
865 956
865 970
865 993
866 886
866 937
866 938
866 957
866 966
866 968
866 977
866 982
866 986
866 989
867 871
867 879
867 938
867 939
867 947
867 992
868 876
868 921
868 947
868 965
868 968
868 985
868 995
869 918
869 928
869 930
869 935
869 940
869 948
869 983
869 993
869 997
870 876
870 887
870 912
870 936
870 952
870 969
871 890
871 893
871 898
871 927
871 935
871 955
871 957
871 991
872 886
872 895
872 974
872 978
872 999
873 907
873 921
873 934
873 957
873 997
874 902
874 931
874 935
874 972
874 989
875 897
875 905
875 940
875 941
875 970
875 976
875 988
875 997
876 937
876 974
876 984
876 988
877 891
877 923
877 932
877 939
877 941
877 953
877 977
877 997
878 889
878 910
878 935
878 950
878 983
879 964
879 981
879 987
880 889
880 892
880 917
880 918
880 944
880 949
880 954
880 971
880 974
880 990
880 993
880 996
881 900
881 941
881 956
881 971
881 976
881 977
881 978
881 984
882 894
882 902
882 907
882 909
882 917
882 925
882 944
882 978
882 982
882 985
882 992
883 909
883 911
883 924
883 973
883 977
884 889
884 910
884 927
884 969
884 984
884 985
885 887
885 944
885 946
885 973
885 974
885 976
885 988
885 989
885 994
886 905
886 917
886 977
886 982
886 991
887 898
887 924
887 943
887 966
887 972
887 979
887 982
887 984
887 995
887 996
887 998
888 921
888 924
888 934
888 965
888 970
889 890
889 891
889 898
889 901
889 914
889 940
889 953
889 977
889 980
889 983
889 996
890 891
890 908
890 911
890 924
890 927
890 931
890 945
890 949
890 954
890 955
890 964
890 969
890 978
890 979
890 987
890 989
891 896
891 915
891 944
891 947
891 949
891 972
891 991
892 893
892 906
892 912
892 918
892 929
892 940
892 942
892 949
892 960
892 979
892 981
892 996
893 902
893 943
893 961
893 986
893 996
893 997
893 999
894 906
894 914
894 949
894 962
894 976
894 980
894 985
894 987
894 988
895 896
895 898
895 920
895 947
895 952
895 969
896 901
896 908
896 923
896 938
896 974
896 980
896 998
897 898
897 906
897 909
897 952
897 973
897 975
897 994
898 916
898 924
898 926
898 959
898 966
898 968
898 980
898 994
898 995
899 924
899 949
899 982
899 995
899 999
900 925
900 937
900 944
900 978
900 994
900 999
901 912
901 918
901 940
901 953
901 964
901 971
901 979
901 993
901 998
902 951
902 965
902 967
902 986
902 993
903 957
903 961
903 982
904 922
904 957
904 961
904 969
904 976
904 978
904 981
904 987
904 992
905 923
905 926
905 929
905 933
905 943
905 946
905 957
905 959
905 970
905 995
906 923
906 925
906 933
906 935
906 963
906 982
906 990
906 993
907 937
907 940
907 971
907 973
907 992
908 922
908 952
908 958
908 973
908 984
908 993
908 999
909 911
909 932
909 940
909 945
909 964
909 965
909 976
909 977
909 982
909 992
909 998
910 932
910 933
910 949
911 921
911 930
911 941
911 977
911 988
911 991
912 946
912 949
912 958
912 965
912 975
912 994
913 914
913 918
913 924
913 934
913 940
913 957
913 993
913 998
914 925
914 951
914 966
914 986
914 991
915 922
915 959
915 961
915 967
915 970
915 997
915 999
916 924
916 931
916 948
916 951
916 965
916 993
917 928
917 946
917 948
917 974
917 977
918 941
918 942
918 960
918 973
918 976
918 986
918 997
919 923
919 940
919 949
919 960
919 963
919 990
920 932
920 965
920 979
921 924
921 943
921 967
921 968
921 972
921 991
922 928
922 938
922 950
922 955
922 957
922 973
922 976
922 995
923 931
923 936
923 939
923 943
923 985
923 988
923 997
924 933
924 944
924 957
924 976
924 987
924 991
924 997
925 951
925 959
925 961
925 962
925 984
925 989
925 990
926 965
926 977
926 983
926 989
927 952
927 955
927 965
927 972
927 978
927 998
928 943
928 959
928 962
928 966
928 975
928 978
928 993
928 994
928 998
929 932
929 939
929 944
929 953
929 962
929 974
929 976
929 992
930 958
930 968
930 983
931 950
931 956
931 970
931 975
931 992
932 938
932 963
932 964
932 969
932 972
932 977
932 979
932 986
932 992
933 936
933 960
933 962
933 963
933 972
933 979
933 990
934 946
934 949
934 957
934 969
934 985
934 990
935 938
935 961
935 975
935 983
936 939
936 940
936 943
936 945
936 957
936 965
936 980
936 991
936 992
936 993
936 996
936 998
937 942
937 965
937 987
937 990
937 996
937 997
938 951
938 957
938 964
938 971
938 995
938 997
939 954
939 958
940 941
940 942
940 949
940 973
940 976
940 997
941 966
941 994
942 954
942 959
942 966
942 970
942 974
943 958
943 962
943 963
943 979
943 999
944 946
944 971
944 984
944 993
944 994
944 996
945 951
945 961
945 964
945 973
945 977
945 982
945 987
945 988
945 992
946 957
946 975
946 981
946 988
946 989
946 990
946 992
946 997
947 953
947 960
947 962
947 974
947 975
947 988
947 994
948 956
948 962
948 963
948 964
948 969
948 984
948 987
948 994
949 963
949 966
949 967
949 994
950 951
950 961
950 963
950 969
950 998
951 960
951 961
951 962
951 981
951 985
951 986
951 989
951 997
952 979
952 988
952 992
952 995
953 982
953 985
953 990
953 992
953 998
954 977
954 987
954 989
954 998
955 958
955 961
955 964
955 965
955 971
955 973
955 995
956 964
956 972
956 976
956 985
957 958
957 971
957 981
957 984
957 993
957 994
957 996
957 999
958 963
958 979
958 981
958 989
958 992
958 998
959 962
959 971
959 972
959 977
959 983
959 996
959 997
959 998
960 963
960 975
960 987
960 988
961 962
961 963
961 964
961 977
961 981
961 982
961 984
961 995
961 998
962 973
962 974
962 984
962 985
962 990
962 998
963 975
963 978
963 979
963 983
963 985
963 986
963 993
963 994
963 997
963 998
964 965
964 967
964 971
964 979
964 989
964 991
964 995
964 999
965 982
965 990
965 993
966 973
966 988
966 989
966 993
967 975
967 976
967 988
968 970
968 971
968 975
968 980
968 989
968 993
968 996
969 983
969 986
969 992
969 997
970 973
970 977
970 980
970 984
970 986
970 990
970 995
971 973
971 987
971 990
971 998
972 974
972 987
972 998
973 976
973 978
973 983
973 984
973 992
973 995
974 979
974 986
974 987
974 996
975 999
976 983
976 991
976 993
977 998
978 981
978 988
978 991
978 993
979 989
979 993
979 997
980 991
980 998
981 984
981 985
981 987
981 998
983 988
984 989
985 991
985 992
986 997
987 988
987 992
987 997
989 991
990 999
991 997
992 998
993 995
