0.89252
0.964171
0.957303
0.968363
0.623219
0.992551
0.980099
0.997441
0.726662
0.692578
0.016042
0.042604
0.012372
0.361551
0.015214
0.978104
0.240548
0.276116
0.67569
0.423026
0.117608
0.509166
0.72289
0.680335
0.023802
0.26213
0.009178
0.139705
0.000546
0.527696
0.38575
0.325489
0.310876
0.003852
0.621062
0.080347
0.000104
0.489652
0.197045
0.329491
0.511758
0.018767
0.000101
0.645196
0.142405
0.267142
0.633595
0.267497
0.211075
0.725827
0.000508
0.885684
0.010183
0.990459
0.009351
0.21286
0.003725
0.01421
0.013911
0.00013
0.45189
0.1514
0.108983
0.003336
0.29249
0.206663
0.332594
0.993913
0.845436
0.443642
0.24381
0.006827
0.506241
0.512168
0.596473
0.004485
0.498481
0.839554
0.860999
0.216416
0.279419
0.561751
0.059773
0.661575
0.59797
0.000241
0.296606
0.300719
0.994477
0.22155
0.00045
0.159101
0.090313
0.003612
0.006019
0.00422
0.003444
0.000112
0.60924
0.009984
0.312799
0.001802
0.016822
0.003198
0.986144
0.006298
0.181855
0.021114
0.015566
0.326653
0.557335
0.853784
0.022846
0.009947
0.636811
