0.042565
0.182333
0.007633
0.015035
0.837734
0.020815
0.008338
0.018215
0.078419
0.001965
0.999362
0.025487
0.035699
0.955728
0.852043
0.121464
0.020675
0.119869
0.007083
0.015221
0.049035
0.008505
0.061109
0.057186
0.000319
0.024832
0.064743
0.022026
0.017458
0.048359
0.030961
0.011923
0.061079
0.278906
0.106759
0.085238
0.040379
0.519782
0.023437
0.008976
0.001098
0.187312
0.060383
0.130475
0.009834
0.160397
0.048812
0.049721
0.058847
0.593577
0.520825
0.038256
0.025163
0.035858
0.124066
0.08096
0.074764
0.043839
0.076628
0.068915
0.008805
0.02605
0.160392
0.041346
0.187743
0.046193
0.579353
0.068064
0.020716
0.009005
0.034059
0.892859
0.177341
0.040532
0.018761
0.374141
0.047659
0.05393
0.012736
0.071462
0.025696
0.038048
0.008347
0.120492
0.07327
0.026528
0.025325
0.069347
0.997783
0.037198
0.054927
0.021449
0.011106
0.013491
0.004615
0.393808
0.028756
0.048609
0.013583
0.010622
0.012975
0.025855
0.014441
0.01383
0.168515
0.977775
0.036792
0.033481
0.019521
0.028104
0.05963
0.003708
0.002507
0.011633
0.049089
0.016101
0.030112
0.016845
0.038836
0.03052
0.109787
0.52447
0.036295
0.001045
0.050754
0.187139
0.024717
0.130945
0.141026
0.070651
0.044315
0.383262
0.707383
0.0283
0.025131
0.941725
0.004778
0.011819
0.045325
0.096084
0.018792
0.08468
0.045447
0.384471
0.948549
0.019667
0.061061
0.013692
0.017547
0.397721
0.10885
0.034581
0.011842
0.042771
0.070837
0.019534
0.03905
0.014547
0.21961
0.14791
0.027238
0.629563
0.008989
0.021071
0.044817
0.792912
0.297757
0.005119
0.117796
0.021381
0.011292
0.569869
0.022214
1.0001
0.020559
0.03049
0.025323
0.045531
0.037312
0.001592
0.009807
0.024089
0.017836
0.001432
0.000926
0.917982
0.030061
0.016791
0.759967
0.021117
0.039835
0.08139
0.296015
0.043904
0.019558
0.084519
0.027146
0.000624
0.015142
0.010515
0.008931
0.013199
0.148407
0.030704
0.004324
0.080815
0.044444
0.032053
0.051093
0.037571
0.31843
0.029975
0.320116
0.383051
0.051389
0.014977
0.046538
0.069382
0.021943
0.0519
0.006378
0.102218
0.021149
0.04253
0.08574
0.086892
0.05005
0.029706
0.012678
0.01903
0.232801
0.005305
0.048068
0.011952
0.037526
0.114982
0.054
0.084699
0.028276
0.28256
0.017697
0.012584
0.093209
0.107398
0.063471
0.001553
0.113286
0.221226
0.02649
0.102209
0.139568
0.054471
0.001282
0.015689
0.050525
0.034441
0.001613
0.875269
0.004037
0.017611
0.038097
0.095576
0.010835
0.003848
0.004974
0.020057
0.001365
0.006907
0.011291
0.753077
0.953773
0.201489
0.018529
0.006125
0.047236
0.105962
0.999854
0.042584
0.570008
0.014357
0.184115
0.033132
0.001188
0.101311
0.013025
0.042971
0.030751
0.142967
0.043608
0.082276
0.090127
0.317432
0.001862
0.042824
0.040082
0.044099
0.012167
0.336517
0.04041
0.033471
0.030255
0.011757
0.94803
0.01571
0.421127
0.894654
0.006885
0.013366
0.080118
0.042632
0.019448
0.000303
0.004572
0.017648
0.034657
0.999672
0.507556
0.002398
0.543334
0.033706
0.184004
0.020597
0.057141
0.62795
0.00245
0.925332
0.057638
0.009554
0.102352
0.011716
0.057607
0.066178
0.127174
0.000314
0.010816
0.031868
0.086857
0.023311
0.034506
0.999516
0.033337
1.000099
0.012115
0.100676
0.051717
0.026958
0.667878
0.063245
0.035488
0.094081
0.178663
0.07057
0.039215
0.023703
0.069094
0.002446
0.017326
0.224085
0.017547
0.046354
0.099988
0.031617
0.017861
0.027569
0.00187
0.005681
0.090585
0.03656
0.032846
0.07935
0.444089
0.001024
0.020533
0.021536
0.024707
0.056367
0.001574
0.015942
0.024506
0.11124
0.037974
0.111542
0.003482
0.03728
0.022162
0.006557
0.000363
0.017682
0.095496
0.012047
0.008712
0.394859
0.118428
0.010892
0.081188
0.06417
0.045979
0.087046
0.01095
0.010056
0.00085
0.001009
0.034501
0.03669
0.034546
0.071603
0.834603
0.021501
0.091527
0.033381
0.071367
0.057554
0.662476
0.019673
0.05913
0.019835
0.078296
0.033067
0.213058
0.562512
0.032044
0.382713
0.514769
0.010509
0.120788
0.470776
0.023421
0.048187
0.280526
0.015705
0.052359
0.094509
0.02488
0.01314
0.051956
0.083586
0.808995
0.002051
0.098684
0.61997
0.05641
0.020573
0.00039
0.012599
0.918015
0.29209
0.071588
0.028063
0.134697
0.016044
0.010721
0.001324
0.1029
0.087314
0.005709
0.040481
0.046432
0.002066
0.012931
0.013233
0.048715
0.184319
0.024439
0.044245
0.10068
0.013533
0.018933
0.023755
0.068435
0.055048
0.006673
0.215454
0.098689
0.019597
0.003666
0.070748
0.004334
0.077811
0.131589
0.005094
0.060267
0.212124
0.015274
0.043587
0.011243
0.071083
0.027808
0.039745
0.998985
0.002377
0.001743
0.416999
0.080069
0.029792
0.042193
0.051413
0.180477
0.01437
0.040243
0.094432
0.132882
0.059427
0.583041
0.081835
0.022109
0.238681
0.0006
0.140898
0.011493
0.054915
0.003665
0.99416
0.998628
0.773332
0.764671
0.015669
0.731721
0.033032
0.102553
0.02061
0.09582
0.021592
0.007723
0.01845
0.020034
0.225591
0.018178
0.142272
0.063392
0.114891
0.206005
0.024926
0.026979
0.060179
0.029975
0.028328
0.004918
0.001278
0.045709
0.086709
0.144796
0.060016
0.919789
0.042302
0.070525
0.827444
0.008503
0.050644
0.005035
0.009519
0.036565
0.040602
0.088489
0.028322
0.00213
0.033371
0.205648
0.026471
0.025903
0.012409
0.992517
0.015992
0.339169
0.037922
0.096578
0.056437
0.079457
0.033237
0.014319
0.936322
0.02687
0.030824
0.190969
0.177073
0.134362
0.043265
0.041268
0.156779
0.981201
0.009395
0.144355
0.044672
0.001277
0.03873
0.072014
0.188967
0.008115
0.001743
0.02156
0.010925
0.030598
0.018772
0.088464
1.000084
0.088778
0.048019
0.013556
0.882584
0.002773
0.045936
0.055582
0.03484
0.000992
0.004024
0.283543
0.009516
0.202154
0.006532
0.021865
0.029131
0.039399
0.002075
0.015526
0.254488
0.084692
0.000943
0.01136
0.017757
0.013471
0.376317
0.011697
0.04922
0.190389
0.017376
0.021602
0.096135
0.14032
0.1255
0.092117
0.117629
0.995979
0.028244
0.816886
0.000469
0.006037
0.784088
0.060361
1.000094
0.018101
0.074199
0.096391
0.235142
0.018719
0.012057
0.003505
0.488424
0.038317
0.008059
0.005571
0.036882
0.035777
0.111543
0.064389
0.00311
0.021343
0.052817
0.017192
0.413613
0.001392
0.115653
0.096262
0.05492
0.021284
0.05373
0.48553
0.809555
0.006923
0.011559
0.367358
0.16201
0.047595
0.006007
0.039805
0.430081
0.035381
0.097216
0.037857
0.140877
0.087727
0.137243
0.047553
0.020979
0.067469
0.123491
0.988157
0.007783
0.051923
0.093411
0.058711
0.133633
0.003055
0.041046
0.006034
0.040221
0.160457
0.036266
0.481198
0.063853
0.678899
0.513359
0.051743
0.006939
0.017396
0.474557
0.015302
0.054409
0.076438
0.000654
0.520267
0.028992
0.057442
0.139106
0.025765
0.050067
0.058229
0.018183
0.162685
0.269367
0.020282
0.051416
0.003344
0.021646
0.00333
0.003856
0.949934
0.234198
0.015154
0.024818
0.037878
0.042933
0.033765
0.807482
0.172579
0.070899
0.049936
0.034298
0.017797
0.086233
0.009925
0.024577
0.066537
0.017667
0.064411
0.007732
0.00024
0.054189
0.018522
0.026089
0.021756
0.040381
0.016385
0.979338
0.276125
0.436228
0.007648
0.021237
0.266798
0.016817
0.069942
0.009525
0.045079
0.160434
0.000402
0.250591
0.167052
0.153185
0.909919
0.082616
0.080669
0.041506
0.045818
0.053966
0.005277
0.014926
0.012211
0.004839
0.035534
0.032316
0.036324
0.004416
0.14594
0.007716
0.037029
0.612579
0.028313
0.028781
0.000403
0.007192
0.020364
0.036785
0.121621
0.021816
0.008558
0.118934
0.017507
0.091606
0.02122
0.001569
0.050452
0.048086
0.098925
0.579276
0.331847
0.033382
0.049373
0.032584
0.008932
0.120259
0.27238
0.191195
0.00785
0.080069
0.043731
0.745185
0.054858
0.011478
0.043988
0.057932
0.053284
0.041681
0.280673
0.002845
0.100266
0.00725
0.084887
0.014225
0.031542
0.029766
0.115195
0.00451
0.016575
0.746012
0.095601
0.008992
0.023221
0.032194
0.04607
0.982315
0.084924
0.109735
0.267226
0.078618
0.001711
0.43081
0.019015
0.029315
0.000778
0.008547
0.041273
0.059937
0.006777
0.001754
0.013832
0.017033
0.009495
0.018364
0.010736
0.437205
0.209589
0.004006
0.00314
0.01002
0.053168
0.015215
0.006181
0.032349
0.037984
0.007149
0.039012
0.053861
0.002873
0.035281
0.006628
0.013769
0.159932
0.048588
0.4298
0.074348
0.070746
0.174103
0.016695
0.000618
0.086957
0.264696
0.097127
0.02585
0.1565
0.001547
0.019324
0.022352
0.38722
0.679953
0.028185
0.110844
0.015561
0.796923
0.923779
0.023133
0.299429
0.007291
0.479896
0.416028
0.177148
0.010499
0.266988
0.188348
0.020894
0.089459
0.013538
0.166943
0.023198
0.230631
0.064229
0.020478
0.025834
0.998453
0.009375
0.024052
0.004125
0.019653
0.083465
0.015947
0.033958
0.02439
0.081293
0.02524
0.000835
0.043085
0.031079
0.219558
0.0464
0.07609
0.009895
0.013388
0.094564
0.047644
0.129151
0.087908
0.122521
0.019388
0.007945
0.109264
0.057191
0.090387
0.015866
0.028079
0.040363
0.043657
0.145715
0.64889
0.032769
0.08938
0.031485
0.006847
0.027677
0.064042
0.063222
0.006911
0.071555
0.027561
0.159044
0.001123
0.002067
0.004759
0.51862
0.035463
1.000055
0.912582
0.020965
0.010485
0.011533
0.019343
0.015493
0.038477
0.038249
0.014104
0.033885
0.032767
0.028094
0.009396
0.109038
0.023379
0.027414
0.006109
0.014423
0.054256
0.177068
0.99799
0.015712
0.000998
0.013954
0.076534
0.077966
0.027177
0.174995
0.048153
0.017876
0.040081
0.035424
0.014978
0.047968
0.98697
0.089562
0.198086
0.029277
0.041875
0.033642
0.017589
0.051096
0.029227
0.019565
0.022763
0.046733
0.070181
0.004648
0.022528
0.026864
0.012527
0.051656
0.864069
0.040435
0.950595
0.894108
0.700945
0.012333
0.024412
0.006244
0.080326
0.015529
0.230322
0.041151
0.175544
0.06562
0.048855
0.004806
0.017159
0.558855
0.029153
0.038149
0.002975
0.1085
0.007287
0.837411
0.02597
0.044217
0.005513
0.008573
0.013581
0.418017
0.994516
0.025713
0.000773
0.288766
0.206556
0.031939
0.13499
0.879394
0.025591
0.008033
0.018498
0.009663
0.541754
0.183916
0.061087
0.06422
0.02832
0.001357
0.013122
0.001972
0.015908
0.02988
0.496138
0.164625
0.062485
0.893957
0.063008
0.068313
0.03648
0.031884
0.031157
0.041004
0.915437
0.107659
0.008069
0.795815
0.040235
0.946958
0.055354
0.045912
0.018242
0.042111
0.001025
0.097237
0.008052
0.050193
0.034717
0.222973
0.012378
0.022117
0.018304
0.138438
0.009209
0.013804
0.439837
0.024067
0.080702
0.024918
0.037543
0.035196
0.017573
0.059018
0.012113
0.01093
0.196279
0.074328
0.066014
0.030951
0.039847
0.033483
0.058651
0.996672
0.016909
0.006755
0.023809
0.017076
0.003838
0.016617
0.034756
0.09081
0.24699
0.006542
0.007514
0.10587
0.073174
0.041387
0.021378
0.08817
0.062843
0.001654
0.022243
0.985644
0.019046
0.014531
0.050019
0.0144
0.002193
0.01995
0.001797
0.131806
0.055613
0.039931
0.011514
0.040532
0.042041
0.431159
0.689357
0.006939
0.02327
0.006406
0.111793
0.001847
0.065396
0.118043
0.844741
0.025457
0.034794
0.016249
0.212857
0.049223
0.013227
0.041421
0.001955
0.014914
0.372436
0.009728
0.001174
0.054931
0.20189
0.103961
0.045466
0.029947
0.046666
0.052906
0.003108
0.013124
0.966068
0.000972
0.047684
0.012048
0.001014
0.013691
0.047412
0.008276
0.022589
0.996538
0.005771
0.092709
0.724005
0.036741
0.041105
0.017337
0.029972
0.038931
0.055203
0.0189
0.092637
0.012995
0.054263
0.02437
0.039012
0.008652
0.008233
0.019967
0.021316
0.056528
0.012991
0.043952
0.054621
0.083458
0.049151
0.073669
0.137998
0.048086
0.009726
0.447298
0.013426
0.071897
0.918751
0.03506
0.005436
0.03002
0.011698
0.048494
0.001191
0.129366
0.901698
0.001518
0.020278
0.292289
0.001267
0.040575
0.034919
0.081724
0.158431
0.259592
0.049001
0.446039
0.038313
0.035438
0.206528
0.005757
0.031036
0.06224
0.002086
0.074255
0.063207
0.03814
0.002753
0.02432
0.002537
0.013456
0.002785
0.097937
0.010528
0.008089
0.058889
0.050684
0.045218
0.186704
0.074849
0.064709
0.022472
0.012665
0.030235
0.280168
0.004447
0.037104
0.077883
0.007731
0.025456
0.009862
0.022806
0.010905
0.06943
0.022281
0.179833
0.04341
0.998572
0.001105
0.656528
0.091213
0.107089
0.094751
0.029327
0.132748
0.639686
0.005326
0.242976
0.725285
0.007636
0.001911
0.02476
0.047942
0.011361
0.003249
0.017537
0.026759
0.003693
0.019075
0.017985
0.015265
0.021371
0.047302
0.011419
0.011796
0.022563
0.013714
0.033936
0.199231
0.025263
1.000093
0.262274
0.306327
0.029928
0.056075
0.014207
0.0233
0.036286
0.029311
0.032779
0.012978
0.000966
0.450094
0.620517
0.031823
0.203119
0.043167
0.001122
0.023798
0.071468
0.099388
0.004288
0.050902
0.008267
0.075491
0.149125
0.006008
0.003868
0.018511
0.054341
0.037093
0.035885
0.048529
0.013354
0.017256
0.197028
0.115501
0.047098
0.006957
0.413374
0.039859
0.019433
0.159088
0.045879
0.988741
0.658599
0.037575
0.056106
0.005465
0.016304
0.003212
0.349258
0.01894
0.011678
0.064026
0.006079
0.829958
0.01185
0.007432
0.015516
0.037784
0.002616
0.062711
0.034184
0.005457
0.031139
0.013824
0.045873
0.131508
0.00896
0.091146
0.020127
0.017453
0.025398
0.00034
0.004217
0.005577
0.110426
0.141697
0.0874
0.047479
0.052521
0.024919
0.009337
0.011621
0.046084
0.00195
0.022165
0.000534
0.003371
0.00731
0.010528
0.28069
0.010664
0.012125
0.990521
0.04785
0.010152
0.061359
0.014597
0.051913
0.000225
0.000598
0.007383
0.16044
0.021123
0.102426
0.002451
0.164747
0.000672
0.084079
0.024467
0.003307
0.016692
0.014223
0.034825
0.002454
0.015603
0.050964
0.177756
0.105217
0.004846
0.083701
0.560677
0.025462
0.067509
0.024102
0.012255
0.020171
0.068991
0.020949
0.0175
0.017156
0.006388
0.061421
0.066303
0.267485
0.167483
0.400551
0.029247
0.002021
0.000526
0.148031
0.061007
0.999983
0.001115
0.020297
0.008835
0.965199
0.103606
0.996353
0.230604
0.000242
0.005829
0.674117
0.031259
0.089261
0.008804
0.327419
0.032888
0.011377
0.04732
0.034515
0.092816
0.143659
0.015336
0.964665
0.018993
0.997967
0.035149
0.018961
0.181021
0.018932
0.031295
0.007589
0.050238
0.146924
0.010604
0.000407
0.035711
0.999366
0.099589
0.000648
0.100596
0.115585
0.006251
0.130942
0.040038
0.170287
0.953801
0.005089
0.17967
0.028481
0.008952
0.005313
0.038404
0.048872
0.518089
0.130839
0.029989
0.109964
0.996838
0.026357
0.002124
0.129874
0.957893
0.000112
0.031657
0.150051
0.136157
0.019103
0.0018
0.012533
0.004819
0.165709
0.042745
0.121829
0.051475
0.015721
0.079924
0.013553
0.019912
0.945911
0.034029
0.044563
0.040782
0.066323
0.039828
0.369624
0.006725
0.02447
0.021788
0.008113
0.101569
0.038385
0.000415
0.527025
0.00012
0.094103
0.021425
0.008909
0.012203
0.012233
0.015558
0.640561
0.052504
0.998287
0.918726
0.025445
0.036117
0.076493
0.291858
0.029957
0.086019
0.162091
0.024152
0.030528
0.067031
0.111158
0.01518
0.080833
0.003325
0.233962
0.001207
0.046349
0.030905
0.014393
0.076736
0.023506
0.055472
0.163017
0.088324
0.877959
0.069671
0.013382
0.051578
0.985959
0.073472
0.038998
0.08414
0.001305
0.035745
0.033702
0.026967
0.00665
0.044564
0.0217
0.090376
0.070362
0.011134
0.016387
0.005028
0.995393
0.025194
0.107039
0.021458
0.089771
0.183843
0.031785
0.063082
0.035882
0.057245
0.018736
0.048308
0.026257
0.060246
0.054412
0.093358
0.019053
0.961301
0.694406
0.006131
0.129169
0.017076
0.01425
0.018766
0.027445
0.062801
0.01096
0.069725
0.10792
0.051068
0.013521
0.384415
0.013964
0.221612
0.074941
0.235974
0.068116
0.000845
0.114639
0.076813
0.057235
0.028284
0.257792
0.044731
0.029502
0.005432
0.006894
0.024327
0.254087
0.119187
0.025786
0.256097
0.069653
0.050472
0.987602
0.060216
0.055528
0.012217
0.006849
0.173742
0.080103
0.047617
0.007956
0.001363
0.023753
0.012274
0.088132
0.003004
0.999682
0.034069
0.041105
0.020343
0.060691
0.029786
0.692609
0.106953
0.067598
0.042479
0.04765
0.028742
0.006096
0.004162
0.130604
0.030571
0.025186
0.066697
0.185594
0.050756
0.001843
0.031177
0.30885
0.010378
0.119614
0.091618
0.017058
0.463894
0.006054
0.010744
0.009911
0.00365
0.004664
0.150795
0.099975
0.006318
0.022343
0.035456
0.082011
0.002733
0.004593
0.088932
0.049048
0.548247
0.999048
0.092128
0.01833
0.047553
0.041031
0.005243
0.061475
0.036863
0.064035
0.480754
0.051122
0.027743
0.227633
0.005506
0.019796
0.08373
0.137305
0.042847
0.008229
0.29224
0.045065
0.084046
0.136764
0.31198
0.000695
0.009196
0.027197
0.094871
0.430081
0.605371
0.000954
0.282816
0.004674
0.036187
0.000795
0.003135
0.98802
0.002249
0.094134
0.008751
0.119122
0.0399
0.007531
0.02679
0.009986
0.053833
0.013425
0.084627
0.373253
0.084079
0.036793
0.136823
0.235377
0.033214
0.026896
0.117134
0.01741
0.002522
0.130738
0.008399
0.109713
0.125246
0.002109
0.440912
0.013962
0.047181
0.002605
0.003977
0.041328
0.122839
0.087418
0.07061
0.313073
0.000949
0.33746
0.042322
0.039438
0.007642
0.013735
0.001628
0.017313
0.03053
0.082949
0.019608
0.025532
0.024189
0.028959
0.047644
0.000782
0.789499
0.079798
0.335227
0.059148
0.000409
0.016386
0.380114
0.005176
0.977749
0.026544
0.005112
0.97809
0.014386
0.029089
0.019958
0.007883
0.036805
0.023373
0.031067
0.019499
0.078807
0.000989
0.144831
0.661218
0.019485
0.009337
0.221318
0.042657
0.002603
0.306095
0.004305
0.208689
0.001276
0.003063
0.992541
0.053944
0.014408
0.05928
0.040119
0.3198
0.195219
0.032016
0.089539
0.014952
0.04204
0.71713
0.00199
0.015832
0.024504
0.998865
0.018635
0.023134
0.019427
0.320244
0.009147
0.037124
0.789052
0.010942
0.017064
0.026152
0.064883
0.18225
0.341993
0.004674
0.007596
0.488612
0.065232
0.035434
0.009339
0.001946
0.013448
0.056399
0.010297
0.060221
0.01209
0.003299
0.051588
0.031705
0.039072
0.523294
0.088876
0.065214
0.00108
0.215049
0.090395
0.005156
0.021417
0.010556
0.541168
0.02978
0.051417
0.153149
0.028261
0.043695
0.95081
0.095514
0.026156
0.000559
0.273974
0.063435
0.054883
0.007482
0.015182
0.045723
0.202951
0.009877
0.028604
0.005526
0.026799
0.054271
0.031763
0.479726
0.049426
0.003513
0.020971
0.049185
0.003604
0.051272
0.01067
0.004764
0.002361
0.059968
0.160808
0.039726
0.050704
0.026174
0.117612
0.369277
0.014788
0.001736
0.044045
0.016631
0.027019
0.036916
0.338226
0.069114
0.005909
0.016675
0.19076
0.062613
0.083532
0.001548
0.043358
0.014746
0.043396
0.927618
0.019657
0.094441
0.050678
0.008719
0.002691
0.049846
0.006439
0.011946
0.027893
0.052699
0.025159
0.834516
1.000014
0.01764
0.033579
0.017671
0.037361
0.008065
0.241816
0.024088
0.003965
0.274187
0.079414
0.106975
0.039924
0.049304
0.061967
0.058632
0.006549
0.001259
0.008597
0.003615
0.068546
0.000754
0.303675
0.004876
0.992867
0.041475
0.024077
0.002401
0.001739
0.135031
0.088298
0.012539
0.841193
0.047638
0.003514
0.003622
0.047271
0.740956
0.054049
0.00688
0.40414
0.263946
0.13196
0.76668
0.663128
0.075417
0.031951
0.031565
0.043093
0.016937
0.048697
0.028159
0.131754
0.159274
0.000765
0.035844
0.042918
0.039219
0.029947
0.02817
0.018815
0.025718
0.989485
0.430608
0.076751
0.056315
0.005358
0.010352
0.687435
0.012181
0.858048
0.010617
0.029155
0.05009
0.443826
0.007183
0.011741
0.165263
0.028025
0.091975
0.146807
0.039512
0.016541
0.090242
0.052144
0.289007
0.013521
0.441194
0.351514
0.106217
0.00501
0.013496
0.521781
0.096508
0.268109
0.018404
0.07268
0.009941
0.026486
0.048937
0.011461
0.012202
0.007071
0.118754
0.069508
0.092471
0.028857
0.033113
0.011972
0.06485
0.013257
0.007509
0.082744
0.00184
0.004024
0.0039
0.154289
0.039501
0.072497
0.001733
0.037446
0.015423
0.016302
0.132482
0.152143
0.160078
0.038005
0.0073
0.148251
0.008697
0.010384
0.061056
0.217853
0.002164
0.030131
0.011896
0.071565
0.044462
0.068503
0.044095
0.058863
0.031679
0.283596
0.190744
0.205704
0.001709
0.029626
0.078138
0.007174
0.057302
0.163019
0.082062
0.008795
0.958536
0.015331
0.006306
0.058054
0.084045
0.017831
0.002262
0.075325
0.142047
0.061012
0.024919
0.068302
0.07583
0.216321
0.050988
0.086452
0.139441
0.074946
0.001478
0.040789
0.039633
0.136334
0.0334
0.094563
0.004998
0.06912
0.121671
0.197768
0.181102
0.006627
0.005586
0.114167
0.004564
0.740096
0.057414
0.018102
0.072587
0.005255
0.005697
0.036309
0.029327
0.049836
0.027029
0.031744
0.065242
0.421095
0.013725
0.001394
0.002452
0.992178
0.06941
0.1321
0.367164
0.016598
0.058601
0.062063
0.161249
0.00135
0.019168
0.00466
0.048969
0.170837
0.049387
0.071251
0.029974
0.057587
0.076364
0.010852
0.032899
0.019279
0.013882
0.002028
0.010959
0.018346
0.002003
0.033197
0.876772
0.02006
0.095656
0.023613
0.118128
0.171692
0.000227
0.033644
0.163149
0.46739
0.012935
0.062936
0.020709
0.044272
0.004884
0.003158
0.504832
0.034773
1.000083
0.017448
0.16896
0.100224
0.076444
0.070795
0.001876
0.007856
0.00529
0.003218
0.996578
0.032024
0.101222
0.136436
0.011816
0.016317
0.17522
0.797211
0.379174
0.489142
0.011877
0.128171
0.024374
0.067309
0.166761
0.035017
0.017772
0.026631
0.040018
0.045758
0.007555
0.831701
0.14615
0.031638
0.015586
0.210248
0.079839
0.082635
0.001131
0.010817
0.000783
0.015032
0.002237
0.117175
0.045135
0.0331
0.209085
0.017125
0.012088
0.008371
0.022422
0.020008
0.19536
0.009867
0.021629
0.007781
0.006833
0.433994
0.023852
0.001576
0.078033
0.041865
0.006537
0.345558
0.008273
0.06498
0.012928
0.052603
0.981176
0.021994
0.212053
0.005371
0.605515
0.000772
0.016181
0.095534
0.416953
0.007868
0.011428
0.06174
0.560561
0.196229
0.000977
0.071257
0.02041
0.003947
0.133763
0.002661
0.023655
0.096799
0.008655
0.007788
0.019014
0.003308
0.023933
0.031594
0.012315
0.597338
0.016792
0.000546
0.864114
0.012572
0.152526
0.04201
0.818463
0.036987
0.096668
0.004683
0.018601
0.057795
0.010545
0.107225
0.025801
0.038027
0.444186
0.01233
0.000128
0.002039
0.996605
0.021182
0.004494
0.134025
0.068972
0.002055
0.003086
0.005599
0.003575
0.071276
0.037589
0.034385
0.003482
0.024311
0.090782
0.008438
0.019518
0.006215
0.013957
0.374006
0.01401
0.008987
0.137107
0.074986
0.037912
0.024012
0.409672
0.054767
0.003846
0.033971
0.016696
0.018801
0.596782
0.099854
0.261499
0.345415
0.040609
0.105695
0.120258
0.002428
0.024652
0.752219
0.007504
0.001056
0.011815
0.025972
0.008342
0.042068
0.00037
0.032818
0.144567
0.026311
0.063168
0.193253
0.017656
0.418067
0.036149
0.043679
0.002163
0.031428
0.042678
0.231508
0.009456
0.224268
0.07127
0.000867
0.019561
0.127548
0.036113
0.684301
0.049827
0.860925
0.013191
0.030007
0.013193
0.720621
0.007961
0.30713
0.095946
0.978844
0.036982
0.537788
0.102029
0.057917
0.053272
0.022815
0.014905
0.1295
0.003098
0.032866
0.010754
0.01189
0.009381
0.994629
0.024454
0.002353
0.031362
0.012431
0.055345
0.013749
0.054914
0.996541
0.056772
0.893137
0.000676
0.018657
0.047906
0.036873
0.996068
0.016786
0.124668
0.020282
0.050008
0.026211
0.010865
0.420747
0.059714
0.003429
0.84516
0.062362
0.011982
0.005267
0.005429
0.15175
0.029989
0.00791
0.023048
0.057674
0.000132
0.045073
0.089064
0.041016
0.663486
0.018355
0.033977
0.082784
0.0147
0.999776
0.037244
0.009384
0.013555
0.392789
0.137365
0.040841
0.013166
0.049564
0.019689
0.011685
0.045815
0.175153
0.043805
0.024106
0.045208
0.035581
0.007396
0.298372
0.048887
0.003269
0.010643
0.02007
0.002956
0.283217
0.021063
0.015485
0.006349
0.005413
0.21912
0.067239
0.001544
0.032847
0.968074
0.147637
0.003438
0.036827
0.168337
0.086394
0.325812
0.209603
0.477503
0.091903
0.210359
0.285392
0.000836
0.232254
0.053919
0.4699
0.017722
0.031828
0.051727
0.047003
0.010577
0.297475
0.046151
0.034412
0.091514
0.012173
0.021579
0.005225
0.000644
0.023295
0.050862
0.016527
0.005155
0.050173
0.014828
0.05094
0.011353
0.966205
0.013509
0.019981
0.160912
0.030181
0.06225
0.065967
0.613778
0.048049
0.068217
0.736459
0.125567
0.079774
0.070152
0.00115
0.975057
0.054526
0.017142
0.049098
0.002079
0.98858
0.108224
0.069601
0.480931
0.04515
0.036155
0.133045
0.026859
0.035958
0.082924
0.015004
0.200779
0.015331
0.061609
0.59117
0.018447
0.007061
0.207993
0.191554
0.329077
0.006041
0.048774
0.003378
0.005446
0.378797
0.087127
0.002504
0.08859
0.01137
0.02532
0.01053
0.016057
0.246936
0.014261
0.103681
0.008314
0.013458
0.924147
0.014229
0.036364
0.135867
0.504798
0.016944
0.015679
0.010213
0.077467
0.001714
0.004956
0.040094
0.023329
0.002976
0.248645
0.052301
0.046062
0.017019
0.002204
0.981933
0.041627
0.165353
0.007975
0.039459
0.168872
0.050338
0.054197
0.072355
0.014665
0.01292
0.036022
0.014174
0.006716
0.02918
0.024313
0.408765
0.089164
0.037718
0.032238
0.774843
0.010019
0.059327
0.011829
0.000148
0.013385
0.047386
0.010329
0.984343
0.554032
0.056689
0.137365
0.014962
0.0809
0.052363
0.054289
0.167011
0.033917
0.008698
0.011124
0.031952
0.032652
0.000987
0.072226
0.403453
0.553414
0.121427
0.089488
0.310821
0.017918
0.005276
0.068682
0.036255
0.067739
0.055588
0.023773
0.047296
0.42778
0.008007
0.058896
0.102926
0.063205
0.097002
0.028608
0.034174
0.038937
0.002076
0.535819
0.029432
0.179583
0.005082
0.087943
0.011382
0.052799
0.026445
0.061477
0.550496
0.017429
0.03107
0.620871
0.088507
0.020093
0.003987
0.99982
0.007867
0.189535
0.092176
0.029414
0.050626
0.010966
0.990398
0.066879
0.071026
0.240306
0.298692
0.111464
0.005919
0.008812
0.00192
0.018566
0.007316
0.941937
0.049491
0.159919
0.09378
0.091165
0.001526
0.007334
0.036141
0.030214
0.440969
0.04727
0.029462
0.048348
0.134154
0.017037
0.033543
0.06615
0.010868
0.01741
0.009915
0.924824
0.037826
0.022012
0.013908
0.999687
0.010741
0.001074
0.008837
0.186574
0.022485
0.998465
0.246581
0.001143
0.10518
0.908445
0.022654
0.020707
0.058326
0.014731
0.029674
0.042224
0.077508
0.640851
0.042574
0.000584
0.941363
0.160589
0.079646
0.005823
0.22866
0.544996
0.040869
0.033761
0.172816
0.044231
0.027306
0.049436
0.034465
0.025883
0.100694
0.158921
0.053343
0.076504
0.126213
0.006527
0.026769
0.135428
0.010767
0.082481
0.278233
1.000081
0.508239
0.060528
0.002644
0.034591
0.00805
0.001042
0.003101
0.015895
0.013981
0.025618
0.027125
0.006278
0.996753
0.020302
0.060998
0.108041
1.000089
0.853845
0.068925
0.033393
0.014481
0.01571
0.07588
0.225607
0.080986
0.120753
0.033346
0.02901
0.009911
0.016595
0.019695
0.025175
0.004837
0.11282
0.015442
0.841849
0.019886
0.044777
0.030607
0.028615
0.005885
0.011484
0.056594
0.047953
0.061402
0.001778
0.615604
0.029151
0.028515
0.027533
0.618022
0.012611
0.043893
0.705321
0.017604
0.02128
0.638251
0.263773
0.072402
0.034184
0.262341
0.092837
0.000117
0.014394
0.062794
0.018509
0.085028
0.029902
0.007806
0.054299
0.030511
0.020007
0.002467
0.030403
0.033543
0.062651
0.002115
0.537386
0.055791
0.04919
0.133973
0.012487
0.143071
0.015895
0.062841
0.973719
0.363671
0.679129
0.029754
0.18515
0.139382
0.026968
0.241866
0.003242
0.072771
0.016535
0.117699
0.040426
0.034571
0.076062
0.058012
0.05472
0.071527
0.119348
0.045314
0.037762
0.055177
0.239186
0.010234
0.019261
0.044863
0.042315
0.019664
0.02105
0.232922
0.958535
0.368419
0.036805
0.007523
0.430459
0.397008
0.007458
0.057925
0.041046
0.056288
0.017616
0.036132
0.077667
0.014472
0.031881
0.00454
0.024646
0.011064
0.053845
0.079126
0.174036
0.001925
0.023347
0.099263
0.072093
0.003779
0.596166
0.065069
0.101369
0.036533
0.003592
0.006618
0.004872
0.528656
0.035665
0.278583
0.013598
1.000069
0.001893
0.016241
0.025421
0.36504
0.012625
0.000668
0.005279
0.029648
0.101956
0.019384
0.071409
0.999899
0.024147
0.141031
0.027404
0.868041
0.002611
0.233806
0.04531
0.108217
0.063448
0.027044
0.125864
0.110695
0.01517
0.076426
0.048068
0.058641
0.999158
0.021165
0.247863
0.066677
0.009914
0.039761
0.032566
0.029356
0.008491
0.027169
0.002603
0.008881
0.039922
0.075635
0.055835
0.466542
0.078809
0.051561
0.041528
0.010378
0.022075
0.138241
0.000612
0.00365
0.021039
0.022013
0.10186
0.681304
0.045738
0.005135
0.034571
0.086015
0.060131
0.0589
0.843888
0.022573
0.004133
0.661593
0.000731
0.089812
0.014224
0.004951
0.853823
0.312166
0.143624
0.065888
0.043759
0.014077
1.000099
0.054521
0.002714
0.00681
0.019341
0.032837
0.022284
0.027193
0.852973
0.166397
0.125021
0.115492
0.00446
0.051415
0.068967
0.00508
0.086022
0.022591
0.157593
0.008056
0.014372
0.006247
0.176019
0.012522
0.130521
0.022602
0.646552
0.024193
0.011614
0.023805
0.018957
0.111883
0.001138
0.007949
0.051316
0.086083
0.285392
0.089547
0.01644
0.555849
0.007065
0.131288
0.106989
0.029477
0.041878
0.016633
0.18889
0.102825
0.56852
0.006964
0.943293
0.790277
0.044419
0.009778
0.020576
0.999455
0.021739
0.004181
0.033154
0.013067
0.043627
0.719334
0.031016
0.054677
0.009558
0.075744
0.257475
0.13845
0.060242
0.007452
0.007236
0.032917
0.034862
0.751361
0.298712
0.036443
0.793975
0.003902
0.989366
0.038679
0.002034
0.928275
0.039288
0.013738
0.131062
0.008784
0.032197
0.05461
0.341971
0.021987
0.70643
0.384326
0.316269
0.02001
0.102045
0.050172
0.013223
0.229172
0.060973
0.070794
0.151183
0.157241
0.027292
0.02244
0.364434
0.450217
0.039242
0.013857
0.269829
0.252233
0.01617
0.16175
0.023112
0.017804
0.004199
0.048162
0.079058
0.609932
0.862164
0.40614
0.014284
0.028293
0.016612
0.019481
0.044072
0.995822
0.008021
0.27226
0.062997
0.006698
0.293015
0.063204
0.010711
0.975744
0.221318
0.022781
0.006054
0.02643
0.003839
0.009094
0.005694
0.022184
0.016086
0.046336
0.01355
0.049434
0.000767
0.060193
0.135809
0.020938
0.097479
0.002637
0.161961
0.059724
0.011677
0.149488
0.160415
0.072168
0.012094
0.025945
0.057542
0.005369
0.11831
0.019472
0.992661
0.53382
0.000543
0.03574
0.024476
0.014461
0.063153
0.014389
0.397657
0.078625
0.357372
0.810236
0.040214
0.075556
0.080193
0.706282
0.01536
0.014546
0.058414
0.003829
0.04426
0.017203
0.024921
0.020091
0.327047
0.03186
0.12985
0.032333
0.038503
0.23293
0.008451
0.016085
0.074722
0.070536
0.054374
0.032188
0.023808
0.361409
0.011635
0.134634
0.029436
0.944442
0.014748
0.094724
0.9986
0.00626
0.002878
0.065614
0.034242
0.069218
0.065121
0.9978
0.076603
0.026788
0.04763
0.009769
0.009491
0.048017
0.050337
0.153171
0.922384
0.006826
0.086223
0.021865
0.032145
0.1042
0.133451
0.027933
0.067659
0.058236
0.169476
0.02547
0.054739
0.0037
0.278682
0.012689
0.950537
0.093447
0.07279
0.010378
0.019036
0.174121
0.171655
0.051041
0.015038
0.037522
0.03822
0.017039
0.062437
0.314857
0.002919
0.180088
0.079448
0.029606
0.011542
0.389338
0.0611
0.043037
0.050139
0.003685
0.161463
0.007275
0.011689
0.007372
0.140318
0.108653
0.01389
0.017293
0.098367
0.001452
0.034885
0.120418
0.005881
0.354021
0.147217
0.060037
0.027814
0.015962
0.196114
0.023409
0.011612
0.018206
0.045063
0.631404
0.006067
0.03765
0.004672
0.03985
0.010698
0.372092
0.013981
0.05895
0.00237
0.714309
0.049926
0.013298
0.081844
0.004978
0.025615
0.00307
0.005536
0.00638
0.28706
0.073498
0.002647
0.000592
0.007465
0.086227
0.058357
0.50352
0.036213
0.027891
0.025492
0.10978
0.616228
0.02809
0.794968
0.065137
0.156301
0.029977
0.024947
0.033381
0.187471
0.027261
0.02425
0.027283
1.000091
0.004529
0.036939
0.031063
0.086873
0.015159
0.007963
0.012932
0.044685
0.05862
0.880111
0.063449
0.04353
0.008947
0.002625
0.679766
0.145061
0.033066
0.005412
0.024699
0.022798
0.163291
0.039459
0.049345
0.013785
0.101995
0.02952
0.794293
0.017
0.006716
0.0162
0.003779
0.097906
0.876959
0.00583
0.051807
0.178774
0.985428
0.012732
0.09073
0.143631
0.090969
0.061791
0.032273
0.00494
0.009927
0.043908
0.110447
0.01719
0.051898
0.073205
0.014569
0.04333
0.002185
0.001106
0.723481
0.095923
0.015289
0.110651
0.056656
0.00208
0.007927
0.051969
0.076912
0.040409
0.023929
0.156884
0.007931
0.007349
0.032904
0.101141
0.056039
0.030941
0.012297
0.039825
0.178421
0.012625
0.993894
0.056354
0.030141
0.032877
0.139803
0.155696
0.008585
0.110735
0.011984
0.042055
0.03125
0.301809
0.070869
0.004996
0.031637
0.021996
0.057265
0.011436
0.017832
0.00997
0.065781
0.004298
0.071202
0.388084
0.872473
0.000367
0.008067
0.022523
0.006435
0.017783
0.196907
0.024281
0.01233
0.01868
0.006311
0.010213
0.099908
0.03103
0.075482
0.293218
1.000099
0.087276
0.019123
0.030768
0.087007
0.019809
0.04707
0.059895
0.049443
0.035486
0.012425
0.410616
0.135056
0.106418
0.051431
0.025968
0.586093
0.003282
0.064007
0.03146
0.010635
0.04169
0.021578
0.018411
0.042706
0.034376
0.012945
0.011573
0.028215
0.03609
0.055044
0.007338
0.015034
0.022694
0.115088
0.028545
0.020947
0.058846
0.540348
0.024935
0.041256
0.142826
0.00139
0.031584
0.967404
0.014069
0.002184
0.448095
0.892968
0.011369
0.093248
0.033447
0.30268
0.033114
0.052708
0.940042
0.018488
0.005761
0.075183
0.016895
0.018803
0.011194
0.216515
0.018621
0.051584
0.021072
0.008721
0.019422
0.9746
0.03197
0.257959
0.096215
0.078288
0.040291
0.112725
0.027673
0.000165
0.067282
0.488636
0.040015
0.856925
0.670265
0.041556
0.000479
0.002411
0.017195
0.040631
0.058788
0.078245
0.068985
0.056018
0.069154
0.091265
0.037405
0.04663
0.106671
0.967246
0.011256
0.093936
0.002178
0.064256
0.088006
0.049549
0.084627
0.050375
0.013636
0.020329
0.892559
0.040748
1.0001
0.028672
0.045144
0.944334
0.073203
0.213709
0.017804
0.029577
0.008605
0.002333
0.453567
0.022247
0.037658
0.031005
0.01068
0.009907
0.05384
0.006441
0.063166
0.159777
0.003004
0.078469
0.111911
0.598615
0.792393
0.021466
0.281645
0.035628
0.703449
0.018222
0.0652
0.031369
0.000161
0.008242
0.016807
0.051741
0.063947
0.036594
0.021276
0.158527
0.007213
0.037275
0.062239
0.227093
0.045338
0.009954
0.004009
0.013207
0.004911
0.602388
0.078756
0.255992
0.042014
0.061429
0.657103
0.109187
0.064559
0.021283
0.015882
0.007796
0.013242
0.013819
0.026838
0.67275
0.987532
0.447747
0.187499
0.125095
0.060647
0.082706
0.14278
0.131485
0.001911
0.00278
0.318812
0.054129
0.078051
0.017439
0.0011
0.018843
0.033473
0.025959
0.112494
0.079671
0.496178
0.132596
0.201899
0.013829
0.033742
0.112565
0.041899
0.022246
0.040163
0.105546
0.023724
0.026029
0.016678
0.001403
0.030387
0.065925
0.989007
0.015355
0.128547
0.033543
0.016275
0.063142
0.026454
0.729261
0.273298
0.243272
0.007535
0.474213
0.999871
0.127167
0.999997
0.004155
0.132022
0.175517
0.014688
0.014014
0.990566
0.23791
0.036585
0.001753
0.020533
0.009276
0.205543
0.090259
0.093044
0.785735
0.02715
0.007864
0.046832
0.150051
0.017164
0.030183
0.148714
0.0507
0.013553
0.680636
0.035944
0.294995
0.103999
0.987538
0.023368
0.030122
0.99832
0.021196
0.007897
0.024438
0.037051
0.029496
0.004834
0.011361
0.040553
0.012941
0.103296
0.004308
0.188877
0.227923
0.007631
0.250153
0.049457
0.0339
0.028954
0.015274
0.097944
0.025852
0.018201
0.006624
0.177599
0.163975
