0.0001
0.0001
0.0001
1.0001
1.0001
0.0001
1.0001
0.0001
0.000504
1.0001
0.0001
1.0001
0.0001
0.000108
0.0001
1.0001
1.0001
1.0001
0.0001
1.0001
1.0001
0.0001
0.0001
1.0001
0.0001
0.0001
0.0001
1.0001
0.0001
0.0001
0.0001
1.0001
0.000103
0.0001
0.0001
0.0001
1.0001
0.0001
0.0001
0.0001
1.0001
1.0001
0.0001
0.0001
1.0001
1.0001
0.0001
0.0001
0.0001
1.0001
0.0001
0.0001
0.0001
1.0001
0.0001
0.0001
0.0001
0.0001
0.0001
0.0001
0.0001
0.0001
0.0001
0.0001
0.0001
0.0001
0.0001
1.0001
1.0001
0.0001
1.0001
0.0001
1.0001
1.0001
0.996147
0.0001
1.0001
0.836543
0.0001
1.0001
0.0001
0.0001
1.0001
1.0001
1.0001
0.0001
0.0001
0.0001
0.0001
1.0001
0.0001
0.0001
1.0001
0.0001
0.0001
0.0001
1.0001
0.0001
0.601964
0.000114
0.0001
1.0001
1.0001
1.0001
0.0001
1.0001
1.0001
1.0001
1.0001
0.0001
0.0001
0.0001
0.0001
0.0001
0.0001
0.0001
0.0001
0.0001
1.0001
1.0001
0.0001
0.0001
0.0001
1.0001
0.0001
0.0001
0.0001
0.0001
0.0001
0.0001
0.0001
0.0001
0.0001
0.0001
0.0001
1.0001
0.0001
0.0001
0.0001
0.0001
0.0001
0.0001
0.0001
1.0001
0.0001
0.0001
1.0001
1.0001
1.0001
1.0001
1.0001
0.0001
1.0001
0.0001
0.0001
0.0001
0.0001
0.0001
0.0001
0.0001
1.0001
1.0001
1.0001
1.0001
0.0001
0.0001
0.0001
1.0001
1.0001
0.0001
0.0001
0.0001
0.0001
0.0001
1.0001
0.0001
0.0001
1.0001
0.0001
0.0001
1.000093
1.0001
0.0001
0.0001
0.0001
1.000093
1.0001
0.0001
0.0001
0.0001
0.0001
0.0001
0.0001
0.01379
0.0001
0.0001
0.0001
0.0001
0.0001
0.0001
0.0001
0.0001
0.0001
0.0001
0.0001
0.0001
0.0001
1.0001
0.0001
0.0001
0.0001
0.0001
0.0001
0.0001
1.0001
0.0001
0.0001
0.0001
0.0001
0.000103
0.0001
1.0001
0.00101
0.0001
1.0001
0.0001
0.0001
0.0001
1.0001
0.0001
1.0001
0.0001
1.0001
0.0001
1.0001
0.0001
1.0001
0.0001
0.0001
1.0001
1.0001
1.0001
0.0001
0.0001
1.0001
0.0001
0.0001
0.0001
0.0001
1.0001
0.0001
0.0001
1.0001
1.0001
1.0001
0.0001
1.0001
0.0001
1.0001
0.0001
0.0001
0.0001
0.0001
0.0001
0.0001
0.0001
0.0001
0.0001
0.0001
0.0001
0.0001
0.0001
0.0001
0.0001
0.0001
0.0001
0.0001
0.0001
0.0001
1.0001
0.0001
0.0001
0.0001
0.0001
0.0001
0.0001
0.0001
0.0001
1.0001
0.0001
0.0001
0.0001
0.0001
0.0001
0.0001
1.0001
0.0001
0.0001
0.0001
0.0001
0.0001
0.0001
0.0001
0.0001
0.0001
0.0001
1.0001
0.0001
1.0001
0.0001
0.0001
0.0001
0.0001
0.0001
0.0001
1.0001
0.0001
0.0001
0.0001
0.002018
0.0001
0.0001
1.0001
0.0001
0.0001
1.0001
0.0001
0.0001
0.0001
0.0001
0.0001
0.0001
0.0001
1.0001
0.0001
0.0001
0.0001
0.0001
0.0001
0.0001
0.056487
0.0001
0.0001
1.0001
0.0001
1.0001
1.0001
0.0001
0.0001
0.0001
1.0001
0.0001
0.0001
1.0001
0.0001
1.0001
0.0001
0.0001
0.0001
1.0001
0.0001
0.0001
0.0001
1.0001
0.0001
1.0001
0.0001
0.0001
0.0001
1.0001
1.0001
0.0001
0.0001
0.0001
1.0001
1.0001
1.0001
0.0001
1.0001
0.998613
0.0001
1.0001
0.890723
0.890723
0.0001
0.0001
0.0001
0.0001
1.0001
0.0001
1.0001
1.0001
0.0001
0.0001
0.0001
0.0001
1.0001
1.0001
1.0001
1.0001
0.0001
0.0001
1.0001
0.0001
0.0001
0.0001
0.0001
0.0001
1.0001
0.0001
0.0001
0.0001
1.0001
1.0001
0.0001
0.0001
0.0001
1.0001
1.0001
1.0001
0.0001
0.0001
0.0001
0.0001
0.0001
1.0001
0.0001
0.0001
0.0001
1.0001
1.0001
0.0001
0.0001
1.0001
1.0001
1.0001
1.0001
1.0001
1.0001
0.358593
1.0001
1.0001
0.0001
1.0001
0.0001
0.0001
0.002722
0.002722
1.0001
0.0001
1.0001
0.0001
1.0001
0.0001
0.0001
0.0001
0.0001
1.0001
0.0001
0.0001
0.0001
0.0001
0.0001
1.0001
1.0001
1.0001
0.0001
1.0001
0.918683
0.0001
0.0001
0.0001
0.0001
1.0001
0.0001
1.0001
0.0001
0.0001
0.0001
0.0001
1.0001
0.0001
0.998477
0.0001
0.0001
1.0001
0.0001
0.0001
0.0001
0.0001
1.0001
1.0001
0.0001
0.0001
1.0001
0.0001
0.0001
0.0001
1.0001
1.0001
0.0001
0.0001
0.0001
1.0001
1.0001
0.0001
0.0001
0.0001
0.0001
0.0001
0.0001
0.0001
0.0001
0.0001
0.0001
0.0001
0.0001
0.0001
0.0001
0.0001
0.0001
0.0001
1.0001
1.0001
1.0001
0.0001
0.0001
0.0001
0.0001
0.0001
0.0001
0.0001
0.0001
0.0001
0.0001
0.0001
0.0001
0.0001
1.0001
0.0001
0.0001
1.0001
0.0001
1.0001
0.0001
1.0001
0.0001
0.0001
0.0001
0.0001
0.0001
0.0001
0.0001
0.0001
0.0001
0.0001
0.0001
0.0001
1.0001
0.0001
0.0001
0.0001
0.0001
0.0001
0.0001
0.0001
0.0001
1.0001
0.0001
1.0001
0.0001
0.0001
0.0001
0.0001
0.0001
0.0001
0.0001
1.0001
1.0001
0.0001
0.0001
0.0001
0.0001
0.0001
0.0001
0.0001
0.0001
0.339141
1.0001
1.0001
1.0001
1.0001
1.0001
1.0001
0.0001
0.0001
0.0001
0.0001
1.0001
0.0001
0.0001
0.0001
0.0001
0.0001
0.0001
0.0001
1.0001
0.0001
0.000133
0.0001
1.000063
0.0001
0.0001
0.0001
0.0001
0.0001
0.0001
0.0001
0.0001
0.0001
1.0001
0.0001
0.0001
0.0001
0.0001
0.0001
0.0001
1.0001
1.0001
0.0001
0.00559
1.0001
0.0001
1.0001
0.0001
0.0001
1.0001
1.0001
1.0001
1.0001
1.0001
1.0001
0.0001
1.0001
0.0001
0.0001
0.0001
1.0001
0.000102
0.0001
1.0001
1.0001
1.0001
0.0001
0.0001
0.0001
1.0001
0.0001
1.0001
0.624623
0.0001
0.0001
0.603791
0.0001
0.0001
0.0001
0.0001
1.0001
0.0001
1.0001
0.0001
1.0001
1.0001
0.0001
0.0001
1.0001
0.0001
0.0001
0.0001
0.0001
1.0001
0.0001
0.0001
1.0001
0.0001
1.0001
1.0001
0.0001
0.0001
1.0001
1.0001
0.0001
0.0001
0.0001
0.0001
0.0001
0.0001
0.0001
1.0001
1.0001
0.0001
1.0001
1.0001
0.0001
1.0001
0.0001
0.0001
0.0001
0.0001
0.003304
0.0001
1.0001
1.0001
0.0001
0.0001
0.0001
1.0001
1.0001
0.0001
1.0001
0.0001
0.0001
0.0001
1.0001
1.0001
1.0001
1.0001
0.0001
0.0001
0.0001
0.0001
1.0001
0.0001
1.0001
1.0001
0.0001
0.0001
0.0001
0.0001
0.0001
0.0001
0.0001
0.0001
0.0001
1.0001
0.0001
1.0001
0.0001
1.0001
1.0001
0.0001
0.0001
0.918381
0.0001
0.0001
0.0001
0.0001
1.0001
1.0001
0.0001
1.0001
0.0001
0.0001
0.0001
0.0001
0.0001
0.0001
1.0001
0.0001
0.0001
0.0001
0.0001
1.0001
1.0001
1.0001
0.000103
1.0001
0.089103
0.0001
1.0001
0.0001
0.000103
1.0001
1.0001
0.000103
1.0001
0.0001
0.0001
0.0001
0.0001
0.0001
0.0001
1.0001
0.0001
0.0001
0.0001
1.0001
0.0001
0.0001
1.0001
0.0001
0.0001
0.0001
1.0001
1.0001
1.0001
1.0001
0.0001
1.0001
0.0001
1.0001
0.0001
0.0001
0.0001
0.0001
0.0001
0.0001
0.0001
1.0001
0.0001
0.0001
0.0001
0.0001
0.0001
0.0001
1.0001
0.0001
0.0001
0.0001
0.0001
0.0001
0.0001
0.0001
0.0001
0.0001
0.0001
0.0001
0.0001
0.0001
0.0001
1.0001
1.0001
1.0001
0.987985
1.0001
0.0001
0.0001
0.0001
1.0001
0.000161
1.0001
0.0001
0.0001
0.0001
0.0001
0.0001
0.0001
0.0001
0.0001
0.0001
0.0001
1.0001
0.0001
1.0001
0.0001
0.0001
0.0001
0.0001
0.0001
0.0001
0.0001
0.0001
0.0001
0.0001
1.0001
0.0001
1.0001
0.0001
0.0001
0.0001
1.0001
0.0001
1.0001
0.000102
1.0001
0.000352
1.0001
0.0001
0.0001
0.0001
1.0001
1.0001
0.0001
1.0001
1.000099
1.000099
1.000099
1.000099
0.0001
0.0001
1.0001
0.000129
1.0001
1.0001
1.0001
0.314417
0.998658
0.0001
1.0001
0.0001
1.0001
0.000167
0.0001
1.0001
1.0001
0.0001
0.0001
0.0001
0.0001
0.0001
0.0001
0.0001
0.0001
1.0001
0.0001
0.0001
0.0001
0.0001
0.0001
1.0001
0.0001
0.0001
0.0001
0.0001
0.0001
0.0001
0.0001
0.0001
0.0001
0.0001
0.0001
0.0001
0.0001
0.0001
0.0001
0.0001
0.0001
0.0001
0.0001
0.0001
0.0001
0.0001
0.0001
0.0001
1.0001
0.0001
0.0001
0.0001
0.0001
0.0001
1.0001
1.000099
0.0001
1.0001
0.0001
1.0001
0.0001
0.0001
1.0001
0.0001
0.0001
1.0001
1.0001
1.0001
0.0001
1.0001
0.0001
0.0001
0.0001
1.0001
1.0001
1.0001
0.0001
0.0001
1.0001
0.0001
0.0001
0.0001
1.0001
0.0001
0.0001
0.0001
1.0001
0.0001
0.0001
0.0001
1.0001
0.0001
0.0001
1.0001
0.0001
1.0001
0.0001
0.0001
0.0001
0.0001
0.0001
0.0001
0.0001
1.0001
0.0001
1.0001
0.0001
0.0001
0.0001
0.0001
0.0001
0.997221
0.0001
1.0001
0.0001
0.0001
0.0001
1.0001
1.0001
0.0001
1.0001
0.0001
1.0001
0.0001
1.0001
1.0001
1.0001
0.0001
0.0001
0.0001
1.0001
1.0001
0.0001
1.0001
1.0001
0.0001
1.0001
0.000218
1.0001
1.0001
0.0001
0.0001
1.0001
0.0001
0.0001
0.0001
0.99994
0.0001
0.0001
0.0001
1.0001
0.0001
0.0001
0.0001
1.0001
0.0001
0.0001
0.0001
0.0001
0.0001
1.0001
1.0001
0.0001
1.0001
1.0001
1.0001
0.0001
0.0001
0.0001
1.0001
0.0001
0.0001
0.0001
1.0001
0.0001
0.0001
1.0001
0.0001
0.0001
0.0001
0.0001
0.0001
1.0001
0.0001
0.0001
1.0001
0.0001
0.0001
0.0001
0.0001
0.0001
0.0001
0.0001
0.0001
0.0001
0.0001
0.0185
1.0001
0.0001
0.0001
0.0001
0.0001
0.0001
0.0001
1.000063
1.0001
0.0001
0.0001
1.0001
0.0001
0.0001
0.000116
1.0001
0.0001
0.0001
0.0001
0.0001
0.0001
0.0001
0.0001
0.0001
0.0001
0.0001
0.0001
0.0001
0.0001
1.0001
0.0001
0.0001
0.0001
0.0001
1.0001
0.0001
0.0001
0.0001
0.0001
0.0001
0.0001
1.0001
0.0001
0.0001
0.0001
0.0001
0.0001
0.0001
0.0001
0.0001
1.0001
1.000099
1.0001
1.0001
1.000096
1.0001
1.0001
1.0001
1.0001
0.0001
1.0001
0.607945
1.0001
1.0001
0.000102
1.0001
1.0001
1.0001
0.0001
0.0001
1.0001
0.0001
1.0001
1.0001
1.0001
1.0001
0.999784
0.0001
0.0001
0.0001
0.0001
0.0001
0.0001
1.0001
0.0001
0.0001
0.0001
0.0001
0.0001
1.000045
1.0001
1.0001
1.0001
1.0001
1.0001
1.0001
1.0001
0.0001
0.002341
1.0001
0.0001
1.0001
0.998405
0.0001
1.0001
1.0001
1.0001
1.0001
1.0001
0.0001
0.0001
0.0001
1.0001
1.0001
1.0001
1.0001
1.0001
0.0001
1.0001
0.0001
0.645562
0.0001
0.0001
1.0001
1.0001
1.0001
0.0001
0.0001
0.0001
1.0001
1.0001
1.0001
1.0001
0.0001
1.0001
1.0001
0.0001
0.0001
0.0001
1.0001
1.0001
0.0001
0.0001
0.0001
0.0001
1.0001
0.0001
0.0001
0.0001
0.0001
0.0001
1.0001
0.020457
1.0001
0.0001
0.020457
0.0001
0.0001
0.000101
0.0001
1.0001
1.0001
1.0001
1.0001
1.0001
0.000135
1.0001
1.000098
1.0001
1.0001
1.0001
1.000098
0.000135
1.0001
1.0001
1.0001
1.0001
1.000098
0.000135
1.0001
1.0001
1.0001
1.000098
1.0001
1.0001
1.0001
1.0001
1.0001
1.0001
1.0001
0.000135
1.000098
1.0001
1.0001
0.0001
1.0001
0.000135
1.000098
1.0001
0.0001
1.0001
0.0001
0.148942
0.0001
0.0001
0.002693
1.0001
1.0001
0.002693
0.0001
1.0001
0.0001
0.0001
0.0001
0.0001
0.0001
0.0001
1.0001
1.0001
1.0001
1.0001
0.0001
0.0001
0.0001
0.0001
0.0001
0.0001
0.0001
0.106228
1.0001
0.000375
0.0001
0.0001
0.0001
0.0001
0.0001
0.0001
0.0001
0.0001
0.0001
0.0001
0.0001
1.0001
0.0001
0.0001
1.0001
1.0001
1.0001
0.000104
1.0001
0.0001
1.0001
0.0001
0.46994
0.0001
1.0001
0.0001
1.0001
0.0001
0.0001
0.0001
0.0001
1.0001
0.0001
0.306926
0.0001
0.000101
1.0001
1.0001
0.0001
0.0001
0.0001
0.0001
0.0001
0.0001
0.0001
0.0001
1.0001
0.0001
0.0001
0.0001
0.0001
0.0001
0.0001
0.0001
0.0001
0.0001
0.0001
0.0001
0.0001
0.0001
1.0001
0.0001
0.0001
0.0001
1.000011
1.0001
0.0001
0.0001
0.0001
0.0001
0.0001
0.0001
0.0001
1.0001
0.0001
0.0001
1.0001
0.0001
0.0001
1.0001
0.0001
0.0001
0.0001
0.0001
0.0001
1.0001
0.000274
0.0001
1.0001
0.0001
0.0001
0.0001
1.0001
0.0001
0.0001
0.0001
0.0001
0.0001
0.0001
1.0001
0.0001
1.000097
1.000097
1.000097
1.000097
1.000097
1.0001
0.0001
1.0001
0.0001
0.0001
1.0001
0.0001
0.0001
0.0001
1.0001
1.0001
0.0001
0.000132
0.0001
0.999982
1.0001
1.0001
0.000132
1.0001
0.0001
0.0001
0.0001
1.0001
0.0001
0.0001
0.0001
0.0001
0.0001
0.0001
0.0001
0.015816
0.0001
0.000103
0.0001
0.0001
0.0001
1.0001
0.0001
0.0001
0.0001
0.0001
1.0001
1.0001
0.0001
1.0001
0.0001
0.0001
1.0001
1.0001
1.0001
1.0001
0.0001
0.0001
0.0001
0.0001
1.0001
0.0001
0.0001
0.0001
1.0001
1.0001
0.998429
0.0001
0.998429
1.0001
1.0001
1.000099
1.000099
1.0001
1.0001
0.0001
0.0001
0.0001
0.0001
0.0001
1.0001
0.0001
0.0001
0.0001
0.0001
0.0001
0.0001
0.0001
0.0001
0.0001
0.0001
0.0001
0.0001
0.0001
0.0001
0.0001
0.0001
0.0001
0.0001
0.0001
0.0001
0.0001
0.0001
1.0001
0.0001
0.0001
0.0001
0.0001
0.869642
0.0001
1.0001
0.004754
0.460135
1.0001
0.46012
0.0001
0.0001
1.0001
0.0001
0.0001
0.0001
0.0001
0.0001
0.0001
0.0001
0.0001
0.0001
0.0001
0.0001
1.0001
0.0001
0.0001
1.0001
0.0001
0.0001
0.0001
0.0001
1.0001
0.0001
0.0001
0.0001
0.0001
0.0001
0.0001
0.0001
0.0001
0.0001
0.0001
0.0001
0.0001
0.0001
0.0001
0.0001
0.0001
0.0001
0.0001
0.0001
0.0001
0.0001
0.0001
0.0001
0.0001
1.0001
1.0001
1.0001
0.0001
0.0001
0.0001
1.0001
0.885872
1.0001
0.885872
1.0001
0.0001
1.0001
1.000071
1.0001
1.000071
0.000127
0.0001
0.0001
0.0001
0.0001
0.98756
1.0001
1.0001
1.0001
1.0001
0.0001
0.0001
0.0001
0.0001
0.0001
0.0001
1.0001
0.0001
0.0001
1.000093
0.0001
1.000093
0.0001
1.0001
0.0001
0.0001
0.0001
0.0001
0.0001
1.0001
0.0001
0.0001
0.0001
0.0001
0.0001
0.0001
1.0001
0.0001
0.0001
0.0001
0.0001
1.0001
0.463336
0.001906
0.001906
1.0001
1.0001
1.0001
0.0001
1.0001
0.0001
0.0001
1.0001
1.0001
0.0001
0.0001
0.771287
1.0001
0.771287
0.000119
0.771287
0.771287
1.0001
0.0001
0.285425
1.0001
1.0001
1.0001
0.0001
0.0001
0.0001
0.0001
0.0001
1.0001
0.0001
0.0001
0.0001
0.0001
0.0001
0.0001
0.0001
0.0001
0.0001
0.0001
0.0001
0.0001
0.0001
0.0001
1.0001
1.0001
0.0001
0.0001
0.0001
0.0001
0.0001
1.0001
1.0001
1.0001
1.0001
1.0001
0.0001
0.0001
0.0001
0.0001
1.0001
1.0001
0.0001
0.0001
0.0001
1.0001
1.0001
1.0001
0.0001
0.0001
0.0001
0.005537
0.0001
0.0001
1.0001
0.0001
1.0001
0.0001
0.0001
0.0001
0.0001
0.0001
0.0001
1.0001
0.0001
0.0001
0.0001
1.0001
1.0001
1.0001
1.0001
1.0001
0.0001
0.0001
0.0001
0.0001
0.0001
0.0001
0.0001
0.0001
1.0001
1.0001
1.0001
1.0001
0.007808
0.738427
0.0001
1.0001
0.007808
0.0001
1.0001
1.0001
1.0001
1.0001
1.0001
1.0001
1.0001
0.0001
1.0001
1.0001
0.000103
0.0001
1.0001
0.00021
0.00021
0.00021
0.00021
0.09259
1.0001
1.0001
0.000336
0.000336
0.0001
0.0001
0.0001
0.0001
0.0001
1.0001
0.0001
1.0001
0.0001
0.0001
0.0001
0.0001
0.0001
0.0001
0.0001
1.0001
0.0001
0.0001
0.000751
1.0001
0.0001
0.0001
1.0001
0.0001
1.0001
0.0001
1.0001
0.0001
0.0001
1.0001
0.0001
0.0001
1.0001
1.0001
0.0001
0.908961
1.0001
0.0001
0.0001
1.0001
0.0001
0.0001
1.0001
1.0001
0.0001
0.0001
0.0001
0.0001
0.0001
1.0001
0.000106
1.0001
0.000106
0.749428
1.0001
0.749428
1.0001
0.0001
0.0001
0.000105
0.0001
0.72725
0.000105
0.0001
0.0001
0.0001
1.0001
0.0001
0.0001
1.0001
1.0001
1.0001
1.0001
0.0001
0.823266
1.0001
0.0001
0.0001
1.0001
0.0001
1.0001
0.0001
0.999971
1.0001
0.999971
0.999971
0.0001
0.0001
0.0001
0.0001
0.0001
0.0001
0.0001
0.267347
0.267347
0.0001
0.0001
0.0001
0.0001
1.0001
0.0001
0.0001
0.0001
0.0001
0.0001
0.0001
0.0001
0.0001
0.0001
0.0001
0.0001
0.0001
1.0001
0.0001
0.0001
0.0001
0.0001
0.0001
0.0001
0.0001
1.0001
0.0001
0.0001
0.0001
0.0001
0.0001
0.0001
1.0001
1.0001
1.0001
1.0001
1.0001
1.0001
1.0001
1.0001
1.0001
1.0001
1.0001
1.0001
1.0001
1.0001
1.0001
1.0001
1.0001
1.0001
1.0001
1.0001
1.0001
1.0001
1.0001
1.0001
1.0001
1.0001
1.0001
1.0001
1.0001
1.0001
1.0001
1.0001
1.0001
1.0001
0.0001
0.0001
0.0001
0.0001
0.0001
0.0001
0.996863
1.0001
0.0001
0.0001
0.024071
0.0001
1.0001
0.0001
0.0001
0.0001
0.000102
0.000102
0.0001
0.0001
0.0001
0.0001
1.0001
0.0001
0.0001
0.0001
0.0001
0.0001
0.0001
0.0001
0.0001
0.0001
0.0001
0.0001
0.0001
0.0001
0.0001
1.0001
0.0001
0.0001
0.0001
1.0001
0.0001
0.542369
0.0001
1.0001
1.0001
1.0001
1.0001
0.0001
1.0001
1.0001
0.0001
0.0001
0.0001
0.0001
0.0001
0.0001
0.0001
1.0001
0.0001
0.0001
0.0001
1.0001
0.0001
0.0001
0.0001
0.0001
0.0001
0.0001
1.0001
1.0001
0.0001
0.0001
0.0001
1.0001
0.0001
1.0001
0.998086
1.0001
0.0001
1.0001
0.0001
1.0001
0.0001
0.0001
0.0001
1.0001
1.0001
1.0001
0.0001
1.0001
0.0001
0.0001
1.0001
0.0001
0.0001
0.0001
0.0001
0.0001
0.0001
0.0001
0.0001
0.124652
1.0001
1.0001
1.0001
0.0001
0.0001
0.0001
0.0001
0.0001
1.0001
0.0001
0.0001
1.0001
0.004678
0.0001
0.0001
0.0001
0.0001
0.0001
0.0001
0.0001
0.0001
0.0001
0.0001
1.0001
1.0001
1.0001
0.001019
0.001019
1.0001
0.0001
1.0001
1.0001
1.0001
0.026602
1.0001
0.026603
0.0001
1.0001
0.0001
0.0001
0.0001
0.998055
0.998055
0.0001
0.0001
0.0001
0.0001
0.0001
0.0001
1.0001
0.0001
0.0001
1.000095
0.0001
0.0001
0.0001
0.0001
0.0001
0.0001
0.0001
0.0001
0.0001
0.0001
0.0001
0.0001
1.0001
1.0001
0.0001
0.0001
1.0001
1.0001
0.000101
1.0001
1.0001
1.0001
1.0001
0.0001
1.0001
0.0001
0.23611
0.0001
1.0001
0.0001
1.0001
1.0001
0.0001
1.0001
1.0001
0.0001
0.0001
1.0001
1.0001
1.0001
1.0001
1.0001
0.0001
0.0001
1.000093
0.0001
0.0001
0.0001
0.0001
0.0001
0.0001
0.0001
0.0001
0.0001
0.0001
0.0001
0.0001
1.0001
0.0001
0.0001
0.0001
0.0001
0.0001
0.0001
0.0001
0.0001
1.0001
1.0001
0.0001
0.0001
1.0001
0.0001
1.0001
1.0001
0.0001
1.0001
0.0001
0.0001
0.0001
0.0001
0.0001
0.0001
0.0001
1.000023
1.000023
1.000023
1.0001
1.000095
1.0001
1.0001
1.0001
0.0001
1.0001
0.0001
0.0001
0.0001
0.0001
0.0001
0.0001
0.0001
0.0001
0.0001
0.000791
1.0001
0.0001
0.0001
0.0001
0.0001
0.0001
0.0001
0.0001
0.0001
0.0001
0.0001
0.0001
0.0001
1.0001
0.0001
0.0001
0.0001
0.0001
0.0001
1.0001
0.0001
0.0001
0.0001
0.0001
0.0001
0.0001
0.0001
0.0001
0.0001
0.0001
0.0001
0.0001
0.0001
0.0001
1.0001
0.0001
0.0001
0.0001
0.0001
0.0001
0.0001
0.0001
1.0001
1.0001
1.0001
0.000129
0.0001
0.0001
0.0001
0.0001
1.0001
0.0001
1.0001
0.0001
0.0001
0.0001
0.0001
0.000103
1.0001
1.0001
0.0001
0.0001
0.0001
0.0001
1.0001
0.0001
0.0001
0.0001
0.0001
0.0001
1.0001
0.0001
0.0001
0.0001
0.0001
0.999402
0.000122
0.0001
0.000122
0.0001
0.0001
1.0001
0.0001
1.0001
1.0001
1.000093
0.000107
0.0001
0.0001
1.0001
0.0001
0.0001
0.0001
0.0001
0.0001
0.0001
0.0001
0.0001
0.0001
1.000093
1.0001
0.000119
0.0001
0.0001
1.0001
1.0001
0.0001
0.0001
0.0001
0.0001
0.0001
0.0001
0.0001
0.0001
0.0001
0.0001
0.0001
0.0001
0.0001
0.0001
0.0001
0.0001
0.0001
0.0001
0.0001
0.0001
0.000302
0.0001
0.0001
0.0001
0.0001
0.0001
0.631787
1.0001
1.0001
1.0001
0.081099
0.068198
1.0001
0.0001
0.0001
0.0001
0.0001
0.0001
0.0001
0.000181
0.0001
0.0001
0.0001
0.0001
1.0001
0.0001
0.000101
0.0001
0.0001
0.0001
0.0001
0.0001
0.0001
0.0001
0.0001
0.0001
1.0001
1.0001
1.0001
1.0001
0.004518
1.0001
0.004518
0.0001
0.0001
0.000107
0.0001
0.999974
0.0001
0.0001
1.0001
1.0001
0.0001
1.0001
1.0001
0.0001
1.0001
0.0001
0.999949
0.0001
1.0001
0.0001
1.0001
0.0001
0.0001
1.0001
0.0001
0.0001
0.0001
0.0001
0.0001
0.0001
0.000101
0.0001
0.0001
0.0001
0.0001
0.0001
0.0001
0.0001
0.0001
0.0001
0.0001
0.0001
0.0001
1.0001
1.0001
0.0001
1.0001
0.003077
1.0001
1.0001
1.0001
1.0001
1.0001
1.0001
1.0001
0.971702
0.971702
1.0001
0.971702
0.0001
0.0001
0.0001
0.0001
0.0001
0.0001
0.0001
0.0001
0.0001
0.0001
1.0001
0.0001
0.0001
0.0001
0.0001
0.0001
0.0001
0.0001
1.0001
0.0001
1.0001
0.0001
0.0001
0.0001
0.000101
0.000101
1.000099
0.0001
0.000301
1.0001
0.003143
0.755886
1.0001
0.0001
0.0001
1.0001
0.000315
0.0001
1.0001
0.0001
1.0001
1.0001
1.0001
0.952486
1.0001
0.0001
1.0001
1.0001
0.0001
0.0001
0.0001
0.0001
0.0001
0.0001
0.994365
0.0001
0.0001
1.0001
1.0001
1.0001
0.0001
0.124732
0.0001
1.0001
1.0001
0.0001
0.0001
0.0001
1.0001
1.0001
1.0001
0.012392
0.0001
0.0001
0.0001
0.0001
0.0001
0.0001
0.0001
0.0001
0.0001
0.0001
0.0001
0.0001
0.0001
0.0001
0.0001
0.0001
0.0001
0.0001
0.0001
0.000398
0.0001
0.0001
0.0001
1.0001
0.0001
0.01391
0.0001
1.0001
0.0001
1.000043
0.380064
1.000043
1.0001
1.0001
1.0001
0.0001
1.0001
1.0001
1.0001
1.0001
0.0001
0.0001
0.0001
0.0001
1.0001
1.0001
1.0001
1.0001
1.0001
1.0001
1.0001
1.0001
1.0001
1.0001
1.0001
0.0001
0.0001
1.0001
1.0001
1.0001
0.002319
0.0001
0.002319
0.0001
0.0001
0.0001
0.0001
0.0001
0.0001
0.0001
0.0001
0.0001
0.0001
1.0001
0.0001
0.0001
0.0001
1.0001
0.0001
0.0001
0.0001
0.0001
0.0001
0.0001
0.00222
0.0001
0.0001
0.0001
0.0001
0.0001
0.0001
1.0001
1.0001
1.0001
1.0001
0.000706
0.000706
0.0001
0.0001
0.0001
1.0001
1.0001
0.195689
1.0001
1.0001
1.0001
0.21829
0.0001
0.0001
0.0001
1.0001
1.0001
0.071897
0.001188
1.0001
1.0001
1.0001
0.001188
0.0001
0.0001
1.0001
1.0001
1.0001
1.0001
1.0001
1.0001
1.0001
0.0001
0.0001
1.0001
1.0001
0.0001
1.0001
1.0001
1.0001
1.0001
1.0001
1.0001
1.0001
0.0001
1.0001
0.0001
1.0001
1.0001
1.0001
1.0001
1.0001
1.0001
1.0001
1.0001
1.0001
0.0001
0.0001
1.0001
0.0001
1.0001
0.0001
0.0001
0.608469
0.0001
1.0001
1.0001
0.844856
0.844856
0.0001
0.844856
0.844856
0.0001
0.0001
1.0001
1.0001
0.0001
0.0001
0.0001
1.0001
0.000396
0.0001
0.0001
1.0001
1.0001
1.0001
1.0001
1.0001
0.0001
0.0001
1.0001
1.0001
1.0001
1.0001
1.0001
1.0001
1.0001
1.0001
0.0001
1.0001
1.0001
1.0001
1.0001
1.0001
1.0001
0.0001
0.0001
0.0001
0.0001
1.000099
1.0001
1.0001
0.0001
0.0001
0.0001
0.0001
0.0001
1.0001
0.0001
1.0001
0.0001
1.0001
1.0001
1.0001
0.0001
0.0001
1.0001
1.0001
1.0001
0.995602
1.0001
1.0001
0.0001
1.0001
1.0001
1.0001
1.0001
1.0001
1.0001
0.0001
1.0001
0.0001
0.0001
1.0001
0.0001
1.0001
1.0001
0.0001
1.0001
1.0001
0.0001
1.0001
1.0001
1.0001
1.0001
1.0001
1.0001
0.000106
0.988326
0.0001
0.0001
0.986148
1.0001
0.0001
1.0001
1.0001
0.986148
0.0001
0.0001
0.0001
1.0001
0.0001
0.0001
0.0001
0.0001
0.0001
1.0001
0.0001
0.0001
0.0001
0.0001
0.0001
0.0001
0.0001
0.0001
0.0001
1.0001
1.0001
1.0001
1.0001
0.000118
0.0001
1.0001
1.0001
1.0001
1.0001
1.0001
1.0001
1.0001
1.0001
1.0001
1.0001
1.0001
1.0001
1.0001
1.0001
1.0001
1.0001
1.0001
1.0001
1.0001
1.0001
1.0001
0.0001
0.0001
0.0001
0.0001
0.0001
1.0001
0.0001
0.0001
0.0001
0.0001
0.85044
0.0001
0.0001
1.000056
1.0001
0.0001
0.0001
0.0001
0.0001
1.0001
1.0001
1.0001
1.0001
1.0001
1.0001
1.0001
0.0001
0.0001
0.0001
0.0001
0.0001
1.0001
1.0001
1.0001
0.000238
0.0001
0.0001
1.0001
1.0001
0.000238
0.0001
0.0001
0.0001
0.0001
1.0001
0.0001
0.0001
0.0001
0.0001
0.998878
0.0001
0.0001
0.0001
0.0001
0.0001
0.0001
0.00011
0.21186
1.0001
0.000301
0.0001
0.000301
1.0001
0.0001
0.0001
0.0001
0.0001
1.0001
0.0001
0.0001
0.0001
0.0001
0.0001
0.0001
0.0001
0.0001
0.0001
0.0001
0.0001
0.0001
0.0001
0.0001
0.0001
0.0001
0.0001
0.0001
0.0001
0.0001
0.0001
0.0001
0.0001
1.0001
0.0001
0.0001
0.0001
0.0001
0.0001
0.0001
0.0001
0.0001
0.0001
0.0001
0.0001
1.0001
1.0001
0.0001
1.0001
0.0001
0.0001
0.0001
0.0001
0.0001
0.0001
0.0001
0.0001
0.0001
0.0001
0.0001
1.0001
0.998213
0.0001
0.0001
1.0001
0.0001
0.0001
1.0001
1.0001
0.0001
0.000244
1.0001
1.0001
0.0001
1.0001
0.0001
1.0001
1.0001
1.0001
1.0001
0.0001
0.0001
1.0001
1.0001
0.053532
0.998961
0.0001
0.0001
1.0001
1.0001
0.466494
1.0001
1.0001
0.0001
1.0001
1.0001
0.0001
1.000098
1.000098
0.0001
1.000098
1.000098
0.0001
0.0001
1.0001
0.156761
0.156761
0.000129
0.000104
1.0001
1.0001
1.0001
1.0001
1.0001
1.0001
0.00915
0.0001
1.0001
0.0001
1.0001
0.0001
0.0001
1.0001
0.007207
0.007207
1.0001
1.0001
1.0001
1.0001
1.0001
0.0001
1.0001
1.0001
0.0001
1.0001
1.0001
0.03959
0.0001
0.0001
0.0001
1.0001
1.0001
0.0001
0.000623
1.0001
0.0001
0.008506
0.0001
1.0001
1.0001
0.0001
1.0001
0.000108
0.0001
0.0001
1.0001
0.0001
0.856314
0.856314
0.442458
0.442458
1.0001
1.0001
0.0001
0.0001
0.0001
0.0001
0.0001
0.0001
0.0001
0.0001
0.0001
0.0001
0.000118
0.0001
0.0001
0.0001
0.0001
0.0001
0.0001
0.0001
0.000358
0.0001
1.0001
1.0001
1.0001
1.0001
0.0001
0.0001
0.000608
0.000525
1.0001
1.0001
1.0001
1.0001
0.000349
0.0001
0.0001
0.000349
0.0001
0.95359
0.328865
0.0001
0.0001
0.0001
0.0001
1.0001
0.0001
0.0001
0.0001
0.0001
0.0001
1.0001
0.0001
0.00037
0.0001
0.000211
0.0001
0.0001
0.0001
1.0001
0.0001
0.998732
0.0001
0.0001
1.0001
0.0001
0.0001
0.0001
0.0001
1.0001
0.0001
0.0001
0.0001
0.0001
0.303912
0.303912
0.0001
0.0001
0.0001
0.0001
0.008014
0.000107
0.000107
1.0001
0.0001
0.000523
1.0001
0.0001
0.0001
0.0001
0.0001
0.0001
0.0001
0.00046
0.00046
0.0001
0.0001
0.022998
0.0001
1.0001
0.0001
1.0001
0.0001
0.0001
1.0001
1.0001
0.0001
0.0001
0.0001
0.0001
0.0001
1.0001
1.0001
1.0001
1.0001
1.0001
1.0001
0.0001
0.0001
1.0001
0.0001
0.0001
1.0001
1.0001
0.000116
1.0001
1.0001
1.0001
1.0001
1.0001
1.0001
1.0001
1.0001
0.0001
0.999233
1.0001
1.0001
0.163431
0.163431
1.0001
0.26643
1.0001
1.0001
1.0001
0.0001
0.0001
1.0001
1.0001
1.0001
1.0001
1.0001
1.0001
1.0001
1.0001
1.0001
0.0001
0.0001
0.0001
0.0001
0.0001
0.0001
0.0001
1.000096
1.000088
0.0001
0.0001
0.0001
0.0001
0.0001
0.0001
0.0001
0.0001
0.0001
0.0001
1.0001
1.0001
0.0001
1.0001
1.0001
1.0001
1.0001
1.0001
0.0001
0.0001
0.0001
0.0001
0.0001
0.0001
0.0001
0.0001
1.000097
1.000097
1.000097
1.0001
1.0001
0.0001
0.0001
0.999539
0.0001
0.0001
0.0001
0.0001
0.000115
0.0001
0.0001
0.0001
0.0001
0.0001
0.0001
0.0001
0.0001
0.0001
0.0001
0.0001
0.0001
0.0001
0.0001
1.0001
1.0001
1.0001
0.0001
0.0001
0.0001
0.0001
1.0001
1.0001
1.0001
1.0001
0.0001
0.0001
0.0001
1.0001
0.0001
0.999289
0.999289
0.0001
0.0001
0.0001
0.0001
0.0001
0.0001
0.0001
0.0001
0.0001
0.0001
0.0001
1.0001
1.0001
1.0001
0.0001
0.0001
0.989202
1.0001
0.0001
1.0001
1.0001
1.0001
0.0001
0.0001
1.0001
0.0001
1.0001
1.0001
1.0001
0.0001
1.0001
0.0001
0.007593
0.0001
1.0001
1.0001
0.000112
1.0001
0.0001
0.0001
0.0001
0.0001
0.0001
0.0001
0.0001
1.0001
1.0001
0.0001
1.0001
0.039114
0.999558
0.0001
0.0001
0.118721
0.118721
0.000158
0.0001
0.0001
0.0001
0.0001
1.0001
0.0001
0.0001
1.0001
0.0001
0.0001
0.0001
0.0001
0.0001
0.0001
0.0001
0.0001
1.0001
0.000103
0.018025
0.018025
0.0001
0.999792
0.0001
0.0001
0.0001
0.0001
0.209544
0.209544
0.0001
0.209544
0.0001
0.0001
0.209544
0.0001
0.0001
0.0001
0.0001
0.0001
0.0001
0.0001
0.0001
0.0001
0.0001
0.0001
0.0001
1.0001
1.0001
1.0001
1.0001
0.0001
1.0001
1.0001
1.0001
1.0001
1.0001
0.0001
0.000101
0.0001
0.01028
0.0001
0.0001
0.0001
0.0001
0.0001
0.0001
1.000071
1.000071
0.0001
0.0001
0.0001
1.0001
1.0001
0.0001
0.946839
0.0001
0.0001
0.0001
0.0001
0.0001
0.0001
1.0001
0.0001
0.0001
0.0001
1.0001
1.000091
1.0001
1.0001
1.000091
0.002401
1.000067
0.832701
0.832701
0.000832
0.0001
0.0001
1.0001
1.0001
1.0001
1.0001
1.0001
1.0001
1.0001
0.0001
0.000124
0.915989
0.915989
0.829313
0.829313
0.0001
0.0001
0.0001
0.0001
0.0001
1.0001
1.0001
1.0001
1.0001
0.0001
0.0001
0.0001
0.0001
0.994863
0.994863
0.0001
0.0001
0.0001
0.649227
0.649227
0.649227
0.0001
0.0001
0.0001
0.0001
0.0001
0.0001
0.0001
0.0001
0.0001
1.0001
1.0001
0.989321
0.008853
0.0001
0.0001
0.0001
0.0001
0.0001
0.0001
0.0001
0.0001
1.0001
0.0001
0.0001
0.0001
0.129661
0.0001
0.0001
0.0001
0.0001
0.0001
0.0001
0.0001
0.0001
0.0001
0.0001
0.0001
0.0001
0.0001
1.0001
0.0001
0.0001
0.0001
0.0001
1.0001
1.0001
1.0001
1.0001
1.0001
0.0001
0.0001
0.0001
1.0001
0.0001
0.0001
0.0001
1.0001
1.0001
1.0001
1.0001
1.0001
1.0001
1.0001
0.000237
1.0001
1.0001
1.0001
1.0001
1.0001
0.000104
1.0001
1.0001
1.0001
1.0001
0.992748
1.0001
0.0001
1.0001
1.0001
0.0001
1.0001
0.0001
1.0001
1.0001
0.0001
0.0001
1.0001
0.107156
1.0001
1.0001
1.0001
1.0001
1.0001
1.0001
1.0001
0.0001
1.0001
1.0001
1.0001
1.0001
1.0001
1.0001
1.0001
1.0001
1.0001
1.0001
1.0001
1.0001
1.0001
0.0001
0.0001
0.0001
1.0001
1.0001
1.0001
1.0001
1.0001
1.0001
0.0001
0.0001
0.0001
0.0001
0.0001
0.0001
0.0001
0.0001
0.0001
0.0001
0.0001
0.0001
0.0001
0.0001
0.0001
0.0001
0.0001
1.0001
1.0001
1.0001
0.999713
0.000102
0.0001
1.0001
1.0001
1.0001
1.0001
0.0001
1.0001
1.0001
1.0001
1.0001
1.0001
1.0001
1.0001
1.0001
0.0001
0.0001
1.0001
0.112642
0.998782
0.112642
0.795649
1.0001
1.0001
1.0001
0.0001
1.0001
0.0001
1.000095
1.000095
1.000095
1.000095
0.0001
0.0001
0.0001
0.995845
0.995845
1.0001
1.0001
1.0001
0.002823
1.0001
0.0001
0.00052
0.076803
1.0001
0.0001
0.967628
0.967628
0.0001
0.0001
0.0001
0.0001
1.0001
0.0001
1.0001
1.0001
1.0001
1.000099
1.0001
1.0001
1.000099
0.0001
1.0001
0.0001
1.000099
1.000099
0.396738
0.0001
0.0001
1.0001
0.00013
0.00013
0.0001
0.0001
1.0001
1.0001
1.0001
0.999654
0.999654
0.0001
0.999654
1.0001
1.000069
0.0001
0.0001
0.0001
0.0001
0.0001
0.043281
0.043281
0.043281
1.0001
1.0001
1.0001
1.0001
1.0001
1.0001
1.0001
1.0001
1.0001
1.0001
1.0001
1.0001
1.0001
1.0001
1.0001
1.0001
1.0001
0.0001
1.0001
1.0001
1.0001
0.498322
0.498322
0.498322
0.0001
0.0001
1.0001
0.0001
0.0001
0.0001
1.0001
0.0001
0.0001
0.0001
0.0001
0.0001
0.0001
0.0001
0.0001
0.0001
0.0001
0.0001
0.0001
0.000102
0.000102
0.0001
0.0001
0.0001
1.0001
0.0001
1.0001
1.0001
1.0001
1.0001
1.0001
1.0001
1.0001
1.0001
1.0001
1.0001
1.0001
1.0001
1.0001
0.0001
1.0001
1.0001
1.0001
1.0001
1.0001
0.0001
1.0001
1.0001
1.0001
1.0001
0.0001
0.0001
0.000101
0.999962
0.999962
0.0001
0.0001
1.0001
1.0001
1.0001
0.0001
0.05971
0.0001
1.0001
0.0001
0.0001
1.000096
1.000096
0.5001
1.0001
1.0001
1.0001
1.0001
1.0001
0.0001
0.999202
0.0001
1.0001
0.087264
1.0001
1.0001
0.0001
0.0001
0.0001
0.0001
0.0001
0.0001
0.0001
0.0001
1.0001
1.0001
1.0001
1.0001
1.0001
1.0001
1.0001
1.0001
1.0001
1.0001
1.0001
1.0001
1.0001
1.0001
1.0001
1.0001
1.0001
1.0001
1.0001
1.0001
1.0001
1.0001
1.0001
0.01053
0.01053
0.01053
0.0001
0.0001
0.0001
0.0001
0.0001
1.0001
1.0001
0.0001
0.0001
1.0001
1.0001
1.0001
1.0001
1.0001
1.0001
1.0001
0.0001
1.0001
1.0001
1.0001
1.0001
1.0001
1.0001
1.0001
1.0001
1.0001
1.0001
1.0001
1.0001
1.0001
1.0001
0.0001
0.002871
0.0001
0.000767
0.000767
0.0001
1.000087
0.0001
0.0001
0.0001
0.0001
0.0001
0.0001
0.0001
0.0001
0.0001
0.0001
0.0001
1.0001
1.0001
1.0001
1.0001
1.0001
1.0001
1.0001
1.0001
1.0001
1.0001
1.0001
1.0001
1.0001
1.0001
0.5001
1.0001
0.0001
1.0001
0.005657
1.0001
0.997703
1.0001
1.0001
0.997703
0.005657
1.0001
1.0001
1.000096
1.0001
1.0001
1.0001
1.0001
1.0001
1.0001
1.0001
0.0001
0.0001
0.0001
0.0001
1.0001
0.719092
1.0001
1.0001
0.0001
0.0001
0.0001
0.0001
0.0001
0.0001
1.0001
0.0001
0.0001
0.0001
0.0001
0.0001
0.0001
1.000099
1.000099
1.000099
1.000099
1.0001
1.0001
1.0001
0.0001
0.0001
0.000102
0.767202
0.767202
1.0001
0.000153
0.0001
0.0001
1.0001
1.0001
1.0001
0.000122
0.000122
0.0001
0.0001
0.000521
1.0001
1.0001
1.0001
1.0001
1.0001
1.000098
1.000098
1.0001
1.0001
1.000098
1.0001
1.0001
1.0001
1.0001
1.0001
1.0001
1.0001
1.0001
1.0001
1.0001
0.0001
0.0001
0.0001
0.0001
0.0001
0.0001
0.0001
0.0001
0.0001
0.0001
1.0001
1.0001
1.0001
1.0001
1.0001
0.0001
0.0001
0.0001
0.950396
0.950396
0.950396
1.0001
0.950394
1.0001
0.97465
1.0001
0.97465
0.97465
0.0001
0.0001
0.0001
0.0001
0.0001
1.0001
1.0001
1.0001
1.0001
1.0001
1.0001
1.0001
1.0001
1.0001
1.0001
1.0001
1.0001
1.0001
1.0001
1.0001
1.0001
1.0001
1.0001
1.0001
1.0001
1.0001
1.0001
1.0001
1.0001
1.0001
1.0001
1.0001
1.0001
1.0001
1.0001
1.0001
1.0001
1.0001
1.0001
1.0001
1.0001
1.0001
1.0001
1.0001
1.0001
1.0001
1.0001
1.0001
1.0001
1.0001
1.0001
1.0001
1.0001
1.0001
1.0001
0.0001
0.0001
0.0001
1.0001
1.0001
0.82903
1.0001
0.0001
1.0001
1.0001
1.0001
1.0001
1.0001
1.0001
1.0001
0.0001
1.0001
1.0001
1.0001
1.0001
1.000099
0.0001
1.0001
1.000035
0.0001
1.0001
1.0001
1.0001
0.0001
0.0001
0.0001
0.0001
0.0001
0.0001
0.0001
0.0001
0.0001
0.0001
0.751483
0.751483
1.0001
1.0001
1.0001
1.0001
0.0001
1.0001
1.0001
0.528185
0.0001
0.0001
1.0001
1.0001
1.0001
1.0001
1.0001
1.0001
1.0001
1.0001
1.0001
1.0001
1.0001
0.0001
0.0001
0.0001
1.0001
1.0001
1.0001
0.0001
0.000156
1.0001
1.0001
1.0001
1.0001
1.0001
1.0001
1.0001
0.000101
1.0001
1.0001
1.0001
0.0001
1.0001
1.0001
1.000099
1.0001
0.033747
1.0001
0.002456
0.033747
0.033747
1.000097
1.0001
1.0001
1.000099
1.00004
1.00004
1.000099
1.0001
0.064627
0.015002
0.0001
0.242751
0.242751
1.0001
1.0001
0.0001
0.0001
0.0001
1.0001
1.0001
1.0001
1.0001
1.0001
1.000092
0.0001
1.0001
1.0001
1.0001
1.0001
0.0001
0.9991
0.0001
0.9991
0.9991
0.001467
0.0001
1.0001
1.0001
1.0001
1.0001
1.0001
1.0001
0.0001
0.0001
0.0001
1.0001
0.000254
1.000095
1.0001
1.0001
1.0001
1.0001
0.000107
0.0001
0.000107
0.001005
0.001005
0.0001
0.000113
0.0001
0.99894
0.99894
0.99894
1.0001
1.0001
1.0001
1.0001
1.0001
0.000126
0.000126
0.000126
1.0001
1.0001
1.0001
1.0001
0.0001
1.0001
1.0001
1.0001
1.0001
1.0001
1.0001
1.0001
1.0001
0.0001
0.0001
1.0001
0.0001
1.0001
0.94444
0.0001
0.006087
1.0001
1.0001
1.0001
1.0001
0.0001
0.0001
0.0001
1.0001
0.0001
1.0001
1.0001
1.0001
1.0001
1.0001
1.0001
1.0001
1.0001
0.999757
0.999757
0.999757
1.0001
1.000099
1.000099
1.0001
0.000115
0.0001
0.0001
1.0001
0.437758
0.0001
0.0001
0.0001
1.0001
1.0001
0.114541
0.0001
0.000105
1.0001
1.0001
1.0001
1.0001
1.0001
1.0001
1.0001
0.0001
0.0001
0.0001
1.0001
1.0001
1.0001
1.0001
1.0001
0.0001
0.0001
0.0001
1.0001
1.0001
0.0001
0.0001
0.0001
0.0001
1.0001
1.0001
1.0001
1.0001
1.0001
1.0001
1.0001
1.0001
1.0001
1.0001
1.0001
1.0001
1.0001
1.000092
0.0001
0.0001
0.0001
0.000566
0.0001
1.000099
1.000099
1.0001
1.0001
1.0001
1.0001
1.0001
0.0001
0.0001
0.0001
0.0001
1.0001
1.0001
1.0001
0.0001
0.0001
0.0001
1.0001
1.0001
1.0001
1.0001
1.0001
1.000089
1.000089
1.000089
1.000089
1.000089
1.000089
0.0001
1.0001
1.0001
1.0001
0.0001
1.0001
1.0001
0.0001
1.0001
0.000104
0.0001
0.0001
1.0001
1.0001
1.0001
1.0001
0.0001
0.0001
0.0001
0.0001
0.0001
0.000155
0.000155
0.0001
1.0001
0.0001
0.000111
0.0001
0.000111
1.0001
1.0001
0.000123
1.0001
1.0001
1.0001
0.000109
1.0001
0.940903
0.940903
0.0001
0.0001
0.0001
0.0001
1.0001
1.000082
1.000082
1.0001
1.0001
1.0001
1.0001
1.0001
1.0001
1.0001
0.010925
0.010925
0.378678
1.0001
0.0001
0.0001
0.0001
0.0001
0.0001
0.0001
0.0001
0.0001
0.0001
0.0001
0.0001
0.0001
0.0001
1.0001
0.0001
0.0001
0.999868
0.0001
1.0001
1.0001
1.0001
0.0001
0.0001
0.0001
0.989502
0.989502
1.0001
0.000211
0.0001
0.0001
0.0001
0.0001
0.0001
1.0001
1.0001
0.0001
0.0001
0.0001
0.0001
0.0001
1.0001
1.0001
1.0001
1.0001
1.0001
1.0001
1.0001
1.0001
0.0001
0.0001
0.0001
1.0001
1.0001
1.0001
1.0001
1.0001
1.0001
1.0001
1.0001
1.0001
1.0001
1.0001
1.0001
1.0001
1.0001
1.0001
0.000104
1.0001
1.0001
0.0001
1.0001
1.0001
0.0001
0.000237
0.000237
0.0001
0.000237
0.018153
0.018153
0.0001
1.0001
1.0001
1.0001
1.0001
1.0001
1.0001
1.0001
1.0001
1.0001
0.0001
0.0001
1.0001
1.0001
1.0001
1.0001
1.0001
1.0001
0.0001
0.0001
1.0001
0.0001
0.025259
0.025259
1.0001
1.0001
1.0001
1.0001
1.0001
1.0001
1.0001
1.0001
1.0001
1.0001
1.0001
1.0001
1.0001
1.0001
1.0001
1.0001
1.0001
1.0001
1.0001
1.0001
0.0001
0.090263
0.0001
0.090263
1.0001
1.0001
1.0001
1.0001
1.0001
1.0001
1.0001
1.0001
1.0001
1.0001
1.0001
1.0001
1.0001
0.0001
1.0001
1.0001
1.0001
0.0001
1.0001
1.0001
0.944726
0.003807
1.0001
1.0001
1.0001
1.0001
1.0001
1.0001
1.0001
1.0001
1.0001
0.0001
0.000382
0.000382
1.0001
1.0001
1.0001
1.0001
0.0001
0.0001
0.0001
0.032717
0.032717
0.032717
0.0001
1.0001
1.0001
1.0001
1.0001
1.0001
1.0001
1.0001
1.0001
1.0001
1.0001
1.0001
1.0001
0.0001
0.0001
1.0001
1.0001
1.0001
1.0001
1.0001
1.0001
1.0001
0.0001
1.0001
1.0001
1.0001
0.0001
1.0001
1.0001
1.0001
1.0001
0.122199
1.0001
1.0001
1.0001
1.0001
1.0001
1.0001
1.0001
1.0001
1.0001
1.0001
1.0001
1.0001
1.0001
1.0001
0.0001
1.0001
1.0001
1.0001
1.0001
1.0001
1.0001
1.0001
1.0001
0.0001
0.0001
0.0001
1.000098
1.0001
1.0001
1.0001
1.0001
1.0001
0.0001
1.0001
1.0001
1.0001
1.0001
1.0001
0.0001
0.0001
0.0001
0.0001
0.0001
1.0001
1.0001
1.0001
1.0001
1.0001
1.0001
1.0001
1.0001
1.0001
0.181148
0.181148
1.0001
1.0001
1.0001
1.0001
1.0001
1.0001
1.0001
1.0001
1.0001
1.0001
1.0001
0.000102
0.000102
0.0001
1.0001
1.0001
1.0001
1.0001
1.0001
1.0001
0.0001
1.0001
1.0001
1.0001
1.0001
0.5001
1.0001
1.0001
1.0001
1.0001
1.0001
1.0001
1.0001
1.0001
1.0001
1.0001
1.0001
1.0001
1.0001
1.0001
1.0001
1.0001
1.0001
1.0001
1.0001
1.0001
1.0001
1.0001
1.0001
0.981484
0.0001
1.0001
1.0001
1.0001
1.0001
0.215471
0.215471
0.215471
0.0001
0.0001
1.000069
1.000069
0.0001
0.0001
0.0001
1.0001
1.0001
1.0001
1.0001
1.0001
1.0001
1.0001
1.0001
1.0001
1.0001
0.0001
0.0001
1.0001
1.0001
1.0001
1.0001
1.0001
1.0001
0.0001
1.0001
1.0001
1.0001
1.0001
1.0001
1.0001
0.0001
0.021149
0.021149
1.0001
1.0001
0.999735
0.999735
0.069422
1.0001
1.0001
1.0001
1.0001
1.0001
1.0001
1.0001
0.0001
1.0001
1.0001
1.0001
1.0001
1.0001
1.0001
1.0001
1.0001
1.0001
0.000416
0.0001
0.0001
1.0001
1.0001
1.0001
1.0001
1.0001
1.0001
1.0001
1.0001
1.0001
1.0001
0.5001
1.0001
1.0001
0.0001
0.0001
0.5001
1.0001
1.0001
1.0001
0.199488
0.000101
1.0001
1.0001
1.0001
1.0001
1.0001
0.999935
1.0001
1.0001
1.0001
1.0001
1.0001
1.0001
1.0001
1.0001
1.0001
1.0001
1.0001
1.0001
1.0001
1.0001
1.0001
1.0001
1.000024
1.0001
1.0001
1.000024
1.000024
1.0001
1.0001
1.000024
1.000024
1.0001
1.0001
1.0001
1.0001
1.0001
1.0001
1.0001
1.0001
1.0001
1.0001
1.0001
1.0001
1.0001
1.0001
1.0001
0.0001
0.0001
1.0001
1.0001
0.001098
0.001098
1.0001
1.0001
1.0001
1.0001
1.0001
1.0001
1.0001
1.0001
1.0001
1.0001
1.0001
1.0001
1.0001
0.000403
0.000289
0.000289
1.0001
1.0001
1.0001
1.0001
1.0001
1.0001
1.0001
1.0001
1.0001
1.0001
1.0001
1.0001
1.0001
1.0001
1.0001
1.0001
1.0001
1.0001
1.0001
1.0001
0.0001
1.0001
1.0001
1.0001
1.000092
1.000092
0.0001
0.0001
1.0001
1.0001
1.0001
1.0001
1.0001
1.0001
1.0001
1.0001
1.0001
1.0001
0.222919
0.222919
1.0001
1.0001
1.0001
1.0001
1.0001
1.0001
1.0001
1.0001
1.0001
1.0001
1.0001
1.0001
1.0001
1.0001
1.0001
0.0001
1.0001
1.0001
1.0001
1.0001
1.0001
1.0001
1.0001
1.0001
1.0001
1.0001
1.0001
1.0001
1.0001
1.0001
1.0001
1.0001
1.0001
1.0001
0.00325
0.00325
1.0001
0.112316
0.112316
1.0001
1.0001
0.0001
0.0001
0.263599
0.263599
0.263599
1.0001
1.0001
1.0001
1.0001
0.0001
1.0001
1.0001
1.0001
1.0001
1.0001
1.0001
1.0001
1.0001
0.0001
0.002582
0.159671
0.159671
1.0001
1.0001
1.0001
1.0001
1.0001
1.0001
1.0001
1.0001
1.0001
1.0001
1.0001
1.0001
1.0001
1.0001
1.0001
0.0001
1.0001
1.0001
1.0001
1.0001
1.0001
1.0001
1.0001
1.0001
1.0001
1.0001
1.0001
1.0001
1.0001
1.0001
1.0001
0.0001
0.0001
1.0001
1.0001
1.0001
1.0001
1.0001
1.0001
1.0001
1.0001
1.0001
1.0001
1.0001
1.0001
1.0001
1.0001
1.0001
1.0001
1.0001
0.0001
0.0001
0.0001
0.0001
1.0001
1.0001
1.0001
1.0001
1.0001
1.0001
1.0001
1.0001
1.0001
1.0001
1.0001
1.0001
1.0001
1.0001
1.0001
1.0001
1.0001
1.0001
1.0001
1.0001
1.0001
1.0001
1.0001
1.0001
1.0001
1.0001
0.0001
0.0001
0.0001
1.0001
1.0001
1.0001
0.0001
0.051612
1.0001
1.0001
1.0001
1.0001
0.0001
0.552711
0.0001
1.0001
1.0001
1.0001
1.0001
0.0001
0.000534
0.000534
1.0001
1.0001
1.0001
1.0001
1.0001
0.0001
1.0001
1.0001
1.0001
1.0001
1.0001
1.0001
1.0001
1.0001
1.0001
1.0001
1.0001
1.0001
0.0001
0.0001
0.0001
1.0001
1.0001
1.0001
1.0001
1.0001
0.000101
0.000101
1.0001
1.0001
1.0001
1.0001
1.0001
1.0001
1.0001
1.0001
1.0001
1.0001
1.0001
1.0001
1.0001
1.0001
1.0001
1.0001
1.0001
0.0001
1.0001
1.0001
1.0001
1.0001
1.0001
1.0001
1.0001
1.0001
0.0001
1.0001
1.0001
1.0001
1.0001
1.0001
0.0001
1.0001
1.0001
1.0001
1.0001
1.0001
1.0001
1.0001
1.0001
1.0001
1.0001
1.0001
1.0001
0.0001
1.0001
1.0001
1.0001
1.0001
1.0001
1.0001
1.0001
1.0001
1.0001
1.0001
1.0001
1.0001
1.0001
1.0001
1.0001
1.0001
1.0001
1.0001
1.0001
0.0001
1.0001
1.0001
1.0001
1.0001
1.0001
1.0001
1.0001
1.0001
1.0001
1.0001
1.0001
1.0001
1.0001
1.0001
1.0001
1.0001
1.0001
1.0001
1.0001
1.0001
1.0001
1.0001
0.0001
1.0001
1.0001
0.0001
1.0001
1.0001
1.0001
1.0001
1.0001
1.0001
1.0001
0.0001
1.0001
1.0001
1.0001
1.0001
1.0001
1.0001
1.0001
1.0001
1.0001
1.0001
1.0001
1.0001
1.0001
1.0001
1.0001
1.0001
1.0001
1.0001
1.0001
1.0001
1.0001
1.0001
1.0001
1.0001
1.0001
1.0001
1.0001
1.0001
1.0001
1.0001
1.0001
1.0001
1.0001
1.0001
1.0001
1.0001
1.0001
1.0001
1.0001
