0.971019
0.869335
0.615778
0.963778
0.05862
0.986072
0.933554
0.990702
0.299055
0.207383
0.00145
0.003189
0.001742
0.084717
0.001121
0.967405
0.082058
0.03718
0.15902
0.08928
0.116931
0.659256
0.272857
0.142877
0.011478
0.081754
0.003471
0.015557
0.000781
0.024218
0.064785
0.052407
0.034791
0.000404
0.17401
0.009708
0.000115
0.057113
0.372336
0.007231
0.183313
0.000597
0.000101
0.224726
0.026134
0.032989
0.236044
0.041965
0.063672
0.253828
0.000468
0.785131
0.000817
0.987383
0.000585
0.037536
0.001085
0.001667
0.024037
0.000178
0.093167
0.072298
0.017296
0.003687
0.131253
0.006291
0.025895
0.982103
0.452821
0.492996
0.033699
0.001506
0.212102
0.150643
0.061638
0.000936
0.055127
0.388449
0.516975
0.010481
0.554198
0.049095
0.385562
0.11896
0.143005
0.000135
0.014678
0.03749
0.9869
0.099678
0.000171
0.012161
0.03136
0.000373
0.000293
0.000548
0.000559
0.000122
0.473254
0.002193
0.013227
0.00143
0.004635
0.001463
0.965734
0.000355
0.027934
0.001928
0.000985
0.035738
0.161466
0.377128
0.004508
0.001212
0.074033
