0.999634
0.5001
0.5001
0.5001
0.5001
0.945972
1.0001
0.999389
0.913643
0.998473
0.975048
0.990715
0.5001
0.998589
0.653272
0.745759
0.5001
0.981702
0.995915
0.712531
0.5001
0.999284
0.55243
0.99993
0.5001
0.5001
0.5001
0.5001
0.5001
0.896983
0.995079
1.000095
1.000092
0.896539
1.0001
0.999388
0.5001
0.968411
0.5001
1.000092
0.5001
0.948038
1.000041
1.000098
0.5001
0.999763
0.5001
0.653272
1.000044
0.999887
0.5001
0.5001
1.000069
1.000094
0.999058
0.999954
0.999963
1.000091
0.920904
1.0001
0.999967
1.000093
1.000086
1.000091
1.000092
1.000095
0.999466
0.988156
1.000098
1.0001
0.998504
0.608815
0.5001
0.992806
0.5001
0.5001
0.5001
0.999458
0.5001
0.922573
1.000098
0.687708
1.0001
0.937807
0.5001
0.5001
0.996875
0.967336
0.986206
0.5001
0.998454
0.5001
0.999863
0.999768
1.000097
0.891759
0.5001
1.0001
1.0001
1.0001
1.0001
0.5001
0.997745
0.996813
1.0001
1.000099
1.000097
1.0001
1.000094
1.000099
1.000087
0.998861
0.816022
1.000089
0.5001
0.971807
0.73913
1.00009
0.904394
0.5001
1.000083
1.0001
1.000099
0.5001
0.999917
0.5001
0.999835
0.5001
0.997386
1.000035
1.0001
1.0001
0.5001
0.912687
1.0001
1.0001
0.908469
0.5001
0.974939
0.5001
0.998168
0.999766
0.967143
0.5001
0.5001
0.999855
0.5001
0.5001
0.904018
1.000052
0.998547
0.955557
0.756196
1.0001
0.5001
0.5001
0.972218
1.0001
0.803742
0.5001
0.999288
0.96815
0.5001
1.000099
0.5001
0.988156
0.5001
1.0001
0.5001
1.0001
1.000099
0.5001
0.5001
1.000097
0.996374
0.5001
0.997968
1.000072
1.000098
0.5001
0.5001
0.999983
1.000092
0.5001
0.987204
0.866894
0.997799
0.817455
0.5001
0.999855
0.5001
1.000099
0.999924
1.000099
1.000091
1.000089
1.000078
0.5001
