0.108592
0.02127
0.00124
0.053602
0.29438
0.061571
0.856315
0.024018
0.050816
0.187034
0.000944
0.999097
0.047887
0.05912
0.000646
0.204329
0.417789
0.153117
0.000159
0.905177
0.993497
0.000107
0.000109
0.21464
0.031016
0.14582
0.000536
0.86495
0.0001
0.000324
0.000126
0.86981
0.062482
0.014407
0.005992
0.000396
0.312818
0.012093
0.0001
0.0001
0.382346
0.839091
0.144202
0.035478
0.693491
0.852754
0.0001
0.000428
0.038387
0.066336
0.006356
0.000628
0.000368
0.99812
0.004915
0.133815
0.000103
0.017985
0.002281
0.000102
0.05352
0.000299
0.001926
0.089246
0.000102
0.000175
0.001936
0.661021
0.121604
0.031717
0.116588
0.031717
0.999358
0.605899
0.084573
0.031717
0.878629
0.998358
0.009832
0.248585
0.006306
0.012346
0.337677
0.218872
0.661135
0.090136
0.031717
0.031717
0.005007
0.433067
0.044342
0.002928
0.064179
0.000105
0.010384
0.014782
0.254012
0.001626
0.047904
0.047662
0.996035
1.000087
0.855469
1.000072
0.008979
0.140429
0.916862
0.916862
0.999693
0.0001
0.000101
0.002745
0.0001
0.023361
0.013075
0.0001
0.000104
0.000381
0.623857
0.407755
0.000109
0.000104
0.000705
0.768533
0.052719
0.000109
0.000104
0.000267
0.012996
0.000101
0.000103
0.0001
0.008336
0.0001
0.000381
0.429077
0.000104
0.019693
0.000381
0.000101
0.00082
0.021304
0.0001
0.06519
0.000381
0.090334
0.674374
0.869786
0.505744
0.582918
0.079934
0.001309
0.031602
0.002004
0.021881
0.008382
0.000256
0.005562
0.008382
0.979185
0.072072
0.076211
0.112859
0.045191
0.000209
0.075357
0.000274
0.624743
0.147991
0.076922
0.002051
0.003962
0.011732
0.012262
0.376631
0.011732
0.004089
0.502164
0.012262
0.000974
0.118352
0.407553
0.000598
0.001271
0.000925
0.118352
0.998873
0.007174
0.005964
0.002552
0.036254
0.03306
0.000221
0.192378
0.004477
0.000517
0.004247
0.19458
0.000105
0.000126
0.00012
0.003049
0.007756
0.164942
0.059577
0.000364
0.000126
0.996343
0.000126
0.013712
0.014634
0.03246
0.002882
0.008122
0.487583
0.079735
0.000433
0.000176
0.000114
0.073851
0.029833
0.976854
0.100161
0.029833
0.557759
0.07201
0.034678
0.064265
0.425657
0.058908
0.758814
0.022093
0.311309
0.171527
0.233739
0.171527
0.114317
0.040301
0.100411
0.217369
0.077383
0.463103
0.002555
0.003829
0.973795
0.019984
0.000176
0.000151
0.001859
0.08061
0.001032
0.039212
0.256653
0.499428
0.045344
0.001859
0.882878
0.006349
0.189352
0.21696
0.017085
0.337835
0.745769
0.91589
0.0987
0.995846
0.039364
0.191899
0.0001
0.895835
0.062595
0.019083
0.0001
0.096669
0.039364
0.798206
0.039364
0.237906
0.039364
1.000062
0.159803
0.001047
0.93748
0.039364
0.066565
0.958396
0.039364
0.000112
0.999884
0.039364
0.123632
0.039364
0.039364
0.039364
0.098747
1.000049
0.994635
0.145029
0.002817
0.118982
0.899289
0.339837
0.844752
0.857925
0.005203
0.000106
0.321122
0.009404
0.105241
0.000106
0.000923
0.000126
0.009404
0.00012
0.028273
0.939102
0.046355
0.0001
0.01477
0.042137
0.002517
0.00555
0.365019
0.001619
0.00259
0.054974
0.002345
0.000484
0.000157
0.002441
0.000128
0.009432
0.002441
0.812656
0.068099
0.001662
0.018795
0.000781
0.072691
0.00811
0.15911
0.016211
0.047845
0.388479
0.013174
0.596607
0.97535
0.098872
0.000714
0.048904
0.398877
0.027285
0.076867
0.726934
0.000441
0.414144
0.001305
0.027285
0.000192
0.24499
0.088352
0.00023
0.000572
0.995036
0.000101
0.994125
0.041922
0.000101
0.000103
0.97951
0.827595
0.004123
0.010638
0.006257
0.248839
0.977412
0.309545
0.017681
0.365656
0.076002
0.00109
0.136463
0.011799
0.011799
0.045773
0.016356
0.012881
0.006655
0.571005
0.01705
0.210128
0.271037
0.000779
0.000779
0.000778
0.007963
0.949868
0.195097
0.723033
0.190656
0.004415
0.002621
0.364605
0.006109
0.007963
0.000132
0.001987
0.003706
0.082395
0.000651
0.025592
0.000651
0.200139
0.245264
0.000651
0.006023
0.000611
0.487088
0.792203
0.481987
0.006027
0.016453
0.062194
0.062194
0.000588
0.272971
0.062194
0.000379
0.016453
0.208826
0.178629
0.014922
0.012091
0.947289
0.838711
0.838711
0.127029
0.726096
0.11108
0.079633
0.666684
0.156765
0.005524
0.363528
0.005427
0.005427
0.074964
0.074964
0.69854
0.004649
0.866411
0.004649
0.185108
0.019426
0.019941
0.000174
0.001594
0.971343
0.001121
0.036269
0.000103
0.007309
0.002051
0.104843
0.068233
0.964904
0.000262
0.684858
0.05707
0.003477
0.005475
0.000483
0.000321
0.118266
0.000148
0.172094
0.000483
0.001594
0.000433
0.000902
0.073922
0.012113
0.316506
0.017593
0.017593
0.255469
0.017593
0.000873
0.000644
0.017593
0.171968
0.272789
0.000445
0.000195
0.277118
0.013562
0.003789
0.013562
0.437833
0.054934
0.000175
0.013562
0.013562
0.295675
0.724938
0.056643
0.013562
0.013562
0.013562
0.00103
0.104011
0.013562
0.097829
0.016951
0.019367
0.048977
0.025873
0.049297
0.000222
0.002358
0.024481
0.000125
0.119015
0.913119
0.268549
0.000159
0.002013
0.000251
0.000385
0.0001
0.000861
0.0001
0.012167
0.001014
0.000103
0.000104
0.001334
0.0001
0.157471
0.000325
0.0001
0.059238
0.000385
0.943393
0.007915
0.990261
0.000382
0.006618
0.001585
0.0001
0.000924
0.0001
0.000102
0.000235
0.002647
0.023658
0.000102
0.000101
0.136782
0.000157
0.000754
0.000469
0.000644
0.000174
0.024344
0.000391
0.009028
0.719864
0.00012
0.288701
0.000363
0.004544
0.000965
0.000113
0.0001
0.003029
0.000105
0.999829
0.577583
0.0001
0.0001
0.006104
0.017068
0.000103
0.0001
0.000105
0.01332
0.143917
0.762896
0.131266
0.057321
0.057321
0.057321
0.105765
0.009987
0.013061
0.006808
0.008598
0.198284
0.075097
0.001652
0.016881
0.000339
0.000543
0.00013
0.007204
0.376921
0.001732
0.026568
0.000103
0.029821
0.000113
0.001244
0.000169
0.00017
0.000811
0.000342
0.000144
0.000342
0.000137
0.129179
0.010861
0.000166
0.001018
0.040872
0.109075
0.040872
0.249322
0.81592
0.011445
0.097818
0.39774
0.018789
0.307286
0.006651
0.104709
0.916862
0.916862
0.916862
0.916862
0.916862
0.916862
0.012216
0.09386
0.047803
0.004399
0.001538
0.500655
0.053282
0.107101
0.042266
0.423565
0.061488
0.000437
0.000437
0.000124
0.178966
0.000826
0.961598
0.034959
0.000314
0.047412
0.057331
0.031315
0.072513
0.057552
0.000314
0.076744
0.005345
0.401537
0.010897
0.553856
0.491411
0.012981
0.000147
0.491491
0.00032
0.008339
0.000136
0.000212
0.497763
0.002732
0.008339
0.106291
0.002989
0.4064
0.196756
0.027789
0.000705
0.990361
0.23247
0.082469
0.007165
0.004776
0.00155
0.00014
0.00014
0.00751
0.16682
0.65893
0.076685
0.315227
0.127082
0.002369
0.479879
0.008622
0.008622
0.089259
0.061974
0.25722
0.000226
0.325052
0.093107
0.003451
0.024564
0.005298
0.256739
0.256739
0.023283
0.636244
0.011151
0.002006
0.002006
0.1551
0.371781
0.082514
0.113309
0.002006
0.002006
0.018871
0.005923
0.578321
0.014243
0.122697
0.361172
0.0001
0.0001
0.000424
0.000424
0.162054
0.000226
0.000386
0.007508
0.000277
0.305921
0.000975
0.952979
0.000112
0.313382
0.154038
0.00027
0.000386
0.066123
0.028118
0.01954
0.000525
0.000713
0.821344
0.671065
0.010884
0.053238
0.007352
0.000333
0.000912
0.003826
0.000333
0.000517
0.541866
0.0107
0.002053
0.001134
0.000333
0.132804
0.722
0.077772
0.082327
0.759819
0.059713
0.019259
0.126748
0.023166
0.082327
0.200853
0.296649
0.082327
0.116582
0.00775
0.005786
0.001684
0.576282
0.000104
0.000723
0.87341
0.015136
0.002436
0.001075
0.071873
0.0004
0.004603
0.186676
0.03843
0.0004
0.032901
0.916862
0.916862
0.250957
0.0474
0.002847
0.669381
0.010762
0.299817
0.001069
0.004103
0.028812
0.008144
0.008144
0.00136
0.001069
0.892321
0.008708
0.042584
0.001416
0.003593
0.027443
0.008191
0.270959
0.000722
0.000703
0.001151
0.010958
0.000885
0.000885
0.00074
0.02047
0.014914
0.010911
0.000349
0.001613
0.000645
0.001613
0.329225
0.605847
0.122571
0.064367
0.122571
0.01311
0.000134
0.001568
0.55495
0.064042
0.053731
0.028002
0.009173
0.000114
0.001988
0.045303
0.009173
0.073403
0.017113
0.002903
0.043001
0.123509
0.021047
0.164171
0.027046
0.022452
0.000935
0.001356
0.01276
0.00237
0.001483
0.011071
0.013959
0.000887
0.50066
0.005951
0.083521
0.023853
0.00917
0.043973
0.611748
0.01637
0.171796
0.025658
0.337328
0.024969
0.038028
0.000371
0.005632
0.001752
0.916862
0.916862
0.012405
0.712708
0.096059
0.096059
0.096059
0.096059
0.000109
0.025478
0.075215
0.013704
0.075215
0.454084
0.064307
0.138452
0.055595
0.119679
0.159268
0.005745
0.220133
0.401436
0.000978
0.362048
0.211438
0.004738
0.066634
0.026349
0.066634
0.04476
0.017381
0.000978
0.038979
0.345997
0.000344
0.003864
0.15759
0.022612
0.045382
0.452478
0.000113
0.004128
0.001984
0.000543
0.176053
0.032418
0.000102
0.018396
0.001662
0.000766
0.017191
0.02374
0.024155
0.017077
0.003341
0.002745
0.041244
0.0001
0.0001
0.010763
0.000136
0.0001
0.0001
0.0001
0.10501
0.00945
0.000104
0.000156
0.00976
0.009131
0.455868
0.034254
0.004183
0.113146
0.009131
0.196127
0.001476
0.028922
0.745081
0.003076
0.002999
0.04344
0.467826
0.204416
0.014087
0.064373
0.017801
0.021152
0.016667
0.718226
0.378653
0.282431
0.003564
0.042644
0.765051
0.081836
0.019087
0.005213
0.835221
0.019087
0.013976
0.029521
0.150578
0.016182
0.000802
0.000802
0.38811
0.000651
0.000651
0.46471
0.000802
0.150887
0.009893
0.000339
0.009893
0.025945
0.008453
0.009893
0.018449
0.570408
0.000367
0.795347
0.008435
0.001887
0.000352
0.137708
0.006031
0.061224
0.00998
0.64977
0.005749
0.00998
0.000214
0.330629
0.566635
0.001967
0.310414
0.001399
0.354989
0.025677
0.086498
0.184027
0.975861
0.024362
0.024344
0.027012
0.391147
1.000076
0.004467
0.102258
0.545374
0.048214
0.079212
0.05878
0.150172
0.202635
0.003491
0.020295
0.076304
0.001521
0.000122
0.006086
0.206385
0.000122
0.000122
0.001305
0.785107
0.010217
0.007777
0.000108
0.177081
0.017816
0.000101
0.069691
0.016726
0.005478
0.878537
0.210337
0.006408
0.635286
0.593789
0.135421
0.002698
0.003266
0.079876
0.276956
0.011417
0.000116
0.000102
0.894546
0.00959
0.010194
0.251523
0.006304
0.002151
0.024873
0.00116
0.00116
0.973149
0.006009
0.00974
0.901329
0.007189
0.098372
0.004044
0.034648
0.000126
0.004044
0.012378
0.046619
0.091594
0.008703
0.034246
0.270212
0.069474
0.0058
0.001154
0.013425
0.000692
0.031632
0.053427
0.086146
0.031632
0.031632
0.472324
0.15915
0.15915
0.058217
0.650444
0.051997
0.017928
0.004908
0.007997
0.002086
0.004908
0.000152
0.000152
0.000558
0.000152
0.000152
0.000152
0.01461
0.52189
0.009411
0.083856
0.002922
0.017361
0.761179
0.008814
0.000143
0.004693
0.004693
0.000143
0.000143
0.060277
0.016896
0.020841
0.000143
0.070159
0.026562
0.00215
0.004415
0.00215
0.228072
0.130784
0.147688
0.115577
0.099812
0.380838
0.122147
0.122147
0.602748
0.022683
0.183278
0.034078
0.174111
0.174111
0.008583
0.112727
0.174111
0.264015
0.019398
0.01119
0.285034
0.01972
0.022078
0.666281
0.074846
0.291314
0.040662
0.001157
0.001404
0.020239
0.001079
0.001079
0.001079
0.071486
0.000396
0.015693
0.010277
0.015693
0.000396
0.083012
0.788921
0.937815
0.788921
0.470702
0.470702
0.951046
0.256536
0.186966
0.062245
0.306009
0.035408
0.331404
0.037441
0.022759
0.916862
0.916862
0.097412
0.463079
0.626197
0.079701
0.009688
0.079701
0.361328
0.417248
0.252983
0.654176
0.330934
0.035935
0.12864
0.035935
0.0734
0.312613
0.312613
0.916862
0.916862
0.396661
0.068859
0.052511
0.004939
0.055501
0.861866
0.230421
0.206446
0.052511
0.352485
0.16098
0.00983
0.008759
0.015601
0.404141
0.982905
0.02519
0.000111
0.017382
0.017382
0.300409
0.003077
0.000575
0.075986
0.076587
0.000301
0.415171
0.080904
0.114176
0.068887
0.080904
0.010019
0.046146
0.09972
0.020919
0.888761
0.888761
0.888761
0.888761
0.888761
0.5919
0.888761
0.680177
0.888761
0.888761
0.888761
0.680177
0.591899
0.888761
0.877465
0.925156
0.888761
0.680178
0.591899
0.888761
0.888761
0.999407
0.680178
0.702946
0.877465
0.888761
0.888761
0.888761
0.882024
0.790569
0.591899
0.680177
0.888761
0.888761
0.017386
0.877465
0.591899
0.680177
0.702946
0.002901
0.919141
0.038938
0.122856
0.038938
0.078203
0.125481
0.103227
0.103227
0.125481
0.001357
0.075364
0.017925
0.037259
0.002267
0.004372
0.001577
0.001136
0.433929
0.376699
0.063025
0.116347
0.018634
0.024864
0.033413
0.001742
0.001767
0.042796
0.003394
0.105174
0.116565
0.071989
0.048405
0.000594
0.001777
0.043232
0.001742
0.043232
0.019644
0.001374
0.001777
0.025328
0.001462
0.136537
0.001256
0.042796
0.312424
0.916862
0.916862
0.166471
0.173608
0.169255
0.056347
0.024708
0.080292
0.017413
0.361156
0.001968
0.319373
0.00079
0.005566
0.000679
0.034385
0.157535
0.031517
0.054279
0.001833
0.077041
0.663126
0.166432
0.018827
0.008503
0.004164
0.004164
0.024421
0.000112
0.056581
0.000112
0.148417
0.000101
0.009762
0.000101
0.000364
0.000364
0.019563
0.000101
0.025692
0.000306
0.000101
0.018824
0.00022
0.0044
0.298038
0.016555
0.064462
0.005704
0.277456
0.251819
0.000126
0.000707
0.0011
0.000397
0.000124
0.000283
0.000283
0.597828
0.01243
0.000407
0.762652
0.000407
0.009606
0.164422
0.016317
0.023596
0.016317
0.004155
0.009606
0.103823
0.035623
0.000111
0.468946
0.0001
0.004633
0.000694
0.671148
0.000611
0.000742
0.005418
0.000101
0.007399
0.007399
0.075409
0.000788
0.051323
0.051323
0.051323
0.051323
0.051323
0.10163
0.000788
0.508773
0.007184
0.006084
0.087036
0.076304
0.006084
0.008229
0.197641
0.546388
0.154891
0.008602
0.029376
0.168883
0.31937
0.060148
0.008602
0.063544
0.001756
0.00446
0.000136
0.234747
0.00446
0.000136
0.000136
0.000122
0.00075
0.00011
0.002575
0.044243
0.000135
0.125025
0.00014
0.0001
0.000646
0.341449
0.002213
0.0248
0.017219
0.022722
0.096439
0.264464
0.015841
0.16278
0.016553
0.022722
0.957853
0.709671
0.709671
0.709671
0.021216
0.001154
0.032412
0.051398
0.706628
0.000166
0.005071
0.000166
0.458673
0.042501
0.023491
0.000585
0.023491
0.351896
0.378321
0.061968
0.061968
0.140255
0.087406
0.021158
0.049932
0.025752
0.00018
0.004316
0.736725
0.001145
0.087609
0.087609
0.00018
0.0336
0.004899
0.003753
0.113482
0.02504
0.081541
0.000187
0.000281
0.000163
0.000749
0.04728
0.017811
0.0001
0.000467
0.008072
0.000171
0.0001
0.0001
0.1868
0.000206
0.000267
0.001521
0.038362
0.191684
0.000344
0.343669
0.180739
0.156579
0.275752
0.156578
0.000528
0.000169
0.095999
0.000116
0.009992
0.002243
0.000101
0.026632
0.000112
0.021793
0.000385
0.014837
0.006375
0.000108
0.783638
0.001099
0.0001
0.215335
0.000179
0.004916
0.004141
0.000101
0.276504
0.001545
0.000105
0.000108
0.010792
0.000106
0.000166
0.000104
0.001034
0.00764
0.000265
0.083555
0.035008
0.000107
0.005456
0.001292
0.002261
0.078049
0.039125
0.072902
0.000169
0.000393
0.024713
0.024713
0.011089
0.070301
0.780991
0.462782
0.003903
0.005325
0.044804
0.43441
0.291186
0.220346
0.291186
0.316414
0.024042
0.341929
0.065063
0.129607
0.065063
0.034169
0.000948
0.001398
0.002002
0.00012
0.24064
0.202825
0.6634
0.202825
0.140872
0.021685
0.000529
0.000107
0.000739
0.062656
0.003471
0.467751
0.000439
0.000439
0.041982
0.002367
0.041982
0.002367
0.685218
0.022153
0.000743
0.000439
0.000212
0.000212
0.313799
0.03193
0.01416
0.01416
0.000311
0.01416
0.01416
0.364741
0.004583
0.014331
0.042957
0.083464
0.432742
0.039132
0.047597
0.047597
0.838711
0.947289
0.838711
0.109965
0.085785
0.077583
0.077583
0.085785
0.38033
0.004466
0.004466
0.092278
0.82261
0.092278
0.164226
0.092278
0.092278
0.452173
0.006951
0.198179
0.170647
0.33834
0.234639
0.022321
0.003397
0.003397
0.000131
0.000131
0.326122
0.091396
0.005373
0.014004
0.000222
0.000107
0.000107
0.000625
0.000625
0.00313
0.000162
0.000162
0.050603
0.000162
0.000457
0.134484
0.153579
0.000107
0.088439
0.047694
0.000458
0.007485
0.925732
0.925732
0.925732
0.916862
0.916862
0.030975
0.000801
0.000765
0.038968
0.563317
0.182097
0.015489
0.005387
0.005387
0.265373
0.090172
0.635432
0.020447
0.067087
0.045859
0.053258
0.061812
0.061812
0.777637
0.010797
0.986116
0.023823
0.003193
0.002494
0.00083
0.00083
0.000287
0.246733
0.008313
0.00035
0.00035
0.420387
0.288477
0.660888
0.176839
0.176839
0.020825
0.012304
0.026726
0.026726
0.026726
0.026726
0.004523
0.004523
0.766963
0.316809
0.179754
0.518703
0.072153
0.081588
0.012195
0.179754
0.072153
0.004156
0.16292
0.969
0.35005
0.35005
0.35005
0.35005
0.35005
0.013583
0.523445
0.310969
0.008521
0.01175
0.058188
0.063127
0.063127
0.063127
0.063127
0.02056
0.203374
0.254094
0.088501
0.088501
0.074445
0.132781
0.005303
0.002409
0.00308
0.671231
0.00308
0.70077
0.01344
0.016026
0.045339
0.008469
0.006627
0.002973
0.000101
0.562921
0.065484
0.000101
0.137647
0.152608
0.000101
0.000101
0.22699
0.02517
0.091982
0.003584
0.172919
0.093965
0.01385
0.250388
0.002333
0.006846
0.319612
0.228318
0.030431
0.281569
0.201674
0.008818
0.009399
0.018233
0.032659
0.008818
0.612057
0.351196
0.003813
0.009599
0.000643
0.047392
0.000643
0.427676
0.046669
0.179486
0.046669
0.038805
0.3784
0.038805
0.318492
0.018399
0.042443
0.060817
0.002231
0.163109
0.060817
0.004191
0.069673
0.02117
0.219037
0.034843
0.034843
0.8183
0.119582
0.126374
0.126374
0.072373
0.08062
0.360949
0.003646
0.003646
0.424618
0.010861
0.1045
0.021653
0.108153
0.312609
0.108153
0.108153
0.000126
0.000155
0.020395
0.001559
0.01271
0.000362
0.003557
0.161778
0.161778
0.074482
0.002075
0.012662
0.007693
0.077343
0.002075
0.005469
0.018334
0.047848
0.047848
0.017545
0.006406
0.003646
0.006406
0.006406
0.008614
0.001225
0.508762
0.025305
0.001013
0.013729
0.000188
0.000188
0.000188
0.000188
0.418667
0.005179
0.024299
0.002025
0.000188
0.002085
0.000188
0.525076
0.525076
0.525076
0.525076
0.525076
0.525076
0.525076
0.525076
0.525076
0.525076
0.525076
0.525076
0.525076
0.525076
0.525076
0.96771
0.525076
0.245968
0.245968
0.245968
0.245968
0.245968
0.245968
0.245968
0.245968
0.245968
0.245968
0.245968
0.245968
0.245968
0.245968
0.245968
0.245968
0.245968
0.007791
0.128811
0.008954
0.010347
0.094757
0.158103
0.306543
0.185764
0.069001
0.069001
0.161118
0.003343
0.349888
0.030642
0.015224
0.08989
0.03468
0.03468
0.08989
0.009242
0.006703
0.050213
0.589504
0.005928
0.002887
0.008613
0.000591
0.000347
0.005465
0.000591
0.10732
0.047035
0.006546
0.00307
0.047216
0.016804
0.00307
0.081494
0.047216
0.008357
0.027369
0.602135
0.001046
0.038165
0.018199
0.949288
0.820229
0.88991
0.88991
0.061281
0.225582
0.082003
0.007626
0.015729
0.001225
0.008298
0.052895
0.052895
0.085262
0.865759
0.011576
0.00795
0.010593
0.128822
0.018464
0.03189
0.004677
0.054225
0.066511
0.028528
0.265324
0.248515
0.003515
0.010593
0.000808
0.06276
0.027937
0.092808
0.090095
0.880481
0.045976
0.085926
0.008094
0.060663
0.024929
0.024139
0.024139
0.838711
0.947289
0.838711
0.0351
0.533487
0.022908
0.00685
0.121333
0.072219
0.002175
0.065017
0.065017
0.001556
0.011369
0.011369
0.050782
0.013601
0.947294
0.838696
0.838696
0.000819
0.102087
0.026375
0.047992
0.078593
0.195846
0.100609
0.100609
0.939345
0.158141
0.019779
0.064297
0.064297
0.019779
0.002536
0.057136
0.029845
0.001574
0.001574
0.029845
0.916862
0.916862
0.225203
0.039862
0.039862
0.268888
0.020789
0.838711
0.947289
0.838711
0.130872
0.451631
0.130873
0.112712
0.35517
0.000694
0.112712
0.145165
0.102239
0.102239
0.018077
0.080171
0.021439
0.093704
0.004865
0.017639
0.368048
0.027792
0.047384
0.088697
0.003216
0.000103
0.001114
0.003833
0.085912
0.003044
0.001114
0.015353
0.000103
0.000735
0.000707
0.025984
0.916862
0.916862
0.009023
0.000712
0.350613
0.120392
0.09862
0.23822
0.23822
0.916862
0.916862
0.003745
0.742805
0.015661
0.071187
0.015661
0.272379
0.000997
0.945564
0.960266
0.007268
0.30122
0.147074
0.000101
0.092432
0.398667
0.398667
0.947289
0.838711
0.838711
0.030005
0.01211
0.106713
0.002348
0.001868
0.030005
0.019667
0.003198
0.003794
0.005334
0.005334
0.046038
0.062208
0.010071
0.019188
0.462333
0.167325
0.019787
0.019787
0.052521
0.052521
0.030575
0.052693
0.013696
0.916862
0.916862
0.066833
0.076119
0.547982
0.03141
0.181818
0.479346
0.03141
0.161753
0.000548
0.000145
0.000103
0.000129
0.004191
0.000129
0.000129
0.075167
0.075167
0.075167
0.17462
0.049405
0.144123
0.198704
0.219074
0.026615
0.132119
0.009286
0.009286
0.009286
0.000205
0.000205
0.007558
0.007558
0.000652
0.000652
0.07944
0.490683
0.053476
0.004024
0.004024
0.002721
0.004024
0.0001
0.002707
0.000103
0.000224
0.001301
0.000366
0.000103
0.992033
0.002312
0.015808
0.00065
0.058631
0.172492
0.13449
0.00068
0.025514
0.000357
0.000877
0.049155
0.000104
0.000102
0.144928
0.002276
0.000711
0.002276
0.075352
0.00038
0.050421
0.583801
0.00642
0.038505
0.038505
0.181974
0.038505
0.011497
0.011497
0.916862
0.916862
0.254493
0.104731
0.020175
0.030107
0.005059
0.003782
0.238161
0.008045
0.196134
0.009721
0.009721
0.004299
0.00038
0.30371
0.058914
0.445328
0.022053
0.030405
0.000539
0.033064
0.475955
0.000111
0.06286
0.000118
0.021353
0.021353
0.13518
0.005171
0.03189
0.03189
0.051165
0.073531
0.036659
0.004237
0.036659
0.185447
0.218442
0.451979
0.099818
0.365359
0.424144
0.104189
0.125309
0.107208
0.0471
0.663382
0.0471
0.0471
0.024944
0.024944
0.024137
0.000361
0.002634
0.001332
0.000335
0.21923
0.363687
0.024375
0.199222
0.004325
0.135302
0.262353
0.001405
0.001405
0.003805
0.001405
0.001405
0.27851
0.033153
0.013316
0.033153
0.013316
0.043701
0.000325
0.005916
0.001919
0.004999
0.001919
0.000442
0.004999
0.008928
0.049704
0.060835
0.06049
0.049704
0.001227
0.104588
0.081437
0.040909
0.270497
0.143862
0.152413
0.078378
0.061864
0.087097
0.016593
0.09746
0.09746
0.09746
0.055084
0.165631
0.054049
0.001205
0.000289
0.016457
0.000629
0.537845
0.018772
0.110385
0.024419
0.043411
0.002038
0.000357
0.000357
0.000357
0.000357
0.020276
0.00112
0.170033
0.082241
0.059091
0.118857
0.041531
0.534021
0.041531
0.031077
0.014408
0.058395
0.031077
0.107853
0.001022
0.001291
0.429503
0.480828
0.348531
0.655666
0.536792
0.028107
0.128296
0.008317
0.072024
0.005903
0.111359
0.000122
0.133654
0.010601
0.029728
0.550782
0.013422
0.000771
0.008286
0.008286
0.006876
0.006876
0.039618
0.214806
0.00426
0.001167
0.001167
0.001167
0.023208
0.000654
0.000371
0.020848
0.020848
0.065738
0.020848
0.094942
0.287114
0.004211
0.056557
0.073574
0.957187
0.90776
0.90776
0.900089
0.90776
0.900089
0.671917
0.327738
0.327738
0.179474
0.327738
0.017463
0.000536
0.046938
0.00802
0.000113
0.000684
0.016365
0.033963
0.000101
0.0005
0.175678
0.033963
0.000426
0.021833
0.000301
0.000324
0.0001
0.000466
0.55003
0.032493
0.130437
0.005144
0.005144
0.025185
0.153672
0.153672
0.117412
0.065944
0.07546
0.374805
0.104152
0.145337
0.554865
0.027971
0.08081
0.872239
0.070399
0.013905
0.444201
0.028415
0.188403
0.188403
0.188403
0.590792
0.407047
0.440954
0.470886
0.4889
0.002085
0.093305
0.002085
0.003803
0.003803
0.025343
0.060139
0.006883
0.036377
0.214934
0.108918
0.15534
0.00568
0.032343
0.047875
0.154268
0.543066
0.057144
0.010799
0.008739
0.052914
0.339656
0.471937
0.029508
0.1468
0.1468
0.000156
0.025302
0.013342
0.000282
0.013342
0.000445
0.000812
0.001119
0.001119
0.001119
0.000101
0.000101
0.013342
0.013342
0.013342
0.000101
0.000282
0.088009
0.000445
0.000101
0.013342
0.048431
0.000282
0.045922
0.006763
0.658271
0.018951
0.096607
0.080162
0.096607
0.23174
0.039328
0.549897
0.020902
0.318866
0.925732
0.925732
0.925732
0.000627
0.00168
0.00168
0.00287
0.925029
0.862172
0.925029
0.862172
0.945504
0.78726
0.945504
0.927928
0.739448
0.858176
0.858176
0.000677
0.000287
0.916862
0.916862
0.057585
0.071643
0.006734
0.071643
0.006734
0.000747
0.000671
0.093466
0.003809
0.078811
0.002579
0.031732
0.003809
0.002095
0.073606
0.013169
0.001338
0.000419
0.176611
0.02431
0.048624
0.002549
0.002549
0.009352
0.009352
0.010778
0.0001
0.000829
0.008574
0.000829
0.000829
0.000829
0.248362
0.462823
0.138745
0.559691
0.243002
0.243002
0.044977
0.021311
0.015329
0.287677
0.492107
0.092655
0.195239
0.916862
0.916862
0.369874
0.139259
0.002337
0.079255
0.559516
0.283481
0.070704
0.081364
0.466716
0.139525
0.139525
0.081364
0.09465
0.09465
0.903499
0.903499
0.903499
0.962274
0.903499
0.71668
0.71668
0.035929
0.008906
0.326859
0.326859
0.008188
0.326859
0.553307
0.326859
0.326859
0.326859
0.326859
0.326859
0.012805
0.326859
0.012805
0.326859
0.326859
0.326859
0.326859
0.925732
0.925732
0.925732
0.053455
0.053455
0.007506
0.080263
0.30049
0.002983
0.183808
0.069287
0.027841
0.065993
0.02877
0.916862
0.916862
0.171838
0.171838
0.149843
0.171838
0.171838
0.019799
0.002387
0.131579
0.058899
0.002387
0.019799
0.016014
0.169621
0.021388
0.004515
0.016447
0.890248
0.890248
0.95426
0.890248
0.890248
0.061341
0.061341
0.960704
0.468413
0.784398
0.784398
0.837659
0.468413
0.916862
0.916862
0.080352
0.916862
0.916862
0.949283
0.889915
0.820245
0.889915
0.000693
0.000693
0.04967
0.000693
0.099327
0.077061
0.171445
0.010968
0.003255
0.000365
0.010968
0.003255
0.14568
0.000477
0.175859
0.114246
0.307202
0.307202
0.307202
0.058196
0.002764
0.621584
0.356792
0.402442
0.184114
0.402441
0.323996
0.066326
0.210119
0.916862
0.916862
0.925732
0.925732
0.925732
0.015224
0.742459
0.015224
0.015224
0.596911
0.020371
0.189766
0.189766
0.025344
0.447429
0.189766
0.093347
0.907912
0.923997
0.933918
0.636121
0.157644
0.905763
0.094358
0.037753
0.025246
0.001771
0.041756
0.022344
0.001771
0.074523
0.022344
0.041756
0.024653
0.000196
0.033973
0.761458
0.000353
0.000205
0.001504
0.000111
0.001504
0.244365
0.000166
0.006885
0.000166
0.00069
0.002479
0.039804
0.007096
0.009858
0.045898
0.776241
0.461397
0.232074
0.232074
0.126827
0.082183
0.838711
0.947289
0.838711
0.916862
0.916862
0.62917
0.975146
0.93395
0.897888
0.358603
0.878347
0.779095
0.878347
0.358603
0.934218
0.878347
0.878347
0.916862
0.916862
0.916862
0.916862
0.000106
0.002438
0.023348
0.000106
0.095109
0.277002
0.002438
0.000106
0.001236
0.023348
0.027407
0.013242
0.016805
0.067092
0.117962
0.006531
0.054841
0.054841
0.1395
0.890258
0.890258
0.954251
0.890258
0.890258
0.916862
0.916862
0.055628
0.055628
0.022042
0.041927
0.002097
0.139706
0.114703
0.114703
0.06571
0.001172
0.019992
0.202016
0.114703
0.06571
0.002834
0.002834
0.006107
0.028104
0.113679
0.00355
0.006107
0.006851
0.000958
0.093047
0.000153
0.000153
0.001916
0.000153
0.00838
0.000153
0.124866
0.100763
0.14174
0.051303
0.043613
0.051303
0.119148
0.043613
0.000995
0.004847
0.000995
0.14847
0.007749
0.008491
0.000124
0.000124
0.00298
0.004172
0.005414
0.000253
0.000646
0.002142
0.024038
0.001959
0.009831
0.000355
0.000122
0.032482
0.000113
0.000113
0.000113
0.001586
0.000113
0.000113
0.000113
0.390583
0.001291
0.007599
0.018127
0.000919
0.000102
0.001138
0.000554
0.000102
0.000153
0.001138
0.092228
0.312176
0.184098
0.010899
0.472855
0.083267
0.083267
0.010899
0.0001
0.000705
0.000287
0.052775
0.052775
0.023182
0.001574
0.001903
0.863747
0.114842
0.000195
0.00034
0.502545
0.012613
0.000106
0.122707
0.122707
0.000177
0.026808
0.916862
0.916862
0.13608
0.469474
0.000515
0.933726
0.933726
0.933726
0.933726
0.00402
0.007252
0.261188
0.261188
0.176813
0.246152
0.023113
0.000218
0.916862
0.916862
0.155011
0.13903
0.13903
0.05939
0.13903
0.13903
0.05939
0.095996
0.095996
0.000909
0.095996
0.095996
0.01928
0.277616
0.446296
0.194307
0.194307
0.041234
0.054701
0.488885
0.48634
0.382302
0.300148
0.300148
0.105983
0.291358
0.016798
0.111809
0.006771
0.017178
0.044695
0.044695
0.25026
0.170675
0.170675
0.925732
0.925732
0.925732
0.218151
0.218151
0.059678
0.218151
0.218151
0.059678
0.218151
0.218151
0.163659
0.04352
0.009255
0.046351
0.156387
0.481591
0.171031
0.328841
0.47534
0.036126
0.031047
0.047079
0.142152
0.061438
0.078008
0.299266
0.103246
0.016112
0.001512
0.258549
0.001512
0.183566
0.183566
0.399648
0.399648
0.176752
0.694272
0.007973
0.000618
0.030876
0.030876
0.074027
0.0001
0.020506
0.029376
0.001778
0.016819
0.179149
0.000134
0.016819
0.0001
0.016819
0.000916
0.002544
0.000123
0.166291
0.016819
0.916862
0.916862
0.916862
0.916862
0.000451
0.000451
0.363026
0.074095
0.385436
0.838696
0.947294
0.838696
0.021988
0.011493
0.002825
0.021988
0.004073
0.025006
0.0108
0.006286
0.012755
0.021253
0.000126
0.113433
0.0001
0.001209
0.071733
0.001791
0.071733
0.743491
0.015144
0.049187
0.001761
0.120585
0.013024
0.014116
0.001341
0.471317
0.000371
0.173795
0.004668
0.000456
0.93051
0.00125
0.007422
0.027054
0.027054
0.378569
0.00125
0.039105
0.039105
0.007928
0.067801
0.067801
0.007928
0.002766
0.000302
0.001166
0.189716
0.180058
0.180058
0.099814
0.013582
0.110865
0.162913
0.00019
0.004162
0.003263
0.000324
0.003263
0.00019
0.181755
0.181755
0.050786
0.050786
0.200493
0.008537
0.252379
0.009081
0.99915
0.012695
0.049531
0.107779
0.308883
0.022371
0.004574
0.10423
0.013709
0.001669
0.858908
0.938742
0.894643
0.858908
0.570825
0.858966
0.022831
0.029922
0.054164
0.068831
0.101346
0.916862
0.916862
0.039874
0.479155
0.197414
0.299167
0.299167
0.471786
0.299167
0.197414
0.197414
0.002101
0.473002
0.410302
0.654949
0.440798
0.440798
0.583723
0.259366
0.932333
0.853734
0.89323
0.180748
0.000235
0.97463
0.796126
0.23217
0.713284
0.713284
0.23217
0.796126
0.23217
0.796126
0.004502
0.000813
0.022583
0.022583
0.001616
0.004595
0.007371
0.117364
0.10569
0.000671
0.011925
0.000671
0.105822
0.000671
0.08186
0.139493
0.026107
0.065736
0.065736
0.260446
0.260446
0.09451
0.840261
0.840261
0.960052
0.656365
0.656365
0.000135
0.001281
0.000101
0.00048
0.00051
0.00048
0.029853
0.029853
0.079443
0.079443
0.079443
0.401379
0.692901
0.016617
0.02858
0.042996
0.029346
0.029346
0.0001
0.007356
0.096294
0.000748
0.00198
0.005357
0.000262
0.003887
0.013547
0.000262
0.003887
0.15614
0.061494
0.061494
0.000262
0.061494
0.061494
0.089007
0.089007
0.200297
0.005154
0.023972
0.023972
0.000232
0.421482
0.421482
0.421482
0.421482
0.000817
0.02464
0.02464
0.293626
0.000817
0.04479
0.04479
0.017537
0.064412
0.004832
0.00697
0.004832
0.000732
0.000318
0.020109
0.017098
0.005559
0.133184
0.925732
0.925732
0.925732
0.060896
0.033142
0.038553
0.104544
0.024544
0.453248
0.256196
0.256196
0.12653
0.12653
0.361494
0.120048
0.925732
0.925732
0.925732
0.02816
0.205989
0.128365
0.021027
0.110844
0.916862
0.916862
0.053913
0.390457
0.00036
0.00036
0.008734
0.159628
0.004012
0.006908
0.006908
0.063632
0.894643
0.288279
0.177123
0.088808
0.292246
0.051215
0.000615
0.180269
0.180269
0.048971
0.034534
0.062015
0.062015
0.014547
0.098676
0.001385
0.001385
0.051098
0.003535
0.003535
0.003535
0.004466
0.025652
0.000724
0.004466
0.004466
0.345334
0.066994
0.047992
0.047992
0.027875
0.236437
0.176005
0.009882
0.02615
0.040496
0.085006
0.085006
0.0047
0.085006
0.0047
0.006312
0.085006
0.014011
0.014011
0.043614
0.027337
0.027337
0.013097
0.000113
0.027337
0.027337
0.027337
0.013097
0.027337
0.957861
0.709626
0.709626
0.709626
0.145691
0.940915
0.940915
0.940915
0.940915
0.940915
0.32489
0.490037
0.086486
0.166215
0.13611
0.022181
0.004146
0.022181
0.022181
0.004697
0.066801
0.066801
0.074548
0.074548
0.007997
0.034121
0.188607
0.028907
0.127133
0.020111
0.020111
0.019987
0.019987
0.006766
0.006766
0.37074
0.017266
0.03136
0.01133
0.272334
0.107323
0.163858
0.088954
0.107323
0.094554
0.131387
0.168168
0.168168
0.208973
0.011063
0.011063
0.889915
0.889915
0.949283
0.820245
0.521204
0.355551
0.284819
0.018409
0.034038
0.035826
0.035826
0.117221
0.117221
0.112931
0.034387
0.034387
0.02019
0.071867
0.820245
0.949283
0.889915
0.889915
0.096548
0.04159
0.04159
0.016042
0.098703
0.098703
0.016042
0.082391
0.082391
0.140187
0.140187
0.140187
0.001646
0.011486
0.026341
0.001009
0.008092
0.00396
0.011486
0.009473
0.001617
0.529453
0.39779
0.087442
0.04214
0.009789
0.00018
0.000137
0.0001
0.00026
0.000137
0.0001
0.0001
0.43265
0.034628
0.088922
0.079998
0.166664
0.079998
0.003823
0.026533
0.000102
0.016786
0.00011
0.005625
0.002342
0.000101
0.001533
0.000365
0.000136
0.002342
0.202395
0.00011
0.014492
0.001464
0.000454
0.883319
0.93715
0.901185
0.946275
0.839337
0.008731
0.040757
0.017253
0.163228
0.040757
0.009036
0.001143
0.053321
0.925732
0.925732
0.925732
0.925732
0.925732
0.925732
0.153276
0.889915
0.889915
0.949283
0.820245
0.446796
0.061738
0.113773
0.503853
0.113773
0.388425
0.164101
0.32632
0.005353
0.54782
0.301469
0.008808
0.080005
0.005687
0.080005
0.080005
0.01258
0.123394
0.286564
0.131888
0.179867
0.401371
0.181046
0.097159
0.097159
0.097159
0.097159
0.033446
0.126489
0.357019
0.126489
0.126489
0.126489
0.126489
0.126489
0.126489
0.126489
0.126489
0.126489
0.126489
0.126489
0.028393
0.000283
0.000283
0.838696
0.947294
0.838696
0.062945
0.062945
0.062945
0.002586
0.133059
0.133059
0.152705
0.009056
0.009056
0.000884
0.006185
0.006185
0.000102
0.009056
0.009066
0.004022
0.000884
0.004022
0.006185
0.009066
0.094369
0.177063
0.43043
0.065203
0.068567
0.043465
0.303624
0.303624
0.748255
0.303624
0.002646
0.303624
0.303624
0.303624
0.382273
0.303624
0.303624
0.303624
0.382273
0.12338
0.02045
0.523065
0.062774
0.145149
0.062774
0.049809
0.082817
0.082817
0.082817
0.006837
0.567879
0.006837
0.10879
0.10879
0.10879
0.10879
0.038113
0.015098
0.000646
0.151898
0.151898
0.307237
0.625336
0.213541
0.059028
0.659208
0.026397
0.020028
0.091639
0.405193
0.249526
0.176568
0.176568
0.031071
0.031071
0.001662
0.001662
0.120587
0.001662
0.916862
0.916862
0.273321
0.180991
0.273321
0.273321
0.180991
0.250511
0.273321
0.250511
0.180991
0.180991
0.117136
0.250511
0.250511
0.390612
0.033091
0.033091
0.015572
0.015572
0.916862
0.916862
0.253839
0.151021
0.151021
0.006878
0.151021
0.165668
0.087906
0.013172
0.013172
0.131964
0.131964
0.131964
0.241491
0.241491
0.241491
0.959404
0.887403
0.937962
0.911973
0.809142
0.911973
0.937962
0.960059
0.840246
0.656316
0.656316
0.840246
0.771518
0.954715
0.920208
0.849322
0.849322
0.038157
0.925732
0.925732
0.925732
0.301374
0.301374
0.301374
0.027307
0.01412
0.34559
0.0001
0.0001
0.0001
0.033698
0.000102
0.000102
0.000236
0.000236
0.003112
0.00028
0.107702
0.000443
0.021622
0.005607
0.041272
0.003824
0.049456
0.049456
0.087046
0.045952
0.044904
0.837084
0.315608
0.736138
0.598482
0.598482
0.598482
0.446245
0.598482
0.598482
0.598482
0.520687
0.598482
0.598482
0.598482
0.598482
0.015863
0.598482
0.520687
0.658064
0.598482
0.598482
0.013856
0.520687
0.520687
0.446245
0.598482
0.142765
0.142765
0.025134
0.127056
0.127056
0.021742
0.021742
0.947289
0.838711
0.838711
0.043128
0.112119
0.133575
0.470667
0.00393
0.007656
0.024675
0.024675
0.068779
0.63269
0.925732
0.925732
0.925732
0.615698
0.041905
0.309599
0.001228
0.28481
0.05809
0.28481
0.28481
0.000213
0.086943
0.01826
0.002239
0.01826
0.054139
0.014224
0.01826
0.854852
0.854852
0.854852
0.854852
0.854852
0.854852
0.854852
0.854852
0.854852
0.854852
0.854852
0.854852
0.854852
0.854852
0.854852
0.854852
0.854852
0.854852
0.854852
0.854852
0.854852
0.854852
0.854852
0.148421
0.148421
0.148421
0.040419
0.082917
0.082917
0.082917
0.013269
0.916862
0.916862
0.000163
0.000163
0.916862
0.916862
0.960052
0.656365
0.840261
0.656365
0.840261
0.000102
0.871603
0.925021
0.871603
0.967451
0.793916
0.825922
0.916049
0.825922
0.947289
0.838711
0.838711
0.221892
0.221892
0.221892
0.005345
0.02716
0.005345
0.251695
0.251695
0.028429
0.200151
0.082636
0.082636
0.082636
0.0001
0.004397
0.004397
0.004397
0.004397
0.004209
0.004209
0.000125
0.959971
0.946315
0.946315
0.946315
0.959971
0.912733
0.959971
0.946315
0.949292
0.889905
0.889905
0.820213
0.916862
0.916862
0.045398
0.093046
0.061382
0.56497
0.034432
0.030096
0.037714
0.199491
0.241664
0.037714
0.034432
0.117958
0.117958
0.027707
0.117958
0.925732
0.925732
0.925732
0.838711
0.947289
0.838711
0.044488
0.000112
0.001026
0.00153
0.134884
0.126146
0.916862
0.916862
0.116662
0.042238
0.042238
0.042355
0.166427
0.047853
0.298469
0.017312
0.042827
0.029294
0.006579
0.221983
0.011443
0.208964
0.208964
0.208964
0.208964
0.925732
0.925732
0.925732
0.07858
0.007572
0.038166
0.238176
0.238176
0.415159
0.079653
0.012643
0.012643
0.925732
0.925732
0.925732
0.081573
0.081573
0.019316
0.008203
0.045476
0.957868
0.709581
0.709581
0.709581
0.626272
0.095219
0.310692
0.169991
0.519982
0.310692
0.656365
0.960052
0.840261
0.840261
0.656365
0.890258
0.890258
0.954251
0.890258
0.890258
0.022874
0.003937
0.01758
0.013154
0.013154
0.011692
0.004185
0.011692
0.045168
0.045168
0.916862
0.916862
0.925732
0.925732
0.925732
0.076973
0.031706
0.076973
0.254811
0.254811
0.254811
0.55694
0.254811
0.560055
0.236391
0.560055
0.236391
0.236391
0.016445
0.019814
0.001059
0.000445
0.032914
0.916862
0.916862
0.916862
0.916862
0.939325
0.939325
0.939325
0.939325
0.939325
0.939325
0.939325
0.961448
0.939325
0.939325
0.939325
0.939325
0.939325
0.939325
0.939325
0.939325
0.939325
0.939325
0.939325
0.968674
0.939325
0.939325
0.939325
0.939325
0.939325
0.939325
0.939325
0.939325
0.939325
0.939325
0.939325
0.939325
0.939325
0.939325
0.925732
0.925732
0.925732
0.312461
0.312461
0.312461
0.925732
0.925732
0.925732
0.947289
0.838711
0.838711
0.027409
0.021214
0.023886
0.092376
0.416504
0.083674
0.189467
0.151911
0.916862
0.916862
0.832697
0.950677
0.910387
0.910387
0.910387
0.261959
0.947289
0.838711
0.838711
0.390423
0.11954
0.150988
0.561755
0.406693
0.163013
0.916862
0.916862
0.332299
0.001249
0.002653
0.000488
0.000488
0.001507
0.032305
0.032305
0.032305
0.032305
0.062665
0.275827
0.275827
0.131801
0.626563
0.916862
0.916862
0.132778
0.916862
0.916862
0.184013
0.002313
0.002313
0.925732
0.925732
0.925732
0.916862
0.916862
0.783767
0.894825
0.963221
0.783767
0.591133
0.591133
0.195777
0.001014
0.001014
0.838711
0.947289
0.838711
0.021706
0.043825
0.34349
0.169873
0.169873
0.169873
0.925732
0.925732
0.925732
0.035781
0.531986
0.26263
0.26263
0.08114
0.26263
0.734273
0.148476
0.259557
0.115016
0.261834
0.112429
0.115016
0.115016
0.156491
0.328286
0.101475
0.148476
0.194315
0.194315
0.01222
0.051471
0.049015
0.047782
0.102403
0.156224
0.156224
0.916862
0.916862
0.000368
0.012745
0.012745
0.916862
0.916862
0.031303
0.072349
0.072349
0.008332
0.058812
0.925732
0.925732
0.925732
0.236235
0.064848
0.183358
0.033365
0.183358
0.183358
0.038029
0.079762
0.895233
0.844645
0.916365
0.943786
0.764852
0.866147
0.011924
0.050369
0.050369
0.367476
0.073091
0.202845
0.349294
0.44823
0.916862
0.916862
0.164192
0.047235
0.164192
0.217097
0.217097
0.002045
0.029912
0.002045
0.237841
0.237841
0.237841
0.916862
0.916862
0.947289
0.838711
0.838711
0.090641
0.090641
0.090641
0.916862
0.916862
0.232842
0.431051
0.008431
0.945818
0.916624
0.948078
0.839297
0.916624
0.947289
0.838711
0.838711
0.057721
0.203368
0.463946
0.002268
0.349328
0.037474
0.002268
0.023062
0.127589
0.947289
0.838711
0.838711
0.014712
0.223676
0.031808
0.814905
0.00494
0.916862
0.916862
0.916862
0.916862
0.820245
0.949283
0.889915
0.889915
0.127648
0.127648
0.127648
0.511345
0.112799
0.112799
0.205975
0.050226
0.062959
0.062959
0.502427
0.146776
0.324156
0.324156
0.228382
0.916862
0.916862
0.277651
0.148256
0.089904
0.925732
0.925732
0.925732
0.916862
0.916862
0.916862
0.916862
0.026722
0.026722
0.004246
0.896389
0.896389
0.099718
0.282863
0.099718
0.105382
0.005124
0.006909
0.916862
0.916862
0.013556
0.015603
0.015603
0.240784
0.925732
0.925732
0.925732
0.916862
0.916862
0.728378
0.95072
0.728378
0.930192
0.771269
0.925732
0.925732
0.925732
0.328955
0.150124
0.033978
0.045607
0.111941
0.08933
0.232357
0.232357
0.311634
0.916862
0.916862
0.916862
0.916862
0.070038
0.070038
0.005603
0.005603
0.916862
0.916862
0.543122
0.232475
0.232475
0.024176
0.916862
0.916862
0.925732
0.925732
0.925732
0.251145
0.251145
0.251145
0.251145
0.251145
0.251145
0.001654
0.463025
0.154825
0.154825
0.178519
0.154825
0.154825
0.178519
0.297585
0.08973
0.079297
0.015383
0.838696
0.947294
0.838696
0.290889
0.12739
0.077596
0.077596
0.141441
0.118261
0.20663
0.20663
0.067298
0.32092
0.093504
0.159137
0.093504
0.159137
0.916862
0.916862
0.051694
0.916862
0.916862
0.424328
0.028654
0.143625
0.153917
0.153917
0.027195
0.027195
0.086969
0.008901
0.371475
0.081453
0.081453
0.916862
0.916862
0.925732
0.925732
0.925732
0.916862
0.916862
0.369399
0.369399
0.099913
0.202328
0.07144
0.000925
0.000639
0.000639
0.000639
0.000925
0.020209
0.000103
0.000103
0.041866
0.041866
0.041866
0.024395
0.456923
0.037248
0.0453
0.162679
0.017635
0.873263
0.916862
0.916862
0.002978
0.002978
0.002978
0.238311
0.238311
0.607527
0.076375
0.002959
0.002959
0.002959
0.02257
0.174836
0.916862
0.916862
0.050858
0.013369
0.016061
0.013369
0.13468
0.947289
0.838711
0.838711
0.916862
0.916862
0.845612
0.916862
0.916862
0.030905
0.02064
0.028048
0.916862
0.916862
0.925732
0.925732
0.925732
0.925732
0.925732
0.925732
0.838711
0.947289
0.838711
0.88991
0.88991
0.949288
0.820229
0.237343
0.916862
0.916862
0.053374
0.916862
0.916862
0.092732
0.147752
0.147752
0.092732
0.147752
0.177322
0.177322
0.148993
0.709626
0.957861
0.709626
0.709626
0.916862
0.916862
0.948875
0.764368
0.764368
0.040735
0.013239
0.838711
0.947289
0.838711
0.925732
0.925732
0.925732
0.068425
0.266545
0.70383
0.047408
0.195189
0.195189
0.925732
0.925732
0.925732
0.591608
0.591608
0.591608
0.591608
0.591608
0.591608
0.591608
0.591608
0.591608
0.591608
0.591608
0.591608
0.591608
0.591608
0.591608
0.916862
0.916862
0.001209
0.080158
0.009271
0.080158
0.933726
0.933726
0.933726
0.933726
0.739448
0.957853
0.709671
0.709671
0.709671
0.933726
0.933726
0.933726
0.933726
0.105206
0.925732
0.925732
0.925732
0.023218
0.916862
0.916862
0.054265
0.021906
0.949288
0.88991
0.88991
0.820229
0.925732
0.925732
0.925732
0.916862
0.916862
0.019926
0.062122
0.062122
0.916862
0.916862
0.916862
0.916862
0.001444
0.005667
0.009222
0.262742
0.262742
0.262742
0.072818
0.963559
0.930161
0.930161
0.916293
0.930161
0.930161
0.930161
0.916293
0.917162
0.917162
0.955922
0.917162
0.108549
0.108549
0.278474
0.278474
0.278474
0.278474
0.278474
0.916862
0.916862
0.053128
0.916862
0.916862
0.064215
0.044571
0.957853
0.709671
0.709671
0.709671
0.075494
0.969392
0.655643
0.936492
0.884639
0.936492
0.884639
0.655643
0.884639
0.884639
0.916862
0.916862
0.838696
0.947294
0.838696
0.135063
0.947289
0.838711
0.838711
0.838711
0.947289
0.838711
0.916862
0.916862
0.085935
0.063491
0.004611
0.181742
0.34252
0.88991
0.949288
0.88991
0.820229
0.011569
0.925732
0.925732
0.925732
0.916862
0.916862
0.03918
0.0183
0.0183
0.112979
0.012281
0.947289
0.838711
0.838711
0.925732
0.925732
0.925732
0.916862
0.916862
0.542521
0.214705
0.214705
0.916862
0.916862
0.894592
0.93361
0.93361
0.888756
0.905993
0.916862
0.916862
0.916862
0.916862
0.153573
0.153573
0.028332
0.916862
0.916862
0.916862
0.916862
0.916862
0.916862
0.08849
0.08365
0.925732
0.925732
0.925732
0.031403
0.838711
0.947289
0.838711
0.945144
0.858914
0.815584
0.950847
0.860494
0.918988
0.787755
0.942167
0.891031
0.891031
0.871068
0.916862
0.916862
0.609877
0.964776
0.87809
0.854529
0.87809
0.854529
0.87809
0.295432
0.154091
0.916862
0.916862
0.916862
0.916862
0.111813
0.111813
0.111813
0.054904
0.054904
0.099014
0.099014
0.155854
0.155854
0.07389
0.916862
0.916862
0.916862
0.916862
0.947289
0.838711
0.838711
0.912884
0.912884
0.912884
0.069856
0.069856
0.894913
0.94273
0.943924
0.894913
0.886607
0.886607
0.074553
0.947289
0.838711
0.838711
0.947289
0.838711
0.838711
0.189439
0.263027
0.263027
0.916862
0.916862
0.209414
0.209414
0.051952
0.916862
0.916862
0.940915
0.940915
0.940915
0.940915
0.940915
0.076942
0.925732
0.925732
0.925732
0.933726
0.933726
0.933726
0.933726
0.916862
0.916862
0.077947
0.038758
0.033018
0.925732
0.925732
0.925732
0.947294
0.838696
0.838696
0.949283
0.820245
0.889915
0.889915
0.011227
0.916862
0.916862
0.003095
0.01706
0.048423
0.925732
0.925732
0.925732
0.087074
0.086639
0.91039
0.91039
0.950672
0.91039
0.832712
0.35777
0.916862
0.916862
0.925732
0.925732
0.925732
0.916862
0.916862
0.306251
0.940915
0.940915
0.940915
0.940915
0.940915
0.947289
0.838711
0.838711
0.219337
0.449577
0.449577
0.219337
0.219337
0.449577
0.449577
0.219337
0.219337
0.449577
0.289392
0.289392
0.289392
0.289392
0.289392
0.940915
0.940915
0.940915
0.940915
0.940915
0.820196
0.949297
0.889899
0.889899
0.050851
0.050851
0.916862
0.916862
0.327705
0.327705
0.883938
0.916862
0.916862
0.916862
0.916862
0.916862
0.916862
0.923933
0.923933
0.953768
0.923933
0.923933
0.843707
0.158132
0.202694
0.202694
0.925732
0.925732
0.925732
0.91039
0.950672
0.91039
0.91039
0.832712
0.933726
0.933726
0.933726
0.933726
0.044851
0.217342
0.217342
0.906102
0.906102
0.925732
0.925732
0.925732
0.053525
0.925732
0.925732
0.925732
0.110881
0.110881
0.023888
0.047734
0.775137
0.966692
0.775137
0.449688
0.449688
0.449688
0.916862
0.916862
0.916862
0.916862
0.155995
0.155995
0.940915
0.940915
0.940915
0.940915
0.940915
0.916862
0.916862
0.916862
0.916862
0.953773
0.923932
0.923932
0.923932
0.923932
0.843693
0.113272
0.916862
0.916862
0.925732
0.925732
0.925732
0.916862
0.916862
0.947289
0.838711
0.838711
0.916862
0.916862
0.820229
0.949288
0.88991
0.88991
0.916862
0.916862
0.053483
0.053483
0.623098
0.402998
0.402998
0.916862
0.916862
0.044499
0.110167
0.128572
0.128572
0.128572
0.916862
0.916862
0.916862
0.916862
0.088814
0.916862
0.916862
0.916862
0.916862
0.916862
0.916862
0.916862
0.916862
0.034161
0.173318
0.270121
0.270121
0.940309
0.898244
0.898244
0.940309
0.925732
0.925732
0.925732
0.916862
0.916862
0.949283
0.889915
0.889915
0.820245
0.916862
0.916862
0.03795
0.290463
0.290463
0.290463
0.290463
0.290463
0.183463
0.290463
0.290463
0.916862
0.916862
0.916862
0.916862
0.925732
0.925732
0.925732
0.259921
0.259921
0.925732
0.925732
0.925732
0.916862
0.916862
0.916862
0.916862
0.925732
0.925732
0.925732
0.916862
0.916862
0.916862
0.916862
0.925732
0.925732
0.925732
0.124597
0.219289
0.32684
0.219288
0.916862
0.916862
0.925732
0.925732
0.925732
0.933726
0.933726
0.933726
0.933726
0.916862
0.916862
0.916862
0.916862
0.900089
0.957187
0.900089
0.90776
0.90776
0.90776
0.925732
0.925732
0.925732
0.916862
0.916862
0.916862
0.916862
0.214328
0.214328
0.061738
0.925732
0.925732
0.925732
0.202619
0.059657
0.916862
0.916862
0.916862
0.916862
0.097381
0.424623
0.224484
0.916862
0.916862
0.916862
0.916862
0.064865
0.164641
0.164641
0.916862
0.916862
0.925732
0.925732
0.925732
0.029902
0.933726
0.933726
0.933726
0.933726
0.916862
0.916862
0.916862
0.916862
0.916862
0.916862
0.916862
0.916862
0.425561
0.425561
0.425561
0.925732
0.925732
0.925732
0.916862
0.916862
0.034839
0.034839
0.916862
0.916862
0.916862
0.916862
0.916862
0.916862
0.916862
0.916862
0.985693
0.947369
0.947369
0.947369
0.947369
0.947369
0.947369
0.916862
0.916862
0.069509
0.916862
0.916862
0.916862
0.916862
0.916862
0.916862
0.916862
0.916862
0.231623
0.925732
0.925732
0.925732
0.916862
0.916862
0.064457
0.925732
0.925732
0.925732
0.916862
0.916862
0.953155
0.953155
0.953155
0.953155
0.953155
0.953155
0.953155
0.075228
0.916862
0.916862
0.925732
0.925732
0.925732
0.925732
0.925732
0.925732
0.947294
0.838696
0.838696
0.925732
0.925732
0.925732
0.925732
0.925732
0.925732
0.916862
0.916862
0.135145
0.925732
0.925732
0.925732
0.916862
0.916862
0.925732
0.925732
0.925732
0.916862
0.916862
0.916862
0.916862
0.916862
0.916862
0.925732
0.925732
0.925732
0.925732
0.925732
0.925732
0.916862
0.916862
0.057809
0.916862
0.916862
0.082707
0.916862
0.916862
0.925732
0.925732
0.925732
0.916862
0.916862
0.1155
0.916862
0.916862
0.916862
0.916862
0.916862
0.916862
0.957853
0.709671
0.709671
0.709671
0.916862
0.916862
0.916862
0.916862
0.916862
0.916862
0.916862
0.916862
0.947369
0.947369
0.947369
0.947369
0.947369
0.947369
0.916862
0.916862
0.916862
0.916862
0.916862
0.916862
0.916862
0.916862
0.916862
0.916862
0.916862
0.916862
0.925732
0.925732
0.925732
