0.223657
0.223657
0.223657
0.223657
1.0001
1.0001
0.80159
1.0001
0.91264
0.91264
1.0001
1.0001
1.0001
1.0001
1.0001
1.0001
1.0001
1.0001
1.0001
1.0001
1.0001
1.0001
0.015545
0.015545
0.015545
1.0001
1.0001
1.0001
1.000099
1.0001
1.000067
1.000067
0.000204
0.000204
1.0001
1.000054
1.000054
0.985527
0.000219
0.99806
0.99806
0.237575
0.001393
0.001393
0.016374
0.016374
1.0001
0.092482
0.092482
0.092482
0.000176
0.772008
1.0001
0.5001
0.5001
0.5001
1.0001
1.0001
1.0001
0.5001
1.0001
0.5001
0.5001
1.0001
0.5001
0.5001
1.0001
0.5001
1.0001
0.006704
0.006704
1.0001
1.0001
0.658469
0.658469
0.658469
0.658469
0.004542
0.076771
0.076771
0.000311
1.0001
1.0001
1.0001
0.999915
0.447025
0.000101
0.029593
0.000103
0.001967
0.007738
0.000104
0.000162
0.442464
1.0001
1.000092
1.0001
1.0001
0.779873
0.779873
0.000231
1.0001
0.006133
0.006133
0.000349
0.998409
1.0001
1.0001
1.0001
1.0001
1.0001
1.0001
1.0001
1.0001
1.0001
1.0001
0.949433
0.949433
1.0001
0.949433
0.949433
1.0001
1.0001
1.0001
1.0001
1.000095
1.000095
1.0001
1.0001
0.5001
0.5001
0.5001
0.5001
0.5001
0.5001
0.5001
1.0001
0.5001
0.5001
0.5001
0.5001
0.5001
1.0001
0.5001
0.5001
0.5001
0.5001
1.0001
1.0001
1.0001
1.0001
1.0001
0.049007
0.000247
1.0001
1.0001
1.0001
0.005307
0.037606
1.0001
0.000226
0.999089
0.071045
0.071045
0.065124
0.597568
0.985756
0.111504
0.00247
0.000486
0.224105
0.224105
0.224105
0.224105
0.999313
0.01126
0.01126
1.0001
1.0001
0.162983
0.999073
1.000054
0.994877
0.891913
0.994877
0.57478
0.57478
0.037673
0.234487
0.234487
0.037079
1.0001
0.964517
0.964517
0.999344
1.0001
1.0001
1.000078
0.974847
0.011886
0.999709
0.97419
1.000093
0.97419
0.010894
0.484043
0.994877
0.57478
0.57478
0.010894
0.010894
1.0001
1.0001
0.995159
1.0001
0.995159
1.0001
1.0001
0.004015
1.000095
1.000095
1.000095
1.000095
1.0001
1.000095
1.000095
1.0001
0.000102
0.125634
0.797272
0.003993
0.000124
0.000124
1.0001
1.0001
1.0001
0.081677
0.997813
0.999123
0.000132
0.000132
0.001876
0.001876
0.001876
0.003445
1.0001
0.941124
1.0001
1.0001
1.0001
0.999692
1.0001
0.999345
1.0001
1.0001
0.5001
0.99972
0.99972
0.521236
1.0001
1.0001
0.5001
0.5001
0.5001
0.5001
0.5001
1.0001
0.5001
0.5001
0.5001
0.5001
0.5001
0.5001
0.5001
0.685678
0.000376
0.000376
0.685678
1.0001
0.000124
1.0001
1.0001
1.0001
1.0001
1.0001
1.0001
1.0001
1.0001
1.0001
1.0001
1.0001
1.000099
1.0001
1.0001
0.035155
1.0001
0.98097
0.98097
1.0001
1.0001
1.0001
1.0001
1.0001
1.0001
0.000106
0.005275
1.0001
0.999484
1.0001
0.892841
1.0001
1.0001
1.000092
1.0001
1.0001
1.0001
1.000082
0.062448
0.000104
1.0001
1.0001
1.0001
1.0001
1.0001
1.0001
1.0001
1.0001
1.0001
1.0001
1.0001
1.0001
1.0001
1.0001
1.0001
0.997578
1.0001
1.0001
0.999924
0.999924
0.359102
0.017703
1.000066
1.000066
0.998366
1.0001
0.977923
1.0001
1.0001
1.0001
1.000055
1.0001
1.0001
1.0001
0.630351
0.630351
0.630351
1.0001
1.0001
1.0001
1.0001
1.000091
1.0001
1.0001
1.0001
1.00001
0.63797
0.999834
0.67028
1.0001
1.0001
1.0001
1.0001
1.000099
1.000099
1.0001
1.0001
1.0001
1.0001
0.999578
1.0001
0.681071
1.0001
1.0001
0.979771
0.980349
1.0001
1.0001
1.0001
0.70104
0.70104
0.980349
0.681071
0.866718
1.00007
0.964786
1.00009
1.0001
1.0001
1.0001
1.00001
0.651424
0.651424
0.99885
0.732303
1.0001
0.0827
0.990811
1.0001
0.002857
0.912326
1.0001
0.933246
0.998848
1.000085
0.009307
0.009307
0.000558
1.0001
0.000136
1.0001
1.0001
1.000085
1.0001
1.000036
1.000036
1.0001
1.0001
1.0001
0.999624
1.0001
0.001797
0.283469
1.0001
0.283469
0.283469
0.999539
0.978174
0.978174
0.537817
0.012278
0.012278
0.959551
0.007692
0.007692
0.185914
0.98355
0.000749
1.0001
0.000105
0.002514
0.000225
0.002502
0.002502
0.002844
1.0001
0.010935
0.109363
1.0001
0.003225
0.003225
0.003225
0.036033
0.714467
0.064109
1.0001
0.991466
0.991466
0.991466
0.991466
0.991466
1.0001
0.001193
0.989061
0.989061
0.989061
0.989061
0.989061
1.000099
0.002836
1.0001
0.00706
0.239889
0.003435
0.003435
1.0001
1.0001
1.0001
1.0001
1.0001
1.0001
1.0001
1.0001
1.0001
1.0001
1.0001
1.0001
0.999546
1.0001
0.999546
1.0001
0.999546
0.992608
1.0001
0.992608
1.0001
1.0001
0.992952
0.015649
0.5001
0.5001
0.5001
1.0001
0.5001
1.0001
1.0001
0.968502
0.968502
0.968502
0.968502
1.0001
1.0001
0.5001
0.5001
0.5001
0.5001
0.5001
0.5001
0.5001
0.5001
0.5001
0.5001
0.5001
0.5001
0.5001
0.5001
0.5001
1.0001
1.0001
1.0001
1.0001
1.0001
1.0001
0.998588
1.0001
0.024449
0.038652
1.0001
1.0001
0.934911
1.0001
1.0001
1.0001
0.883873
1.0001
1.0001
1.0001
1.0001
0.004695
0.895058
1.0001
0.107658
0.107658
0.755478
1.0001
1.0001
0.004873
0.050894
0.000746
1.0001
0.985376
0.001121
0.001121
0.985376
1.0001
1.0001
0.000139
1.0001
0.001151
0.001151
1.0001
0.888248
0.9059
0.000423
1.0001
0.644507
1.0001
0.003333
0.003333
0.000973
0.969266
1.0001
0.000812
0.018406
0.083141
0.083141
0.083141
0.083141
0.001289
0.001289
0.001289
0.000127
0.000127
1.0001
0.021901
1.0001
0.999934
1.0001
1.000099
0.999269
0.008637
0.223848
0.008637
0.009949
1.0001
1.0001
0.000841
0.000841
0.000841
1.00007
0.008732
0.002326
1.0001
0.000653
0.004706
0.000731
0.975278
1.0001
0.004706
0.008237
1.0001
0.008237
1.0001
0.254702
0.005123
0.035134
0.663149
0.96775
0.96775
0.028306
0.028306
0.028306
1.0001
0.063899
0.078479
0.078479
0.01006
0.01006
1.0001
1.000026
1.0001
1.0001
0.999854
1.0001
0.996847
0.999854
1.0001
1.0001
0.009642
0.001522
0.001522
0.009642
1.000055
0.008387
0.001451
0.000526
0.000526
0.00115
0.000881
1.0001
0.000481
0.983195
0.005446
1.0001
0.984351
0.000481
0.000453
0.023785
1.0001
1.0001
0.00027
0.91376
0.921889
0.921889
1.0001
0.000618
0.638009
1.0001
1.0001
0.998211
1.0001
0.998211
0.998211
0.998211
1.0001
1.0001
1.0001
1.0001
1.0001
1.000087
1.0001
0.998885
0.999005
0.012221
1.0001
1.0001
1.0001
1.0001
1.0001
1.0001
0.998959
0.000146
0.000137
0.001139
0.000154
0.000154
0.839998
0.003632
0.009298
1.0001
1.0001
0.009325
0.009325
0.000138
1.000058
1.000099
0.032405
0.000117
0.000261
1.0001
0.055087
0.000119
0.000119
0.055087
0.000103
1.0001
0.996286
0.004687
1.0001
0.001608
1.0001
1.0001
0.903897
0.903897
1.0001
1.0001
1.0001
1.0001
0.455635
1.0001
1.0001
0.073064
0.003714
0.389552
0.010811
0.010811
0.060812
0.000988
0.978446
0.978446
0.978446
1.0001
1.0001
0.015086
0.015086
1.0001
0.023477
0.012824
1.000082
0.017186
1.0001
1.0001
1.0001
0.9998
0.9998
0.060703
0.060703
0.060703
1.0001
0.99919
0.031962
0.001313
0.5001
1.0001
1.0001
1.0001
1.0001
0.5001
0.5001
0.5001
0.5001
0.5001
0.726791
0.980033
0.997101
1.0001
0.657845
0.657845
0.267566
0.998271
1.0001
1.0001
0.998271
1.000097
1.000097
1.0001
0.947789
1.000096
0.00787
1.0001
0.17368
0.17368
1.0001
0.001461
0.001461
0.057114
1.0001
0.057114
0.998676
0.965976
1.000095
1.000095
1.000095
1.0001
0.992483
0.992483
0.992483
1.0001
0.511275
0.511275
0.019147
0.567588
1.0001
0.999683
0.000387
0.495629
0.161759
0.161759
0.042846
0.263246
0.263246
0.263246
0.000194
1.0001
0.998147
0.000132
0.000144
0.000352
0.00014
0.057505
0.095944
0.99933
0.00058
0.001669
0.001669
0.095944
0.095944
0.000308
1.0001
0.002757
0.002757
0.146809
1.0001
1.0001
1.0001
1.0001
1.0001
0.034136
1.0001
1.0001
1.0001
1.0001
1.0001
1.0001
1.0001
1.0001
1.0001
1.0001
1.0001
0.005965
0.005965
1.0001
0.999068
0.001789
0.001789
0.001789
0.001736
0.999929
1.0001
1.0001
0.984656
0.000105
0.969291
1.0001
0.006433
0.942675
0.313224
0.000155
1.0001
0.998374
0.998374
0.158307
1.0001
0.158311
1.0001
1.0001
1.000097
0.000102
0.000141
0.000141
1.0001
1.0001
1.000093
1.0001
1.0001
1.0001
1.000093
1.0001
0.002201
0.002201
0.002201
1.0001
0.000383
1.000098
0.000383
0.738421
0.738421
0.998701
0.000153
0.000153
1.0001
1.0001
0.219804
1.0001
1.0001
1.0001
1.0001
1.0001
1.0001
1.0001
1.0001
0.99693
1.0001
1.000095
0.019178
0.988214
0.988214
0.997444
0.000705
0.99771
0.99771
0.99771
0.99771
1.0001
1.0001
1.0001
0.67003
0.996308
0.280039
1.0001
0.000144
0.999139
0.051231
0.051231
0.051231
0.998617
0.000144
0.016503
0.000131
0.016503
1.0001
0.999926
1.0001
0.303322
0.303322
1.0001
0.218691
1.0001
0.00013
0.00013
1.0001
1.0001
1.0001
1.0001
1.0001
1.0001
1.0001
1.0001
0.5001
0.5001
0.5001
0.5001
0.5001
0.5001
0.5001
1.0001
0.5001
0.5001
0.5001
0.5001
0.5001
0.5001
0.5001
0.5001
0.5001
1.0001
1.0001
1.0001
1.0001
1.0001
1.0001
1.0001
1.0001
1.0001
1.0001
1.0001
1.0001
1.0001
1.0001
1.0001
1.0001
1.0001
1.0001
1.0001
1.000086
1.000086
0.5001
0.5001
1.0001
1.0001
1.0001
1.0001
1.000086
1.000086
0.048025
1.0001
0.915158
0.266917
0.172722
0.990787
1.0001
0.002249
0.002249
1.0001
0.257229
1.0001
0.003788
0.99958
0.000736
0.000145
1.0001
0.152715
0.001747
0.045493
0.002377
1.0001
0.957863
0.002609
1.0001
0.437713
0.00158
0.437713
0.889265
1.0001
0.000103
0.001621
1.0001
0.000113
0.000995
0.000106
0.001531
0.02831
1.0001
1.0001
1.000069
0.005265
0.005265
0.000197
1.0001
0.000155
1.0001
1.0001
0.996393
0.03181
1.0001
0.810785
1.0001
0.81079
0.81079
1.0001
1.0001
1.0001
1.0001
0.91567
1.0001
1.0001
1.0001
1.0001
1.0001
1.0001
1.0001
1.0001
1.0001
1.0001
1.0001
1.0001
1.0001
1.0001
1.0001
1.0001
1.0001
1.0001
1.0001
1.0001
1.0001
0.986847
1.0001
0.034573
0.034573
1.0001
0.019558
0.965281
0.59704
1.0001
1.0001
0.996175
1.0001
1.0001
0.996175
1.000093
0.002519
0.002519
1.0001
0.010999
0.000285
0.000215
1.0001
0.102451
0.102451
0.000912
1.0001
1.0001
0.877827
0.01446
0.01446
0.799278
0.00087
0.983784
0.000908
0.00794
1.0001
1.0001
1.0001
1.0001
1.0001
0.003341
0.795985
0.980592
1.000097
0.996541
0.306018
0.996751
1.0001
0.215781
0.946935
0.00788
1.0001
1.0001
0.000538
0.155623
0.488113
0.488113
0.488113
0.283568
0.220605
0.220605
0.732524
1.0001
1.0001
0.999913
0.03101
0.03101
0.03101
0.858595
0.00141
0.977909
1.0001
1.0001
1.0001
0.019925
1.0001
0.972968
0.972968
0.972968
1.0001
0.011771
0.000411
0.000411
0.04665
1.000094
1.0001
0.004462
1.0001
0.218228
0.082156
1.0001
0.992083
0.992083
0.000811
0.001335
1.0001
0.052064
1.0001
1.0001
0.012931
0.045537
1.0001
0.000536
0.000536
0.0001
0.999965
0.405909
0.07869
0.07869
0.051334
0.051334
1.0001
1.0001
0.994797
0.153369
1.000095
0.000406
1.0001
0.480773
0.037099
0.999909
1.0001
0.000575
0.006503
1.000099
0.017522
0.437109
0.034357
0.034357
1.0001
0.002288
1.0001
0.0001
1.0001
1.0001
1.0001
0.6754
0.6754
0.004841
0.004448
0.004448
0.000101
0.001596
0.851155
1.0001
1.0001
0.0041
1.0001
0.00673
0.835762
1.0001
1.0001
0.674908
0.112174
0.081308
0.122475
0.122475
0.122475
1.0001
0.000323
0.993338
1.0001
0.11881
1.0001
0.744256
0.000361
1.0001
0.000361
1.0001
1.0001
1.0001
1.0001
1.0001
1.0001
1.0001
1.0001
1.0001
1.0001
1.0001
1.0001
1.0001
1.0001
1.0001
1.0001
1.0001
1.0001
1.0001
1.0001
1.0001
0.999895
0.510688
0.99977
0.457608
0.457608
0.457608
1.0001
0.891352
0.250016
0.000212
0.557855
0.988273
0.084421
0.996175
1.0001
0.169369
0.159681
0.000506
0.000506
1.0001
1.0001
0.996175
1.0001
0.003783
0.000164
0.000164
1.0001
0.0003
0.003783
1.0001
0.456674
0.000115
0.456674
0.456674
0.039037
0.000109
0.000115
0.000143
0.546589
0.997367
1.000078
1.000078
0.732161
1.0001
1.0001
0.000567
0.070729
0.000409
0.000567
0.000409
1.0001
0.000101
1.0001
1.0001
0.000231
1.0001
0.000101
1.0001
1.0001
0.000463
0.067536
0.067536
1.0001
1.0001
1.0001
1.0001
0.999046
0.999046
1.0001
0.999046
0.999046
0.999046
0.999046
0.062317
0.062317
0.062317
0.062317
0.022682
0.214892
0.022682
0.3958
0.000165
1.000047
0.002832
0.363719
1.000002
0.000162
0.000168
0.000168
0.000168
0.000168
0.000146
1.000097
0.000812
0.000812
0.000146
0.000146
0.000146
0.000169
0.000281
0.088627
0.088627
1.0001
1.0001
1.0001
0.412985
0.412985
0.049463
1.0001
1.0001
1.0001
0.659251
0.874737
0.028807
0.004644
0.004644
0.000141
0.901983
1.0001
1.000071
0.855687
1.0001
0.499146
1.0001
1.0001
0.000134
0.003606
0.36137
0.00013
0.550017
0.00013
0.550017
0.982631
0.003864
1.0001
0.00045
0.00045
0.003606
0.550017
0.000177
1.0001
0.001437
1.0001
0.000152
0.000134
0.046538
0.046538
0.193733
0.046538
0.046538
0.926723
0.856835
1.000075
1.000074
0.001177
0.001177
0.001177
0.010368
0.010368
0.010368
0.010368
1.0001
1.0001
0.000104
0.257107
0.001551
0.003871
0.003871
0.990747
0.000841
0.000841
0.181915
0.181915
0.517176
0.997375
0.997375
0.095815
1.0001
1.0001
0.000808
0.00643
0.003729
1.0001
1.0001
0.959545
0.178778
0.178778
0.178778
0.001609
0.018446
1.0001
0.001509
0.001397
0.710386
0.710386
0.002704
0.002704
0.019319
0.710386
0.000105
1.0001
1.0001
1.0001
0.27478
0.982481
0.27478
0.996159
1.0001
1.0001
1.0001
1.0001
1.0001
1.0001
1.0001
1.0001
1.0001
1.0001
0.999066
1.0001
0.802198
1.0001
1.0001
1.0001
0.000346
1.0001
1.0001
0.000346
1.0001
1.0001
0.050211
0.050211
0.050211
0.000376
0.000376
0.000376
0.000129
0.050211
0.67954
0.979174
1.000076
0.000624
0.131668
0.886557
0.131668
0.998726
0.998726
0.998824
0.998824
0.998824
0.037018
1.0001
0.037018
0.59957
0.59957
1.0001
1.0001
0.998897
0.000395
0.000395
0.947951
0.337761
0.998747
0.000306
1.000088
0.999876
1.0001
1.0001
1.0001
0.012489
1.0001
1.0001
1.0001
1.0001
1.0001
0.005806
0.000245
0.444397
1.0001
1.0001
0.62405
0.001806
0.001806
0.001806
0.000178
0.00133
1.0001
0.197318
0.197318
0.792935
0.985038
0.924509
0.792935
0.985038
0.723498
0.000189
0.999988
0.037987
0.001678
0.037987
0.000137
0.001678
0.986798
0.386433
1.0001
1.0001
1.0001
1.0001
1.000049
0.01306
0.032328
0.358646
1.0001
0.000156
0.002147
0.000156
0.526534
0.986741
1.0001
1.0001
0.839102
1.0001
1.000044
0.963258
0.259838
0.259838
0.259838
0.000151
1.0001
1.0001
0.998464
1.0001
1.0001
0.024958
0.000138
0.040366
1.0001
0.002546
1.0001
0.877949
0.877949
0.877949
0.877949
0.01486
0.000106
0.004239
0.718196
1.0001
0.005211
0.00124
0.519555
0.017655
1.0001
0.520269
0.998005
1.0001
1.0001
0.004503
0.004503
0.004503
1.0001
1.0001
1.0001
1.0001
0.006345
1.0001
0.00059
0.00059
1.0001
1.0001
0.968036
0.017347
1.0001
0.0007
1.0001
0.0007
0.051259
1.0001
1.00008
1.00008
0.74049
0.74049
1.0001
0.7318
0.7318
0.7318
0.7318
0.7318
0.992351
1.0001
0.379723
0.01574
0.01574
0.01574
1.0001
1.0001
0.397905
0.62783
0.003183
0.133536
0.005539
1.0001
0.256315
1.0001
1.0001
1.0001
0.981559
0.981559
0.003614
0.240996
0.240996
0.018713
0.018713
0.018713
0.000132
1.0001
1.0001
1.0001
0.092675
0.999395
0.03261
0.793021
0.793021
0.000116
1.0001
0.013698
1.0001
1.0001
1.0001
1.0001
1.000097
1.000097
0.988243
0.988243
0.632553
0.999862
1.0001
0.003211
1.0001
1.0001
0.999855
1.0001
1.000005
1.0001
1.000097
1.0001
1.0001
0.33122
1.000095
1.000095
1.000095
1.000095
0.001886
0.950737
0.999768
0.95969
0.097419
0.998481
1.0001
0.109785
0.109785
0.139118
0.999782
0.071177
0.001886
0.077055
1.00002
1.00008
0.971883
0.000325
0.965008
0.008062
0.003008
0.000288
0.996592
1.0001
0.168196
0.083656
0.083656
0.083656
0.000146
1.0001
1.0001
1.000082
0.004754
0.000112
0.182212
1.000086
1.0001
1.0001
1.0001
1.0001
0.990714
1.0001
1.0001
0.034689
1.0001
0.150848
1.000091
0.000884
1.0001
0.000142
1.0001
0.001953
0.00322
0.000316
0.000316
0.170597
1.0001
0.170597
0.170597
0.996549
0.005523
0.875096
0.875096
0.875096
0.170597
0.170597
0.170597
0.000494
0.007804
0.000336
0.919673
0.007448
0.005611
0.005611
0.820808
1.0001
1.0001
1.0001
1.0001
0.001236
0.008862
0.001474
0.007094
0.055131
0.028701
0.000107
0.00241
0.000148
0.000466
0.017491
1.0001
0.000121
0.000114
0.963363
0.002775
0.002775
0.04716
0.04716
0.04716
0.040237
0.040237
1.0001
0.037745
0.037745
0.015035
0.000291
0.0001
0.063581
1.0001
0.063581
1.0001
1.0001
1.0001
1.00007
0.992628
1.0001
1.0001
0.992628
0.992628
0.992628
0.000426
1.0001
0.168119
0.992628
0.01818
1.0001
1.0001
1.0001
1.0001
1.0001
1.0001
0.943127
1.0001
1.0001
1.000087
1.000087
0.005515
0.000496
0.781966
0.823832
0.823832
0.994694
0.575565
0.994694
0.459801
0.001102
0.001102
0.001102
0.833198
0.01119
1.0001
1.0001
1.0001
0.964851
0.963839
0.24253
0.005375
1.0001
1.0001
1.0001
0.001683
1.0001
1.0001
1.0001
0.451967
0.001683
1.0001
0.007077
0.041685
0.041685
0.041685
0.041685
0.541997
0.083386
0.000148
1.0001
1.0001
1.0001
0.216766
0.510913
0.001196
1.000094
0.216766
0.001615
0.001196
0.001196
0.001615
0.99827
0.000209
0.082039
0.185858
0.450743
0.450743
1.0001
0.187444
0.954604
0.954604
1.0001
1.0001
1.0001
0.077268
1.0001
1.0001
1.0001
0.295676
0.295676
0.02957
0.02957
1.0001
1.0001
1.0001
0.994717
1.0001
1.0001
1.0001
1.0001
1.0001
1.0001
1.0001
1.0001
1.0001
1.0001
1.0001
0.0001
0.0001
0.951917
0.951917
0.951917
0.0001
0.131343
0.0001
0.000896
1.0001
0.0001
0.0001
1.0001
0.000118
0.0001
1.000051
0.0001
0.000123
0.0001
0.0001
0.0001
0.0001
0.000129
0.0001
0.0001
0.0001
0.000102
0.0001
0.0001
0.0001
0.0001
1.0001
1.0001
1.000058
1.000058
1.000058
0.929104
0.929104
0.008062
0.186748
0.008062
0.008431
0.008431
0.799288
0.000265
0.000265
1.0001
0.355095
0.355095
1.0001
1.0001
1.0001
0.0001
1.0001
0.997509
1.0001
0.001662
0.000306
0.000306
0.000193
1.0001
0.994886
0.000103
1.0001
1.000099
1.000096
0.901429
0.0001
0.00374
0.996356
1.0001
0.593823
0.006604
1.0001
0.001312
0.99557
0.015095
1.0001
1.0001
0.007968
0.007968
0.007968
1.0001
1.0001
0.0001
1.0001
1.000034
1.0001
0.999963
1.0001
1.0001
1.0001
0.103325
1.0001
0.806245
0.087804
0.087804
0.087804
0.752903
0.47829
0.228873
0.008551
0.000306
1.0001
0.005787
0.994342
0.994342
0.863632
0.019843
0.70219
0.002123
0.002123
0.019843
0.000143
1.0001
0.008712
1.0001
0.146349
0.146349
0.146349
0.018787
0.018787
0.018787
0.018787
0.983151
1.000043
1.000043
0.001726
0.001726
0.001726
1.0001
1.0001
0.163274
0.163274
0.974237
1.0001
1.000099
1.000099
1.0001
0.974916
0.064508
0.973562
0.973562
0.048647
0.048647
0.048647
0.999187
1.000087
0.688244
0.585412
0.513997
0.888323
0.888323
0.975609
0.975609
1.000097
0.928921
0.928921
0.928921
0.928921
1.0001
1.0001
0.99902
0.99902
1.0001
1.000035
1.000035
0.13707
1.0001
1.000059
0.13707
0.014046
0.000361
1.0001
1.0001
1.0001
1.0001
1.0001
1.0001
1.0001
1.0001
1.0001
1.0001
1.0001
0.000286
0.000286
0.005776
0.005776
0.087591
0.782742
1.0001
0.782742
1.0001
0.000131
0.001011
1.0001
1.0001
0.000111
0.000114
0.000158
0.000158
1.0001
0.998919
0.001853
0.001853
0.001853
1.0001
1.0001
0.041461
0.002595
1.0001
1.000093
0.002692
0.905322
0.000367
0.000103
0.574469
1.0001
0.053699
1.0001
1.000099
0.346883
0.002857
0.034961
0.034961
0.878711
1.0001
1.0001
1.0001
0.110781
1.000079
1.0001
1.0001
0.873662
1.000099
0.916956
0.140387
0.203481
0.001865
0.799312
0.799312
0.799312
0.799312
0.006946
0.00049
0.950179
0.003653
0.000602
0.99992
0.950179
1.0001
1.0001
1.0001
0.998077
0.998077
0.998077
1.0001
1.000099
1.0001
1.0001
0.57974
1.0001
0.989334
0.57974
0.502099
0.502099
0.502099
1.0001
1.0001
0.00207
0.999743
1.0001
0.999743
0.999743
1.0001
0.010442
1.0001
1.0001
1.0001
0.04769
1.0001
1.0001
1.0001
0.020121
0.986258
0.986258
0.000425
0.031029
0.97522
0.986258
0.000511
0.000511
0.000511
0.986258
0.0001
0.5001
0.5001
0.729823
0.729823
0.984017
0.003521
0.726989
0.0013
0.003798
0.016751
0.000105
0.001055
0.200553
0.000652
0.030023
0.800463
1.0001
0.000662
0.000662
0.000105
1.0001
0.820772
1.0001
1.0001
1.0001
1.0001
0.00086
0.0001
0.216686
0.877626
0.877626
0.05808
0.390834
1.0001
1.0001
1.0001
0.475633
1.000098
0.998123
0.998123
0.717443
1.0001
1.0001
1.0001
1.0001
0.420465
0.965179
0.965179
0.999989
0.965179
0.965179
1.0001
0.965179
1.000067
1.0001
0.970195
0.178593
0.000151
0.016797
0.000165
0.000165
1.0001
0.001829
1.0001
1.0001
0.000225
0.543615
0.001591
0.001591
1.0001
0.003648
0.003648
0.003648
0.003648
1.0001
0.008148
0.008148
1.0001
0.001296
1.0001
0.001296
0.000136
0.004894
1.0001
0.000116
0.024799
0.000116
1.0001
1.0001
0.000116
0.05117
1.0001
1.0001
0.05117
1.0001
0.999265
0.999265
0.444254
0.000117
0.000865
0.00139
0.000117
0.003121
0.000116
0.00167
0.004435
0.007335
1.0001
0.004435
0.999911
1.0001
0.024503
0.736246
1.0001
1.000069
0.001134
0.000777
1.0001
0.000363
1.0001
0.999897
0.999897
0.031448
0.810114
0.014259
1.0001
1.0001
1.0001
1.0001
1.0001
1.0001
1.0001
0.954163
1.0001
0.852806
0.42534
0.002209
0.941925
1.0001
0.001392
0.001392
0.000197
1.00006
1.0001
1.0001
1.0001
0.176182
0.004888
0.004888
0.006277
0.06708
0.06708
0.06708
0.06708
1.0001
0.974926
1.000099
0.999556
1.0001
1.000075
0.122304
0.43485
1.0001
1.0001
0.997647
0.730273
0.938646
0.999663
1.0001
0.907908
1.0001
1.0001
1.0001
1.0001
1.0001
0.0026
0.914577
0.001404
0.001404
0.451079
0.451079
1.0001
1.0001
1.0001
1.0001
0.004434
1.0001
1.0001
0.028959
0.000134
0.000134
0.000123
0.992911
1.0001
1.0001
1.0001
1.0001
0.010527
0.218666
0.997285
0.009586
1.0001
1.0001
0.004532
1.0001
1.0001
1.0001
1.0001
1.0001
1.0001
1.0001
1.0001
1.0001
1.0001
1.0001
1.0001
0.926818
1.0001
0.01659
1.0001
0.955599
0.679418
0.552485
1.000088
0.718151
0.718151
0.999341
1.0001
0.999341
1.0001
0.99949
1.0001
1.0001
0.00128
1.0001
1.0001
1.0001
1.0001
1.0001
1.0001
1.0001
1.0001
1.0001
1.0001
1.0001
1.000077
1.0001
1.0001
1.0001
1.0001
1.0001
1.0001
1.0001
0.907258
1.0001
1.0001
0.907258
0.907258
1.000085
0.068175
0.011165
1.0001
0.105508
1.0001
1.0001
0.218368
0.048772
0.867002
0.218366
1.0001
0.000145
0.00152
0.00152
0.266013
0.266013
0.972973
1.0001
0.998227
1.0001
0.175952
0.175952
0.175952
0.174508
0.006635
1.0001
0.000107
1.0001
0.028561
0.028561
0.002785
1.0001
1.000063
1.0001
1.000063
1.000063
1.000063
1.000063
1.0001
0.987564
0.000104
1.0001
0.135566
0.885131
0.874144
0.002625
1.0001
1.0001
0.890817
1.0001
0.782555
0.782555
0.782555
0.782555
0.016825
1.0001
0.000118
0.016825
1.0001
0.000198
0.000198
0.003936
1.0001
0.004946
0.000183
0.883119
1.000088
0.883119
0.883119
0.883119
0.000198
0.000198
0.003936
0.003936
0.000198
0.000198
0.266938
0.015172
0.51192
0.266938
0.004399
0.004399
0.000183
0.000118
0.017881
0.000129
0.419752
0.916642
0.000142
0.008499
0.000134
0.008499
0.000715
0.021174
0.000715
0.000125
1.0001
0.000436
0.000436
0.068223
0.000161
0.009443
0.01462
0.01462
0.01462
1.0001
1.0001
0.001227
1.0001
0.001227
0.03073
0.990009
0.00764
0.000969
0.000969
1.0001
0.996086
0.000528
0.893706
0.893706
0.041972
0.041972
0.004732
0.791271
1.0001
0.000933
0.00063
1.000095
0.972698
0.099532
0.693297
0.409347
0.409347
0.409347
0.409347
0.34003
1.0001
1.0001
0.005256
0.127179
0.005256
0.821534
1.0001
0.002335
1.0001
0.879732
0.00762
0.089144
0.002335
0.949389
0.034783
0.034783
1.0001
0.000282
0.002608
1.0001
1.000097
1.0001
0.99048
0.76813
1.0001
1.0001
1.0001
1.0001
1.0001
0.999928
1.000094
0.000231
0.058217
0.058217
0.980425
0.980425
0.058217
0.058217
0.096217
0.00015
0.998832
0.411728
0.411728
1.0001
0.411728
0.000127
0.000127
0.000127
0.299272
0.299272
0.999112
0.005719
0.122018
0.005719
0.346731
0.999557
1.0001
0.000157
0.000157
0.999659
1.0001
1.0001
0.085549
0.085549
1.0001
0.000148
1.0001
0.182498
0.182498
0.756764
0.756764
1.0001
1.0001
0.155306
1.000088
0.004762
0.004762
0.718177
0.000248
0.000239
0.000239
1.000099
0.002768
0.004082
0.000625
0.000204
0.001921
0.122456
1.0001
1.000098
1.0001
1.0001
0.002458
1.000043
1.000043
0.000118
0.000118
0.061136
0.169863
0.000106
1.0001
0.687828
0.395679
0.001455
1.0001
1.0001
0.004624
0.408583
0.999992
0.977524
1.0001
0.527031
0.086082
0.002592
0.038276
1.0001
0.047137
1.000035
0.618211
0.003538
0.002592
0.002541
0.000775
0.000179
0.002783
0.002783
0.000179
0.527031
0.000109
1.0001
0.000194
0.000144
0.000144
1.0001
0.790458
1.0001
0.000382
1.0001
0.334114
0.080983
0.080983
0.080983
0.676583
0.676583
0.998978
0.980815
1.000094
1.0001
0.069248
0.516032
0.005524
0.001546
0.000991
0.000991
0.000991
0.081031
0.000991
0.000991
0.000991
0.000104
1.0001
1.0001
0.013828
0.000377
0.000377
0.983107
1.0001
1.0001
1.0001
0.038963
0.152903
0.152903
0.152903
0.012579
0.012579
1.0001
0.000199
0.000278
1.0001
0.000115
0.000115
0.307603
0.012579
0.000336
0.000336
0.012579
0.031118
0.031118
0.031118
0.031118
0.012579
0.000111
0.99967
0.001165
1.0001
0.938646
1.0001
0.938646
0.938646
0.938646
0.159542
1.0001
0.000297
1.000032
1.0001
0.000103
0.000103
0.000103
0.00014
1.0001
0.159542
0.159542
1.000057
0.000104
0.159542
0.00026
0.00026
1.0001
0.026307
0.211222
0.002357
0.002357
1.0001
0.010152
0.990192
0.007327
1.0001
1.0001
0.854852
0.999751
0.038264
0.049596
0.9816
1.0001
0.65221
0.65221
0.65221
0.65221
0.990192
0.372869
0.993902
0.993902
0.224405
0.034701
1.0001
0.01314
0.01314
0.109107
0.109107
1.000096
0.99804
0.99804
1.000085
0.009725
0.91789
0.019905
0.011266
0.011266
0.969951
0.969951
0.969951
0.016838
1.0001
1.000099
0.948182
1.0001
0.046826
0.950706
1.000098
1.0001
1.000098
0.999118
0.956641
1.0001
0.000215
1.0001
1.0001
1.0001
1.0001
1.0001
0.225449
1.0001
1.0001
1.0001
1.0001
0.99962
1.0001
0.353207
0.003615
0.010857
0.010857
1.00005
0.283314
0.283314
0.101295
0.000212
0.000159
0.02958
0.004471
0.004471
1.0001
0.004471
0.171024
1.0001
0.001212
0.634665
1.0001
0.000275
0.634665
0.000275
0.634665
1.000086
0.999221
0.000141
0.1123
0.1123
0.847393
1.0001
0.483935
0.847393
1.0001
1.0001
1.0001
0.245699
0.265611
0.265611
1.0001
1.0001
1.000099
1.0001
0.43751
1.0001
0.999049
0.989624
0.989624
0.998861
1.0001
1.000074
1.0001
1.0001
1.000086
1.000086
1.000086
1.0001
0.998844
0.998844
1.000099
0.724626
0.724626
0.999561
0.976205
0.976205
0.976205
0.976205
0.907108
1.0001
1.0001
0.000121
0.055769
1.0001
0.000131
0.055769
0.055769
0.385256
0.000135
0.385256
1.00007
0.99963
0.976016
0.976016
0.000165
0.385256
0.001938
0.001938
0.000126
0.645133
0.645133
0.006219
0.004395
0.006219
0.052816
0.266205
1.000079
1.0001
0.017212
0.002025
0.002025
0.002025
0.00184
0.219571
1.0001
0.000357
0.282751
0.282751
1.000092
0.999849
0.999849
0.999849
0.999849
0.999849
0.000316
1.000098
1.000098
1.000045
0.999065
0.999065
1.0001
0.000247
0.000247
0.000247
0.000247
0.737678
0.737678
0.737678
0.737678
0.737678
0.273963
0.964319
0.964319
0.804338
0.804338
0.804338
0.804338
0.804338
1.0001
1.0001
1.0001
0.005636
0.424736
0.424736
0.00862
0.936226
1.0001
0.000143
0.75959
0.996287
0.126167
1.0001
0.126167
0.126167
0.75959
0.75959
0.001078
0.001078
0.001078
0.75959
0.75959
0.028884
0.028884
0.028884
0.028884
1.0001
0.111082
0.111082
0.522901
0.039533
0.039533
0.039533
0.039533
0.211324
0.211324
0.211324
0.016931
0.445396
1.0001
0.999815
0.483718
0.000196
0.009393
0.000157
0.001714
0.001714
0.001839
0.000168
0.000156
0.000156
0.000157
0.963426
1.0001
0.000155
0.097075
0.097075
0.003855
0.999446
1.0001
1.0001
1.0001
1.0001
1.0001
0.002717
1.0001
1.0001
1.0001
1.0001
1.0001
0.049751
0.254181
0.618319
1.0001
0.028089
1.0001
0.998017
1.0001
0.998017
0.998017
0.96637
0.997782
1.0001
1.0001
0.478728
0.478728
0.478728
0.478728
0.478728
0.000148
0.000148
0.000118
1.0001
0.000281
0.000109
0.035693
0.035693
0.035693
0.001755
0.000623
0.000116
0.000112
0.626688
0.000112
0.001755
0.000699
0.001755
0.001755
0.99986
0.989365
0.000242
1.0001
1.0001
0.939523
0.939523
0.939523
0.000102
0.000102
0.990397
0.000345
1.0001
0.118972
0.000135
0.041874
1.0001
0.000135
0.041874
1.0001
1.0001
0.994744
1.0001
0.998881
1.000098
1.0001
0.019743
0.019743
0.019743
0.000314
0.999418
0.647978
1.0001
1.0001
1.0001
1.0001
1.0001
1.0001
1.0001
1.0001
1.0001
1.0001
0.000105
0.97455
0.006622
1.0001
1.0001
0.174117
0.000149
0.002961
0.000115
0.068655
0.000113
0.000396
0.489222
0.489222
0.068655
1.0001
1.0001
1.0001
1.0001
1.0001
1.0001
1.0001
1.0001
0.003407
1.0001
0.717161
1.0001
1.0001
0.993145
0.003171
0.007519
0.007519
0.007519
0.993145
1.0001
0.000468
0.999535
1.0001
0.86091
0.86091
0.237784
0.237784
0.010662
1.0001
0.86091
0.024114
0.024114
0.002522
0.002522
0.901521
0.871005
1.000097
1.000097
0.999857
0.999857
0.999857
1.0001
1.0001
1.0001
1.0001
1.000099
1.0001
1.000099
1.000097
0.014953
1.000089
0.988698
0.000509
0.65378
0.017035
0.000276
0.089199
0.089199
0.002127
0.000143
0.069638
0.508
0.974172
0.000172
0.089638
0.996448
0.000106
0.000152
0.000152
1.0001
1.0001
1.0001
1.0001
1.0001
1.0001
1.0001
1.0001
1.0001
1.0001
1.0001
1.0001
1.0001
1.0001
1.0001
1.0001
1.0001
1.0001
1.0001
1.000086
1.0001
1.000086
1.0001
1.0001
1.0001
1.0001
1.000018
1.0001
1.0001
0.943692
0.943692
1.0001
0.943692
0.943692
1.0001
0.058883
1.0001
1.0001
0.999714
0.998306
0.998306
0.998306
0.998306
0.998306
1.0001
0.036624
1.0001
1.0001
1.0001
1.0001
0.98833
1.0001
1.0001
1.0001
0.99369
0.348631
0.579697
0.988143
1.0001
1.0001
1.0001
1.0001
0.979743
0.985457
0.998569
1.0001
0.91724
0.274242
1.0001
1.000097
0.001939
1.000098
1.0001
1.0001
0.999875
1.0001
1.0001
0.449296
0.999713
0.999763
0.924312
0.924312
0.986337
0.986337
0.986337
0.415371
1.0001
1.0001
0.001267
0.001267
1.0001
0.87652
0.000477
1.0001
0.999407
0.999407
1.0001
0.230083
1.0001
1.0001
1.0001
0.926332
0.230083
0.926332
0.999916
0.984732
0.104221
0.104221
0.104221
1.0001
0.090873
1.0001
0.000132
1.0001
0.00012
0.879752
0.999641
0.999641
1.0001
1.0001
0.073392
0.021458
0.001535
0.001535
0.428176
0.074346
0.0079
1.0001
1.0001
0.000974
0.281424
0.119364
1.0001
0.001351
0.000765
0.890266
0.890266
0.000534
0.923574
0.009796
0.000129
0.000141
0.000141
1.0001
0.012868
0.012868
1.0001
0.000136
0.000136
0.009033
0.000136
0.000136
0.000222
0.000222
0.000222
0.000222
0.180665
0.028576
0.00015
0.095185
1.0001
0.000384
1.0001
0.311497
0.000204
0.000725
0.311497
0.93596
0.011456
0.011456
0.011456
0.011456
0.326774
0.821649
0.061185
0.061185
0.002129
1.0001
1.0001
0.383034
1.0001
0.013428
0.79702
1.0001
1.0001
0.5001
1.0001
0.5001
0.5001
0.5001
0.5001
0.5001
0.5001
0.5001
0.5001
0.5001
0.5001
1.0001
0.400194
1.0001
0.991903
0.991903
0.02448
0.000368
1.0001
0.000368
0.000565
0.013008
0.001912
0.000971
0.015415
0.048034
0.048034
0.048034
0.048034
1.0001
1.0001
0.005342
0.005342
0.965407
0.965407
0.005046
0.860104
0.860104
0.860104
0.860104
0.860104
0.33622
0.99541
0.99541
0.272914
0.272914
0.860104
0.000294
0.000133
0.860104
0.002608
0.002608
1.0001
0.999236
1.000076
0.999236
0.999236
0.999093
0.005177
0.005177
0.002477
0.372131
0.000225
1.0001
1.0001
0.011676
0.011676
0.000428
1.000097
0.000147
0.00278
0.00278
1.0001
0.99953
0.99953
1.0001
0.001686
0.002235
0.000136
0.000136
0.000877
0.000147
0.519568
0.000114
0.663329
0.999879
0.958978
0.966965
0.000116
0.000116
1.0001
0.000112
0.011457
0.000113
0.000427
0.000427
0.251061
0.251061
0.015993
1.0001
0.251061
0.000117
0.000117
0.000109
0.000119
0.054708
0.00128
0.00128
1.0001
0.055158
0.055158
1.0001
0.000121
0.004433
0.000634
1.0001
0.377067
0.025451
0.025451
0.000726
0.012001
0.012001
1.000053
0.019771
1.0001
0.767008
0.048729
0.000796
0.000165
0.000152
0.011474
0.01288
0.006316
0.006316
0.000565
1.000092
0.000201
0.999168
1.0001
0.040038
0.040038
0.040038
0.121574
0.162923
0.162923
0.162923
1.0001
0.000139
0.274246
0.274246
0.625156
0.001771
0.001771
0.063515
0.063515
0.063515
0.006283
1.0001
0.006637
0.3815
0.002787
0.010086
0.999369
1.0001
1.0001
0.975852
0.999848
0.975852
0.999848
1.0001
0.999848
0.180335
0.993224
0.999868
0.993224
0.993224
0.993224
1.0001
0.081897
0.807395
0.807395
1.0001
1.0001
0.010123
0.010123
0.003274
0.003274
0.003274
0.000123
0.000123
0.000123
0.000123
0.002527
0.258558
1.0001
0.324162
0.258558
0.417839
0.001099
0.001099
0.000176
1.0001
0.153715
0.153715
0.153715
0.153715
0.050954
1.0001
1.0001
0.153715
0.95482
0.95482
0.0001
0.153715
0.153715
0.153715
0.153715
0.153715
0.000301
1.0001
1.0001
0.645758
1.0001
0.986655
0.000308
0.212725
0.212725
0.000308
0.010883
0.004205
0.004205
0.430259
1.0001
0.856894
0.430259
0.430259
0.430259
0.000516
0.000516
1.0001
0.991754
0.001189
0.001189
1.0001
0.993901
1.0001
1.0001
1.000093
1.000093
0.999948
1.0001
1.0001
1.0001
1.0001
1.0001
1.0001
0.999948
1.000099
1.000099
1.000079
1.0001
0.997172
0.997172
1.0001
0.999681
0.999681
0.999681
0.999681
0.889156
1.000049
0.893688
0.989852
0.989852
1.0001
0.987623
0.98556
0.974099
0.974099
1.000017
1.000017
1.0001
0.911864
0.999995
0.996883
0.996883
0.995011
0.974099
0.000236
1.000082
0.000236
0.678893
0.003306
0.543009
0.067888
0.678893
0.004386
0.013338
0.959653
1.0001
1.0001
0.959653
0.996446
0.959653
1.0001
0.008107
0.010497
0.000128
0.086001
0.086001
0.048384
0.00069
0.00069
0.0001
0.000172
0.000172
1.0001
1.0001
1.0001
0.002987
0.002987
0.012838
0.99741
1.0001
0.003317
0.003317
0.003317
1.0001
1.0001
1.0001
0.69078
0.999635
1.0001
0.914717
1.0001
0.986838
1.0001
1.0001
0.000219
0.153846
0.153846
0.153846
0.153846
0.000176
1.0001
1.0001
1.0001
1.0001
1.0001
1.0001
0.000102
0.15808
0.000172
0.000172
0.091065
0.091065
0.091065
1.0001
0.091065
0.000101
0.000172
0.000172
1.0001
0.000128
0.000128
0.000128
0.091065
0.000106
1.0001
0.000106
0.999136
0.030217
0.426007
0.426007
0.999886
0.999886
1.0001
0.000515
0.99394
0.99394
0.526165
0.526165
0.99394
0.99394
0.000305
0.000305
1.000097
0.000141
0.004142
0.000175
0.000938
0.000938
0.000938
0.001598
1.0001
0.000156
1.0001
0.000161
0.108509
1.0001
0.108506
0.000125
0.000125
1.0001
0.000101
0.001333
0.001333
1.0001
1.0001
0.695889
0.001462
0.001462
0.29009
0.29009
0.999558
0.502137
0.067969
0.999558
0.993181
1.0001
0.005238
0.005238
0.000302
1.0001
1.0001
0.000186
0.271736
0.189476
1.0001
1.0001
0.019725
1.0001
0.019725
0.244839
1.0001
1.0001
1.0001
1.0001
1.0001
1.0001
1.0001
1.0001
1.0001
1.0001
0.000883
0.969379
0.00062
0.513624
0.06336
0.06336
0.970263
1.0001
0.000177
0.428965
0.002443
0.002443
0.000862
0.000862
0.428965
0.000511
1.0001
1.0001
0.439956
0.522161
0.522161
1.0001
0.439956
0.439956
0.439956
1.0001
0.000308
0.136126
0.17093
0.000168
0.000168
0.000101
0.000101
0.001018
0.012131
0.012131
0.012131
0.000103
0.049871
0.318968
0.318968
0.318968
1.0001
0.418002
0.418002
0.821731
0.355826
0.355826
0.355826
1.0001
1.0001
1.0001
0.422415
0.076358
1.0001
0.654305
0.654305
1.0001
1.0001
1.0001
0.157286
1.0001
0.999545
1.000074
0.009103
0.008569
0.008569
0.802943
0.158827
0.03744
0.002596
0.999545
0.983207
0.988696
0.156676
0.988474
0.000478
0.988474
0.004721
0.99983
0.004721
0.122197
1.0001
0.002295
0.002295
1.0001
1.000099
1.000099
0.000272
0.048391
0.048391
1.0001
0.015286
0.001917
1.0001
0.42802
0.030624
0.428027
0.001741
0.001741
0.001741
0.001741
1.0001
0.000333
1.0001
0.245756
0.148738
0.000212
1.000065
1.000086
0.00354
0.00354
0.998692
0.004077
1.0001
0.00531
0.00531
1.000075
0.015911
0.014364
0.014364
0.014364
0.216448
0.020849
0.970297
0.970297
0.999959
0.000345
0.000122
0.000122
0.027415
0.027415
0.000715
0.000715
0.000122
0.000122
0.000121
1.0001
0.001956
0.001956
0.001956
0.009008
0.000115
0.000138
0.000481
1.000019
0.955417
0.206776
0.000149
0.625893
0.000149
0.000147
0.002252
0.778991
0.062877
1.0001
0.004525
0.00022
1.0001
0.001324
0.001324
0.000151
0.000151
0.062361
0.97587
0.062361
0.062361
0.062361
0.23479
0.048332
0.048332
0.248476
0.000365
0.084871
0.023753
1.0001
0.038901
0.000149
0.000149
0.01145
0.01145
0.108107
0.99868
0.000397
0.005117
0.005117
1.0001
0.004919
0.004919
0.461879
0.461879
0.461879
0.461879
0.0001
0.0001
1.0001
1.0001
0.0001
0.0001
0.0001
0.0001
0.0001
0.0001
0.0001
0.0001
0.000101
0.0001
0.0001
0.0001
1.0001
0.0001
0.0001
0.0001
1.0001
0.0001
0.000268
0.0001
0.0001
0.315454
0.315454
0.315454
0.315454
0.315454
1.0001
0.003978
0.003978
0.047562
0.047562
0.047562
0.047562
0.047562
0.047562
1.0001
1.0001
0.000238
1.0001
1.0001
0.007444
1.0001
1.0001
1.0001
0.176681
0.941603
0.001675
0.186639
0.001675
0.005897
0.005897
0.824128
0.824128
0.187186
0.187186
1.0001
1.0001
1.0001
0.019629
0.019629
1.0001
0.136855
0.000268
1.0001
1.0001
0.000548
1.0001
1.0001
0.000548
0.544394
1.0001
0.959962
0.959962
0.00129
1.0001
0.521061
0.000134
0.99673
0.999189
0.942471
0.996665
0.001912
0.982187
0.000489
1.0001
0.491804
0.491804
0.006719
0.00059
0.000102
0.082117
0.000204
1.000094
0.671542
0.671542
0.014117
0.000232
0.671542
0.671542
0.001611
0.001611
0.001611
0.671542
1.0001
0.000307
0.001136
0.001136
0.001136
0.30548
0.30548
0.000313
1.0001
0.008943
0.000522
0.000522
0.000522
0.000522
0.0001
0.00012
0.00012
0.000102
0.000483
1.0001
1.0001
0.61212
0.538264
0.997092
1.000099
1.0001
0.983472
0.085724
0.997735
1.0001
1.0001
1.0001
0.867197
0.976119
0.976119
0.976119
0.976119
0.071246
1.0001
1.000098
0.003057
0.001647
0.004073
0.786787
0.000211
0.000211
0.998539
0.444473
0.000429
0.121301
1.0001
0.302266
0.006718
0.006718
0.03671
0.956559
1.0001
0.999856
0.043832
1.0001
0.317192
0.317192
0.317192
0.892516
0.000193
1.0001
1.0001
1.0001
1.000099
1.000099
1.0001
0.01675
0.011127
1.000069
0.849753
0.849753
1.000094
0.016351
0.01455
0.011127
0.849753
0.849753
0.01675
0.004421
0.540512
0.540512
1.000099
0.080876
0.995572
0.996715
0.849753
0.849753
0.893689
0.01675
0.849753
0.849753
0.808236
0.808236
1.000059
1.0001
1.000011
1.0001
0.849753
0.849753
0.997573
0.997573
0.011938
0.000132
0.000132
0.000132
0.000132
1.0001
0.005412
1.0001
1.0001
0.341233
0.341233
1.000083
1.000097
1.0001
1.000076
0.59009
0.59009
0.542833
0.542833
1.00005
1.00005
1.00005
1.00005
0.000138
0.000138
0.000138
0.000138
0.022348
1.0001
1.0001
0.000108
0.001695
0.949475
0.000166
0.000166
0.027328
0.05855
0.981681
0.000195
0.117102
0.117102
0.117102
0.117102
0.00028
0.00028
0.000258
0.000258
0.000258
1.0001
0.633815
0.633815
0.633815
0.978811
0.978811
0.893507
1.000084
1.000084
1.000084
1.0001
1.0001
0.025704
1.0001
1.0001
1.000084
1.000084
1.000084
0.999764
1.0001
0.0001
0.000131
0.000131
0.001088
0.936186
1.0001
1.0001
0.00437
1.0001
0.031091
0.155451
0.970143
0.970143
0.008921
1.0001
1.0001
1.0001
1.0001
1.0001
1.0001
0.000166
0.999975
0.999975
0.99188
0.99188
0.168279
0.106037
0.000161
1.000097
0.790848
0.18786
1.0001
1.0001
1.0001
0.002285
0.051918
1.0001
0.049583
0.049583
0.000145
0.076155
0.00021
0.026834
0.577674
0.073011
0.001007
0.366883
0.039652
0.366883
0.039652
0.366883
0.366883
0.001492
0.001492
0.366883
1.0001
0.047753
0.047753
0.047753
1.0001
0.147024
0.000466
1.0001
1.0001
1.0001
0.999327
0.999327
0.000381
1.0001
0.000466
0.801174
0.000283
0.000283
0.000283
0.801174
1.0001
0.000141
0.078647
0.024448
0.024448
0.99328
1.0001
1.0001
1.0001
1.0001
1.0001
1.0001
0.350846
0.350846
0.34002
0.08239
0.34002
0.007537
0.999251
0.007537
0.973614
1.000099
0.973614
0.999265
0.03532
0.003535
0.526686
0.377178
0.377178
0.521017
0.521017
0.004173
0.004173
0.004173
0.000213
0.12565
0.000155
1.0001
0.000275
0.000275
0.000228
0.000172
0.001358
0.001358
0.00391
1.0001
0.013864
0.001302
1.0001
0.87441
1.0001
1.0001
1.0001
1.0001
0.010547
1.0001
0.010547
0.880367
0.783732
0.275029
0.350869
0.999894
0.126684
0.999894
1.0001
1.0001
0.476855
0.027666
0.027666
0.027666
1.0001
0.000346
0.999905
0.01007
0.993934
1.0001
0.000538
0.000538
0.01744
0.01744
0.01744
0.01744
0.890771
1.0001
1.0001
1.0001
1.0001
1.000095
1.0001
1.0001
0.070212
0.417416
1.0001
0.665361
1.0001
0.145729
0.01015
0.01015
0.077989
0.001535
0.026655
0.537028
0.537028
0.071058
0.011847
0.071058
0.071058
0.071058
0.071058
0.011847
0.886814
1.0001
0.822374
0.822374
0.807257
0.807257
0.807257
0.001079
0.001079
0.001079
0.284285
0.284285
0.284285
1.0001
1.0001
1.0001
0.730128
0.901948
0.490175
0.000318
1.0001
0.000197
0.999927
0.999927
0.730128
1.0001
0.233847
0.233847
0.233847
0.490093
0.999918
0.999918
1.0001
1.0001
1.0001
1.0001
0.780867
0.780867
1.0001
1.0001
0.780867
1.0001
1.0001
1.0001
1.0001
1.0001
0.938138
0.938138
1.0001
1.0001
0.977687
0.977687
1.0001
1.0001
1.0001
1.0001
1.0001
1.0001
1.0001
0.794541
0.442652
0.442652
0.276198
0.009428
0.009428
1.0001
0.005873
1.0001
0.011302
1.0001
0.000696
1.000097
0.001882
1.0001
1.0001
0.947179
0.749958
0.749958
0.749958
0.00591
1.0001
1.0001
1.0001
1.0001
1.0001
0.998746
0.06706
0.992439
0.982093
0.120969
0.120969
1.0001
1.0001
1.0001
0.001052
0.989932
0.001052
0.78256
0.000291
1.000083
1.000083
1.0001
0.002826
0.899379
0.899379
1.0001
0.002826
1.000083
1.000083
0.000272
0.000272
1.0001
1.000083
1.000083
0.447715
0.996054
1.000075
1.0001
0.028372
0.703758
0.999554
0.999554
0.918961
1.0001
1.0001
0.002379
0.000133
0.000133
0.122116
0.122116
0.958547
0.958547
0.958547
0.236137
0.236137
0.236137
0.044439
0.044439
1.0001
0.317801
1.0001
1.0001
0.013517
0.960118
1.0001
0.860834
0.860834
0.976318
1.0001
0.006459
0.999819
0.000118
0.000297
1.0001
0.022355
0.127958
0.127958
0.080678
1.0001
0.991569
0.282967
0.282967
1.000092
0.308489
0.002134
0.001692
0.402777
0.402777
0.134042
0.004453
0.004453
0.054291
1.0001
0.911691
0.911691
0.911691
0.911691
0.911691
0.911691
0.003336
0.004633
0.004633
1.0001
0.996273
0.996273
0.996273
0.996273
1.0001
0.351703
0.990127
0.990127
0.990127
1.0001
1.0001
0.424512
0.000721
1.0001
1.000099
1.000099
0.000293
0.000293
1.0001
1.0001
1.0001
1.0001
1.000098
0.230589
0.998669
0.988299
0.004731
0.000187
0.000127
0.003479
0.003479
0.003479
1.0001
1.0001
0.224044
1.0001
1.0001
0.000238
0.005356
0.005356
0.005356
0.00104
0.004437
0.004437
0.000144
0.000144
0.005715
0.000709
1.0001
0.00176
0.00176
0.00176
0.007489
0.007489
0.004011
0.004011
0.003129
0.003129
0.000169
1.0001
0.001376
0.001376
0.000732
0.009718
0.000145
1.0001
0.000128
0.115293
0.115293
0.115293
0.025
0.00014
0.00014
0.998676
1.0001
0.000185
0.00013
0.004291
0.227384
0.227384
1.0001
1.0001
0.586593
0.586593
0.931806
0.931806
0.00857
0.915927
0.950104
0.000126
0.000825
0.000825
0.009467
0.000314
0.041871
1.0001
0.000134
0.000134
0.00013
0.000605
0.000605
0.001093
0.001093
0.010845
1.0001
0.000267
0.280496
1.00009
0.000368
0.000368
1.0001
1.0001
0.994587
1.0001
1.0001
1.0001
1.0001
1.0001
1.0001
1.0001
1.0001
1.0001
0.955146
0.955146
1.0001
0.480529
0.000717
1.0001
0.902511
1.0001
0.240621
0.996083
0.996083
0.240621
0.000215
0.000215
0.027304
0.027304
0.000351
0.044528
0.008051
0.00276
0.000149
0.000149
0.000149
0.000149
0.011374
0.000129
0.001762
0.001762
0.051158
0.000144
0.020741
1.0001
0.002241
0.002241
0.941345
0.002889
0.002889
0.001864
0.001864
0.001864
0.105294
0.000279
0.050143
0.860473
1.0001
0.001029
1.0001
0.000961
0.000961
1.0001
0.077051
0.077051
1.0001
0.935611
0.935611
0.171833
0.001604
0.001604
1.0001
0.00273
1.0001
0.001262
0.969321
0.002892
1.0001
0.990164
0.202223
1.0001
1.0001
1.0001
1.0001
1.0001
1.0001
1.0001
1.0001
1.0001
1.0001
1.0001
1.0001
1.0001
1.0001
0.999281
0.03452
0.037201
0.001407
0.001407
0.001407
0.002114
0.08273
0.002114
0.05005
1.0001
0.000279
1.0001
0.000157
0.004878
1.0001
1.0001
0.012572
0.012572
0.012572
0.012572
1.0001
1.0001
0.000878
0.968773
1.000003
1.000003
1.0001
1.0001
1.0001
1.0001
1.0001
1.0001
0.023903
1.0001
0.000118
0.000118
1.0001
1.0001
1.0001
0.084821
0.007204
0.000131
0.000131
1.000095
0.547539
1.000095
0.560112
0.000108
0.000113
0.000113
0.000108
0.000428
0.000428
0.004803
0.998262
0.001862
0.000133
0.000133
1.0001
1.0001
1.0001
1.0001
0.999996
0.999996
1.0001
0.999996
0.999996
0.998258
1.0001
1.0001
0.998258
1.0001
1.0001
0.054119
0.054119
0.775551
1.0001
1.0001
1.0001
1.0001
1.0001
1.0001
1.0001
1.0001
1.0001
1.0001
1.0001
0.42369
0.018724
0.001609
0.001609
1.0001
0.999717
1.0001
0.017164
0.076245
0.999957
0.999957
0.999957
0.999957
0.999957
1.0001
0.999957
1.000082
1.0001
1.0001
1.0001
1.000082
1.000082
1.0001
0.980124
0.980124
0.980124
0.908303
0.908303
0.908303
0.908303
0.908303
0.352664
1.0001
0.352664
1.0001
1.0001
0.00015
1.000097
1.000097
1.000097
1.000097
0.071984
1.0001
0.410101
1.000097
0.103546
0.992488
0.001027
1.0001
1.0001
0.869592
0.021025
0.021025
1.0001
0.854614
1.0001
1.0001
0.000322
1.0001
0.684679
0.014951
1.0001
0.13018
1.0001
0.798761
1.0001
0.798761
0.798761
1.0001
1.0001
1.0001
1.0001
1.0001
0.860993
0.997846
0.008107
0.058198
0.008107
1.0001
1.0001
1.0001
1.0001
1.0001
1.0001
0.809621
1.0001
0.809621
0.809621
0.809621
0.809621
0.998145
0.998145
0.977601
1.0001
1.0001
0.998909
0.602593
0.893943
0.893943
0.102888
0.102888
0.102888
0.102888
0.102888
0.008934
0.008934
0.380589
0.147775
0.794083
0.207894
1.0001
0.910451
0.181112
0.407828
0.016605
0.016605
0.067984
1.0001
1.0001
1.0001
0.921295
1.0001
1.0001
1.0001
1.0001
1.0001
1.0001
1.0001
0.020063
1.0001
0.079904
1.0001
1.0001
0.878226
1.0001
1.0001
1.0001
0.984902
1.0001
0.055473
1.0001
1.0001
0.010034
0.978453
0.978453
0.799008
0.94145
0.723599
1.0001
0.723599
1.0001
1.00009
1.0001
1.00009
1.000096
1.00009
1.0001
1.0001
0.47968
0.873014
0.013875
0.013875
1.0001
0.99781
0.122364
0.122364
0.122364
0.999476
0.999476
0.999476
1.0001
1.000099
0.897817
0.000218
0.00039
0.00039
0.00325
0.00325
0.00325
0.046928
0.046928
0.046928
0.397724
0.397724
1.0001
1.0001
0.000144
0.000144
0.005236
0.000128
0.000125
0.010582
0.0035
0.021327
0.021327
0.000643
0.000643
0.68288
0.000171
0.000326
0.074799
0.074799
1.0001
0.567422
1.0001
0.003291
0.055457
1.0001
0.055457
1.0001
1.0001
1.0001
0.000195
0.000195
0.003073
0.003073
0.000248
0.709472
0.008821
0.008821
0.008821
0.002051
0.965933
0.965933
1.000084
1.0001
0.000315
0.022383
0.005461
0.965933
0.005826
0.005826
0.005826
0.005826
0.965933
0.965933
0.022383
0.022383
0.022383
0.993917
1.0001
1.0001
0.058091
0.017836
1.0001
1.0001
0.109822
0.062413
0.254781
0.032877
0.051919
0.051919
0.051919
1.0001
0.029932
0.029932
0.020317
0.020317
0.020317
0.020317
0.99374
1.0001
1.000063
1.0001
1.000053
1.000053
1.0001
0.99374
1.0001
1.0001
1.0001
1.0001
1.0001
1.0001
1.0001
0.496346
1.0001
0.708577
0.218968
0.218968
0.031208
1.0001
0.001593
0.005936
1.0001
0.02225
0.128659
0.128659
0.128659
1.0001
1.0001
1.0001
0.987686
0.987686
0.987686
0.987686
0.987686
0.000375
0.000375
0.987686
1.0001
1.0001
0.570205
1.0001
0.268286
0.002398
0.071585
0.007054
0.007054
0.071268
1.0001
0.001099
1.0001
1.0001
0.000148
0.000148
0.422098
1.000097
1.000097
0.009758
0.001346
0.001346
0.001496
0.001496
0.001496
0.937403
0.855437
0.855437
1.00003
0.965093
1.00003
1.00003
0.965093
0.965093
0.965093
0.965093
0.965093
0.999828
1.0001
1.0001
1.0001
1.0001
0.456544
0.001059
0.001059
0.001059
0.000988
0.023866
0.023866
1.0001
1.0001
1.0001
1.0001
1.0001
1.0001
1.0001
1.0001
1.0001
0.889016
0.889016
0.889016
0.335172
0.335172
0.065799
0.001094
0.398181
0.398181
0.935981
1.0001
0.999136
0.998969
1.0001
1.0001
0.002164
0.002164
0.002164
0.999623
0.025449
0.949962
0.999838
0.986175
0.035805
0.563339
0.035805
1.0001
0.025548
0.001031
0.000142
0.000142
0.001102
0.282081
0.000138
0.003167
0.003167
1.0001
0.83669
1.0001
0.83669
0.127378
0.127378
0.127378
1.0001
1.0001
0.140536
0.140536
0.999843
1.000097
0.999882
0.975054
0.043529
1.0001
1.0001
0.043529
1.0001
0.998713
0.019039
0.019039
0.952469
0.145492
0.19093
0.19093
0.043529
1.0001
1.0001
1.0001
0.999494
0.049957
0.049957
0.656855
0.656855
1.0001
0.095988
0.004131
0.981571
1.000098
0.987713
0.042732
1.000067
0.396351
0.049686
0.049686
0.049686
0.042732
0.004131
0.005329
0.005329
1.000074
1.000074
1.0001
0.0025
0.0025
0.002337
0.002337
0.000292
0.000292
0.016357
0.003593
0.003593
0.003593
1.0001
1.0001
0.000276
0.232465
1.0001
0.000464
0.000464
0.000637
1.0001
0.010951
0.001038
0.000683
0.000683
0.009708
0.009708
0.009708
0.000637
0.007654
0.007654
0.151078
1.000098
0.000554
0.151078
0.001116
0.001116
0.001116
0.000554
0.08528
0.08528
0.08528
0.125681
0.000285
0.003812
0.000289
0.006997
0.007098
0.007098
0.0028
1.0001
0.000288
0.000288
0.000288
0.000104
0.266301
1.0001
0.000111
0.000111
0.000116
1.0001
0.002381
0.002381
0.000518
1.0001
0.142419
0.99759
1.0001
1.0001
1.0001
0.99759
1.0001
1.0001
1.0001
1.0001
0.179878
0.179878
0.179878
0.033983
0.033983
0.00016
0.00016
0.033983
0.000112
0.033983
1.0001
0.000102
0.990195
0.990195
0.990195
0.990195
0.415999
0.415999
0.131435
0.131435
0.131435
0.131435
0.816067
0.881966
1.0001
0.961402
1.000097
1.000097
1.0001
1.000097
1.000097
1.000097
1.000097
0.019603
0.921426
0.921426
0.017312
0.017312
0.932444
0.309323
0.014743
0.99999
0.996761
0.996761
0.996761
0.998376
0.000794
0.003807
0.003807
0.003807
1.0001
0.001856
0.001856
0.008423
0.008423
0.008423
0.975442
1.0001
0.74577
0.74577
0.120725
0.120725
1.000099
1.000099
0.147594
0.00158
1.0001
0.00179
0.00179
0.003684
0.003684
0.017306
0.000176
0.0815
0.001116
0.001116
0.001116
0.01029
0.000128
0.001199
0.000128
1.0001
0.579701
0.022729
0.026416
0.026416
0.277237
0.000526
0.007084
0.277237
0.000526
0.124165
0.000172
0.001087
0.001087
1.0001
0.001199
0.001199
0.001199
0.103182
0.000293
0.017272
1.0001
0.011208
0.004006
0.605214
0.004006
0.003205
1.000035
0.066536
0.99917
0.066537
0.003717
0.003717
0.942859
0.942859
1.000048
1.000048
0.96983
0.620165
0.96983
0.000479
1.0001
0.000223
0.154075
0.001997
0.001997
1.0001
0.000657
0.026284
0.026284
0.026284
1.0001
0.000122
0.000122
1.0001
0.262003
0.060411
0.196762
0.000996
0.000996
0.000996
0.000996
0.439656
0.439656
0.020193
0.020193
0.020193
0.020193
0.95255
1.0001
0.000185
0.000185
0.000185
0.000185
0.82578
1.0001
0.82578
0.082254
1.0001
0.000356
0.000133
1.0001
0.069027
0.012576
0.012576
0.017504
0.0013
0.0013
0.0013
0.0013
0.0013
0.0013
0.917015
0.017504
0.017504
0.017504
0.707119
0.707119
0.707119
1.0001
1.0001
1.0001
1.0001
1.0001
0.4766
0.4766
0.4766
0.4766
0.4766
0.4766
0.4766
0.4766
0.023678
0.082412
0.082412
0.082412
0.378466
0.378466
0.378466
0.378466
0.378466
0.465732
0.465732
1.000096
0.149956
1.000097
1.000097
1.000097
1.000097
1.000097
1.000097
1.000097
0.025712
0.755593
0.755593
1.000084
0.819993
0.000753
0.093408
1.0001
0.024994
0.024994
0.000372
1.0001
0.000372
0.854306
1.0001
1.0001
0.359703
0.359703
0.359703
0.833747
0.836375
0.836375
0.836375
1.0001
0.836375
1.0001
0.256591
1.0001
0.009847
0.303377
0.856772
0.856772
1.0001
0.00257
0.00257
0.00257
1.0001
1.0001
1.0001
0.956988
0.004267
0.05525
1.0001
0.008942
0.008942
0.035663
0.997734
0.997734
0.927924
0.00646
1.0001
1.000097
0.974999
0.03083
1.000098
1.0001
1.0001
1.000052
0.993119
0.999669
0.999669
0.992491
0.066233
0.066233
0.066233
0.953819
0.497582
0.497582
0.497582
0.003321
0.999971
0.003321
0.003321
0.028902
0.028902
0.028902
0.028902
0.007024
1.000038
1.000038
0.002094
0.001452
0.114015
0.01181
0.001508
0.000633
1.0001
1.0001
0.575649
0.072609
0.974037
0.023843
0.003798
1.0001
0.000156
1.0001
0.000189
0.000858
1.0001
1.0001
1.0001
0.999486
0.999486
0.999486
1.000086
1.000086
1.000086
1.000086
0.915688
0.013222
0.013222
0.013222
0.791257
0.635754
0.635754
0.085738
0.076514
0.076514
0.000513
0.905979
0.905979
0.465328
0.465328
0.172614
0.011159
0.163485
0.257439
0.998518
0.257439
1.0001
0.16111
0.16111
0.16111
0.400864
0.400864
0.16111
0.16111
0.000109
0.10114
0.10114
0.10114
0.021378
0.021378
0.021378
1.0001
1.0001
0.918898
0.499822
0.944567
0.001563
0.944567
0.944567
1.0001
1.0001
0.944567
0.000203
0.944567
1.0001
1.0001
1.0001
1.0001
0.31589
1.0001
0.000213
0.011353
1.0001
1.0001
0.995488
1.0001
0.670169
1.000053
1.000053
1.000053
1.0001
1.0001
0.002505
0.002505
0.002505
0.99662
0.99662
1.0001
0.017359
0.000113
1.0001
0.018575
0.000576
0.000499
0.000499
0.00011
0.014366
1.0001
0.988113
0.988113
0.968802
1.0001
1.0001
1.0001
1.0001
1.0001
1.0001
1.0001
0.942245
0.007354
0.999697
0.999697
0.999697
0.999697
0.999697
0.99987
0.99987
0.963
1.0001
1.000099
0.963
1.0001
0.06203
0.06203
0.06203
0.002826
0.002826
1.0001
0.999047
0.000202
1.0001
0.155622
0.261519
0.261519
0.261519
1.000099
1.000099
0.437347
0.002804
1.000099
1.000099
1.0001
0.819726
0.819726
0.000402
0.000402
1.0001
1.0001
1.0001
0.046759
0.991552
0.991552
0.000645
0.000645
1.0001
0.004622
0.897825
0.897825
1.0001
1.0001
0.06888
0.027272
0.027272
0.027272
0.027272
0.726263
0.008363
0.741467
1.0001
0.741467
1.0001
0.999682
0.822317
1.0001
1.0001
0.144195
1.0001
1.0001
0.016251
0.005408
0.005408
0.531832
0.531832
1.0001
1.0001
1.0001
1.0001
0.922587
1.0001
1.0001
0.000981
0.175422
1.0001
1.0001
1.0001
0.026555
0.004897
0.004897
0.004897
0.026555
0.031616
1.0001
0.994286
0.001035
0.001035
0.001035
0.001035
0.00109
1.0001
1.0001
1.0001
1.0001
0.909105
0.999995
0.125285
0.973378
0.973378
1.0001
1.0001
0.987068
1.0001
1.0001
1.0001
1.0001
1.0001
1.0001
0.999922
0.997568
0.997568
1.0001
1.0001
0.121109
1.0001
1.0001
0.007777
1.0001
1.0001
0.071824
1.0001
0.102602
1.0001
0.015298
1.0001
1.0001
1.0001
1.0001
0.709667
1.000099
1.0001
0.051757
0.717352
0.033801
0.033801
0.033801
1.000098
1.0001
1.000076
1.000076
1.0001
1.000076
1.000076
1.000076
1.0001
1.000076
1.0001
1.0001
1.0001
1.0001
1.0001
0.999738
0.999822
1.0001
1.0001
0.788137
0.806262
0.806262
0.965252
1.0001
1.0001
1.0001
1.0001
1.0001
1.00002
1.0001
1.0001
0.998391
0.078083
1.0001
0.622473
1.0001
0.13042
1.0001
0.001236
1.0001
1.0001
0.014617
1.0001
0.03986
1.0001
0.002152
0.001191
0.986773
1.0001
1.0001
0.95097
1.0001
0.01195
0.002647
0.002647
0.002647
1.0001
1.0001
0.018869
0.850649
1.0001
0.960342
0.960342
0.017247
0.003365
0.003365
0.35498
0.35498
0.35498
0.35498
0.35498
1.0001
1.0001
0.054362
0.01685
0.056693
1.0001
1.0001
0.034523
0.227697
1.000099
0.000189
0.000189
1.000096
1.000096
1.000096
1.000096
0.014209
0.002714
0.001253
1.0001
0.001253
0.001253
0.875618
0.875618
0.717186
0.717186
0.717186
0.717186
1.000087
1.0001
1.0001
0.000129
0.01091
0.001542
0.634969
0.001542
0.362713
0.009687
0.009687
0.009687
1.0001
0.017935
1.0001
0.999814
1.0001
0.097447
0.00061
0.025102
0.025102
1.0001
0.000583
0.000583
0.352079
0.352079
1.0001
1.0001
0.999368
1.0001
1.0001
0.465848
0.615172
0.098164
0.678004
1.0001
0.109541
0.981242
0.109541
0.231619
1.0001
1.0001
1.0001
1.0001
0.987336
0.555432
0.096562
0.279538
1.0001
0.05591
0.05591
1.0001
1.0001
1.0001
1.0001
1.0001
1.0001
1.0001
1.0001
1.0001
1.0001
1.0001
0.001575
0.001575
0.001575
0.000291
0.230392
0.001862
0.001862
0.001862
0.011182
0.073762
0.990279
1.0001
0.001426
0.001426
0.001426
0.947392
1.0001
1.0001
0.911711
1.0001
0.262617
0.999956
0.579084
0.000535
0.000535
0.106045
0.106045
1.0001
1.0001
1.0001
1.0001
1.0001
1.0001
0.998826
0.998826
1.000047
1.0001
1.0001
0.253326
0.290137
0.253331
0.253331
0.253331
0.025392
1.0001
0.014041
0.014041
0.014041
0.014041
0.866639
0.866639
0.866639
0.178056
0.178056
0.973033
0.013053
0.013053
0.013053
1.0001
1.0001
0.001231
0.001231
0.001231
0.134221
0.864241
