0.120638
0.001268
0.20197
0.936334
0.020056
1.000093
0.336492
0.228435
0.99988
0.000498
0.461142
0.977717
0.025548
0.016479
0.015261
0.998155
0.000411
0.002299
0.888683
0.300474
0.046831
0.750661
0.809033
0.002016
0.015553
0.00018
0.972727
0.005767
0.098009
0.126958
0.000819
0.010923
0.938529
0.000932
0.687539
0.81485
0.004833
1.0001
1.000098
0.139134
0.000288
0.003471
0.000884
0.000288
0.999447
0.012509
0.053213
0.55824
0.070532
0.000814
0.000698
0.276822
0.001447
0.983101
0.005307
0.00036
0.598134
1.0001
0.000821
0.00057
0.006938
0.810277
0.781136
0.004902
0.401457
0.000376
0.974581
0.00601
0.980254
0.965128
0.018288
0.007305
0.000664
0.000318
0.000945
0.788822
0.000626
0.004346
0.008863
0.111051
0.001748
1.000067
0.000196
0.00069
0.001513
0.000665
0.042691
0.084913
0.622717
0.09046
0.995161
0.381587
1.000091
0.000376
0.000534
0.001414
0.48882
0.048285
0.982266
0.064897
0.998718
1.000021
0.000311
0.002946
0.110163
0.170601
0.986564
0.639045
0.000616
0.000467
0.958817
0.002732
0.762529
0.999507
0.000335
0.006834
0.571688
0.027026
0.114554
0.118011
0.00036
0.001083
0.003227
0.999532
0.000302
0.998949
0.025223
0.129633
0.000586
0.120704
0.000594
0.000706
0.0005
0.041959
0.000171
0.134834
0.951825
0.999238
0.003393
0.006841
0.003565
0.00026
0.048285
0.087001
1.000052
0.004314
0.538292
0.391414
0.996039
0.744613
0.005258
0.799029
0.990972
0.582796
0.265633
0.000475
0.450579
0.067504
0.002645
0.382398
0.000478
0.000607
0.01819
0.004486
0.028756
0.00059
0.023216
0.00271
0.985064
0.182789
0.999352
0.017964
0.001619
1.000096
0.137539
0.999754
0.003478
0.83772
0.000848
0.000644
0.792906
0.030931
0.000443
0.043395
0.986788
0.019945
0.005399
0.997246
0.9999
0.002633
0.897314
0.001301
0.129782
0.0004
0.981593
0.243972
0.00065
0.000297
0.001741
0.815915
0.916279
0.000156
0.006006
0.783501
1.0001
0.001942
0.999535
0.977925
0.000184
0.208623
0.928038
0.446968
0.001294
0.004542
1.0001
0.002258
0.126901
0.002296
0.065869
0.001856
0.145268
0.344557
0.000378
0.000284
0.000237
0.308411
0.91311
0.99938
0.991041
0.000211
0.008449
0.998691
0.015593
0.053695
0.000191
0.007269
0.001152
0.999727
0.142937
1.000087
1.000095
0.000286
0.00035
0.000439
0.001329
0.046387
0.960456
0.046345
0.052422
1.0001
0.062194
0.019883
0.000797
0.000393
0.000289
0.928617
0.998782
0.999829
1.000031
0.996066
0.999533
0.000371
0.000378
0.007588
0.497029
0.000393
0.002837
0.001228
0.992715
0.986524
0.854457
0.173308
0.01392
1.000095
0.063209
0.860242
0.999921
0.78525
0.000491
0.049865
0.001203
0.002713
0.002787
0.902774
0.096529
0.000809
0.391522
0.000218
1.000063
0.078935
0.000373
0.000279
0.113483
0.244873
0.221914
0.876238
1.0001
0.002314
0.002567
0.340495
0.670017
0.407008
0.000772
0.000277
0.01909
0.104402
1.000088
0.005417
0.734395
0.000419
0.98908
0.012402
0.936149
0.542478
0.000457
0.039954
0.999717
0.069018
0.018382
0.007049
0.85462
0.034282
0.001711
0.020273
0.90541
0.999308
0.734833
0.000929
0.989196
0.934257
0.310323
0.000148
0.00463
0.001769
0.000641
0.297753
0.721032
0.000396
0.001551
0.927771
0.000365
0.000316
0.122595
0.988309
0.527115
0.084509
0.503871
0.160405
0.478864
0.002835
0.000743
0.000216
1.000074
0.008213
0.995746
0.016911
0.000294
0.011429
0.606687
0.000256
0.87978
0.040524
0.004203
0.602867
0.002176
0.7918
0.000429
0.958866
0.770679
0.040417
0.990988
0.122122
0.992823
0.033904
0.000485
0.002021
0.000422
0.687711
0.869069
0.048165
0.001565
0.957527
0.016718
0.001968
0.979626
1.0001
0.005201
0.017469
0.69093
0.00031
0.595879
0.646277
0.137753
0.000204
0.782243
0.027707
1.0001
0.003864
0.997055
0.974375
0.000448
0.601446
0.072438
0.643289
0.622317
0.967372
0.338695
0.668432
0.772088
0.998574
0.01848
1.000096
0.775666
0.978461
0.054331
0.012121
0.944013
0.978706
0.954899
0.155796
0.012447
0.035067
0.182126
0.107558
0.175228
0.869061
0.000636
0.008828
0.001289
0.000869
0.021669
0.007898
0.000783
0.291689
0.002041
1.000068
0.00056
0.0002
0.001614
0.000938
0.049754
0.791015
0.002112
0.01849
0.167076
0.013768
0.000184
0.060941
0.819766
0.472783
1.000093
0.00047
0.858508
0.001246
0.400469
0.001451
0.279715
1.0001
0.000355
0.195082
0.000268
0.66993
0.032307
0.056096
0.042137
0.068253
0.994489
0.621639
0.086786
1.000036
0.106939
0.03286
0.315598
0.757668
0.999304
0.996385
0.578073
0.124085
0.59821
0.994716
0.002757
0.049742
0.998883
0.003403
0.116292
0.801338
0.990807
0.995113
0.997049
0.008058
0.959795
0.967062
0.097372
0.000442
0.011519
0.958512
0.994746
0.02492
0.399333
0.013889
0.000402
0.007003
0.960008
0.004871
0.999431
0.087785
0.522714
0.000229
0.50078
0.574875
0.181482
0.055792
0.007917
0.652221
1.00003
1.0001
0.729656
0.475028
0.000223
0.11332
0.006935
0.000247
0.037224
0.002546
0.230209
0.67603
1.000072
0.087087
0.100128
0.127125
0.99986
0.000379
0.898202
0.037566
0.01027
0.071006
0.786583
0.033423
0.014289
0.95232
0.014785
0.131773
0.710087
0.005958
1.000047
0.002424
0.780386
0.001177
0.999629
0.000725
0.511276
0.061528
0.006597
0.010214
0.009215
0.889695
0.013833
0.99784
0.999911
0.001924
0.724066
0.00137
0.925367
0.007183
0.000474
0.008774
0.000463
0.298274
0.000724
0.128646
0.566188
0.000305
0.000253
0.771639
0.999437
0.5272
0.986511
0.298806
0.13701
0.000278
0.704355
1.000044
0.329643
0.001034
0.000828
0.023001
0.002377
0.03269
0.744254
0.448102
0.586407
0.019615
0.010719
0.988908
0.006145
1.000084
0.000318
0.992259
0.636482
0.51554
0.100121
0.12843
0.004855
0.894904
0.944011
0.001882
0.003626
0.035831
0.740407
0.999502
0.967769
0.000804
0.342422
0.00026
0.922815
0.552532
0.999116
0.001207
0.998968
0.00029
0.044842
0.970335
0.00048
0.996526
0.994332
0.00126
0.000214
0.804937
0.012392
0.008527
0.646026
0.988366
0.000585
0.000424
0.01032
0.942913
0.996598
0.84383
0.000634
0.001606
0.97254
0.000957
0.04694
0.99308
0.007729
0.000254
0.016323
0.036011
0.258086
0.000565
0.015724
0.033967
0.001095
0.000289
0.92148
0.942573
0.639291
0.001921
0.002765
0.281759
0.991075
0.892109
0.996177
0.017933
0.134841
1.00008
0.237491
0.002496
0.92515
0.000501
0.008848
0.000305
0.37218
0.000352
0.593523
0.000661
0.999881
0.000401
0.924882
0.992593
0.014467
0.00032
0.00056
0.998982
0.000629
0.052662
0.983689
0.947985
0.406604
0.704349
1.0001
0.988482
0.476551
0.691741
0.835977
0.005642
0.020478
0.000246
1.000096
0.676252
1.0001
0.005445
0.919334
0.001071
0.000935
0.669906
0.000316
0.962276
0.000383
0.380493
0.020992
0.996897
0.490676
0.654587
0.355248
0.923937
0.966613
0.002088
0.312617
0.001979
0.00148
0.147431
0.157276
0.001515
0.155366
0.996788
0.018762
0.016992
0.000184
0.986224
0.000975
0.959384
0.214037
0.066935
0.027256
0.956228
0.999663
0.005914
0.978938
0.004138
0.000425
0.995848
0.017782
1.000028
0.0275
0.000367
0.722997
0.000322
1.000044
0.218458
0.001255
0.00162
0.023637
0.000257
0.00624
0.00897
0.902084
0.005125
0.001783
0.692197
0.010408
0.089149
0.00076
0.115946
0.000217
0.00036
0.996316
1.000046
0.261213
1.000043
0.611391
0.002167
0.015795
0.010381
0.000589
0.022377
0.172091
0.999853
0.760929
0.050104
0.095863
0.00464
0.04748
0.001717
0.067298
0.604663
0.000476
0.059729
0.986506
0.700377
1.000068
0.969343
0.999352
0.868163
0.029422
0.000483
0.780981
0.999361
0.005212
0.642278
0.000546
0.417428
0.060418
0.820776
0.914888
0.000759
0.880495
0.044855
0.992277
0.000365
0.010173
0.038145
0.000232
1.000097
0.255336
0.000258
0.001119
0.000245
0.951343
0.214442
0.001801
0.000805
0.996015
0.001503
0.999337
1.000091
0.999477
0.939093
0.015377
0.000519
0.999598
0.000722
0.880442
0.030111
0.962536
0.002895
0.792335
0.999741
0.981965
0.000319
0.005171
0.001506
0.284903
0.050778
0.009657
0.998299
0.860356
0.012033
0.001601
0.000837
0.000874
1.000071
0.005359
0.229876
0.000503
0.003251
0.000238
0.990006
0.892029
0.017598
0.994025
1.000085
0.880747
0.000647
0.004168
0.000361
0.001873
0.821251
0.994619
0.002727
0.017884
0.900691
0.996057
0.846321
0.00059
0.297502
0.226748
0.96373
0.124013
0.000367
0.495774
0.998013
0.430262
0.722164
0.065119
0.024108
0.855422
0.000334
0.000489
0.517865
0.001174
0.114881
0.000696
0.565725
0.162268
0.863017
0.00908
0.002667
0.297401
0.000336
0.146521
0.003705
0.003537
0.001468
0.620051
1.000056
0.000316
0.000375
0.002309
0.002985
0.251348
0.994007
0.00036
0.019363
0.000345
0.995357
0.000915
0.000617
0.78644
0.01475
0.076485
0.013263
0.001762
0.000289
0.999048
0.000499
0.995041
1.0001
0.957837
0.95358
0.999539
0.000819
0.000336
0.634728
0.997386
0.464607
0.176096
0.726365
0.010251
0.009328
0.441137
0.984837
0.000504
0.4916
0.000353
0.00028
0.999754
0.002427
0.058129
0.004703
1.0001
0.000529
0.215832
0.158294
0.123435
0.99959
0.816387
0.977818
0.2761
0.005232
0.000408
0.356594
0.999998
1.000078
0.156699
1.0001
0.002016
0.000922
0.835455
1.0001
1.000093
0.028032
0.415367
0.106037
0.00028
0.99925
0.919887
0.000295
0.000777
0.000781
0.044832
0.001142
0.68327
1.0001
0.03509
0.188019
0.000342
0.239027
0.000619
0.020576
0.018753
0.003934
1.000034
0.000918
0.001774
0.003731
0.036667
0.973442
0.810496
0.017123
0.80195
0.087471
0.000423
0.002683
0.008771
0.910194
0.999096
0.0098
0.156183
0.299913
0.98109
0.000338
0.253989
0.094824
0.002511
0.887689
0.892787
0.009882
0.000554
0.96656
0.000321
0.993471
0.936331
0.999226
0.657472
0.000558
0.165677
0.180214
0.000507
0.703463
0.997722
0.99269
0.000517
0.847234
0.966372
0.76778
1.00009
0.020544
0.001024
0.000886
0.010548
0.00303
0.899045
0.014486
0.805376
0.000274
0.000386
0.538752
0.007125
0.00019
0.210907
0.000535
0.999407
0.266262
0.981442
1.000074
0.000659
0.003737
0.002647
0.000297
0.968088
0.055344
0.013149
0.990913
0.024006
0.990632
0.263063
0.035774
0.910426
0.016223
0.878865
0.016867
0.000819
1.0001
0.001482
0.000242
0.001087
0.579863
0.002717
0.000315
0.318869
0.998089
0.001039
0.001781
1.000091
0.004614
0.006739
0.070256
0.00083
0.002184
0.000459
0.017133
1.000087
0.981325
0.00146
0.003877
0.27843
0.000761
0.978874
0.022465
0.000664
0.66655
0.870209
0.000243
0.953042
0.000528
0.005076
0.999538
0.001233
0.173801
0.751943
0.995182
0.938607
0.799811
0.012115
0.000289
0.000936
0.998945
0.047762
0.00229
0.982935
1.000083
0.42952
1.0001
0.047607
0.000311
0.25224
0.001069
1.000031
1.0001
0.258091
0.000823
0.984594
0.734998
0.999947
0.945025
0.069302
0.284535
0.000675
0.006329
0.000539
0.842229
0.01479
0.993979
0.000636
1.000094
0.893767
0.991526
0.050383
0.018409
0.134894
0.007294
0.000505
0.993937
0.02395
0.055385
0.007953
0.000905
0.529476
0.000287
0.987876
0.030668
0.004671
0.00049
0.999628
1.0001
0.965502
0.001469
0.999795
0.000368
0.019925
0.987447
0.054983
0.003851
0.07808
1.000093
0.960823
0.186078
0.773447
0.431041
0.015575
0.000575
0.000363
0.583646
0.000427
0.7404
0.165126
0.04239
0.002027
0.054659
0.987289
0.997015
0.000741
0.000505
0.000406
0.000657
0.515796
0.000248
0.715765
0.008511
0.692695
0.998088
0.012829
0.532439
0.000349
0.000731
0.964215
0.000258
0.975844
0.000436
1.000085
0.782791
0.011446
0.003694
0.494894
0.002417
0.154996
0.406934
0.75812
0.999644
0.000217
0.000614
0.976443
0.998269
0.001432
0.000678
0.004221
0.000518
0.898818
0.000447
0.988409
0.053112
0.998723
0.97888
0.85669
0.000648
0.078606
0.248525
0.244792
0.785281
0.000667
0.903615
0.972631
0.037437
0.048948
0.028365
0.000515
0.546355
0.850754
0.0517
0.932955
0.925929
0.010047
0.881863
0.811324
0.000741
0.000309
1.00008
0.96053
0.296938
0.533706
0.927513
0.447495
0.001365
0.097095
0.151971
0.969551
0.960642
0.021355
0.988255
0.9996
0.000497
0.552154
0.173726
0.981962
0.0125
0.994939
0.992943
0.00041
0.960435
1.0001
0.00023
0.197626
1.000066
0.000324
0.993492
0.015609
1.0001
0.961746
0.852578
0.227391
0.000741
0.982196
0.99851
1.0001
0.000314
0.000657
0.024899
0.115766
0.815341
0.311556
0.593607
0.000689
0.057842
0.000348
0.000218
0.127497
0.261399
0.003987
0.999893
0.247872
0.564676
0.994731
0.032577
0.000915
1.000057
0.285048
0.650773
0.998896
0.000279
0.461629
0.168215
0.000766
0.998196
0.374082
0.000171
0.993234
0.000787
0.187924
0.135789
0.038536
0.990968
0.038188
0.990672
0.04886
0.983721
0.916094
0.013988
0.996409
0.991279
0.079868
0.000337
0.890716
0.000246
0.985847
0.999071
0.00577
0.934024
0.990683
0.965048
0.990549
0.005585
0.000216
0.999948
0.043654
0.313212
0.998501
0.99221
0.989638
0.033377
0.962075
0.008168
0.041576
0.000626
0.000184
0.999905
0.018452
0.900982
0.023007
0.0004
0.000719
1.000088
0.043271
0.981576
0.18522
0.010762
0.998512
0.02432
0.945821
0.352332
0.996019
0.049037
0.000483
0.048073
0.443371
0.333276
0.601864
0.888668
0.026347
0.032922
0.003087
0.015011
0.021696
0.013829
0.667667
0.014298
0.162914
0.027036
0.000892
1.000094
0.036305
0.636625
0.002599
0.848096
0.964102
0.142508
0.998187
0.000257
0.0002
0.00279
0.011542
0.81215
0.000826
0.937881
0.002947
0.698594
0.248235
0.999104
0.000329
0.000224
0.962579
0.000698
0.005218
0.975176
0.264817
1.000097
0.00036
0.000442
0.004933
0.998159
0.996455
0.016195
0.926288
0.000319
0.015933
0.070133
0.002327
0.008482
0.000294
0.034586
0.403092
0.007391
1.000099
0.135317
0.004367
0.995402
0.938978
0.000447
0.000262
0.975021
0.981302
0.995978
0.861803
0.00051
0.001626
0.019289
0.463164
0.603761
0.03772
0.354972
0.512423
0.009849
0.981707
0.99567
0.003823
0.991255
0.001633
0.999783
0.527411
0.028757
0.000251
0.060828
0.181236
0.098769
0.985689
0.999832
0.499412
0.000411
0.346666
0.053464
0.586112
0.895384
0.000275
0.000311
0.03038
0.999863
0.317793
0.014045
0.765954
0.005163
0.000345
0.002931
0.367166
0.005587
0.913428
0.000436
0.000351
0.57511
1.000092
0.001379
0.83831
0.977811
0.054322
0.008036
0.238285
0.469666
0.294393
1.000087
0.000367
0.980663
0.997765
0.046152
0.000257
0.000652
0.999271
0.111854
0.057208
0.001206
0.994983
0.305182
0.047211
0.001053
0.999428
0.00895
1.000099
0.581127
0.013404
0.107273
0.000739
1.000097
0.00086
0.827815
0.000936
0.000516
0.000199
0.848329
0.00034
0.065064
0.999997
0.056969
0.954195
0.997148
0.999606
0.975136
0.427583
0.034672
0.493325
0.998708
0.019449
1.000097
0.188669
1.000092
0.00048
0.320708
0.027653
0.518266
0.000282
0.016085
0.00031
0.000437
0.007573
0.446186
0.998798
0.000394
0.001616
1.00002
0.001866
0.008788
0.999738
1.0001
0.01162
0.011211
0.00274
1.0001
0.000326
0.36937
0.422129
0.000639
0.004575
0.00051
0.986292
0.88507
0.125077
0.998238
0.897901
0.011776
0.29086
0.00093
0.092518
0.000462
0.980905
0.67425
0.48449
0.001279
0.705038
0.020818
0.152432
0.105332
0.880317
0.048285
0.984874
0.680165
0.151233
0.800421
0.016292
0.993973
0.061519
0.835847
0.175964
0.001272
0.002617
0.998178
0.013931
0.47857
1.000097
0.742681
0.003027
0.031114
0.160841
0.000267
0.527725
0.976831
0.968366
0.881398
0.023048
0.000562
0.901152
0.001338
1.000091
0.824158
0.001359
0.958402
0.000279
0.969077
0.876859
0.667221
0.055544
1.0001
0.049478
0.000205
0.000205
1.000023
0.00034
0.002929
0.919232
0.999721
0.567849
0.993589
0.99989
0.992023
0.000223
0.003513
0.999495
0.055184
0.00028
0.241785
0.057638
0.000818
0.579451
0.000375
0.002491
0.772891
0.002261
0.00076
0.92101
0.889352
0.996955
1.000033
0.956577
0.005158
0.000483
0.87727
0.999799
0.093728
0.80441
0.240619
1.0001
0.080578
0.002674
0.002024
0.000786
0.126644
0.01661
0.528788
0.996421
0.000957
0.84922
0.000539
0.92762
0.490486
1.0001
0.994069
0.000887
0.414099
0.000206
0.039973
0.189269
0.002401
0.999688
0.15305
0.000277
0.449419
0.997008
0.041606
0.840623
0.0004
0.951767
0.757675
0.001233
0.803057
0.096956
0.96441
0.999061
0.404198
0.027551
0.000208
0.337031
0.02337
0.028365
0.142443
0.000675
0.011259
0.011207
0.99929
0.019687
0.760156
0.992996
0.000518
0.048718
0.010591
0.999422
0.000629
0.008904
0.007539
0.00018
0.000352
0.000248
0.135893
0.041966
0.002082
0.91066
0.000796
0.028381
0.981889
0.219839
0.000494
0.000716
0.99635
0.004802
0.105415
0.146375
0.000979
0.001059
0.97517
0.000853
0.000497
0.659942
0.048285
0.000866
0.337734
0.692784
0.003641
0.001823
0.930252
0.877149
0.000382
0.000242
0.000292
0.00061
0.996921
0.680676
0.001764
0.002614
0.024198
1.000021
0.315915
0.372727
1.00007
1.000009
0.001228
0.125833
0.001749
0.076483
0.000339
0.000366
0.036208
0.000404
0.233136
0.03193
0.002528
0.727675
0.000307
0.423294
0.000983
1.000097
0.006955
0.029034
0.283582
0.000598
0.46503
0.070506
0.044832
0.000471
0.040097
0.000665
1.000089
0.000319
0.000486
0.30817
0.023781
0.122882
0.571823
0.625346
0.999898
0.10328
0.993983
0.00314
0.000672
1.000092
0.086139
0.003189
0.090763
0.039168
0.000955
0.982106
0.000384
0.35867
0.12698
0.000415
0.998022
0.00037
0.005399
0.001618
0.000436
0.004338
0.999571
0.785794
0.231834
0.000312
0.977155
0.964403
0.000463
0.999399
0.01975
0.317424
0.976941
0.890124
0.992611
0.022971
0.991876
0.000752
0.067329
0.589425
0.649932
0.004061
0.014352
0.01556
0.414932
0.009975
0.000496
0.075503
0.69407
0.014823
0.319845
0.000349
0.989585
0.000427
0.64758
0.678127
0.993717
0.182236
0.000461
1.000027
0.658305
0.713857
0.980982
1.0001
0.000243
0.005423
1.000057
0.999896
0.998252
0.000154
0.023251
0.010519
0.011293
0.351997
0.022893
0.999155
0.022752
1.0001
0.786119
0.846024
0.994808
0.919263
0.00176
0.000786
0.020159
0.636077
0.101784
0.000496
0.880805
0.675341
0.382118
0.002858
0.004837
0.002083
0.965738
0.031278
0.999846
0.000578
0.002228
0.019714
0.004917
0.000561
0.001777
0.079944
0.702736
0.959937
0.378265
0.01276
0.000676
0.037
0.783199
0.971245
0.999626
0.224784
0.001224
0.452102
0.928654
0.007941
0.976937
0.003249
0.002316
0.998388
0.035318
0.578591
0.918791
0.978396
0.991776
0.215398
1.0001
0.909928
0.195282
1.000025
0.000663
0.026159
0.936011
0.07504
0.028748
0.22045
0.002187
0.003484
0.212463
0.000374
0.0835
0.999837
0.124735
0.007857
0.211169
0.000716
0.000721
0.052131
0.000437
0.02468
0.061321
0.767069
0.000637
0.167234
0.008082
0.122352
0.004142
0.000528
0.000656
0.599443
0.208487
0.009026
0.488524
0.000517
0.133025
0.003388
1.0001
0.907647
0.974979
0.695846
1.000094
0.145334
0.342178
0.000217
0.98976
0.003065
0.90661
0.998353
0.986592
0.849026
0.941056
1.0001
0.999457
0.34588
0.181406
0.996711
0.000771
0.001741
0.000407
0.053367
0.115972
0.000223
0.69931
0.001991
0.000233
0.000657
0.979916
0.000285
0.081766
1.0001
0.001495
0.039352
0.600663
0.925563
0.609616
0.170936
0.642243
0.000485
0.005582
0.978883
0.002573
0.874636
0.938831
0.841383
1.000084
0.000383
0.000356
0.006849
0.448192
0.000455
0.000207
0.12914
0.974419
0.007591
0.006543
1.000021
0.676046
0.224889
0.000319
0.99323
0.760538
0.989438
0.950218
0.236204
0.000184
0.170096
0.538271
0.004117
0.956503
0.027008
0.000155
1.0001
0.94009
0.000648
0.011319
0.000232
0.012363
0.000477
1.0001
0.101015
0.0113
0.417877
0.783656
0.855314
0.000775
0.638682
0.99996
0.000381
0.304141
0.986882
0.537545
0.888779
0.33971
0.000562
0.157677
0.017588
0.896071
0.002964
0.005672
0.994153
0.999849
1.000087
0.045253
0.945731
0.000256
0.001042
0.002433
1.00005
0.00049
0.999957
0.999425
0.948931
0.999435
0.992201
0.049781
0.38842
0.999357
0.000681
1.0001
1.000074
0.000438
0.013703
0.687048
0.023796
0.019694
0.616242
0.809727
0.005006
0.00055
0.994544
0.998518
0.866001
0.000406
0.007301
0.003192
0.008606
0.002005
0.37319
0.996294
0.055126
0.794886
0.000478
0.840502
0.043618
0.002691
0.002418
0.007122
0.10471
0.000783
0.001606
0.005962
0.199171
0.999205
0.035001
0.303137
0.963363
0.002454
0.328846
0.000223
0.060318
0.447066
0.009056
0.997542
0.997495
0.000462
0.035019
0.661709
0.004021
0.003289
0.022422
1.000099
0.989094
1.000061
0.461569
0.00032
0.97145
0.342937
0.038038
0.010203
0.888019
0.000386
0.975615
0.999972
0.469191
0.001376
0.952073
0.018084
0.999714
0.190628
0.096291
0.165799
0.000636
0.628139
0.005792
0.048285
0.014921
0.00148
0.00062
0.05237
0.012627
0.000302
0.012187
0.000891
0.978748
0.905642
0.461525
0.024989
0.000724
0.010706
0.002015
0.045503
0.976039
0.100758
0.308197
0.987912
0.000232
0.178861
0.000857
0.050539
0.091089
0.04966
0.999921
0.049065
0.86201
0.984499
0.000237
0.912627
0.000526
0.610702
0.054659
0.996987
0.364331
0.53629
0.020987
0.981316
0.103509
0.563555
0.880916
0.000473
0.999819
0.961807
0.046856
0.142949
0.111797
0.033111
0.996439
0.078926
0.995721
0.055308
0.017469
0.004668
1.000076
0.449571
0.717987
0.861537
0.001944
0.00815
0.994041
0.997397
0.137081
0.000189
1.000082
0.001768
0.000591
0.848632
0.807803
0.798182
0.757906
0.270653
0.994773
0.000623
0.999279
1.00004
0.013097
0.000756
0.550673
0.003693
0.000293
0.902847
0.973394
0.78363
0.873308
0.390459
0.000833
0.835982
0.000295
0.133283
0.000435
0.00159
0.217421
0.791185
0.002347
0.000552
0.97863
0.085514
0.943003
0.053687
0.953891
0.016911
0.708019
0.803474
1.0001
0.108232
0.001723
0.820394
0.827931
1.00003
0.245966
0.72091
0.541939
0.048736
0.052866
0.955496
0.001539
1.0001
0.055179
0.001023
0.003426
0.99162
0.006372
1.0001
0.222967
0.994819
0.517608
0.380656
0.000443
0.952936
0.000303
0.99753
1.000007
0.969059
0.586783
0.5371
0.121324
0.035726
0.000239
1.000078
0.756808
0.000333
0.009792
0.152296
0.996661
0.000388
0.885277
0.003921
0.990366
0.035355
0.0008
0.230726
0.941607
0.001053
0.669702
0.00017
1.000079
0.001176
0.000608
0.008485
0.057261
0.000464
0.954244
0.569667
0.00423
0.064888
0.030675
0.003934
0.005514
0.019347
0.998329
0.956888
0.597382
0.000405
0.95659
0.970934
0.992105
0.469208
0.241864
0.259191
0.37808
0.444938
0.08632
0.916367
0.038841
0.992166
0.00069
0.85929
0.000252
0.002618
0.065195
0.00078
0.000493
0.001265
0.000269
0.720063
0.000276
0.428132
0.000405
0.000333
0.094246
0.998159
0.03748
0.000404
0.311046
0.999702
1.000082
0.00053
0.945323
0.189225
0.0005
0.0004
0.082213
0.000642
0.125691
0.40305
0.923411
1.000068
0.910914
0.00071
0.10765
0.912572
0.044008
0.258898
0.01299
1.00003
0.999539
0.000638
0.999008
0.999964
0.21287
1.000043
0.63625
0.617385
0.99516
0.998571
0.998902
0.002319
0.125154
0.99783
0.000395
0.00103
0.988384
0.859485
0.006431
0.887028
0.000364
0.980105
0.016899
0.597018
0.000419
0.761033
0.000356
0.093687
0.000593
0.076526
0.042274
0.000428
0.346782
0.890074
0.000642
0.000196
0.997712
0.000226
0.001309
0.00658
0.731966
0.602358
0.000331
0.999955
0.958146
0.071732
0.002506
0.991908
0.000935
0.985281
0.998753
0.004871
0.000328
0.000133
1.000099
0.942992
0.000595
0.963237
0.59226
0.702617
0.639893
1.000072
0.09492
0.999596
1.0001
0.990533
0.213048
0.093975
1.000095
0.381941
0.00073
0.005204
0.013396
0.751764
0.002519
0.431996
0.002996
0.001791
0.002851
0.001105
0.000503
0.000582
0.998397
0.8692
0.000455
0.000825
0.969174
0.32768
0.843997
0.579436
0.999902
0.000931
0.516595
0.689004
0.145152
0.998048
0.804653
1.0001
0.777934
0.877674
0.878504
0.000415
0.006198
0.501112
0.027045
0.001298
0.96943
0.184858
0.032388
1.000091
0.014337
0.881961
0.38149
0.285351
0.003695
0.000216
0.92095
0.783742
0.000473
0.999659
0.004936
0.002976
0.999317
0.053535
1.00007
0.999368
0.987744
0.939345
0.000438
0.540845
0.000391
0.022421
0.000626
0.399486
1.000099
0.000297
0.375543
0.973294
0.999935
0.881848
0.823612
0.664209
0.036215
0.010767
0.000229
0.379207
0.000385
0.142311
0.002256
0.999405
0.000163
0.039042
0.098423
1.000087
0.000272
0.998621
0.075037
0.679196
0.000402
0.997485
0.990481
0.392264
0.000433
0.021672
0.345331
0.137323
0.525631
0.107213
0.002979
0.099645
0.954733
0.089485
0.00068
0.997214
0.036384
0.104162
0.747669
0.001399
0.996922
0.112623
0.800522
0.002186
0.822388
0.023876
0.000242
0.019098
0.055255
0.000981
0.000825
0.013038
0.00027
0.996957
0.369556
0.170227
0.007034
0.999719
0.064355
0.000211
0.480909
0.006699
0.08353
0.395307
1.000032
0.000321
0.00573
0.049985
0.058553
0.938293
0.034897
0.000254
0.00024
0.325878
0.992847
0.970664
0.608264
0.766703
0.511314
0.999953
1.00001
0.224942
0.012229
1.000098
0.003186
1.000093
0.990235
0.914349
0.000445
0.019542
1.0001
0.00754
0.553876
0.374281
0.226965
0.67002
0.001169
1.000054
0.995333
0.96544
0.001072
0.092415
0.767385
0.308671
0.99984
0.164704
0.007721
0.000314
0.003735
0.121338
0.875422
0.933106
0.963312
0.544936
1.0001
0.037512
0.000365
0.004324
0.71262
0.951891
0.024979
0.993072
1.00005
0.001373
0.993166
0.877626
0.06935
0.248689
0.009088
1.000079
0.819956
0.001087
0.535471
0.07978
0.000195
0.033764
0.962086
0.086808
0.010511
0.00096
0.864993
0.992384
0.017389
1.000099
0.002086
0.979429
0.000556
1.000099
0.997153
0.001364
0.000432
0.218453
0.996646
0.000423
0.999911
0.045093
0.851234
0.700412
0.329098
0.071479
0.000346
0.128358
0.988153
0.120217
0.520447
0.951989
0.989408
0.781326
0.120992
0.987787
0.000229
0.998685
0.007862
0.113462
0.291506
0.00184
0.745873
0.999484
0.927014
0.935451
0.997083
0.003215
0.000408
0.001792
0.93049
0.001904
0.296771
0.000356
0.9032
0.00707
0.000391
0.002082
0.865393
0.055144
0.942014
0.001124
0.000859
0.890914
1.000091
0.023235
0.032527
0.000364
0.001073
0.01335
0.00022
0.604492
0.000732
0.009125
0.99743
0.999904
0.997373
0.569188
0.000451
1.0001
0.00052
0.104599
1.000092
0.050693
0.262365
0.975944
0.487964
0.886783
0.115147
0.002054
0.484148
0.000958
0.390593
0.315714
1.0001
0.008999
0.996594
0.999926
0.000239
0.951739
0.030627
0.518271
0.002936
0.99981
0.94784
0.003972
0.008853
0.015449
0.292814
0.001063
0.048873
0.954806
0.012742
0.010307
0.000594
0.000371
0.464925
0.000499
0.079492
0.002844
1.0001
1.000007
0.009671
0.505259
0.011361
0.030298
0.275504
0.258123
0.021679
0.999745
0.999901
0.338207
0.994794
0.902325
0.680636
0.095914
0.004447
0.942947
0.000698
0.017728
0.034778
0.662607
0.168431
1.000061
0.000285
0.103816
0.015355
0.296589
0.00045
0.000386
0.922296
1.000073
0.846797
0.003274
0.014339
0.000277
0.000186
0.914311
0.00058
0.699774
0.000531
1.000087
0.856708
0.002637
0.952824
0.020523
0.033014
0.465003
1.000027
0.000582
0.000595
0.000772
0.000982
0.000783
0.007013
0.503984
0.048285
0.455159
0.091067
0.999629
0.001064
0.01417
0.018928
0.029934
0.186958
0.000469
0.629732
0.002655
0.033504
0.875287
0.121865
0.009428
0.000297
0.079842
0.000209
0.040261
0.028661
0.007819
0.917241
0.081191
0.000566
0.000565
0.005051
0.000732
0.971608
0.999296
0.080848
0.000424
0.999561
0.002119
0.964561
1.000095
0.991861
0.003219
0.000229
0.044179
0.000211
0.483985
0.99832
0.313336
0.985452
0.990904
0.000373
0.917212
0.007703
0.022025
0.886879
0.950584
0.00063
0.021144
0.982665
1.000066
0.340732
0.763435
0.038178
0.583724
0.770416
0.999888
0.106644
0.921677
0.999045
0.854371
1.000009
0.003531
0.043598
0.267636
0.541463
0.999228
0.854632
0.000477
0.999174
0.167389
0.996566
0.000369
0.073683
0.985236
0.659802
0.743745
0.988595
0.999506
0.001167
0.819358
0.000179
0.049973
0.998377
0.006226
0.841096
1.000062
0.710989
0.993476
0.055672
0.000478
0.787298
0.813382
0.002456
0.00039
0.26601
0.000552
0.99432
0.260311
0.327608
0.000629
0.485777
0.00154
0.000321
0.000624
0.996952
1.0001
0.951466
0.02576
0.000363
0.173093
0.705877
0.000233
0.000644
0.000509
0.055937
0.725616
0.304119
0.535649
0.00121
0.011793
0.003819
0.202442
0.906229
0.862598
0.00168
0.001951
0.000985
0.264957
0.002091
0.998092
0.009969
0.000195
0.044629
0.000304
1.000063
0.999656
0.007606
0.0112
0.991744
0.547094
1.0001
0.285391
0.00532
0.771347
0.712733
0.877955
0.699824
0.365741
0.00032
0.031863
0.98747
0.328859
0.024859
0.030139
0.89914
0.005221
0.016967
0.999477
1.000008
0.014099
0.033521
0.595569
0.000901
0.048754
0.000848
0.929304
0.998726
0.305584
0.77946
0.004768
0.000461
0.996923
0.009822
0.887706
0.000391
0.995791
0.998742
0.057061
0.00027
0.001602
0.993165
0.000405
0.074733
0.003427
0.241988
0.001574
0.814368
0.994778
0.329922
0.000282
0.000479
0.984261
0.143055
0.420766
0.000184
1.000094
0.003278
0.999182
0.01615
0.87831
0.088573
0.001833
0.001747
0.000636
1.000096
0.000342
0.999708
0.045335
0.858907
1.000076
0.039613
0.71236
0.995522
0.000437
0.988363
0.045396
0.000558
0.076002
0.000743
0.000223
0.001504
0.188139
0.179149
0.042377
0.000709
1.000098
1.0001
0.089682
0.010597
0.005958
0.869889
0.004156
0.002963
0.000203
0.998209
0.565685
0.996134
0.004769
0.018797
0.911128
0.25475
0.997755
0.046916
0.032426
0.001304
0.000736
0.999703
0.000224
0.005154
0.006964
0.015598
0.000197
0.082669
0.054854
0.665595
0.009174
0.162933
0.013361
0.649661
0.999908
0.887203
0.000327
0.005494
0.96918
0.000212
0.999642
0.999206
0.006116
0.29932
0.988034
1.0001
0.000394
0.232933
1.000062
0.998307
0.955419
0.555798
0.994364
0.521893
0.998995
0.994156
0.998198
1.0001
0.095339
0.000453
0.000378
0.820483
0.048489
0.075854
0.034195
0.000468
0.000227
0.899505
0.000254
0.736046
0.249868
0.547795
0.00078
0.999405
0.514459
0.031755
0.964534
0.000352
0.000854
0.761441
0.116035
0.000462
0.00461
0.286746
0.167152
0.99968
0.010767
0.763575
0.182388
0.00033
0.959261
0.934181
0.000713
0.00089
0.989661
0.000255
0.050292
0.000632
0.000653
0.000357
0.000557
0.000273
0.927117
0.99094
0.04891
0.005938
0.956789
0.001458
0.731995
0.000466
0.00049
0.044451
0.000202
0.000896
0.979188
0.147042
0.001861
0.000614
1.000099
0.007674
0.445291
0.94756
0.015158
0.032534
0.26638
0.898023
0.011552
0.437788
0.018262
0.001826
0.002026
0.104023
0.024249
0.935684
0.986398
0.059493
0.94898
0.927083
0.926251
0.981817
0.001575
0.720933
0.951575
0.013456
0.000232
0.998813
0.064361
0.996083
1.000003
0.980342
0.196459
0.064373
0.912574
0.243546
0.035096
0.001614
0.047637
0.041238
0.048285
0.000408
0.591228
0.947939
0.000266
0.000485
0.999988
0.976053
0.247973
0.002114
0.212196
0.011147
0.99195
0.000412
0.467379
0.040605
0.773807
0.084664
0.011407
0.137189
0.000634
0.000388
0.014668
0.999689
0.760958
0.131709
0.004026
0.000376
0.02465
0.009415
0.000275
0.990422
0.000226
0.315664
0.999041
0.000568
1.000098
1.000082
0.016999
0.005292
0.19413
0.01614
0.27841
0.000237
0.048853
0.572982
1.000078
0.009334
0.000379
1.000092
0.000958
0.014924
0.600735
0.162172
0.37803
0.958117
0.021394
0.997156
0.000263
0.999417
0.962044
0.019675
0.149371
0.000554
0.002713
0.000223
0.232714
1.000053
1.000096
0.974792
0.01335
0.421186
0.000376
0.048285
0.232788
0.999383
0.09167
0.085539
0.000306
0.488669
0.2237
0.999542
0.00039
0.280208
0.008528
0.211456
0.288446
0.1223
0.016936
0.113875
0.511361
0.050086
0.999535
0.998925
0.013313
0.002735
0.000292
0.698042
0.003546
0.028922
0.000351
0.273173
0.000277
0.004992
0.151247
0.013703
0.06243
0.153344
0.794053
0.823452
0.000605
0.685555
0.042089
0.41009
1.000047
0.008672
0.969762
0.004606
0.041438
0.000214
0.954716
0.04664
0.000468
0.999831
0.020365
0.244818
0.702872
0.89933
0.992527
0.022939
0.99971
0.483329
0.006943
0.131508
0.469987
0.229901
0.364666
0.01719
1.0001
0.978463
0.26035
0.069621
0.000653
0.008748
0.004407
1.0001
0.018827
0.005132
0.366227
0.018546
0.999078
0.001012
0.000659
0.000323
0.000492
0.297473
0.019744
0.00138
0.060275
0.175396
0.081128
0.997741
0.00023
1.000055
0.004824
0.000318
0.027621
0.406281
0.939256
0.993291
0.00061
0.336065
0.000543
0.295391
0.001594
0.00332
0.019586
0.519433
0.749576
0.995292
0.430516
0.684288
0.293057
0.276977
0.000257
0.959228
0.000382
0.02403
0.000252
0.000184
0.954064
0.000218
1.000072
0.988291
0.023568
0.000532
0.02932
0.386183
0.803253
0.495936
0.011393
1.000095
0.97956
0.950432
0.994988
0.997312
0.008605
0.000334
0.013051
0.190487
0.134327
0.000357
0.002771
0.000369
0.542977
0.999577
0.996062
0.000433
0.99996
0.623005
0.000924
0.281398
0.000401
0.140769
0.004971
0.037913
0.00901
0.000632
0.16246
0.000302
0.00042
0.015175
0.002433
0.004907
0.029902
0.000356
0.029634
0.999702
0.998638
0.007717
0.032264
0.000676
0.969032
0.00032
0.001962
0.424637
0.080263
0.996161
0.000266
0.008966
0.989373
0.000681
0.909492
0.067628
0.065
0.394714
0.048653
0.002991
0.000556
0.000217
0.510502
0.999822
0.000671
0.163945
0.002718
0.95508
0.002433
0.747632
0.001176
0.000452
0.875997
0.000603
0.010562
0.000582
0.081843
1.0001
1.000095
0.001056
0.337544
0.000203
0.995868
0.000437
0.750229
0.000374
0.126987
0.333435
0.66467
0.144988
0.981408
0.002275
0.001264
0.060284
0.223356
0.000313
0.677235
0.003939
0.000762
0.84862
0.123927
0.000571
0.000409
0.000214
1.0001
0.999942
0.001177
0.000977
1.000086
1.000077
0.383194
0.625998
0.999844
0.992424
0.000751
0.999331
0.001168
0.847229
0.352171
0.696885
0.838999
0.000568
0.031996
0.260026
0.000256
0.000268
0.007473
0.996697
0.027968
0.879735
0.37515
0.016576
0.562375
0.001619
0.895509
0.846632
0.048758
0.168786
0.724743
0.004598
0.000292
0.003822
0.01149
0.833262
1.000039
0.998579
0.992612
0.028176
0.055662
0.003633
0.993756
0.833673
0.002442
0.000375
1.000072
0.00639
0.808146
0.999764
0.992798
0.999391
1.000099
0.06197
0.000559
0.062529
0.939503
0.991084
1.000002
0.963193
1.000092
1.000085
0.997362
0.00049
0.17885
0.000895
0.04368
0.056118
0.015508
0.004885
0.99956
0.999675
0.999795
0.090561
0.264949
0.012463
0.01249
0.382092
0.000993
0.998831
0.02582
0.969173
0.014793
0.997521
0.3925
0.000688
0.996567
1.000023
0.918532
0.999522
0.000355
0.896052
0.000724
0.990126
0.004355
0.00037
0.410967
0.001485
0.918209
0.00026
0.000708
0.502221
0.011962
0.000219
0.710184
0.999786
0.388035
0.014665
0.015561
0.398162
0.000463
0.999938
0.999777
0.099462
1.0001
0.935207
0.991862
0.981197
0.024914
0.020194
0.962466
0.999139
1.0001
0.008716
0.999925
0.987184
0.848964
0.926123
0.038669
0.001594
0.438136
0.001008
0.291671
1.000096
0.000401
0.061253
0.882232
0.994222
0.403125
0.128866
0.010786
0.000653
0.013377
0.041125
0.997149
0.000465
0.026411
0.998999
0.001141
0.00037
0.000566
0.030766
0.001394
0.007195
0.47646
0.027861
0.000461
0.000259
0.162774
0.000249
0.000612
0.886071
0.032494
0.938738
0.001246
0.000496
0.000389
0.534466
0.089882
0.075813
1.000098
0.961215
0.010811
0.000485
0.801094
0.973902
0.036256
0.974159
0.001087
0.006055
0.685712
0.252689
0.990787
0.989124
0.054671
0.846303
0.617523
0.000775
1.0001
0.033575
0.009425
0.97144
0.000502
1.0001
0.099675
0.989211
0.522352
0.127609
0.001501
0.994434
0.602533
0.208277
0.000302
1.0001
0.00034
0.000263
0.366781
0.9956
0.086901
0.084596
0.057642
0.244878
0.000149
0.003997
0.970571
0.004426
0.000193
0.002309
0.110165
0.447386
0.037038
0.000509
0.004421
0.417831
0.301598
0.000857
0.977878
0.084728
0.000668
0.986256
0.000908
0.996759
0.007141
0.00152
0.000214
0.00113
0.496368
0.000195
0.000767
0.990971
0.000343
0.762238
1.0001
0.393862
0.000329
0.000256
0.000774
0.9903
0.007584
0.004615
0.000542
0.008598
1.000067
0.038247
0.000711
0.001182
0.003454
0.000157
0.670328
1.000097
0.429763
0.007613
0.336613
0.994042
0.998552
0.006153
0.264984
1.000088
0.000586
0.590594
0.898826
0.879978
0.986247
0.004303
0.999153
0.996985
0.097298
0.329698
0.998794
0.270219
0.005618
0.708273
0.000819
0.201665
1.000092
0.809947
0.453023
0.186132
0.565615
0.000211
0.983697
0.002969
0.90636
0.000745
0.0006
0.90664
0.000863
1.0001
0.008655
0.998065
0.956965
0.997865
0.003611
0.744317
0.554517
1.000084
0.008015
0.294995
0.988869
0.992125
0.98699
0.996689
0.0004
0.293881
0.012534
0.998743
0.676024
0.662571
0.003682
0.267315
0.966228
0.083315
0.999791
0.029733
1.000049
0.005459
0.950477
0.000621
0.407854
0.928796
0.999904
0.976837
0.003709
0.751336
0.000289
0.001036
0.104913
0.000574
0.000702
0.014626
0.000284
0.5992
0.269509
0.999066
0.004408
1.000078
0.000321
