0.084344
0.086368
0.123065
0.181549
0.188177
0.283169
0.296984
0.088505
0.09187
0.103854
0.552346
0.613435
0.765521
0.756552
0.770977
0.774761
0.759372
0.833995
0.77835
0.174701
0.226017
0.66292
0.542534
0.802782
0.278663
0.527083
0.551702
0.724874
0.937797
0.641981
0.21188
0.230472
0.291442
0.877276
0.767208
0.600871
0.325883
0.455243
0.33687
0.340354
0.343522
0.346416
0.226404
0.0917
0.397689
0.689788
0.35197
0.49417
0.160758
0.527173
0.191014
0.280075
0.504539
0.217271
0.730865
0.328138
0.348862
0.373726
0.380722
0.388643
0.39409
0.398992
0.403434
0.76306
0.338701
0.46897
0.087467
0.263826
0.67444
0.914745
0.173272
0.835909
0.533293
0.427522
0.958687
0.923633
0.460477
0.982588
0.997051
0.990078
0.878468
0.961654
0.857481
0.99548
0.737042
0.6982
0.255887
0.814959
0.886165
0.88966
0.392161
0.731797
0.965811
0.885072
0.80064
0.882845
0.952232
0.990365
0.676223
0.734279
0.79034
0.862647
0.427487
0.973913
0.834276
0.59596
0.599654
0.452071
0.975641
0.880504
0.92077
0.577569
0.440419
0.451355
0.951943
0.977519
0.691954
0.453908
0.849706
0.365798
0.650055
0.988531
0.566837
0.270231
0.597003
0.394432
0.746467
0.429366
0.435698
0.958484
0.67833
0.560055
0.645968
0.565757
0.411878
0.891961
0.605006
0.780881
0.779542
0.261715
0.119789
0.809656
0.136937
0.160136
0.180769
0.209734
0.979189
0.368426
0.292504
0.302627
0.311813
0.320198
0.327891
0.334982
0.341545
0.347643
0.353327
0.358642
0.363627
0.368313
0.372731
0.376904
0.380854
0.3846
0.388159
0.391546
0.394775
0.397858
0.400804
0.403625
0.406328
0.408921
0.411412
0.998348
0.968035
0.904474
0.575293
0.940078
0.72609
0.868271
0.405714
0.860672
0.836427
0.977254
0.994383
0.880444
0.825675
0.86424
0.982244
0.840481
0.714354
0.729479
0.849759
0.818856
0.979525
0.679698
0.997323
0.639016
0.70647
0.938597
0.99244
0.988812
0.383386
0.990411
0.91406
0.531812
0.477136
0.79624
0.805843
0.99746
0.955009
0.713685
0.362298
0.997062
0.554124
0.981826
0.996523
0.856938
0.858744
0.858957
0.482648
0.979939
0.326833
0.955617
0.95113
0.655037
0.908039
0.8414
0.725041
0.865854
0.998572
0.824722
0.867402
0.995001
0.817164
0.939942
0.699894
0.812136
0.982996
0.507432
0.396499
0.541822
0.834875
0.850418
0.622719
0.538747
0.993548
0.556376
0.981079
0.568972
0.877053
0.976337
0.975484
0.432437
0.840449
0.976853
0.939132
0.477565
0.759828
0.603271
0.429738
0.957861
0.933158
0.942327
0.990956
0.539337
0.969988
0.912463
0.769805
0.999587
0.975107
0.714233
0.984282
0.495659
0.630942
0.515287
0.515088
0.695977
0.811095
0.975522
0.657519
0.994714
0.494588
0.972899
0.828404
0.445549
0.701372
0.575118
0.980839
0.54433
0.878783
0.858794
0.948765
0.799133
0.979862
0.822025
0.914527
0.729892
0.543784
0.869292
0.797041
0.944516
0.494576
0.602201
0.507833
0.51164
0.750186
0.863402
0.586481
0.662964
0.462918
0.833902
0.545779
0.75146
0.795974
0.954471
0.986564
0.879559
0.71131
0.319516
0.979963
0.8377
0.764383
0.926193
0.798896
0.790826
0.561426
0.618383
0.972406
0.640874
0.999871
0.944219
0.810655
0.873069
0.754816
0.977229
0.811855
0.713391
0.923123
0.968942
0.455324
0.778965
0.998734
0.978812
0.931421
0.995189
0.910434
0.383417
0.992175
0.635249
0.789455
0.890997
0.703869
0.375143
0.706874
0.831616
0.500933
0.836147
0.640494
0.535727
0.541015
0.545924
0.550496
0.504845
0.73168
0.828102
0.983416
0.751315
0.557006
0.518168
0.633432
0.490507
0.441494
0.762849
0.463161
0.63175
0.778544
0.252865
0.451652
0.456012
0.526557
0.507177
0.471591
0.511967
0.249373
0.254885
0.259878
0.833233
0.362658
0.496045
0.245543
0.253463
0.35296
0.357293
0.424168
0.247359
0.258409
0.267782
0.707379
0.464086
0.453169
0.331704
0.80416
0.696963
0.662411
0.665169
0.667729
0.670115
0.672343
0.315993
0.691991
0.411343
0.13865
0.930689
0.928531
0.992826
0.98722
0.740922
0.391344
0.079599
0.08611
0.091593
0.94964
0.680718
0.865782
0.752798
0.996152
0.666758
0.263306
0.749177
0.300326
0.664884
0.955609
0.237871
0.250347
0.134244
0.345354
0.138064
0.311799
0.204209
0.217047
0.10649
0.997924
0.683627
0.685351
0.211988
0.236077
0.269934
0.288471
0.500117
0.756464
0.598266
0.998736
0.477454
0.724118
0.990148
0.985895
0.818356
0.999411
0.957435
0.078365
0.995147
0.995551
0.937647
0.914514
0.996471
0.962938
0.983396
0.98295
0.932558
0.984833
0.406864
0.541938
0.998329
0.94765
0.768113
0.961838
0.656728
0.616392
0.98507
0.912403
0.1539
0.785151
0.679303
0.738723
0.29277
0.979152
0.291605
0.373617
0.985246
0.939809
0.4077
0.960298
0.556185
0.283139
0.173121
0.945663
0.193763
0.359799
0.784822
0.961765
0.73576
0.226972
0.858366
0.863398
0.568381
0.845703
0.820173
0.464379
0.638129
0.983278
0.677151
0.820417
0.617206
0.674075
0.610029
0.486851
0.785923
0.292759
0.86941
0.483032
0.996489
0.247919
0.375055
0.221172
0.135001
0.147044
0.205082
0.194713
0.619273
0.363574
0.357897
0.147548
0.311742
0.18699
0.677896
0.272087
0.284646
0.298076
0.157284
0.578618
0.103473
0.122505
0.139687
0.155233
0.996941
0.29451
0.308146
0.139496
0.85364
0.756342
0.990284
0.783515
0.244645
0.56669
0.706944
0.954598
0.985482
0.239043
0.938159
0.54545
0.967767
0.927534
0.11191
0.712975
0.131829
0.767174
0.95687
0.721583
0.933459
0.962211
0.410139
0.101888
0.609158
0.702604
0.51711
0.960164
0.11288
0.620715
0.308187
0.201874
0.126038
0.775341
0.980939
0.181359
0.16632
0.998356
0.291202
0.319306
0.09543
0.104741
0.317405
0.459832
0.0836
0.090137
0.099758
0.110347
0.119138
0.076888
0.08288
0.996308
0.468138
0.97256
0.773479
0.516938
0.276828
0.568086
0.972023
0.998489
0.932618
0.992086
0.98839
0.993453
0.983732
0.592797
0.996263
0.376291
0.696632
0.674129
0.494677
0.685066
0.989552
0.829098
0.598375
0.615478
0.879442
0.414408
0.859918
0.313456
0.422633
0.804511
0.078043
0.088977
0.099677
0.110098
0.07475
0.07988
0.084498
0.088686
0.092574
0.270576
0.998761
0.974976
0.221164
0.95257
0.893137
0.126499
0.140627
0.649568
0.142386
0.152994
0.420442
0.050015
0.071414
0.07304
0.286771
0.08752
0.068077
0.082786
0.158858
0.092197
0.980597
0.470332
0.073892
0.081444
0.116533
0.948713
0.315092
0.89182
0.648356
0.084372
0.089669
0.094325
0.39461
0.947198
0.823004
0.399087
0.934643
0.921425
0.091481
0.89272
0.272456
0.284855
0.97733
0.079285
0.967374
0.125468
0.459776
0.783494
0.078879
0.321964
0.396339
0.331631
0.085257
0.545811
0.361103
0.167218
0.319501
0.894275
0.984013
0.288871
0.140633
0.081966
0.177588
0.10352
0.069278
0.07301
0.084009
0.079905
0.167069
0.082222
0.066298
0.073054
0.083393
0.082231
0.118717
0.092067
0.4034
0.123819
0.089067
0.09291
0.845596
0.169233
0.983769
0.081621
0.205631
0.082536
0.948955
0.717518
0.352385
0.139243
0.199697
0.124251
0.134417
0.144099
0.160827
0.162483
0.787845
0.261908
0.198484
0.078762
0.085161
0.979799
0.094159
0.959699
0.756641
0.371379
0.289707
0.75821
0.083719
0.194933
0.998188
0.187657
0.365311
0.121336
0.13194
0.183195
0.527586
0.162173
0.076148
0.081951
0.062835
0.075829
0.071829
0.077316
0.081922
0.085867
0.089302
0.274954
0.301251
0.998959
0.89537
0.327838
0.672873
0.626035
0.749923
0.780437
0.842717
0.372875
0.567178
0.39258
0.949969
0.495703
0.41323
0.732164
0.428737
0.434278
0.953459
0.062036
0.073432
0.081505
0.09026
0.099004
0.106996
0.114972
0.12209
0.128498
0.134309
0.195602
0.158869
0.357613
0.198625
0.185279
0.200815
0.203595
0.998663
0.838239
0.99671
0.985582
0.947493
0.330327
0.500115
0.993975
0.991094
0.842502
0.878911
0.980293
0.67796
0.992782
0.978833
0.075246
0.995942
0.358879
0.446596
0.849782
0.0741
0.241275
0.915519
0.575475
0.161672
0.552042
0.327547
0.96863
0.954993
0.926067
0.996472
0.896018
0.980851
0.999569
0.989544
0.961113
0.987296
0.999524
0.96338
0.99925
0.979092
0.993293
0.946001
0.70915
0.908956
0.928752
0.79518
0.356414
0.997502
0.959988
0.955921
0.06903
0.974623
0.927271
0.94932
0.801734
0.970178
0.764576
0.886522
0.963769
0.972961
0.971646
0.932261
0.988534
0.999265
0.954945
0.995819
0.944508
0.964058
0.897532
0.927439
0.952644
0.891361
0.879025
0.980753
0.915589
0.855384
0.85596
0.837085
0.999984
0.431143
0.067653
0.978259
0.919005
0.962141
0.36572
0.763019
0.957526
0.659942
0.229738
0.367492
0.916514
0.473704
0.323141
0.883642
0.648959
0.963673
0.997605
0.521492
0.185615
0.144087
0.990034
0.979563
0.826
0.947474
0.365516
0.679402
0.41736
0.427325
0.987506
0.623211
0.108355
0.662486
0.083075
0.090489
0.097216
0.308141
0.176706
0.9268
0.074715
0.995116
0.4852
0.112252
0.073391
0.555066
0.793852
0.064816
0.072541
0.091119
0.226639
0.128154
0.142269
0.391681
0.747566
0.996551
0.05229
0.150717
0.079446
0.139896
0.255801
0.950206
0.314489
0.988372
0.341982
0.851651
0.073863
0.49302
0.09186
0.165546
0.119657
0.959525
0.498585
0.619262
0.083724
0.132139
0.704705
0.288928
0.214566
0.707508
0.256267
0.961189
0.425387
0.367482
0.981494
0.778152
0.436479
0.867774
0.994777
0.687915
0.629826
0.068296
0.24663
0.378568
0.994911
0.062912
0.340491
0.908768
0.918371
0.873443
0.11878
0.105758
0.115484
0.124749
0.133573
0.539542
0.152069
0.159726
0.552632
0.084502
0.329082
0.34472
0.074258
0.155636
0.08907
0.116322
0.074188
0.99897
0.963369
0.995529
0.753229
0.78676
0.990708
0.791388
0.998021
0.479702
0.334803
0.878722
0.796052
0.710683
0.961089
0.97909
0.967623
0.999534
0.969314
0.999662
0.882429
0.847836
0.968011
0.09788
0.995258
0.516973
0.975834
0.975699
0.875302
0.825988
0.838803
0.9841
0.363621
0.061372
0.990569
0.886209
0.482247
0.614046
0.801545
0.595542
0.979212
0.953764
0.862047
0.250961
0.110023
0.075448
0.799694
0.901831
0.836187
0.682879
0.483857
0.095706
0.202608
0.127542
0.125647
0.136323
0.414471
0.153717
0.768751
0.985201
0.994795
0.626427
0.919607
0.892859
0.352724
0.377187
0.260623
0.29935
0.513265
0.967834
0.79702
0.814435
0.936652
0.655428
0.107828
0.217221
0.842021
0.064003
0.435263
0.536725
0.834969
0.409948
0.406439
0.099606
0.604709
0.926358
0.082142
0.13661
0.058788
0.426918
0.169513
0.249136
0.811158
0.143988
0.099711
0.673359
0.096045
0.104389
0.112451
0.120234
0.12774
0.134978
0.163342
0.728375
0.732228
0.73589
0.739378
0.267269
0.24459
0.106078
0.083537
0.072115
0.998888
0.796838
0.959933
0.994614
0.944733
0.993943
0.577211
0.387513
0.930603
0.17095
0.89098
0.989284
0.569878
0.686907
0.102262
0.654094
0.47779
0.164287
0.952105
0.885022
0.91949
0.986381
0.992879
0.224975
0.649594
0.542803
0.105631
0.410654
0.921507
0.619096
0.726776
0.065949
0.07402
0.721501
0.902969
0.926938
0.83677
0.95352
0.633507
0.529883
0.450248
0.075466
0.349613
0.509037
0.186769
0.093885
0.271695
0.339222
0.295578
0.657232
0.068216
0.089146
0.255007
0.102256
0.184109
0.205563
0.128414
0.278212
0.290084
0.301297
0.311901
0.594932
0.397177
0.337609
0.346225
0.672753
0.075576
0.098731
0.097214
0.084096
0.0765
0.942069
0.90975
0.868118
0.499005
0.382121
0.951822
0.746551
0.936288
0.912746
0.546515
0.998369
0.746309
0.798139
0.493818
0.796263
0.686874
0.189622
0.129841
0.6412
0.84782
0.893901
0.584291
0.988399
0.787829
0.944846
0.860689
0.877133
0.874234
0.783314
0.862371
0.781541
0.672345
0.623976
0.630606
0.63695
0.643025
0.648846
0.654429
0.659789
0.691758
0.670196
0.674949
0.219799
0.175236
0.07903
0.815471
0.906445
0.999961
0.320969
0.211855
0.86258
0.143993
0.150002
0.24514
0.158679
0.155076
0.067196
0.086189
0.697288
0.10417
0.071815
0.481801
0.772602
0.990487
0.062642
0.169777
0.16798
0.972646
0.54969
0.841909
0.131703
0.582673
0.559312
0.52253
0.743353
0.612493
0.071785
0.076619
0.081095
0.957086
0.85592
0.794537
0.548715
0.972082
0.683356
0.13544
0.423529
0.093903
0.306931
0.108616
0.402104
0.07289
0.077288
0.081286
0.075782
0.080112
0.970205
0.998523
0.904167
0.907964
0.620315
0.077891
0.492113
0.080856
0.201265
0.087438
0.090664
0.073547
0.373658
0.080972
0.063336
0.0676
0.071549
0.075221
0.16237
0.878698
0.237996
0.11946
0.072458
0.8725
0.078699
0.283732
0.123309
0.114917
0.069223
0.556125
0.109794
0.969401
0.099904
0.077052
0.21366
0.895283
0.134081
0.069756
0.983062
0.728251
0.287819
0.228634
0.32283
0.999268
0.969562
0.215239
0.793123
0.928958
0.308562
0.26524
0.77411
0.922025
0.241475
0.067804
0.072312
0.100215
0.071195
0.186767
0.063261
0.953895
0.86453
0.729954
0.940034
0.967639
0.996427
0.847062
0.142109
0.107733
0.97727
0.518702
0.867661
0.971146
0.653782
0.645886
0.501955
0.676075
0.146654
0.87499
0.834949
0.901221
0.997206
0.433768
0.323751
0.233292
0.245821
0.257587
0.932779
0.173177
0.405554
0.258034
0.087121
0.105994
0.180625
0.089343
0.270884
0.100768
0.802349
0.703517
0.993946
0.450077
0.692438
0.623402
0.880808
0.229836
0.818367
0.970783
0.450798
0.223187
0.174056
0.470364
0.245973
0.139693
0.310783
0.148615
0.132609
0.268077
0.428932
0.337385
0.43996
0.887016
0.135529
0.225575
0.160696
0.682037
0.179558
0.19004
0.200067
0.410944
0.218128
0.174981
0.110876
0.541815
0.148751
0.158193
0.167234
0.175893
0.184187
0.192136
0.199758
0.20707
0.21409
0.220834
0.227317
0.117505
0.06532
0.298201
0.11184
0.160031
0.244789
0.060145
0.092938
0.096588
0.099301
0.101677
0.103783
0.048411
0.053097
0.056335
0.075141
0.064783
0.059161
0.058251
0.058992
0.065406
0.069712
0.072968
0.075555
0.096358
0.080393
0.081894
0.083203
0.068174
0.072776
0.07646
0.066592
0.07097
0.074471
0.077363
0.07981
0.08192
0.083765
0.08838
0.093073
0.08996
0.091111
0.135745
0.110151
0.063637
0.058854
0.892466
0.063156
0.059137
0.051463
0.055469
0.06016
0.063717
0.069194
0.074236
0.078285
0.055565
0.060376
0.064028
0.066938
0.069334
0.071357
0.069041
0.076908
0.083379
0.088836
0.093529
0.097628
0.101251
0.796211
0.127523
0.06766
0.075221
0.107451
0.141093
0.102358
0.114415
0.864437
0.60187
0.149163
0.157854
0.514876
0.897403
0.079159
0.160478
0.163626
0.220961
0.138975
0.561825
0.24424
0.422842
0.364008
0.2588
0.835469
0.64068
0.83644
0.087038
0.091069
0.094779
0.09821
0.10497
0.385067
0.258084
0.127252
0.133678
0.139871
0.189458
0.091531
0.095436
0.157869
0.106204
0.227846
0.121269
0.059119
0.053128
0.059003
0.063515
0.067139
0.48795
0.114705
0.170873
0.11772
0.1119
0.940045
0.093796
0.072855
0.383435
0.951665
0.428474
0.063143
0.065015
0.070015
0.111774
0.997579
0.082937
0.06793
0.0756
0.077661
0.10501
0.078073
0.081838
0.085115
0.088006
0.090583
0.092901
0.095002
0.096919
0.074066
0.097752
0.082844
0.06946
0.074071
0.078215
0.08197
0.076888
0.059232
0.075152
0.06221
0.067674
0.052607
0.224202
0.060224
0.06451
0.083521
0.070691
0.073099
0.075177
0.076996
0.078607
0.052371
0.057167
0.046165
0.050769
0.052621
0.059464
0.064778
0.069081
0.072668
0.075725
0.078375
0.080705
0.082776
0.084634
0.086315
0.087846
0.089248
0.09054
0.091735
0.092845
0.09388
0.094849
0.06771
0.07312
0.064717
0.067731
0.06194
0.065814
0.058072
0.061563
0.064552
0.043346
0.077443
0.058211
0.061606
0.069837
0.045253
0.04965
0.05322
0.056204
0.058752
0.060964
0.062911
0.056176
0.061307
0.065211
0.068327
0.057672
0.085294
0.987111
0.8238
0.234971
0.949247
0.426771
0.691496
0.834492
0.677704
0.96618
0.937287
0.880946
0.52039
0.989092
0.863681
0.715905
0.068475
0.068059
0.825811
0.434728
0.951793
0.929245
0.505308
0.970835
0.738142
0.467327
0.311018
0.9421
0.32625
0.068488
0.147491
0.603634
0.10308
0.067598
0.066088
0.501067
0.061979
0.071471
0.317924
0.062945
0.135939
0.065411
0.989688
0.993968
0.939466
0.908612
0.950437
0.202527
0.793266
0.284403
0.178481
0.055628
0.061634
0.190442
0.76975
0.862616
0.993735
0.277386
0.994816
0.941185
0.93287
0.838172
0.358374
0.706003
0.778748
0.35258
0.050567
0.494252
0.082643
0.343768
0.903361
0.918097
0.977255
0.313999
0.81936
0.969104
0.316224
0.206614
0.783081
0.053599
0.06374
0.072494
0.080148
0.086914
0.374626
0.136412
0.985613
0.191272
0.062886
0.153005
0.83181
0.131526
0.975693
0.10308
0.205534
0.104568
0.166304
0.112393
0.586473
0.251366
0.161028
0.090331
0.284466
0.192062
0.153534
0.334767
0.798841
0.173045
0.182954
0.104703
0.510465
0.72438
0.261591
0.094444
0.188052
0.619937
0.440821
0.082564
0.180225
0.256857
0.074307
0.160256
0.085921
0.325009
0.069886
0.073983
0.078205
0.074182
0.137487
0.082348
0.070922
0.090634
0.059478
0.061823
0.08233
0.220813
0.073333
0.063977
0.050859
0.051865
0.065487
0.094331
0.071933
0.081497
0.087194
0.062477
0.073351
0.558951
0.964659
0.787742
0.583584
0.976359
0.154183
0.987199
0.070258
0.326396
0.979183
0.783226
0.822597
0.534955
0.084698
0.39388
0.454269
0.0647
0.070978
0.288728
0.385939
0.157678
0.069917
0.178173
0.053053
0.074946
0.898986
0.734742
0.468033
0.933945
0.543736
0.818615
0.913008
0.084768
0.163418
0.055225
0.095483
0.194443
0.533923
0.61438
0.681331
0.283556
0.359132
0.441014
0.106724
0.288177
0.429675
0.179549
0.188158
0.422678
0.073614
0.079569
0.372432
0.359043
0.274503
0.231002
0.266935
0.082142
0.085732
0.08903
0.073336
0.204298
0.063468
0.067728
0.071673
0.180986
0.070635
0.074904
0.078879
0.176128
0.740634
0.054377
0.47311
0.373354
0.208208
0.251412
0.515437
0.269505
0.315923
0.168781
0.088701
0.484053
0.97924
0.101301
0.122876
0.143318
0.663036
0.17124
0.557163
0.434047
0.73008
0.236165
0.676135
0.238204
0.249604
0.863099
0.269251
0.960948
0.760172
0.445649
0.071042
0.242642
0.075098
0.190728
0.070872
0.093902
0.532644
0.072764
0.078417
0.084256
0.616474
0.140559
0.092198
0.095859
0.105109
0.91013
0.912728
0.078138
0.966751
0.368986
0.076307
0.260392
0.083009
0.063599
0.271284
0.398814
0.090188
0.077429
0.082561
0.087245
0.091544
0.163967
0.374897
0.475548
0.952228
0.6513
0.587235
0.540799
0.863588
0.205595
0.21841
0.293365
0.390637
0.660184
0.466374
0.27284
0.68272
0.29273
0.302486
0.311909
0.469866
0.331147
0.355354
0.349656
0.357585
0.365251
0.603672
0.379173
0.24254
0.309885
0.410844
0.360166
0.267892
0.411054
0.314861
0.587766
0.903237
0.368669
0.692458
0.996956
0.863706
0.958857
0.951354
0.26566
0.673951
0.831098
0.084884
0.294911
0.952707
0.970345
0.46723
0.538659
0.090135
0.716833
0.732609
0.860427
0.933416
0.689615
0.122959
0.517957
0.986166
0.392583
0.068942
0.184938
0.077831
0.084434
0.242293
0.77753
0.867673
0.681654
0.119175
0.128449
0.787124
0.338336
0.428089
0.886347
0.879318
0.147618
0.065153
0.072074
0.111816
0.082901
0.377387
0.269172
0.126138
0.199598
0.153272
0.568473
0.1789
0.191157
0.20296
0.887037
0.128732
0.144634
0.193573
0.173539
0.187842
0.201591
0.547022
0.224491
0.291507
0.148895
0.295839
0.535841
0.523566
0.752245
0.861128
0.402727
0.701087
0.755528
0.695556
0.089214
0.27285
0.07661
0.081701
0.090331
0.430444
0.104732
0.067574
0.072093
0.111294
0.115683
0.279007
0.073082
0.077735
0.130497
0.080504
0.454362
0.475975
0.97529
0.554027
0.247973
0.086931
0.070109
0.372234
0.660997
0.106245
0.386737
0.120859
0.129334
0.11869
0.05879
0.133173
0.059703
0.06594
0.779414
0.396992
0.166412
0.118477
0.131171
0.144765
0.182259
0.255085
0.131158
0.219381
0.230409
0.079357
0.258111
0.085754
0.149614
0.096152
0.103757
0.119678
0.127533
0.135221
0.142739
0.368713
0.058639
0.349535
0.233831
0.057437
0.074095
0.076172
0.081694
0.234756
0.061077
0.143835
0.092928
0.727033
0.372698
0.978818
0.984376
0.345165
0.271485
0.159582
0.242868
0.836308
0.506394
0.669842
0.917638
0.446285
0.552472
0.185195
0.509913
0.829465
0.296194
0.73026
0.504366
0.327905
0.488526
0.491924
0.101818
0.433149
0.109683
0.108534
0.174859
0.943773
0.555951
0.115479
0.129189
0.155227
0.168446
0.181118
0.694134
0.20057
0.211628
0.326835
0.126004
0.137654
0.14848
0.15856
0.167968
0.176768
0.166459
0.177385
0.187716
0.197493
0.206755
0.66871
0.133363
0.946175
0.973061
0.493516
0.272729
0.1818
0.597711
0.693239
0.983744
0.340834
0.879614
0.780708
0.960035
0.30325
0.227867
0.41781
0.246038
0.503336
0.266941
0.275011
0.314914
0.963649
0.901646
0.071724
0.075688
0.079399
0.073549
0.080138
0.339152
0.12047
0.061176
0.540466
0.079493
0.070859
0.19243
0.133231
0.074586
0.282314
0.096977
0.086155
0.090022
0.491131
0.094687
0.108288
0.447592
0.163559
0.326591
0.808114
0.876326
0.595955
0.296628
0.269766
0.968927
0.160055
0.94954
0.608535
0.098768
0.898596
0.621076
0.296762
0.080104
0.50124
0.736075
0.204541
0.284589
0.848518
0.98716
0.881506
0.385587
0.305096
0.578096
0.270561
0.654125
0.506975
0.076658
0.07126
0.251415
0.220114
0.207663
0.259498
0.805563
0.191344
0.222707
0.252723
0.155136
0.164875
0.852458
0.476677
0.209355
0.684525
0.186892
0.20245
0.111552
0.082449
0.372645
0.25086
0.34287
0.493896
0.280013
0.289363
0.298402
0.307143
0.315596
0.323771
0.33168
0.339333
0.548674
0.352749
0.359701
0.366438
0.372968
0.210229
0.078511
0.071486
0.081787
0.086561
0.09736
0.082814
0.566786
0.087469
0.286109
0.450933
0.176848
0.081823
0.901125
0.120063
0.189245
0.211903
0.124191
0.631852
0.846252
0.793361
0.749619
0.667213
0.321828
0.432194
0.457882
0.118284
0.178553
0.203508
0.116636
0.108369
0.116165
0.123608
0.29207
0.079791
0.084888
0.076199
0.081941
0.087218
0.09209
0.101494
0.23551
0.233791
0.139288
0.235145
0.145259
0.154037
0.260879
0.221528
0.725752
0.084933
0.068813
0.313548
0.978439
0.078027
0.082364
0.086385
0.090127
0.951867
0.318109
0.077145
0.263472
0.450186
0.820861
0.298278
0.521314
0.727218
0.322771
0.971415
0.447319
0.075284
0.376496
0.384079
0.387302
0.509124
0.292863
0.279484
0.650471
0.649388
0.774627
0.455127
0.518955
0.067811
0.244706
0.42748
0.264438
0.27444
0.425067
0.292902
0.302117
0.31108
0.319797
0.328273
0.336514
0.344528
0.35232
0.359896
0.367264
0.37443
0.381401
0.388182
0.39478
0.401201
0.65061
0.41373
0.419654
0.523279
0.432694
0.438159
0.505511
0.976518
0.820131
0.645363
0.348575
0.351552
0.988614
0.949676
0.500203
0.394233
0.287486
0.828894
0.234761
0.229821
0.3725
0.952981
0.148433
0.475844
0.430852
0.152406
0.534774
0.273251
0.879776
0.630645
0.904116
0.219057
0.195993
0.380124
0.577482
0.744676
0.112462
0.738924
0.166966
0.247598
0.17085
0.099251
0.337425
0.364552
0.322559
0.401524
0.467853
0.149097
0.137622
0.983762
0.09367
0.109439
0.313733
0.125973
0.179749
0.147854
0.666618
0.625272
0.197557
0.205944
0.351185
0.221398
0.65014
0.160396
0.171555
0.182138
0.148941
0.161115
0.824567
0.748758
0.508984
0.383585
0.543384
0.399339
0.407321
0.899815
0.735537
0.869443
0.311457
0.155341
0.164594
0.178008
0.190484
0.202108
0.212962
0.227692
0.358383
0.805692
0.259012
0.271028
0.282365
0.293075
0.303207
0.312803
0.321905
0.330549
0.824646
0.894067
0.172854
0.200651
0.096507
0.229848
0.08393
0.087858
0.091391
0.100233
0.086729
0.086973
0.126262
0.073415
0.082249
0.089962
0.34734
0.531982
0.103502
0.075093
0.992459
0.925677
0.415488
0.238009
0.743684
0.092709
0.671444
0.20858
0.064134
0.420092
0.553449
0.478045
0.194061
0.06636
0.059005
0.060564
0.070322
0.061626
0.905032
0.798397
0.980433
0.440795
0.332409
0.105509
0.507412
0.06887
0.073089
0.0755
0.613072
0.121122
0.760898
0.068908
0.088988
0.075465
0.069149
0.073583
0.812081
0.604092
0.939231
0.543392
0.993583
0.155608
0.077326
0.14494
0.343634
0.341727
0.633303
0.067384
0.054571
0.229405
0.058498
0.06343
0.073261
0.054288
0.059228
0.063665
0.058593
0.053747
0.162479
0.153825
0.461477
0.169033
0.177744
0.055804
0.831098
0.782134
0.334135
0.977294
0.146515
0.391105
0.068209
0.768516
0.072281
0.0771
0.081432
0.085357
0.088937
0.092221
0.095249
0.273353
0.302874
0.696917
0.140426
0.094817
0.181438
0.168274
0.072368
0.076633
0.080599
0.0843
0.087765
0.091017
0.084811
0.088801
0.096294
0.103661
0.110887
0.117966
0.071127
0.077718
0.083494
0.088615
0.064451
0.069616
0.20015
0.348112
0.139391
0.151163
0.162464
0.326358
0.661576
0.186029
0.195489
0.204569
0.213288
0.221662
0.731096
0.171935
0.926578
0.069677
0.268468
0.942633
0.963483
0.678664
0.272179
0.178921
0.15798
0.622549
0.097333
0.109103
0.254714
0.340927
0.249198
0.243349
0.903919
0.078881
0.084003
0.743566
0.228291
0.756964
0.151911
0.473912
0.184925
0.087883
0.754866
0.07944
0.083681
0.242827
0.094238
0.102538
0.110672
0.118626
0.126391
0.433017
0.190421
0.496636
0.613846
0.119258
0.08759
0.105307
0.082315
0.290659
0.08874
0.157022
0.125066
0.079135
0.083917
0.902372
0.576371
0.2902
0.173884
0.187817
0.595708
0.258086
0.222291
0.234253
0.923335
0.252374
0.845604
0.268992
0.278834
0.288314
0.604957
0.777914
0.619348
0.62801
0.636109
0.668551
0.65074
0.657443
0.66376
0.669723
0.871499
0.82418
0.682771
0.68765
0.692291
0.696711
0.700926
0.70495
0.708796
0.712476
0.716
0.719378
0.72262
0.725733
0.728726
0.731606
0.734378
0.845085
0.87404
0.924347
0.744015
0.787856
0.862532
0.750637
0.752746
0.900169
0.756968
0.865076
0.760996
0.853223
0.765211
0.766903
0.768548
0.770147
0.771703
0.300426
0.411658
0.40432
0.457762
0.350581
0.891976
0.571818
0.104174
0.117027
0.557934
0.245358
0.363156
0.268436
0.075894
0.124655
0.147412
0.405943
0.078312
0.073333
0.078318
0.81418
0.21918
0.206416
0.621056
0.178011
0.190149
0.363072
0.118781
0.079723
0.106749
0.227443
0.060246
0.108769
0.193134
0.922707
0.141497
0.320435
0.081432
0.074378
0.916874
0.518392
0.091094
0.168113
0.074242
0.087564
0.095186
0.074606
0.079207
0.083493
0.087501
0.204486
0.255125
0.890757
0.891495
0.605318
0.429045
0.31654
0.326225
0.065283
0.459966
0.349566
0.809466
0.52675
0.343993
0.188857
0.717702
0.303676
0.084446
0.105763
0.084744
0.110572
0.118371
0.12601
0.186954
0.143885
0.095106
0.106155
0.11676
0.126919
0.136637
0.145929
0.154812
0.373147
0.168524
0.176274
0.183698
0.914669
0.335523
0.06322
0.134626
0.156982
0.430532
0.320587
0.824151
0.903092
0.073339
0.190533
0.113476
0.242271
0.989108
0.211243
0.507635
0.202574
0.327448
0.226335
0.550753
0.28836
0.129628
0.135092
0.092143
0.106507
0.120013
0.088112
0.118187
0.074527
0.641155
0.080331
0.623596
0.200644
0.078717
0.147085
0.200628
0.160186
0.070198
0.077743
0.084206
0.061684
0.070285
0.077589
0.08406
0.073733
0.075111
0.080086
0.084473
0.088381
0.091896
0.063482
0.071589
0.065174
0.072488
0.078496
0.068928
0.064566
0.08247
0.087352
0.065892
0.073322
0.087206
0.063644
0.075788
0.084197
0.078024
0.144362
0.083548
0.120947
0.069848
0.071671
0.070587
0.076879
0.075745
0.074724
0.113944
0.100454
0.224244
0.199384
0.917236
0.157673
0.057132
0.069706
0.108754
0.346074
0.099984
0.307806
0.125565
0.11207
0.114108
0.79001
0.69125
0.064464
0.200766
0.155655
0.481154
0.074961
0.082054
0.088077
0.161743
0.097282
0.101342
0.19345
0.085708
0.061258
0.06776
0.073664
0.079055
0.084003
0.099914
0.116259
0.131677
0.146174
0.159786
0.172565
0.184567
0.195851
0.206472
0.216483
0.225932
0.234865
0.171194
0.07338
0.298809
0.069494
0.074988
0.080054
0.084745
0.089104
0.094649
0.069978
0.433304
0.077311
0.081813
0.167432
0.166321
0.073154
0.07771
0.081674
0.201983
0.088218
0.091385
0.094345
0.168636
0.099323
0.058683
0.131105
0.061359
0.077375
0.112623
0.074967
0.147218
0.775222
0.991727
0.943243
0.7977
0.792251
0.818493
0.646228
0.562016
0.573178
0.76463
0.745667
0.731226
0.609441
0.618439
0.915431
0.633868
0.64181
0.649426
0.656735
0.776128
0.67091
0.973413
0.68302
0.689011
0.694776
0.700328
0.836093
0.711667
0.716621
0.954011
0.727092
0.840818
0.853169
0.955481
0.746603
0.824926
0.754292
0.757871
0.761337
0.788569
0.844289
0.80901
0.848804
0.778345
0.781209
0.831715
0.786839
0.789461
0.140005
0.071149
0.066711
0.078591
0.238424
0.290322
0.36877
0.674773
0.12135
0.626197
0.514289
0.904205
0.144439
0.752475
0.212096
0.147986
0.090106
0.098054
0.106057
0.890012
0.727758
0.511966
0.214899
0.091409
0.080124
0.376352
0.18891
0.078602
0.083742
0.069254
0.08812
0.069226
0.072044
0.26278
0.273375
0.559834
0.588066
0.182802
0.271995
0.248497
0.339766
0.969675
0.211446
0.831514
0.384761
0.056174
0.063614
0.657475
0.221952
0.40297
0.093811
0.094795
0.241503
0.090693
0.135492
0.109291
0.119547
0.226633
0.891585
0.069364
0.378962
0.07192
0.056432
0.073643
0.078219
0.21551
0.076105
0.071483
0.155143
0.068986
0.089222
0.122958
0.071274
0.052897
0.058901
0.06948
0.066344
0.373927
0.266408
0.063849
0.542119
0.630519
0.121311
0.648784
0.25986
0.23183
0.082738
0.968616
0.223375
0.424073
0.246398
0.99004
0.051974
0.07628
0.074582
0.071437
0.225397
0.100559
0.074159
0.604501
0.065636
0.06964
0.857446
0.07618
0.089973
0.75304
0.374778
0.111313
0.06608
0.061772
0.133332
0.065219
0.070132
0.07458
0.061501
0.065902
0.06994
0.071012
0.085178
0.155916
0.181136
0.493742
0.077372
0.067874
0.077415
0.069682
0.101015
0.078124
0.075731
0.080699
0.070094
0.063818
0.163992
0.069209
0.083603
0.210965
0.106113
0.068603
0.05974
0.064486
0.051949
0.077494
0.088091
0.546007
0.132926
0.143859
0.948739
0.159156
0.169156
0.17889
0.188356
0.197555
0.206488
0.39206
0.467129
0.132398
0.064839
0.06937
0.103051
0.294956
0.087732
0.075233
0.147464
0.086081
0.126352
0.609213
0.071355
0.076624
0.124225
0.084983
0.088953
0.066359
0.063362
0.231152
0.806926
0.147273
0.060147
0.065644
0.058875
0.064316
0.053616
0.060852
0.052729
0.057463
0.060745
0.056241
0.063886
0.084892
0.075988
0.055442
0.059998
0.083914
0.068113
0.070206
0.135497
0.81062
0.387133
0.623175
0.119485
0.879551
0.130102
0.064489
0.152559
0.299238
0.130343
0.063832
0.055263
0.066481
0.084205
0.067386
0.069577
0.071262
0.075887
0.07996
0.057779
0.08618
0.051243
0.055677
0.058806
0.057332
0.069194
0.154563
0.048751
0.053924
0.059791
0.051929
0.058736
0.050492
0.05522
0.636451
0.266654
0.289656
0.290649
0.051737
0.077495
0.086781
0.055494
0.059809
0.053743
0.058143
0.168426
0.08632
0.276152
0.582061
0.066943
0.107071
0.062915
0.069589
0.103836
0.566963
0.120486
0.927718
0.212817
0.198271
0.067428
0.063228
0.723152
0.060623
0.052792
0.221271
0.078469
0.083617
0.293735
0.068594
0.045037
0.234678
0.083503
0.088345
0.149961
0.161614
0.653684
0.056816
0.06444
0.071093
0.076969
0.082211
0.086928
0.091205
0.303111
0.083502
0.063207
0.06677
0.070249
0.060537
0.09717
0.202896
0.835889
0.130765
0.104301
0.056105
0.127722
0.08857
0.074486
0.072235
0.092444
0.080736
0.084717
0.170514
0.091064
0.094379
0.435555
0.105128
0.112167
0.119073
0.12584
0.132464
0.067597
0.063165
0.068477
0.075735
0.102198
0.085456
0.089764
0.06905
0.074378
0.079113
0.08336
0.0872
0.090697
0.080255
0.059903
0.612932
0.257821
0.989055
0.543782
0.247569
0.31739
0.379568
0.356523
0.08227
0.147511
0.13794
0.12174
0.264371
0.698775
0.538395
0.06706
0.085658
0.089785
0.096385
0.077493
0.074125
0.448251
0.12244
0.080824
0.086473
0.070512
0.077985
0.07561
0.071252
0.075908
0.147149
0.082141
0.085444
0.312517
0.375024
0.197687
0.102236
0.189881
0.088387
0.095359
0.1043
0.113045
0.121578
0.052764
0.150885
0.064173
0.070334
0.075571
0.080103
0.08408
0.401426
0.077199
0.082319
0.086725
0.087609
0.081086
0.074709
0.065764
0.220247
0.274447
0.118434
0.178521
0.099354
0.666576
0.402862
0.059726
0.101022
0.195945
0.576704
0.259657
0.064662
0.084336
0.150619
0.094753
0.097143
0.099358
0.063719
0.068079
0.072005
0.068327
0.051438
0.324658
0.140771
0.155549
0.168633
0.092579
0.938531
0.263961
0.542816
0.248142
0.206877
0.10377
0.306035
0.063377
0.099374
0.071926
0.487114
0.192542
0.071578
0.556048
0.749269
0.173863
0.082242
0.192512
0.492911
0.079139
0.261026
0.396115
0.211192
0.221608
0.23168
0.314302
0.072949
0.19553
0.07324
0.095596
0.131554
0.082176
0.299397
0.124954
0.077141
0.083474
0.059549
0.051137
0.059235
0.064093
0.060345
0.06477
0.073974
0.072106
0.060292
0.059791
0.065222
0.065247
0.485727
0.321421
0.22821
0.63862
0.248146
0.225241
0.159809
0.167947
0.282075
0.183869
0.471931
0.069062
0.50058
0.075548
0.21283
0.066004
0.166388
0.127301
0.234642
0.707674
0.073601
0.959062
0.069327
0.391393
0.076052
0.556906
0.063371
0.302342
0.080202
0.051836
0.058471
0.064238
0.069317
0.073837
0.05136
0.057668
0.076165
0.151715
0.315327
0.061134
0.067435
0.414928
0.052746
0.057877
0.066312
0.048605
0.064337
0.069922
0.171125
0.055951
0.055547
0.067054
0.216125
0.778078
0.07299
0.11362
0.078437
0.051592
0.065915
0.096167
0.129324
0.091549
0.172873
0.06838
0.068648
0.052376
0.080106
0.084506
0.45598
0.087769
0.246285
0.08731
0.398763
0.578431
0.176138
0.488241
0.081113
0.070724
0.076288
0.072479
0.070547
0.063572
0.285663
0.078986
0.575238
0.066048
0.07349
0.235204
0.252344
0.072935
0.069524
0.074194
0.08145
0.079183
0.075319
0.237088
0.127432
0.069324
0.065813
0.072221
0.077436
0.067772
0.605352
0.236206
0.148658
0.262028
0.07545
0.070542
0.062461
0.066042
0.573531
0.213209
0.431288
0.438834
0.063554
0.086448
0.370582
0.798435
0.2243
0.259599
0.312724
0.141568
0.413782
0.814335
0.202878
0.110136
0.121408
0.166199
0.222463
0.100276
0.077389
0.199476
0.085112
0.069764
0.253171
0.088871
0.117018
0.098384
0.081848
0.123649
0.084348
0.096562
0.12412
0.132477
0.252224
0.140359
0.110306
0.64602
0.164763
0.086691
0.07652
0.08039
0.151555
0.08821
0.089781
0.458435
0.121946
0.183001
0.291574
0.165613
0.12066
0.126369
0.139369
0.125524
0.108474
0.085948
0.124738
0.098818
0.105714
0.25315
0.079437
0.073494
0.070796
0.084515
0.067269
0.072117
0.07641
0.063272
0.0792
0.09095
0.110951
0.117862
0.069783
0.073911
0.07771
0.081222
0.06139
0.085764
0.088603
0.091293
0.096668
0.102454
0.108124
0.113674
0.119105
0.094337
0.095377
0.101305
0.107104
0.055975
0.060795
0.065196
0.072393
0.079626
0.080769
0.087006
0.092411
0.790826
0.258038
0.070399
0.188688
0.219193
0.391452
0.083358
0.445308
0.163475
0.129809
0.140232
0.149389
0.15842
0.285465
0.176259
0.18485
0.193279
0.201542
0.209636
0.217562
0.225317
0.232904
0.240323
0.247575
0.454458
0.260991
0.333636
0.320173
0.281943
0.333841
0.294946
0.896923
0.309133
0.314887
0.320509
0.326004
0.331373
0.329362
0.694659
0.12909
0.072164
0.055976
0.062808
0.226323
0.78759
0.209307
0.073048
0.073995
0.077995
0.616003
0.235487
0.35553
0.626062
0.880988
0.559803
0.435318
0.087954
0.107803
0.115605
0.237272
0.09419
0.105909
0.121139
0.156203
0.161663
0.102106
0.727654
0.182518
0.073922
0.077993
0.081802
0.05871
0.063357
0.067576
0.071432
0.068743
0.058252
0.296756
0.144474
0.067441
0.070762
0.073756
0.390269
0.077301
0.113741
0.094421
0.10631
0.117653
0.267055
0.245623
0.148003
0.327335
0.108063
0.116258
0.124104
0.232185
0.136485
0.103329
0.27761
0.160362
0.073278
0.076933
0.234224
0.157366
0.104844
0.089879
0.092635
0.095254
0.097745
0.10132
0.106818
0.112212
0.1175
0.122682
0.156754
0.121748
0.109068
0.635913
0.104317
0.073044
0.0669
0.070294
0.073357
0.465225
0.077723
0.080076
0.082251
0.468081
0.151651
0.158719
0.16555
0.172152
0.302638
0.183718
0.189683
0.195456
0.201046
0.206459
0.174268
0.089197
0.093281
0.100721
0.107966
0.195608
0.141379
0.280175
0.11032
0.26565
0.190364
0.600943
0.148715
0.158915
0.168894
0.178643
0.188154
0.197425
0.206455
0.215245
0.223798
0.232117
0.240206
0.248071
0.255718
0.263151
0.270378
0.277405
0.284237
0.290881
0.802563
0.303051
0.309169
0.315124
0.320921
0.462274
0.332951
0.338303
0.456953
0.47933
0.537985
0.359594
0.364301
0.368892
0.373371
0.377744
0.382013
0.386182
0.46472
0.647298
0.675347
0.066992
0.071373
0.075371
0.079041
0.124777
0.081335
0.067703
0.067664
0.764744
0.147544
0.125066
0.230196
0.415521
0.188617
0.109779
0.0859
0.318611
0.09823
0.106493
0.114606
0.122555
0.130332
0.13793
0.229573
0.170849
0.071213
0.075589
0.253689
0.283993
0.100098
0.068814
0.074754
0.34287
0.431155
0.138642
0.076342
0.068588
0.079923
0.083156
0.086224
0.089937
0.084899
0.077779
0.073308
0.078494
0.603014
0.860121
0.242559
0.58309
0.127344
0.204224
0.150475
0.844846
0.713613
0.225505
0.708391
0.118398
0.081308
0.24662
0.076545
0.066277
0.291339
0.075961
0.539327
0.187484
0.080548
0.06828
0.068648
0.073786
0.078434
0.071199
0.072967
0.142862
0.068702
0.077271
0.076103
0.243377
0.269178
0.090352
0.078687
0.072806
0.077977
0.25198
0.059297
0.296593
0.246475
0.256409
0.265989
0.275228
0.284141
0.292739
0.301037
0.676363
0.315116
0.322593
0.077944
0.063566
0.049296
0.05014
0.055059
0.07953
0.060047
0.15481
0.083579
0.086989
0.09244
0.099738
0.106944
0.114046
0.121034
0.127902
0.134642
0.141253
0.456994
0.084594
0.160265
0.087921
0.081948
0.554922
0.181178
0.190677
0.19993
0.165656
0.174016
0.182158
0.190083
0.097747
0.10915
0.334597
0.128112
0.12932
0.099249
0.106904
0.114447
0.121867
0.129155
0.404937
0.086652
0.941485
0.311501
0.24462
0.969673
0.904438
0.147591
0.16377
0.179111
0.640239
0.215868
0.452975
0.434221
0.084771
0.093247
0.110704
0.126528
0.08171
0.076761
0.073548
0.083991
0.126966
0.084661
0.081882
0.086579
0.063663
0.227946
0.188662
0.076533
0.290166
0.839181
0.418546
0.695298
0.152282
0.165256
0.075998
0.09183
0.469972
0.080705
0.089485
0.072996
0.053147
0.061363
0.067837
0.073131
0.077579
0.081392
0.146373
0.067342
0.343687
0.075671
0.080858
0.085328
0.089238
0.0927
0.095797
0.09859
0.101128
0.209131
0.105914
0.108603
0.109872
0.054962
0.061858
0.067602
0.069237
0.078058
0.085064
0.092117
0.103665
0.114314
0.124155
0.133275
0.14175
0.149648
0.157028
0.203675
0.173498
0.179604
0.185362
0.190802
0.195954
0.200842
0.206973
0.211384
0.215589
0.088763
0.066051
0.075229
0.07941
0.083196
0.086648
0.089814
0.092733
0.095435
0.097948
0.073855
0.080036
0.074128
0.32098
0.152123
0.060237
0.066053
0.071298
0.078382
0.08288
0.113987
0.089913
0.137311
0.152636
0.113237
0.272563
0.264978
0.092203
0.895199
0.224603
0.825305
0.112496
0.875971
0.718142
0.065004
0.52889
0.092764
0.399019
0.106892
0.069337
0.072915
0.102489
0.079239
0.067025
0.073079
0.078511
0.076516
0.080985
0.069397
0.076647
0.080512
0.147556
0.164136
0.139128
0.409365
0.367142
0.156293
0.288966
0.328841
0.201949
0.087163
0.076139
0.067713
0.073409
0.078497
0.257416
0.07094
0.744717
0.103267
0.233071
0.073474
0.079657
0.085177
0.090149
0.094659
0.059776
0.065334
0.06564
0.071032
0.061545
0.066721
0.071438
0.082803
0.371891
0.180087
0.217065
0.577654
0.216235
0.63302
0.142027
0.057976
0.085799
0.068215
0.073599
0.078486
0.133999
0.086228
0.10159
0.080881
0.069138
0.187929
0.235141
0.523591
0.169371
0.602636
0.190791
0.080775
0.084727
0.053074
0.083087
0.086441
0.18777
0.067494
0.07204
0.076251
0.080165
0.351364
0.715514
0.055057
0.06241
0.068826
0.074492
0.474546
0.090078
0.099122
0.181122
0.07924
0.0618
0.077506
0.082708
0.029655
0.031206
0.031908
0.03238
0.032726
0.032995
0.033989
0.034123
0.028339
0.028359
0.030312
0.030694
0.034423
0.037091
0.038211
0.039035
0.039676
0.040195
0.040627
0.040994
0.041311
0.025466
0.025295
0.025196
0.045143
0.053028
0.081717
0.068647
0.071034
0.045394
0.051796
0.049798
0.051237
0.056478
0.053096
0.053941
0.044976
0.045391
0.047424
0.0491
0.044976
0.049492
0.054696
0.052417
0.050736
0.045361
0.05181
0.048019
0.049292
0.055092
0.045116
0.045482
0.045952
0.047671
0.049021
0.050149
0.125423
0.044482
0.046489
0.048066
0.049253
0.050247
0.051095
0.066037
0.071279
0.084192
0.075134
0.077667
0.07971
0.092371
0.083701
0.085033
0.086222
0.059381
0.068252
0.080026
0.096697
0.112037
0.126132
0.139094
0.15104
0.162079
0.172308
0.181814
0.190673
0.198952
0.206709
0.213994
0.220851
0.274256
0.237009
0.242774
0.24824
0.253434
0.258376
0.263087
0.267582
0.271879
0.27599
0.27993
0.283708
0.287337
0.290825
0.294182
0.297415
0.300531
0.303538
0.306442
0.309248
0.311962
0.314588
0.317132
0.319597
0.321988
0.324307
0.326559
0.328747
0.330874
0.332941
0.060664
0.0705
0.104838
0.080511
0.084681
0.147068
0.106632
0.111828
0.152309
0.123126
0.126894
0.130337
0.133502
0.139505
0.142168
0.144647
0.146964
0.195405
0.15327
0.15686
0.158626
0.160297
0.19802
0.166102
0.167503
0.168838
0.170114
0.171775
0.172938
0.174054
0.175125
0.176155
0.177146
0.178101
0.179021
0.214051
0.183827
0.184627
0.185402
0.186152
0.186878
0.187583
0.039192
0.035961
0.037065
0.037876
0.039762
0.040823
0.035604
0.03682
0.037712
0.038405
0.038964
0.03943
0.034703
0.035932
0.036832
0.038226
0.039048
0.039688
0.040206
0.046836
0.040844
0.041167
0.033557
0.035295
0.034432
0.032485
0.034692
0.035963
0.036894
0.037616
0.034344
0.041855
0.045174
0.03881
0.044281
0.046642
0.041809
0.048506
0.050022
0.044455
0.0509
0.041438
0.045079
0.047435
0.03881
0.039069
0.040367
0.041259
0.041925
0.03881
0.043926
0.03963
0.043337
0.045865
0.053433
0.053246
0.05607
0.056797
0.061252
0.048549
0.038328
0.055881
0.064483
0.075723
0.072886
0.074825
0.036007
0.036007
0.045905
0.049888
0.046819
0.042773
0.04726
0.052706
0.050133
0.051175
0.052067
0.053043
0.053717
0.042213
0.068665
0.063666
0.057878
0.065103
0.051592
0.069587
0.076526
0.082252
0.112283
0.091173
0.051702
0.056908
0.063997
0.057544
0.133391
0.289556
0.080065
0.112647
0.080858
0.084691
0.088027
0.090968
0.093588
0.051801
0.057068
0.060726
0.081167
0.06022
0.229651
0.68325
0.29358
0.105126
0.14089
0.116904
0.160812
0.076941
0.138516
0.089443
0.172682
0.089686
0.092761
0.095502
0.099161
0.103958
0.108431
0.112615
0.116541
0.230051
0.220289
0.20514
0.107819
0.086826
0.091531
0.100182
0.108549
0.080657
0.086389
0.832413
0.800003
0.106122
0.087215
0.106471
0.312047
0.122267
0.249888
0.143409
0.099687
0.174863
0.099201
0.383272
0.092768
0.182444
0.10859
0.117119
0.1253
0.133145
0.077745
0.085571
0.091957
0.259528
0.101493
0.064271
0.0628
0.151235
0.165839
0.182739
0.195959
0.074579
0.074335
0.080337
0.085788
0.207215
0.103253
0.102582
0.077837
0.094778
0.416337
0.07003
0.073153
0.078592
0.074369
0.064289
0.072922
0.163826
0.082928
0.105948
0.091548
0.183913
0.100854
0.108767
0.116238
0.123299
0.129983
0.136318
0.465277
0.173839
0.093021
0.185351
0.081101
0.086569
0.059136
0.103493
0.244881
0.224795
0.102577
0.112519
0.122028
0.131113
0.139791
0.083488
0.087386
0.091834
0.099581
0.107109
0.114412
0.121492
0.128351
0.134993
0.141424
0.147651
0.15368
0.077114
0.081325
0.098145
0.087617
0.285179
0.138896
0.067168
0.743099
0.754808
0.075017
0.079164
0.082968
0.086475
0.089722
0.069921
0.074613
0.078901
0.101176
0.08582
0.089193
0.076967
0.078619
0.249144
0.062707
0.14959
0.151652
0.090352
0.083305
0.626558
0.641301
0.437483
0.72796
0.449721
0.074813
0.383621
0.06959
0.13487
0.333695
0.155341
0.167842
0.381783
0.142011
0.621235
0.122142
0.066847
0.071037
0.074854
0.078351
0.133099
0.143009
0.152584
0.058815
0.063767
0.817145
0.238809
0.078716
0.091963
0.096274
0.095741
0.242338
0.056211
0.062276
0.183737
0.058415
0.064137
0.1039
0.166098
0.082796
0.086921
0.091987
0.052496
0.130404
0.73432
0.113263
0.169304
0.070902
0.134411
0.238922
0.063994
0.091653
0.095038
0.074888
0.129102
0.054822
0.071967
0.075622
0.07903
0.082219
0.128199
0.067011
0.191416
0.246953
0.13168
0.141881
0.085191
0.084246
0.26988
0.818354
0.071291
0.450564
0.494473
0.076321
0.70594
0.137663
0.197629
0.357733
0.38356
0.622955
0.087502
0.160822
0.13987
0.142204
0.222857
0.100479
0.063026
0.720768
0.826817
0.141208
0.07879
0.082468
0.380315
0.10681
0.065113
0.086145
0.090005
0.093554
0.098169
0.083739
0.10663
0.073249
0.325802
0.94857
0.193856
0.082768
0.086646
0.094489
0.496526
0.219199
0.064624
0.057377
0.066884
0.074427
0.080626
0.085852
0.090345
0.094266
0.281568
0.211192
0.106881
0.12025
0.133136
0.145517
0.157386
0.168751
0.179624
0.190024
0.167961
0.265656
0.132842
0.066889
0.074006
0.085703
0.097303
0.121403
0.119789
0.130709
0.141337
0.151659
0.209514
0.073805
0.370399
0.305409
0.060091
0.068007
0.335782
0.408683
0.07132
0.078724
0.083598
0.098752
0.249914
0.07711
0.116852
0.057095
0.062854
0.060522
0.06841
0.075275
0.081324
0.086709
0.051591
0.064144
0.05211
0.062025
0.063914
0.069291
0.081228
0.679569
0.264701
0.067324
0.073743
0.178812
0.082579
0.059485
0.079627
0.079168
0.077261
0.081233
0.129325
0.094516
0.0576
0.118961
0.073489
0.197135
0.257195
0.604351
0.412771
0.070129
0.058533
0.062955
0.057336
0.062289
0.066611
0.137562
0.392702
0.06531
0.076229
0.085213
0.098065
0.085503
0.068663
0.068065
0.074893
0.08091
0.073614
0.238245
0.07664
0.104195
0.114165
0.140608
0.234964
0.150373
0.141982
0.15656
0.288247
0.17763
0.189917
0.464999
0.208643
0.684228
0.1701
0.462749
0.087395
0.110831
0.119413
0.057683
0.072386
0.054521
0.244167
0.079683
0.057453
0.063346
0.068685
0.211194
0.077728
0.051933
0.058848
0.069652
0.058331
0.065502
0.111762
0.052361
0.05626
0.062898
0.078697
0.082841
0.086675
0.242742
0.062711
0.067869
0.072472
0.09471
0.079212
0.082647
0.085801
0.088712
0.091412
0.093925
0.096272
0.06959
0.074081
0.078177
0.090797
0.063456
0.069127
0.412521
0.07614
0.080524
0.084597
0.078786
0.082853
0.086704
0.090357
0.096143
0.059723
0.067239
0.071155
0.418442
0.213492
0.307906
0.300223
0.070016
0.209782
0.121352
0.062002
0.106999
0.114567
0.121983
0.087678
0.143756
0.07494
0.071916
0.163344
0.097049
0.174702
0.112262
0.075967
0.11042
0.084693
0.161513
0.120651
0.341406
0.106065
0.063184
0.062948
0.06816
0.054643
0.060472
0.065636
0.154386
0.057317
0.062911
0.072508
0.055695
0.173515
0.073253
0.181571
0.158913
0.703059
0.225963
0.060623
0.066945
0.417987
0.127566
0.07454
0.179361
0.097726
0.072218
0.131509
0.058561
0.065342
0.070932
0.068295
0.061985
0.526113
0.057893
0.069481
0.43988
0.080174
0.162024
0.068856
0.073649
0.078094
0.055542
0.065466
0.072991
0.081561
0.064328
0.068377
0.072157
0.063569
0.059817
0.065876
0.552945
0.082641
0.105569
0.070917
0.064944
0.093234
0.273602
0.059077
0.080886
0.073132
0.233658
0.067388
0.072128
0.076472
0.080471
0.057251
0.082147
0.253123
0.053249
0.05899
0.047962
0.075678
0.065753
0.495137
0.273326
0.258319
0.254147
0.271487
0.426553
0.079323
0.091435
0.079312
0.08451
0.40736
0.139475
0.138666
0.059158
0.130822
0.072368
0.077089
0.44766
0.074434
0.079728
0.086838
0.396565
0.122916
0.121984
0.277781
0.07862
0.084182
0.089099
0.072198
0.077857
0.082891
0.08825
0.06031
0.065563
0.063409
0.067294
0.083742
0.05915
0.092225
0.245168
0.071881
0.076808
0.081245
0.085268
0.079042
0.083241
0.087035
0.065317
0.073717
0.07435
0.078523
0.172999
0.090605
0.092209
0.102303
0.064717
0.070087
0.066723
0.201562
0.076423
0.120023
0.082881
0.086389
0.061594
0.090844
0.0638
0.068428
0.072732
0.815352
0.06975
0.075116
0.342967
0.752486
0.068811
0.064053
0.073187
0.0667
0.071271
0.176278
0.078318
0.082099
0.08567
0.228184
0.36572
0.072395
0.076838
0.199656
0.120777
0.08333
0.087572
0.09619
0.105302
0.114273
0.123081
0.131711
0.140152
0.148397
0.156442
0.164284
0.171926
0.179367
0.084938
0.378969
0.102635
0.061941
0.068498
0.074451
0.079886
0.204288
0.075999
0.139258
0.10716
0.063114
0.050984
0.058022
0.063899
0.068912
0.194348
0.740303
0.373683
0.230768
0.092843
0.100804
0.108592
0.116198
0.123615
0.13084
0.137873
0.070602
0.102944
0.132572
0.061091
0.065913
0.07029
0.074289
0.110443
0.077129
0.092572
0.102455
0.125326
0.108453
0.11815
0.281441
0.095902
0.063835
0.058828
0.085904
0.068113
0.073108
0.210363
0.081533
0.085563
0.149134
0.202466
0.100147
0.107921
0.115551
0.123028
0.130345
0.137497
0.144482
0.151301
0.299473
0.08841
0.1185
0.105704
0.074839
0.155874
0.062407
0.095507
0.061251
0.222845
0.16352
0.072669
0.079914
0.09769
0.127662
0.080114
0.083125
0.08585
0.107356
0.070165
0.074634
0.078708
0.082442
0.7427
0.106593
0.083184
0.062116
0.067508
0.07004
0.074593
0.078802
0.082707
0.086345
0.064162
0.065863
0.070381
0.551051
0.071706
0.090885
0.10142
0.112978
0.075674
0.067541
0.072264
0.056176
0.122488
0.069317
0.073339
0.077112
0.08066
0.084006
0.087167
0.090161
0.093576
0.099941
0.106197
0.112338
0.11836
0.124261
0.13004
0.135695
0.141228
0.14664
0.071611
0.07638
0.080793
0.084893
0.060305
0.136027
0.080664
0.076903
0.142609
0.123726
0.070659
0.107049
0.078836
0.082093
0.064855
0.221752
0.358433
0.157998
0.115385
0.12107
0.126501
0.131694
0.136665
0.141428
0.145995
0.15038
0.362986
0.102448
0.135615
0.114187
0.11984
0.125266
0.130478
0.489371
0.159732
0.160209
0.068481
0.090595
0.097192
0.103619
0.109873
0.115956
0.121869
0.162783
0.13222
0.125785
0.13462
0.375301
0.148679
0.156141
0.163223
0.070076
0.074229
0.076476
0.079103
0.08152
0.062581
0.067741
0.073359
0.067752
0.053
0.057628
0.125751
0.082714
0.086665
0.090369
0.093851
0.100567
0.108024
0.115325
0.122461
0.12943
0.080947
0.084697
0.088233
0.091574
0.175151
0.108901
0.11067
0.087766
0.053451
0.059994
0.061476
0.056925
0.056084
0.061771
0.057771
0.068915
0.058834
0.055885
0.061528
0.059904
0.055164
0.064872
0.063026
0.057784
0.063088
0.048153
0.054998
0.057401
0.050756
0.056913
0.049599
0.056619
0.062494
0.055401
0.073833
0.059822
0.108359
0.403872
0.073099
0.078516
0.083492
0.088084
0.092338
0.148334
0.077218
0.188561
0.098662
0.108617
0.058432
0.066522
0.065695
0.102685
0.067712
0.064677
0.135825
0.073422
0.077797
0.066872
0.094155
0.071242
0.075314
0.061084
0.119593
0.089151
0.154844
0.172883
0.124424
0.383456
0.169322
0.090331
0.513454
0.110859
0.28104
0.086801
0.075861
0.076108
0.053534
0.060671
0.065865
0.068783
0.064856
0.050644
0.167654
0.070046
0.070517
0.075625
0.091955
0.083525
0.080614
0.083964
0.056393
0.062227
0.067517
0.076425
0.066746
0.063658
0.068124
0.060593
0.078108
0.273456
0.096822
0.167045
0.083728
0.369608
0.087094
0.081806
0.081592
0.069642
0.074104
0.078226
0.082049
0.161511
0.063173
0.080639
0.163488
0.20963
0.067424
0.087181
0.056228
0.062384
0.058912
0.051673
0.05912
0.059766
0.064011
0.121103
0.061482
0.06745
0.072833
0.530904
0.064912
0.056112
0.060778
0.161628
0.234314
0.088583
0.081843
0.068956
0.143764
0.088321
0.160403
0.085661
0.096359
0.339705
0.069657
0.449749
0.077756
0.059514
0.065581
0.070936
0.138977
0.083616
0.088776
0.06435
0.069074
0.059363
0.064445
0.06078
0.066642
0.054316
0.076605
0.053305
0.076457
0.053544
0.310194
0.160594
0.352495
0.096026
0.125263
0.062524
0.062252
0.060507
0.698816
0.063099
0.072331
0.109781
0.127272
0.057756
0.062413
0.066717
0.070708
0.074424
0.141197
0.342547
0.190809
0.091585
0.198161
0.072365
0.074364
0.06402
0.07027
0.075769
0.068333
0.071668
0.076431
0.080713
0.065386
0.071402
0.070472
0.064873
0.067426
0.060844
0.066577
0.059561
0.061386
0.07527
0.099254
0.066026
0.062136
0.068157
0.07345
0.061181
0.06017
0.065344
0.103769
0.064459
0.070828
0.076253
0.220493
0.065429
0.070086
0.074288
0.078106
0.081599
0.063912
0.069899
0.075285
0.148325
0.080711
0.084991
0.086218
0.082249
0.098662
0.088578
0.091573
0.094327
0.096874
0.220638
0.517027
0.134954
0.077234
0.068797
0.268289
0.075978
0.079955
0.049679
0.056843
0.092106
0.087603
0.073674
0.074199
0.070432
0.074564
0.078316
0.233803
0.058472
0.193209
0.067723
0.072739
0.072246
0.204495
0.074824
0.758381
0.070864
0.078091
0.068116
0.077585
0.139556
0.057163
0.06572
0.072919
0.079094
0.084476
0.089225
0.09346
0.097272
0.100728
0.075055
0.247656
0.076186
0.097664
0.056093
0.074991
0.06608
0.063698
0.068634
0.073181
0.064513
0.076808
0.065299
0.069821
0.082198
0.133237
0.060571
0.06919
0.0758
0.215004
0.061669
0.07026
0.341512
0.079105
0.143362
0.210804
0.060476
0.100733
0.076059
0.081055
0.085056
0.06457
0.073442
0.076981
0.081642
0.085734
0.089369
0.092628
0.095574
0.100428
0.061098
0.068793
0.074764
0.079595
0.083622
0.087052
0.090025
0.092637
0.094958
0.097041
0.099934
0.103637
0.107087
0.110313
0.11664
0.073136
0.066473
0.103006
0.078401
0.240716
0.084805
0.444662
0.059687
0.068318
0.069121
0.07501
0.07977
0.083734
0.059567
0.060339
0.069418
0.075872
0.080806
0.084757
0.088023
0.090788
0.093172
0.095259
0.097106
0.059466
0.067684
0.074102
0.07932
0.083683
0.097182
0.091786
0.094608
0.059567
0.060339
0.069418
0.075872
0.080806
0.084757
0.088023
0.090788
0.093172
0.095259
0.097106
0.059687
0.068318
0.100986
0.072843
0.251433
0.059796
0.068502
0.074677
0.087419
0.064297
0.071057
0.076249
0.06046
0.069623
0.152096
0.059687
0.068318
0.060339
0.069418
0.075872
0.080806
0.084757
0.088023
0.090788
0.093172
0.095259
0.097106
0.059567
0.211978
0.068928
0.070376
0.053558
0.211882
0.09684
0.139794
0.190607
0.177098
0.075977
0.127489
0.080158
0.082224
0.084128
0.272828
0.087756
0.089425
0.123369
0.105359
0.112865
0.119913
0.126543
0.132793
0.138696
0.061414
0.158168
0.302033
0.217486
0.112079
0.104746
0.108301
0.111606
0.212032
0.119896
0.133187
0.125247
0.127634
0.129891
0.132031
0.134439
0.13637
0.13821
0.139966
0.164007
0.14548
0.31866
0.150596
0.24137
0.054614
0.069059
0.061399
0.072465
0.130031
0.11249
0.063153
0.183472
0.062896
0.066258
0.06924
0.07183
0.074012
0.075953
0.077694
0.07927
0.06864
0.072813
0.076479
0.079735
0.082655
0.085296
0.0877
0.089903
0.091932
0.093809
0.274722
0.322902
0.203674
0.303393
0.068589
0.077356
0.077079
0.066347
0.367341
0.070982
0.073121
0.153995
0.131431
0.109865
0.116584
0.104425
0.062589
0.074759
0.191298
0.141977
0.070696
0.112594
0.1175
0.277286
0.080919
0.071359
0.073532
0.075509
0.077319
0.132071
0.514113
0.247206
0.12069
0.055856
0.129413
0.064058
0.068074
0.071046
0.170545
0.286211
0.166395
0.129696
0.152344
0.136606
0.139697
0.142643
0.222069
0.149324
0.151895
0.15436
0.156726
0.159
0.209178
0.183831
0.166472
0.196517
0.170727
0.172546
0.174306
0.17601
0.375605
0.182563
0.184095
0.22426
0.186893
0.188295
0.189659
0.190985
0.192276
0.193532
0.274537
0.197138
0.198295
0.199423
0.092361
0.098369
0.061176
0.065
0.068429
0.071528
0.074349
0.076933
0.079313
0.081514
0.062669
0.06612
0.059871
0.063903
0.067265
0.07232
0.284165
0.109519
0.079758
0.086105
0.091896
0.097208
0.102106
0.10664
0.110856
0.114789
0.11847
0.121927
0.096273
0.059219
0.06267
0.065622
0.068189
0.070452
0.072467
0.074279
0.057933
0.062276
0.065731
0.068681
0.071244
0.073499
0.075506
0.077309
0.078941
0.080428
0.081792
0.083048
0.076119
0.07091
0.070987
0.073962
0.055986
0.062439
0.070484
0.077161
0.082832
0.087736
0.092037
0.095853
0.10072
0.107919
0.114682
0.121047
0.12705
0.132722
0.138091
0.143182
0.148019
0.15262
0.058796
0.067028
0.07391
0.079787
0.084889
0.089379
0.093374
0.096962
0.103088
0.110093
0.116714
0.12298
0.12892
0.134559
0.13992
0.145023
0.149889
0.154534
0.406636
0.18728
0.175888
0.204199
0.187856
0.072973
0.074706
0.089732
0.068179
0.070942
0.073476
0.075811
0.077972
0.079982
0.094636
0.263294
0.136999
0.19798
0.159958
0.200575
0.238838
0.174795
0.090391
0.091922
0.09338
0.094771
0.09674
0.099697
0.102571
0.105365
0.108084
0.11073
0.113305
0.115813
0.118257
0.120639
0.122962
0.125227
0.127437
0.129595
0.069347
0.072824
0.076241
0.064568
0.067439
0.069931
0.072124
0.083243
0.191618
0.148324
0.176639
0.075196
0.076686
0.083435
0.054902
0.057354
0.059482
0.061354
0.063019
0.064515
0.065868
0.221443
0.079806
0.143032
0.086852
0.143993
0.092238
0.152669
0.097235
0.05168
0.061378
0.069173
0.075635
0.081119
0.085857
0.090011
0.093695
0.096995
0.126524
0.235096
0.215713
0.13774
0.076733
0.081709
0.087348
0.081219
0.081706
0.116507
0.088581
0.072732
0.077802
0.082504
0.086881
0.062684
0.066013
0.068921
0.071492
0.13551
0.07497
0.076202
0.072361
0.069665
0.0605
0.068565
0.065715
0.082046
0.070906
0.072694
0.074352
0.083499
0.077288
0.078641
0.079912
0.073203
0.075264
0.077202
0.079028
0.080753
0.082387
0.083937
0.085411
0.063014
0.06396
0.0685
0.072139
0.07515
0.077702
0.079903
0.08183
0.071268
0.070014
0.077391
0.075035
0.077185
0.079094
0.080806
0.082354
0.083763
0.085053
0.074693
0.079566
0.081313
0.05968
0.06317
0.077133
0.067939
0.070245
0.072301
0.07415
0.075826
0.077355
0.050247
0.046682
0.050598
0.114207
0.073024
0.127558
0.078271
0.212455
0.082596
0.191653
0.202563
0.069379
0.056266
0.062792
0.073506
0.281952
0.088529
0.062587
0.058669
0.062945
0.055508
0.062488
0.061804
0.097872
0.069727
0.058833
0.061161
0.055212
0.054338
0.065954
0.072447
0.420562
0.062131
0.121437
0.067016
0.069653
0.225446
0.075644
0.068854
0.077472
0.054394
0.059943
0.083699
0.059847
0.066378
0.193458
0.072681
0.082849
0.393723
0.051442
0.107048
0.161759
0.143677
0.194804
0.156627
0.165719
0.252698
0.180866
0.288456
0.105705
0.112526
0.132814
0.108093
0.089274
0.097392
0.112198
0.149618
0.057398
0.076
0.079667
0.083049
0.086182
0.089095
0.091814
0.06202
0.067292
0.231053
0.060358
0.059357
0.092947
0.084186
0.064015
0.069895
0.068775
0.077723
0.056075
0.061466
0.06234
0.076674
0.060754
0.123567
0.156702
0.064495
0.068574
0.067957
0.075099
0.113657
0.078322
0.253853
0.088459
0.073614
0.068719
0.074218
0.079212
0.083775
0.088222
0.092091
0.095678
0.101251
0.108747
0.11601
0.123042
0.129848
0.136433
0.142802
0.073119
0.07718
0.080906
0.078333
0.074513
0.159517
0.074829
0.079941
0.086501
0.072598
0.191473
0.20116
0.2106
0.219795
0.228744
0.237452
0.325909
0.06699
0.071303
0.075101
0.078482
0.081519
0.066954
0.3687
0.058102
0.089168
0.076093
0.064602
0.051372
0.629295
0.18715
0.059411
0.074701
0.08036
0.083547
0.059458
0.047366
0.057528
0.062544
0.067128
0.071338
0.0611
0.066564
0.102743
0.208767
0.055998
0.080131
0.054384
0.049113
0.055306
0.058802
0.063092
0.086923
0.229794
0.078798
0.131072
0.088088
0.073952
0.316973
0.23817
0.109737
0.124653
0.138722
0.151969
0.075471
0.072155
0.079903
0.086539
0.078613
0.095866
0.060615
0.064602
0.057294
0.073461
0.130093
0.075911
0.209284
0.310814
0.072396
0.057553
0.062991
0.179965
0.071831
0.069409
0.186975
0.062655
0.067369
0.05451
0.061779
0.054357
0.068858
0.155147
0.096616
0.103505
0.110206
0.116716
0.123039
0.129177
0.135134
0.060639
0.065501
0.070051
0.07432
0.199062
0.074606
0.057794
0.064571
0.074915
0.073815
0.191559
0.155857
0.103731
0.127437
0.121281
0.451173
0.07012
0.329738
0.065044
0.071103
0.078191
0.253003
0.20233
0.13218
0.143984
0.533433
0.073889
0.104792
0.067579
0.048586
0.045536
0.055222
0.093133
0.077317
0.087073
0.051882
0.194783
0.155154
0.115498
0.074932
0.077815
0.078661
0.083184
0.089077
0.057963
0.063652
0.083626
0.066782
0.057432
0.100743
0.097265
0.124572
0.066142
0.086485
0.056213
0.063
0.061734
0.067544
0.073928
0.049031
0.057326
0.059385
0.063637
0.067537
0.083077
0.051107
0.058275
0.05549
0.061226
0.066295
0.068112
0.07893
0.070609
0.074309
0.077733
0.080914
0.078059
0.067615
0.060557
0.055465
0.080398
0.383712
0.060593
0.080828
0.120447
0.130125
0.139624
0.148927
0.158024
0.166909
0.175576
0.184024
0.192254
0.064474
0.125169
0.38179
0.081229
0.350371
0.061421
0.066886
0.071786
0.076214
0.072316
0.077071
0.081412
0.085395
0.058649
0.065025
0.066276
0.066684
0.068322
0.063468
0.061733
0.081051
0.072357
0.068353
0.054514
0.077896
0.083002
0.087588
0.092996
0.101363
0.200974
0.049485
0.056528
0.076624
0.081071
0.085203
0.089055
0.068383
0.076986
0.084113
0.090157
0.050288
0.060339
0.06011
0.053269
0.066274
0.054395
0.053406
0.187602
0.059835
0.083165
0.098851
0.090411
0.09408
0.085668
0.060477
0.065157
0.065706
0.070112
0.076404
0.081906
0.066233
0.070632
0.14893
0.065508
0.084551
0.090234
0.071896
0.079013
0.085074
0.090326
0.074139
0.08644
0.080307
0.132927
0.081419
0.070152
0.055374
0.056801
0.279045
0.068794
0.059067
0.063928
0.068265
0.107416
0.06477
0.070641
0.075912
0.080679
0.085019
0.084441
0.058809
0.062735
0.148257
0.064899
0.071363
0.056433
0.061963
0.067151
0.074775
0.089612
0.080962
0.116871
0.176926
0.08
0.082914
0.06394
0.077718
0.089476
0.101074
0.065993
0.073729
0.080856
0.09434
0.107387
0.061584
0.068616
0.064016
0.061086
0.102412
0.056298
0.069
0.071224
0.075174
0.078797
0.188256
0.359209
0.189789
0.455518
0.125973
0.085138
0.126691
0.11691
0.084087
0.072262
0.110788
0.085934
0.060963
0.066838
0.072002
0.076592
0.08071
0.12072
0.047579
0.05679
0.061077
0.056778
0.065798
0.064151
0.084963
0.082653
0.419033
0.088042
0.38508
0.060834
0.049204
0.056977
0.064325
0.096049
0.077916
0.063357
0.068288
0.069061
0.05455
0.079713
0.05451
0.083243
0.088806
0.095211
0.101415
0.066198
0.06002
0.16936
0.057103
0.059387
0.073629
0.060471
0.063191
0.065475
0.067234
0.062369
0.060193
0.062103
0.063665
0.058985
0.059503
0.062648
0.057518
0.060437
0.06263
0.064364
0.054828
0.051623
0.05143
0.055525
0.05143
0.055525
0.055832
0.058744
0.060931
0.057057
0.061421
0.064722
0.067344
0.105667
0.072316
0.065743
0.070189
0.05724
0.061826
0.065517
0.068581
0.071183
0.073433
0.075406
0.077156
0.078724
0.08014
0.081429
0.057122
0.063985
0.080551
0.073077
0.076652
0.079695
0.082329
0.114163
0.03955
0.041829
0.043373
0.044517
0.069414
0.066051
0.079296
0.074477
0.078112
0.081338
0.09326
0.086769
0.098322
0.09134
0.093342
0.095195
0.082133
0.08518
0.087965
0.090524
0.092889
0.095082
0.097125
0.099035
0.064979
0.423736
0.098595
0.077029
0.047397
0.047916
0.063647
0.099266
0.068314
0.078936
0.048857
0.057867
0.04722
0.050938
0.054238
0.06507
0.073839
0.382834
0.051824
0.059026
0.065335
0.070923
0.077547
0.082146
0.086423
0.066873
0.072752
0.069054
0.074417
0.072321
0.07189
0.077783
0.083036
0.087762
0.092044
0.054425
0.06327
0.070775
0.077253
0.079768
0.083715
0.087421
0.179218
0.093462
0.099823
0.106955
0.0803
0.070578
0.210308
0.063954
0.069494
0.060879
0.06544
0.057287
0.062038
0.066437
0.070524
0.056463
0.062449
0.064363
0.070347
0.075727
0.056242
0.063017
0.068983
0.073626
0.077925
0.05848
0.065038
0.070868
0.076097
0.080824
0.087188
0.085363
0.089458
0.095263
0.103565
0.111644
0.119495
0.286354
0.154995
0.076272
0.072167
0.079842
0.067276
0.074484
0.080027
0.084734
0.248168
0.093517
0.101623
0.109397
0.351572
0.119952
0.076035
0.081984
0.06502
0.078808
0.085438
0.078993
0.091438
0.103411
0.114878
0.125831
0.114269
0.125706
0.136838
0.065318
0.185292
0.097258
0.10502
0.153817
0.08497
0.06992
0.11361
0.077209
0.08078
0.084097
0.09232
0.055094
0.075653
0.082781
0.093948
0.104827
0.155209
0.071153
0.064705
0.053882
0.083708
0.274481
0.104202
0.067113
0.083752
0.07335
0.058044
0.062581
0.066698
0.056376
0.068676
0.128085
0.068208
0.072531
0.076566
0.080344
0.08389
0.087228
0.090377
0.057632
0.057853
0.082845
0.065927
0.291297
0.071648
0.060194
0.096074
0.063221
0.067545
0.071501
0.07514
0.078503
0.081624
0.056299
0.063321
0.080331
0.049727
0.058444
0.063962
0.049719
0.059896
0.056013
0.06222
0.067734
0.051752
0.048767
0.05617
0.049161
0.064038
0.058804
0.068535
0.057431
0.051144
0.059159
0.059641
0.072343
0.070454
0.065393
0.04982
0.062914
0.064059
0.053962
0.049175
0.053208
0.061507
0.06852
0.049719
0.054801
0.059795
0.06417
0.068047
0.071518
0.074651
0.077499
0.080106
0.08255
0.045404
0.052197
0.044941
0.043057
0.06988
0.058007
0.064535
0.070147
0.079622
0.06737
0.072831
0.077428
0.081375
0.067765
0.073899
0.311313
0.08742
0.148861
0.078919
0.068745
0.073366
0.077589
0.057929
0.14612
0.06993
0.075097
0.079769
0.062629
0.067658
0.057245
0.064685
0.175335
0.074595
0.078356
0.070664
0.075641
0.080201
0.0844
0.088282
0.091888
0.095249
0.076702
0.146037
0.083766
0.087312
0.090621
0.093719
0.099048
0.105466
0.046446
0.074771
0.079329
0.067029
0.117326
0.107208
0.245804
0.122671
0.13041
0.137941
0.145264
0.15238
0.159294
0.166009
0.212261
0.178488
0.184636
0.190608
0.396475
0.49044
0.057941
0.092952
0.087808
0.069084
0.073198
0.076935
0.101875
0.062461
0.070083
0.076679
0.151877
0.167625
0.132586
0.105066
0.267192
0.118098
0.17495
0.273319
0.108444
0.096669
0.280605
0.134858
0.10632
0.103232
0.111942
0.119763
0.120115
0.08699
0.094691
0.102245
0.109641
0.116869
0.123926
0.415255
0.0788
0.082438
0.086063
0.06621
0.088034
0.076085
0.081091
0.068093
0.074369
0.079691
0.084287
0.088313
0.050005
0.062887
0.072492
0.080061
0.08625
0.091447
0.095902
0.099782
0.103205
0.106257
0.112357
0.11864
0.124523
0.130047
0.135246
0.140151
0.144788
0.149181
0.070063
0.074887
0.09099
0.058291
0.06169
0.065649
0.104696
0.078873
0.099723
0.063641
0.069556
0.063018
0.076998
0.05532
0.067991
0.05888
0.129867
0.078213
0.088038
0.098317
0.051906
0.059236
0.06537
0.051838
0.059319
0.093971
0.063465
0.067328
0.070888
0.078118
0.077507
0.084226
0.088191
0.091925
0.062944
0.067349
0.080864
0.113621
0.072218
0.084836
0.065714
0.070096
0.074036
0.053645
0.06128
0.067673
0.070892
0.074858
0.058425
0.074228
0.068674
0.073138
0.081149
0.156835
0.070765
0.077287
0.053263
0.049444
0.061389
0.05988
0.067854
0.07505
0.103942
0.113839
0.09522
0.107258
0.119021
0.137956
0.145297
0.203539
0.074724
0.079184
0.083335
0.087209
0.090837
0.094244
0.101358
0.108656
0.115788
0.12275
0.064047
0.070003
0.060854
0.067255
0.073064
0.052444
0.061937
0.053087
0.064808
0.074415
0.056762
0.068586
0.058447
0.149973
0.069425
0.06822
0.42344
0.114792
0.1766
0.167444
0.084374
0.060071
0.068287
0.075469
0.081819
0.087489
0.092594
0.257789
0.100226
0.109398
0.068452
0.193166
0.073421
0.145144
0.081297
0.085336
0.089129
0.083563
0.080114
0.06433
0.068525
0.079346
0.052522
0.059176
0.065194
0.070369
0.076094
0.056186
0.063512
0.080982
0.073862
0.052178
0.059184
0.065301
0.076842
0.083498
0.089304
0.050213
0.059151
0.117293
0.070072
0.054549
0.055189
0.061396
0.066917
0.071871
0.076352
0.081031
0.061565
0.068627
0.07392
0.087486
0.048101
0.056149
0.063421
0.143393
0.158345
0.063395
0.062574
0.140021
0.06958
0.23321
0.097625
0.05897
0.066252
0.086005
0.054214
0.055543
0.098104
0.065004
0.091021
0.048749
0.06826
0.053182
0.056905
0.058183
0.095054
0.05268
0.059651
0.068004
0.073314
0.078129
0.074806
0.055753
0.054413
0.089441
0.088448
0.327703
0.337849
0.14662
0.075926
0.109073
0.26493
0.213973
0.080738
0.092548
0.104794
0.11463
0.1238
0.132367
0.140387
0.147911
0.154984
0.161648
0.167939
0.085368
0.091101
0.09946
0.056783
0.332945
0.059169
0.059393
0.066661
0.072952
0.078473
0.075046
0.129505
0.058771
0.064313
0.068284
0.083716
0.088698
0.093221
0.098706
0.107495
0.059532
0.053722
0.06778
0.081396
0.066428
0.066655
0.072999
0.078712
0.077786
0.086954
0.143099
0.080694
0.085858
0.061999
0.067118
0.071778
0.061627
0.076639
0.068618
0.075211
0.05112
0.0598
0.061447
0.067323
0.072485
0.051541
0.056557
0.068907
0.073349
0.077336
0.080943
0.08423
0.065297
0.07118
0.076326
0.080883
0.084958
0.07735
0.074869
0.079637
0.053276
0.059885
0.065067
0.070945
0.076088
0.080434
0.070238
0.062284
0.068151
0.073708
0.063507
0.060025
0.060723
0.079388
0.082753
0.085894
0.068301
0.062548
0.064651
0.069516
0.069516
0.069516
0.064583
0.061489
0.067068
0.05436
0.060283
0.067062
0.068965
0.060589
0.065346
0.069475
0.073107
0.061503
0.065809
0.069959
0.07379
0.077342
0.080646
0.079161
0.083047
0.086695
0.070079
0.062034
0.1025
0.112597
0.122262
0.131507
0.140344
0.148791
0.156867
0.232
0.170683
0.428251
0.065334
0.069749
0.054959
0.055954
0.062519
0.068184
0.055202
0.060666
0.06548
0.069766
0.084326
0.054958
0.081507
0.064555
0.07716
0.046731
0.046245
0.058162
0.064418
0.069963
0.071911
0.077399
0.082273
0.086642
0.055563
0.062381
0.068285
0.073468
0.052162
0.058236
0.063472
0.068055
0.060806
0.055492
0.084668
0.169878
0.072476
0.086783
0.183226
0.079445
0.065985
0.054083
0.053709
0.053527
0.050549
0.054345
0.059577
0.056459
0.061712
0.066438
0.048443
0.072517
0.061406
0.05921
0.099104
0.202222
0.196885
0.08107
0.061962
0.067361
0.072195
0.076558
0.080525
0.095811
0.069606
0.073991
0.077848
0.093606
0.06823
0.074685
0.0689
0.075941
0.082153
0.08769
0.061983
0.067609
0.065052
0.069278
0.074602
0.072524
0.077779
0.05804
0.402605
0.075996
0.081145
0.08585
0.092851
0.06769
0.062551
0.1118
0.07031
0.068117
0.137816
0.076452
0.080811
0.084763
0.066007
0.069893
0.059283
0.064131
0.067916
0.056705
0.051252
0.06276
0.068114
0.072903
0.053036
0.054685
0.059799
0.301085
0.073669
0.048344
0.056519
0.056596
0.048487
0.064533
0.070447
0.075759
0.059292
0.065701
0.071382
0.076466
0.081053
0.08522
0.070834
0.074094
0.097218
0.080882
0.084435
0.090803
0.062466
0.070064
0.102268
0.233618
0.078905
0.053719
0.057179
0.063923
0.069744
0.050363
0.058459
0.055289
0.054876
0.082396
0.056831
0.064217
0.067996
0.057312
0.070482
0.074915
0.075998
0.062728
0.069114
0.07474
0.05384
0.060916
0.067082
0.062779
0.068516
0.07367
0.059732
0.063013
0.083094
0.088907
0.084771
0.067922
0.057167
0.068685
0.071965
0.053194
0.059094
0.064163
0.068584
0.07249
0.071952
0.076054
0.079863
0.083412
0.086731
0.089844
0.092771
0.074446
0.08063
0.086013
0.067441
0.065771
0.077908
0.076101
0.080985
0.062083
0.067192
0.071638
0.075557
0.07905
0.066928
0.072866
0.068785
0.074343
0.079393
0.08401
0.088253
0.076193
0.057473
0.066289
0.123447
0.062063
0.0526
0.058421
0.074439
0.053076
0.060949
0.061459
0.066834
0.081114
0.083912
0.089643
0.101588
0.10099
0.106436
0.111746
0.116921
0.121963
0.126875
0.131661
0.09019
0.099478
0.068603
0.074437
0.082377
0.069605
0.187098
0.104896
0.057751
0.077076
0.081598
0.067371
0.078333
0.078147
0.082251
0.085751
0.088788
0.091458
0.093833
0.055413
0.061773
0.067004
0.050525
0.053392
0.084392
0.134767
0.149955
0.164233
0.177647
0.292975
0.066737
0.088743
0.084939
0.078758
0.090123
0.101012
0.111215
0.098516
0.072164
0.053314
0.057101
0.062531
0.067301
0.071538
0.075338
0.067215
0.070887
0.034905
0.052733
0.041372
0.042655
0.043656
0.044469
0.045147
0.045725
0.046225
0.046664
0.056596
0.0482
0.04849
0.052453
0.054739
0.05648
0.082461
0.061138
0.062295
0.063302
0.06419
0.064981
0.065692
0.066335
0.066922
0.06746
0.067956
0.068415
0.068841
0.069239
0.06975
0.070097
0.070423
0.070731
0.051147
0.046499
0.061785
0.073986
0.058121
0.047642
0.05468
0.071431
0.04694
0.050471
0.065298
0.053034
0.052693
0.057982
0.062291
0.056896
0.084695
0.052291
0.060673
0.054913
0.060278
0.077447
0.068273
0.072048
0.150067
0.087766
0.15096
0.065795
0.070327
0.074331
0.071595
0.064286
0.081937
0.070712
0.063863
0.065794
0.046872
0.058257
0.059099
0.063973
0.116686
0.078978
0.065046
0.066212
0.04579
0.054309
0.060419
0.065118
0.068897
0.045471
0.05967
0.063888
0.067414
0.070425
0.048396
0.055018
0.060177
0.064362
0.067857
0.07084
0.070757
0.116863
0.071854
0.076671
0.081004
0.08493
0.088511
0.091797
0.064101
0.065674
0.072139
0.077828
0.082889
0.063305
0.067675
0.071675
0.05864
0.073822
0.077742
0.081332
0.084636
0.087692
0.09053
0.093175
0.09565
0.07225
0.066376
0.074974
0.055095
0.060227
0.064389
0.0549
0.064283
0.07175
0.091646
0.094581
0.097347
0.102399
0.108416
0.114284
0.120003
0.125575
0.131002
0.136288
0.141434
0.073485
0.077206
0.080644
0.03304
0.034958
0.036337
0.037264
0.037983
0.038565
0.184721
0.207618
0.156229
0.111299
0.055376
0.066757
0.05932
0.06476
0.070326
0.070131
0.074624
0.078656
0.064857
0.06145
0.149654
0.114111
0.124629
0.134639
0.118619
0.084245
0.09093
0.163862
0.175428
0.186115
0.103818
0.064762
0.068993
0.072794
0.076236
0.079374
0.082251
0.084904
0.08736
0.062039
0.059048
0.065044
0.055792
0.063171
0.069604
0.050842
0.05719
0.062444
0.066898
0.070743
0.074112
0.051789
0.053177
0.13743
0.060049
0.064189
0.06792
0.071306
0.069223
0.073128
0.056846
0.064093
0.050868
0.080574
0.065646
0.069639
0.05264
0.055569
0.0498
0.070756
0.076509
0.081352
0.069478
0.07364
0.077515
0.062956
0.068067
0.072511
0.061237
0.067986
0.073779
0.05698
0.060449
0.068088
0.072139
0.075821
0.050993
0.078177
0.087021
0.096022
0.105538
0.114881
0.124027
0.132962
0.141675
0.061672
0.057128
0.057526
0.062763
0.067891
0.074369
0.058935
0.063228
0.066939
0.070193
0.07308
0.075667
0.083637
0.087922
0.079845
0.067337
0.071176
0.074741
0.078065
0.081173
0.084089
0.086831
0.089418
0.091863
0.052655
0.056003
0.061293
0.065767
0.083652
0.059462
0.065363
0.070561
0.07683
0.076083
0.080093
0.083837
0.087344
0.090638
0.073451
0.077615
0.047107
0.054849
0.077414
0.06241
0.097087
0.047894
0.050306
0.126166
0.055334
0.059816
0.153449
0.097237
0.077051
0.054508
0.059405
0.063549
0.067124
0.070253
0.073025
0.075506
0.077745
0.07978
0.081642
0.078505
0.092668
0.079522
0.07155
0.08117
0.060341
0.062529
0.062833
0.064715
0.072695
0.064289
0.059239
0.078442
0.0681
0.059872
0.078115
0.068145
0.071403
0.074338
0.068769
0.072076
0.060332
0.078367
0.079296
0.058328
0.109572
0.071265
0.068073
0.073178
0.073799
0.130762
0.061115
0.061546
0.066161
0.058328
0.061597
0.077209
0.077236
0.074012
0.066196
0.065672
0.06071
0.065533
0.06972
0.070408
0.073213
0.084696
0.064868
0.067979
0.070749
0.065236
0.057625
0.063023
0.067603
0.071562
0.075034
0.078113
0.080872
0.083365
0.054259
0.060439
0.065517
0.0698
0.069121
0.061315
0.062339
0.076974
0.057207
0.062344
0.062317
0.069069
0.073959
0.058413
0.065771
0.072157
0.067842
0.07588
0.082816
0.059553
0.064781
0.087155
0.081296
0.084233
0.086916
0.08938
0.082209
0.086235
0.089808
0.093009
0.054978
0.055018
0.063462
0.070584
0.076706
0.082048
0.086768
0.05681
0.065367
0.075216
0.077812
0.083207
0.087973
0.092227
0.096057
0.105638
0.059804
0.0557
0.062214
0.067833
0.055259
0.053892
0.059686
0.064651
0.049304
0.056843
0.062774
0.06762
0.071687
0.054068
0.067162
0.076859
0.084466
0.090667
0.095863
0.054909
0.068697
0.078954
0.087024
0.093615
0.099146
0.106934
0.117102
0.12645
0.135075
0.143061
0.150481
0.157397
0.163861
0.169922
0.175618
0.180985
0.186052
0.190848
0.195394
0.199712
0.053836
0.066741
0.076286
0.166213
0.06571
0.070468
0.074683
0.078453
0.05926
0.064577
0.058673
0.064305
0.069092
0.073234
0.076869
0.080097
0.082991
0.085607
0.05676
0.063655
0.069351
0.074172
0.078329
0.081967
0.085191
0.088074
0.090677
0.093042
0.095205
0.059864
0.057784
0.059717
0.064788
0.06921
0.073114
0.079045
0.074091
0.077676
0.109709
0.087394
0.092232
0.069665
0.078168
0.08476
0.090091
0.094531
0.083447
0.088569
0.092963
0.075484
0.079429
0.085178
0.067252
0.066819
0.066696
0.06198
0.067771
0.036684
0.054828
0.05612
0.069143
0.075314
0.052935
0.060995
0.065693
0.06188
0.07114
0.076001
0.080294
0.084124
0.087571
0.090698
0.093554
0.051376
0.059313
0.0601
0.065525
0.052715
0.068024
0.072921
0.077256
0.081133
0.084629
0.087806
0.090711
0.093382
0.054339
0.059089
0.066615
0.060317
0.06637
0.071707
0.07646
0.070351
0.079526
0.080288
0.056182
0.05714
0.05821
0.063371
0.060808
0.10075
0.067619
0.071444
0.074957
0.071935
0.07676
0.081169
0.08522
0.064099
0.068622
0.052887
0.060808
0.067474
0.047415
0.055175
0.060838
0.065675
0.069875
0.057572
0.062874
0.067642
0.071959
0.075895
0.062747
0.068452
0.073446
0.05801
0.065756
0.072513
0.11782
0.075797
0.07866
0.081386
0.083984
0.067159
0.071682
0.061623
0.063618
0.078582
0.081537
0.08432
0.059246
0.064561
0.069331
0.073644
0.07757
0.081167
0.063949
0.053744
0.052319
0.058446
0.063491
0.067752
0.07142
0.074626
0.071843
0.076393
0.053224
0.060043
0.065333
0.069612
0.073179
0.076217
0.056873
0.061808
0.07108
0.074003
0.076536
0.078762
0.080739
0.082513
0.054526
0.05991
0.064652
0.068874
0.072667
0.076101
0.074468
0.058036
0.064657
0.070357
0.075337
0.068339
0.072441
0.07626
0.047437
0.053603
0.052313
0.059614
0.065716
0.054489
0.062011
0.068292
0.073651
0.0783
0.08239
0.056477
0.053391
0.060886
0.067154
0.051731
0.051731
0.048952
0.056961
0.061538
0.067121
0.063212
0.070119
0.076246
0.065779
0.072752
0.066838
0.065515
0.070594
0.058775
0.058944
0.064658
0.058099
0.074244
0.05847
0.062927
0.052952
0.059739
0.06564
0.063001
0.049929
0.049026
0.053067
0.058751
0.056838
0.065632
0.073054
0.073937
0.078996
0.083463
0.087449
0.091037
0.094291
0.097262
0.100841
0.106722
0.112321
0.117657
0.12275
0.127614
0.132266
0.13672
0.055789
0.061759
0.052163
0.059517
0.100144
0.070499
0.075612
0.063888
0.059584
0.071628
0.06936
0.063642
0.068701
0.056839
0.056417
0.051433
0.05738
0.062272
0.0664
0.069952
0.073054
0.075799
0.078252
0.080463
0.082471
0.049112
0.057977
0.06433
0.069213
0.073137
0.076391
0.079152
0.081538
0.083629
0.085483
0.087144
0.088642
0.071192
0.061365
0.066764
0.071132
0.074773
0.077874
0.080562
0.082924
0.085023
0.086906
0.070697
0.075105
0.079171
0.055441
0.050235
0.060589
0.063892
0.075679
0.0698
0.067057
0.079149
0.082098
0.289111
0.077275
0.083918
0.090061
0.094137
0.100289
0.105923
0.111108
0.058526
0.067208
0.074505
0.080761
0.051051
0.057132
0.062385
0.051419
0.058295
0.064788
0.068729
0.072314
0.075596
0.065458
0.069177
0.057642
0.05526
0.060512
0.064973
0.061598
0.066302
0.059515
0.063545
0.067102
0.070276
0.073133
0.043198
0.045476
0.047273
0.048743
0.049976
0.051032
0.051951
0.053453
0.054153
0.054782
0.055351
0.055956
0.056173
0.049457
0.053243
0.056279
0.061501
0.055264
0.064785
0.074768
0.078207
0.081402
0.075452
0.068564
0.074931
0.093731
0.083792
0.1079
0.090756
0.094035
0.096999
0.069685
0.074464
0.078685
0.048754
0.057987
0.050411
0.055749
0.065073
0.058457
0.085575
0.071197
0.077192
0.082118
0.130275
0.088961
0.124441
0.097506
0.103792
0.051
0.063466
0.069582
0.077169
0.083553
0.08806
0.092566
0.096497
0.058907
0.059678
0.063458
0.07457
0.054361
0.052148
0.057189
0.065764
0.187499
0.072675
0.075935
0.071918
0.074376
0.076594
0.078611
0.080456
0.082153
0.063361
0.073161
0.048804
0.068362
0.064668
0.061801
0.052322
0.065832
0.071764
0.052516
0.077322
0.065999
0.086886
0.070218
0.094254
0.073961
0.075479
0.076821
0.078019
0.079099
0.083098
0.081014
0.081834
0.082591
0.083292
0.083945
0.047908
0.052306
0.055867
0.058835
0.061366
0.063559
0.065488
0.049381
0.060826
0.080652
0.058389
0.061297
0.06377
0.065911
0.067789
0.069458
0.070953
0.072305
0.073535
0.094731
0.075766
0.076724
0.050118
0.054453
0.06026
0.060357
0.062761
0.064841
0.066667
0.068287
0.052128
0.055656
0.058596
0.061102
0.063274
0.075417
0.066631
0.068159
0.075681
0.053904
0.056296
0.05505
0.057675
0.084528
0.0635
0.063063
0.064689
0.066162
0.088407
0.068673
0.069812
0.070867
0.098279
0.066148
0.069949
0.060562
0.063748
0.066627
0.069248
0.071649
0.07386
0.075905
0.077805
0.079577
0.056213
0.059421
0.062163
0.055447
0.05101
0.051118
0.048226
0.052618
0.056172
0.064104
0.060973
0.063178
0.065117
0.065112
0.067246
0.069208
0.071021
0.072703
0.074271
0.075736
0.07711
0.078403
0.079622
0.080774
0.081866
0.082903
0.083888
0.084828
0.085724
0.086581
0.087401
0.088187
0.088941
0.089666
0.090363
0.091034
0.091681
0.092305
0.092908
0.064734
0.071238
0.076971
0.082077
0.086666
0.090821
0.041413
0.045067
0.047041
0.04845
0.049761
0.050859
0.0528
0.053791
0.053497
0.05413
0.064823
0.055847
0.03669
0.038722
0.040089
0.041097
0.041883
0.042519
0.042985
0.042552
0.044293
0.045716
0.04691
0.047933
0.048822
0.054758
0.051111
0.051715
0.039636
0.040573
0.041332
0.041963
0.042501
0.042966
0.043374
0.047085
0.045161
0.043669
0.045256
0.038634
0.039728
0.040614
0.041353
0.041983
0.042527
0.043005
0.04343
0.04381
0.044153
0.044465
0.04475
0.045012
0.076764
0.077917
0.058614
0.088163
0.064026
0.18061
0.069185
0.054025
0.057181
0.242872
0.073914
0.070352
0.032391
0.123239
0.087482
0.142356
0.185666
0.093183
0.099303
0.077033
0.134843
0.120911
0.062967
0.13536
0.079069
0.277023
0.065777
0.107245
0.142735
0.335276
0.057847
0.099074
0.091925
0.206409
0.074424
0.06347
0.063882
0.067902
0.170191
0.11891
0.073167
0.148449
0.074914
0.081741
0.084063
0.077323
0.077882
0.078409
0.079043
0.059554
0.060395
0.090471
0.469695
0.062758
0.054088
0.054941
0.108736
0.055682
0.094086
0.045634
0.06244
0.05452
0.054098
0.05658
0.058971
0.05272
0.060543
0.056518
0.059827
0.062727
0.053404
0.061814
0.068453
0.073889
0.047154
0.056553
0.064158
0.070493
0.075889
0.080564
0.084672
0.039484
0.053415
0.041496
0.042427
0.032363
0.033223
0.03764
0.039452
0.040649
0.041587
0.042446
0.043074
0.043704
0.053341
0.055954
0.057911
0.059456
0.060718
0.061777
0.062684
0.039541
0.033816
0.040396
0.041108
0.034482
0.034871
0.035184
0.035445
0.031107
0.032309
0.033103
0.033681
0.034128
0.034488
0.035821
0.03802
0.039496
0.030092
0.030852
0.031355
0.057701
0.065989
0.072482
0.07777
0.0822
0.085988
0.089281
0.067036
0.072582
0.077531
0.057325
0.05751
0.051602
0.060095
0.073611
0.083577
0.090781
0.099747
0.114666
0.126196
0.13724
0.147323
0.158196
0.164585
0.173623
0.178986
0.183949
0.18856
0.19286
0.198234
0.203566
0.084082
0.099258
0.091163
0.095994
0.122254
0.103131
0.108851
0.114286
0.119455
0.124379
0.129075
0.133559
0.137847
0.141952
0.145886
0.14966
0.160722
0.186728
0.160852
0.19378
0.094301
0.087894
0.090942
0.093723
0.118138
0.098002
0.101915
0.106563
0.110993
0.115223
0.119265
0.084556
0.090565
0.111547
0.096571
0.130465
0.136419
0.142059
0.111837
0.117868
0.123509
0.128799
0.133773
0.138461
0.14289
0.082803
0.085472
0.087943
0.090241
0.092386
0.094394
0.09628
0.098056
0.050837
0.061354
0.069965
0.077109
0.083207
0.050949
0.061571
0.070213
0.07744
0.083611
0.08897
0.093685
0.09788
0.051041
0.056923
0.049452
0.061632
0.059638
0.054129
0.035195
0.037052
0.038421
0.039488
0.040353
0.041073
0.053367
0.057202
0.050516
0.051448
0.054569
0.057049
0.068362
0.056057
0.046188
0.050865
0.042068
0.063423
0.047258
0.050481
0.055478
0.091986
0.059344
0.061148
0.062728
0.064128
0.065381
0.056411
0.06021
0.063376
0.066075
0.068415
0.070471
0.066578
0.068422
0.070136
0.071734
0.215724
0.075043
0.076361
0.142791
0.061769
0.065979
0.071025
0.073401
0.075545
0.077493
0.079274
0.083124
0.062223
0.069953
0.086001
0.072313
0.157631
0.09448
0.119564
0.093766
0.067429
0.066634
0.069116
0.071301
0.091689
0.161152
0.075336
0.078418
0.081138
0.083563
0.085746
0.087726
0.089532
0.092083
0.095068
0.097874
0.100518
0.103015
0.032617
0.031718
0.032333
0.032751
0.033061
0.033302
0.033498
0.03366
0.031467
0.031956
0.037759
0.038445
0.038999
0.03946
0.075615
0.080218
0.065503
0.060579
0.056241
0.062605
0.051182
0.057905
0.063129
0.053351
0.077949
0.060317
0.063931
0.067103
0.06992
0.048823
0.057678
0.070007
0.073391
0.059828
0.059917
0.062278
0.041354
0.044038
0.046038
0.051959
0.055982
0.039998
0.031755
0.036753
0.0378
0.052346
0.048217
0.06072
0.046003
0.05209
0.056343
0.059371
0.048425
0.061154
0.065856
0.069932
0.073515
0.0767
0.079558
0.082143
0.061554
0.174531
0.182455
0.310961
0.079247
0.067176
0.078827
0.154899
0.06755
0.068439
0.069272
0.069006
0.066464
0.067236
0.067964
0.068651
0.094968
0.074136
0.036526
0.056815
0.055403
0.056437
0.059275
0.064412
0.068751
0.061976
0.058191
0.063177
0.062858
0.057518
0.062674
0.067037
0.054312
0.060475
0.055684
0.059607
0.063964
0.056461
0.061579
0.065914
0.069298
0.058677
0.060492
0.064841
0.057913
0.054761
0.060928
0.065993
0.070261
0.063014
0.066829
0.070179
0.062139
0.073816
0.053576
0.0682
0.066021
0.061492
0.065304
0.057962
0.061735
0.083346
0.067672
0.070339
0.045377
0.051356
0.047503
0.047275
0.047886
0.332345
0.063018
0.085894
0.069446
0.045377
0.051356
0.045377
0.051356
0.085099
0.061037
0.051159
0.055688
0.048457
0.054261
0.058696
0.0547
0.048462
0.054537
0.273895
0.051333
0.065247
0.055794
0.062113
0.083076
0.090604
0.097995
0.105112
0.111962
0.118554
0.124897
0.057105
0.074529
0.060822
0.068191
0.076279
0.057324
0.069579
0.066738
0.07061
0.073922
0.058757
0.062781
0.051375
0.071218
0.074596
0.074971
0.051375
0.05377
0.05875
0.062787
0.066157
0.069031
0.071525
0.073718
0.075668
0.077419
0.079003
0.096549
0.070973
0.07294
0.049414
0.052612
0.055009
0.08433
0.087943
0.059248
0.06274
0.06411
0.066237
0.068156
0.069899
0.071493
0.059776
0.062639
0.06513
0.067325
0.053686
0.059022
0.063366
0.051164
0.053399
0.05574
0.056134
0.060715
0.064184
0.066944
0.069215
0.071131
0.072777
0.074214
0.047344
0.049881
0.04211
0.056213
0.057889
0.059259
0.076837
0.067486
0.053759
0.144136
0.064197
0.083406
0.049547
0.051563
0.059611
0.042497
0.051712
0.05623
0.067813
0.052775
0.056939
0.054079
0.049124
0.052322
0.054951
0.057044
0.058811
0.043991
0.040888
0.042652
0.043859
0.050548
0.054358
0.059981
0.06393
0.067084
0.069687
0.071888
0.073785
0.075442
0.044749
0.04983
0.053347
0.04186
0.04186
0.039675
0.048741
0.054866
0.059143
0.084555
0.048576
0.051408
0.055702
0.068513
0.069596
0.070507
0.07129
0.071973
0.059061
0.046892
0.05314
0.05834
0.043165
0.045937
0.047829
0.053949
0.050061
0.046726
0.048215
0.049383
0.042945
0.045591
0.054804
0.062198
0.061828
0.064439
0.05945
0.07716
0.070861
0.069692
0.071278
0.072713
0.07402
0.075217
0.052148
0.050559
0.045028
0.052269
0.057411
0.067148
0.071088
0.051747
0.05357
0.055032
0.056201
0.06674
0.058117
0.063261
0.069162
0.054553
0.055658
0.056603
0.05764
0.058355
0.058992
0.059835
0.060344
0.051701
0.048108
0.050883
0.052521
0.052717
0.053796
0.054735
0.055562
0.056298
0.057042
0.057638
0.058182
0.051605
0.052804
0.053849
0.054771
0.055593
0.056332
0.057001
0.057612
0.058172
0.058689
0.059167
0.059611
0.060026
0.060414
0.044211
0.046527
0.048354
0.049849
0.051104
0.052178
0.053113
0.041292
0.044305
0.046711
0.048695
0.050373
0.051818
0.05308
0.054198
0.055196
0.056096
0.06185
0.058573
0.05924
0.059866
0.060436
0.060966
0.061462
0.061925
0.048447
0.053292
0.055756
0.064938
0.06802
0.070701
0.073063
0.075169
0.077062
0.052133
0.049469
0.051346
0.056478
0.06753
0.075864
0.082759
0.088599
0.048221
0.05043
0.052347
0.057697
0.059044
0.056576
0.057803
0.062632
0.052954
0.054433
0.055776
0.057003
0.058131
0.059171
0.060137
0.061035
0.061875
0.062662
0.063401
0.064099
0.056524
0.082209
0.071071
0.073875
0.076347
0.07855
0.08053
0.082325
0.083962
0.061085
0.055773
0.062078
0.06433
0.066367
0.068221
0.06992
0.071484
0.072931
0.074276
0.07553
0.076703
0.077805
0.078841
0.07982
0.050433
0.056452
0.061095
0.064836
0.052912
0.051847
0.059574
0.053098
0.056151
0.058826
0.061197
0.06332
0.053339
0.062112
0.068364
0.101855
0.079825
0.057306
0.060643
0.051747
0.062235
0.0666
0.051847
0.059574
0.052635
0.06054
0.066134
0.0704
0.073809
0.076623
0.059036
0.06241
0.065295
0.067802
0.085831
0.071138
0.056069
0.06734
0.060975
0.0693
0.053653
0.057658
0.061012
0.063881
0.055753
0.06226
0.060585
0.056687
0.060083
0.05367
0.057643
0.060969
0.060595
0.066231
0.07053
0.073966
0.076803
0.079204
0.054652
0.059393
0.063223
0.06641
0.048516
0.053461
0.057491
0.060868
0.066421
0.065689
0.062401
0.065058
0.067441
0.088194
0.072724
0.051952
0.058098
0.062838
0.066656
0.069828
0.072524
0.074855
0.076901
0.078716
0.056591
0.059617
0.062261
0.064599
0.066689
0.068572
0.049996
0.054067
0.057492
0.060432
0.147291
0.152162
0.05307
0.044273
0.048317
0.05138
0.060117
0.06469
0.068525
0.049041
0.054824
0.059279
0.062865
0.065842
0.048325
0.053768
0.047073
0.049985
0.05436
0.057951
0.060946
0.069142
0.07597
0.060487
0.068818
0.075774
0.064775
0.054006
0.059238
0.047398
0.049289
0.050698
0.063108
0.066198
0.068748
0.070903
0.072759
0.086751
0.050588
0.05279
0.054652
0.056258
0.058538
0.073708
0.073155
0.077316
0.300959
0.134046
0.088798
0.057753
0.079479
0.056815
0.058983
0.066093
0.058958
0.066909
0.068485
0.063819
0.139116
0.184228
0.103766
0.069813
0.079577
0.044871
0.092021
0.091044
0.085818
0.111875
0.047366
0.048578
0.049665
0.063195
0.083892
0.053477
0.055031
0.056442
0.057733
0.057414
0.066075
0.264902
0.271383
0.108655
0.210312
0.070109
0.068557
0.068496
0.288792
0.08727
0.088786
0.090245
0.0477
0.061351
0.043886
0.057994
0.055712
0.092843
0.081492
0.234509
0.29825
0.097859
0.065934
0.048538
0.053594
0.055465
0.069755
0.103111
0.051878
0.053489
0.07307
0.05638
0.053802
0.054643
0.055426
0.056158
0.064303
0.057461
0.058068
0.042999
0.155817
0.082306
0.116337
0.083277
0.083769
0.084244
0.084702
0.117998
0.085694
0.086107
0.086506
0.301112
0.088078
0.088796
0.089495
0.090176
0.09084
0.091489
0.241527
0.318112
0.094217
0.094803
0.095376
0.095936
0.096484
0.204585
0.097679
0.098193
0.098695
0.099188
0.053859
0.093964
0.044813
0.054639
0.045214
0.06221
0.0882
0.06457
0.065886
0.067084
0.052792
0.061786
0.116624
0.053898
0.215594
0.049122
0.043374
0.044334
0.047064
0.049328
0.043242
0.054602
0.062383
0.051824
0.136412
0.04375
0.04617
0.048233
0.133416
0.125661
0.146576
0.128538
0.113227
0.050655
0.087351
0.088391
0.089398
0.090372
0.091315
0.092228
0.093115
0.093975
0.09481
0.149285
0.096534
0.097301
0.098047
0.098774
0.099482
0.100172
0.100845
0.101502
0.102143
0.102769
0.10338
0.103977
0.104561
0.105132
0.074377
0.072783
0.05532
0.056403
0.062418
0.058326
0.059189
0.059995
0.06075
0.06146
0.062129
0.062762
0.06336
0.063928
0.058407
0.072482
0.053124
0.05801
0.089128
0.059652
0.060573
0.061426
0.062218
0.062958
0.081836
0.080278
0.064605
0.087979
0.069347
0.07016
0.070918
0.085906
0.072144
0.072771
0.073364
0.073923
0.074454
0.074957
0.075436
0.07696
0.067596
0.064931
0.056548
0.068463
0.056879
0.057825
0.058706
0.059529
0.060301
0.054546
0.053517
0.055691
0.057608
0.059317
0.060854
0.092693
0.05269
0.054748
0.055768
0.058368
0.059815
0.072217
0.073438
0.074542
0.075523
0.067411
0.04521
0.050649
0.053211
0.047635
0.049388
0.083965
0.059571
0.086397
0.068724
0.053484
0.05401
0.054504
0.067041
0.064043
0.055909
0.056305
0.056681
0.05704
0.063417
0.057722
0.072963
0.066824
0.063328
0.064582
0.087842
0.066163
0.067172
0.066732
0.043306
0.044751
0.045994
0.047079
0.049757
0.051626
0.053155
0.054439
0.045664
0.051893
0.056741
0.032527
0.044783
0.044529
0.04657
0.060575
0.057093
0.059269
0.060908
0.062206
0.063268
0.0609
0.057198
0.059399
0.061058
0.06237
0.063445
0.064348
0.060013
0.057126
0.059388
0.061092
0.062339
0.057007
0.058559
0.059827
0.063693
0.059915
0.060677
0.062526
0.063989
0.065187
0.066194
0.067056
0.067807
0.068494
0.06914
0.069667
0.070144
0.070578
0.070977
0.071344
0.071684
0.071999
0.072294
0.08674
0.09277
0.097799
0.102084
0.105799
0.109063
0.114125
0.11667
0.118972
0.059322
0.056724
0.058809
0.053309
0.056206
0.058378
0.060092
0.061494
0.06267
0.063677
0.064553
0.065325
0.066012
0.066759
0.067314
0.067819
0.068283
0.06871
0.069105
0.069472
0.059322
0.056724
0.058809
0.04799
0.050715
0.052875
0.054646
0.056136
0.057415
0.058529
0.059512
0.060389
0.061177
0.062945
0.062643
0.063239
0.063788
0.064296
0.064769
0.06521
0.049491
0.052542
0.054826
0.056727
0.057841
0.059553
0.060614
0.060869
0.061696
0.062432
0.063093
0.050697
0.052226
0.053539
0.054684
0.055695
0.056597
0.059322
0.056724
0.058809
0.063562
0.072171
0.053632
0.058705
0.069557
0.069557
0.059552
0.070118
0.054701
0.101977
0.055801
0.056394
0.056941
0.057447
0.057918
0.058358
0.05877
0.059157
0.059521
0.059865
0.06019
0.060498
0.08186
0.057622
0.058838
0.059946
0.057527
0.058921
0.060348
0.046595
0.053681
0.059437
0.06486
0.070824
0.056261
0.056742
0.05719
0.05761
0.058005
0.058377
0.061473
0.061889
0.062276
0.062636
0.077346
0.077865
0.06394
0.064215
0.054798
0.055916
0.056966
0.057954
0.058887
0.059769
0.060605
0.061399
0.062154
0.062874
0.063562
0.057299
0.05421
0.059177
0.06005
0.069147
0.055502
0.056439
0.05732
0.05815
0.058934
0.059676
0.060379
0.057511
0.04837
0.04466
0.045612
0.046485
0.055867
0.056398
0.048395
0.049049
0.049662
0.050238
0.050781
0.051293
0.051778
0.052239
0.052676
0.053093
0.05349
0.05387
0.040849
0.042315
0.051494
0.049447
0.050658
0.046734
0.047573
0.048347
0.049064
0.049731
0.050352
0.050935
0.051481
0.051996
0.052482
0.052942
0.053378
0.053792
0.045564
0.046462
0.047285
0.048044
0.048746
0.049399
0.050008
0.050579
0.051114
0.051618
0.052094
0.045194
0.047127
0.048834
0.049354
0.041242
0.043713
0.044444
0.048064
0.050973
0.053385
0.04343
0.046235
0.047796
0.049204
0.039231
0.041359
0.043111
0.0508
0.045451
0.046576
0.037028
0.042319
0.042266
0.043803
0.045152
0.046351
0.047426
0.048398
0.049284
0.050094
0.050841
0.051531
0.052173
0.052771
0.05333
0.053855
0.054349
0.054815
0.055256
0.055674
0.05607
0.056447
0.056806
0.057149
0.041441
0.047058
0.048466
0.051634
0.054156
0.042568
0.04911
0.04911
0.053398
0.058498
0.046805
0.047003
0.052428
0.056195
0.046978
0.052741
0.05647
0.047003
0.052428
0.056195
0.050298
0.054379
0.057462
0.05991
0.06192
0.063614
0.047003
0.052428
0.056195
