0.458113
1.000042
0.999975
0.028231
0.049716
0.00086
0.001557
0.009053
0.999366
0.006473
0.006225
0.00223
0.274374
0.998921
0.980767
1.000099
0.903221
0.83393
0.016994
0.001407
0.029378
0.006863
0.309232
0.001295
0.928161
0.949108
0.988645
0.929527
0.239868
0.026964
0.99459
0.926213
0.984192
0.109568
0.034176
0.99888
0.96185
0.015753
0.998852
0.243075
0.999932
0.001312
0.072112
0.569619
0.388835
0.9899
0.679916
0.054242
0.674039
0.612599
0.965385
0.918687
0.204745
0.028301
0.999969
0.833151
0.055803
0.626127
0.924982
0.52788
0.013791
0.024251
0.99921
0.007562
0.178154
0.052814
0.006446
0.998631
0.105318
0.011275
0.238924
0.065405
0.010183
0.745661
0.017445
0.980061
0.998204
0.359547
0.011801
0.525038
0.230936
0.089585
0.004563
0.043529
0.235726
0.06758
1.000098
0.732708
0.00531
0.533402
0.042182
0.023922
0.564975
0.354024
0.891247
0.01893
0.034195
0.838387
0.56127
0.111191
0.118177
0.134566
0.019608
0.009939
0.924027
0.009939
0.103222
0.639227
0.088433
0.051224
0.156209
0.125926
0.463769
0.713431
0.168333
0.088768
0.99165
0.253857
0.040122
0.937074
0.053882
0.025063
0.113098
0.075711
0.659326
0.129083
0.014796
0.620971
0.167396
0.028732
0.485046
0.018425
0.98697
0.341446
0.03641
0.009577
0.153929
0.037234
0.933497
0.026582
0.080738
0.997728
0.231424
0.364862
0.915604
0.018459
0.009699
0.202417
0.555495
0.02449
0.423449
0.008624
0.019865
0.015065
0.271237
0.688395
0.008044
0.016062
0.009978
0.033487
0.37248
0.012887
0.771983
0.999454
0.897361
0.873721
0.044449
0.390686
0.016362
0.126962
0.078786
0.861152
0.97874
0.99793
0.014902
0.143536
0.197707
0.045613
0.705111
0.146959
0.407812
0.013009
0.097023
0.024942
0.813565
0.153635
0.001886
0.912529
0.555321
0.001264
0.25268
0.018993
0.425903
0.002187
0.128465
0.007305
0.005821
0.017761
0.104106
0.005493
0.580971
0.68731
0.326234
0.014334
0.018594
0.075803
0.28183
0.021923
0.293287
0.381381
0.003182
0.398742
0.010611
0.016774
0.407815
0.066788
0.00587
0.041027
0.369139
0.087168
0.990305
0.057465
0.923718
0.005453
0.996537
0.034953
0.001634
0.017308
0.045414
0.009802
0.748162
0.967685
0.038829
0.716307
0.027512
0.163584
0.031893
0.001369
0.062435
0.00823
0.109387
0.007731
0.492795
0.075559
0.016535
0.059258
0.151449
0.201075
0.49361
0.01633
0.03421
0.296791
0.996594
0.028357
0.610827
0.084753
0.082925
0.307091
0.372153
0.686457
0.134242
0.074357
0.20886
0.41288
0.115255
0.056984
0.157101
0.080522
0.156324
0.437523
0.830495
0.044758
0.128941
0.677475
0.350159
0.682268
0.836506
0.99971
0.132856
0.118722
0.038186
0.009737
0.804321
0.736366
0.133782
0.016617
0.012273
0.068563
0.110502
0.033467
0.964546
0.094368
0.009669
0.185844
0.252589
0.139435
0.178734
0.145249
0.017619
0.120008
0.206463
0.148732
0.046003
0.062155
0.061745
0.923226
0.855172
0.043658
0.033733
0.629208
0.917513
0.176894
0.063941
0.033979
0.063133
0.373945
0.20201
0.021291
0.746172
0.048542
0.208716
0.834797
0.481708
0.372941
0.040947
0.088547
0.300109
0.019008
0.484142
0.019008
0.030392
0.030392
0.079492
0.141445
0.976905
0.994907
0.182358
0.866327
0.020215
0.935766
0.143942
0.008614
0.227122
0.136605
0.029252
0.028214
0.068316
0.100232
0.179244
0.017789
0.238765
0.686321
0.010825
0.133598
0.971218
0.782224
0.144443
0.005149
0.007149
0.329433
0.94106
0.011349
0.009236
0.939319
0.044796
0.034764
0.392088
0.017635
0.059025
0.24166
0.843544
0.033321
0.009089
0.009278
0.475927
0.068577
0.005015
0.012809
0.023876
0.010862
0.002307
0.001746
0.918723
0.003967
0.119812
0.065346
0.986008
0.196909
0.038996
0.066157
0.083187
0.181889
0.355689
0.00354
0.517846
0.057145
0.068421
0.204337
0.476841
0.125914
0.602317
0.059552
0.80536
0.014426
0.218512
0.008925
0.014178
0.417386
0.077066
0.222457
0.748334
0.014581
0.022103
0.998331
0.261234
0.014538
0.528668
0.048422
0.271327
0.232113
0.50885
0.03939
0.821094
0.041467
0.064169
0.144228
0.041333
0.343069
0.997499
0.98422
0.047947
0.924812
0.204771
0.893498
0.256212
0.554325
0.111254
0.387971
0.080244
0.376356
0.477043
0.571865
1.000072
0.06882
0.39865
0.075815
0.911391
0.658352
0.03552
0.019066
0.618032
0.034964
0.53496
0.00819
0.837618
0.06085
0.062821
0.007362
0.998123
0.070042
0.012192
0.031804
0.033226
0.280629
0.037324
0.171663
0.023455
0.005796
0.0739
0.064679
0.028884
0.051222
0.079077
0.042815
0.99938
0.033221
0.003677
0.002285
0.124493
0.00949
0.041677
0.001483
0.009438
0.477974
0.16791
0.46596
0.002668
0.010971
0.156406
0.016228
0.135218
0.983717
0.007376
0.255682
0.006087
0.420083
0.032435
0.003533
0.033051
0.143451
0.007376
0.035762
0.25092
0.007376
0.03885
0.03885
0.414157
0.390733
0.096542
0.395969
0.040258
0.948429
0.21964
0.248495
0.056139
0.863895
0.263047
0.707669
0.041127
0.0563
0.068567
0.540593
0.268052
0.975352
0.489618
0.020736
0.20547
0.998373
0.044351
0.945593
0.047196
0.014077
0.009768
0.025494
0.026832
0.395252
0.140249
0.122585
0.17407
0.031666
0.015504
0.027281
0.057028
0.02222
0.763384
0.045406
0.054215
0.031484
0.021401
0.048676
0.021401
0.093852
0.021401
0.938678
0.028892
0.722419
0.094923
0.057789
0.021401
0.031498
0.295438
0.577768
0.977604
0.0184
0.862106
0.0184
0.718056
0.01927
0.015077
0.581997
0.620225
0.100045
0.062661
0.081704
0.129334
0.180221
0.356548
0.106276
0.102132
0.057946
0.189121
0.004681
0.983759
0.823605
0.019627
0.046303
0.05768
0.507776
0.947839
0.20097
0.995399
0.154561
0.019787
0.054179
0.012831
0.12917
0.712217
0.027701
0.188817
0.035482
0.999458
0.010485
0.037936
0.838015
0.066024
0.047344
0.151909
0.222582
0.885158
0.046477
0.249788
0.218091
0.013749
0.170571
0.899168
0.004945
0.438782
0.081383
0.899138
0.048899
0.026654
0.031141
0.055602
0.426861
0.834005
0.974355
0.015853
0.937871
0.023838
0.264312
0.055329
0.019682
0.405786
0.11813
0.426446
0.096774
0.055969
0.162068
0.04837
0.274127
0.057244
0.012546
0.283556
0.476396
0.649036
0.642674
0.192251
0.46587
0.053421
0.105418
0.330023
0.130947
0.18067
0.023698
0.030389
0.127924
0.08113
0.055803
0.148498
0.621193
0.045
0.631851
0.732764
0.810771
0.533426
0.685159
0.030334
0.036473
0.19616
0.685783
0.061521
0.086051
0.023723
0.300595
0.234088
0.153613
0.045756
0.041563
0.809438
0.038836
0.778214
0.113101
0.692236
0.229071
0.124067
0.141158
0.061109
0.084533
0.525896
0.138174
0.135426
0.988731
0.46932
0.100853
0.009284
0.672856
0.1905
0.168725
0.028447
0.04869
0.054466
0.400535
0.285371
0.594008
0.081011
0.452366
0.032531
0.197568
0.006472
0.121257
0.299808
0.104776
0.192573
0.694928
0.047735
0.536145
0.03234
0.050707
0.851847
0.214509
0.213067
0.682814
0.241093
0.01851
0.041492
0.025694
0.976409
0.29194
0.013396
0.061866
0.797322
0.479955
0.283831
0.039904
0.993195
0.157177
0.503234
0.120041
0.441677
0.056109
0.778055
0.020852
0.287257
0.020852
0.13833
0.269281
0.027446
0.796042
0.270647
0.063395
0.128927
0.321797
0.131351
0.336662
0.831653
0.083811
0.036061
0.183666
0.099782
0.144979
0.885585
0.000247
0.001135
0.004418
0.003698
0.041005
0.008288
0.01982
0.000228
0.003504
0.000727
0.00657
0.0048
0.003196
0.000361
0.000347
0.018727
0.004049
0.004685
0.000258
0.002379
0.005925
0.007456
0.002892
0.006626
0.008716
0.006304
0.285252
0.007178
0.409326
0.255469
0.007965
0.15677
0.231128
0.060797
0.011863
0.053569
0.92022
0.510847
0.116272
0.003602
0.038484
0.345859
0.108012
0.141442
0.01235
0.999309
0.673018
0.832857
0.9034
0.041718
0.258838
0.004346
0.001385
0.034881
0.025492
0.482523
0.211603
0.018863
0.118161
0.036296
0.206902
0.081046
0.198849
0.954939
0.279215
0.397878
0.024262
0.092808
0.324343
0.106867
0.214764
0.045134
0.156034
0.955276
0.078465
0.172539
0.070176
0.077011
0.865363
0.040363
0.345823
0.066253
0.167287
0.137824
0.195273
0.061576
0.963652
0.115434
0.168517
0.009601
0.999919
0.053016
0.009601
0.011922
0.76766
0.325799
0.015344
0.041723
0.018689
0.5105
0.054753
0.035411
0.061124
0.26772
0.004035
0.691704
0.789617
0.57706
0.930694
0.150935
0.953072
0.097208
0.225903
0.0201
0.023077
0.07369
0.588056
0.025252
0.486377
0.765001
0.969886
0.359163
0.037648
0.501558
0.237276
0.018489
0.092283
0.086385
0.99927
0.01325
0.002149
0.002872
0.269829
0.004524
0.021573
0.017261
0.120539
0.20573
0.035809
0.116906
0.236563
0.008855
0.034563
0.9995
0.006148
0.99228
0.310033
0.068665
0.135814
0.01891
0.02769
0.322261
0.04485
0.836928
0.03412
0.015981
0.056552
0.001367
0.048078
1.000099
0.140038
0.057287
0.095455
0.015424
0.043743
0.041895
0.005969
0.054388
0.071983
0.057164
0.011623
0.020321
0.208446
0.009874
0.051163
0.004445
0.026863
0.011623
0.019553
0.010893
0.328252
0.077079
0.23269
0.109498
0.521985
0.937784
0.752574
0.373703
0.559714
0.015329
0.996522
0.016838
0.027816
0.052784
0.242953
0.351183
0.028603
0.122597
0.178533
0.241903
0.687058
0.115262
0.250697
0.098619
0.00759
0.025826
0.022429
0.239094
0.074189
0.375473
0.037288
0.008646
0.028569
0.168229
0.013089
0.00471
0.092796
0.205927
0.137671
0.027369
0.012701
0.620597
0.001182
0.005911
0.891823
0.07034
0.051635
0.05797
0.05797
0.024222
0.221724
0.095435
0.376774
0.016972
0.028671
0.177477
0.046769
0.166756
0.065437
0.055854
0.526627
0.1047
0.302284
0.064398
0.069786
0.03502
0.087655
0.843864
0.022038
0.045921
0.022038
0.022038
0.678658
0.098997
0.260351
0.027927
0.035188
0.144694
0.220385
0.038853
0.085618
0.953701
0.186513
0.057323
0.017964
0.976295
0.137431
0.073426
0.888087
0.056184
0.05769
0.036856
0.225057
0.036568
0.027198
0.017251
0.068129
0.019722
0.248652
0.039574
0.017743
0.405539
0.065262
0.03901
0.038963
0.031651
0.014837
0.059101
0.105253
0.883706
0.079335
0.065269
0.074534
0.110566
0.074229
0.03257
0.011675
0.050263
0.034514
0.027335
0.014987
0.011675
0.011675
0.810036
0.162974
0.24
0.434095
0.991327
0.011675
0.109231
0.070753
0.062811
0.09363
0.07815
0.366397
0.22068
0.341784
0.062977
0.815849
0.647644
0.041057
0.021599
0.411011
0.402145
0.176888
0.120838
0.931989
0.331321
0.737831
0.187807
0.090093
0.975877
0.019474
0.999215
0.024717
0.191431
0.000899
0.875457
0.01189
0.017017
0.182727
0.196319
0.338121
0.003071
0.016015
0.020268
0.071614
0.302722
0.015322
0.014521
0.009025
0.029537
0.040725
0.000665
0.19564
0.017224
0.175097
0.060894
0.040142
0.386577
0.095731
0.018855
0.045846
0.140179
0.049262
0.353853
0.116836
0.989595
0.183252
0.015241
0.687671
0.946906
0.203475
0.152738
0.040305
0.140437
0.020599
0.143917
0.101124
0.609322
0.00373
0.007524
0.024515
0.002704
0.271369
0.025077
0.03234
0.016526
0.619272
0.015149
0.002645
0.072666
0.065342
0.014482
0.01928
0.107296
0.00214
0.011701
0.141374
0.026737
0.497069
0.095356
0.029893
0.038894
0.018323
0.043276
0.137126
0.036523
0.045003
0.07865
0.022078
0.067678
0.089295
0.074578
0.03472
0.121707
0.085236
0.614894
0.048207
0.167928
0.08548
0.10828
0.288946
0.954314
0.042519
0.002408
0.009935
0.937469
0.038798
0.840915
0.020173
0.037634
0.03982
0.180471
0.878922
0.442064
0.140983
0.009539
0.999097
0.074708
0.208896
0.052062
0.114118
0.038233
0.035228
0.99296
0.203074
0.034663
0.37532
0.029263
0.902602
0.094797
0.002511
0.023438
0.018666
0.002558
0.046072
0.093527
0.897367
0.986222
0.060395
0.333825
0.007615
0.108205
0.586118
0.976847
0.120366
0.143612
0.083749
0.201302
0.995612
0.002168
0.548092
0.01258
0.369453
0.592348
0.359072
0.032818
0.064449
0.323628
0.481484
0.052457
0.059622
0.775573
0.818434
0.151642
0.81924
0.985577
0.163875
0.075365
0.149588
0.092177
0.139647
0.660532
0.031331
0.999786
0.268671
0.037764
0.253454
0.305489
0.037764
0.342401
0.042679
0.099681
0.460311
0.033361
0.027382
0.064646
0.100539
0.033361
0.033098
0.015594
0.076949
0.515093
0.036656
0.563274
0.520537
0.099487
0.372139
0.066739
0.147616
0.035766
0.060088
0.26175
0.79815
0.134856
0.379063
0.042485
0.686105
0.293051
0.114417
0.046903
0.761833
0.07074
0.268641
0.995887
0.022333
0.500258
0.534478
0.05886
0.061694
0.029446
0.096866
0.553391
1.00005
0.918153
0.008684
0.02318
0.020091
0.092967
0.05307
0.049958
0.007231
0.150919
0.153576
0.114302
0.063459
0.000338
0.000188
0.006491
0.011975
0.001398
0.011103
0.99471
0.00447
0.999921
0.004509
0.007228
0.754508
0.000932
0.304008
0.99983
0.031642
0.052541
0.000199
0.000141
0.494587
0.00095
0.028415
0.000141
0.015436
0.71374
0.12839
0.020826
0.069706
0.402921
0.000356
0.062398
0.023859
0.269338
0.119954
0.080093
0.248349
0.142272
0.256263
0.101089
0.382016
0.116453
0.065638
0.071352
0.101135
0.028519
0.002699
0.034768
0.031413
0.018453
0.001829
0.020574
0.993016
0.354645
0.188873
0.018977
0.186543
0.461908
0.906801
0.006869
0.990343
0.001829
0.979167
0.017774
0.115372
0.089016
0.416195
0.075516
0.057248
0.033138
0.2264
0.016105
0.123244
0.044338
0.026324
0.193292
0.028607
0.002686
0.011056
0.00716
0.050555
0.02301
0.563466
0.013779
0.019061
0.008077
0.034057
0.851568
0.108082
0.810478
0.00888
0.005601
0.012315
0.056924
0.01585
0.441007
0.003477
0.999214
0.037877
0.02607
0.051197
0.015334
0.069225
0.999497
0.014959
0.064593
0.125041
0.341348
0.073316
0.847445
0.267655
0.035
0.019288
0.244089
0.039742
0.01852
0.025091
0.02233
0.045902
0.078523
0.083192
0.124852
0.064312
0.673692
0.495952
0.732749
0.998731
0.785992
0.14155
0.014517
0.027975
0.043019
0.008776
0.466422
0.399036
0.004244
0.012831
0.660727
0.512461
0.275381
0.023414
0.004475
0.163634
0.577157
0.999172
0.07601
0.015021
0.675381
0.007797
0.103713
0.130557
0.49322
0.104056
0.073069
0.54342
0.136361
0.033577
0.123008
0.159678
0.020857
0.523589
0.28443
0.027568
0.102503
0.020857
0.166889
0.129534
0.00575
0.039026
0.741184
0.177489
0.159174
0.15281
0.583798
0.031154
0.129181
0.018209
0.072648
0.057316
0.079933
0.594897
0.036778
0.97852
0.239339
0.430064
0.961626
0.841388
0.994002
0.446979
0.05929
0.247724
0.251716
0.031459
0.027049
0.016519
0.668169
0.157184
0.061028
0.070835
0.239505
0.361483
0.016519
0.305325
0.188352
0.169174
0.195014
0.054175
0.165673
0.014623
0.092696
0.027194
0.820131
0.014623
0.039912
0.262472
0.033201
0.021812
0.531513
0.047676
0.061271
0.975614
0.073455
0.080247
0.335731
0.04731
0.128907
0.158124
0.049855
0.128291
1.000083
0.003521
0.067248
0.134355
0.155091
0.005407
0.00956
0.987124
0.008321
0.835886
0.886527
0.006248
0.200431
0.016378
0.034793
0.053829
0.002086
0.939487
0.303112
0.015477
0.153692
0.002086
0.041194
0.002086
0.018376
0.016103
0.206281
0.009606
0.09029
0.020322
0.362063
0.105513
0.088969
0.973617
0.749649
0.047601
0.823467
0.030409
0.07559
0.001936
0.0131
0.020063
0.003754
0.022975
0.02257
0.022406
0.057039
0.004133
0.652371
0.153431
0.658717
0.057554
0.0149
0.41941
0.268339
0.256135
0.291523
0.164871
0.166735
0.073942
0.057859
0.183791
0.022662
0.044868
0.164948
0.05253
0.05959
0.068053
0.474934
0.09116
0.038745
0.038745
0.038745
0.038745
0.140645
0.255326
0.177803
0.147263
0.260432
0.489017
0.075475
0.566466
0.091375
0.196512
0.584958
0.105144
0.046038
0.057043
0.054951
0.417925
0.032201
0.065922
0.083035
0.054504
0.065021
0.152084
0.567285
0.169991
0.172955
0.101854
0.041939
0.061561
0.519377
0.121001
0.092485
0.818375
0.789332
0.131384
0.09621
0.213945
0.052746
0.052746
0.060465
0.045947
0.035736
0.228099
0.235914
0.982524
0.102277
0.185316
0.045944
0.106351
0.121174
0.036261
0.067781
0.076245
0.140351
0.055414
0.047736
0.050441
0.596304
0.134558
0.118689
0.085649
0.409658
0.053608
0.114139
0.175648
0.211725
0.037632
0.323648
0.989525
0.099116
0.428487
0.418481
0.464403
0.493906
0.023133
0.906087
0.660694
0.975271
0.99892
0.042047
0.011423
0.88834
0.051068
0.006044
0.122617
0.445387
0.843457
0.020038
0.478325
0.828495
0.740532
0.022581
0.006299
0.055029
0.354049
0.419656
0.077243
0.645942
0.19496
0.016747
0.02739
0.575443
0.175502
0.324101
0.474011
0.175379
0.090987
0.089117
0.012363
0.636909
0.022007
0.367407
0.983945
0.045562
0.260082
0.09281
0.525066
0.181418
0.226543
0.021812
0.039714
0.20686
0.026898
0.058688
0.112733
0.509276
0.16077
0.093839
0.029559
0.047939
0.084718
0.057568
0.707109
0.029732
0.001668
0.804532
0.01512
0.007507
0.09394
0.416338
0.544525
0.945755
0.14967
0.106539
0.339176
0.123632
0.200657
0.052774
0.035521
0.17775
0.05994
0.024366
0.050221
0.964213
0.126164
0.012927
0.996449
0.015062
0.433785
0.970511
0.07707
0.102943
0.007049
0.018393
0.055493
0.035452
0.052223
0.068352
0.009838
0.125671
0.081989
0.058326
0.00585
0.015019
0.043246
0.041436
0.673165
0.07491
0.048259
0.463736
0.073521
0.008824
0.241277
0.142251
0.050004
0.025408
0.065785
0.042959
0.029851
0.037596
0.087635
0.023662
0.090284
0.339879
0.047899
0.73354
0.032816
0.0052
0.005938
0.013483
0.03195
0.004002
0.006337
0.024465
0.051229
0.997321
0.151216
0.588731
0.076015
0.164742
0.077961
0.103193
0.154072
0.620178
0.290866
0.103939
0.211353
0.478923
0.143118
0.035237
0.134369
0.159587
0.063998
0.384848
0.097967
0.253924
0.249037
0.03879
0.065269
0.124522
0.148129
0.15144
0.091294
0.172946
0.13712
0.112915
0.078317
0.038
0.133288
0.17343
0.181857
0.060806
0.00651
0.232023
0.004091
0.015514
0.021737
0.599861
0.267513
0.006488
0.119738
0.001137
0.002142
0.831914
1.000097
0.011649
0.363284
0.000872
0.01776
0.104501
0.039508
0.065948
0.391081
0.047946
0.30107
0.420301
0.018562
0.112374
0.039392
0.176585
0.071918
0.011236
0.09524
0.479198
0.0868
0.061078
0.043094
0.263556
0.034492
0.057595
0.005194
0.586338
0.00339
0.027383
0.008747
0.998108
0.003568
0.027585
0.999527
0.271713
0.014353
0.008643
0.001564
0.122214
0.330669
0.028997
0.004327
0.030027
0.022934
0.959237
0.042343
0.026593
0.099521
0.952199
0.957556
0.10935
0.038709
0.131235
0.259144
0.270052
0.01165
0.014716
0.043414
0.254664
0.003292
0.002551
0.648074
0.033943
0.083982
0.740558
0.007487
0.001902
0.473408
0.02345
0.001842
0.033859
0.00813
0.006883
0.002626
0.014736
0.009084
0.204668
0.894589
0.044627
0.883672
0.084577
0.186792
0.206595
0.014961
0.040481
0.928215
0.115363
0.009083
0.015831
0.014595
0.017186
0.001736
0.199374
0.03037
0.0069
0.066669
0.005773
0.030745
0.007809
0.044253
0.26118
0.051413
0.158119
0.045032
0.013694
0.331846
0.057482
0.0632
0.195662
0.013351
0.013413
0.002987
0.101882
0.028735
0.008398
0.330027
0.025755
0.050875
0.002451
0.032241
0.082371
0.096117
0.867025
0.029797
0.057937
0.922111
0.045676
0.045676
0.033986
0.054251
0.164394
0.235425
0.279674
0.564828
0.044721
0.013484
0.016894
0.310456
0.325988
0.337896
0.018553
0.035707
0.346826
0.353702
0.359373
0.200779
0.36413
0.368175
0.106378
0.096702
0.371658
0.374687
0.377345
0.379697
0.381792
0.150657
0.383671
0.385364
0.056284
0.04898
0.052746
0.055647
0.476351
0.012847
0.308977
0.044757
0.016548
0.087736
0.054393
0.03628
0.071663
0.056204
0.00286
0.016835
0.329975
0.022605
0.613467
0.045076
0.070453
0.58463
0.88776
0.114144
0.053134
0.004836
0.262763
0.361825
0.006056
0.994159
0.004764
0.288056
0.006056
0.030576
0.055352
0.075515
0.030576
0.063309
0.01734
0.015815
0.019541
0.153059
0.115149
0.076122
0.012142
0.002727
0.193251
0.139581
0.069103
0.337165
0.197945
0.035134
0.015444
0.034979
0.2792
0.012086
0.136786
0.024518
0.012137
0.064509
0.022466
0.021052
0.067253
0.009593
0.068645
0.088766
0.040079
0.00642
0.015883
0.00642
0.198181
0.182255
0.948953
0.01544
0.00642
0.029006
0.640261
0.031724
0.013797
0.010542
0.076607
0.011787
0.050338
0.155548
0.097018
0.359947
0.012574
0.010918
0.08609
0.025921
0.033591
0.039878
0.13756
0.206504
0.999766
0.034532
0.923025
0.229322
0.006773
0.0327
0.097703
0.288125
0.006773
0.001988
0.183649
0.017321
0.016504
0.295324
0.059715
0.264704
0.072257
0.026496
0.009461
0.040418
0.01548
0.014746
0.06602
0.066358
0.057809
0.004255
0.117441
0.007222
0.272532
0.030187
0.068175
0.044651
0.052622
0.104532
0.136273
0.222445
0.082885
0.168271
0.103211
0.153921
0.081877
0.129845
0.040531
0.023221
0.357827
0.116141
0.190202
0.026899
0.04986
0.08912
0.044109
0.002197
0.027984
0.010956
0.048663
0.015462
0.98295
0.013518
0.21014
0.004727
0.013321
0.075919
0.117039
0.089404
0.316489
0.855341
0.118015
0.017801
0.201883
0.389145
0.896203
0.18957
0.978163
0.051304
0.07559
0.188175
0.062735
0.101112
0.085979
0.297889
0.840651
0.061639
0.098524
0.039252
0.948703
0.059916
0.078471
0.109763
0.527753
0.124608
0.205097
0.060169
0.08556
0.179989
0.075805
0.104882
0.973312
0.020683
0.020683
0.094182
0.036236
0.059949
0.096748
0.02923
0.058567
0.205281
0.183542
0.049225
0.107688
0.039689
0.068366
0.052682
0.0101
0.093944
0.057378
0.001765
0.035352
0.023611
0.016466
0.075041
0.066154
0.0173
0.013842
0.013498
0.010076
0.004513
0.907064
0.077205
0.063754
0.014244
0.021355
0.107171
0.044139
0.212415
0.025475
0.024594
0.033159
0.007945
0.031451
0.277447
0.097933
0.044489
0.070679
0.079171
0.026742
0.163508
0.065945
0.502417
0.036679
0.77578
0.036679
0.898583
0.427282
0.268843
0.017321
0.080297
0.088454
0.011222
0.318538
0.122389
0.011222
0.705627
0.01312
0.032275
0.141702
0.134385
0.048091
0.023411
0.023411
0.094414
0.033524
0.162838
0.04061
0.093513
0.07123
0.038934
0.061822
0.063143
0.022249
0.049171
0.012147
0.080929
0.331184
0.012147
0.012147
0.113749
0.087906
0.154628
0.162464
0.34565
0.530387
0.071056
0.056087
0.007377
0.098804
0.015614
0.095159
0.849463
0.020822
0.05051
0.680861
0.99877
0.003983
0.055051
0.420448
0.206224
0.034416
0.034121
0.011721
0.839707
0.038202
0.050607
0.129607
0.621078
0.020526
0.07695
0.115793
0.029875
0.022902
0.092414
0.06706
0.09829
0.058294
0.060565
0.024037
0.027291
0.063684
0.018932
0.205702
0.270645
0.617796
0.033361
0.023682
0.002231
0.170438
0.013084
0.004892
0.00648
0.001269
0.001613
0.068202
0.158509
0.013318
0.840272
0.028595
0.008146
0.348741
0.020876
0.039769
0.014129
0.048174
0.043177
0.48974
0.275349
0.031676
0.087499
0.061966
0.089923
0.039673
0.109824
0.080396
0.070029
0.096037
0.016665
0.022542
0.090455
0.102592
0.016272
0.045705
0.045705
0.549019
0.066642
0.030332
0.058326
0.041837
0.227953
0.005897
0.047432
0.08125
0.064783
0.233456
0.054306
0.045933
0.054568
0.119421
0.042975
0.281364
0.820043
0.177732
0.033202
0.06862
0.060725
0.21371
0.081684
0.079686
0.235397
0.501811
0.064251
0.299252
0.085983
0.096307
0.284127
0.43601
0.130681
0.214294
0.09828
0.229279
0.212178
0.122187
0.888205
0.081141
0.077079
0.071476
0.258844
0.024606
0.004686
0.075702
0.016998
0.116567
0.003029
0.135688
0.052094
0.022643
0.01835
0.11617
0.129653
0.008625
0.547278
0.001824
0.265517
0.573021
0.087284
0.010977
0.015485
0.067859
0.045964
0.565513
0.128453
0.029421
0.773887
0.029421
0.398003
0.563965
0.025244
0.138737
0.015793
0.580947
0.151527
0.075348
0.699014
0.073794
0.105088
0.078028
0.078028
0.039884
0.052163
0.065842
0.219678
0.068486
0.072952
0.057332
0.128475
0.068914
0.295701
0.074154
0.071432
0.050031
0.050031
0.331194
0.024411
0.419793
0.063204
0.063204
0.063204
0.051276
0.193228
0.199347
0.024221
0.156434
0.339835
0.076928
0.157488
0.033538
0.626717
0.007412
0.009485
0.055097
0.007412
0.069646
0.107885
0.098166
0.109621
0.094837
0.116724
0.068631
0.197017
0.179529
0.061608
0.042101
0.299581
0.408755
0.052822
0.52864
0.078589
0.137369
0.036947
0.087143
0.452131
0.092676
0.00802
0.030159
0.030982
0.030622
0.174177
0.017835
0.002503
0.013043
0.077634
0.323006
0.347573
0.161396
0.138944
0.247411
0.291207
0.948002
0.035657
0.009721
0.052475
0.070112
0.004667
0.093195
0.058871
0.041537
0.050242
0.030698
0.237536
0.207529
0.027084
0.059569
0.027084
0.028505
0.095703
0.243999
0.054351
0.019826
0.17706
0.836764
0.028787
0.064553
0.022467
0.046174
0.053381
0.094071
0.045733
0.045733
0.045733
0.102403
0.533847
0.041242
0.095291
0.44868
0.106031
0.254638
0.510773
0.098579
0.0322
0.319202
0.428128
0.036879
0.005189
0.020135
0.005189
0.031407
0.046018
0.115032
0.066826
0.146487
0.010548
0.044535
0.029836
0.063981
0.26831
0.250716
0.168321
0.800291
0.135156
0.047889
0.147808
0.080111
0.036743
0.033823
0.036743
0.032722
0.211252
0.088946
0.606309
0.061248
0.104027
0.079682
0.213957
0.094008
0.032748
0.056506
0.006554
0.110278
0.125038
0.096211
0.135364
0.183023
0.022339
0.013852
0.023465
0.055943
0.834513
0.017566
0.043449
0.045366
0.043057
0.092631
0.118694
0.098873
0.019789
0.052003
0.112629
0.071208
0.032314
0.046852
0.014415
0.114425
0.018599
0.12838
0.167297
0.037987
0.072778
0.033836
0.047157
0.129116
0.254215
0.564587
0.458285
0.118836
0.08321
0.044575
0.038461
0.026587
0.225858
0.110703
0.364
0.158814
0.080736
0.765359
0.078208
0.052962
0.465773
0.307539
0.06919
0.025435
0.096633
0.089786
0.643185
0.088335
0.049088
0.115232
0.167563
0.061838
0.268916
0.020051
0.02594
0.735259
0.063101
0.277357
0.200399
0.646551
0.035481
0.053089
0.040154
0.268018
0.123325
0.07508
0.570059
0.060184
0.099719
0.012943
0.206987
0.912049
0.059016
0.051608
0.348627
0.014715
0.013675
0.010369
0.077323
0.144133
0.007503
0.019898
0.034825
0.024924
0.176392
0.007386
0.046894
0.012175
0.339644
0.137324
0.124392
0.621297
0.678465
0.441294
0.696625
0.032012
0.006292
0.058559
0.655575
0.108135
0.09802
0.010211
0.003256
0.045749
0.011327
0.104996
0.012239
0.060778
0.202382
0.007986
0.042146
0.031946
0.033805
0.064065
0.011035
0.011035
0.011035
0.011035
0.938155
0.011035
0.762574
0.294521
0.023193
0.319359
0.056822
0.056822
0.586651
0.357494
0.054045
0.048535
0.068174
0.761611
0.076448
0.117082
0.427507
0.659715
0.036007
0.241859
0.044545
0.020362
0.033738
0.043302
0.045954
0.021614
0.266649
0.623902
0.021614
0.021614
0.629925
0.631987
0.654764
0.167322
0.262295
0.066789
0.097733
0.09692
0.062337
0.070347
0.308931
0.209385
0.237779
0.580157
0.973181
0.043829
0.076776
0.123084
0.244374
0.106685
0.311197
0.032421
0.109358
0.058979
0.026711
0.137948
0.100976
0.022104
0.017566
0.040904
0.181977
0.041362
0.048311
0.893334
0.289478
0.092769
0.198835
0.111705
0.063556
0.472629
0.008585
0.446988
0.008585
0.272476
0.154493
0.021814
0.037682
0.191956
0.15016
0.02815
0.02815
0.178848
0.024684
0.024684
0.033567
0.024684
0.069088
0.555523
0.024684
0.069632
0.094145
0.02766
0.186856
0.02766
0.052217
0.088643
0.285153
0.027777
0.051247
0.071998
0.384502
0.085555
0.036809
0.47471
0.026707
0.026707
0.153788
0.007721
0.026542
0.004912
0.060982
0.006002
0.563224
0.010443
0.008453
0.187948
0.015989
0.006166
0.030576
0.387299
0.319244
0.031167
0.076388
0.048389
0.088424
0.372805
0.048975
0.06495
0.209809
0.014667
0.193251
0.139581
0.049735
0.085719
0.261894
0.047337
0.024933
0.018417
0.038672
0.157542
0.028105
0.117714
0.080386
0.7651
0.018638
0.094799
0.67232
0.018638
0.157561
0.018638
0.028254
0.064384
0.10001
0.044737
0.030426
0.023246
0.096917
0.100291
0.039601
0.032774
0.153368
0.033525
0.052333
0.07257
0.210046
0.095687
0.041508
0.042128
0.059702
0.102686
0.036684
0.043099
0.606551
0.782708
0.023611
0.146637
0.109824
0.288061
0.330903
0.103596
0.054451
0.040411
0.972517
0.093816
0.021667
0.016837
0.000277
0.016283
0.535587
0.000164
0.000164
0.000223
0.013645
0.063448
0.116876
0.752783
0.003107
0.078042
0.127489
0.072374
0.024989
0.060978
0.381816
0.034581
0.067513
0.030852
0.968853
0.060471
0.339728
0.100232
0.151143
0.314385
0.072057
0.009442
0.661425
0.051629
0.796967
0.077823
0.068751
0.030882
0.225409
0.055298
0.023178
0.020383
0.085373
0.100238
0.049756
0.138668
0.015994
0.099996
0.361997
0.02147
0.091631
0.040848
0.099833
0.038563
0.042506
0.037098
0.052426
0.113937
0.010933
0.05564
0.029276
0.010933
0.010933
0.646566
0.073444
0.010933
0.034291
0.027483
0.12847
0.063243
0.034813
0.389819
0.069301
0.034813
0.065695
0.159926
0.160252
0.017256
0.955615
0.024854
0.087695
0.062968
0.847173
0.046059
0.062968
0.041066
0.046059
0.14833
0.001342
0.001995
0.723748
0.055779
0.001867
0.013058
0.040588
0.871276
0.953681
0.00536
0.012854
0.002409
0.128997
0.016201
0.016201
0.046323
0.001629
0.001342
0.392253
0.008819
0.001342
0.029881
0.605694
0.003987
0.35052
0.433266
0.56238
0.034986
0.018888
0.008338
0.099326
0.063233
0.070342
0.218307
0.060709
0.134501
0.008338
0.03625
0.142582
0.112586
0.59301
0.019961
0.022545
0.042923
0.062365
0.034406
0.010506
0.233116
0.017666
0.136994
0.002724
0.040447
0.069417
0.08534
0.002462
0.015579
0.00156
0.482301
0.069582
0.010101
0.063691
0.021936
0.030691
0.023296
0.068141
0.049186
0.061287
0.021936
0.171229
0.060614
0.707681
0.206169
0.173554
0.565442
0.079444
0.102576
0.300336
0.07838
0.060414
0.049978
0.015455
0.062178
0.169916
0.139042
0.945492
0.177808
0.289237
0.942199
0.049295
0.030037
0.207353
0.057657
0.010204
0.247738
0.007173
0.04281
0.164211
0.029837
0.19331
0.030073
0.006006
0.105316
0.503472
0.040419
0.054524
0.096511
0.421404
0.079744
0.077807
0.871558
0.811272
0.050278
0.033775
0.070462
0.251172
0.115482
0.067022
0.18605
0.059852
0.086922
0.070477
0.071533
0.126206
0.141044
0.697109
0.019655
0.006681
0.004183
0.045571
0.026116
0.031437
0.046509
0.004183
0.023552
0.047
0.546268
0.090002
0.375041
0.35415
0.106791
0.060147
0.065312
0.080409
0.053441
0.137125
0.352882
0.039028
0.039028
0.090064
0.11777
0.588966
0.047485
0.116231
0.044763
0.190461
0.148673
0.077213
0.215261
0.122599
0.011993
0.011993
0.027568
0.021768
0.023993
0.031082
0.070418
0.362586
0.01521
0.089398
0.227783
0.088977
0.07892
0.334076
0.969702
0.193511
0.025301
0.118412
0.214377
0.056453
0.080799
0.114216
0.161658
0.148401
0.102095
0.202709
0.124026
0.696537
0.15121
0.027805
0.095421
0.018811
0.053686
0.003897
0.05359
0.037159
0.197061
0.445228
0.084268
0.208923
0.029785
0.058652
0.031746
0.023531
0.041087
0.992088
0.092796
0.02475
0.011147
0.095613
0.044107
0.009168
0.008245
0.006247
0.08601
0.013653
0.178806
0.008245
0.169398
0.002939
0.105338
0.323137
0.270014
0.225963
0.001075
0.011289
0.000873
0.000873
0.017661
0.034712
0.001827
0.010066
0.010066
0.160138
0.081345
0.10847
0.057807
0.186084
0.047561
0.742842
0.134433
0.062906
0.036187
0.076888
0.130896
0.174099
0.106984
0.083395
0.160321
0.133935
0.066074
0.065153
0.317938
0.161089
0.016
0.049927
0.040128
0.028171
0.059123
0.010605
0.03327
0.075022
0.056968
0.028825
0.294053
0.047527
0.166255
0.263891
0.084005
0.063349
0.104553
0.09066
0.199975
0.077073
0.087589
0.062986
0.057867
0.249072
0.088989
0.012714
0.210947
0.384811
0.036323
0.13391
0.303552
0.036897
0.199537
0.11607
0.061425
0.165038
0.064329
0.283761
0.042519
0.046986
0.23825
0.041009
0.18082
0.116151
0.007206
0.007206
0.009541
0.009356
0.009541
0.039138
0.324163
0.038229
0.038229
0.009356
0.460063
0.007206
0.156181
0.058837
0.058837
0.081775
0.058819
0.064528
0.052784
0.052534
0.020528
0.100069
0.063077
0.072888
0.791485
0.105782
0.035898
0.030782
0.060544
0.065885
0.446303
0.017825
0.014523
0.091255
0.029998
0.235188
0.260174
0.056814
0.013337
0.016192
0.025179
0.014728
0.036344
0.314563
0.001433
0.045501
0.013987
0.019381
0.971139
0.330623
0.015185
0.010458
0.110877
0.054411
0.936024
0.018133
0.027892
0.104771
0.032678
0.437221
0.12386
0.135736
0.499052
0.126767
0.306928
0.481012
0.106068
0.095732
0.038435
0.736838
0.184972
0.04705
0.379247
0.040497
0.031602
0.104679
0.013157
0.175311
0.155144
0.000557
0.00066
0.007345
0.005241
0.003113
0.017192
0.006329
0.000344
0.001618
0.006603
0.010975
0.001815
0.010845
0.020778
0.010002
0.009429
0.043697
0.014751
0.059853
0.03875
0.595326
0.008757
0.042102
0.031039
0.082138
0.052696
0.006069
0.006069
0.10495
0.068435
0.154372
0.050381
0.048238
0.150129
0.134579
0.238031
0.475089
0.183001
0.705534
0.093023
0.108442
0.048426
0.174286
0.999476
0.029318
0.063809
0.07022
0.024409
0.043817
0.017829
0.037795
0.057906
0.067587
0.358985
0.031433
0.413439
0.139196
0.05126
0.043809
0.104673
0.159462
0.380556
0.061904
0.013245
0.064992
0.022165
0.023017
0.047194
0.032267
0.023772
0.125293
0.015864
0.049686
0.012138
0.015913
0.087437
0.012138
0.008432
0.012222
0.040562
0.033435
0.012275
0.065789
0.002121
0.093807
0.114303
0.129338
0.141039
0.03368
0.036724
0.061853
0.993125
0.011093
0.003993
0.176695
0.002609
0.003962
0.083666
0.031845
0.053768
0.003808
0.000655
0.001801
0.886459
0.025196
0.000651
0.005044
0.004053
0.991057
0.005785
0.007944
0.048261
0.008677
0.003449
0.000554
0.058281
0.083308
0.300044
0.002609
0.014633
0.157965
0.754096
0.586552
0.001059
0.001319
0.097102
0.002953
0.106981
0.137303
0.243001
0.011828
0.00091
0.06773
0.008306
0.107664
0.001928
0.062702
0.062138
0.015154
0.011146
0.031547
0.021699
0.047385
0.190732
0.003189
0.008024
0.003089
0.075843
0.020335
0.017184
0.089697
0.062829
0.290642
0.984764
0.014399
0.009458
0.35453
0.162205
0.468061
0.355894
0.004168
0.006793
0.933862
0.315132
0.175915
0.026423
0.125638
0.01417
0.055642
0.004168
0.68491
0.132662
0.282131
0.039008
0.046012
0.243046
0.049569
0.038164
0.031139
0.073449
0.055355
0.074585
0.097247
0.640291
0.021882
0.062861
0.057527
0.044375
0.054214
0.250716
0.355406
0.478179
0.147803
0.040383
0.05856
0.053152
0.01853
0.023761
0.16264
0.029852
0.561535
0.041834
0.181827
0.154949
0.028065
0.036976
0.016858
0.008705
0.029852
0.008705
0.509836
0.041667
0.079296
0.109465
0.050041
0.161308
0.074471
0.366938
0.051093
0.050255
0.051093
0.051093
0.085013
0.012164
0.025111
0.052283
0.131059
0.949145
0.051155
0.005827
0.076023
0.079514
0.045849
0.068789
0.09993
0.099994
0.362073
0.108347
0.151132
0.092182
0.088212
0.010694
0.044846
0.020181
0.056773
0.025332
0.031437
0.057268
0.047588
0.077082
0.053182
0.058912
0.179794
0.087474
0.179022
0.108644
0.047344
0.798695
0.041059
0.126906
0.042488
0.099109
0.065398
0.111531
0.00756
0.078436
0.044522
0.206112
0.016985
0.036142
0.030744
0.4885
0.039927
0.081641
0.063405
0.050402
0.023751
0.158664
0.206498
0.096339
0.244787
0.101461
0.048549
0.047701
0.048549
0.297338
0.931152
0.029443
0.518243
0.038629
0.015776
0.027347
0.020607
0.079411
0.020956
0.022446
0.089112
0.3715
0.085556
0.055822
0.012685
0.021595
0.016844
0.588552
0.012685
0.017208
0.066946
0.012685
0.052104
0.034041
0.012685
0.012685
0.194568
0.104315
0.09601
0.133329
0.053166
0.085392
0.169948
0.116871
0.084643
0.258139
0.070702
0.119356
0.132206
0.944324
0.092858
0.016762
0.017933
0.06078
0.068359
0.06078
0.131892
0.196361
0.006287
0.051344
0.972302
0.125084
0.106285
0.009939
0.009939
0.009939
0.05775
0.214475
0.139389
0.049971
0.064514
0.116069
0.0672
0.053454
0.106152
0.078071
0.093778
0.715601
0.132339
0.828918
0.032954
0.06363
0.07371
0.142186
0.279874
0.028369
0.116321
0.153434
0.25719
0.090533
0.453158
0.75428
0.054268
0.128976
0.053379
0.022197
0.055891
0.114958
0.022197
0.47002
0.055891
0.070621
0.053583
0.053583
0.053583
0.193251
0.139581
0.175967
0.056279
0.122277
0.234841
0.15587
0.060993
0.084356
0.08457
0.08457
0.10389
0.094503
0.066205
0.115869
0.159374
0.063022
0.161294
0.149013
0.017841
0.047178
0.041294
0.084036
0.058435
0.170873
0.044152
0.025436
0.058442
0.048109
0.016699
0.036584
0.004832
0.020394
0.568185
0.064607
0.073267
0.071861
0.366418
0.056715
0.087839
0.136487
0.031065
0.010667
0.014154
0.014776
0.080198
0.255002
0.040054
0.209358
0.026732
0.524491
0.302485
0.282857
0.107812
0.025399
0.020774
0.019577
0.302405
0.062079
0.82604
0.02639
0.033614
0.1399
0.328189
0.251056
0.281212
0.036114
0.302166
0.317113
0.664399
0.325089
0.333548
0.34055
0.075473
0.346439
0.351459
0.660209
0.421361
0.419102
0.359861
0.428979
0.364264
0.082184
0.073785
0.358023
0.029711
0.053792
0.057499
0.060265
0.052371
0.028392
0.032542
0.111245
0.008632
0.275017
0.182429
0.243844
0.038739
0.050889
0.083924
0.200184
0.030049
0.069857
0.136206
0.298847
0.009814
0.047707
0.059788
0.069139
0.388715
0.20146
0.132974
0.072442
0.044057
0.222103
0.062062
0.045555
0.036885
0.014796
0.054563
0.829555
0.014796
0.067547
0.008444
0.03537
0.006803
0.023125
0.026725
0.052939
0.074073
0.047577
0.087373
0.07533
0.129226
0.079019
0.080749
0.13243
0.117116
0.080578
0.013647
0.149062
0.158017
0.212998
0.230168
0.484076
0.341404
0.021668
0.059368
0.035853
0.192384
0.00657
0.363515
0.010643
0.057284
0.04434
0.00657
0.220449
0.008267
0.136242
0.777383
0.095163
0.07382
0.092589
0.253982
0.299645
0.212189
0.008888
0.183882
0.010818
0.029976
0.006171
0.024726
0.02132
0.018712
0.125105
0.008462
0.280341
0.219776
0.107367
0.011164
0.030462
0.152101
0.024656
0.067908
0.045678
0.074348
0.14127
0.916126
0.643041
0.029783
0.051871
0.015098
0.010385
0.016827
0.25985
0.029569
0.339617
0.021711
0.047926
0.021117
0.183163
0.118756
0.03172
0.05857
0.053746
0.053746
0.051111
0.051422
0.104425
0.239252
0.036887
0.078502
0.060559
0.038243
0.038243
0.150171
0.038243
0.080495
0.069861
0.089946
0.054877
0.0621
0.028504
0.0125
0.023896
0.149357
0.04129
0.085435
0.060897
0.026364
0.024932
0.045915
0.076544
0.273684
0.029836
0.029836
0.043683
0.053675
0.069284
0.074045
0.019973
0.023311
0.201826
0.011317
0.033643
0.046812
0.009996
0.074034
0.024247
0.034616
0.042355
0.117512
0.083787
0.268632
0.356754
0.378279
0.083655
0.018975
0.066725
0.023485
0.168405
0.204076
0.08
0.170549
0.02943
0.100371
0.053165
0.107899
0.12344
0.023504
0.016655
0.148998
0.219072
0.025898
0.131828
0.1145
0.025898
0.025898
0.052676
0.057454
0.120158
0.073325
0.095959
0.111398
0.032891
0.031272
0.030786
0.298085
0.047015
0.048375
0.048375
0.053252
0.018846
0.058958
0.010935
0.086309
0.014039
0.010935
0.010828
0.003102
0.003203
0.039241
0.036071
0.042271
0.003102
0.077605
0.05942
0.079958
0.165346
0.301865
0.047986
0.032978
0.186143
0.057342
0.151612
0.256182
0.427028
0.023329
0.196575
0.995979
0.136314
0.012382
0.018244
0.081676
0.033059
0.002728
0.024455
0.009824
0.020522
0.398473
0.012844
0.06793
0.064142
0.097469
0.109006
0.440211
0.369113
0.155903
0.044013
0.087766
0.106092
0.121006
0.027691
0.035725
0.074749
0.027691
0.367802
0.382679
0.087241
0.043887
0.059643
0.84254
0.109679
0.429222
0.050934
0.070505
0.145133
0.112974
0.208344
0.071211
0.048685
0.094229
0.077633
0.068961
0.328234
0.060111
0.275026
0.102203
0.452307
0.116394
0.004692
0.107099
0.024059
0.073265
0.073812
0.009137
0.013609
0.014615
0.001799
0.00644
0.014946
0.001438
0.022917
0.031978
0.013184
0.051372
0.226153
0.951164
0.051992
0.009353
0.030004
0.075734
0.018614
0.37535
0.76212
0.025367
0.025367
0.21055
0.029371
0.093019
0.083762
0.391467
0.061587
0.023664
0.026375
0.032085
0.0153
0.055656
0.01165
0.049262
0.01165
0.01165
0.014758
0.078092
0.023993
0.023993
0.023993
0.043373
0.124196
0.087287
0.113585
0.125004
0.160642
0.05979
0.099582
0.206884
0.407116
0.389132
0.050763
0.035175
0.045924
0.109049
0.040648
0.020049
0.02315
0.061345
0.03773
0.06248
0.555713
0.037457
0.01476
0.053008
0.012415
0.151167
0.016206
0.085783
0.012415
0.049622
0.028482
0.178191
0.115002
0.140439
0.113168
0.157816
0.132865
0.171256
0.181411
0.062261
0.230879
0.189129
0.193759
0.089767
0.039444
0.139827
0.068899
0.066295
0.066295
0.585932
0.015062
0.242321
0.579266
0.086814
0.350387
0.113766
0.07311
0.055004
0.450083
0.037887
0.089377
0.045976
0.054627
0.03863
0.025133
0.086554
0.275854
0.196022
0.076544
0.025638
0.047006
0.040285
0.142326
0.387428
0.071832
0.163406
0.110427
0.121939
0.055165
0.045383
0.193251
0.139581
0.313597
0.064881
0.074959
0.058852
0.108422
0.033749
0.033749
0.024787
0.077121
0.009057
0.110994
0.029384
0.131729
0.146203
0.047137
0.009057
0.145157
0.020251
0.794002
0.049747
0.091349
0.100876
0.065579
0.048241
0.096535
0.026107
0.191507
0.071094
0.05431
0.057059
0.045736
0.017969
0.017969
0.157625
0.101072
0.010463
0.030285
0.012705
0.017118
0.083479
0.035788
0.044323
0.010748
0.365582
0.797507
0.033685
0.369205
0.071787
0.169452
0.007938
0.241626
0.045702
0.077841
0.039031
0.077085
0.066052
0.826807
0.033998
0.049864
0.133661
0.284115
0.058265
0.573838
0.088691
0.01337
0.093677
0.014855
0.082349
0.139819
0.10128
0.118036
0.187293
0.10966
0.125519
0.18898
0.144434
0.043141
0.084556
0.125751
0.092582
0.097647
0.214938
0.221197
0.291486
0.02735
0.104149
0.366509
0.146948
0.053204
0.23923
0.057549
0.535636
0.053916
0.042819
0.042819
0.071706
0.117389
0.069465
0.085637
0.083329
0.091754
0.111501
0.034979
0.073895
0.029194
0.053052
0.030925
0.01073
0.05514
0.026484
0.045548
0.070223
0.012754
0.075525
0.086528
0.110904
0.453561
0.03068
0.04652
0.07558
0.023994
0.13818
0.125858
0.064086
0.014493
0.014493
0.024649
0.089565
0.017993
0.049916
0.017993
0.121513
0.043023
0.017993
0.119535
0.064438
0.076167
0.086892
0.024929
0.061732
0.019196
0.07205
0.001716
0.518345
0.073528
0.002093
0.025937
0.014024
0.003984
0.484996
0.397338
0.042245
0.203338
0.074455
0.133887
0.058422
0.100353
0.054065
0.504129
0.183347
0.067436
0.091336
0.037449
0.070466
0.009226
0.027182
0.111497
0.065168
0.086016
0.086016
0.050067
0.071627
0.090024
0.022209
0.133525
0.057193
0.065365
0.445979
0.100623
0.075578
0.117582
0.048973
0.066265
0.038589
0.095801
0.096296
0.079121
0.063264
0.413636
0.077457
0.695433
0.021874
0.038145
0.038145
0.077801
0.055063
0.042712
0.023353
0.104413
0.990878
0.988591
0.991782
0.993257
0.995288
0.99885
0.994527
0.994848
0.995092
0.995283
0.995437
0.002174
0.995563
0.995668
0.995758
0.995834
0.995901
0.995959
0.996011
0.996056
0.996098
0.996134
0.996168
0.996198
0.996226
0.997016
0.997891
0.99625
0.996272
0.996292
0.030495
0.996311
0.042065
0.050328
0.088002
0.080874
0.085429
0.066134
0.066134
0.078084
0.016716
0.022573
0.04052
0.167559
0.028227
0.193251
0.139581
0.224436
0.02444
0.059479
0.02444
0.030054
0.059479
0.02444
0.070397
0.073244
0.073244
0.118925
0.13012
0.361921
0.143046
0.176583
0.248884
0.657184
0.112454
0.127486
0.138768
0.176932
0.025297
0.545238
0.046464
0.509471
0.090957
0.109289
0.26663
0.652927
0.383034
0.13296
0.058815
0.042878
0.055199
0.170264
0.051409
0.066139
0.134455
0.117487
0.820375
0.027883
0.236093
0.058057
0.055631
0.07975
0.081418
0.193251
0.139581
0.060839
0.278355
0.097966
0.120206
0.070797
0.124462
0.066188
0.100381
0.910446
0.089092
0.547705
0.292537
0.031212
0.039595
0.075757
0.084605
0.279778
0.060065
0.404911
0.020842
0.03194
0.046485
0.281577
0.053156
0.081291
0.064753
0.819201
0.683979
0.046253
0.050194
0.349625
0.131273
0.128367
0.066499
0.193251
0.139581
0.281036
0.314961
0.135209
0.074379
0.076504
0.602524
0.096233
0.019843
0.014714
0.025588
0.03067
0.064788
0.047575
0.082987
0.087459
0.014714
0.052895
0.046779
0.014714
0.091428
0.109979
0.193251
0.139581
0.453625
0.404126
0.07227
0.07923
0.162881
0.289024
0.07504
0.205581
0.027001
0.023143
0.029738
0.193251
0.139581
0.299902
0.041459
0.105128
0.076267
0.052941
0.135486
0.226839
0.43951
0.272678
0.252739
0.587807
0.038554
0.126708
0.941214
0.034999
0.398525
0.115775
0.057721
0.045192
0.123282
0.147017
0.068002
0.274704
0.423729
0.058655
0.093345
0.058655
0.435097
0.10453
0.052964
0.020817
0.182511
0.264257
0.058226
0.037319
0.020817
0.765126
0.080347
0.230518
0.058203
0.01936
0.005797
0.324417
0.05044
0.005797
0.060247
0.058519
0.04203
0.06755
0.106096
0.001635
0.100234
0.002492
0.014876
0.014876
0.034351
0.013592
0.579517
0.02859
0.126861
0.050961
0.060963
0.006013
0.169227
0.006013
0.169043
0.043158
0.10501
0.0258
0.039744
0.021356
0.040278
0.032155
0.182001
0.023849
0.091432
0.386939
0.019176
0.04696
0.027647
0.083852
0.011812
0.01342
0.01342
0.011812
0.387866
0.051506
0.064328
0.021345
0.058204
0.046684
0.081785
0.057315
0.057315
0.019885
0.081202
0.026764
0.081202
0.09293
0.054231
0.081882
0.052306
0.4306
0.014424
0.04405
0.042032
0.064064
0.163536
0.078207
0.140329
0.078524
0.322201
0.023064
0.104234
0.566792
0.983936
0.059339
0.115739
0.253553
0.081159
0.042891
0.042891
0.042891
0.101267
0.837785
0.061857
0.035287
0.371534
0.025614
0.046756
0.195052
0.048419
0.08276
0.123367
0.05021
0.035765
0.035765
0.013747
0.103728
0.053221
0.041018
0.243892
0.009984
0.022263
0.072876
0.037676
0.060719
0.019608
0.056291
0.043576
0.400662
0.101048
0.076412
0.090499
0.066901
0.08877
0.282491
0.016914
0.016368
0.307358
0.518175
0.047069
0.049613
0.444091
0.036991
0.224618
0.146718
0.146718
0.146718
0.060208
0.064875
0.118031
0.131579
0.085989
0.243451
0.047352
0.043236
0.043236
0.00267
0.003361
0.016179
0.021604
0.012686
0.00267
0.030614
0.280442
0.507039
0.04368
0.031099
0.134438
0.418138
0.139658
0.282411
0.15759
0.070394
0.166706
0.088701
0.029541
0.620953
0.113685
0.045764
0.07672
0.14133
0.20857
0.143064
0.143064
0.093708
0.119401
0.227415
0.089229
0.071671
0.030857
0.261168
0.29364
0.100032
0.077512
0.116003
0.057938
0.083857
0.05017
0.089626
0.10862
0.098028
0.050123
0.059115
0.235347
0.086369
0.064143
0.157799
0.056224
0.056224
0.23288
0.050827
0.075709
0.054651
0.054651
0.054651
0.006503
0.009561
0.02541
0.030411
0.00837
0.032951
0.116749
0.035771
0.00837
0.035771
0.191976
0.189672
0.052116
0.273787
0.104283
0.193251
0.139581
0.06169
0.070078
0.024415
0.01123
0.136769
0.01123
0.031112
0.254792
0.256904
0.042588
0.08371
0.042588
0.046899
0.042588
0.031954
0.031954
0.06224
0.063494
0.074207
0.022833
0.031072
0.023338
0.006468
0.047724
0.285337
0.019537
0.147856
0.242567
0.314544
0.122681
0.174929
0.09482
0.11126
0.123752
0.061289
0.129057
0.092614
0.603972
0.038873
0.101237
0.08204
0.021023
0.059444
0.049777
0.067348
0.067239
0.013329
0.007877
0.001242
0.009659
0.101235
0.003909
0.246925
0.096545
0.708796
0.309454
0.072524
0.086849
0.049416
0.1133
0.057459
0.046941
0.064218
0.094187
0.193251
0.139581
0.244008
0.33949
0.09732
0.37777
0.060502
0.078012
0.09956
0.219356
0.101119
0.032527
0.032243
0.089809
0.115418
0.089622
0.060039
0.047041
0.047041
0.068459
0.074986
0.057002
0.084494
0.419354
0.181705
0.098565
0.169347
0.067977
0.404907
0.391315
0.580749
0.10964
0.223127
0.056651
0.106698
0.076117
0.055761
0.07599
0.092966
0.228332
0.115534
0.30797
0.21754
0.144085
0.183431
0.175671
0.099864
0.059934
0.050514
0.084115
0.16742
0.044733
0.023722
0.063274
0.072129
0.049629
0.379768
0.28886
0.304361
0.070444
0.711316
0.06952
0.093434
0.178928
0.072937
0.031162
0.029048
0.638604
0.38516
0.060413
0.029048
0.076633
0.075417
0.029048
0.122275
0.047177
0.047177
0.036083
0.078274
0.127531
0.079514
0.03454
0.066774
0.075705
0.037954
0.034506
0.106137
0.014324
0.073137
0.107862
0.161254
0.025941
0.150736
0.179857
0.099155
0.096117
0.061427
0.014143
0.090049
0.039114
0.051473
0.081581
0.039307
0.017229
0.049985
0.10172
0.147249
0.056318
0.083141
0.054518
0.012962
0.08146
0.536873
0.096066
0.249058
0.06326
0.150423
0.053621
0.085954
0.190645
0.055246
0.308854
0.06658
0.025994
0.080784
0.322697
0.08217
0.196636
0.077956
0.068774
0.102614
0.069409
0.191474
0.404984
0.082547
0.090641
0.143703
0.098763
0.060606
0.045452
0.078126
0.006258
0.140715
0.064223
0.074776
0.093188
0.130675
0.054125
0.217763
0.116366
0.05755
0.073343
0.05755
0.068345
0.055997
0.043141
0.114453
0.111521
0.044632
0.23848
0.39518
0.098789
0.082034
0.017583
0.012108
0.006304
0.006304
0.006304
0.012275
0.012231
0.038367
0.043784
0.452388
0.215195
0.093311
0.061402
0.048566
0.173821
0.13027
0.104341
0.156483
0.130936
0.044447
0.072104
0.193251
0.139581
0.488021
0.050082
0.073386
0.077077
0.086065
0.244533
0.221204
0.093801
0.077793
0.347907
0.176427
0.115969
0.070063
0.060417
0.025077
0.00436
0.109961
0.039849
0.007001
0.033064
0.222456
0.132216
0.400849
0.419261
0.567975
0.076034
0.061211
0.30191
0.101204
0.193015
0.243879
0.556111
0.061515
0.047917
0.047917
0.047917
0.109139
0.045717
0.045717
0.106835
0.045717
0.045717
0.044676
0.044676
0.155056
0.79697
0.035555
0.037764
0.045551
0.013146
0.282061
0.03036
0.248875
0.080938
0.145754
0.16303
0.02844
0.03519
0.048664
0.079828
0.03519
0.03519
0.47555
0.068768
0.405478
0.142578
0.126214
0.135777
0.042375
0.091008
0.091008
0.128059
0.104277
0.11834
0.062327
0.191107
0.442355
0.03646
0.456335
0.114197
0.288354
0.038661
0.061456
0.06992
0.26712
0.080797
0.090481
0.057055
0.100795
0.048922
0.061029
0.082242
0.054386
0.077686
0.040956
0.042862
0.184097
0.016222
0.013212
0.032619
0.121679
0.090386
0.062994
0.089841
0.110718
0.047043
0.089078
0.249425
0.230677
0.133074
0.145175
0.044456
0.044456
0.03361
0.019167
0.019167
0.025121
0.062765
0.079511
0.024279
0.187803
0.098111
0.162023
0.104179
0.011382
0.011382
0.042574
0.039858
0.00863
0.039858
0.00863
0.012433
0.09834
0.028711
0.174982
0.040769
0.016803
0.012433
0.052215
0.135251
0.178158
0.046312
0.054941
0.009344
0.100553
0.035258
0.397967
0.418382
0.08715
0.412569
0.084706
0.038747
0.286823
0.124787
0.578553
0.039084
0.10687
0.070161
0.006668
0.035038
0.026472
0.020943
0.026472
0.030051
0.026442
0.048549
0.035331
0.020943
0.048549
0.065527
0.045854
0.180537
0.159838
0.176884
0.015349
0.091159
0.064474
0.053872
0.54781
0.206553
0.036304
0.054898
0.052838
0.054496
0.077211
0.028542
0.151277
0.224618
0.146718
0.146718
0.146718
0.037097
0.037097
0.148267
0.066088
0.042386
0.077843
0.042422
0.387767
0.425917
0.042422
0.187262
0.042422
0.057559
0.081696
0.077366
0.104291
0.056092
0.024162
0.060419
0.024059
0.133494
0.090611
0.036256
0.036256
0.09339
0.092829
0.099605
0.193251
0.139581
0.074799
0.175575
0.139528
0.098446
0.358049
0.142141
0.256517
0.032336
0.048918
0.009847
0.009847
0.207527
0.066203
0.048611
0.059084
0.078131
0.541368
0.058046
0.058046
0.319478
0.057085
0.070134
0.056444
0.071491
0.097405
0.124862
0.193251
0.139581
0.395148
0.0814
0.171119
0.108806
0.065416
0.022138
0.033197
0.108617
0.022138
0.140569
0.02934
0.04202
0.011018
0.018337
0.025609
0.189062
0.263414
0.163668
0.717204
0.025057
0.028754
0.113012
0.158832
0.050738
0.330461
0.044501
0.068439
0.094897
0.051982
0.054824
0.082228
0.099357
0.038555
0.019027
0.125428
0.067094
0.067094
0.119606
0.100366
0.061723
0.166832
0.061723
0.086542
0.237058
0.095888
0.080499
0.102697
0.211413
0.098255
0.417996
0.151631
0.365319
0.055973
0.034088
0.062597
0.091915
0.05545
0.105046
0.236247
0.027002
0.113587
0.198295
0.255517
0.047096
0.068809
0.070876
0.08579
0.210902
0.083243
0.095155
0.042666
0.083824
0.317832
0.042028
0.053113
0.012573
0.237413
0.004994
0.057723
0.277201
0.019516
0.004994
0.025866
0.004994
0.075968
0.084304
0.051219
0.088784
0.106353
0.029461
0.102919
0.122475
0.0789
0.0789
0.03648
0.181023
0.032248
0.831033
0.053167
0.0564
0.082027
0.023747
0.089512
0.10317
0.029765
0.119159
0.124182
0.029765
0.018629
0.141345
0.03049
0.068177
0.059663
0.035925
0.05379
0.05712
0.11524
0.15493
0.10707
0.10707
0.120369
0.120369
0.054092
0.054092
0.121911
0.157699
0.087516
0.258307
0.115898
0.164192
0.283201
0.045315
0.072397
0.046098
0.046098
0.184175
0.090791
0.623876
0.117465
0.019179
0.019179
0.024132
0.044287
0.019179
0.058032
0.082914
0.10438
0.048973
0.105728
0.471969
0.124316
0.075542
0.100625
0.03402
0.372522
0.074242
0.049498
0.065579
0.069865
0.27915
0.1191
0.130034
0.085663
0.107739
0.123282
0.056876
0.040508
0.075117
0.092397
0.099432
0.116957
0.041839
0.77881
0.039893
0.039893
0.039893
0.039893
0.039893
0.037054
0.047535
0.037054
0.306236
0.620116
0.07948
0.10305
0.105283
0.117776
0.193251
0.139581
0.065251
0.089808
0.065251
0.002452
0.012543
0.018014
0.001956
0.012543
0.018655
0.014901
0.018597
0.029065
0.014901
0.018597
0.231125
0.040218
0.006486
0.009336
0.054041
0.081785
0.286822
0.059895
0.048697
0.049362
0.05185
0.112555
0.054724
0.082299
0.115219
0.051245
0.035915
0.096334
0.730375
0.078374
0.028152
0.069998
0.092795
0.20543
0.116521
0.068698
0.009691
0.082031
0.257074
0.053837
0.040001
0.885932
0.023785
0.141522
0.057507
0.050795
0.080809
0.023785
0.20857
0.143064
0.143064
0.050209
0.034372
0.039662
0.081051
0.038461
0.092023
0.037016
0.24681
0.068003
0.071382
0.097837
0.076782
0.109582
0.108682
0.04363
0.103388
0.023548
0.044956
0.005333
0.027432
0.092727
0.10186
0.145353
0.032911
0.025102
0.071088
0.138886
0.003929
0.036673
0.102036
0.06721
0.071276
0.056875
0.091534
0.063755
0.058281
0.049692
0.110917
0.038367
0.083051
0.075659
0.063817
0.012964
0.01006
0.045018
0.175828
0.167036
0.298938
0.093285
0.094822
0.231268
0.146143
0.042408
0.125617
0.058977
0.022797
0.022797
0.193251
0.139581
0.080839
0.051067
0.020335
0.034945
0.028245
0.143994
0.020335
0.253967
0.094415
0.046807
0.112395
0.147296
0.448078
0.035099
0.068035
0.154372
0.027066
0.050838
0.083749
0.123034
0.00257
0.033571
0.032882
0.23673
0.089619
0.084349
0.232533
0.08595
0.131164
0.033375
0.115098
0.092021
0.216968
0.087819
0.065761
0.048401
0.10483
0.672705
0.094167
0.072525
0.475091
0.05131
0.084445
0.05131
0.042966
0.087652
0.176805
0.190237
0.109432
0.061749
0.068364
0.050894
0.050894
0.032923
0.063758
0.098457
0.551054
0.46464
0.046265
0.079586
0.360969
0.128249
0.104839
0.229588
0.091031
0.117162
0.089001
0.4384
0.405252
0.115312
0.031612
0.128778
0.275022
0.050465
0.033248
0.157483
0.086658
0.08733
0.193251
0.139581
0.052124
0.01566
0.02708
0.028138
0.193251
0.139581
0.048582
0.046566
0.040002
0.050643
0.067979
0.223813
0.142821
0.097923
0.111186
0.195322
0.094905
0.114664
0.115626
0.183085
0.09632
0.297629
0.084903
0.064524
0.049944
0.058711
0.085891
0.050443
0.072308
0.097059
0.020435
0.015034
0.048612
0.014075
0.011333
0.011333
0.126398
0.071734
0.032734
0.04652
0.050743
0.064806
0.06648
0.060804
0.080276
0.225915
0.073077
0.056797
0.073071
0.042677
0.060289
0.090516
0.042677
0.382219
0.523515
0.087746
0.062014
0.070952
0.107291
0.291481
0.144902
0.081639
0.468096
0.310478
0.376853
0.219569
0.111513
0.081251
0.050391
0.303402
0.393102
0.198096
0.336919
0.958943
0.059857
0.059857
0.110485
0.346815
0.105353
0.136204
0.050195
0.148074
0.154323
0.091573
0.091116
0.029189
0.174426
0.041308
0.090825
0.03315
0.018686
0.157021
0.167178
0.120269
0.1396
0.202462
0.284551
0.055235
0.084838
0.065287
0.117685
0.105403
0.070718
0.04079
0.04079
0.02637
0.043776
0.027444
0.009905
0.076944
0.030584
0.091778
0.107896
0.02027
0.071186
0.051048
0.02049
0.097113
0.208713
0.054363
0.130988
0.179181
0.253556
0.428407
0.590867
0.05449
0.05449
0.05449
0.03031
0.017167
0.08263
0.781495
0.069694
0.082599
0.026997
0.03539
0.026997
0.069694
0.110292
0.316874
0.111673
0.08581
0.101993
0.094223
0.058773
0.04148
0.142508
0.241525
0.150591
0.150591
0.150591
0.150591
0.045889
0.200281
0.251998
0.28976
0.165052
0.043119
0.096925
0.068593
0.970433
0.009187
0.02642
0.052771
0.01184
0.027924
0.041193
0.124469
0.113603
0.009187
0.045928
0.057982
0.123975
0.135227
0.071346
0.857642
0.036209
0.02554
0.244436
0.047807
0.047807
0.02554
0.068546
0.02554
0.310634
0.014043
0.018422
0.361847
0.209996
0.053526
0.014043
0.08048
0.075164
0.060649
0.059862
0.055512
0.029016
0.084546
0.08153
0.203501
0.107674
0.121885
0.06312
0.041898
0.028237
0.039599
0.031184
0.273035
0.017911
0.017911
0.029596
0.044479
0.011633
0.011633
0.011633
0.592774
0.036243
0.068899
0.092465
0.253396
0.084359
0.189059
0.076736
0.069766
0.111577
0.284079
0.134394
0.086714
0.113223
0.17157
0.24891
0.090928
0.090928
0.349126
0.139246
0.049316
0.231476
0.240671
0.83762
0.085497
0.034266
0.034266
0.098418
0.660328
0.043049
0.041655
0.421529
0.1368
0.066116
0.56553
0.879078
0.063932
0.090582
0.112193
0.103106
0.033842
0.009861
0.042491
0.057645
0.02828
0.011333
0.051115
0.023863
0.082964
0.087499
0.105219
0.08863
0.129114
0.041292
0.071108
0.401869
0.090775
0.073785
0.121653
0.043615
0.056543
0.088227
0.053729
0.043303
0.070657
0.054971
0.40509
0.06049
0.083498
0.083498
0.108105
0.108105
0.267795
0.117706
0.128275
0.175897
0.085012
0.126594
0.082407
0.258971
0.075716
0.006781
0.054559
0.009585
0.047669
0.042358
0.042358
0.014184
0.018886
0.054491
0.014184
0.026462
0.054556
0.107163
0.357961
0.043909
0.061332
0.091731
0.043909
0.043909
0.227922
0.03517
0.048354
0.222283
0.14971
0.031308
0.033976
0.060468
0.031308
0.031308
0.054227
0.121517
0.086721
0.115131
0.126447
0.17032
0.08091
0.205609
0.055702
0.086001
0.042859
0.031383
0.031383
0.080016
0.060603
0.051393
0.085306
0.431306
0.099741
0.212014
0.069391
0.107404
0.034111
0.024186
0.091575
0.013549
0.019774
0.013549
0.079809
0.18877
0.135705
0.093718
0.09842
0.079234
0.193251
0.139581
0.009334
0.019607
0.021306
0.033503
0.009334
0.100328
0.023116
0.066863
0.069577
0.05625
0.061571
0.014336
0.01107
0.039114
0.037298
0.424735
0.037298
0.037298
0.039749
0.051146
0.151193
0.078262
0.07248
0.096254
0.096254
0.233666
0.067047
0.062394
0.097264
0.199522
0.096446
0.171391
0.047277
0.048033
0.048033
0.078255
0.072946
0.193429
0.048033
0.054387
0.054387
0.193251
0.139581
0.038948
0.038948
0.072544
0.094946
0.125425
0.137414
0.143763
0.102455
0.088698
0.093363
0.10884
0.194896
0.112415
0.089191
0.037489
0.037432
0.071061
0.037432
0.071061
0.076206
0.021602
0.076531
0.029769
0.112984
0.063574
0.067471
0.080719
0.101049
0.056147
0.056147
0.025757
0.066285
0.026024
0.098831
0.049706
0.176805
0.190237
0.109432
0.935458
0.115847
0.074115
0.332611
0.134288
0.351662
0.05771
0.136665
0.063362
0.206805
0.074199
0.08204
0.067111
0.094981
0.18238
0.027597
0.027597
0.052835
0.041119
0.014905
0.034929
0.058543
0.087083
0.103291
0.051867
0.079597
0.076906
0.076906
0.056388
0.055809
0.180389
0.054124
0.07847
0.368729
0.044699
0.079484
0.046108
0.120948
0.09954
0.031401
0.031401
0.031401
0.062054
0.252673
0.031401
0.048224
0.076739
0.180462
0.116087
0.144972
0.306383
0.193251
0.139581
0.085765
0.105543
0.076344
0.013073
0.024177
0.02794
0.087663
0.060878
0.028273
0.028704
0.020618
0.064977
0.020618
0.097743
0.021735
0.02795
0.062452
0.150657
0.168012
0.177273
0.183018
0.186989
0.189953
0.1922
0.21803
0.087947
0.074425
0.068614
0.202256
0.20857
0.143064
0.143064
0.338555
0.109768
0.126245
0.087456
0.10808
0.220141
0.058354
0.739145
0.078343
0.633289
0.06839
0.035019
0.072134
0.044952
0.108969
0.358205
0.116914
0.158566
0.170781
0.050509
0.286811
0.317269
0.06787
0.050483
0.192972
0.096833
0.1691
0.019895
0.143297
0.033974
0.026336
0.108772
0.026336
0.026336
0.121099
0.026336
0.052924
0.07283
0.052924
0.374712
0.060171
0.060171
0.051881
0.052066
0.069141
0.07788
0.011288
0.026188
0.008295
0.014265
0.032802
0.008295
0.08067
0.018629
0.206431
0.058807
0.027342
0.028908
0.037726
0.027342
0.020019
0.020019
0.193251
0.139581
0.047549
0.09503
0.138242
0.135762
0.088298
0.08421
0.119425
0.133047
0.080205
0.099888
0.215142
0.056291
0.353333
0.019737
0.035737
0.202549
0.077931
0.0734
0.276843
0.071295
0.071295
0.019088
0.012628
0.033136
0.029045
0.163347
0.157142
0.063012
0.113976
0.056739
0.065666
0.063187
0.115045
0.072532
0.074882
0.34256
0.216627
0.040337
0.193251
0.139581
0.153923
0.054901
0.042271
0.090124
0.343386
0.074341
0.193251
0.139581
0.058057
0.072048
0.047604
0.072048
0.368829
0.385822
0.14848
0.152943
0.410418
0.052917
0.10147
0.072186
0.234894
0.158599
0.067394
0.084071
0.086975
0.058439
0.087304
0.057533
0.41469
0.069299
0.066604
0.068121
0.10781
0.044847
0.027684
0.193251
0.139581
0.255621
0.142002
0.080534
0.078846
0.058105
0.036707
0.036707
0.050625
0.060917
0.071352
0.572976
0.155767
0.068782
0.043564
0.057014
0.032834
0.057014
0.065809
0.036138
0.092874
0.115939
0.180083
0.169324
0.045638
0.108494
0.541356
0.138907
0.19101
0.078252
0.064406
0.099663
0.116509
0.092265
0.087665
0.081638
0.088729
0.397003
0.054984
0.22941
0.043656
0.096364
0.117755
0.125273
0.035289
0.173614
0.086435
0.107742
0.039602
0.040482
0.134396
0.080678
0.072037
0.092508
0.555501
0.023239
0.023239
0.092508
0.0637
0.411426
0.198228
0.065475
0.086595
0.10077
0.032413
0.064822
0.081261
0.084119
0.084119
0.154039
0.110956
0.128008
0.081074
0.100317
0.055466
0.03837
0.03837
0.135624
0.036217
0.193251
0.139581
0.058634
0.026108
0.093837
0.041932
0.075789
0.049612
0.082585
0.037038
0.207334
0.076053
0.130168
0.090798
0.28216
0.129152
0.171088
0.133661
0.107163
0.101404
0.116322
0.123434
0.130358
0.108839
0.066239
0.193251
0.139581
0.193251
0.139581
0.11431
0.119867
0.398864
0.345789
0.104585
0.228072
0.700441
0.091438
0.030217
0.037392
0.091559
0.059937
0.033251
0.093643
0.057029
0.094281
0.077739
0.067672
0.216763
0.102271
0.263738
0.080236
0.089247
0.220216
0.04701
0.446333
0.106978
0.248604
0.113578
0.241525
0.150591
0.150591
0.150591
0.150591
0.083699
0.085198
0.067035
0.099411
0.094307
0.11101
0.08195
0.100226
0.08553
0.199427
0.047221
0.035019
0.117575
0.017808
0.034801
0.023058
0.060368
0.069342
0.165553
0.081461
0.05055
0.13001
0.151245
0.109841
0.011133
0.008911
0.006794
0.033364
0.006794
0.038635
0.05412
0.030231
0.069525
0.293242
0.058603
0.063108
0.027778
0.243458
0.44121
0.181355
0.286501
0.102782
0.105164
0.050191
0.07512
0.141386
0.116679
0.073127
0.041713
0.054105
0.045784
0.045784
0.073032
0.092858
0.07715
0.033336
0.088781
0.1109
0.147475
0.107185
0.122863
0.007122
0.045243
0.025444
0.060235
0.061927
0.073222
0.485537
0.05303
0.035524
0.224618
0.146718
0.146718
0.146718
0.359054
0.213629
0.086137
0.076064
0.101254
0.063617
0.071716
0.083657
0.149832
0.117959
0.080154
0.062073
0.020561
0.02672
0.061208
0.154369
0.122223
0.13614
0.228584
0.194058
0.063935
0.284365
0.129691
0.487932
0.12545
0.086302
0.105143
0.032976
0.032976
0.032976
0.042908
0.095924
0.193251
0.139581
0.143413
0.124266
0.056139
0.085332
0.029699
0.167637
0.081138
0.072945
0.76656
0.136538
0.076749
0.035796
0.054991
0.068789
0.070802
0.057308
0.059257
0.072458
0.043872
0.068415
0.043872
0.043872
0.074919
0.059209
0.080853
0.004764
0.003739
0.005049
0.01437
0.073459
0.166856
0.003739
0.103999
0.117835
0.120075
0.072962
0.03625
0.027293
0.070912
0.471266
0.114757
0.078947
0.071242
0.04146
0.0763
0.086404
0.0483
0.0483
0.05029
0.012364
0.210884
0.042455
0.074117
0.105384
0.038298
0.009431
0.009431
0.009431
0.030697
0.009431
0.160766
0.091945
0.08135
0.029469
0.071843
0.017389
0.094954
0.723414
0.051479
0.06315
0.068319
0.038958
0.193251
0.139581
0.023478
0.237839
0.018832
0.068952
0.057057
0.012765
0.344276
0.099235
0.064835
0.164037
0.044137
0.366443
0.148043
0.043807
0.092352
0.038814
0.016702
0.0372
0.025858
0.030332
0.082468
0.049263
0.035426
0.029674
0.029674
0.079119
0.127567
0.426954
0.009261
0.061084
0.045022
0.035305
0.258045
0.358768
0.099953
0.070903
0.070903
0.1196
0.152894
0.23367
0.1191
0.130034
0.029369
0.052787
0.07528
0.100957
0.063772
0.076363
0.083346
0.048789
0.070118
0.097886
0.054892
0.013501
0.013501
0.090757
0.028936
0.060395
0.035671
0.053399
0.092425
0.02903
0.0389
0.224618
0.146718
0.146718
0.146718
0.192894
0.137071
0.241495
0.099644
0.11703
0.084791
0.110618
0.074381
0.038508
0.038508
0.080855
0.080855
0.038508
0.081012
0.144372
0.094653
0.0464
0.160268
0.062287
0.084853
0.102794
0.037056
0.037056
0.289422
0.303395
0.120511
0.046925
0.748526
0.102559
0.068535
0.028192
0.193251
0.139581
0.058415
0.087641
0.079936
0.219854
0.049933
0.262129
0.028656
0.080661
0.085674
0.085674
0.04547
0.062065
0.149804
0.095346
0.092354
0.109402
0.065201
0.065201
0.097117
0.038864
0.02998
0.076426
0.02998
0.026564
0.197658
0.075378
0.052244
0.193251
0.139581
0.031528
0.058137
0.019106
0.109966
0.13244
0.043696
0.102936
0.104241
0.106492
0.121567
0.193251
0.139581
0.091443
0.121239
0.13114
0.079851
0.038599
0.074367
0.098658
0.070203
0.118286
0.040852
0.022153
0.128628
0.04962
0.016651
0.016651
0.036917
0.080995
0.048002
0.108276
0.076576
0.105644
0.042891
0.19321
0.108424
0.118861
0.098767
0.066227
0.193251
0.139581
0.085079
0.063362
0.075859
0.220157
0.048774
0.063248
0.04386
0.05381
0.193251
0.139581
0.07541
0.08565
0.082671
0.163203
0.045296
0.114457
0.126161
0.087266
0.021617
0.031515
0.033522
0.099172
0.054601
0.040027
0.102843
0.040027
0.072273
0.019831
0.026889
0.056999
0.176805
0.190237
0.109432
0.087546
0.087546
0.034745
0.034745
0.034745
0.090122
0.042088
0.042088
0.042088
0.042088
0.162588
0.066965
0.051235
0.051673
0.070834
0.027496
0.091689
0.110601
0.264801
0.398319
0.15007
0.117773
0.04205
0.08093
0.095644
0.099333
0.058859
0.075377
0.043937
0.172004
0.120642
0.124927
0.133984
0.056164
0.056164
0.056164
0.061356
0.061356
0.136978
0.060177
0.071491
0.036273
0.126112
0.062049
0.098857
0.086885
0.051716
0.051716
0.030626
0.144994
0.038307
0.038307
0.086735
0.115662
0.100175
0.075069
0.082089
0.044024
0.082089
0.224591
0.039456
0.044705
0.064547
0.094312
0.083391
0.143659
0.18718
0.079855
0.112421
0.128282
0.138986
0.108876
0.072736
0.011382
0.023524
0.041887
0.013015
0.18632
0.16703
0.082151
0.253868
0.224409
0.135795
0.215143
0.167775
0.178749
0.186926
0.193209
0.297367
0.146747
0.028308
0.028184
0.158341
0.062839
0.101373
0.081642
0.043076
0.05964
0.151977
0.088495
0.043076
0.193251
0.139581
0.01035
0.024143
0.039662
0.070774
0.037293
0.080533
0.026556
0.082949
0.120013
0.265045
0.193251
0.139581
0.089247
0.056942
0.193251
0.139581
0.108406
0.130517
0.138698
0.299959
0.10666
0.045418
0.075778
0.116502
0.065171
0.07492
0.029757
0.015847
0.010086
0.092067
0.007861
0.079796
0.018557
0.007861
0.007861
0.070985
0.093266
0.065435
0.06963
0.044016
0.077188
0.037643
0.037643
0.028697
0.193251
0.139581
0.021836
0.072253
0.082808
0.062221
0.067892
0.084831
0.050597
0.067157
0.09665
0.177341
0.130915
0.380819
0.106518
0.102074
0.114715
0.06459
0.121079
0.030181
0.063753
0.126255
0.069491
0.120521
0.022486
0.1124
0.191699
0.062611
0.076183
0.294039
0.127743
0.137477
0.141084
0.075856
0.073435
0.265018
0.083904
0.50853
0.119258
0.243379
0.092912
0.196249
0.227402
0.094011
0.109384
0.206231
0.200064
0.18366
0.085438
0.085438
0.041575
0.028615
0.046754
0.073766
0.077739
0.113554
0.116794
0.614245
0.05964
0.085955
0.141031
0.058956
0.058956
0.073225
0.193251
0.139581
0.055107
0.009755
0.05205
0.059761
0.282349
0.233089
0.067729
0.088995
0.329689
0.13329
0.17296
0.142035
0.013396
0.031159
0.090478
0.061839
0.092301
0.091845
0.04237
0.419953
0.016714
0.116341
0.096242
0.193251
0.139581
0.229661
0.148545
0.148545
0.198428
0.075856
0.044056
0.203635
0.03823
0.046876
0.05498
0.065171
0.186658
0.034283
0.045592
0.158489
0.094328
0.11379
0.20857
0.143064
0.143064
0.108476
0.087002
0.112568
0.092461
0.425403
0.100887
0.111775
0.124709
0.048335
0.076435
0.026882
0.04308
0.060863
0.051005
0.070223
0.051842
0.096151
0.016627
0.058049
0.088989
0.061052
0.04835
0.082795
0.193251
0.139581
0.051551
0.092241
0.326208
0.028924
0.099115
0.032691
0.219965
0.040934
0.07244
0.030456
0.040934
0.07244
0.035394
0.224618
0.146718
0.146718
0.146718
0.073831
0.193251
0.139581
0.052052
0.280332
0.075053
0.081948
0.058191
0.058191
0.059532
0.051604
0.089462
0.113857
0.053565
0.165233
0.053565
0.195138
0.103175
0.166436
0.055699
0.193251
0.139581
0.065131
0.086843
0.170493
0.200197
0.329316
0.084502
0.10258
0.110456
0.11467
0.120028
0.121299
0.043848
0.144558
0.10935
0.049586
0.098793
0.121106
0.158869
0.037563
0.089533
0.085696
0.061664
0.074235
0.193251
0.139581
0.078774
0.032595
0.088905
0.054211
0.024712
0.092447
0.059114
0.07284
0.047941
0.047941
0.047941
0.047941
0.207203
0.142528
0.200424
0.085663
0.040178
0.052472
0.177595
0.533252
0.207932
0.288323
0.188417
0.193033
0.195902
0.19787
0.199285
0.200351
0.108439
0.088741
0.241525
0.150591
0.150591
0.150591
0.150591
0.193251
0.139581
0.068539
0.060655
0.087793
0.068539
0.057246
0.193251
0.139581
0.077528
0.087133
0.070193
0.070193
0.193251
0.139581
0.085124
0.055067
0.104107
0.025339
0.007586
0.051631
0.051631
0.051631
0.031306
0.018537
0.179016
0.163601
0.09035
0.074893
0.017223
0.072177
0.090075
0.052871
0.151835
0.091432
0.109564
0.147831
0.144327
0.181452
0.094216
0.063839
0.064938
0.12046
0.396904
0.193251
0.139581
0.008069
0.091255
0.109416
0.030837
0.497947
0.092435
0.061313
0.056591
0.031828
0.031828
0.093231
0.109856
0.031828
0.11911
0.048327
0.257556
0.070012
0.096142
0.096215
0.088208
0.224468
0.069239
0.066925
0.120847
0.096916
0.105263
0.192067
0.079271
0.079271
0.130862
0.074159
0.04678
0.112649
0.022079
0.063421
0.015049
0.068494
0.079843
0.08538
0.206606
0.13122
0.078955
0.13257
0.57323
0.056899
0.056899
0.170331
0.193251
0.139581
0.040064
0.021463
0.029908
0.123177
0.093785
0.026359
0.05241
0.193251
0.139581
0.13721
0.044694
0.062513
0.096464
0.085881
0.046513
0.037504
0.01989
0.059501
0.33852
0.103978
0.084937
0.062793
0.051525
0.13592
0.096703
0.084532
0.014631
0.053553
0.092856
0.108882
0.05363
0.125589
0.055292
0.076822
0.084233
0.20857
0.143064
0.143064
0.103953
0.117941
0.094264
0.1128
0.103215
0.11882
0.084621
0.156826
0.077151
0.077151
0.193251
0.139581
0.095287
0.11419
0.41294
0.064128
0.213596
0.255603
0.194392
0.127313
0.137468
0.104564
0.081969
0.068107
0.037104
0.206233
0.070494
0.20857
0.143064
0.143064
0.060748
0.068172
0.138417
0.082159
0.055329
0.08984
0.12954
0.11449
0.130848
0.072116
0.141812
0.379129
0.152808
0.102208
0.102208
0.114579
0.114579
0.059064
0.028018
0.062289
0.020198
0.193251
0.139581
0.07896
0.177315
0.091566
0.257305
0.058322
0.298425
0.042209
0.121739
0.164694
0.152923
0.128776
0.07469
0.096979
0.050038
0.016814
0.016814
0.016814
0.022326
0.058547
0.016814
0.078539
0.036639
0.036639
0.023106
0.023106
0.023106
0.07083
0.023106
0.193251
0.139581
0.193251
0.139581
0.142626
0.254057
0.127505
0.137244
0.310637
0.193251
0.139581
0.307999
0.090923
0.090923
0.090923
0.079724
0.060999
0.030857
0.099126
0.135427
0.127212
0.216772
0.246321
0.094005
0.108606
0.10819
0.139955
0.051948
0.152189
0.1586
0.045658
0.198974
0.073895
0.090651
0.104684
0.078596
0.098386
0.051663
0.096337
0.095715
0.095715
0.074366
0.079378
0.079378
0.093933
0.075324
0.189671
0.13578
0.232758
0.238675
0.090546
0.027254
0.115367
0.050699
0.013351
0.013351
0.024761
0.351538
0.103301
0.307254
0.077429
0.048593
0.048593
0.334138
0.03539
0.081537
0.03539
0.073302
0.070639
0.02689
0.063072
0.094976
0.106851
0.112524
0.050996
0.119426
0.028818
0.054502
0.028818
0.193251
0.139581
0.072349
0.061721
0.098767
0.055801
0.116567
0.217128
0.087853
0.10937
0.075386
0.101652
0.117825
0.193251
0.139581
0.072332
0.105053
0.630627
0.155661
0.122644
0.088392
0.048238
0.067489
0.308732
0.066106
0.053547
0.088086
0.063933
0.236654
0.11534
0.11534
0.280065
0.085491
0.108076
0.071033
0.071565
0.045208
0.046547
0.061738
0.046547
0.090059
0.107787
0.069939
0.067407
0.138205
0.165294
0.193251
0.139581
0.095475
0.098243
0.05852
0.05852
0.252469
0.23823
0.116111
0.203298
0.021453
0.061926
0.061232
0.107347
0.193251
0.139581
0.013569
0.057851
0.110236
0.178289
0.083922
0.080417
0.194225
0.26321
0.103665
0.059557
0.087072
0.02461
0.24595
0.109429
0.109429
0.140452
0.029816
0.064076
0.042707
0.042707
0.070402
0.101967
0.167685
0.13566
0.108194
0.078111
0.014381
0.027042
0.019504
0.079946
0.122178
0.100953
0.113695
0.060349
0.193251
0.139581
0.193251
0.139581
0.099806
0.119676
0.372389
0.156306
0.09135
0.085231
0.108095
0.09135
0.074797
0.193251
0.139581
0.024224
0.0635
0.075413
0.102475
0.20857
0.143064
0.143064
0.045149
0.01684
0.048059
0.125862
0.076205
0.061836
0.154849
0.065768
0.043139
0.048428
0.047973
0.015996
0.015996
0.015996
0.025009
0.267056
0.149686
0.026558
0.117265
0.133204
0.138912
0.017909
0.01378
0.021667
0.010521
0.054395
0.142327
0.081485
0.173939
0.127387
0.034468
0.037038
0.036723
0.086307
0.10238
0.350726
0.138639
0.658636
0.043433
0.032429
0.032429
0.032429
0.063025
0.086046
0.03526
0.070437
0.075975
0.056838
0.041844
0.210058
0.052813
0.193251
0.139581
0.031883
0.073705
0.071154
0.054281
0.08628
0.050998
0.064567
0.060291
0.078925
0.193251
0.139581
0.137207
0.074086
0.034926
0.034926
0.152443
0.098509
0.147197
0.169737
0.077885
0.20857
0.143064
0.143064
0.041093
0.054104
0.109352
0.125738
0.147702
0.126918
0.486102
0.039439
0.037907
0.037907
0.033657
0.122437
0.180083
0.035713
0.035713
0.046242
0.046242
0.031012
0.031012
0.031012
0.031012
0.037472
0.072344
0.089545
0.044788
0.044788
0.050781
0.0729
0.093112
0.052563
0.100041
0.126497
0.068378
0.089075
0.050273
0.050273
0.062847
0.046474
0.035067
0.075758
0.076852
0.018341
0.096774
0.054487
0.044218
0.949926
0.056773
0.042255
0.089876
0.074107
0.318841
0.099644
0.11703
0.099644
0.11703
0.079081
0.14022
0.112408
0.087998
0.020455
0.050394
0.08982
0.054473
0.086137
0.133048
0.087352
0.041515
0.06826
0.06871
0.124212
0.293731
0.22845
0.092315
0.092315
0.092315
0.063988
0.137
0.075579
0.099847
0.041075
0.085001
0.148655
0.050101
0.843612
0.02188
0.193251
0.139581
0.058615
0.20857
0.143064
0.143064
0.162702
0.065558
0.105523
0.123774
0.601765
0.060424
0.070939
0.060424
0.033432
0.058481
0.177658
0.12956
0.060144
0.060144
0.058136
0.056615
0.084614
0.038893
0.129231
0.071832
0.085111
0.043559
0.087253
0.162675
0.111109
0.080937
0.080475
0.067388
0.055876
0.026027
0.08179
0.026027
0.067393
0.028359
0.20857
0.143064
0.143064
0.072976
0.193251
0.139581
0.111471
0.077478
0.077478
0.151538
0.372263
0.0907
0.124404
0.152966
0.135872
0.3312
0.056605
0.09706
0.109161
0.048055
0.039723
0.241199
0.062398
0.062398
0.261702
0.103624
0.196574
0.109672
0.032385
0.08268
0.227916
0.104467
0.044854
0.069084
0.087215
0.106769
0.123373
0.073098
0.100136
0.054475
0.072431
0.072431
0.421384
0.1269
0.128876
0.449201
0.111457
0.08009
0.069891
0.245689
0.022479
0.022479
0.176805
0.190237
0.109432
0.093031
0.113425
0.12544
0.042464
0.042464
0.042464
0.042464
0.20857
0.143064
0.143064
0.057312
0.088393
0.054271
0.06598
0.064964
0.084811
0.060992
0.073455
0.115158
0.015582
0.037108
0.017345
0.030086
0.030813
0.258583
0.066541
0.193251
0.139581
0.060937
0.224618
0.146718
0.146718
0.146718
0.193251
0.139581
0.106491
0.18611
0.134735
0.054506
0.23515
0.496819
0.061412
0.072756
0.256079
0.081613
0.107175
0.070562
0.03409
0.068375
0.136295
0.200474
0.1478
0.152863
0.054068
0.076557
0.053142
0.102707
0.126687
0.140491
0.149364
0.042056
0.160556
0.030386
0.152894
0.23367
0.1191
0.130034
0.0249
0.0249
0.113938
0.093805
0.111272
0.245941
0.109432
0.109432
0.083545
0.10508
0.193251
0.139581
0.07925
0.057068
0.089473
0.104448
0.082535
0.057453
0.057453
0.083825
0.083825
0.080977
0.081712
0.139167
0.093627
0.095184
0.042394
0.193251
0.139581
0.182293
0.1723
0.207457
0.139211
0.1072
0.193251
0.139581
0.026788
0.059835
0.020775
0.245941
0.109432
0.109432
0.081907
0.152154
0.193251
0.139581
0.081683
0.103751
0.053137
0.053137
0.053137
0.013651
0.088858
0.245477
0.116441
0.166665
0.116441
0.064373
0.064373
0.056665
0.067329
0.067329
0.034493
0.193251
0.139581
0.245941
0.109432
0.109432
0.053965
0.102291
0.084243
0.030124
0.13999
0.038121
0.015554
0.025494
0.070775
0.193251
0.139581
0.093103
0.041785
0.041785
0.038367
0.082067
0.094593
0.113107
0.193251
0.139581
0.193251
0.139581
0.050204
0.143691
0.079688
0.050204
0.079688
0.187065
0.078326
0.112764
0.126931
0.241525
0.150591
0.150591
0.150591
0.150591
0.20857
0.143064
0.143064
0.27916
0.119098
0.08566
0.130033
0.099496
0.056439
0.025731
0.025731
0.025731
0.193251
0.139581
0.033295
0.147896
0.106735
0.121885
0.065453
0.044921
0.044921
0.037694
0.037694
0.455116
0.092111
0.059911
0.118272
0.059911
0.128012
0.059911
0.339769
0.059911
0.077758
0.095815
0.11556
0.224618
0.146718
0.146718
0.146718
0.099533
0.07158
0.097896
0.118941
0.048799
0.055599
0.076162
0.156256
0.173749
0.194022
0.325501
0.138808
0.147822
0.064104
0.15093
0.152504
0.153454
0.193251
0.139581
0.193251
0.139581
0.085741
0.358768
0.099953
0.1196
0.070903
0.070903
0.077752
0.033414
0.152894
0.23367
0.1191
0.130034
0.348143
0.139847
0.210632
0.038476
0.076682
0.046598
0.08432
0.108449
0.062203
0.071485
0.077509
0.066546
0.045431
0.086832
0.10714
0.085011
0.348744
0.084847
0.354793
0.068507
0.095002
0.084169
0.089428
0.089736
0.193251
0.139581
0.127594
0.077704
0.059028
0.090015
0.059849
0.060054
0.071129
0.062167
0.275749
0.160576
0.160576
0.132154
0.209843
0.127942
0.076457
0.095642
0.043812
0.056736
0.073127
0.073127
0.073127
0.193251
0.139581
0.076599
0.070817
0.046147
0.042214
0.095615
0.06064
0.041147
0.041147
0.046678
0.067436
0.09005
0.078524
0.083041
0.047474
0.088801
0.098253
0.092477
0.05502
0.092436
0.092903
0.12052
0.131194
0.108546
0.124556
0.193251
0.139581
0.088415
0.074728
0.024918
0.024618
0.024618
0.017852
0.017852
0.105268
0.017852
0.059084
0.062014
0.122892
0.052033
0.193251
0.139581
0.086468
0.02911
0.030146
0.156178
0.063307
0.075297
0.176805
0.190237
0.109432
0.501849
0.048498
0.048498
0.06791
0.095726
0.193251
0.139581
0.096615
0.27916
0.119098
0.130033
0.08566
0.118704
0.061083
0.132102
0.107318
0.122711
0.061933
0.05225
0.193251
0.139581
0.092595
0.082702
0.063872
0.08586
0.109999
0.039556
0.075834
0.033606
0.064494
0.025206
0.20857
0.143064
0.143064
0.073977
0.193251
0.139581
0.080098
0.674804
0.235891
0.115674
0.277834
0.130588
0.063381
0.099191
0.045463
0.08188
0.063071
0.193251
0.139581
0.193251
0.139581
0.20857
0.143064
0.143064
0.06955
0.082645
0.108112
0.123891
0.082409
0.066289
0.051364
0.051364
0.193251
0.139581
0.193251
0.139581
0.193251
0.139581
0.193251
0.139581
0.443903
0.074986
0.124851
0.113097
0.097698
0.104961
0.080994
0.066439
0.133578
0.144378
0.035685
0.318967
0.360653
0.093575
0.048028
0.048028
0.069188
0.119384
0.087766
0.096719
0.057055
0.057055
0.08664
0.05336
0.08664
0.054048
0.022486
0.022486
0.022486
0.090934
0.193251
0.139581
0.193251
0.139581
0.099849
0.122083
0.134725
0.14283
0.072125
0.339413
0.066839
0.108653
0.156113
0.164875
0.170319
0.136888
0.104316
0.097249
0.085038
0.128523
0.104037
0.107248
0.068099
0.027076
0.020223
0.061505
0.061126
0.07191
0.050662
0.032277
0.213866
0.078594
0.193251
0.139581
0.024347
0.055877
0.27915
0.1191
0.130034
0.085663
0.083035
0.100986
0.193251
0.139581
0.027291
0.225788
0.240493
0.106605
0.270548
0.123141
0.131907
0.011555
0.082608
0.20857
0.143064
0.143064
0.323649
0.099053
0.080778
0.046199
0.115776
0.109352
0.120814
0.035781
0.035781
0.064087
0.055707
0.063563
0.063563
0.198051
0.245941
0.109432
0.109432
0.053103
0.019665
0.040873
0.037171
0.073757
0.074963
0.33092
0.098878
0.04571
0.04571
0.068228
0.014411
0.03043
0.032527
0.032527
0.070808
0.070808
0.11794
0.117826
0.053663
0.05715
0.05715
0.023616
0.095478
0.114406
0.002824
0.011517
0.00346
0.00346
0.01449
0.071027
0.014691
0.003535
0.021807
0.071819
0.094538
0.050511
0.426643
0.085526
0.080244
0.080009
0.263466
0.316851
0.130706
0.215217
0.128772
0.078316
0.033924
0.092242
0.296868
0.008748
0.008748
0.08024
0.135898
0.008748
0.151585
0.041852
0.163141
0.171653
0.064772
0.193251
0.139581
0.193251
0.139581
0.193251
0.139581
0.030131
0.081624
0.106421
0.193251
0.139581
0.067055
0.193251
0.139581
0.193251
0.139581
0.193251
0.139581
0.036795
0.047202
0.140914
0.102539
0.088348
0.107255
0.116272
0.086228
0.09273
0.115358
0.128681
0.20857
0.143064
0.143064
0.05848
0.065739
0.065434
0.056652
0.062471
0.081357
0.35431
0.084927
0.234049
0.136167
0.094908
0.085838
0.103549
0.129521
0.139339
0.144478
0.026199
0.118074
0.087266
0.124355
0.133856
0.022449
0.022449
0.089256
0.072871
0.193251
0.139581
0.045847
0.053554
0.566656
0.066474
0.05708
0.08538
0.010986
0.040944
0.008401
0.008401
0.091808
0.063778
0.126624
0.088331
0.102207
0.20857
0.143064
0.143064
0.048533
0.072032
0.039326
0.051145
0.088939
0.075265
0.02961
0.109117
0.096296
0.045185
0.062705
0.193251
0.139581
0.081434
0.02938
0.003671
0.041976
0.121912
0.077338
0.04954
0.04954
0.021682
0.021682
0.105665
0.085685
0.052792
0.085936
0.040007
0.023351
0.136339
0.105137
0.111915
0.108041
0.047459
0.061549
0.061549
0.192894
0.241495
0.11703
0.099644
0.11703
0.128328
0.084562
0.063009
0.089407
0.076736
0.077957
0.089009
0.073011
0.193251
0.139581
0.090648
0.188828
0.230156
0.116636
0.175343
0.098807
0.193251
0.139581
0.059097
0.059097
0.059097
0.061305
0.061305
0.096519
0.078049
0.043297
0.207203
0.200424
0.130034
0.085663
0.043102
0.193251
0.139581
0.224618
0.146718
0.146718
0.146718
0.073167
0.079466
0.083815
0.043675
0.136079
0.089653
0.113219
0.097583
0.077731
0.245941
0.109432
0.109432
0.193251
0.139581
0.089144
0.193251
0.139581
0.090487
0.083369
0.169827
0.161168
0.643591
0.06297
0.044536
0.036213
0.046127
0.079355
0.18813
0.096437
0.084511
0.115421
0.162083
0.072116
0.193251
0.139581
0.074967
0.074967
0.049948
0.073023
0.026679
0.073505
0.072418
0.037094
0.063414
0.092946
0.07007
0.034978
0.059933
0.047776
0.05551
0.061107
0.087695
0.03416
0.099456
0.124091
0.133622
0.026708
0.075911
0.079501
0.094593
0.089343
0.064339
0.095302
0.115142
0.10321
0.128754
0.014608
0.047215
0.092366
0.058291
0.066643
0.030939
0.079277
0.193251
0.139581
0.092031
0.193251
0.139581
0.2575
0.089664
0.110743
0.062997
0.083589
0.193251
0.139581
0.107524
0.123006
0.04251
0.569434
0.09375
0.147072
0.153884
0.078783
0.101343
0.110127
0.042825
0.058546
0.085908
0.092073
0.336307
0.073216
0.113013
0.057268
0.193251
0.139581
0.193251
0.139581
0.105571
0.093261
0.093261
0.069957
0.068005
0.068005
0.193251
0.139581
0.086809
0.056266
0.056266
0.09304
0.235049
0.117934
0.109782
0.126138
0.131189
0.06806
0.193251
0.139581
0.105005
0.088649
0.06714
0.093504
0.193251
0.139581
0.071029
0.071029
0.082453
0.110084
0.120982
0.067004
0.077634
0.146358
0.162526
0.120198
0.087516
0.211855
0.083089
0.193251
0.139581
0.062734
0.153835
0.176805
0.190237
0.109432
0.193251
0.139581
0.179556
0.123988
0.141919
0.151671
0.157782
0.053163
0.076439
0.076439
0.193251
0.139581
0.193251
0.139581
0.136984
0.234351
0.098106
0.259161
0.096121
0.193251
0.139581
0.311354
0.133938
0.085517
0.085517
0.099127
0.091051
0.053446
0.091051
0.07981
0.052738
0.147767
0.450855
0.070204
0.070204
0.099346
0.050801
0.099346
0.088534
0.193251
0.139581
0.084495
0.108113
0.062001
0.072454
0.224618
0.146718
0.146718
0.146718
0.057097
0.057097
0.020961
0.027412
0.063446
0.069467
0.11259
0.070105
0.112529
0.084657
0.06371
0.091221
0.062989
0.193251
0.139581
0.07047
0.117758
0.128804
0.046307
0.046307
0.070834
0.073486
0.028192
0.068184
0.089875
0.090431
0.090431
0.245941
0.109432
0.109432
0.193251
0.139581
0.094015
0.124509
0.060272
0.098657
0.16814
0.169696
0.111529
0.119909
0.17157
0.24891
0.090928
0.090928
0.059739
0.07747
0.070805
0.20857
0.143064
0.143064
0.029241
0.043033
0.070278
0.07074
0.193251
0.139581
0.075022
0.114095
0.145575
0.153831
0.073979
0.067875
0.038066
0.27915
0.1191
0.130034
0.085663
0.082174
0.048113
0.064649
0.224618
0.146718
0.146718
0.146718
0.069774
0.193251
0.139581
0.084883
0.193251
0.139581
0.071414
0.098951
0.193251
0.139581
0.053892
0.346155
0.141297
0.141297
0.224277
0.082348
0.051991
0.098827
0.193251
0.139581
0.193251
0.139581
0.070235
0.099231
0.193251
0.139581
0.068795
0.153453
0.422661
0.074966
0.067332
0.095541
0.047649
0.047649
0.086076
0.063362
0.096386
0.037825
0.111318
0.20857
0.143064
0.143064
0.087398
0.071323
0.227861
0.077585
0.097488
0.047804
0.109636
0.038656
0.193251
0.139581
0.043178
0.043178
0.20857
0.143064
0.143064
0.066603
0.193251
0.139581
0.245941
0.109432
0.109432
0.307978
0.090928
0.090928
0.090928
0.067302
0.067302
0.20857
0.143064
0.143064
0.193251
0.139581
0.20857
0.143064
0.143064
0.011256
0.011256
0.037512
0.052611
0.084642
0.193251
0.139581
0.229661
0.148545
0.148545
0.198428
0.075856
0.320807
0.098823
0.098823
0.163011
0.07352
0.071145
0.071145
0.193251
0.139581
0.084332
0.088556
0.093128
0.113762
0.128562
0.133849
0.063017
0.193251
0.139581
0.085294
0.193251
0.139581
0.193251
0.139581
0.193251
0.139581
0.15138
0.10317
0.15645
0.071342
0.07003
0.097277
0.069108
0.307978
0.090928
0.090928
0.090928
0.081055
0.069239
0.104576
0.118994
0.05294
0.047905
0.020002
0.020002
0.055878
0.073012
0.055878
0.11917
0.080556
0.089242
0.10618
0.045612
0.193251
0.139581
0.072384
0.098489
0.079352
0.093716
0.224618
0.146718
0.146718
0.146718
0.224618
0.146718
0.146718
0.146718
0.065785
0.070767
0.087504
0.069038
0.193251
0.139581
0.224618
0.146718
0.146718
0.146718
0.087953
0.089263
0.193251
0.139581
0.08711
0.104537
0.074537
0.074537
0.193251
0.139581
0.155164
0.076152
0.076152
0.193251
0.139581
0.103929
0.088989
0.088435
0.193251
0.139581
0.069741
0.193251
0.139581
0.193251
0.139581
0.05058
0.245941
0.109432
0.109432
0.088097
0.052558
0.052558
0.193251
0.139581
0.042345
0.088603
0.176805
0.190237
0.109432
0.193251
0.139581
0.087255
0.10816
0.074481
0.096006
0.053487
0.20857
0.143064
0.143064
0.089964
0.053827
0.093077
0.111756
0.171203
0.281408
0.32615
0.348851
0.363285
0.373197
0.380344
0.385738
0.389953
0.393338
0.396114
0.398433
0.400399
0.402086
0.40355
0.404833
0.405966
0.406974
0.407876
0.408689
0.409425
0.410094
0.410705
0.193251
0.139581
0.377694
0.123481
0.071854
0.139559
0.145107
0.147999
0.096572
0.149737
0.224618
0.146718
0.146718
0.146718
0.067717
0.106971
0.050856
0.193251
0.139581
0.073365
0.100263
0.193251
0.139581
0.09926
0.20857
0.143064
0.143064
0.068582
0.193251
0.139581
0.176805
0.190237
0.109432
0.055585
0.194836
0.323905
0.107971
0.083603
0.0602
0.151342
0.086871
0.374487
0.063285
0.109916
0.128977
0.135488
0.063285
0.16342
0.037078
0.037078
0.037078
0.193251
0.139581
0.091097
0.20857
0.143064
0.143064
0.193251
0.139581
0.059558
0.054608
0.019691
0.27915
0.1191
0.130034
0.085663
0.193251
0.139581
0.193251
0.139581
0.082617
0.079306
0.039357
0.081017
0.101756
0.022772
0.241525
0.150591
0.150591
0.150591
0.150591
0.077875
0.193251
0.139581
0.066916
0.07623
0.09532
0.059277
0.065484
0.080288
0.176805
0.190237
0.109432
0.066162
0.193251
0.139581
0.496451
0.137564
0.09329
0.165078
0.063173
0.090249
0.245941
0.109432
0.109432
0.094439
0.060824
0.245941
0.109432
0.109432
0.073123
0.078721
0.080193
0.245477
0.154821
0.116441
0.116441
0.085896
0.193251
0.139581
0.193251
0.139581
0.08973
0.109728
0.092363
0.148621
0.217676
0.208046
0.107904
0.193251
0.139581
0.072398
0.193251
0.139581
0.067888
0.097892
0.069663
0.181355
0.268853
0.10811
0.110113
0.12674
0.132675
0.193251
0.139581
0.049699
0.103435
0.117963
0.071713
0.100078
0.054347
0.054347
0.193251
0.139581
0.073855
0.096174
0.115448
0.028496
0.028496
0.224618
0.146718
0.146718
0.146718
0.064893
0.20857
0.143064
0.143064
0.193251
0.139581
0.062258
0.193251
0.139581
0.245477
0.116441
0.116441
0.170986
0.241525
0.150591
0.150591
0.150591
0.150591
0.193251
0.139581
0.08909
0.193251
0.139581
0.245941
0.109432
0.109432
0.192881
0.134725
0.161906
0.305682
0.110782
0.131213
0.174882
0.13839
0.141372
0.193251
0.139581
0.08201
0.193251
0.139581
0.241525
0.150591
0.150591
0.150591
0.150591
0.123088
0.210708
0.065197
0.193251
0.139581
0.090645
0.081588
0.105514
0.129293
0.100989
0.224618
0.146718
0.146718
0.146718
0.193251
0.139581
0.27915
0.1191
0.130034
0.085663
0.070692
0.070671
0.193251
0.139581
0.242701
0.078448
0.081121
0.276456
0.078322
0.071111
0.096848
0.27915
0.1191
0.085663
0.130034
0.193251
0.139581
0.193251
0.139581
0.089267
0.078897
0.050154
0.079917
0.193251
0.139581
0.224618
0.146718
0.146718
0.146718
0.086651
0.224618
0.146718
0.146718
0.146718
0.071803
0.193251
0.139581
0.069233
0.193251
0.139581
0.003685
0.193251
0.139581
0.059679
0.06389
0.099777
0.05765
0.097971
0.168167
0.149475
0.193251
0.139581
0.091212
0.08732
0.097435
0.109556
0.080742
0.126875
0.101964
0.127317
0.136895
0.141908
0.036017
0.095714
0.058396
0.082392
0.20857
0.143064
0.143064
0.193251
0.139581
0.105938
0.127123
0.134951
0.050579
0.091967
0.080679
0.193251
0.139581
0.193251
0.139581
0.176805
0.190237
0.109432
0.093671
0.062621
0.193251
0.139581
0.079248
0.084113
0.056858
0.111824
0.131113
0.141778
0.148519
0.153158
0.099777
0.04111
0.193251
0.139581
0.20857
0.143064
0.143064
0.193251
0.139581
0.193251
0.139581
0.193251
0.139581
0.193251
0.139581
0.193251
0.139581
0.193251
0.139581
0.061974
0.20857
0.143064
0.143064
0.087534
0.101747
0.193251
0.139581
0.193251
0.139581
0.082498
0.056781
0.079703
0.077688
0.193251
0.139581
0.087542
0.20857
0.143064
0.143064
0.20857
0.143064
0.143064
0.193251
0.139581
0.078098
0.093903
0.193251
0.139581
0.082184
0.106829
0.059819
0.058584
0.193251
0.139581
0.193251
0.139581
0.085466
0.07289
0.193251
0.139581
0.193251
0.139581
0.071761
0.193251
0.139581
0.072249
0.09004
0.193251
0.139581
0.100458
0.116638
0.193251
0.139581
0.245941
0.109432
0.109432
0.10272
0.085558
0.078501
0.104978
0.224618
0.146718
0.146718
0.146718
0.102316
0.193251
0.139581
0.193251
0.139581
0.193251
0.139581
0.20857
0.143064
0.143064
0.087456
0.10808
0.20857
0.143064
0.143064
0.079935
0.077466
0.099416
0.116973
0.083509
0.245941
0.109432
0.109432
0.193251
0.139581
0.193251
0.139581
0.193251
0.139581
0.07947
0.067717
0.193251
0.139581
0.073917
0.193251
0.139581
0.193251
0.139581
0.193251
0.139581
0.193251
0.139581
0.064507
0.193251
0.139581
0.193251
0.139581
0.245941
0.109432
0.109432
0.065576
0.193251
0.139581
0.224618
0.146718
0.146718
0.146718
0.193251
0.139581
0.193251
0.139581
0.090022
0.066534
0.193251
0.139581
0.20857
0.143064
0.143064
0.193251
0.139581
0.193251
0.139581
0.224618
0.146718
0.146718
0.146718
0.193251
0.139581
0.193251
0.139581
0.193251
0.139581
0.193251
0.139581
0.193251
0.139581
0.193251
0.139581
0.193251
0.139581
0.193251
0.139581
0.079089
0.20857
0.143064
0.143064
0.11064
0.132642
0.140959
0.193251
0.139581
0.193251
0.139581
0.193251
0.139581
0.193251
0.139581
0.193251
0.139581
0.20857
0.143064
0.143064
0.193251
0.139581
0.193251
0.139581
0.083032
0.104492
0.20857
0.143064
0.143064
0.193251
0.139581
0.20857
0.143064
0.143064
0.193251
0.139581
0.193251
0.139581
0.193251
0.139581
0.224618
0.146718
0.146718
0.146718
0.193251
0.139581
0.20857
0.143064
0.143064
0.193251
0.139581
0.193251
0.139581
0.133282
0.088224
0.193251
0.139581
0.089975
0.193251
0.139581
0.193251
0.139581
0.193251
0.139581
0.224618
0.146718
0.146718
0.146718
0.224618
0.146718
0.146718
0.146718
0.193251
0.139581
0.20857
0.143064
0.143064
0.193251
0.139581
0.193251
0.139581
0.193251
0.139581
0.193251
0.139581
0.20857
0.143064
0.143064
0.193251
0.139581
0.193251
0.139581
0.193251
0.139581
0.193251
0.139581
0.193251
0.139581
0.20857
0.143064
0.143064
