0.008671
0.000469
0.000258
0.005647
0.947755
0.029866
0.998789
0.002553
0.029051
0.057107
0.061191
0.008369
0.057545
0.044417
0.002225
0.002167
0.000115
0.498616
0.019133
0.00067
0.00016
0.001923
0.001659
0.217112
0.002394
0.164316
0.000696
0.051954
0.167649
0.012959
0.006509
0.887897
0.283413
0.000825
0.894393
0.017297
0.004065
0.040694
0.001081
0.283413
0.000415
0.002552
0.072162
0.514731
0.000415
0.008344
0.001049
0.002225
0.884668
0.06598
0.008401
0.000342
0.918724
0.970008
0.018461
0.161871
0.613265
0.133127
0.000914
1.0001
0.28719
0.067749
0.085574
0.115385
0.215812
0.297233
0.100792
0.001609
0.994858
0.999886
0.29429
0.001038
0.17941
0.010766
0.002601
0.001906
0.115336
0.072373
0.006639
0.039123
0.887266
0.000484
0.99971
0.001526
0.007752
0.755616
0.018878
0.426302
0.001384
0.289683
0.085255
0.006718
0.01782
0.011306
0.756612
0.982337
0.003614
0.969191
0.999815
0.989274
0.990358
0.007786
0.026116
0.031036
0.98749
0.654096
0.660755
0.999772
0.162188
0.920851
0.860373
0.072853
0.001244
0.921311
0.011832
0.052156
0.001944
0.902574
0.003618
0.005917
0.803529
0.999141
0.727431
0.003823
0.087275
0.002172
0.054452
0.745273
0.014183
0.441634
0.998754
1.000097
0.003535
0.005989
0.996371
1.000086
0.002791
0.026821
0.01812
0.17982
0.003977
0.105549
0.001526
0.003506
0.000283
0.018455
0.660142
0.006769
0.994007
0.789772
0.01246
0.085919
0.97011
0.894393
0.05029
0.01986
0.125388
0.999312
0.003126
0.000119
0.174018
0.047168
0.000532
0.995668
0.001204
0.001609
0.961153
1.000091
0.014268
0.977112
0.957361
0.79727
0.018907
0.995131
0.002587
0.037173
0.006537
0.730827
0.97986
0.074255
0.001081
0.012709
0.79523
0.011015
0.001794
0.000983
0.003063
0.001714
0.41531
0.018455
0.02929
0.997773
0.027724
0.998325
0.971463
0.957628
0.446739
0.002806
