0.22434
0.082142
0.027282
0.119577
0.244145
0.120743
0.532488
0.07952
0.126923
0.251856
0.025858
0.952433
0.075141
0.149159
0.020102
0.254735
0.193278
0.165011
0.009646
0.649643
0.870246
0.002097
0.001554
0.266044
0.124857
0.169166
0.009866
0.717907
0.000137
0.006587
0.00382
0.818161
0.116172
0.044207
0.030518
0.009223
0.173109
0.032521
0.000137
0.000137
0.359387
0.483628
0.093342
0.082685
0.463096
0.765762
0.000137
0.003488
0.053999
0.052242
0.018097
0.008409
0.004475
0.923163
0.022855
0.173816
0.000304
0.043745
0.013264
0.000181
0.071938
0.006103
0.008744
0.133094
0.000181
0.001068
0.008771
0.380516
0.130141
0.069531
0.068649
0.069531
0.999812
0.468313
0.045442
0.069531
0.40837
0.99979
0.04462
0.185282
0.006855
0.02266
0.091375
0.076114
0.236177
0.134834
0.069531
0.069531
0.025959
0.342574
0.068779
0.005784
0.109744
0.000129
0.040994
0.049634
0.263266
0.004247
0.09589
0.102121
0.999256
1.000093
0.50255
1.000083
0.020311
0.165919
0.106183
0.106183
0.991849
0.000101
0.000118
0.012792
0.000101
0.051833
0.035296
0.000101
0.000279
0.003429
0.119105
0.265686
0.000375
0.000181
0.0026
0.562209
0.09524
0.000375
0.000208
0.002829
0.018691
0.000145
0.0002
0.000101
0.026575
0.000101
0.003229
0.380171
0.000221
0.033526
0.003229
0.000367
0.004845
0.043626
0.000101
0.091794
0.003229
0.26991
0.547168
0.293619
0.344677
0.51641
0.103553
0.007402
0.054641
0.007773
0.023295
0.035933
0.000453
0.016878
0.035933
0.998463
0.056095
0.126334
0.149864
0.070912
0.001671
0.14766
0.000739
0.520012
0.19471
0.13158
0.006939
0.006175
0.022469
0.031271
0.312648
0.022469
0.008601
0.46769
0.031271
0.003737
0.099629
0.418102
0.004368
0.003233
0.003438
0.099629
0.973189
0.040174
0.019926
0.020213
0.119974
0.146425
0.003365
0.219177
0.022309
0.009523
0.018465
0.20406
0.000443
0.001766
0.001418
0.025996
0.040092
0.163376
0.129628
0.007013
0.002207
0.888359
0.001766
0.034978
0.057692
0.134277
0.02608
0.067487
0.362081
0.109332
0.007362
0.0024
0.000951
0.057031
0.101701
0.285393
0.069253
0.101701
0.53853
0.165083
0.116959
0.135191
0.360521
0.139897
0.525418
0.068127
0.353053
0.169623
0.195552
0.169623
0.144743
0.056697
0.09858
0.267649
0.085698
0.357884
0.00853
0.01084
0.64339
0.023755
0.001352
0.00148
0.005885
0.111384
0.002712
0.071655
0.193622
0.406219
0.065149
0.005885
0.513622
0.016574
0.14936
0.85889
0.274189
0.856536
0.984115
0.991975
0.743353
0.999418
0.530102
0.861539
0.0001
0.987886
0.602571
0.322366
0.0001
0.679281
0.530102
0.988523
0.530102
0.866531
0.530102
1.000082
0.805411
0.002089
0.993557
0.530102
0.649122
0.996968
0.530102
0.000215
0.999848
0.530102
0.762114
0.530102
0.530102
0.530102
0.745572
1.000088
0.999727
0.819073
0.005088
0.74136
0.977712
0.927414
0.989139
0.965115
0.015928
0.00021
0.176787
0.031899
0.077092
0.00021
0.004023
0.000253
0.031899
0.000302
0.064779
0.796189
0.075156
0.0001
0.048331
0.092199
0.015
0.024752
0.318381
0.005599
0.00771
0.058045
0.007572
0.000972
0.001363
0.012443
0.000331
0.017847
0.012443
0.575975
0.121574
0.015201
0.047506
0.00552
0.131519
0.028807
0.197986
0.028281
0.10596
0.304065
0.06584
0.478067
0.83164
0.169515
0.010221
0.131233
0.484
0.096699
0.174696
0.389666
0.014649
0.331302
0.007184
0.096699
0.001753
0.228917
0.106715
0.004482
0.009136
0.910228
0.000425
0.904745
0.1212
0.000846
0.00104
0.817081
0.793927
0.016612
0.080271
0.012753
0.330194
0.794734
0.357015
0.095783
0.343878
0.103746
0.001885
0.182151
0.030264
0.030264
0.105694
0.030586
0.067547
0.042868
0.571119
0.036707
0.220858
0.228643
0.008141
0.008141
0.008068
0.032836
0.773097
0.326638
0.656308
0.233085
0.02991
0.028781
0.345522
0.03712
0.032836
0.001434
0.007337
0.010102
0.138955
0.001691
0.106857
0.001691
0.261645
0.242778
0.001691
0.010397
0.001137
0.366503
0.601155
0.245026
0.009196
0.026186
0.063329
0.063329
0.003368
0.220053
0.063329
0.001119
0.026186
0.266131
0.11294
0.022839
0.016855
0.175071
0.044989
0.044989
0.115683
0.363214
0.152405
0.086115
0.314107
0.081638
0.033812
0.222676
0.025501
0.025501
0.032515
0.032515
0.365622
0.006693
0.750948
0.006693
0.177719
0.020289
0.024626
0.000282
0.00223
0.794991
0.002274
0.047698
0.000131
0.009658
0.00445
0.06639
0.110092
0.752782
0.000727
0.499961
0.071751
0.005462
0.011108
0.000834
0.001003
0.106173
0.000422
0.12204
0.000834
0.00223
0.001061
0.00427
0.045455
0.035836
0.294353
0.062574
0.062574
0.355653
0.062574
0.008632
0.006141
0.062574
0.21487
0.349151
0.00308
0.00212
0.265309
0.016545
0.016541
0.016545
0.348369
0.043381
0.000741
0.016545
0.016545
0.371419
0.533921
0.112508
0.016545
0.016545
0.016545
0.004794
0.045442
0.016545
0.196386
0.093827
0.079221
0.1199
0.079099
0.093266
0.000841
0.032137
0.073653
0.002382
0.186554
0.284487
0.233384
0.000427
0.005363
0.000539
0.000952
0.0001
0.001329
0.0001
0.032731
0.002586
0.000109
0.000141
0.002977
0.0001
0.074732
0.00079
0.000101
0.042237
0.000952
0.715563
0.006153
0.909311
0.000666
0.019846
0.00307
0.0001
0.002764
0.0001
0.000109
0.000405
0.006073
0.052544
0.000108
0.000104
0.151105
0.000246
0.002415
0.001028
0.001374
0.000309
0.05493
0.000886
0.043943
0.622673
0.003192
0.435226
0.008535
0.038236
0.007366
0.002894
0.000104
0.034758
0.002098
0.984401
0.48184
0.000104
0.000104
0.049823
0.036466
0.001064
0.000104
0.002098
0.037141
0.133598
0.603524
0.134677
0.069953
0.069953
0.069953
0.112446
0.052455
0.055568
0.036279
0.030949
0.183833
0.233948
0.014648
0.073706
0.003466
0.005175
0.000712
0.03776
0.548944
0.011358
0.092462
0.00011
0.048963
0.000163
0.005474
0.000452
0.000232
0.001916
0.001375
0.000848
0.001375
0.000557
0.125362
0.02326
0.000321
0.00286
0.09622
0.120736
0.09622
0.242372
0.050995
0.04688
0.166928
0.317946
0.081927
0.359984
0.031033
0.142166
0.106183
0.106183
0.106183
0.106183
0.106183
0.106183
0.069011
0.098505
0.106427
0.042749
0.01958
0.326525
0.095575
0.161412
0.107007
0.379112
0.12919
0.006828
0.006828
0.001105
0.184447
0.004999
0.747322
0.050037
0.000592
0.085871
0.091391
0.068081
0.153447
0.075653
0.000592
0.059726
0.011949
0.40412
0.049096
0.554741
0.348786
0.043007
0.000266
0.395086
0.001246
0.013568
0.000269
0.000713
0.141219
0.007706
0.013568
0.062342
0.010926
0.50525
0.250425
0.044043
0.004585
0.552099
0.292262
0.180364
0.038599
0.037761
0.011095
0.002067
0.002067
0.027909
0.131872
0.341545
0.120177
0.216459
0.156042
0.019226
0.386972
0.066292
0.066292
0.136808
0.09047
0.284639
0.006727
0.296817
0.194647
0.025643
0.093027
0.034193
0.191355
0.191355
0.051251
0.500844
0.019133
0.004223
0.004223
0.1632
0.223758
0.087324
0.083794
0.004223
0.004223
0.028019
0.025059
0.422353
0.026758
0.096063
0.271546
0.000101
0.000101
0.005043
0.005043
0.154629
0.003263
0.006368
0.043364
0.003023
0.375458
0.006607
0.807688
0.000916
0.273656
0.167993
0.003876
0.006368
0.08417
0.057432
0.067139
0.005584
0.007009
0.709391
0.621885
0.019269
0.067421
0.015654
0.000743
0.003454
0.008028
0.000743
0.001964
0.402258
0.019244
0.005318
0.003131
0.000743
0.14342
0.497648
0.067308
0.072426
0.508064
0.04666
0.017882
0.09885
0.02274
0.072426
0.158701
0.243266
0.072426
0.087977
0.015134
0.038326
0.004321
0.021222
0.000811
0.004705
0.059657
0.013447
0.009361
0.007584
0.123583
0.003453
0.020082
0.157669
0.103313
0.003453
0.143115
0.106183
0.106183
0.354117
0.092563
0.018209
0.54693
0.045126
0.283237
0.0027
0.014076
0.043499
0.014266
0.014266
0.004095
0.0027
0.719134
0.034398
0.130884
0.010991
0.025011
0.071858
0.029703
0.292107
0.009477
0.009368
0.012568
0.069008
0.003469
0.003469
0.002493
0.022456
0.028234
0.024512
0.002288
0.005709
0.002391
0.005709
0.224418
0.387623
0.112784
0.057174
0.112784
0.019177
0.000156
0.006147
0.532052
0.123513
0.099845
0.073253
0.03272
0.000614
0.007594
0.098985
0.03272
0.080321
0.032188
0.015809
0.127972
0.080227
0.052849
0.25378
0.073052
0.056761
0.009066
0.010653
0.053012
0.017959
0.012754
0.044175
0.045226
0.00267
0.425076
0.024644
0.059541
0.042286
0.018967
0.093487
0.521647
0.033683
0.185742
0.047974
0.212105
0.032089
0.064655
0.003271
0.03174
0.012522
0.106183
0.106183
0.015863
0.554133
0.078785
0.078785
0.078785
0.078785
0.000112
0.089105
0.112655
0.034662
0.112655
0.375742
0.09417
0.169627
0.079954
0.135548
0.10303
0.013939
0.21158
0.334001
0.007104
0.321809
0.223011
0.008363
0.124636
0.074442
0.124636
0.112757
0.043029
0.007104
0.089889
0.232995
0.00727
0.029963
0.211801
0.098809
0.090555
0.259885
0.00145
0.022071
0.026078
0.008187
0.251219
0.114795
0.000408
0.079346
0.015883
0.010544
0.054445
0.067621
0.06174
0.06897
0.023583
0.032573
0.054163
0.00011
0.00011
0.052289
0.001963
0.00011
0.00011
0.00011
0.125584
0.031049
0.001353
0.002697
0.070912
0.027863
0.356911
0.065744
0.011022
0.117197
0.027863
0.271628
0.007167
0.071852
0.524073
0.009429
0.009813
0.054689
0.35918
0.247868
0.030419
0.08743
0.049785
0.062489
0.03783
0.540966
0.331301
0.282845
0.012307
0.086267
0.549559
0.116235
0.045246
0.013693
0.569586
0.045246
0.050417
0.07703
0.092005
0.046426
0.003597
0.003597
0.416949
0.002114
0.002114
0.327206
0.003597
0.210983
0.021649
0.000888
0.021649
0.046884
0.019093
0.021649
0.064831
0.440676
0.003664
0.617899
0.035435
0.013911
0.003828
0.255708
0.044386
0.133214
0.033031
0.471439
0.022727
0.033031
0.002231
0.24189
0.375994
0.010074
0.244423
0.00765
0.374585
0.069906
0.184982
0.243721
0.897782
0.094599
0.083896
0.066185
0.349235
0.99397
0.029249
0.115181
0.419366
0.124121
0.083115
0.092498
0.146656
0.17591
0.011757
0.033562
0.083135
0.004008
0.000295
0.018693
0.180681
0.000295
0.000295
0.004639
0.561567
0.03782
0.031055
0.000495
0.217623
0.027191
0.000192
0.140677
0.086546
0.028597
0.620362
0.238541
0.014313
0.579954
0.529288
0.155677
0.017624
0.016076
0.122271
0.187244
0.047831
0.00066
0.000308
0.227006
0.036171
0.044726
0.194205
0.032904
0.015123
0.032637
0.012093
0.012093
0.84106
0.030266
0.041896
0.729052
0.039598
0.148423
0.03107
0.108383
0.001415
0.03107
0.066299
0.1273
0.21223
0.043282
0.085651
0.189236
0.103288
0.01924
0.00481
0.018862
0.007074
0.061768
0.100766
0.151086
0.061768
0.061768
0.373199
0.261105
0.261105
0.089943
0.663962
0.101959
0.037826
0.014121
0.022012
0.007323
0.014121
0.000449
0.000449
0.003072
0.000449
0.000449
0.000449
0.017037
0.355059
0.068235
0.172367
0.021122
0.036376
0.723273
0.029282
0.000631
0.019937
0.019937
0.000631
0.000631
0.050787
0.052312
0.05943
0.000631
0.149447
0.136738
0.02641
0.016074
0.02641
0.194677
0.118392
0.116191
0.087548
0.111137
0.261713
0.108745
0.108745
0.397983
0.044598
0.105389
0.031996
0.092208
0.092208
0.006544
0.110335
0.092208
0.17336
0.03507
0.031914
0.294206
0.058972
0.033644
0.560525
0.099824
0.24217
0.050401
0.002788
0.012931
0.087016
0.004219
0.004219
0.004219
0.082707
0.001034
0.024732
0.025354
0.024732
0.001034
0.107179
0.028537
0.15806
0.028537
0.005479
0.005479
0.207743
0.203209
0.173058
0.086991
0.162265
0.054532
0.320181
0.065616
0.055677
0.106183
0.106183
0.087495
0.386618
0.345961
0.121018
0.038905
0.121018
0.254093
0.220064
0.199948
0.411191
0.205814
0.059165
0.110289
0.059165
0.069421
0.189084
0.189084
0.106183
0.106183
0.321429
0.041983
0.059119
0.007848
0.053486
0.439342
0.194565
0.189682
0.059119
0.284584
0.128159
0.010736
0.031036
0.033236
0.248412
0.915777
0.06265
0.000553
0.046812
0.046812
0.277557
0.01321
0.001276
0.112629
0.131424
0.003811
0.427293
0.114653
0.184379
0.126139
0.114653
0.026134
0.123439
0.115543
0.036178
0.071651
0.071651
0.071651
0.071651
0.071651
0.02039
0.071651
0.025016
0.071651
0.071651
0.071651
0.025016
0.02039
0.071651
0.064062
0.091214
0.071651
0.025016
0.02039
0.071651
0.071651
0.770179
0.025016
0.028551
0.064062
0.071651
0.071651
0.071651
0.07816
0.044738
0.02039
0.025016
0.071651
0.071651
0.007234
0.064062
0.02039
0.025016
0.028551
0.002876
0.120433
0.065714
0.151661
0.065714
0.064301
0.182192
0.115604
0.115604
0.182192
0.006919
0.058904
0.047765
0.07232
0.013829
0.021047
0.009454
0.005378
0.431325
0.344667
0.076502
0.062087
0.013139
0.017316
0.026133
0.001812
0.002567
0.024094
0.003608
0.055357
0.080896
0.041356
0.041219
0.000629
0.002608
0.029498
0.001812
0.029498
0.019575
0.00127
0.002608
0.01721
0.00198
0.095563
0.001281
0.024094
0.217972
0.106183
0.106183
0.158044
0.177546
0.22905
0.105751
0.065099
0.145919
0.030775
0.318525
0.01145
0.343429
0.005045
0.021642
0.006169
0.067908
0.203446
0.054611
0.084865
0.026939
0.085048
0.492334
0.176638
0.046102
0.047263
0.019647
0.019647
0.075773
0.000963
0.150694
0.000963
0.209248
0.000176
0.044869
0.000176
0.001889
0.001889
0.060718
0.000176
0.068647
0.004507
0.000176
0.055249
0.002961
0.028688
0.223895
0.075838
0.15384
0.021216
0.343674
0.389316
0.000914
0.004733
0.009606
0.007374
0.000576
0.003528
0.003528
0.389445
0.035011
0.000831
0.711857
0.000831
0.010364
0.153803
0.024505
0.016279
0.024505
0.014708
0.010364
0.106415
0.037822
0.000302
0.328689
0.0001
0.037874
0.007024
0.621281
0.012208
0.010784
0.012596
0.000106
0.043956
0.043956
0.090211
0.005873
0.07746
0.07746
0.07746
0.07746
0.07746
0.130607
0.005873
0.468168
0.020752
0.010676
0.08551
0.121843
0.010676
0.026113
0.113578
0.461338
0.137403
0.010858
0.046336
0.098176
0.294097
0.090211
0.010858
0.079938
0.005946
0.016612
0.000438
0.228883
0.016612
0.000438
0.000438
0.000419
0.006027
0.000646
0.013095
0.107261
0.001491
0.215465
0.003016
0.000182
0.008162
0.274928
0.002583
0.020289
0.013777
0.019066
0.097345
0.208353
0.016028
0.090467
0.016089
0.019066
0.226929
0.019141
0.019141
0.019141
0.041733
0.00722
0.07715
0.04955
0.300952
0.000381
0.00919
0.000381
0.253346
0.026886
0.016869
0.001988
0.016869
0.243854
0.291552
0.099723
0.099723
0.149381
0.093806
0.051158
0.152326
0.093886
0.004153
0.025376
0.484649
0.009408
0.160114
0.160114
0.004153
0.138714
0.046478
0.02354
0.177671
0.063345
0.157423
0.00201
0.002245
0.001418
0.008199
0.105733
0.063393
0.000118
0.003737
0.023454
0.002497
0.000118
0.000131
0.266625
0.003188
0.002843
0.015643
0.109206
0.212148
0.000964
0.226496
0.173741
0.197356
0.271741
0.197356
0.009196
0.001325
0.146866
0.000724
0.041376
0.028619
0.00014
0.057228
0.000168
0.047133
0.003665
0.030757
0.01989
0.000595
0.494588
0.00571
0.0001
0.234521
0.000916
0.01685
0.01386
0.000184
0.243178
0.008247
0.000381
0.000595
0.034923
0.000519
0.001162
0.000275
0.006372
0.024812
0.004273
0.18418
0.082344
0.000342
0.019269
0.010292
0.037059
0.080471
0.091873
0.133386
0.001345
0.000891
0.044322
0.044322
0.034411
0.074436
0.597657
0.414226
0.020178
0.0329
0.102858
0.249008
0.182693
0.191455
0.182693
0.399332
0.059859
0.340374
0.122116
0.244744
0.122116
0.066652
0.013904
0.019876
0.028388
0.001546
0.251528
0.174881
0.515012
0.174881
0.107127
0.055067
0.025611
0.004608
0.020254
0.198484
0.057998
0.330485
0.00085
0.00085
0.03766
0.004162
0.03766
0.004162
0.561472
0.023034
0.001315
0.00085
0.00035
0.00035
0.171893
0.034695
0.014716
0.014716
0.000455
0.014716
0.014716
0.297734
0.031747
0.066799
0.15578
0.191258
0.382893
0.071547
0.060551
0.060551
0.044989
0.175071
0.044989
0.168788
0.11183
0.139294
0.139294
0.11183
0.311271
0.034086
0.034086
0.038652
0.487047
0.038652
0.057322
0.038652
0.038652
0.211893
0.004629
0.241761
0.219832
0.292201
0.278247
0.090739
0.022325
0.022325
0.001219
0.001219
0.291322
0.099799
0.026469
0.048039
0.002626
0.000575
0.000575
0.006778
0.006778
0.013982
0.000885
0.000885
0.094833
0.000885
0.006734
0.242308
0.217307
0.000775
0.14138
0.1083
0.009877
0.13197
0.103876
0.103876
0.103876
0.106183
0.106183
0.051333
0.006938
0.004892
0.07201
0.402865
0.171983
0.054964
0.024914
0.024914
0.283403
0.148835
0.407096
0.053455
0.280659
0.167342
0.069525
0.178791
0.178791
0.671686
0.049052
0.939081
0.087539
0.018936
0.02796
0.007879
0.007879
0.001377
0.312238
0.020589
0.008722
0.008722
0.200017
0.327383
0.388601
0.094346
0.094346
0.071296
0.034286
0.101278
0.101278
0.101278
0.101278
0.029685
0.029685
0.453317
0.156194
0.080162
0.269174
0.068821
0.039704
0.010963
0.080162
0.068821
0.014737
0.198361
0.325139
0.003484
0.003484
0.003484
0.003484
0.003484
0.053049
0.420857
0.298563
0.01534
0.020145
0.054165
0.052613
0.052613
0.052613
0.052613
0.017727
0.149504
0.234192
0.097564
0.097564
0.077426
0.228443
0.030459
0.019643
0.022517
0.509052
0.022517
0.339623
0.081074
0.059907
0.090368
0.039002
0.021253
0.017278
0.000131
0.297462
0.072465
0.000131
0.20749
0.203111
0.000131
0.000131
0.397231
0.112811
0.177901
0.021993
0.180016
0.248661
0.073861
0.277556
0.011577
0.02599
0.295608
0.199388
0.062742
0.196522
0.262011
0.027681
0.037284
0.046972
0.059476
0.027681
0.561274
0.351697
0.012947
0.023411
0.003378
0.097239
0.003378
0.235894
0.063445
0.115404
0.063445
0.038178
0.297985
0.038178
0.304474
0.026237
0.044558
0.0775
0.008462
0.185594
0.0775
0.012278
0.055563
0.035627
0.163518
0.040015
0.040015
0.549531
0.122272
0.15366
0.15366
0.121204
0.113813
0.286217
0.022131
0.022131
0.267335
0.032847
0.154604
0.052824
0.150211
0.18624
0.150211
0.150211
0.000713
0.001414
0.040039
0.00661
0.043806
0.001921
0.015373
0.188154
0.188154
0.167623
0.029523
0.073817
0.031898
0.134532
0.029523
0.050364
0.064704
0.105702
0.105702
0.05993
0.022872
0.030516
0.022872
0.022872
0.027486
0.00941
0.423811
0.075135
0.003358
0.038732
0.000584
0.000584
0.000584
0.000584
0.279752
0.0125
0.054384
0.010835
0.000584
0.007359
0.000584
0.139159
0.139159
0.139159
0.139159
0.139159
0.139159
0.139159
0.139159
0.139159
0.139159
0.139159
0.139159
0.139159
0.139159
0.139159
0.506963
0.139159
0.07251
0.07251
0.07251
0.07251
0.07251
0.07251
0.07251
0.07251
0.07251
0.07251
0.07251
0.07251
0.07251
0.07251
0.07251
0.07251
0.07251
0.033564
0.199109
0.045903
0.074124
0.193968
0.242691
0.280513
0.247069
0.189046
0.189046
0.251069
0.011874
0.298075
0.085341
0.122685
0.145528
0.066384
0.066384
0.145528
0.027059
0.018761
0.08753
0.434377
0.018399
0.007919
0.03058
0.008254
0.002345
0.029432
0.008254
0.211788
0.119545
0.028185
0.009078
0.065683
0.036284
0.009078
0.097127
0.065683
0.039832
0.043385
0.548939
0.021474
0.079147
0.081488
0.16775
0.033457
0.066294
0.066294
0.128359
0.206851
0.130211
0.029821
0.050727
0.006313
0.027663
0.08344
0.08344
0.156924
0.743351
0.012387
0.010364
0.012703
0.098956
0.024813
0.055974
0.008095
0.060447
0.053469
0.044659
0.208895
0.115486
0.004743
0.012703
0.001637
0.063699
0.036999
0.079714
0.098308
0.646817
0.064441
0.100825
0.026748
0.069528
0.03983
0.102672
0.102672
0.044989
0.175071
0.044989
0.076179
0.333248
0.087363
0.041144
0.175993
0.148113
0.013386
0.117178
0.117178
0.012531
0.039876
0.039876
0.106253
0.023186
0.175075
0.04499
0.04499
0.01398
0.15347
0.068085
0.130004
0.157544
0.238057
0.147318
0.147318
0.741193
0.235996
0.052602
0.113198
0.113198
0.052602
0.008371
0.115895
0.084633
0.013756
0.013756
0.084633
0.106183
0.106183
0.208483
0.061005
0.061005
0.244674
0.051391
0.044989
0.175071
0.044989
0.174156
0.333685
0.174156
0.141639
0.324066
0.002236
0.141639
0.203079
0.144896
0.144896
0.049646
0.092327
0.049476
0.150454
0.019072
0.040326
0.370291
0.067522
0.056848
0.130461
0.010103
0.000201
0.00884
0.020205
0.1263
0.012112
0.00884
0.048032
0.000201
0.007338
0.005626
0.075143
0.106183
0.106183
0.017419
0.003686
0.250362
0.122928
0.124561
0.19537
0.19537
0.106183
0.106183
0.023393
0.570553
0.049811
0.069443
0.049811
0.325026
0.039856
0.628428
0.775081
0.037503
0.31548
0.217254
0.000101
0.171522
0.311985
0.311985
0.175071
0.044989
0.044989
0.035669
0.017985
0.115387
0.008842
0.0039
0.035669
0.052724
0.004689
0.028772
0.036457
0.036457
0.203058
0.167239
0.048072
0.074897
0.417848
0.202138
0.0557
0.0557
0.153275
0.153275
0.042511
0.084836
0.055829
0.106183
0.106183
0.092974
0.272897
0.450566
0.067161
0.125593
0.354831
0.067161
0.248084
0.015086
0.002469
0.000656
0.00015
0.011223
0.00015
0.00015
0.128453
0.128453
0.128453
0.147722
0.052027
0.136723
0.131931
0.172021
0.031971
0.136445
0.029866
0.029866
0.029866
0.000912
0.000912
0.02429
0.02429
0.004032
0.004032
0.138213
0.419887
0.170678
0.027399
0.027399
0.025123
0.027399
0.0001
0.012347
0.000317
0.003141
0.013015
0.005294
0.000317
0.308765
0.032132
0.094332
0.034975
0.116135
0.25863
0.164954
0.00676
0.02068
0.004764
0.010488
0.075215
0.000328
0.000195
0.177288
0.013034
0.00379
0.013034
0.066019
0.002802
0.085909
0.294091
0.019452
0.075885
0.075885
0.175696
0.075885
0.036515
0.036515
0.106183
0.106183
0.254579
0.130529
0.044499
0.040937
0.01061
0.007123
0.173009
0.01492
0.18345
0.022697
0.022697
0.009498
0.002172
0.235792
0.094176
0.403133
0.107484
0.107216
0.002984
0.065518
0.365928
0.002126
0.10472
0.002234
0.062474
0.062474
0.22579
0.035645
0.061519
0.061519
0.096555
0.10347
0.074007
0.012244
0.074007
0.176072
0.197095
0.310607
0.245195
0.269584
0.256085
0.102607
0.093055
0.191182
0.049645
0.418791
0.049645
0.049645
0.027957
0.027957
0.052481
0.000891
0.004749
0.003232
0.000961
0.105667
0.307035
0.038137
0.107422
0.008795
0.12619
0.278372
0.009403
0.009403
0.021918
0.009403
0.009403
0.294989
0.065174
0.013704
0.065174
0.013704
0.061539
0.001197
0.036694
0.025315
0.041545
0.025315
0.011447
0.041545
0.035982
0.06716
0.069257
0.048249
0.06716
0.003752
0.112571
0.09332
0.04606
0.278376
0.13062
0.146162
0.079519
0.063746
0.091614
0.039473
0.166009
0.166009
0.166009
0.085476
0.229576
0.112824
0.008341
0.002986
0.102113
0.005952
0.245724
0.055517
0.206592
0.084242
0.094372
0.013952
0.004774
0.004774
0.004774
0.004774
0.079908
0.011644
0.167586
0.080285
0.059339
0.112322
0.05201
0.463488
0.05201
0.05156
0.020632
0.076927
0.05156
0.18259
0.011535
0.009664
0.127954
0.166071
0.107288
0.263105
0.432215
0.077376
0.179304
0.015529
0.115675
0.021013
0.076862
0.001714
0.177641
0.026449
0.046081
0.455487
0.046392
0.004737
0.010294
0.010294
0.024719
0.024719
0.067939
0.156316
0.012869
0.004957
0.004957
0.004957
0.045811
0.003243
0.001965
0.051139
0.051139
0.086586
0.051139
0.146978
0.243787
0.014232
0.090051
0.07903
0.172195
0.068456
0.068456
0.062286
0.068456
0.062286
0.337279
0.175793
0.175793
0.210695
0.175793
0.016104
0.013561
0.118836
0.046637
0.002199
0.00949
0.028272
0.050572
0.000154
0.001214
0.184353
0.050572
0.002822
0.049804
0.002804
0.004887
0.000107
0.010694
0.397192
0.087812
0.191269
0.015229
0.015229
0.024943
0.111584
0.111584
0.190724
0.141603
0.151351
0.382877
0.069649
0.11795
0.370396
0.046167
0.11051
0.597317
0.071299
0.016558
0.298683
0.05155
0.1584
0.1584
0.1584
0.202536
0.136836
0.136941
0.180197
0.233188
0.009698
0.155196
0.009698
0.014093
0.014093
0.059915
0.122666
0.07949
0.140689
0.235369
0.131497
0.194001
0.020433
0.056411
0.08547
0.181971
0.443171
0.109504
0.03408
0.040131
0.063154
0.28756
0.39708
0.039019
0.154185
0.154185
0.0002
0.030684
0.015848
0.000369
0.015848
0.000612
0.001659
0.001616
0.001616
0.001616
0.000102
0.000101
0.015848
0.015848
0.015848
0.000101
0.000369
0.062501
0.000612
0.000101
0.015848
0.056687
0.000369
0.064438
0.015088
0.457708
0.020819
0.066673
0.081113
0.066673
0.161036
0.048148
0.478646
0.074239
0.294211
0.103876
0.103876
0.103876
0.002669
0.026637
0.026637
0.014804
0.117959
0.052115
0.117959
0.052115
0.126401
0.020789
0.126401
0.090689
0.015145
0.037318
0.037318
0.004321
0.000944
0.106183
0.106183
0.066533
0.079554
0.012719
0.079554
0.012719
0.005541
0.006683
0.150047
0.021259
0.131831
0.014428
0.069488
0.021259
0.015612
0.137289
0.063614
0.010173
0.004184
0.181431
0.043348
0.072698
0.008794
0.008794
0.034917
0.034917
0.03249
0.0001
0.001032
0.010867
0.001032
0.001032
0.001032
0.123144
0.275407
0.09428
0.292089
0.109433
0.109433
0.127002
0.074439
0.038769
0.273565
0.303946
0.119816
0.194824
0.106183
0.106183
0.368452
0.173476
0.005146
0.126139
0.343276
0.290387
0.117184
0.088741
0.315979
0.180738
0.180738
0.088741
0.167468
0.167468
0.060161
0.060161
0.060161
0.187148
0.060161
0.013444
0.013444
0.092193
0.025979
0.114697
0.114697
0.018361
0.114697
0.165528
0.114697
0.114697
0.114697
0.114697
0.114697
0.032671
0.114697
0.032671
0.114697
0.114697
0.114697
0.114697
0.103876
0.103876
0.103876
0.139437
0.139437
0.057992
0.239621
0.256943
0.007349
0.164914
0.078193
0.03992
0.079273
0.042705
0.106183
0.106183
0.234316
0.234316
0.115729
0.234316
0.234316
0.023217
0.003135
0.15088
0.072813
0.003135
0.023217
0.022596
0.172292
0.036972
0.025615
0.043913
0.061058
0.061058
0.177766
0.061058
0.061058
0.137736
0.137736
0.244875
0.005422
0.027827
0.027827
0.042453
0.005422
0.106183
0.106183
0.141839
0.106183
0.106183
0.167747
0.066293
0.033456
0.066293
0.004971
0.004971
0.05077
0.004971
0.1495
0.142187
0.230842
0.040567
0.021104
0.009485
0.040567
0.021104
0.197567
0.01175
0.192105
0.167531
0.177142
0.177142
0.177142
0.134018
0.014421
0.530612
0.197129
0.245441
0.125249
0.245441
0.180818
0.133274
0.197427
0.106183
0.106183
0.103876
0.103876
0.103876
0.014971
0.419775
0.014971
0.014971
0.29791
0.027316
0.144678
0.144678
0.044847
0.297183
0.144678
0.248815
0.078064
0.103703
0.126217
0.401948
0.230915
0.076619
0.123008
0.05119
0.017279
0.002514
0.0598
0.04182
0.002514
0.105227
0.04182
0.0598
0.045858
0.00113
0.059348
0.435197
0.005583
0.001332
0.012147
0.00098
0.012147
0.229117
0.003314
0.034277
0.003314
0.00882
0.016542
0.051298
0.023306
0.049866
0.095665
0.541312
0.287031
0.149598
0.149598
0.071518
0.05962
0.044989
0.175071
0.044989
0.106183
0.106183
0.006826
0.247053
0.081466
0.05159
0.001891
0.036967
0.017705
0.036967
0.001891
0.093807
0.036967
0.036967
0.106183
0.106183
0.106183
0.106183
0.000325
0.012036
0.041394
0.000325
0.074884
0.194439
0.012036
0.000325
0.008008
0.041394
0.067928
0.051332
0.050238
0.094908
0.168068
0.027239
0.230137
0.230137
0.180731
0.061056
0.061056
0.177758
0.061056
0.061056
0.106183
0.106183
0.113807
0.113807
0.055024
0.09504
0.014427
0.112707
0.075969
0.075969
0.049359
0.00218
0.017471
0.141359
0.075969
0.049359
0.009089
0.009089
0.023697
0.037531
0.11697
0.01547
0.023697
0.015515
0.003587
0.104169
0.001066
0.001066
0.012235
0.001066
0.029449
0.001066
0.165975
0.115707
0.151556
0.06199
0.054082
0.06199
0.098989
0.054082
0.002542
0.013693
0.002542
0.130559
0.04484
0.0545
0.000797
0.000797
0.015187
0.022175
0.018188
0.001536
0.002324
0.006651
0.0494
0.014681
0.028248
0.001742
0.000394
0.095441
0.000535
0.000535
0.000535
0.011392
0.000535
0.000535
0.000535
0.269823
0.021045
0.044649
0.076812
0.017392
0.000764
0.023255
0.009481
0.000764
0.003919
0.023255
0.128397
0.303783
0.204934
0.037041
0.315682
0.118612
0.118612
0.037041
0.000162
0.012329
0.005005
0.096789
0.096789
0.064822
0.01028
0.014655
0.641497
0.151285
0.002275
0.004397
0.379457
0.011675
0.000132
0.261067
0.261067
0.000415
0.042672
0.106183
0.106183
0.163907
0.283999
0.010784
0.101614
0.101614
0.101614
0.101614
0.016467
0.018631
0.166731
0.166731
0.140399
0.171506
0.039339
0.000979
0.106183
0.106183
0.154355
0.167573
0.167573
0.116031
0.167573
0.167573
0.116031
0.17009
0.17009
0.009232
0.17009
0.17009
0.102433
0.156241
0.360701
0.111176
0.111176
0.030543
0.036482
0.183529
0.20552
0.168372
0.113164
0.113164
0.0482
0.12818
0.020016
0.128017
0.015646
0.064325
0.10554
0.10554
0.250833
0.071777
0.071777
0.103876
0.103876
0.103876
0.069051
0.069051
0.022887
0.069051
0.069051
0.022887
0.069051
0.069051
0.195569
0.083476
0.042847
0.05949
0.100469
0.274875
0.216609
0.304324
0.254949
0.080148
0.096453
0.085508
0.16258
0.071968
0.112243
0.290873
0.116343
0.040658
0.01067
0.237705
0.01067
0.174358
0.174358
0.100148
0.100148
0.047786
0.623803
0.029125
0.003922
0.072029
0.072029
0.190184
0.000129
0.046299
0.077109
0.010509
0.047974
0.226109
0.001954
0.047974
0.000129
0.047974
0.00403
0.017503
0.001942
0.203061
0.047974
0.106183
0.106183
0.106183
0.106183
0.010946
0.010946
0.147053
0.069329
0.195102
0.04499
0.175075
0.04499
0.04072
0.029015
0.010663
0.04072
0.010291
0.047038
0.027397
0.020781
0.032989
0.051813
0.002067
0.201111
0.000102
0.021676
0.088697
0.071934
0.088697
0.267061
0.046132
0.058131
0.002921
0.113505
0.018834
0.031735
0.003631
0.324092
0.013594
0.189684
0.044999
0.004584
0.365987
0.010627
0.017046
0.085254
0.085254
0.317851
0.010627
0.120033
0.120033
0.035014
0.136674
0.136674
0.035014
0.019661
0.001176
0.012636
0.216825
0.245079
0.245079
0.136172
0.017843
0.07812
0.124695
0.000557
0.014053
0.011803
0.002968
0.011803
0.000557
0.16473
0.16473
0.071629
0.071629
0.239623
0.03167
0.290808
0.034777
0.314608
0.030919
0.084616
0.180761
0.259405
0.04468
0.018188
0.110018
0.029132
0.008502
0.053456
0.162992
0.06893
0.053456
0.009152
0.053462
0.079116
0.10568
0.089712
0.14318
0.193082
0.106183
0.106183
0.060057
0.283201
0.139434
0.170696
0.170696
0.289635
0.170696
0.139434
0.139434
0.010409
0.163351
0.154483
0.277371
0.125644
0.125644
0.247265
0.108318
0.124913
0.051948
0.068509
0.169634
0.00244
0.338077
0.026413
0.001416
0.015837
0.015837
0.001416
0.026413
0.001416
0.026413
0.033844
0.013241
0.086465
0.086465
0.012615
0.033722
0.021396
0.142674
0.099204
0.006835
0.044128
0.006835
0.176638
0.006835
0.128905
0.179296
0.044679
0.082854
0.082854
0.212773
0.212773
0.211361
0.041934
0.041934
0.227071
0.012881
0.012881
0.00145
0.011565
0.000135
0.005398
0.002674
0.005398
0.09662
0.09662
0.083294
0.083294
0.083294
0.376706
0.509757
0.029731
0.039575
0.061617
0.034568
0.034568
0.0001
0.019333
0.077981
0.004019
0.037612
0.038616
0.000765
0.016752
0.041558
0.000765
0.016752
0.090361
0.077663
0.077663
0.000765
0.077663
0.077663
0.122535
0.122535
0.239278
0.018336
0.056284
0.056284
0.001243
0.004583
0.004583
0.004583
0.004583
0.001777
0.032031
0.032031
0.193687
0.001777
0.043735
0.043735
0.055707
0.16632
0.013706
0.021287
0.013706
0.013196
0.00871
0.04016
0.044149
0.014782
0.238116
0.103876
0.103876
0.103876
0.057506
0.032817
0.053684
0.117456
0.032499
0.196719
0.106593
0.106593
0.063351
0.063351
0.342177
0.13403
0.103876
0.103876
0.103876
0.095728
0.31075
0.175934
0.04928
0.238386
0.106183
0.106183
0.06315
0.278343
0.004021
0.004021
0.039645
0.201459
0.016358
0.028628
0.028628
0.070619
0.06893
0.116416
0.237005
0.156256
0.14729
0.148429
0.001643
0.1173
0.1173
0.078115
0.04567
0.096463
0.096463
0.031788
0.144331
0.005727
0.005727
0.081409
0.010687
0.010687
0.010687
0.034756
0.052452
0.019343
0.034756
0.034756
0.356221
0.066384
0.057886
0.057886
0.139659
0.186991
0.186798
0.02218
0.060425
0.115659
0.088545
0.088545
0.012304
0.088545
0.012304
0.017393
0.088545
0.03273
0.03273
0.066349
0.030953
0.030953
0.021565
0.000238
0.030953
0.030953
0.030953
0.021565
0.030953
0.226938
0.019142
0.019142
0.019142
0.211465
0.099395
0.099395
0.099395
0.099395
0.099395
0.201932
0.268411
0.199857
0.274984
0.151459
0.069278
0.024516
0.069278
0.069278
0.023807
0.12515
0.12515
0.121277
0.121277
0.02943
0.044197
0.133902
0.036425
0.100414
0.075613
0.075613
0.051807
0.051807
0.026874
0.026874
0.28048
0.005649
0.087415
0.034494
0.246139
0.104075
0.168273
0.111447
0.104075
0.091318
0.135119
0.106925
0.106925
0.164028
0.057008
0.057008
0.066293
0.066293
0.167747
0.033456
0.370357
0.197636
0.138075
0.032643
0.057849
0.039946
0.039946
0.135736
0.135736
0.17803
0.070382
0.070382
0.06989
0.126777
0.033456
0.167747
0.066293
0.066293
0.177437
0.134041
0.134041
0.031398
0.109596
0.109596
0.031398
0.107959
0.107959
0.135926
0.135926
0.135926
0.006244
0.02226
0.047574
0.003114
0.0197
0.010728
0.02226
0.028482
0.005134
0.355856
0.208856
0.074355
0.071562
0.045885
0.005027
0.004349
0.0001
0.004256
0.004349
0.0001
0.0001
0.32807
0.114563
0.246597
0.083121
0.167086
0.083121
0.014336
0.034196
0.000222
0.043673
0.000232
0.019099
0.005841
0.000111
0.005192
0.001702
0.000272
0.005841
0.209564
0.000232
0.017935
0.006068
0.001747
0.053193
0.119104
0.068053
0.143517
0.03545
0.023709
0.032314
0.033914
0.162286
0.032314
0.023621
0.005315
0.090767
0.103876
0.103876
0.103876
0.103876
0.103876
0.103876
0.146581
0.066293
0.066293
0.167747
0.033456
0.289029
0.072255
0.065163
0.331531
0.065163
0.238593
0.119688
0.197477
0.040126
0.432245
0.229993
0.026305
0.078987
0.010591
0.078987
0.078987
0.020691
0.213274
0.217625
0.112964
0.108881
0.232159
0.225436
0.15354
0.15354
0.15354
0.15354
0.028427
0.078895
0.228707
0.078895
0.078895
0.078895
0.078895
0.078895
0.078895
0.078895
0.078895
0.078895
0.078895
0.078895
0.034083
0.000948
0.000948
0.04499
0.175075
0.04499
0.019984
0.019984
0.019984
0.020494
0.225514
0.225514
0.239151
0.042487
0.042487
0.010755
0.03686
0.03686
0.000232
0.042487
0.021237
0.024673
0.010755
0.024673
0.03686
0.021237
0.143012
0.196778
0.361361
0.239981
0.093182
0.061835
0.0851
0.0851
0.292311
0.0851
0.002813
0.0851
0.0851
0.0851
0.115177
0.0851
0.0851
0.0851
0.115177
0.210882
0.106208
0.355545
0.060667
0.161024
0.060667
0.044372
0.074988
0.074988
0.074988
0.022329
0.402468
0.022329
0.06638
0.06638
0.06638
0.06638
0.130899
0.029013
0.011815
0.084851
0.084851
0.16924
0.327946
0.143254
0.039235
0.424056
0.031346
0.015809
0.075406
0.20895
0.132576
0.14123
0.14123
0.022167
0.022167
0.002092
0.002092
0.081913
0.002092
0.106183
0.106183
0.103961
0.061851
0.103961
0.103961
0.061851
0.124315
0.103961
0.124315
0.061851
0.061851
0.042993
0.124315
0.124315
0.214379
0.05513
0.05513
0.06864
0.06864
0.106183
0.106183
0.28982
0.162628
0.162628
0.046113
0.162628
0.232709
0.157989
0.039858
0.039858
0.235406
0.235406
0.235406
0.210001
0.210001
0.210001
0.153762
0.044647
0.093147
0.0608
0.022178
0.0608
0.093147
0.22708
0.041935
0.012882
0.012882
0.041935
0.022181
0.180769
0.093164
0.040886
0.040886
0.116338
0.103876
0.103876
0.103876
0.212269
0.212269
0.212269
0.07141
0.059652
0.268059
0.0001
0.0001
0.0001
0.167031
0.000104
0.000103
0.001086
0.001086
0.013732
0.0011
0.148374
0.004985
0.055844
0.045543
0.173427
0.020043
0.103823
0.103823
0.050864
0.025516
0.022805
0.278504
0.197975
0.301033
0.093368
0.093368
0.093368
0.059258
0.093368
0.093368
0.093368
0.072586
0.093368
0.093368
0.093368
0.093368
0.008645
0.093368
0.072586
0.121379
0.093368
0.093368
0.015464
0.072586
0.072586
0.059258
0.093368
0.121057
0.121057
0.051726
0.146327
0.146327
0.03761
0.03761
0.175071
0.044989
0.044989
0.105665
0.170498
0.173794
0.341481
0.012548
0.018529
0.034142
0.034142
0.25338
0.419986
0.103876
0.103876
0.103876
0.306419
0.066388
0.208761
0.008311
0.11909
0.033453
0.11909
0.11909
0.001092
0.114652
0.038294
0.007612
0.038294
0.092359
0.04144
0.038294
0.122723
0.122723
0.122723
0.122723
0.122723
0.122723
0.122723
0.122723
0.122723
0.122723
0.122723
0.122723
0.122723
0.122723
0.122723
0.122723
0.122723
0.122723
0.122723
0.122723
0.122723
0.122723
0.122723
0.223373
0.223373
0.223373
0.115632
0.133854
0.133854
0.133854
0.039841
0.106183
0.106183
0.000241
0.000241
0.106183
0.106183
0.227071
0.012881
0.041934
0.012881
0.041934
0.00044
0.043058
0.086016
0.043058
0.223327
0.022101
0.028681
0.075889
0.028681
0.175071
0.044989
0.044989
0.184423
0.184423
0.184423
0.010304
0.04729
0.010304
0.15118
0.15118
0.070909
0.150579
0.117052
0.117052
0.117052
0.0001
0.005153
0.005153
0.005153
0.005153
0.021839
0.021839
0.000641
0.111538
0.079728
0.079728
0.079728
0.111538
0.047436
0.111538
0.079728
0.167754
0.066295
0.066295
0.033458
0.106183
0.106183
0.20731
0.135889
0.154298
0.418275
0.038533
0.025586
0.031334
0.142932
0.185236
0.031334
0.038533
0.100189
0.100189
0.037262
0.100189
0.103876
0.103876
0.103876
0.044989
0.175071
0.044989
0.103273
0.000137
0.005032
0.005313
0.18087
0.127853
0.106183
0.106183
0.21025
0.154394
0.154394
0.134108
0.242233
0.161077
0.302331
0.06264
0.035062
0.027356
0.047779
0.090947
0.029576
0.158405
0.158405
0.158405
0.158405
0.103876
0.103876
0.103876
0.207037
0.037107
0.090184
0.173032
0.173032
0.33867
0.190248
0.057677
0.057677
0.103876
0.103876
0.103876
0.121731
0.121731
0.040788
0.011857
0.064898
0.226946
0.019143
0.019143
0.019143
0.3096
0.029977
0.097572
0.093196
0.271134
0.097572
0.012881
0.227071
0.041934
0.041934
0.012881
0.061056
0.061056
0.177758
0.061056
0.061056
0.081303
0.025936
0.09257
0.05659
0.05659
0.056063
0.03224
0.056063
0.081802
0.081802
0.106183
0.106183
0.103876
0.103876
0.103876
0.14499
0.103586
0.14499
0.148328
0.148328
0.148328
0.27744
0.148328
0.257067
0.092652
0.257067
0.092652
0.092652
0.039937
0.057746
0.007777
0.002195
0.071614
0.106183
0.106183
0.106183
0.106183
0.090437
0.090437
0.090437
0.090437
0.090437
0.090437
0.090437
0.14428
0.090437
0.090437
0.090437
0.090437
0.090437
0.090437
0.090437
0.090437
0.090437
0.090437
0.090437
0.17254
0.090437
0.090437
0.090437
0.090437
0.090437
0.090437
0.090437
0.090437
0.090437
0.090437
0.090437
0.090437
0.090437
0.090437
0.103876
0.103876
0.103876
0.151416
0.151416
0.151416
0.103876
0.103876
0.103876
0.175071
0.044989
0.044989
0.073809
0.036733
0.128649
0.086388
0.338183
0.08822
0.170909
0.098643
0.106183
0.106183
0.032052
0.151672
0.074068
0.074068
0.074068
0.081926
0.175071
0.044989
0.044989
0.26363
0.100664
0.112931
0.310855
0.357484
0.167771
0.106183
0.106183
0.235305
0.003386
0.004217
0.011308
0.011308
0.003078
0.041672
0.041672
0.041672
0.041672
0.138653
0.151872
0.151872
0.066905
0.351368
0.106183
0.106183
0.185778
0.106183
0.106183
0.239968
0.003241
0.003241
0.103876
0.103876
0.103876
0.106183
0.106183
0.025493
0.068709
0.23706
0.025493
0.008727
0.008727
0.200985
0.00375
0.00375
0.044989
0.175071
0.044989
0.091913
0.042361
0.267406
0.149565
0.149565
0.149565
0.103876
0.103876
0.103876
0.038342
0.363203
0.171045
0.171045
0.12675
0.171045
0.516066
0.079026
0.144283
0.118588
0.173384
0.073426
0.118588
0.118588
0.095201
0.19065
0.057226
0.079026
0.155085
0.155085
0.046731
0.140741
0.135722
0.074814
0.22745
0.171629
0.171629
0.106183
0.106183
0.002489
0.046017
0.046017
0.106183
0.106183
0.07397
0.12742
0.12742
0.030558
0.099515
0.103876
0.103876
0.103876
0.232254
0.096963
0.098832
0.030607
0.098832
0.098832
0.046806
0.079171
0.068716
0.039684
0.091072
0.147172
0.021414
0.046413
0.051857
0.123042
0.123042
0.286646
0.12905
0.187492
0.168978
0.230167
0.106183
0.106183
0.220838
0.058366
0.220838
0.152139
0.152139
0.005289
0.044613
0.005289
0.216379
0.216379
0.216379
0.106183
0.106183
0.175071
0.044989
0.044989
0.159563
0.159563
0.159563
0.106183
0.106183
0.276168
0.15121
0.014085
0.134721
0.079605
0.138135
0.033221
0.079605
0.175071
0.044989
0.044989
0.151128
0.178281
0.320535
0.012417
0.318203
0.049861
0.012417
0.037099
0.122
0.175071
0.044989
0.044989
0.112614
0.198423
0.134743
0.028563
0.036485
0.106183
0.106183
0.106183
0.106183
0.033456
0.167747
0.066293
0.066293
0.141645
0.141645
0.141645
0.326698
0.121054
0.121054
0.215556
0.06528
0.115597
0.115597
0.255637
0.115692
0.048364
0.048364
0.169325
0.106183
0.106183
0.2867
0.207448
0.16462
0.103876
0.103876
0.103876
0.106183
0.106183
0.106183
0.106183
0.077595
0.077595
0.050223
0.070193
0.070193
0.087773
0.205904
0.087773
0.08936
0.011037
0.015185
0.106183
0.106183
0.031382
0.03306
0.03306
0.172809
0.103876
0.103876
0.103876
0.106183
0.106183
0.017885
0.174682
0.017885
0.117031
0.023864
0.103876
0.103876
0.103876
0.314687
0.187367
0.119249
0.10196
0.178206
0.080805
0.133723
0.133723
0.183749
0.106183
0.106183
0.106183
0.106183
0.11941
0.11941
0.020723
0.020723
0.106183
0.106183
0.355562
0.208835
0.208835
0.108087
0.106183
0.106183
0.103876
0.103876
0.103876
0.161188
0.161188
0.161188
0.161188
0.161188
0.161188
0.000924
0.309268
0.109155
0.109155
0.107711
0.109155
0.109155
0.107711
0.179034
0.071905
0.074402
0.034514
0.04499
0.175075
0.04499
0.265891
0.13034
0.106848
0.106848
0.121338
0.213297
0.197678
0.197678
0.200753
0.294055
0.111378
0.17877
0.111378
0.17877
0.106183
0.106183
0.130948
0.106183
0.106183
0.302511
0.030041
0.122295
0.11215
0.11215
0.042029
0.042029
0.100834
0.030406
0.281367
0.101323
0.101323
0.106183
0.106183
0.103876
0.103876
0.103876
0.106183
0.106183
0.160857
0.160857
0.168042
0.258573
0.149648
0.003587
0.002233
0.002233
0.002233
0.003587
0.049263
0.00019
0.00019
0.076017
0.076017
0.076017
0.087547
0.37087
0.109499
0.125187
0.217612
0.09086
0.041145
0.106183
0.106183
0.009084
0.009084
0.009084
0.14461
0.14461
0.366032
0.063487
0.013708
0.013708
0.013708
0.076851
0.161588
0.106183
0.106183
0.198057
0.027681
0.03493
0.027681
0.231638
0.175071
0.044989
0.044989
0.106183
0.106183
0.032271
0.106183
0.106183
0.074219
0.06026
0.119758
0.106183
0.106183
0.103876
0.103876
0.103876
0.103876
0.103876
0.103876
0.044989
0.175071
0.044989
0.066294
0.066294
0.16775
0.033457
0.127849
0.106183
0.106183
0.145785
0.106183
0.106183
0.139059
0.16026
0.16026
0.139059
0.16026
0.232573
0.232573
0.154062
0.019142
0.226938
0.019142
0.019142
0.106183
0.106183
0.181047
0.024707
0.024707
0.090147
0.06449
0.044989
0.175071
0.044989
0.103876
0.103876
0.103876
0.112469
0.191306
0.430007
0.059682
0.136083
0.136083
0.103876
0.103876
0.103876
0.168989
0.168989
0.168989
0.168989
0.168989
0.168989
0.168989
0.168989
0.168989
0.168989
0.168989
0.168989
0.168989
0.168989
0.168989
0.106183
0.106183
0.010052
0.110597
0.022569
0.110597
0.101614
0.101614
0.101614
0.101614
0.015145
0.226929
0.019141
0.019141
0.019141
0.101614
0.101614
0.101614
0.101614
0.247074
0.103876
0.103876
0.103876
0.047637
0.106183
0.106183
0.058258
0.021911
0.16775
0.066294
0.066294
0.033457
0.103876
0.103876
0.103876
0.106183
0.106183
0.089668
0.112612
0.112612
0.106183
0.106183
0.106183
0.106183
0.017731
0.038787
0.068215
0.182219
0.182219
0.182219
0.136073
0.157656
0.072529
0.072529
0.065711
0.072529
0.072529
0.072529
0.065711
0.072171
0.072171
0.152133
0.072171
0.168989
0.168989
0.122146
0.122146
0.122146
0.122146
0.122146
0.106183
0.106183
0.176841
0.106183
0.106183
0.182674
0.231696
0.226929
0.019141
0.019141
0.019141
0.14874
0.201401
0.008312
0.086028
0.041045
0.086028
0.041045
0.008312
0.041045
0.041045
0.106183
0.106183
0.04499
0.175075
0.04499
0.265755
0.175071
0.044989
0.044989
0.044989
0.175071
0.044989
0.106183
0.106183
0.211106
0.086289
0.088192
0.251608
0.318307
0.066294
0.16775
0.066294
0.033457
0.055655
0.103876
0.103876
0.103876
0.106183
0.106183
0.085239
0.041658
0.041658
0.161931
0.059884
0.175071
0.044989
0.044989
0.103876
0.103876
0.103876
0.106183
0.106183
0.349268
0.158708
0.158708
0.106183
0.106183
0.06894
0.094968
0.094968
0.04953
0.061787
0.106183
0.106183
0.106183
0.106183
0.13612
0.13612
0.049477
0.106183
0.106183
0.106183
0.106183
0.106183
0.106183
0.185196
0.141196
0.103876
0.103876
0.103876
0.283183
0.044989
0.175071
0.044989
0.127842
0.038911
0.026639
0.146645
0.038641
0.080008
0.021678
0.118995
0.053543
0.053543
0.043162
0.106183
0.106183
0.008416
0.223824
0.049969
0.039846
0.049969
0.039846
0.049969
0.283916
0.205467
0.106183
0.106183
0.106183
0.106183
0.089519
0.089519
0.089519
0.057992
0.057992
0.040256
0.040256
0.208005
0.208005
0.251727
0.106183
0.106183
0.106183
0.106183
0.175071
0.044989
0.044989
0.072294
0.072294
0.072294
0.144032
0.144032
0.06418
0.132632
0.137396
0.06418
0.059322
0.059322
0.147596
0.175071
0.044989
0.044989
0.175071
0.044989
0.044989
0.11948
0.171399
0.171399
0.106183
0.106183
0.115803
0.115803
0.037411
0.106183
0.106183
0.099395
0.099395
0.099395
0.099395
0.099395
0.207382
0.103876
0.103876
0.103876
0.101614
0.101614
0.101614
0.101614
0.106183
0.106183
0.161385
0.077526
0.076822
0.103876
0.103876
0.103876
0.175075
0.04499
0.04499
0.167747
0.033456
0.066293
0.066293
0.190316
0.106183
0.106183
0.00184
0.004967
0.256967
0.103876
0.103876
0.103876
0.115893
0.143672
0.074067
0.074067
0.151669
0.074067
0.032051
0.224153
0.106183
0.106183
0.103876
0.103876
0.103876
0.106183
0.106183
0.199174
0.099395
0.099395
0.099395
0.099395
0.099395
0.175071
0.044989
0.044989
0.075854
0.185398
0.185398
0.075854
0.075854
0.185398
0.185398
0.075854
0.075854
0.185398
0.104773
0.104773
0.104773
0.104773
0.104773
0.099395
0.099395
0.099395
0.099395
0.099395
0.033459
0.167757
0.066296
0.066296
0.13344
0.13344
0.106183
0.106183
0.186227
0.186227
0.053703
0.106183
0.106183
0.106183
0.106183
0.106183
0.106183
0.07729
0.07729
0.140948
0.07729
0.07729
0.031017
0.187463
0.195228
0.195228
0.103876
0.103876
0.103876
0.074067
0.151669
0.074067
0.074067
0.032051
0.101614
0.101614
0.101614
0.101614
0.018095
0.080464
0.080464
0.070863
0.070863
0.103876
0.103876
0.103876
0.106984
0.103876
0.103876
0.103876
0.165896
0.165896
0.072377
0.087909
0.026513
0.284792
0.026513
0.005049
0.005049
0.005049
0.106183
0.106183
0.106183
0.106183
0.140578
0.140578
0.099395
0.099395
0.099395
0.099395
0.099395
0.106183
0.106183
0.106183
0.106183
0.140951
0.077291
0.077291
0.077291
0.077291
0.031018
0.244817
0.106183
0.106183
0.103876
0.103876
0.103876
0.106183
0.106183
0.175071
0.044989
0.044989
0.106183
0.106183
0.033457
0.16775
0.066294
0.066294
0.106183
0.106183
0.083782
0.083782
0.283606
0.151615
0.151615
0.106183
0.106183
0.10146
0.147433
0.175566
0.175566
0.175566
0.106183
0.106183
0.106183
0.106183
0.192918
0.106183
0.106183
0.106183
0.106183
0.106183
0.106183
0.106183
0.106183
0.049579
0.118913
0.122882
0.122882
0.125595
0.065373
0.065373
0.125595
0.103876
0.103876
0.103876
0.106183
0.106183
0.167747
0.066293
0.066293
0.033456
0.106183
0.106183
0.189844
0.151934
0.151934
0.151934
0.151934
0.151934
0.127522
0.151934
0.151934
0.106183
0.106183
0.106183
0.106183
0.103876
0.103876
0.103876
0.225052
0.225052
0.103876
0.103876
0.103876
0.106183
0.106183
0.106183
0.106183
0.103876
0.103876
0.103876
0.106183
0.106183
0.106183
0.106183
0.103876
0.103876
0.103876
0.060366
0.104273
0.166358
0.104273
0.106183
0.106183
0.103876
0.103876
0.103876
0.101614
0.101614
0.101614
0.101614
0.106183
0.106183
0.106183
0.106183
0.062286
0.172195
0.062286
0.068456
0.068456
0.068456
0.103876
0.103876
0.103876
0.106183
0.106183
0.106183
0.106183
0.247346
0.247346
0.170685
0.103876
0.103876
0.103876
0.231644
0.133848
0.106183
0.106183
0.106183
0.106183
0.17168
0.301521
0.184288
0.106183
0.106183
0.106183
0.106183
0.137472
0.16469
0.16469
0.106183
0.106183
0.103876
0.103876
0.103876
0.12862
0.101614
0.101614
0.101614
0.101614
0.106183
0.106183
0.106183
0.106183
0.106183
0.106183
0.106183
0.106183
0.094535
0.094535
0.094535
0.103876
0.103876
0.103876
0.106183
0.106183
0.11621
0.11621
0.106183
0.106183
0.106183
0.106183
0.106183
0.106183
0.106183
0.106183
0.383553
0.09722
0.09722
0.09722
0.09722
0.09722
0.09722
0.106183
0.106183
0.217796
0.106183
0.106183
0.106183
0.106183
0.106183
0.106183
0.106183
0.106183
0.178104
0.103876
0.103876
0.103876
0.106183
0.106183
0.154057
0.103876
0.103876
0.103876
0.106183
0.106183
0.095088
0.095088
0.095088
0.095088
0.095088
0.095088
0.095088
0.143158
0.106183
0.106183
0.103876
0.103876
0.103876
0.103876
0.103876
0.103876
0.175075
0.04499
0.04499
0.103876
0.103876
0.103876
0.103876
0.103876
0.103876
0.106183
0.106183
0.229325
0.103876
0.103876
0.103876
0.106183
0.106183
0.103876
0.103876
0.103876
0.106183
0.106183
0.106183
0.106183
0.106183
0.106183
0.103876
0.103876
0.103876
0.103876
0.103876
0.103876
0.106183
0.106183
0.211227
0.106183
0.106183
0.239985
0.106183
0.106183
0.103876
0.103876
0.103876
0.106183
0.106183
0.115503
0.106183
0.106183
0.106183
0.106183
0.106183
0.106183
0.226929
0.019141
0.019141
0.019141
0.106183
0.106183
0.106183
0.106183
0.106183
0.106183
0.106183
0.106183
0.09722
0.09722
0.09722
0.09722
0.09722
0.09722
0.106183
0.106183
0.106183
0.106183
0.106183
0.106183
0.106183
0.106183
0.106183
0.106183
0.106183
0.106183
0.103876
0.103876
0.103876
