0.0001
0.0001
0.0001
0.0001
0.761687
0.0001
0.0001
0.0001
0.5001
0.0001
1.0001
0.0001
0.0001
0.997401
0.999322
0.5001
0.0001
0.256104
0.0001
0.0001
0.0001
0.0001
0.030512
0.5001
0.0001
0.0001
0.5001
0.0001
0.0001
0.0001
0.0001
0.0001
0.0001
0.0001
0.0001
0.0001
0.0001
0.5001
0.0001
0.0001
0.0001
0.0001
0.5001
0.006869
0.0001
0.0001
0.0001
0.0001
0.00014
0.004065
0.000104
0.0001
0.0001
0.271694
0.5001
0.000488
0.0001
0.0001
0.000836
0.000109
0.0001
0.0001
0.5001
0.051893
0.000112
0.0001
0.5001
0.001509
0.0001
0.0001
0.0001
1.0001
0.0001
0.0001
0.0001
0.5001
0.0001
0.000107
0.0001
0.0001
0.0001
0.0001
0.0001
0.5001
0.0001
0.0001
0.0001
0.5001
1.0001
0.5001
0.000124
0.0001
0.0001
0.0001
0.0001
0.0001
0.000103
0.0001
0.0001
0.0001
0.0001
0.0001
0.0001
0.0001
0.5001
0.0001
0.0001
0.0001
0.0001
0.0001
0.0001
0.0001
0.0001
0.0001
0.0001
0.0001
0.0001
0.0001
0.000201
0.0001
0.5001
0.5001
0.0001
0.0001
0.000101
0.5001
0.0001
0.000105
0.0001
0.004322
0.0001
0.173358
0.0001
0.0001
0.0001
0.875206
0.0001
0.0001
0.0001
0.0001
0.000101
0.5001
0.0001
0.5001
0.0001
0.0001
0.039055
0.0001
0.0001
0.5001
0.0001
0.0001
0.0001
0.5001
0.0001
0.0001
0.0001
0.0001
0.5001
0.005904
0.0001
1.0001
0.0001
0.0001
0.0001
1.000011
0.0001
0.0001
0.5001
0.0001
0.0001
0.00023
0.0001
1.0001
0.0001
0.0001
0.0001
0.0001
0.0001
0.0001
0.0001
0.0001
0.000101
0.0001
0.0001
0.982445
0.0001
0.0001
0.83167
0.0001
0.000108
0.5001
0.5001
0.0001
0.0001
0.000213
0.0001
0.0001
0.0001
0.0001
0.0001
0.0001
0.5001
0.0001
0.0001
0.0001
0.000104
0.0001
0.000102
0.0001
0.0001
0.0001
0.5001
0.0001
0.0001
0.0001
0.0001
0.016035
0.0001
0.0001
0.0001
0.016108
0.0001
0.0001
0.00021
0.5001
0.0001
0.0001
0.0001
0.0001
0.5001
0.0001
0.5001
0.0001
0.0001
0.5001
0.0001
0.0001
0.0001
0.5001
0.0001
0.0001
0.0001
0.5001
0.0001
0.0001
0.5001
0.0001
0.0001
0.5001
0.5001
0.0001
0.0001
0.0001
0.000101
0.0001
0.0001
0.0001
0.0001
0.0001
0.0001
0.255722
0.0001
0.0001
0.0001
0.0001
0.0001
0.0001
0.0001
0.0001
0.005101
0.0001
0.0001
0.0001
0.0001
0.000101
1.0001
0.000113
0.5001
0.0001
0.0001
0.0001
0.0001
0.000636
0.0001
0.0001
0.0001
0.5001
0.0001
0.5001
0.023178
0.0001
0.0001
0.0001
0.0001
0.0001
0.0001
0.0001
0.000101
0.0001
0.0001
0.0001
0.0001
0.0001
0.5001
0.0001
0.0001
0.0001
0.5001
0.000302
0.0001
0.0001
0.0001
0.0001
0.0001
1.0001
0.0001
0.0001
0.0001
0.0001
0.5001
0.0001
0.000105
0.5001
0.0001
1.0001
0.0001
0.0001
0.0001
0.0001
0.0027
0.5001
0.5001
0.0001
0.0001
0.000103
0.5001
0.0001
0.0001
0.993771
0.0001
1.0001
0.0001
0.202185
0.0001
0.0001
0.001469
0.0001
0.0001
0.000111
0.5001
0.000825
0.5001
0.5001
0.000199
0.0001
0.0001
0.0001
0.0001
0.0001
0.0001
0.0001
0.0001
0.0001
0.0001
0.0001
0.5001
0.0001
0.0001
0.0001
0.0001
0.0001
0.0001
0.0001
0.0001
0.000101
0.0001
0.0001
0.0001
0.081436
0.0001
0.0001
0.0001
0.236128
0.0001
0.0001
0.0001
0.0001
0.0001
0.0001
0.0001
0.0001
0.5001
0.0001
0.5001
0.000199
0.5001
0.5001
0.0001
0.0001
0.0001
0.0001
0.0001
0.0001
0.0001
0.0001
0.00021
0.0001
0.5001
0.0001
0.489108
0.0001
1.0001
0.0001
0.000169
0.0001
0.0001
0.003275
0.014963
0.0001
0.0001
0.998384
0.0001
0.0001
0.00011
0.0001
0.0001
0.0001
0.5001
0.0001
0.0003
0.5001
0.0001
0.0001
0.000116
0.000172
0.674362
0.0001
0.359194
0.5001
0.000101
0.0001
0.0001
0.0001
0.999565
0.5001
0.5001
0.0001
0.0001
0.0001
0.0001
0.0001
0.5001
0.0001
0.0001
0.0001
0.0001
0.0001
0.0001
0.0001
0.0001
0.5001
0.0001
0.0001
0.5001
0.0001
0.0001
0.0001
0.000697
0.0001
0.0001
0.5001
0.0001
0.0001
0.0001
0.0001
0.0001
0.0001
0.5001
0.0001
0.0001
0.5001
0.0001
0.0001
0.0001
0.006838
0.0001
0.0001
1.0001
0.0001
0.0001
0.999985
0.093225
0.0001
0.0001
0.0001
0.5001
0.0001
0.000103
0.050286
0.0001
0.0001
0.006281
0.0001
0.0001
0.5001
0.0001
0.5001
0.0001
0.0001
0.0001
1.000091
1.0001
0.5001
0.0001
0.0001
0.0001
0.0001
0.5001
0.0001
0.478461
0.0001
0.0001
0.0001
0.0001
0.5001
0.0001
0.040573
0.000829
0.0001
0.092583
0.000107
0.0001
0.0001
0.0001
0.0001
0.0001
0.0001
0.0001
0.0001
0.0001
0.00101
0.957067
0.0001
0.0001
0.0001
0.0001
0.0001
0.0001
0.0001
0.000576
0.0001
0.003134
0.0001
0.0001
0.002325
0.0001
0.0001
0.0001
0.0001
1.0001
0.0001
0.5001
0.000102
0.5001
0.002861
0.017683
0.0001
0.0001
1.0001
0.0001
0.0001
0.5001
0.5001
0.5001
0.0001
0.000114
0.5001
1.000077
0.0001
0.5001
0.000677
0.0001
0.0001
0.0001
0.0001
0.0001
0.0001
0.0001
0.0001
0.0001
0.0001
0.0001
1.0001
0.0001
0.00619
0.0001
1.0001
0.0001
0.0001
0.0001
0.0001
0.0001
0.0001
0.0001
0.0001
0.663295
0.0001
0.0001
0.0001
0.0001
0.0001
0.0001
0.5001
0.5001
0.0001
0.0001
0.0001
0.0001
0.0001
0.0001
0.000127
0.0001
0.0001
0.0001
0.0001
0.0001
0.5001
0.0001
0.061128
1.0001
0.000101
0.0001
0.0001
0.0001
0.997809
0.0001
1.0001
0.0001
0.0001
0.00377
0.0001
0.0001
0.0001
0.0001
0.5001
0.0001
0.0001
0.0001
0.0001
0.0001
0.5001
0.0001
0.0001
0.0001
0.0001
0.0001
0.0001
0.0001
0.000154
0.5001
0.5001
0.0001
0.0001
0.000519
0.999013
0.0001
0.0001
0.5001
0.000313
0.0001
0.0001
0.0001
0.999842
0.0001
0.029177
0.0001
0.0001
0.00026
0.5001
0.0001
0.0001
0.5001
0.5001
1.0001
0.0001
0.036572
0.5001
0.5001
0.5001
0.0001
0.0001
0.0001
0.0001
0.5001
0.0001
0.5001
0.0001
0.0001
0.0001
0.0001
0.0001
0.0001
0.0001
0.0001
0.005672
0.5001
0.0001
0.5001
0.0001
0.000112
0.5001
0.000103
0.000539
0.0001
0.0001
0.989655
0.0001
0.0001
0.0001
0.0001
0.0001
0.0001
0.0001
0.0001
0.5001
0.0001
0.0001
0.000101
0.0001
0.0001
0.995765
0.5001
0.5001
0.0001
0.000157
0.0001
0.5001
0.0001
0.0001
0.041058
0.0001
0.5001
0.0001
0.0001
0.000258
0.0001
0.0001
0.0001
0.0001
0.0001
1.00009
0.5001
0.0001
0.0001
0.0001
0.5001
0.0001
0.0001
0.0001
0.0001
0.5001
0.0001
0.0001
0.004352
0.5001
1.0001
0.0001
0.5001
0.0001
0.0001
0.028483
0.0001
0.0001
0.0001
0.0001
0.0001
0.0001
0.0001
0.0001
0.5001
0.0001
0.0001
0.663716
0.0001
0.000184
0.0001
0.0001
0.0001
0.000104
0.00054
0.0001
0.0001
0.5001
0.0001
0.099272
0.0001
0.0001
0.0001
0.000102
0.000164
0.5001
0.5001
0.0001
0.000112
0.0001
0.0001
0.044627
0.5001
0.5001
0.0001
0.000104
0.0001
0.5001
0.0001
0.0001
0.0001
0.0001
0.0001
0.0001
0.000419
0.0001
0.5001
0.0001
0.000408
0.0001
0.0001
0.0001
0.5001
0.0001
0.0001
0.999973
0.5001
0.0001
0.0001
0.0001
0.0001
0.0001
0.0001
0.0001
0.5001
0.000361
0.0001
0.0001
0.0001
0.000134
0.0001
0.0001
0.0001
0.0001
0.0001
0.0001
0.0001
0.0001
0.0001
0.0001
0.0001
0.5001
0.5001
0.0001
0.0001
0.0001
0.0001
0.0001
0.0001
0.0001
0.0001
0.0001
0.097695
0.0001
0.0001
0.0001
0.0001
0.0001
0.5001
0.0001
0.0001
0.05199
0.0001
0.5001
0.0001
0.0001
0.0001
0.5001
0.5001
0.0001
0.0001
0.0001
0.0001
0.0001
0.5001
0.685481
0.0001
0.5001
0.0001
0.0001
1.0001
0.0001
0.000101
0.0001
0.911109
0.999219
0.0001
0.0001
0.971834
0.5001
0.0001
0.000346
0.0001
0.5001
0.0001
0.5001
0.015254
0.0001
0.0001
1.0001
0.0001
0.0001
0.0001
0.0001
0.0001
0.0001
0.0001
0.0001
0.0001
0.0001
0.0001
0.5001
0.0001
0.5001
0.001206
0.5001
0.0001
0.0001
0.000548
0.0001
0.5001
0.267436
0.0001
0.0001
0.0001
0.5001
0.0001
0.0001
0.0001
0.0001
0.000167
0.000604
0.5001
1.0001
0.0001
0.5001
0.0001
0.0001
0.0001
0.000101
0.5001
0.0001
0.0001
0.0001
0.5001
0.0001
0.0001
0.0001
0.5001
0.086805
1.0001
0.0001
0.0001
0.0001
0.0001
0.0001
0.0001
0.0001
0.0001
0.0001
0.000106
0.0001
0.0001
0.0001
0.5001
0.0001
0.0001
0.0001
0.0001
0.000103
0.5001
1.0001
0.0001
0.0001
0.0001
0.007551
0.000156
0.0001
0.5001
0.0001
0.0001
0.0001
0.0001
0.0001
0.0001
1.0001
0.5001
0.5001
0.0001
0.0001
0.0001
0.0001
0.0001
0.0001
0.0001
0.0001
0.464819
0.0001
0.0001
0.0001
0.0001
0.0001
0.5001
0.999511
0.0001
0.988073
0.0045
0.0001
0.0001
0.0001
0.0001
0.0001
0.0001
0.002227
0.0001
0.5001
0.0001
0.0001
0.0001
0.0001
0.0001
0.0001
0.0001
0.0001
0.01718
0.0001
0.5001
0.0001
0.0001
0.0001
0.0001
0.0001
0.5001
0.000779
0.0001
0.0001
0.5001
0.5001
0.000101
0.5001
0.0001
0.0001
0.0001
0.0001
0.0001
0.5001
0.5001
0.000102
0.0001
0.000125
0.0001
0.0001
0.0001
0.0001
0.0001
0.0001
0.0001
0.0001
0.995169
0.5001
0.5001
0.0001
0.5001
0.0001
0.0001
1.0001
0.5001
0.0001
0.5001
0.5001
0.999289
0.000135
0.0001
0.0001
0.0001
0.0001
0.5001
0.0001
0.0001
0.0001
0.0001
0.0001
0.0001
0.0001
0.5001
0.0001
0.0001
0.5001
0.0001
0.001253
0.0001
0.0001
0.0001
0.0001
0.0001
0.0001
0.0001
0.0001
0.001301
0.0001
0.0001
0.0001
0.0001
0.0001
1.00009
0.0001
0.0001
0.000165
0.0001
0.0001
0.0001
0.0001
0.0001
0.005521
0.0001
0.0001
0.0001
0.0001
0.001613
0.0001
0.007676
0.5001
0.0001
0.0001
0.998887
0.0001
0.0001
0.0001
0.0001
0.0001
0.0001
0.0001
0.0001
0.0001
0.0001
0.0001
0.0001
0.0001
0.0001
1.000095
0.0001
0.0001
0.0001
0.5001
0.0001
0.007602
0.002534
0.0001
0.0001
0.0001
0.0001
0.0001
0.0001
0.0001
0.000144
0.0001
0.0001
0.0001
0.0001
0.0001
0.0001
0.0001
0.5001
0.0001
0.0001
0.001366
0.0001
0.0001
0.0001
0.0001
0.0001
0.000324
0.0001
0.0001
0.0001
0.0001
0.0001
0.0001
0.0001
0.0001
0.0001
1.00007
0.0001
0.0001
0.0001
0.0001
0.000352
0.0001
0.0001
0.0001
0.0001
0.0001
0.0001
0.0001
0.0001
0.0001
0.0001
0.0001
0.5001
0.0001
0.000215
0.0001
0.5001
0.000378
0.000348
0.000881
0.0001
0.0001
0.5001
0.0001
0.0001
0.998513
0.0001
0.0001
0.0001
0.0001
0.5001
0.0001
0.5001
1.0001
0.0001
0.0001
0.0001
0.0001
0.009519
0.000366
0.5001
0.5001
0.000115
0.00013
0.996973
0.0001
0.0001
0.0001
0.0001
0.000179
0.00045
0.0001
0.003164
0.5001
0.0001
0.0001
0.0001
0.0001
0.0001
0.0001
0.017909
0.0001
0.0001
0.000129
0.0001
0.0001
0.5001
0.056696
0.272725
0.0001
0.0001
0.0001
0.0001
0.0001
0.0001
0.0001
0.0001
0.0001
0.0001
0.0001
0.0001
0.0001
0.0001
0.0001
0.0001
0.420621
0.0001
0.0001
0.5001
0.5001
0.5001
0.000103
0.5001
0.5001
0.0001
0.0001
0.919457
0.0001
0.0001
0.0001
0.0001
0.0001
0.0001
0.0001
0.0001
0.0001
0.0001
0.0001
0.0001
0.0001
0.5001
0.0001
0.0001
0.0001
0.0001
0.0001
0.5001
0.0001
1.0001
0.5001
0.5001
0.0001
0.0001
0.0001
0.0001
0.0001
0.0001
0.0001
0.0001
0.0001
0.0001
0.0001
0.0001
0.0001
0.0001
0.0001
0.0001
0.0001
0.0001
0.0001
0.0001
0.0001
0.0001
0.0001
0.0001
0.0001
0.0001
0.0001
0.0001
0.0001
0.0001
0.0001
0.0001
0.5001
0.007258
0.0001
0.0001
0.5001
0.0001
0.0001
0.5001
0.0001
0.019331
0.0001
0.0001
0.0001
0.0001
0.0001
0.0001
0.870281
0.0001
0.0001
0.0001
0.0001
0.0001
0.0001
0.0001
0.0001
0.0001
0.0001
0.0001
0.0001
0.0001
0.0001
0.0001
0.0001
0.000395
0.0001
0.0001
0.0001
0.0001
0.0001
0.0001
0.0001
0.0001
0.5001
0.5001
0.0001
0.0001
0.0001
0.0001
0.0001
0.0001
0.0001
0.0001
0.0001
0.0001
0.0001
0.0001
0.0001
0.932628
0.0001
0.0001
0.0001
0.0001
0.0001
0.0001
0.0001
0.000101
0.0001
0.0001
0.0001
0.5001
0.0001
0.0001
0.0001
0.5001
0.0001
0.5001
0.000102
0.0001
0.0001
0.0001
0.0001
0.0001
0.0001
0.0001
0.0001
0.5001
0.0001
0.5001
0.998742
0.047825
0.5001
0.0001
0.0001
0.0001
0.0001
0.0001
0.0001
0.0001
0.0001
0.006957
0.0001
0.141836
0.0001
0.5001
0.0001
0.0001
0.0001
0.5001
0.0001
1.0001
0.0001
0.0001
0.0001
1.0001
0.0001
0.0001
0.5001
0.0001
0.0001
0.0001
0.0001
0.000109
0.0001
0.5001
0.0001
0.0001
0.0001
0.0001
0.5001
0.5001
0.0001
0.0001
0.0001
1.0001
0.0001
0.0001
0.5001
0.0001
0.0001
0.0001
0.0001
0.0001
0.0001
0.0001
0.0001
1.0001
0.5001
0.0001
0.5001
0.0001
0.0001
0.0001
0.0001
0.5001
0.0001
0.0001
0.5001
0.0001
0.0001
0.0001
0.0001
0.0001
0.5001
0.5001
0.0001
0.0001
1.0001
0.0001
0.0001
0.5001
0.997286
0.0001
0.0001
0.5001
0.0001
0.0001
0.0001
0.0001
0.0001
0.5001
0.0001
0.0001
0.000373
0.0001
0.003265
0.0001
0.0001
1.0001
0.0001
0.0001
0.0001
0.002442
0.0001
0.0001
0.0001
0.0001
0.0001
0.0001
0.015575
0.0001
0.0001
0.0001
0.0001
0.000115
0.0001
0.0001
0.0001
0.0001
0.0001
0.945458
0.0001
0.0001
0.998655
0.0001
0.0001
0.0001
0.999746
0.0001
0.000103
0.5001
0.0001
0.0001
0.0001
0.5001
0.0001
0.5001
0.0001
0.0001
0.0001
0.0001
0.0001
0.0001
0.0001
0.0001
0.000105
0.5001
0.222665
0.5001
0.5001
0.0001
0.0001
1.0001
0.000102
0.0001
0.00051
0.0001
0.5001
0.000114
0.0001
0.0001
0.0001
0.0001
0.5001
0.011994
0.0001
0.0001
0.0001
1.0001
0.0001
0.5001
0.0001
0.000704
0.0001
0.0001
0.000101
0.000222
0.0001
0.000108
0.0001
0.0001
0.000101
0.0001
0.5001
0.0001
0.789386
0.0001
0.0001
0.5001
0.0001
0.0001
0.0001
0.0001
0.009735
0.0001
0.0001
0.046696
0.00012
0.0001
0.5001
0.0001
0.0001
0.0001
0.5001
0.5001
0.0001
0.025916
0.0001
0.001145
0.0001
0.5001
0.0001
0.0001
0.0001
0.0001
0.0001
0.5001
0.5001
0.0001
0.5001
0.0001
0.311123
1.000099
0.0001
0.0001
0.0001
0.0001
0.5001
0.0001
0.0001
0.0001
0.0001
0.0001
0.0001
0.0001
0.0001
1.0001
0.0001
0.5001
0.0001
0.0001
0.0001
0.992001
0.0001
0.5001
0.0001
0.0001
0.0001
0.0001
0.0001
0.000806
0.0001
0.0001
0.000105
0.5001
0.0001
0.0001
0.0001
0.0001
0.0001
0.0001
0.5001
0.0001
0.976007
0.0001
0.0001
0.0001
0.0001
0.0001
0.00011
0.5001
0.0001
0.000102
0.0001
0.0001
0.0001
0.0001
0.5001
0.0001
0.0001
1.0001
0.5001
0.0001
0.0001
0.0001
0.0001
0.0001
0.0001
0.0001
0.0001
0.002594
0.0001
0.5001
0.0001
0.0001
0.5001
0.5001
0.007865
0.0001
0.5001
0.0001
0.0001
0.0001
0.5001
0.0001
0.0001
0.0001
0.5001
0.999842
0.0001
0.0001
0.0001
0.0001
0.0001
0.0001
0.0001
0.0001
0.0001
0.5001
0.0001
0.5001
0.0001
0.0001
0.0001
0.0001
0.0001
0.0001
0.0001
0.5001
0.000212
0.0001
0.5001
0.0001
0.0001
0.0001
0.000123
0.0001
0.0001
0.010146
0.0001
0.0001
0.5001
0.0001
0.0001
0.0001
0.0001
0.0001
0.0001
0.0001
0.5001
0.5001
0.5001
0.5001
0.0001
0.0001
0.0001
0.0001
0.0001
0.0001
0.0001
0.0001
0.0001
0.5001
0.0001
0.0001
0.0001
0.0001
0.241799
0.0001
0.000113
0.18643
0.5001
0.000103
0.0001
0.0001
0.955192
0.0001
0.999934
0.0001
0.0001
1.0001
0.0001
0.0001
0.0001
0.0001
0.0001
0.0001
0.0001
0.0001
0.001451
0.0001
0.5001
0.54886
0.0001
0.0001
0.541993
0.0001
0.0001
0.0001
0.0001
0.0001
0.0001
0.0001
1.000098
0.0001
0.0001
0.5001
0.000102
0.5001
0.0001
0.0001
0.006452
0.0001
0.0001
0.981885
0.0001
0.0001
0.0001
1.0001
0.0001
0.0001
0.00012
0.000152
0.0001
0.0001
0.194138
0.0001
0.0001
0.0001
0.000153
0.5001
0.0001
0.0001
0.0001
0.0001
0.0001
0.003845
0.0001
0.0001
0.0001
0.0001
0.0001
0.000102
0.0001
0.0001
0.0001
0.487036
0.0001
0.997375
0.5001
0.000111
0.0001
0.5001
0.0001
0.0001
0.0001
0.0001
0.0001
0.0001
0.096476
0.5001
0.0001
0.5001
1.0001
0.006191
0.0001
0.0001
0.0001
0.000632
0.0001
0.0001
0.0001
0.0001
0.0001
0.0001
0.0001
0.0001
0.0001
0.000101
0.0001
0.5001
0.0001
0.0001
0.0001
0.0001
0.0001
0.0001
0.0001
0.0001
0.0001
0.013128
0.5001
0.0001
0.000104
0.0001
0.5001
0.423752
0.0001
0.0001
0.0001
0.0001
0.0001
0.0001
0.5001
0.5001
0.0001
0.0001
0.5001
0.0001
0.0001
0.0001
0.0001
0.0001
0.0001
0.0001
0.0001
0.0001
0.0001
0.0001
0.0001
0.0001
0.0001
0.0001
0.0001
0.0001
0.0001
0.0001
1.0001
0.0001
0.5001
0.0001
0.0001
0.0001
0.0001
0.0001
0.0001
0.0001
0.382436
0.5001
0.0001
0.0001
0.000104
0.0001
0.0001
0.0001
0.0001
0.0001
0.0001
0.0001
0.0001
0.0001
1.0001
0.0001
0.0001
0.0001
0.0001
0.0001
0.0001
0.0001
0.000356
0.0001
0.0001
0.0001
0.0001
0.999933
0.0001
0.0001
0.0001
0.5001
0.0001
0.99926
0.0001
0.18962
0.000349
0.002997
0.0001
0.0001
0.5001
0.0001
0.0001
0.000145
0.0001
0.0001
0.5001
0.0001
0.0001
0.0001
0.0001
0.0001
1.0001
0.5001
0.0001
0.5001
0.0001
0.0001
0.0001
0.0001
0.5001
0.0001
0.0001
0.003065
0.5001
0.0001
0.0001
0.000259
0.0001
0.000126
0.0001
0.0001
0.0001
0.060247
0.000101
0.5001
0.0001
0.5001
0.5001
0.5001
0.0001
0.0001
0.0001
0.5001
0.0001
0.0001
0.0001
0.0001
0.0001
0.0001
0.0001
0.0001
0.0001
0.5001
0.0001
0.5001
0.0001
0.0001
0.0001
0.217131
0.0001
0.0001
0.001133
0.0001
0.0001
0.0001
0.5001
0.0001
0.000123
0.0001
0.0001
0.0001
0.0001
0.5001
0.5001
0.5001
0.0001
0.0001
0.5001
0.0001
0.0001
0.000125
0.0001
0.0001
0.0001
0.0001
0.5001
0.0001
0.451944
0.0001
0.0001
0.0001
0.5001
0.5001
0.5001
0.0001
0.0001
0.0001
0.0001
0.0001
0.5001
0.00013
0.0001
0.0001
0.0001
0.0001
0.0001
0.0001
0.0001
0.0001
0.0001
0.0001
0.0001
0.0001
0.000116
0.5001
0.0001
0.0001
0.028636
0.0001
0.0001
0.0001
0.0001
0.000101
0.049113
0.0001
0.010116
0.0001
0.0001
0.000109
0.5001
0.5001
0.0001
0.0001
0.000114
0.0001
0.000101
0.001384
0.0001
0.247655
0.0001
0.0001
0.0001
0.0001
0.0001
0.000126
0.0001
0.007366
0.0001
0.0001
0.0001
0.0001
1.0001
0.025169
0.0001
0.5001
0.0001
0.001821
0.0001
0.5001
0.0001
0.0001
0.0001
0.0001
0.0001
0.0001
0.0001
0.0001
0.0001
0.5001
0.0001
0.0001
0.0001
0.0001
0.0001
0.0001
0.0001
0.0001
0.0001
1.000079
0.0001
0.5001
0.0001
0.000143
0.0001
0.0001
0.0001
0.0001
0.0001
0.0001
0.010852
0.0001
0.0001
0.0001
0.0001
0.999925
0.0001
1.0001
0.0001
0.0001
0.005915
0.0001
0.5001
0.0001
0.0001
0.0001
0.0001
0.997406
0.0001
0.5001
0.5001
0.0001
0.0001
0.0001
0.0001
0.5001
0.987374
0.0001
0.0001
0.0001
0.0001
0.5001
0.0001
0.0001
0.0001
0.000569
0.0001
0.0001
0.634877
0.000114
0.0001
0.0001
0.0001
0.5001
0.020631
0.0001
0.0001
0.0001
0.000106
0.0001
0.0001
0.5001
0.0001
0.0001
0.0001
0.0001
0.0001
0.0001
0.0001
0.5001
0.0001
0.0001
0.0001
0.0001
0.5001
0.0001
0.0001
0.5001
0.0001
0.0001
0.5001
0.0001
0.001666
0.0001
0.258748
1.0001
0.0001
0.0001
0.0001
0.0001
0.0001
0.0001
0.5001
0.0001
0.0001
0.0001
0.000101
0.000101
0.5001
0.0001
0.000106
0.0001
0.0001
0.5001
0.0001
0.0001
0.0001
0.0001
0.0001
0.0001
0.0001
0.0001
0.0001
0.0001
0.0001
0.0001
0.0001
1.000099
0.0001
0.0001
0.0001
1.000088
0.0001
0.0001
0.0001
0.0001
0.324456
0.0001
0.0001
0.0001
0.0001
0.5001
0.0001
0.0001
0.0001
1.0001
0.5001
0.0001
0.5001
0.5001
0.0001
0.0001
0.0001
0.0001
0.000325
0.0001
0.0001
0.0001
0.0001
0.5001
0.0001
0.0001
0.0001
0.0001
0.5001
0.0001
0.0001
0.445109
0.0001
0.000112
0.0001
0.0001
0.000101
0.0001
0.0001
0.0001
0.0001
0.0001
0.5001
0.327244
0.5001
0.0001
0.0001
0.5001
0.0001
0.0001
0.0001
0.0001
0.0001
0.0001
0.0001
0.0001
0.0001
0.0001
0.0001
0.5001
0.0001
0.0001
0.0001
0.0001
0.5001
0.0001
0.0001
0.0001
0.0001
0.0001
0.5001
0.0001
0.5001
0.0001
0.0001
0.0001
0.0001
0.089673
0.5001
0.0001
0.552751
0.000102
0.0001
0.0001
0.0001
0.0001
0.0001
0.5001
1.0001
0.0001
0.0001
0.001103
0.050343
0.0001
0.0001
0.0001
0.00048
0.0001
0.0001
0.0001
0.0001
0.0001
0.597168
0.000109
0.0001
0.0001
0.0001
0.0001
0.0001
0.5001
1.0001
0.000109
1.0001
0.0001
0.0001
0.5001
0.0001
1.0001
0.0001
0.5001
0.0001
0.000101
0.0001
0.0001
0.994911
0.048348
0.0001
0.0001
0.000541
0.0001
0.0001
0.0001
0.5001
0.0001
0.0001
0.0001
0.001032
0.0001
0.5001
0.001845
0.0001
0.000101
0.0001
0.000102
0.5001
0.0001
1.0001
0.0001
0.0001
0.0001
0.0001
0.0001
0.0001
0.0001
0.00042
0.0001
0.0001
0.0001
0.5001
0.000118
0.0001
0.5001
0.0001
0.0001
0.0001
0.0001
0.0001
0.0001
0.0001
0.0001
0.5001
0.0001
0.0001
0.0001
0.0001
0.5001
0.000101
0.0001
0.0001
0.0001
0.0001
0.0001
0.0001
0.5001
0.0001
0.0001
0.5001
0.5001
0.488315
0.0001
0.871829
0.0001
0.5001
0.0001
0.5001
0.0001
0.0001
0.002034
0.0001
0.0001
0.0001
0.5001
0.0001
0.019192
0.0001
0.0001
0.0001
0.0001
0.0001
0.0001
0.0001
0.0001
0.0001
0.0001
0.000501
0.0001
1.0001
0.0001
0.0001
0.0001
0.0001
0.0001
0.260783
0.0001
0.0001
0.0001
0.992322
0.0001
0.00011
0.0001
0.0001
1.000013
0.0001
0.0001
0.0001
0.0001
0.0001
0.0001
0.0001
0.994278
0.0001
0.0001
0.5001
0.0001
0.0001
0.004395
0.0001
0.0001
0.0001
0.0001
0.0001
0.0001
0.0001
0.5001
0.0001
0.000228
0.0001
0.000101
0.0001
0.0001
0.0001
0.032745
0.0001
0.096016
0.0001
0.0001
0.0001
0.0001
0.0001
0.0001
0.5001
0.0001
0.0001
0.0681
0.0001
0.011449
0.0001
0.5001
0.0001
0.0001
0.0001
0.000113
0.0001
0.0001
0.0001
0.0001
0.0001
0.0001
0.0001
0.0001
0.0001
0.0001
0.0001
0.0001
0.15266
0.0001
0.000101
0.0001
0.0001
0.000101
0.5001
0.0001
0.0001
0.0001
0.0001
0.0001
0.000123
0.0001
0.0001
0.000103
0.0001
0.0001
0.24975
0.0001
0.000252
0.0001
0.0001
0.0001
0.000102
0.0001
1.0001
0.0001
0.0001
0.5001
0.0001
0.185985
0.0001
0.0001
0.5001
0.0001
0.0001
0.0001
0.0001
0.0001
0.0001
0.013152
0.0001
0.009111
0.0001
0.095608
0.0001
0.0001
0.0001
0.001113
0.0001
0.001984
0.00011
0.0001
0.0001
0.710235
0.0001
0.0001
0.5001
0.000316
0.0001
0.0001
0.0001
0.5001
0.0001
0.523593
0.0001
0.5001
0.0001
0.5001
0.0001
0.000839
0.0001
0.5001
0.0001
0.0001
0.0001
0.211853
0.001407
0.0001
0.0001
1.0001
0.0001
0.0001
0.004362
0.0001
0.0001
0.0001
1.0001
0.0001
0.004833
0.5001
0.988676
0.5001
0.0001
0.0001
0.0001
0.0001
0.0001
0.0001
0.0001
0.5001
0.5001
0.5001
0.0001
0.0001
0.0001
0.0001
0.0001
0.0001
0.0001
0.0001
0.000104
0.0001
0.0001
0.010273
0.0001
0.0001
0.0001
0.0001
0.0001
0.0001
0.0001
0.000115
0.0001
0.0001
0.0001
0.5001
0.0001
1.0001
0.5001
0.0001
0.5001
0.214086
0.0001
0.0001
0.0001
0.0001
0.0001
0.0001
0.000125
0.90559
0.000106
0.0001
0.0001
0.0001
0.5001
0.0001
0.000113
0.974184
0.0001
0.0001
0.0001
0.0001
0.000123
0.0001
0.0001
0.0001
0.5001
0.029787
0.000108
0.0001
0.5001
0.0001
0.0001
0.0001
0.0001
0.5001
0.5001
1.0001
0.5001
0.0001
0.0001
0.0001
0.0001
0.0001
0.0001
0.0001
0.0001
0.0001
0.0001
0.0001
1.0001
0.0001
0.0001
0.5001
1.0001
1.00009
0.5001
0.0001
0.0001
0.0001
0.004562
0.015873
0.5001
0.5001
0.0001
0.0001
0.0001
0.0001
0.0001
0.0001
0.0001
0.5001
0.0001
0.5001
0.0001
0.000103
0.0001
0.0001
0.0001
0.0001
0.5001
0.000103
0.0001
0.0001
0.5001
0.0001
0.0001
0.000144
0.0001
0.0001
0.0001
0.5001
0.0001
0.0001
0.0001
0.0001
0.0001
0.0001
0.5001
0.5001
0.0001
0.0001
0.0001
0.0001
0.0001
0.0001
0.0001
0.0001
0.0001
0.0001
0.0001
0.0001
0.0001
0.0001
0.0001
0.936822
0.0001
0.0001
0.5001
0.0001
0.5001
0.0001
0.0001
1.0001
0.5001
0.0001
0.0001
0.5001
0.0001
0.0001
0.5001
0.0001
0.5001
0.0001
0.0001
0.0001
0.0001
0.0001
0.0001
0.0001
0.5001
0.0001
0.0001
0.0001
0.186836
0.25866
0.0001
0.0001
0.0001
0.0001
0.0001
0.0001
0.0001
1.000037
0.38572
0.0001
0.0001
0.456835
0.5001
0.0001
0.5001
0.0001
0.0001
0.0001
0.0001
0.000117
0.0001
0.0001
0.0001
0.0001
0.0001
0.0001
0.5001
0.5001
0.0001
0.0001
0.410439
0.12158
0.0001
0.988582
0.002365
0.5001
0.0001
0.0001
0.0001
0.0001
0.5001
0.0001
0.000111
0.0001
1.0001
0.0001
0.0001
0.0001
0.5001
0.0001
0.0001
0.0001
0.0001
0.5001
0.0001
0.00053
1.0001
0.0001
0.5001
0.0001
0.0001
0.0001
0.5001
0.0001
0.012534
0.5001
0.0001
0.231334
0.5001
0.0001
0.001963
0.0001
0.000239
1.0001
0.0001
0.5001
0.5001
0.0001
0.0001
0.0001
0.0001
0.0001
0.0001
0.0001
0.0001
0.0001
0.000101
0.0001
0.5001
0.0001
0.0001
0.0001
0.0001
0.0001
0.0001
0.0001
0.0001
0.0001
0.0001
0.0001
0.5001
0.0001
0.0001
0.0001
0.0001
0.0001
0.006262
0.997967
0.0001
0.0001
0.945996
0.0001
0.0001
0.0001
0.0001
0.0001
0.5001
0.5001
0.0001
0.0001
0.0001
1.0001
0.5001
0.0001
0.0001
0.0001
0.0001
0.0001
0.0001
0.0001
0.0001
0.5001
0.5001
0.0001
0.0001
0.000211
0.0001
0.000515
0.0001
0.5001
0.0001
0.0001
0.0001
0.5001
0.0001
0.018159
0.0001
0.0001
0.0001
0.0001
0.0001
0.0001
0.5001
0.0001
0.0001
0.0001
0.5001
0.871829
0.000388
0.0001
0.5001
0.0001
0.437601
0.5001
0.0001
0.000108
0.0001
0.5001
0.5001
0.0001
0.0001
0.0001
0.0001
0.0001
0.0001
0.0001
1.000048
0.0001
0.0001
0.0001
0.0001
0.0001
1.0001
0.0001
0.0001
0.0001
0.0001
0.0001
0.5001
0.5001
0.0001
0.0001
0.0001
0.0001
0.5001
0.0001
0.0001
0.0001
0.0001
1.000098
0.0001
0.0001
0.0001
0.0001
0.0001
0.5001
0.0001
0.0001
0.003007
0.0001
0.0001
1.000099
0.5001
0.5001
0.0001
0.5001
0.0001
0.0001
0.5001
0.0001
0.0001
0.5001
0.0001
0.0001
0.0001
0.009342
0.0001
0.0001
0.0001
0.5001
0.0001
0.0001
0.0001
0.0001
0.0001
0.0001
0.153598
0.0001
0.254395
0.000112
0.0001
0.0001
0.0001
0.0001
0.0001
0.000101
0.999708
0.0001
0.0001
0.0001
0.0001
0.5001
0.000168
0.0001
0.996227
0.541993
0.0001
0.0001
0.0001
0.0001
0.0001
0.0001
0.0001
0.0001
0.000102
0.0001
0.0001
0.0001
0.002776
0.5001
0.0001
0.0001
0.0001
0.0001
0.000582
0.0001
0.5001
0.5001
0.5001
0.0001
0.0001
0.0001
0.0001
0.038618
0.0001
1.0001
0.5001
0.0001
0.0001
0.0001
0.0001
0.0001
0.0001
0.0001
0.5001
0.000127
0.851214
0.0001
0.0001
0.5001
0.999994
0.0001
0.0001
0.00012
0.0001
0.0001
0.0001
0.0001
0.0001
0.0001
0.0001
0.0001
0.0001
0.0001
0.044907
0.0001
0.0001
0.000337
0.000122
0.0001
0.0001
0.0001
0.0001
0.0001
0.5001
0.0001
1.000098
0.0001
0.0001
1.0001
0.0001
0.0001
0.0001
0.0001
0.00012
0.5001
1.0001
0.0001
0.0001
0.000133
0.0001
0.0001
0.0001
0.000185
0.0001
0.0001
0.0001
0.0001
0.0001
0.0001
0.035639
0.5001
0.5001
0.5001
0.000186
0.0001
0.0001
0.5001
0.0001
0.5001
0.0001
0.0001
0.0001
0.0001
0.0001
0.0001
0.0001
0.5001
0.0001
0.0001
0.00011
0.0001
0.0001
0.5001
0.0001
0.0001
0.0001
0.5001
0.0001
0.0001
0.5001
0.0001
0.000167
0.0001
0.0001
0.5001
0.0001
0.0001
0.0001
0.5001
0.0001
0.0001
0.0001
0.000102
0.0001
0.0001
0.5001
0.0001
0.5001
0.0001
0.5001
0.0001
0.0001
0.0001
0.0001
0.0001
0.0001
0.0001
0.5001
0.0001
0.0001
0.0001
0.0001
0.0001
0.0001
0.0001
0.001065
0.0001
0.990159
0.0001
0.0001
0.0001
0.0001
0.0001
0.0001
0.0001
0.0001
0.0001
0.5001
0.0001
0.0001
0.0001
0.0001
0.5001
0.5001
0.000141
0.0001
0.0001
0.0001
0.0001
0.0001
0.5001
0.0001
0.005854
0.0001
0.0001
0.0001
0.5001
0.0001
0.0001
0.0001
1.0001
0.0001
0.0001
0.0001
0.042459
0.0001
0.0001
0.0001
0.5001
0.062467
0.999617
0.0001
0.00013
0.0001
0.0001
0.99357
0.5001
0.0001
0.0001
0.0001
0.0001
0.0001
0.0001
0.002585
0.0001
0.5001
0.00011
1.0001
0.0001
0.0001
0.0001
0.0001
0.5001
1.0001
0.0001
0.0001
0.0001
0.0001
0.0001
0.0001
0.0001
0.5001
0.5001
0.0001
0.0001
0.0001
0.0001
0.0001
0.0001
0.000747
0.0001
0.0001
0.000101
0.0001
0.0001
0.990905
0.0001
0.0001
0.5001
0.000102
0.0001
0.0001
0.0001
0.0001
0.0001
0.0001
0.0001
0.0001
0.0001
0.0001
0.5001
0.5001
0.5001
0.0001
0.0001
0.000132
0.0001
1.0001
0.5001
0.0001
0.0001
0.0001
0.5001
0.0001
0.0001
0.0001
0.0001
0.0001
0.5001
0.0001
0.0001
0.0001
0.0001
0.000426
0.0001
0.0001
0.0001
0.023557
0.0001
0.000208
0.004625
0.000105
0.0001
0.0001
0.0001
0.0001
0.0001
0.5001
0.0001
0.0001
0.0001
0.0001
0.0001
0.0001
0.5001
0.5001
0.0001
1.0001
0.5001
0.0001
0.0001
0.5001
0.0001
0.030779
0.0001
0.0001
0.0001
0.0001
0.0001
0.0001
0.5001
0.0001
0.0001
0.5001
0.0001
0.0001
0.000103
0.0001
0.5001
0.0001
0.0001
0.0001
0.0001
0.0001
0.0001
0.0001
0.08033
0.000851
0.0001
0.0001
0.0001
0.5001
0.0001
0.0001
0.0001
0.5001
0.0001
0.0001
0.074156
0.0001
0.0001
0.999686
0.0001
0.0001
0.5001
1.0001
0.0001
0.5001
0.0001
0.000238
0.0001
0.0001
0.0001
0.0001
0.0001
0.000101
0.0001
0.0001
0.0001
0.5001
0.0001
0.0001
0.0001
0.0001
0.0001
0.0001
0.0001
0.5001
0.5001
0.000106
0.0001
0.0001
0.0001
0.0001
0.000684
0.0001
0.0001
1.0001
0.0001
0.0001
0.0001
0.0001
0.0001
0.002248
0.0001
0.5001
0.0001
0.0001
0.0001
0.0001
0.0001
0.5001
0.23928
0.999792
0.0001
0.000378
0.0001
0.5001
0.5001
0.0001
0.001265
0.004697
0.0001
0.0001
1.000094
0.5001
1.0001
0.0001
0.0001
0.998917
0.218269
0.699532
0.0001
0.0001
0.0001
0.0001
0.5001
0.0001
0.0001
0.0001
0.0001
0.0001
0.000309
0.0001
0.0001
0.5001
0.0001
0.0001
0.0001
0.98756
0.0001
0.0001
0.0001
0.0001
0.915008
0.0001
0.0001
0.0001
0.0001
0.0001
0.0001
0.0001
0.0001
0.0001
0.0001
0.5001
0.0001
0.0001
0.0001
0.0001
0.0001
0.0001
0.0001
0.0001
0.0001
0.000757
0.0001
0.000164
0.000102
0.0001
0.0001
0.0001
0.0001
0.0001
0.0001
0.0001
0.0001
0.0001
0.0001
0.5001
0.0001
0.000226
0.000153
0.0001
0.5001
0.0001
0.5001
0.5001
0.0001
0.0001
0.024696
0.0001
0.0001
0.0001
0.0001
0.0001
0.0001
0.0001
0.5001
0.5001
1.000069
0.5001
0.0001
0.0001
0.023023
0.283767
0.0001
0.0001
0.110864
0.5001
0.0001
0.0001
0.0001
0.0001
0.0001
0.0001
0.0001
0.0001
0.5001
0.000101
0.0001
0.0001
0.0001
0.0001
0.0001
0.5001
0.0001
0.996997
1.0001
0.0001
1.0001
0.0001
0.5001
0.5001
0.0001
0.0001
1.0001
0.000101
0.5001
0.0001
0.0001
0.0001
0.941381
0.0001
0.000441
1.000082
0.0001
0.0001
0.000272
0.5001
0.0001
0.0001
0.5001
0.0001
0.0001
0.5001
0.0001
0.5001
0.0001
1.0001
0.0001
0.0001
0.976111
0.0001
0.0001
0.0001
0.0001
0.0001
0.0001
0.0001
0.0001
0.0001
0.0001
0.0001
0.5001
0.0001
0.0001
0.0001
0.0001
0.0001
0.0001
0.0001
0.5001
0.0001
0.0001
0.0001
0.0001
0.5001
