0.10306
0.015841
0.000827
0.038565
0.398071
0.100728
0.909437
0.013693
0.030953
0.277804
0.000678
1.000059
0.037911
0.095799
0.000547
0.556471
0.70883
0.154735
0.000142
0.933878
0.999358
0.000108
0.000108
0.48073
0.064204
0.117047
0.000543
0.983301
0.0001
0.000359
0.000124
0.996761
0.11441
0.011711
0.010438
0.000414
0.441019
0.02566
0.0001
0.0001
0.778955
0.943281
0.071451
0.060706
0.860063
0.986951
0.0001
0.000775
0.253812
0.217155
0.008866
0.000472
0.000329
0.999957
0.008205
0.138301
0.000102
0.010535
0.001836
0.000104
0.059523
0.000387
0.003143
0.067092
0.000104
0.000211
0.00103
0.868654
0.133922
0.026195
0.226543
0.026195
1.0001
0.917809
0.276823
0.026195
0.785814
1.0001
0.01055
0.168679
0.028438
0.394833
0.299635
0.231576
0.574916
0.052935
0.026195
0.026195
0.006089
0.596495
0.092645
0.037301
0.690656
0.000359
0.008677
0.015795
0.403669
0.027148
0.078969
0.0286
1.0001
1.0001
0.97914
1.0001
0.260063
0.056803
0.060184
0.060184
1.000098
0.0001
0.0001
0.006097
0.0001
0.025119
0.020956
0.0001
0.000105
0.000443
0.133939
0.8002
0.000109
0.000104
0.000836
0.956609
0.235116
0.000109
0.000105
0.000296
0.011795
0.000102
0.000103
0.0001
0.008329
0.0001
0.000359
0.750522
0.000104
0.014856
0.000359
0.000101
0.000463
0.019381
0.0001
0.089842
0.000359
0.202553
0.934761
0.882981
0.846326
0.866052
0.089296
0.001081
0.030046
0.002283
0.427419
0.004698
0.005254
0.00541
0.004698
1.0001
0.595679
0.170908
0.157179
0.072007
0.00022
0.133519
0.001685
0.794154
0.072001
0.074966
0.00213
0.013747
0.006585
0.00537
0.489894
0.006585
0.014249
0.727905
0.00537
0.00059
0.041252
0.682275
0.000803
0.000829
0.000757
0.041252
1.000049
0.006257
0.003306
0.002993
0.057956
0.067372
0.000214
0.202898
0.004355
0.000455
0.005754
0.21157
0.000105
0.000121
0.000117
0.002176
0.0059
0.137312
0.097359
0.000358
0.000125
0.999044
0.000121
0.01029
0.010289
0.065506
0.003798
0.028399
0.59834
0.157993
0.000358
0.000149
0.000112
0.054192
0.013571
0.623919
0.064966
0.013571
0.626768
0.143082
0.051632
0.144771
0.677242
0.091655
0.942757
0.029911
0.411433
0.038334
0.146222
0.038334
0.190763
0.013278
0.123278
0.205424
0.244505
0.872681
0.01006
0.013375
0.991284
0.034104
0.000198
0.00019
0.007112
0.08146
0.012408
0.145914
0.49803
0.870066
0.083243
0.007112
0.969833
0.00581
0.56381
1.000073
0.999788
1.000086
1.000096
1.000099
1.000049
1.0001
1.000002
1.000072
0.0001
1.000099
0.999997
0.999862
0.0001
1.000054
1.000002
1.000097
1.000002
1.000077
1.000002
1.0001
1.000068
0.004824
1.000099
1.000002
1.000036
1.000099
1.000002
0.000217
1.0001
1.000002
1.000067
1.000002
1.000002
1.000002
1.000049
1.0001
1.0001
1.000063
0.007538
1.000054
1.000098
1.000085
1.000097
1.000098
0.014418
0.000113
0.778078
0.007954
0.151406
0.000113
0.001113
0.000632
0.007954
0.000147
0.02232
0.996069
0.171575
0.000123
0.013528
0.039118
0.003503
0.005537
0.763342
0.001937
0.009446
0.111124
0.002059
0.00067
0.000184
0.002878
0.000159
0.008302
0.002878
0.936425
0.047245
0.002167
0.012459
0.000837
0.055088
0.005007
0.113759
0.040666
0.036172
0.725154
0.012669
0.774275
0.996413
0.076169
0.000577
0.107795
0.850746
0.01373
0.237112
0.886573
0.000487
0.695995
0.001596
0.01373
0.000283
0.629366
0.042035
0.000287
0.000811
0.999228
0.0001
0.999148
0.081913
0.0001
0.000102
0.996386
0.991969
0.004187
0.004812
0.007329
0.418486
0.993746
0.658082
0.019929
0.338517
0.018451
0.013072
0.039576
0.003516
0.003516
0.052242
0.013345
0.007702
0.018994
0.873548
0.011449
0.530375
0.131709
0.001156
0.001156
0.000825
0.005114
0.994261
0.622535
0.957953
0.372566
0.004743
0.005049
0.36978
0.011312
0.005114
0.000133
0.003028
0.003115
0.120239
0.000625
0.102415
0.000625
0.30565
0.240245
0.000625
0.00406
0.000398
0.7532
0.962719
0.710249
0.005235
0.006995
0.020144
0.020144
0.000471
0.294811
0.020144
0.000319
0.006995
0.401496
0.113497
0.015927
0.010672
0.143706
0.02543
0.02543
0.089344
0.55234
0.08605
0.181019
0.43464
0.061671
0.003673
0.288431
0.001898
0.001898
0.01714
0.01714
0.499981
0.003479
0.99502
0.003479
0.527021
0.013704
0.016059
0.000197
0.001378
0.99764
0.001326
0.085536
0.000105
0.004309
0.001994
0.177727
0.269863
0.994115
0.000313
0.942923
0.063162
0.002212
0.004735
0.000396
0.000353
0.290796
0.00016
0.325286
0.000396
0.001378
0.000353
0.000799
0.065465
0.00534
0.096795
0.009604
0.009604
0.484851
0.009604
0.000817
0.000579
0.009604
0.226101
0.62593
0.000461
0.000212
0.381566
0.020972
0.002506
0.020972
0.68462
0.100567
0.001023
0.020972
0.020972
0.595205
0.919264
0.083832
0.020972
0.020972
0.020972
0.001026
0.030084
0.020972
0.07624
0.010313
0.025468
0.079659
0.023974
0.091249
0.001325
0.001686
0.014691
0.000126
0.210312
0.364601
0.912588
0.002785
0.074554
0.002255
0.002065
0.00052
0.017894
0.000102
0.33881
0.038851
0.000636
0.000227
0.051273
0.000112
0.694727
0.003187
0.00098
0.327992
0.002065
0.995362
0.021923
0.999929
0.004383
0.074799
0.013761
0.000202
0.008532
0.0001
0.000142
0.001356
0.009024
0.055579
0.00017
0.000147
0.384018
0.000715
0.003744
0.002331
0.002972
0.000857
0.057952
0.001052
0.005169
0.792594
0.000112
0.824902
0.000806
0.010117
0.004972
0.000109
0.0001
0.008303
0.000104
1.00009
0.865149
0.0001
0.0001
0.014417
0.023831
0.000101
0.0001
0.000104
0.005852
0.134587
0.911807
0.098349
0.038848
0.038848
0.038848
0.128713
0.003929
0.006611
0.002941
0.004239
0.240976
0.13429
0.0019
0.010304
0.000494
0.00073
0.0002
0.007865
0.86536
0.001521
0.016642
0.002989
0.094669
0.000567
0.006032
0.001392
0.025978
0.108479
0.001714
0.000229
0.001714
0.00042
0.34209
0.012841
0.020124
0.016493
0.018988
0.067473
0.018988
0.401314
0.187453
0.00648
0.154187
0.299977
0.010213
0.563426
0.007429
0.141851
0.060184
0.060184
0.060184
0.060184
0.060184
0.060184
0.012952
0.200458
0.041464
0.003692
0.001427
0.82868
0.018081
0.114819
0.032298
0.689735
0.045638
0.000328
0.000328
0.000129
0.296303
0.000764
0.978278
0.036604
0.000293
0.024566
0.038227
0.022959
0.116348
0.110542
0.000293
0.028722
0.019447
0.296791
0.005925
0.74278
0.309624
0.008679
0.002419
0.842594
0.001305
0.005066
0.000179
0.000363
0.20685
0.002972
0.005066
0.476694
0.002861
0.783176
0.492018
0.019743
0.00079
0.857252
0.411482
0.149193
0.006292
0.007371
0.001388
0.000138
0.000138
0.011786
0.188198
0.350948
0.037329
0.134519
0.149726
0.001549
0.637876
0.004036
0.004036
0.077996
0.056979
0.187636
0.000182
0.401685
0.176072
0.00198
0.027921
0.004565
0.089144
0.089144
0.007459
0.786116
0.00519
0.00076
0.00076
0.133877
0.363048
0.046321
0.117793
0.00076
0.00076
0.014736
0.001878
0.62546
0.004346
0.164646
0.263574
0.000639
0.000639
0.000602
0.000602
0.09876
0.000243
0.000378
0.010654
0.000298
0.803641
0.001282
0.990715
0.000116
0.527806
0.367611
0.000283
0.000378
0.09224
0.08514
0.027203
0.000747
0.001056
0.978619
0.930729
0.011321
0.056544
0.005091
0.000289
0.000854
0.002343
0.000289
0.000486
0.777125
0.012983
0.001463
0.001058
0.000289
0.158669
0.835721
0.077333
0.02331
0.904489
0.01695
0.005487
0.041835
0.00638
0.02331
0.080001
0.270685
0.02331
0.037957
0.004459
0.003069
0.000969
0.086481
0.000106
0.000729
0.208557
0.007283
0.001511
0.000958
0.056719
0.000322
0.002538
0.211411
0.025525
0.000322
0.012067
0.060184
0.060184
0.262082
0.041183
0.00207
0.925141
0.008686
0.356256
0.000733
0.002234
0.014181
0.004195
0.004195
0.001364
0.000733
0.967684
0.006211
0.046886
0.001283
0.004512
0.022274
0.006809
0.451993
0.000706
0.000684
0.000962
0.007546
0.000793
0.000793
0.001042
0.0125
0.010856
0.008523
0.000424
0.001488
0.000641
0.001488
0.394409
0.370608
0.052011
0.015761
0.052011
0.078029
0.002451
0.001319
0.899614
0.076054
0.112101
0.061826
0.008982
0.000124
0.002942
0.059866
0.008982
0.110754
0.018774
0.002719
0.085237
0.208033
0.008034
0.232179
0.03288
0.020875
0.001423
0.001381
0.011662
0.002376
0.001437
0.019501
0.011014
0.003594
0.706282
0.005007
0.248914
0.015085
0.004247
0.046215
0.8299
0.02585
0.391717
0.026127
0.384719
0.022371
0.033867
0.000453
0.004306
0.001391
0.060184
0.060184
0.003728
0.688242
0.02623
0.02623
0.02623
0.02623
0.000385
0.01264
0.034173
0.005683
0.034173
0.463904
0.031135
0.060902
0.02592
0.032747
0.113203
0.004582
0.136294
0.11026
0.000637
0.503058
0.419016
0.003747
0.034825
0.039356
0.034825
0.042938
0.011477
0.000637
0.017266
0.552325
0.000324
0.003895
0.174208
0.030887
0.060196
0.654037
0.000111
0.004811
0.00191
0.000438
0.199905
0.048886
0.000102
0.013259
0.00139
0.000591
0.026374
0.017165
0.048657
0.017006
0.002443
0.003074
0.046603
0.0001
0.0001
0.016303
0.000133
0.0001
0.0001
0.0001
0.309784
0.006609
0.000103
0.00015
0.011831
0.006258
0.414217
0.034263
0.004403
0.118318
0.006258
0.369564
0.001229
0.019636
0.928093
0.002286
0.00235
0.052751
0.75529
0.327996
0.021202
0.128401
0.016284
0.015127
0.01207
0.908786
0.49287
0.320463
0.002567
0.071433
0.966551
0.133812
0.008752
0.003167
0.947752
0.008752
0.006634
0.016699
0.097402
0.009439
0.000701
0.000701
0.83263
0.000726
0.000726
0.596626
0.000701
0.375292
0.009922
0.000334
0.009922
0.016408
0.004969
0.009922
0.015175
0.802786
0.000341
0.954149
0.00635
0.002309
0.000318
0.163305
0.005755
0.053219
0.006052
0.828201
0.005437
0.006052
0.000181
0.407404
0.468169
0.001083
0.424694
0.001013
0.419673
0.044227
0.09526
0.167484
0.999253
0.016748
0.013741
0.038717
0.493766
1.000099
0.005233
0.134283
0.855951
0.053518
0.039747
0.038687
0.086644
0.090192
0.001281
0.006407
0.029156
0.000935
0.000122
0.003951
0.137291
0.000122
0.000122
0.000919
0.920373
0.01009
0.005074
0.000111
0.322754
0.011003
0.0001
0.029571
0.00983
0.004778
0.973091
0.373993
0.024271
0.933955
0.85366
0.155065
0.00344
0.004977
0.095163
0.306199
0.021218
0.000118
0.000101
0.798473
0.015711
0.014061
0.42824
0.008267
0.002039
0.169842
0.001105
0.001105
0.998889
0.010643
0.013453
0.987408
0.018275
0.138711
0.003098
0.031851
0.000152
0.003098
0.019572
0.030997
0.091007
0.004072
0.015298
0.252576
0.024629
0.00222
0.000616
0.004957
0.000392
0.011052
0.042163
0.070974
0.011052
0.011052
0.494618
0.05042
0.05042
0.124108
0.968648
0.084124
0.037502
0.004579
0.013566
0.002578
0.004579
0.00019
0.00019
0.000671
0.00019
0.00019
0.00019
0.009311
0.542174
0.005651
0.062875
0.001952
0.011305
0.969568
0.010315
0.000177
0.003981
0.003981
0.000177
0.000177
0.072554
0.023364
0.031669
0.000177
0.094066
0.015799
0.00166
0.004022
0.00166
0.208143
0.101117
0.091323
0.054245
0.05602
0.347919
0.062398
0.062398
0.618939
0.008541
0.059896
0.009071
0.036508
0.036508
0.002054
0.062333
0.036508
0.11743
0.022815
0.008217
0.543056
0.024117
0.021308
0.902277
0.086495
0.385372
0.02555
0.012436
0.001704
0.018029
0.000769
0.000769
0.000769
0.054174
0.000289
0.005852
0.005852
0.005852
0.000289
0.066241
0.022984
0.365628
0.022984
0.004441
0.004441
0.45456
0.084435
0.166885
0.018543
0.055105
0.022319
0.250044
0.017616
0.009389
0.060184
0.060184
0.021831
0.327909
0.258494
0.022804
0.002735
0.022804
0.276535
0.13706
0.161597
0.725445
0.156612
0.016405
0.043133
0.016405
0.020861
0.04953
0.04953
0.060184
0.060184
0.409517
0.031631
0.01784
0.003387
0.024996
0.706434
0.229969
0.164115
0.01784
0.296622
0.079056
0.003152
0.004976
0.006454
0.653634
0.999268
0.01798
0.000115
0.009478
0.009478
0.236837
0.001914
0.000528
0.096601
0.068089
0.000255
0.453182
0.028259
0.082502
0.053223
0.028259
0.00458
0.014826
0.050205
0.011115
0.14971
0.14971
0.14971
0.14971
0.14971
0.053919
0.14971
0.06671
0.14971
0.14971
0.14971
0.06671
0.053919
0.14971
0.139703
0.229189
0.14971
0.06671
0.053919
0.14971
0.14971
0.98776
0.06671
0.071979
0.139703
0.14971
0.14971
0.14971
0.300336
0.167878
0.053919
0.06671
0.14971
0.14971
0.005219
0.139703
0.053919
0.06671
0.071979
0.001458
0.37011
0.021724
0.071555
0.021724
0.036378
0.049709
0.069066
0.069066
0.049709
0.001275
0.044507
0.008761
0.078163
0.00173
0.005885
0.002316
0.00121
0.737815
0.501209
0.045537
0.064941
0.00742
0.010269
0.015115
0.000802
0.001072
0.017994
0.00163
0.049895
0.075797
0.032758
0.026069
0.000361
0.001116
0.021113
0.000802
0.021113
0.008091
0.000624
0.001116
0.009558
0.000921
0.097537
0.000657
0.017994
0.098364
0.060184
0.060184
0.046751
0.205135
0.030589
0.048176
0.024613
0.169157
0.008474
0.309497
0.0022
0.600854
0.001376
0.007431
0.000562
0.020312
0.231526
0.014965
0.022353
0.001386
0.094751
0.868694
0.408584
0.021654
0.012184
0.002423
0.002423
0.016912
0.000108
0.110731
0.000108
0.133185
0.000101
0.011292
0.000101
0.00035
0.00035
0.014339
0.000101
0.035048
0.000309
0.000101
0.013732
0.000234
0.004827
0.267387
0.013059
0.028644
0.006935
0.13421
0.66255
0.000133
0.000833
0.001467
0.000359
0.000138
0.000305
0.000305
0.778783
0.007059
0.000351
0.961295
0.000351
0.004622
0.201876
0.010687
0.010391
0.010687
0.004755
0.004622
0.058767
0.018313
0.000112
0.131008
0.000257
0.003255
0.000655
0.948883
0.000506
0.000923
0.004143
0.000161
0.003312
0.003312
0.026495
0.000686
0.038382
0.038382
0.038382
0.038382
0.038382
0.081274
0.000686
0.590199
0.004081
0.002558
0.030047
0.103323
0.002558
0.006064
0.05992
0.58958
0.02069
0.002647
0.019059
0.040803
0.271239
0.029378
0.002647
0.030491
0.001844
0.003672
0.000168
0.224227
0.003672
0.000168
0.000168
0.000137
0.000799
0.000117
0.004215
0.054735
0.000141
0.192516
0.000135
0.0001
0.000622
0.310793
0.001007
0.019315
0.007007
0.008772
0.063202
0.211023
0.007488
0.076998
0.007507
0.008772
0.267968
0.01316
0.01316
0.01316
0.011105
0.000908
0.025947
0.021633
0.424581
0.00015
0.002338
0.00015
0.293856
0.01402
0.006674
0.000563
0.006674
0.213056
0.239574
0.030198
0.030198
0.10673
0.030869
0.004348
0.034977
0.015275
0.000169
0.002361
0.904368
0.001357
0.046431
0.046431
0.000169
0.017212
0.002641
0.004903
0.196759
0.023354
0.127324
0.000194
0.000394
0.000175
0.000819
0.052506
0.033069
0.0001
0.000702
0.007197
0.00019
0.0001
0.000102
0.352987
0.000214
0.000244
0.001713
0.008685
0.094901
0.000284
0.227596
0.084026
0.055584
0.149873
0.055584
0.000523
0.000219
0.172779
0.000121
0.011033
0.003227
0.0001
0.030656
0.00033
0.041986
0.000476
0.007711
0.01429
0.000107
0.918389
0.000957
0.0001
0.357775
0.000158
0.004769
0.003379
0.000101
0.467131
0.001826
0.000104
0.000107
0.011482
0.000105
0.000154
0.000103
0.001064
0.008477
0.000249
0.2013
0.067155
0.00011
0.004505
0.001363
0.002691
0.050397
0.043822
0.065943
0.000192
0.006616
0.009458
0.009458
0.005132
0.076945
0.893281
0.716989
0.003238
0.004119
0.020405
0.149549
0.056843
0.122556
0.056843
0.214367
0.006536
0.245865
0.03771
0.143833
0.03771
0.011852
0.000951
0.001339
0.001715
0.000126
0.073769
0.049391
0.926071
0.049391
0.188652
0.014202
0.000389
0.000103
0.000685
0.083258
0.002279
0.766999
0.0004
0.0004
0.034343
0.001796
0.034343
0.001796
0.92578
0.017728
0.000756
0.0004
0.000184
0.000184
0.511024
0.016912
0.004887
0.004887
0.000238
0.004887
0.004887
0.205299
0.004185
0.006033
0.025791
0.032187
0.273202
0.01596
0.010949
0.010949
0.02543
0.143706
0.02543
0.084945
0.039593
0.029191
0.029191
0.039593
0.254912
0.003301
0.003301
0.01305
0.807693
0.01305
0.023824
0.01305
0.01305
0.188102
0.001024
0.074598
0.111957
0.243918
0.180689
0.014309
0.002278
0.002278
0.000136
0.000136
0.429625
0.039782
0.002767
0.006325
0.000279
0.000107
0.000107
0.000534
0.000534
0.002219
0.000183
0.000183
0.036896
0.000183
0.000444
0.337368
0.264801
0.000107
0.097894
0.061793
0.000462
0.004196
0.060346
0.060346
0.060346
0.060184
0.060184
0.025697
0.000671
0.000845
0.019793
0.688977
0.197595
0.014889
0.004712
0.004712
0.110555
0.077073
0.46104
0.007903
0.016077
0.014447
0.038339
0.028663
0.028663
0.973687
0.00764
0.999721
0.02546
0.00307
0.002948
0.0013
0.0013
0.000683
0.361076
0.006298
0.000397
0.000397
0.152179
0.139864
0.464035
0.041506
0.041506
0.009868
0.059542
0.019245
0.019245
0.019245
0.019245
0.001751
0.001751
0.642504
0.07631
0.030576
0.296826
0.01719
0.010982
0.001757
0.030576
0.01719
0.002525
0.105858
0.609586
0.004006
0.004006
0.004006
0.004006
0.004006
0.013133
0.631713
0.412187
0.004585
0.007914
0.035684
0.015653
0.015653
0.015653
0.015653
0.006273
0.197771
0.149398
0.025862
0.025862
0.017138
0.113478
0.002477
0.00138
0.001559
0.789623
0.001559
0.42506
0.007058
0.008034
0.018666
0.005218
0.00623
0.00286
0.0001
0.787275
0.051734
0.0001
0.176055
0.21041
0.0001
0.0001
0.486378
0.011489
0.067427
0.002266
0.163087
0.027684
0.00722
0.518197
0.003172
0.007404
0.175789
0.079087
0.003739
0.04883
0.306052
0.007146
0.00913
0.014706
0.037226
0.007146
0.818245
0.524766
0.0022
0.004822
0.000472
0.027567
0.000472
0.213636
0.016993
0.056745
0.016993
0.011092
0.244006
0.011092
0.35523
0.009639
0.008546
0.01917
0.001866
0.057031
0.01917
0.002598
0.010609
0.008313
0.168261
0.011696
0.011696
0.881019
0.06054
0.05616
0.05616
0.054761
0.029141
0.348166
0.001353
0.001353
0.192037
0.004391
0.101242
0.006402
0.042478
0.189908
0.042478
0.042478
0.000143
0.000161
0.014082
0.001195
0.012636
0.000403
0.003237
0.047037
0.047037
0.100812
0.001431
0.017689
0.00845
0.11009
0.001431
0.004134
0.017402
0.022749
0.022749
0.012346
0.006706
0.004764
0.006706
0.006706
0.004059
0.001763
0.665221
0.04178
0.004933
0.016704
0.000194
0.000194
0.000194
0.000194
0.715344
0.003119
0.050238
0.002617
0.000194
0.00205
0.000194
0.091992
0.091992
0.091992
0.091992
0.091992
0.091992
0.091992
0.091992
0.091992
0.091992
0.091992
0.091992
0.091992
0.091992
0.091992
0.687507
0.091992
0.072313
0.072313
0.072313
0.072313
0.072313
0.072313
0.072313
0.072313
0.072313
0.072313
0.072313
0.072313
0.072313
0.072313
0.072313
0.072313
0.072313
0.004456
0.060559
0.003779
0.00417
0.080003
0.058482
0.160215
0.185339
0.028217
0.028217
0.059339
0.002667
0.258967
0.014219
0.006859
0.026039
0.015185
0.015185
0.026039
0.005945
0.00544
0.017965
0.421274
0.003392
0.00231
0.008811
0.000544
0.000355
0.003398
0.000544
0.066548
0.039875
0.005696
0.001291
0.014995
0.007043
0.001291
0.061126
0.014995
0.004875
0.029366
0.790935
0.000836
0.027697
0.012207
0.15261
0.015379
0.043412
0.043412
0.0317
0.126519
0.067626
0.004712
0.014874
0.000726
0.004263
0.012575
0.012575
0.066216
0.988114
0.005771
0.004515
0.005166
0.183221
0.008947
0.02632
0.004558
0.034676
0.031179
0.022381
0.426774
0.190761
0.001831
0.005166
0.000657
0.075927
0.028184
0.065596
0.061629
0.968168
0.014827
0.053315
0.002733
0.050961
0.015695
0.01353
0.01353
0.02543
0.143706
0.02543
0.009228
0.201322
0.016952
0.003304
0.119499
0.025374
0.001602
0.048938
0.048938
0.001173
0.005387
0.005387
0.013982
0.007512
0.143713
0.025427
0.025427
0.000685
0.060246
0.014838
0.015226
0.073202
0.283279
0.031416
0.031416
0.982176
0.179038
0.012193
0.021935
0.021935
0.012193
0.002653
0.027744
0.012721
0.000925
0.000925
0.012721
0.060184
0.060184
0.173094
0.010538
0.010538
0.156502
0.007239
0.02543
0.143706
0.02543
0.03594
0.168278
0.03594
0.029354
0.272736
0.000626
0.029354
0.034955
0.036904
0.036904
0.007367
0.01411
0.008881
0.038111
0.002678
0.005477
0.291624
0.01137
0.037287
0.042027
0.003542
0.000104
0.000989
0.003099
0.061536
0.002168
0.000989
0.011713
0.000104
0.000856
0.000675
0.020056
0.060184
0.060184
0.007
0.000777
0.16317
0.044295
0.025921
0.092878
0.092878
0.060184
0.060184
0.002282
0.883744
0.005952
0.05272
0.005952
0.215774
0.000419
0.896493
0.992499
0.003545
0.374983
0.134387
0.00019
0.027865
0.203357
0.203357
0.143706
0.02543
0.02543
0.01065
0.005353
0.040411
0.001711
0.001046
0.01065
0.00982
0.060855
0.002097
0.002896
0.002896
0.011534
0.024204
0.00415
0.010376
0.348453
0.156302
0.005282
0.005282
0.024562
0.024562
0.007239
0.017176
0.007211
0.060184
0.060184
0.02228
0.016346
0.694573
0.007786
0.097987
0.539907
0.007786
0.428626
0.000519
0.000173
0.000102
0.000128
0.003073
0.000128
0.000128
0.041963
0.041963
0.041963
0.139305
0.017611
0.114644
0.115468
0.147015
0.006417
0.104418
0.004802
0.004802
0.004802
0.00026
0.00026
0.005647
0.005647
0.000415
0.000415
0.072084
0.55319
0.011195
0.003442
0.003442
0.002977
0.003442
0.000311
0.002553
0.000102
0.000204
0.001071
0.000311
0.000102
0.564529
0.000841
0.00323
0.000212
0.014116
0.042621
0.101705
0.00053
0.011411
0.000416
0.00084
0.064198
0.000106
0.000102
0.169419
0.001696
0.000723
0.001696
0.037153
0.000389
0.035758
0.44095
0.002899
0.015186
0.015186
0.083082
0.015186
0.00452
0.00452
0.060184
0.060184
0.12063
0.026388
0.008986
0.009551
0.002021
0.014925
0.44285
0.02539
0.219282
0.005473
0.005473
0.002954
0.000375
0.076103
0.037624
0.234693
0.009856
0.011258
0.000481
0.033769
0.737699
0.000111
0.135225
0.000116
0.005554
0.005554
0.269713
0.006661
0.010792
0.010792
0.013854
0.030684
0.016089
0.002218
0.016089
0.038438
0.030924
0.289324
0.027949
0.143958
0.188712
0.029038
0.018093
0.022551
0.022856
0.846758
0.022856
0.022856
0.011303
0.011303
0.025124
0.000341
0.001368
0.00081
0.000225
0.067519
0.363873
0.015148
0.063358
0.00166
0.111454
0.438958
0.001287
0.001287
0.003518
0.001287
0.001287
0.09179
0.017245
0.005848
0.017245
0.005848
0.024862
0.000356
0.004066
0.002061
0.002992
0.002061
0.000474
0.002992
0.005762
0.015603
0.027556
0.039743
0.015603
0.000747
0.032185
0.021229
0.013083
0.225524
0.058023
0.08004
0.019401
0.016043
0.060646
0.01584
0.033349
0.033349
0.033349
0.013451
0.030408
0.02633
0.001646
0.000276
0.006716
0.000475
0.272653
0.010579
0.064902
0.014899
0.021098
0.001917
0.000381
0.000381
0.000381
0.000381
0.016874
0.000935
0.148175
0.038344
0.021776
0.116399
0.018937
0.583791
0.018937
0.015868
0.006963
0.053778
0.015868
0.078348
0.000711
0.001201
0.071017
0.163367
0.022835
0.255608
0.470067
0.008471
0.069766
0.004283
0.022356
0.001575
0.029231
0.000127
0.223851
0.007216
0.035036
0.432912
0.0063
0.000516
0.003499
0.003499
0.003524
0.003524
0.041407
0.029859
0.003161
0.00096
0.00096
0.00096
0.01933
0.000673
0.000373
0.01238
0.01238
0.043343
0.01238
0.062258
0.145482
0.002437
0.028278
0.01783
0.181918
0.045149
0.045149
0.030684
0.045149
0.030684
0.227529
0.058663
0.058663
0.032544
0.058663
0.043075
0.000603
0.044187
0.008824
0.000116
0.000748
0.01057
0.018905
0.0001
0.000557
0.111165
0.018905
0.000482
0.02325
0.000285
0.000326
0.0001
0.000519
0.671241
0.023738
0.145777
0.002532
0.002532
0.005464
0.028836
0.028836
0.058817
0.022657
0.04058
0.135445
0.016051
0.031644
0.431121
0.007913
0.026954
0.814698
0.021616
0.002448
0.295633
0.007768
0.061775
0.061775
0.061775
0.093901
0.093675
0.032178
0.111519
0.172589
0.001937
0.07186
0.001937
0.003147
0.003147
0.018498
0.063644
0.004831
0.021583
0.152073
0.106334
0.111422
0.002948
0.016421
0.016741
0.062673
0.673918
0.02407
0.006408
0.003128
0.037941
0.390914
0.659672
0.014745
0.034173
0.034173
0.002061
0.049159
0.027982
0.001989
0.027982
0.002347
0.007737
0.00529
0.00529
0.00529
0.000177
0.000166
0.027982
0.027982
0.027982
0.000226
0.001989
0.250483
0.002347
0.000226
0.027982
0.088639
0.001989
0.021566
0.00545
0.564124
0.004638
0.022552
0.020667
0.022552
0.071683
0.043431
0.798673
0.007473
0.642384
0.060346
0.060346
0.060346
0.000579
0.000844
0.000844
0.002472
0.097128
0.024477
0.097128
0.024477
0.169777
0.018627
0.169777
0.131546
0.007935
0.027355
0.027355
0.000588
0.000287
0.060184
0.060184
0.024162
0.021256
0.002642
0.021256
0.002642
0.000978
0.000875
0.095
0.002784
0.072695
0.002131
0.022403
0.002784
0.001402
0.037845
0.008195
0.001284
0.000417
0.056942
0.007441
0.019776
0.000949
0.000949
0.005784
0.005784
0.011518
0.000102
0.014925
0.075476
0.014925
0.014925
0.014925
0.06262
0.183961
0.02837
0.287157
0.031067
0.031067
0.010184
0.009514
0.006439
0.226649
0.42682
0.032771
0.163805
0.060184
0.060184
0.13503
0.028194
0.001924
0.016329
0.219858
0.213676
0.033717
0.022169
0.338473
0.084641
0.084641
0.022169
0.033209
0.033209
0.049947
0.049947
0.049947
0.232217
0.049947
0.007381
0.007381
0.011948
0.002781
0.082279
0.082279
0.010013
0.082279
0.171032
0.082279
0.082279
0.082279
0.082279
0.082279
0.003578
0.082279
0.003578
0.082279
0.082279
0.082279
0.082279
0.060346
0.060346
0.060346
0.030462
0.030462
0.005145
0.015992
0.247133
0.001701
0.11327
0.034542
0.014339
0.025546
0.008845
0.060184
0.060184
0.068407
0.068407
0.08444
0.068407
0.068407
0.009787
0.001056
0.070158
0.042175
0.001056
0.009787
0.00592
0.147961
0.009728
0.001991
0.009105
0.034728
0.034728
0.184589
0.034728
0.034728
0.010231
0.010231
0.454766
0.004549
0.023432
0.023432
0.036488
0.004549
0.060184
0.060184
0.01922
0.060184
0.060184
0.152602
0.043415
0.015381
0.043415
0.000641
0.000641
0.01654
0.000641
0.039085
0.057065
0.086766
0.006406
0.001997
0.000329
0.006406
0.001997
0.106803
0.000438
0.099056
0.030558
0.070841
0.070841
0.070841
0.016096
0.001983
0.756628
0.131327
0.138958
0.04127
0.138958
0.085148
0.020358
0.155742
0.060184
0.060184
0.060346
0.060346
0.060346
0.002113
0.612704
0.002113
0.002113
0.375179
0.01694
0.055161
0.055161
0.01215
0.223362
0.055161
0.027674
0.028679
0.065593
0.119038
0.462447
0.09566
0.027799
0.032817
0.013935
0.0111
0.007122
0.016081
0.01168
0.007122
0.043385
0.01168
0.016081
0.050361
0.000254
0.024212
0.528226
0.000249
0.000189
0.001129
0.000111
0.001129
0.176476
0.000149
0.005882
0.000149
0.000514
0.001438
0.009166
0.002846
0.003664
0.029979
0.796134
0.180258
0.059911
0.059911
0.014601
0.026866
0.02543
0.143706
0.02543
0.060184
0.060184
0.006262
0.524061
0.104101
0.055226
0.002202
0.036906
0.015593
0.036906
0.002202
0.093682
0.036906
0.036906
0.060184
0.060184
0.060184
0.060184
0.000103
0.000844
0.007006
0.000103
0.044182
0.378785
0.000844
0.000103
0.000527
0.007006
0.018895
0.010541
0.009728
0.031822
0.11357
0.005278
0.02156
0.02156
0.028254
0.034732
0.034732
0.184572
0.034732
0.034732
0.060184
0.060184
0.031274
0.031274
0.0172
0.03625
0.001984
0.062615
0.033213
0.033213
0.017243
0.000474
0.004893
0.07299
0.033213
0.017243
0.00163
0.00163
0.002492
0.011849
0.09218
0.001623
0.002492
0.003302
0.000576
0.059497
0.000156
0.000156
0.001539
0.000156
0.006304
0.000156
0.093586
0.046904
0.091812
0.024853
0.018143
0.024853
0.065537
0.018143
0.000783
0.002849
0.000783
0.109179
0.005089
0.007223
0.000121
0.000121
0.002589
0.002689
0.003683
0.000287
0.000707
0.002421
0.028679
0.002494
0.006685
0.000366
0.000127
0.024762
0.000118
0.000118
0.000118
0.001304
0.000118
0.000118
0.000118
0.203456
0.001631
0.004241
0.013104
0.000805
0.000101
0.001062
0.000718
0.000101
0.000159
0.001062
0.017382
0.210633
0.099434
0.003345
0.383669
0.02532
0.02532
0.003345
0.0001
0.000554
0.000283
0.020015
0.020015
0.014881
0.001776
0.001264
0.835565
0.069027
0.000188
0.000283
0.566753
0.03896
0.000329
0.038247
0.038247
0.000954
0.076846
0.060184
0.060184
0.02241
0.327548
0.000479
0.06051
0.06051
0.06051
0.06051
0.002304
0.006019
0.082901
0.082901
0.035076
0.064462
0.006054
0.000215
0.060184
0.060184
0.034585
0.062558
0.062558
0.023499
0.062558
0.062558
0.023499
0.043111
0.043111
0.000861
0.043111
0.043111
0.010386
0.030596
0.293107
0.032913
0.032913
0.006764
0.00854
0.382418
0.151947
0.097236
0.06191
0.06191
0.017481
0.037789
0.009137
0.08585
0.002651
0.010997
0.020952
0.020952
0.123471
0.016796
0.016796
0.060346
0.060346
0.060346
0.049852
0.049852
0.011825
0.049852
0.049852
0.011825
0.049852
0.049852
0.065943
0.030634
0.005426
0.010041
0.026016
0.209755
0.030313
0.096614
0.144386
0.01772
0.015611
0.011173
0.073076
0.049014
0.015943
0.320347
0.034414
0.00793
0.000975
0.144823
0.000975
0.046782
0.046782
0.03743
0.03743
0.017222
0.922058
0.00536
0.00064
0.019007
0.019007
0.020178
0.0001
0.018124
0.028256
0.001299
0.014698
0.196621
0.000131
0.014698
0.0001
0.014698
0.000599
0.002368
0.000128
0.168566
0.014698
0.060184
0.060184
0.060184
0.060184
0.000365
0.000365
0.03131
0.007948
0.076235
0.025427
0.143713
0.025427
0.010552
0.0055
0.002415
0.010552
0.002319
0.012653
0.008732
0.004942
0.00322
0.004888
0.000137
0.151088
0.000105
0.001239
0.020971
0.000767
0.020971
0.375044
0.002827
0.040691
0.001205
0.037901
0.009574
0.006077
0.000798
0.458382
0.000326
0.076756
0.00331
0.000547
0.636794
0.000895
0.003681
0.011877
0.011877
0.300275
0.000895
0.019217
0.019217
0.004678
0.028691
0.028691
0.004678
0.00222
0.001173
0.000966
0.085328
0.05698
0.05698
0.092394
0.008013
0.058088
0.104255
0.000196
0.00352
0.002882
0.00028
0.002882
0.000196
0.041361
0.041361
0.014049
0.014049
0.08097
0.003262
0.166252
0.003595
0.748206
0.005337
0.027733
0.07265
0.314589
0.012159
0.001581
0.034342
0.006924
0.001048
0.045925
0.304803
0.027182
0.045925
0.006673
0.045937
0.015914
0.013318
0.042339
0.03005
0.032876
0.060184
0.060184
0.015984
0.255917
0.057418
0.100416
0.100416
0.211608
0.100416
0.057418
0.057418
0.001205
0.075974
0.065951
0.215694
0.050638
0.050638
0.16056
0.030819
0.082418
0.049433
0.02924
0.070066
0.000178
0.7079
0.026744
0.001777
0.013431
0.013431
0.001777
0.026744
0.001777
0.026744
0.002379
0.000494
0.010923
0.010923
0.001456
0.004072
0.005602
0.079247
0.053522
0.000652
0.00811
0.000652
0.064513
0.000652
0.02848
0.02325
0.015269
0.035122
0.035122
0.166013
0.166013
0.045701
0.031604
0.031604
0.306178
0.008135
0.008135
0.000123
0.000966
0.0001
0.000321
0.000445
0.000321
0.011815
0.011815
0.031617
0.031617
0.031617
0.413853
0.754773
0.010077
0.01236
0.025338
0.010206
0.010206
0.000327
0.002995
0.028581
0.000385
0.001062
0.003137
0.000261
0.002963
0.008635
0.000261
0.002963
0.121834
0.030777
0.030777
0.000261
0.030777
0.030777
0.030808
0.030808
0.085286
0.002951
0.013001
0.013001
0.000218
0.004239
0.004239
0.004239
0.004239
0.000499
0.008453
0.008453
0.154933
0.000499
0.017261
0.017261
0.007976
0.019359
0.00247
0.004231
0.00247
0.000724
0.000315
0.01042
0.00987
0.003394
0.029469
0.060346
0.060346
0.060346
0.019869
0.010279
0.024951
0.046661
0.006514
0.16695
0.082523
0.082523
0.035319
0.035319
0.14161
0.020384
0.060346
0.060346
0.060346
0.011542
0.328436
0.052611
0.015337
0.028372
0.060184
0.060184
0.03411
0.525495
0.000307
0.000307
0.004754
0.024915
0.002635
0.005538
0.005538
0.030216
0.027182
0.027814
0.097385
0.031482
0.061259
0.024603
0.000719
0.035948
0.035948
0.017938
0.008091
0.02199
0.02199
0.007266
0.068202
0.00078
0.00078
0.031969
0.001726
0.001726
0.001726
0.002797
0.013203
0.000941
0.002797
0.002797
0.192358
0.011876
0.014878
0.014878
0.013892
0.070292
0.029376
0.004549
0.005054
0.00834
0.033452
0.033452
0.002865
0.033452
0.002865
0.004551
0.033452
0.006574
0.006574
0.046686
0.010111
0.010111
0.005957
0.000112
0.010111
0.010111
0.010111
0.005957
0.010111
0.26799
0.013157
0.013157
0.013157
0.029317
0.060673
0.060673
0.060673
0.060673
0.060673
0.03369
0.090454
0.046759
0.098744
0.025593
0.012801
0.002637
0.012801
0.012801
0.002137
0.031824
0.031824
0.046142
0.046142
0.004502
0.029722
0.050539
0.006727
0.026959
0.00551
0.00551
0.006642
0.006642
0.00147
0.00147
0.182122
0.002892
0.010202
0.006292
0.135694
0.034295
0.063795
0.033445
0.034295
0.026105
0.041852
0.042514
0.042514
0.036611
0.006381
0.006381
0.043415
0.043415
0.152602
0.015381
0.399393
0.142849
0.1201
0.004308
0.011078
0.016754
0.016754
0.035582
0.035582
0.037456
0.01081
0.01081
0.017994
0.069873
0.015381
0.152602
0.043415
0.043415
0.021136
0.009433
0.009433
0.005732
0.03323
0.03323
0.005732
0.020054
0.020054
0.040935
0.040935
0.040935
0.001045
0.006774
0.016207
0.000688
0.005387
0.002499
0.006774
0.005935
0.000958
0.25402
0.10291
0.014394
0.016331
0.005961
0.000154
0.000134
0.0001
0.000174
0.000134
0.0001
0.0001
0.347494
0.014098
0.027284
0.023152
0.056992
0.023152
0.002275
0.007443
0.000101
0.016567
0.000116
0.005637
0.001673
0.0001
0.001245
0.00039
0.000146
0.001673
0.411781
0.000116
0.013013
0.001514
0.000471
0.028372
0.115722
0.05219
0.14078
0.02194
0.005635
0.01379
0.010529
0.099491
0.01379
0.005944
0.000765
0.041733
0.060346
0.060346
0.060346
0.060346
0.060346
0.060346
0.048164
0.043415
0.043415
0.152602
0.015381
0.201238
0.013177
0.020274
0.2402
0.020274
0.212832
0.03082
0.091239
0.002327
0.556892
0.211794
0.003825
0.035842
0.001852
0.035842
0.035842
0.004453
0.043616
0.109502
0.032311
0.040602
0.126702
0.133892
0.059223
0.059223
0.059223
0.059223
0.054915
0.048093
0.213158
0.048093
0.048093
0.048093
0.048093
0.048093
0.048093
0.048093
0.048093
0.048093
0.048093
0.048093
0.009827
0.000228
0.000228
0.025427
0.143713
0.025427
0.007063
0.007063
0.007063
0.002267
0.043927
0.043927
0.03028
0.006293
0.006293
0.000668
0.004037
0.004037
0.000102
0.006293
0.006925
0.002789
0.000668
0.002789
0.004037
0.006925
0.055119
0.085313
0.33915
0.013322
0.022653
0.011671
0.06924
0.06924
0.370881
0.06924
0.00087
0.06924
0.06924
0.06924
0.103159
0.06924
0.06924
0.06924
0.103159
0.028213
0.01541
0.286736
0.011437
0.039596
0.011437
0.016957
0.041327
0.041327
0.041327
0.002866
0.583657
0.002866
0.022077
0.022077
0.022077
0.022077
0.014877
0.008573
0.000469
0.02557
0.02557
0.119108
0.409969
0.074924
0.008897
0.596752
0.005665
0.004312
0.014387
0.099955
0.028573
0.039436
0.039436
0.00759
0.00759
0.000599
0.000599
0.034452
0.000599
0.060184
0.060184
0.08082
0.045576
0.08082
0.08082
0.045576
0.046121
0.08082
0.046121
0.045576
0.045576
0.033601
0.046121
0.046121
0.15108
0.009801
0.009801
0.008381
0.008381
0.060184
0.060184
0.237624
0.04934
0.04934
0.004286
0.04934
0.089092
0.038902
0.006764
0.006764
0.057673
0.057673
0.057673
0.060053
0.060053
0.060053
0.151042
0.026989
0.075485
0.043205
0.009997
0.043205
0.075485
0.306202
0.0316
0.008133
0.008133
0.0316
0.010887
0.192561
0.074031
0.026134
0.026134
0.021745
0.060346
0.060346
0.060346
0.07216
0.07216
0.07216
0.009818
0.004641
0.116493
0.00011
0.00011
0.00011
0.013903
0.002262
0.001547
0.001105
0.001105
0.0099
0.001331
0.0207
0.000433
0.01385
0.004465
0.013993
0.00194
0.018327
0.018327
0.016116
0.008348
0.007789
0.326322
0.09747
0.376294
0.098343
0.098343
0.098343
0.062646
0.098343
0.098343
0.098343
0.077874
0.098343
0.098343
0.098343
0.098343
0.002961
0.098343
0.077874
0.129085
0.098343
0.098343
0.002636
0.077874
0.077874
0.062646
0.098343
0.028493
0.028493
0.008012
0.037789
0.037789
0.006768
0.006768
0.143706
0.02543
0.02543
0.036902
0.043792
0.022842
0.198629
0.002505
0.005796
0.013892
0.013892
0.026049
0.46464
0.060346
0.060346
0.060346
0.347676
0.008052
0.072527
0.00107
0.058784
0.007418
0.058784
0.058784
0.000169
0.053422
0.006538
0.000953
0.006538
0.035127
0.009354
0.006538
0.095152
0.095152
0.095152
0.095152
0.095152
0.095152
0.095152
0.095152
0.095152
0.095152
0.095152
0.095152
0.095152
0.095152
0.095152
0.095152
0.095152
0.095152
0.095152
0.095152
0.095152
0.095152
0.095152
0.054614
0.054614
0.054614
0.018338
0.035922
0.035922
0.035922
0.006011
0.060184
0.060184
0.002112
0.002112
0.060184
0.060184
0.306178
0.008135
0.031604
0.008135
0.031604
0.000101
0.030793
0.069595
0.030793
0.333302
0.014224
0.017251
0.048166
0.017251
0.143706
0.02543
0.02543
0.064547
0.064547
0.064547
0.002461
0.013712
0.002461
0.040534
0.040534
0.008355
0.061856
0.026159
0.026159
0.026159
0.000111
0.018874
0.018874
0.018874
0.018874
0.00301
0.00301
0.000125
0.081675
0.054287
0.054287
0.054287
0.081675
0.023067
0.081675
0.054287
0.152617
0.043409
0.043409
0.015377
0.060184
0.060184
0.019334
0.049784
0.027558
0.597322
0.010391
0.012506
0.010331
0.098945
0.101411
0.010331
0.010391
0.036533
0.036533
0.014063
0.036533
0.060346
0.060346
0.060346
0.02543
0.143706
0.02543
0.013108
0.000762
0.000752
0.002718
0.095492
0.04623
0.060184
0.060184
0.027918
0.01669
0.01669
0.014801
0.030846
0.016592
0.18697
0.007751
0.006882
0.005146
0.002381
0.019869
0.002682
0.056592
0.056592
0.056592
0.056592
0.060346
0.060346
0.060346
0.021726
0.004579
0.018179
0.04763
0.04763
0.178335
0.030872
0.005351
0.005351
0.060346
0.060346
0.060346
0.027415
0.027415
0.009378
0.00308
0.015832
0.268013
0.013153
0.013153
0.013153
0.311002
0.008075
0.035698
0.033849
0.226629
0.035698
0.008135
0.306178
0.031604
0.031604
0.008135
0.034732
0.034732
0.184572
0.034732
0.034732
0.008398
0.002393
0.010728
0.0062
0.0062
0.005302
0.001694
0.005302
0.032161
0.032161
0.060184
0.060184
0.060346
0.060346
0.060346
0.028265
0.020726
0.028265
0.058944
0.058944
0.058944
0.241425
0.058944
0.236675
0.040521
0.236675
0.040521
0.040521
0.010073
0.008781
0.000752
0.000455
0.013666
0.060184
0.060184
0.060184
0.060184
0.101771
0.101771
0.101771
0.101771
0.101771
0.101771
0.101771
0.179803
0.101771
0.101771
0.101771
0.101771
0.101771
0.101771
0.101771
0.101771
0.101771
0.101771
0.101771
0.217707
0.101771
0.101771
0.101771
0.101771
0.101771
0.101771
0.101771
0.101771
0.101771
0.101771
0.101771
0.101771
0.101771
0.101771
0.060346
0.060346
0.060346
0.062343
0.062343
0.062343
0.060346
0.060346
0.060346
0.143706
0.02543
0.02543
0.008498
0.003966
0.010061
0.032511
0.295464
0.0225
0.080242
0.017215
0.060184
0.060184
0.013329
0.135285
0.051677
0.051677
0.051677
0.019633
0.143706
0.02543
0.02543
0.132743
0.029212
0.020029
0.156411
0.134566
0.028701
0.060184
0.060184
0.23069
0.000869
0.00188
0.000539
0.000539
0.001003
0.012872
0.012872
0.012872
0.012872
0.018142
0.046618
0.046618
0.024272
0.317377
0.060184
0.060184
0.023301
0.060184
0.060184
0.077047
0.001221
0.001221
0.060346
0.060346
0.060346
0.060184
0.060184
0.019479
0.061768
0.358618
0.019479
0.005966
0.005966
0.030667
0.000574
0.000574
0.02543
0.143706
0.02543
0.008304
0.011136
0.157549
0.060985
0.060985
0.060985
0.060346
0.060346
0.060346
0.007562
0.281089
0.063819
0.063819
0.024537
0.063819
0.681561
0.033184
0.08278
0.040032
0.145291
0.024599
0.040032
0.040032
0.038799
0.124846
0.025999
0.033184
0.045025
0.045025
0.006242
0.017662
0.024409
0.017031
0.027461
0.041318
0.041318
0.060184
0.060184
0.000373
0.006928
0.006928
0.060184
0.060184
0.015663
0.029261
0.029261
0.004921
0.012492
0.060346
0.060346
0.060346
0.093568
0.014954
0.036403
0.007338
0.036403
0.036403
0.01119
0.013208
0.061688
0.025803
0.080762
0.172515
0.010668
0.018059
0.007822
0.009545
0.009545
0.248026
0.031401
0.067537
0.104372
0.194793
0.060184
0.060184
0.048697
0.030684
0.048697
0.041051
0.041051
0.001241
0.011398
0.001241
0.072419
0.072419
0.072419
0.060184
0.060184
0.143706
0.02543
0.02543
0.035873
0.035873
0.035873
0.060184
0.060184
0.06007
0.098955
0.001527
0.116491
0.037358
0.147938
0.019563
0.037358
0.143706
0.02543
0.02543
0.019441
0.029774
0.197152
0.001097
0.318936
0.016231
0.001097
0.011245
0.056633
0.143706
0.02543
0.02543
0.005127
0.03103
0.00758
0.012519
0.00322
0.060184
0.060184
0.060184
0.060184
0.015381
0.152602
0.043415
0.043415
0.045405
0.045405
0.045405
0.495539
0.040362
0.040362
0.090401
0.016428
0.021586
0.021586
0.118208
0.020445
0.025337
0.025337
0.030243
0.060184
0.060184
0.090757
0.029289
0.037142
0.060346
0.060346
0.060346
0.060184
0.060184
0.060184
0.060184
0.010651
0.010651
0.00242
0.043633
0.043633
0.031105
0.112719
0.031105
0.015439
0.001744
0.002824
0.060184
0.060184
0.006482
0.005472
0.005472
0.091616
0.060346
0.060346
0.060346
0.060184
0.060184
0.009724
0.215871
0.009724
0.14551
0.019057
0.060346
0.060346
0.060346
0.111245
0.02864
0.015786
0.01298
0.040051
0.013609
0.046667
0.046667
0.0885
0.060184
0.060184
0.060184
0.060184
0.019864
0.019864
0.002319
0.002319
0.060184
0.060184
0.180482
0.043492
0.043492
0.006676
0.060184
0.060184
0.060346
0.060346
0.060346
0.060395
0.060395
0.060395
0.060395
0.060395
0.060395
0.000653
0.308626
0.060304
0.060304
0.028671
0.060304
0.060304
0.028671
0.138342
0.023316
0.01722
0.008911
0.025427
0.143713
0.025427
0.118307
0.027958
0.019398
0.019398
0.026157
0.028025
0.048498
0.048498
0.020813
0.171435
0.033027
0.045256
0.033027
0.045256
0.060184
0.060184
0.031015
0.060184
0.060184
0.330009
0.006284
0.071399
0.032364
0.032364
0.010348
0.010348
0.01561
0.004217
0.21202
0.03836
0.03836
0.060184
0.060184
0.060346
0.060346
0.060346
0.060184
0.060184
0.056338
0.056338
0.043481
0.10095
0.080753
0.000862
0.000644
0.000644
0.000644
0.000862
0.017964
0.000106
0.000106
0.011748
0.011748
0.011748
0.004781
0.226481
0.014027
0.01142
0.061176
0.009353
0.019831
0.060184
0.060184
0.001917
0.001917
0.001917
0.044529
0.044529
0.299488
0.011473
0.001848
0.001848
0.001848
0.00832
0.023444
0.060184
0.060184
0.019517
0.006143
0.007072
0.006143
0.029278
0.143706
0.02543
0.02543
0.060184
0.060184
0.012696
0.060184
0.060184
0.012399
0.004961
0.012815
0.060184
0.060184
0.060346
0.060346
0.060346
0.060346
0.060346
0.060346
0.02543
0.143706
0.02543
0.043412
0.043412
0.15261
0.015379
0.027694
0.060184
0.060184
0.016331
0.060184
0.060184
0.023713
0.04592
0.04592
0.023713
0.04592
0.056614
0.056614
0.022298
0.013157
0.26799
0.013157
0.013157
0.060184
0.060184
0.196599
0.014244
0.014244
0.01218
0.005669
0.02543
0.143706
0.02543
0.060346
0.060346
0.060346
0.009112
0.031957
0.364272
0.00599
0.032765
0.032765
0.060346
0.060346
0.060346
0.101603
0.101603
0.101603
0.101603
0.101603
0.101603
0.101603
0.101603
0.101603
0.101603
0.101603
0.101603
0.101603
0.101603
0.101603
0.060184
0.060184
0.000985
0.026711
0.004249
0.026711
0.06051
0.06051
0.06051
0.06051
0.007935
0.267968
0.01316
0.01316
0.01316
0.06051
0.06051
0.06051
0.06051
0.041258
0.060346
0.060346
0.060346
0.005963
0.060184
0.060184
0.014754
0.005457
0.15261
0.043412
0.043412
0.015379
0.060346
0.060346
0.060346
0.060184
0.060184
0.009713
0.016352
0.016352
0.060184
0.060184
0.060184
0.060184
0.001114
0.003813
0.00625
0.056582
0.056582
0.056582
0.024442
0.161553
0.054044
0.054044
0.027264
0.054044
0.054044
0.054044
0.027264
0.041471
0.041471
0.170603
0.041471
0.034808
0.034808
0.067987
0.067987
0.067987
0.067987
0.067987
0.060184
0.060184
0.017862
0.060184
0.060184
0.018936
0.019388
0.267968
0.01316
0.01316
0.01316
0.051666
0.280473
0.00544
0.084758
0.031846
0.084758
0.031846
0.00544
0.031846
0.031846
0.060184
0.060184
0.025427
0.143713
0.025427
0.030207
0.143706
0.02543
0.02543
0.02543
0.143706
0.02543
0.060184
0.060184
0.013238
0.012458
0.001285
0.058631
0.151402
0.043412
0.15261
0.043412
0.015379
0.007081
0.060346
0.060346
0.060346
0.060184
0.060184
0.014872
0.005903
0.005903
0.044324
0.007216
0.143706
0.02543
0.02543
0.060346
0.060346
0.060346
0.060184
0.060184
0.268975
0.0444
0.0444
0.060184
0.060184
0.027164
0.069496
0.069496
0.031951
0.026909
0.060184
0.060184
0.060184
0.060184
0.028363
0.028363
0.004704
0.060184
0.060184
0.060184
0.060184
0.060184
0.060184
0.012684
0.05291
0.060346
0.060346
0.060346
0.013774
0.02543
0.143706
0.02543
0.134842
0.029802
0.016437
0.158863
0.020674
0.069432
0.010096
0.094424
0.035653
0.035653
0.015749
0.060184
0.060184
0.005561
0.331727
0.038228
0.023528
0.038228
0.023528
0.038228
0.095574
0.029272
0.060184
0.060184
0.060184
0.060184
0.029887
0.029887
0.029887
0.012507
0.012507
0.010604
0.010604
0.043658
0.043658
0.026384
0.060184
0.060184
0.060184
0.060184
0.143706
0.02543
0.02543
0.045491
0.045491
0.045491
0.03279
0.03279
0.052025
0.093353
0.133085
0.052025
0.034393
0.034393
0.01631
0.143706
0.02543
0.02543
0.143706
0.02543
0.02543
0.021088
0.047841
0.047841
0.060184
0.060184
0.036755
0.036755
0.008034
0.060184
0.060184
0.060673
0.060673
0.060673
0.060673
0.060673
0.02165
0.060346
0.060346
0.060346
0.06051
0.06051
0.06051
0.06051
0.060184
0.060184
0.040924
0.01458
0.016364
0.060346
0.060346
0.060346
0.143713
0.025427
0.025427
0.152602
0.015381
0.043415
0.043415
0.008289
0.060184
0.060184
0.000829
0.00313
0.024272
0.060346
0.060346
0.060346
0.026934
0.027843
0.051679
0.051679
0.135278
0.051679
0.013331
0.087238
0.060184
0.060184
0.060346
0.060346
0.060346
0.060184
0.060184
0.094855
0.060673
0.060673
0.060673
0.060673
0.060673
0.143706
0.02543
0.02543
0.051924
0.130983
0.130983
0.051924
0.051924
0.130983
0.130983
0.051924
0.051924
0.130983
0.064998
0.064998
0.064998
0.064998
0.064998
0.060673
0.060673
0.060673
0.060673
0.060673
0.015375
0.152624
0.043406
0.043406
0.017391
0.017391
0.060184
0.060184
0.057312
0.057312
0.01953
0.060184
0.060184
0.060184
0.060184
0.060184
0.060184
0.055426
0.055426
0.122966
0.055426
0.055426
0.012455
0.035235
0.048324
0.048324
0.060346
0.060346
0.060346
0.051679
0.135278
0.051679
0.051679
0.013331
0.06051
0.06051
0.06051
0.06051
0.005453
0.029616
0.029616
0.036221
0.036221
0.060346
0.060346
0.060346
0.013829
0.060346
0.060346
0.060346
0.043223
0.043223
0.009643
0.01218
0.023206
0.503246
0.023206
0.004397
0.004397
0.004397
0.060184
0.060184
0.060184
0.060184
0.038011
0.038011
0.060673
0.060673
0.060673
0.060673
0.060673
0.060184
0.060184
0.060184
0.060184
0.122972
0.055424
0.055424
0.055424
0.055424
0.012454
0.028661
0.060184
0.060184
0.060346
0.060346
0.060346
0.060184
0.060184
0.143706
0.02543
0.02543
0.060184
0.060184
0.015379
0.15261
0.043412
0.043412
0.060184
0.060184
0.017021
0.017021
0.179823
0.05597
0.05597
0.060184
0.060184
0.020135
0.020709
0.045698
0.045698
0.045698
0.060184
0.060184
0.060184
0.060184
0.021753
0.060184
0.060184
0.060184
0.060184
0.060184
0.060184
0.060184
0.060184
0.008349
0.032937
0.037015
0.037015
0.087823
0.034901
0.034901
0.087823
0.060346
0.060346
0.060346
0.060184
0.060184
0.152602
0.043415
0.043415
0.015381
0.060184
0.060184
0.010021
0.091749
0.091749
0.091749
0.091749
0.091749
0.049532
0.091749
0.091749
0.060184
0.060184
0.060184
0.060184
0.060346
0.060346
0.060346
0.057947
0.057947
0.060346
0.060346
0.060346
0.060184
0.060184
0.060184
0.060184
0.060346
0.060346
0.060346
0.060184
0.060184
0.060184
0.060184
0.060346
0.060346
0.060346
0.015515
0.02899
0.04966
0.02899
0.060184
0.060184
0.060346
0.060346
0.060346
0.06051
0.06051
0.06051
0.06051
0.060184
0.060184
0.060184
0.060184
0.030684
0.181918
0.030684
0.045149
0.045149
0.045149
0.060346
0.060346
0.060346
0.060184
0.060184
0.060184
0.060184
0.051169
0.051169
0.023502
0.060346
0.060346
0.060346
0.031768
0.016205
0.060184
0.060184
0.060184
0.060184
0.021313
0.107805
0.03077
0.060184
0.060184
0.060184
0.060184
0.010758
0.034741
0.034741
0.060184
0.060184
0.060346
0.060346
0.060346
0.010476
0.06051
0.06051
0.06051
0.06051
0.060184
0.060184
0.060184
0.060184
0.060184
0.060184
0.060184
0.060184
0.03933
0.03933
0.03933
0.060346
0.060346
0.060346
0.060184
0.060184
0.014594
0.014594
0.060184
0.060184
0.060184
0.060184
0.060184
0.060184
0.060184
0.060184
0.044759
0.060837
0.060837
0.060837
0.060837
0.060837
0.060837
0.060184
0.060184
0.021569
0.060184
0.060184
0.060184
0.060184
0.060184
0.060184
0.060184
0.060184
0.030527
0.060346
0.060346
0.060346
0.060184
0.060184
0.01889
0.060346
0.060346
0.060346
0.060184
0.060184
0.061002
0.061002
0.061002
0.061002
0.061002
0.061002
0.061002
0.01742
0.060184
0.060184
0.060346
0.060346
0.060346
0.060346
0.060346
0.060346
0.143713
0.025427
0.025427
0.060346
0.060346
0.060346
0.060346
0.060346
0.060346
0.060184
0.060184
0.02933
0.060346
0.060346
0.060346
0.060184
0.060184
0.060346
0.060346
0.060346
0.060184
0.060184
0.060184
0.060184
0.060184
0.060184
0.060346
0.060346
0.060346
0.060346
0.060346
0.060346
0.060184
0.060184
0.020544
0.060184
0.060184
0.016102
0.060184
0.060184
0.060346
0.060346
0.060346
0.060184
0.060184
0.017421
0.060184
0.060184
0.060184
0.060184
0.060184
0.060184
0.267968
0.01316
0.01316
0.01316
0.060184
0.060184
0.060184
0.060184
0.060184
0.060184
0.060184
0.060184
0.060837
0.060837
0.060837
0.060837
0.060837
0.060837
0.060184
0.060184
0.060184
0.060184
0.060184
0.060184
0.060184
0.060184
0.060184
0.060184
0.060184
0.060184
0.060346
0.060346
0.060346
