0.08904
0.146214
0.089954
0.109974
0.041284
0.055907
0.065308
0.066517
0.101425
0.117368
0.060603
0.129832
0.136597
0.044574
0.309325
0.076284
0.249116
0.073129
0.319575
0.130284
0.059093
0.081418
0.13682
0.088366
0.085769
0.275203
0.156126
0.050706
0.09916
0.088059
0.090131
0.055259
0.056622
0.054709
0.090979
0.076642
0.332518
0.074105
0.049612
0.067806
0.092818
0.111317
0.133628
0.102262
0.159181
0.133423
0.070345
0.052829
0.063072
0.035191
0.304272
0.095285
0.08197
0.101347
0.082776
0.084777
0.050059
0.07972
0.389382
0.046341
0.12623
0.156678
0.276397
0.078713
0.08549
0.152747
0.150734
0.103703
0.068625
0.077694
0.094854
0.238721
0.060591
0.171391
0.181388
0.050904
0.082397
0.138831
0.112829
0.074522
0.277426
0.056912
0.202198
0.0709
0.121757
0.041295
0.094023
0.264067
0.046219
0.119838
0.081122
0.157385
0.100304
0.051806
0.076729
0.067006
0.110961
0.04538
0.090093
0.055475
0.448362
0.066294
0.080462
0.077517
0.141936
0.058949
0.048316
0.456123
0.101124
0.468209
0.144801
0.075717
0.057853
0.056142
0.323553
0.379603
0.100579
0.237231
0.230263
0.076381
0.346083
0.325399
0.069313
0.123126
0.077489
0.153721
0.153856
0.153553
0.049346
0.308884
0.09211
0.087668
0.406542
0.101737
0.059007
0.068882
0.121512
0.09062
0.920927
0.110685
0.066407
0.09017
0.075484
0.076306
0.041549
0.10271
0.234595
0.082992
0.065666
0.154722
0.073367
0.14301
0.620202
0.076178
0.118638
0.085495
0.119998
0.167133
0.116161
0.139204
0.268955
0.098735
0.229321
0.052692
0.116774
0.0785
0.072033
0.096576
0.057033
0.135272
0.103696
0.119799
0.055128
0.061666
0.075147
0.082403
0.05533
0.101141
0.046487
0.116301
0.037622
0.047984
0.495065
0.112091
0.032289
0.220322
0.613887
0.369024
0.065163
0.045881
0.030298
0.075877
0.153097
0.302656
0.101523
0.103501
0.082017
0.100204
0.128155
0.048428
0.078023
0.085574
0.092024
0.050413
0.056068
0.118782
0.07002
0.081016
0.05499
0.056363
0.137821
0.113479
0.108501
0.077776
0.079209
0.08987
0.09552
0.127349
0.078021
0.110139
0.153644
0.090631
0.199622
0.11492
0.03865
0.121605
0.177858
0.108003
0.184846
0.138371
0.086365
0.132413
0.067635
0.041504
0.07409
0.080725
0.074774
0.071236
0.132169
0.056591
0.488467
0.232574
0.10299
0.110085
0.108527
0.079523
0.056643
0.136025
0.056125
0.211642
0.046232
0.219353
0.158711
0.113857
0.167041
0.088438
0.172513
0.056559
0.14916
0.055574
0.050188
0.062778
0.090828
0.088498
0.055762
0.33782
0.04962
0.085978
0.061277
0.262356
0.140478
0.066891
0.072013
0.040119
0.056279
0.092458
0.197794
0.071946
0.042767
0.089636
0.221924
0.042161
0.101903
0.102323
0.121504
0.128353
0.079768
0.108043
0.352285
0.074313
0.219953
0.130111
0.058744
0.209374
0.061967
0.079485
0.125027
0.331865
0.138467
0.056906
0.179816
0.12182
0.060097
0.108586
0.073626
0.114995
0.117463
0.050003
0.105108
0.073701
0.082527
0.064805
0.095793
0.214534
0.076821
0.040925
0.062171
0.093478
0.067532
0.135814
0.174541
0.426036
0.083259
0.104933
0.042746
0.242709
0.108089
0.403782
0.092636
0.153507
0.064279
0.130526
0.079929
0.140432
0.051238
0.129878
0.103654
0.045168
0.087674
0.071774
0.523207
0.072395
0.079542
0.049738
0.051089
0.073123
0.058607
0.10397
0.046664
0.088086
0.133101
0.110779
0.041278
0.084282
0.061401
0.037849
0.078015
0.070714
0.12879
0.097555
0.045781
0.082182
0.284944
0.078555
0.060839
0.211647
0.163645
0.097333
0.157132
0.079461
0.43774
0.562878
0.04662
0.131371
0.135859
0.278793
0.155783
0.069183
0.123187
0.733408
0.058091
0.072942
0.257112
0.125898
0.080847
0.11408
0.086033
0.080398
0.066287
0.100434
0.044092
0.14777
0.324746
0.116407
0.078887
0.098522
0.073956
0.092309
0.101295
0.094643
0.056818
0.150091
0.095681
0.096265
0.129225
0.284518
0.107303
0.066428
0.112222
0.097393
0.450015
0.075155
0.09197
0.174175
0.404999
0.124069
0.069729
0.443719
0.12753
0.062406
0.759732
0.147649
0.129116
0.071288
0.062802
0.126096
0.067981
0.112932
0.075024
0.083304
0.16131
0.089207
0.089281
0.112157
0.070881
0.546044
0.156686
0.07925
0.541269
0.07828
0.337342
0.082701
0.059529
0.104654
0.062668
0.084646
0.070695
0.077519
0.110352
0.114066
0.084977
0.140832
0.077387
0.112662
0.036191
0.247605
0.079428
0.130494
0.114515
0.082589
0.080527
0.034777
0.091065
0.085049
0.083913
0.137893
0.303155
0.193541
0.135142
0.065825
0.509097
0.643942
0.110976
0.071515
0.146914
0.062761
0.081442
0.750091
0.062445
0.116239
0.082624
0.065048
0.073642
0.094002
0.062717
0.084086
0.095258
0.112008
0.079921
0.058609
0.088392
0.063593
0.07605
0.649827
0.363487
0.063522
0.128495
0.137225
0.059144
0.151663
0.076123
0.082636
0.055554
0.138236
0.117865
0.128893
0.108079
0.102515
0.427097
0.110496
0.078113
0.055823
0.108749
0.078226
0.032619
0.0779
0.037924
0.239024
0.26525
0.108462
0.043818
0.047435
0.278171
0.099015
0.133866
0.082627
0.084486
0.113733
0.114122
0.124801
0.043441
0.113879
0.050833
0.077677
0.128611
0.358679
0.477512
0.078324
0.132111
0.151812
0.291081
0.610801
0.359781
0.117866
0.096834
0.286073
0.065152
0.155508
0.196747
0.073093
0.047941
0.0502
0.285656
0.12327
0.065845
0.08173
0.11367
0.578168
0.084866
0.128695
0.101227
0.038806
0.185895
0.055358
0.182373
0.1001
0.098291
0.336278
0.083262
0.312019
0.153771
0.066067
0.053342
0.151173
0.140454
0.054337
0.201036
0.076331
0.066935
0.11112
0.051009
0.117322
0.604039
0.045991
0.142664
0.09612
0.087538
0.514928
0.239394
0.109027
0.077534
0.063913
0.053409
0.102132
0.093614
0.098238
0.062813
0.074125
0.087613
0.079327
0.178723
0.079107
0.088141
0.071819
0.087377
0.049966
0.873767
0.053778
0.060804
0.27697
0.062688
0.092918
0.092673
0.099391
0.077058
0.86842
0.042983
0.145885
0.058156
0.074919
0.069415
0.15361
0.121734
0.062477
0.068216
0.068297
0.044723
0.097493
0.056305
0.065103
0.185567
0.085999
0.134529
0.210897
0.125058
0.048964
0.085696
0.211076
0.069707
0.104849
0.54557
0.173639
0.060544
0.127996
0.141827
0.059032
0.078516
0.061711
0.077416
0.090219
0.41088
0.407178
0.207128
0.066815
0.082467
0.097975
0.100749
0.047356
0.4159
0.109355
0.094271
0.108904
0.071294
0.079869
0.162689
0.043889
0.125182
0.062714
0.198904
0.083975
0.090643
0.050548
0.071468
0.112322
0.303621
0.44961
0.052468
0.132826
0.07618
0.095727
0.289619
0.045324
0.367537
0.104667
0.087504
0.069877
0.316918
0.069262
0.104425
0.075987
0.071263
0.070792
0.152297
0.102358
0.095383
0.118098
0.099465
0.067576
0.147722
0.069443
0.108611
0.045637
0.092571
0.058216
0.078371
0.050176
0.055572
0.065698
0.104598
0.076586
0.199137
0.236531
0.149774
0.130149
0.098296
0.083927
0.217078
0.062737
0.049433
0.077884
0.082249
0.483697
0.062563
0.119288
0.279979
0.103639
0.218672
0.063365
0.111952
0.133237
0.083082
0.069689
0.205752
0.218963
0.114064
0.146994
0.40221
0.25867
0.29546
0.186275
0.119029
0.095147
0.053884
0.188855
0.093388
0.098057
0.133336
0.061643
0.100205
0.079599
0.071599
0.073739
0.062027
0.135042
0.062658
0.112926
0.045851
0.069031
0.338338
0.106964
0.165029
0.246047
0.32405
0.086138
0.052163
0.226649
0.072421
0.065811
0.040169
0.154103
0.085272
0.061539
0.077428
0.111132
0.154343
0.065862
0.116215
0.224208
0.081075
0.113635
0.159236
0.078579
0.111945
0.143841
0.08964
0.147901
0.048155
0.260337
0.054737
0.081841
0.151266
0.133932
0.099525
0.052297
0.580828
0.117012
0.108235
0.170001
0.098208
0.080488
0.281847
0.057383
0.280206
0.137178
0.076755
0.057215
0.046717
0.105251
0.149166
0.081783
0.057151
0.136279
0.058226
0.07515
0.045497
0.095986
0.268886
0.097598
0.076671
0.054188
0.091007
0.161081
0.227866
0.114641
0.053403
0.070971
0.069992
0.130118
0.050366
0.068192
0.042909
0.067268
0.065498
0.083457
0.395335
0.085894
0.047907
0.106759
0.080846
0.119008
0.119363
0.096683
0.061725
0.059459
0.688023
0.061664
0.112617
0.105262
0.082864
0.055748
0.09162
0.183654
0.421891
0.107099
0.120233
0.07714
0.052512
0.062816
0.640923
0.099124
0.351371
0.046937
0.184662
0.210721
0.197401
0.084061
0.070289
0.101096
0.114728
0.284203
0.147505
0.170789
0.20866
0.186904
0.073204
0.069439
0.047017
0.04518
0.110354
0.075015
0.106106
0.05097
0.106318
0.153334
0.157515
0.07147
0.382416
0.054013
0.335663
0.062042
0.067971
0.613417
0.061566
0.059798
0.072381
0.092794
0.173687
0.076023
0.066751
0.07702
0.242662
0.064467
0.117193
0.076242
0.071882
0.064831
0.0404
0.106749
0.103532
0.071867
0.0658
0.0464
0.051797
0.180806
0.080256
0.046822
0.038145
0.075687
0.072868
0.132417
0.103929
0.882032
0.069598
0.694062
0.06803
0.078041
0.053832
0.275019
0.086634
0.179699
0.304071
0.066433
0.582808
0.807744
0.088817
0.109775
0.047602
0.057848
0.076655
0.096942
0.586297
0.078256
0.19084
0.093322
0.065593
0.073697
0.048868
0.078367
0.061943
0.138608
0.115674
0.072417
0.071237
0.043221
0.098037
0.091719
0.099961
0.117248
0.142923
0.077356
0.048396
0.07371
0.158814
0.188402
0.115763
0.061972
0.087704
0.177478
0.10778
0.065131
0.394709
0.051479
0.107506
0.091069
0.081797
0.332951
0.11977
0.192916
0.082988
0.071733
0.080802
0.174774
0.046055
0.066375
0.062773
0.08359
0.346792
0.245532
0.058034
0.069552
0.08407
0.063529
0.362634
0.075305
0.066626
0.05469
0.059448
0.06042
0.182263
0.063758
0.058011
0.038332
0.075771
0.072635
0.048902
0.054665
0.062381
0.04694
0.038737
0.106267
0.074749
0.043036
0.178713
0.103769
0.083568
0.136281
0.105604
0.079744
0.214034
0.711296
0.090131
0.095087
0.169064
0.070787
0.111074
0.088016
0.093698
0.044663
0.092616
0.174079
0.082502
0.05103
0.169727
0.476914
0.032979
0.123227
0.064546
0.147145
0.084109
0.448561
0.063252
0.067622
0.166428
0.096626
0.08597
0.164404
0.114038
0.106571
0.095301
0.143639
0.257937
0.079095
0.044226
0.288531
0.181163
0.084325
0.133627
0.101592
0.064891
0.130394
0.109205
0.114481
0.085774
0.188805
0.06453
0.125552
0.076529
0.582303
0.032953
0.068661
0.100699
0.109004
0.138609
0.076095
0.077501
0.086397
0.067698
0.105236
0.064684
0.127634
0.169115
0.135132
0.049675
0.056412
0.109477
0.318338
0.198481
0.456167
0.133426
0.04532
0.102277
0.104789
0.215631
0.074409
0.066198
0.213436
0.145458
0.079817
0.089819
0.096887
0.0603
0.181344
0.337428
0.110447
0.126398
0.513246
0.111005
0.045631
0.250053
0.52158
0.042428
0.153148
0.155711
0.064465
0.506381
0.124889
0.041447
0.147439
0.085089
0.253635
0.070556
0.107812
0.089729
0.035542
0.054659
0.050711
0.046258
0.19192
0.499275
0.06733
0.604767
0.074405
0.067554
0.06872
0.042278
0.112323
0.123227
0.175668
0.077718
0.060832
0.079589
0.159329
0.260695
0.07877
0.091148
0.239318
0.051121
0.072379
0.372509
0.073484
0.154765
0.081881
0.086637
0.606896
0.051233
0.053244
0.070755
0.064922
0.054275
0.120304
0.107132
0.067005
0.044197
0.071353
0.097034
0.139055
0.061667
0.267807
0.049261
0.075242
0.075948
0.093325
0.585004
0.431812
0.071333
0.080014
0.053922
0.068766
0.041761
0.071913
0.102914
0.067035
0.076673
0.138482
0.260937
0.078903
0.060466
0.172985
0.066733
0.033881
0.126475
0.107105
0.134467
0.057689
0.322632
0.078481
0.108066
0.082967
0.050543
0.77113
0.068877
0.067597
0.066575
0.17599
0.047401
0.059651
0.186777
0.050413
0.056304
0.173398
0.096397
0.0444
0.113584
0.102831
0.060599
0.088425
0.177105
0.174457
0.080933
0.164955
0.109802
0.108614
0.082518
0.074689
0.056149
0.078846
0.467476
0.112986
0.08632
0.073905
0.127903
0.07592
0.065057
0.039851
0.081503
0.148071
0.062618
0.209124
0.409724
0.05745
0.514285
0.080903
0.091161
0.050605
0.052336
0.068583
0.064661
0.122647
0.09011
0.328245
0.0572
0.084884
0.059417
0.143245
0.073319
0.939824
0.075772
0.09836
0.118481
0.706907
0.266718
0.086548
0.050485
0.099963
0.07266
0.073608
0.05881
0.112189
0.23825
0.068286
0.181479
0.053948
0.158548
0.045756
0.346216
0.565088
0.076897
0.050994
0.105833
0.066818
0.152704
0.071077
0.201592
0.114319
0.089687
0.043872
0.061387
0.097144
0.307435
0.066403
0.084034
0.05462
0.113833
0.068515
0.480111
0.048284
0.048919
0.582304
0.181297
0.078282
0.190962
0.798273
0.069086
0.1169
0.106338
0.280209
0.075412
0.087552
0.057891
0.108969
0.148662
0.059283
0.076993
0.049398
0.071549
0.054786
0.173643
0.189709
0.074715
0.373914
0.176707
0.073877
0.197874
0.067331
0.094644
0.097343
0.085155
0.090999
0.130127
0.079612
0.095889
0.570057
0.067751
0.168834
0.059626
0.087506
0.064381
0.259206
0.112095
0.063947
0.037662
0.086898
0.063417
0.121423
0.044094
0.055342
0.035958
0.074901
0.118971
0.086105
0.151023
0.072843
0.074547
0.087715
0.594967
0.1961
0.115228
0.061941
0.090772
0.126525
0.45902
0.087323
0.079379
0.47542
0.12412
0.279955
0.061916
0.059311
0.496112
0.356273
0.320851
0.043049
0.070166
0.090062
0.128149
0.042671
0.111952
0.049148
0.048975
0.109901
0.069132
0.209902
0.196852
0.104348
0.476183
0.074122
0.053005
0.086884
0.061272
0.041951
0.047666
0.14677
0.202743
0.065501
0.098135
0.118069
0.094745
0.55612
0.067666
0.06205
0.048775
0.05477
0.029149
0.06972
0.057565
0.075864
0.144369
0.088213
0.056208
0.113672
0.126141
0.106598
0.121551
0.352146
0.072818
0.166693
0.094609
0.086045
0.062212
0.519953
0.19008
0.177093
0.057362
0.057481
0.077823
0.326027
0.07494
0.089201
0.049927
0.043764
0.06538
0.05847
0.052502
0.211585
0.20208
0.035638
0.08556
0.896981
0.092604
0.11075
0.101634
0.182125
0.148929
0.091179
0.106309
0.218295
0.181513
0.052186
0.076033
0.303157
0.065946
0.065741
0.436625
0.092493
0.11721
0.084822
0.042164
0.133956
0.315053
0.184605
0.0649
0.191919
0.092779
0.07742
0.485471
0.07181
0.054079
0.057263
0.058165
0.120389
0.06238
0.112472
0.081505
0.062911
0.411039
0.064141
0.095031
0.291229
0.117252
0.263923
0.403338
0.091162
0.049823
0.670197
0.064808
0.09254
0.066586
0.049477
0.147397
0.082101
0.073146
0.069626
0.069889
0.734282
0.050556
0.06146
0.05734
0.047131
0.084189
0.230323
0.041719
0.080205
0.044911
0.057418
0.114538
0.131642
0.053475
0.078138
0.212682
0.070714
0.041903
0.096333
0.089205
0.074549
0.1663
0.073286
0.133711
0.376953
0.569251
0.04983
0.527815
0.058879
0.034676
0.240154
0.047057
0.057
0.167103
0.05046
0.078576
0.045247
0.074335
0.041618
0.094269
0.600208
0.137513
0.11874
0.061015
0.071316
0.057459
0.089275
0.689935
0.046968
0.287943
0.140724
0.038304
0.063408
0.092257
0.07249
0.080829
0.098513
0.11618
0.04155
0.095925
0.075159
0.033698
0.238671
0.116772
0.049921
0.081232
0.076935
0.047313
0.062659
0.100876
0.714675
0.069642
0.057616
0.505752
0.06028
0.066434
0.081089
0.092304
0.098731
0.037049
0.153313
0.055842
0.042049
0.111059
0.063375
0.048166
0.054621
0.053988
0.15591
0.057194
0.065458
0.052199
0.33262
0.041907
0.074088
0.093937
0.086803
0.081336
0.190757
0.687472
0.095607
0.184567
0.188139
0.055294
0.247764
0.214076
0.094749
0.038207
0.210315
0.811038
0.0869
0.239834
0.048672
0.57637
0.087256
0.081342
0.090343
0.068174
0.070883
0.044865
0.106725
0.063225
0.393636
0.066738
0.389705
0.539503
0.042316
0.066494
0.045391
0.079835
0.064449
0.322737
0.092325
0.101389
0.141758
0.056912
0.076298
0.062298
0.043759
0.465711
0.12583
0.43585
0.083707
0.106923
0.467525
0.296619
0.077669
0.059915
0.054262
0.241855
0.067163
0.078219
0.081118
0.04152
0.111407
0.203806
0.360501
0.052964
0.222157
0.675038
0.067959
0.123383
0.127494
0.092703
0.494607
0.114844
0.074296
0.052022
0.123347
0.164163
0.219014
0.07044
0.057558
0.060924
0.08479
0.096599
0.06262
0.04904
0.108335
0.05848
0.092517
0.041766
0.153785
0.429042
0.078024
0.095783
0.076547
0.08747
0.079813
0.063637
0.082738
0.047522
0.094725
0.088531
0.261889
0.072786
0.0509
0.377123
0.139461
0.06529
0.087291
0.114269
0.089574
0.319691
0.36911
0.388987
0.070381
0.039908
0.387128
0.109644
0.253506
0.057995
0.126485
0.052389
0.083751
0.081051
0.035475
0.083705
0.065385
0.102536
0.047981
0.065574
0.04556
0.061425
0.142086
0.073675
0.077561
0.090093
0.106287
0.19537
0.079721
0.157672
0.127314
0.207561
0.059292
0.084395
0.09381
0.103813
0.058395
0.074061
0.079489
0.477378
0.309535
0.077319
0.050338
0.111717
0.802757
0.070811
0.154719
0.079713
0.334
0.060209
0.066229
0.058039
0.171949
0.048506
0.075731
0.384669
0.054555
0.073703
0.334052
0.063295
0.067476
0.299868
0.08352
0.094364
0.059561
0.110779
0.287768
0.662256
0.304869
0.104567
0.268986
0.058237
0.255979
0.178286
0.04082
0.1384
0.078636
0.548035
0.104398
0.10397
0.207291
0.054044
0.070591
0.10804
0.052298
0.098061
0.080713
0.061073
0.059528
0.880844
0.318088
0.433758
0.202166
0.161384
0.126332
0.554197
0.154578
0.123618
0.071061
0.157468
0.041018
0.086719
0.102025
0.084393
0.055183
0.105214
0.284896
0.286963
0.128432
0.066659
0.181892
0.097651
0.042618
0.037858
0.061188
0.577145
0.038675
0.22881
0.058972
0.133794
0.10197
0.439787
0.188818
0.08895
0.072245
0.049884
0.183854
0.311546
0.068309
0.097358
0.222155
0.254669
0.059706
0.083532
0.092194
0.139691
0.125934
0.077821
0.118643
0.069775
0.063938
0.041792
0.044039
0.037625
0.715887
0.161354
0.204883
0.089898
0.050917
0.238057
0.053746
0.058048
0.37082
0.07483
0.146085
0.06625
0.074963
0.144253
0.057683
0.317076
0.22712
0.044613
0.109558
0.689858
0.123701
0.051731
0.162022
0.073424
0.033942
0.224511
0.037752
0.564562
0.038736
0.091193
0.210929
0.568823
0.186509
0.058939
0.082424
0.042895
0.104063
0.09386
0.15324
0.079778
0.179327
0.059506
0.063231
0.054776
0.059821
0.181774
0.065663
0.103996
0.280358
0.081687
0.575167
0.075528
0.139554
0.079675
0.299461
0.171758
0.321466
0.082359
0.074672
0.105449
0.06878
0.07838
0.167209
0.087295
0.053706
0.056292
0.083072
0.068661
0.045892
0.1041
0.212216
0.063006
0.104365
0.470116
0.07151
0.165846
0.069601
0.101496
0.058181
0.056043
0.047912
0.229164
0.06378
0.086778
0.09282
0.065874
0.04316
0.158022
0.150612
0.072691
0.103099
0.066632
0.121388
0.169716
0.110065
0.069879
0.074809
0.064479
0.093478
0.052524
0.469766
0.279141
0.040563
0.064343
0.263219
0.046008
0.035149
0.073399
0.070788
0.842232
0.06068
0.07023
0.044682
0.053377
0.052082
0.672956
0.069718
0.060376
0.235778
0.239594
0.106024
0.705173
0.044833
0.069852
0.098801
0.497376
0.090419
0.058259
0.077002
0.39979
0.790001
0.152772
0.067028
0.075205
0.121941
0.054911
0.253645
0.362684
0.084584
0.243187
0.298052
0.527338
0.060472
0.090122
0.080221
0.14763
0.083546
0.050405
0.154648
0.401856
0.055804
0.037974
0.144906
0.816825
0.511948
0.200229
0.218462
0.053138
0.9091
0.242292
0.300947
0.062027
0.037392
0.065724
0.12526
0.309718
0.349499
0.06843
0.059439
0.041914
0.072808
0.068424
0.067153
0.093813
0.199892
0.057745
0.166225
0.071229
0.042801
0.187605
0.12401
0.190875
0.091812
0.32418
0.107195
0.052893
0.05539
0.150833
0.03614
0.088202
0.054186
0.05878
0.03691
0.131254
0.422089
0.342836
0.325509
0.047409
0.063332
0.05607
0.315199
0.20407
0.110857
0.154528
0.121952
0.159506
0.082387
0.067695
0.405128
0.077249
0.237791
0.066272
0.089698
0.158291
0.051454
0.039952
0.111237
0.093392
0.067511
0.342241
0.07973
0.080656
0.242813
0.074059
0.074777
0.279794
0.067568
0.257508
0.031404
0.049926
0.093853
0.0817
0.0815
0.074647
0.207116
0.047743
0.057129
0.087928
0.040935
0.077124
0.075965
0.070484
0.123164
0.661402
0.414554
0.044543
0.057083
0.058587
0.058302
0.119474
0.067009
0.069113
0.348431
0.045006
0.043556
0.065424
0.060468
0.069284
0.245647
0.054822
0.076893
0.06449
0.074493
0.046914
0.058756
0.04859
0.767834
0.060191
0.10134
0.092185
0.120175
0.055114
0.331127
0.503463
0.050204
0.042097
0.058126
0.055802
0.048856
0.063969
0.221111
0.195813
0.076214
0.197728
0.551923
0.113741
0.061473
0.193536
0.18347
0.127323
0.060022
0.081038
0.121028
0.05347
0.055984
0.028172
0.144132
0.344344
0.22762
0.135039
0.087246
0.0791
0.09214
0.232132
0.204138
0.077569
0.186465
0.140756
0.323685
0.122437
0.058399
0.072188
0.570329
0.088642
0.067234
0.050462
0.176626
0.194224
0.109925
0.127687
0.4645
0.189673
0.858464
0.154399
0.06258
0.30686
0.08687
0.935234
0.140808
0.049163
0.065892
0.185012
0.064102
0.134678
0.230888
0.05732
0.102659
0.092072
0.062357
0.062942
0.127707
0.066406
0.090874
0.320652
0.410892
0.096947
0.092287
0.12066
0.03709
0.08642
0.223313
0.500853
0.065408
0.075312
0.113057
0.08348
0.236651
0.086163
0.370292
0.048759
0.694682
0.044075
0.121949
0.051747
0.093513
0.094684
0.05493
0.05599
0.229711
0.107552
0.053987
0.323604
0.462887
0.149947
0.217544
0.143114
0.040832
0.055591
0.081041
0.243713
0.041843
0.037806
0.138919
0.17992
0.117369
0.082492
0.169725
0.082638
0.227532
0.142903
0.150442
0.055058
0.089056
0.058892
0.064646
0.088551
0.035979
0.126555
0.046441
0.894101
0.064131
0.094139
0.138958
0.099099
0.1554
0.034329
0.190815
0.07732
0.082688
0.132026
0.052473
0.107181
0.055423
0.412224
0.075338
0.054656
0.056651
0.400169
0.045146
0.061276
0.107384
0.11132
0.061666
0.091245
0.072097
0.070939
0.065912
0.075369
0.080927
0.057191
0.383433
0.163997
0.04895
0.097763
0.136981
0.330846
0.071731
0.07879
0.090258
0.117334
0.083175
0.075361
0.249058
0.396427
0.082015
0.061304
0.062494
0.07933
0.152722
0.073568
0.043483
0.045449
0.057532
0.191558
0.06729
0.078781
0.69333
0.085982
0.051716
0.953311
0.141862
0.273405
0.076895
0.849683
0.046787
0.063434
0.090481
0.18802
0.048671
0.067755
0.167599
0.075322
0.054864
0.04119
0.079312
0.123023
0.270627
0.060435
0.095413
0.040109
0.038244
0.060316
0.095831
0.048404
0.101151
0.595633
0.042967
0.101039
0.069596
0.053893
0.03847
0.041824
0.050296
0.055507
0.084296
0.845887
0.202659
0.064201
0.043173
0.047497
0.074825
0.064787
0.08305
0.075238
0.14144
0.203584
0.061578
0.174391
0.220739
0.266399
0.058356
0.374387
0.087717
0.32646
0.045453
0.531273
0.811769
0.135813
0.221163
0.237202
0.050057
0.272132
0.039639
0.05435
0.071158
0.298141
0.142965
0.032243
0.053076
0.313215
0.169595
0.07259
0.081093
0.048366
0.092269
0.043628
0.093213
0.092923
0.737452
0.109598
0.057348
0.068127
0.058073
0.170265
0.15911
0.064079
0.074003
0.144005
0.102053
0.355383
0.232091
0.056364
0.212313
0.205417
0.120354
0.067692
0.370302
0.095512
0.076273
0.259827
0.042359
0.083123
0.048255
0.090997
0.084926
0.279457
0.073672
0.082353
0.054821
0.108944
0.052777
0.220433
0.054862
0.408795
0.167198
0.076599
0.170502
0.056904
0.056734
0.121408
0.660098
0.05909
0.0969
0.035114
0.056654
0.165828
0.095264
0.205292
0.116798
0.080404
0.749813
0.067239
0.104982
0.042075
0.049712
0.066456
0.059723
0.768977
0.051494
0.043177
0.093338
0.25616
0.18851
0.124879
0.080092
0.151681
0.053795
0.098495
0.080978
0.06927
0.081217
0.107857
0.135554
0.249012
0.089068
0.042154
0.079296
0.064442
0.052437
0.036894
0.056848
0.057235
0.104301
0.047267
0.054969
0.077573
0.072936
0.164471
0.065893
0.76314
0.51144
0.245911
0.161769
0.183669
0.069701
0.195245
0.088717
0.044992
0.812413
0.090039
0.044973
0.107331
0.342716
0.122181
0.099831
0.164439
0.308906
0.087546
0.098043
0.114374
0.02793
0.071473
0.06352
0.210333
0.210478
0.050886
0.648797
0.073716
0.114985
0.059719
0.040154
0.095151
0.065672
0.462795
0.357466
0.06315
0.054026
0.449258
0.137423
0.077399
0.081603
0.452043
0.92046
0.154947
0.083522
0.061724
0.114351
0.053985
0.057721
0.186844
0.104504
0.171195
0.103424
0.062557
0.452587
0.032147
0.333197
0.062937
0.5199
0.040724
0.058747
0.510831
0.094082
0.104571
0.081437
0.123478
0.041102
0.045086
0.300846
0.07346
0.046778
0.085542
0.13048
0.072303
0.073635
0.079974
0.146766
0.044909
0.117888
0.617052
0.054146
0.069734
0.07864
0.089809
0.539655
0.067689
0.343138
0.495377
0.084727
0.045287
0.054341
0.074849
0.078663
0.134489
0.041527
0.090107
0.066045
0.07035
0.054398
0.068222
0.072704
0.056137
0.068975
0.064942
0.070925
0.093552
0.041239
0.072352
0.314172
0.440785
0.077942
0.564935
0.068993
0.123955
0.079444
0.080189
0.228651
0.330207
0.071989
0.232824
0.075434
0.057865
0.507778
0.286208
0.279082
0.214754
0.086075
0.077613
0.066071
0.031441
0.055701
0.075313
0.157784
0.048281
0.394494
0.060724
0.116244
0.134698
0.068619
0.065718
0.087688
0.090027
0.108406
0.054137
0.085631
0.088877
0.077325
0.120558
0.058613
0.084879
0.072934
0.071609
0.034831
0.133944
0.398165
0.162901
0.082717
0.084043
0.042235
0.140706
0.159809
0.058507
0.056697
0.164052
0.087724
0.118408
0.06609
0.079094
0.047588
0.063158
0.096987
0.350845
0.069252
0.050751
0.523933
0.104036
0.068926
0.478542
0.056887
0.07161
0.072084
0.724928
0.08423
0.122837
0.163765
0.101581
0.099314
0.327065
0.068652
0.069796
0.520874
0.060509
0.078843
0.087442
0.123702
0.383926
0.449609
0.944725
0.038585
0.052599
0.147006
0.117363
0.042973
0.041787
0.071088
0.095344
0.065668
0.116108
0.059656
0.148208
0.052216
0.912264
0.523484
0.084609
0.12032
0.073168
0.108788
0.072936
0.059366
0.081409
0.208383
0.111654
0.089255
0.049692
0.890971
0.445402
0.064811
0.302186
0.054164
0.165001
0.298537
0.067316
0.037608
0.090507
0.086173
0.078911
0.060266
0.167735
0.162034
0.063204
0.059976
0.133883
0.154591
0.343454
0.299589
0.056231
0.051203
0.165794
0.043864
0.386003
0.076001
0.047879
0.054049
0.372585
0.245391
0.042164
0.045265
0.063468
0.079467
0.044499
0.055766
0.044938
0.169003
0.103461
0.077899
0.222012
0.257698
0.380411
0.399255
0.111018
0.076193
0.081596
0.064556
0.066262
0.039914
0.060666
0.075993
0.380401
0.069786
0.230735
0.281787
0.068986
0.15046
0.081116
0.04837
0.078861
0.053994
0.427898
0.25302
0.091637
0.070316
0.489521
0.170667
0.063497
0.25694
0.041992
0.507146
0.235985
0.040151
0.378614
0.088008
0.093307
0.05674
0.590595
0.303037
0.078269
0.147005
0.048681
0.110022
0.098986
0.434348
0.074438
0.096407
0.062012
0.308969
0.066728
0.082389
0.072509
0.054632
0.104878
0.199113
0.355567
0.105903
0.376435
0.057137
0.117776
0.362429
0.229652
0.090736
0.247525
0.127026
0.470362
0.060987
0.055667
0.158054
0.072749
0.060149
0.311644
0.049545
0.039484
0.188241
0.101816
0.383433
0.123105
0.084727
0.156774
0.058677
0.244178
0.051789
0.056405
0.126476
0.25719
0.083641
0.04653
0.232378
0.103706
0.083831
0.631091
0.392439
0.39851
0.062428
0.05038
0.053573
0.0943
0.062526
0.21143
0.121971
0.186412
0.07257
0.339819
0.862357
0.080259
0.058647
0.068921
0.053087
0.118324
0.095596
0.132426
0.745049
0.178997
0.062814
0.20677
0.165976
0.040017
0.066334
0.258885
0.093027
0.027007
0.094267
0.143151
0.112136
0.245645
0.071134
0.098189
0.470911
0.15003
0.113133
0.060954
0.310715
0.049448
0.076589
0.083301
0.268085
0.072156
0.076702
0.07625
0.120019
0.066528
0.054559
0.396378
0.275851
0.082954
0.100718
0.067335
0.10966
0.067777
0.143449
0.324749
0.04961
0.269552
0.304923
0.078661
0.097698
0.114525
0.051139
0.114892
0.136319
0.066103
0.083467
0.144211
0.161589
0.098078
0.049416
0.08855
0.062674
0.077805
0.09247
0.227652
0.040202
0.660075
0.698683
0.071844
0.067596
0.931362
0.107648
0.373188
0.200573
0.169355
0.036187
0.085365
0.037128
0.061285
0.168875
0.080725
0.356293
0.495028
0.220944
0.085021
0.073224
0.095236
0.523347
0.288335
0.19885
0.047412
0.948513
0.257701
0.129751
0.034471
0.036781
0.067546
0.231651
0.174748
0.240443
0.055337
0.063059
0.080862
0.224712
0.045216
0.084519
0.060831
0.146027
0.075035
0.184996
0.061001
0.30923
0.037714
0.286001
0.284236
0.07104
0.505769
0.608046
0.860432
0.180564
0.068627
0.248377
0.708475
0.04096
0.078207
0.087553
0.284125
0.056269
0.052504
0.049862
0.434023
0.052525
0.082209
0.041473
0.214422
0.055846
0.061668
0.058761
0.072548
0.108993
0.142572
0.268695
0.048491
0.042783
0.082933
0.038903
0.305967
0.060869
0.351749
0.050632
0.096253
0.053303
0.780742
0.067209
0.677535
0.077224
0.078765
0.059439
0.17081
0.05765
0.041009
0.359803
0.091539
0.052546
0.083272
0.263199
0.109803
0.06607
0.28537
0.107096
0.129284
0.086249
0.053676
0.234387
0.039026
0.126045
0.140295
0.175557
0.107566
0.109996
0.032078
0.061602
0.039419
0.163684
0.134362
0.082489
0.054805
0.236791
0.180965
0.077948
0.050515
0.097767
0.110024
0.400382
0.122134
0.050138
0.075885
0.409857
0.080591
0.134938
0.163656
0.086591
0.36283
0.082702
0.057431
0.067815
0.050933
0.646216
0.221496
0.488974
0.072847
0.136303
0.066455
0.057072
0.334309
0.056911
0.489445
0.061042
0.176201
0.722922
0.056864
0.065886
0.171795
0.047982
0.041854
0.066613
0.139844
0.042872
0.378109
0.114007
0.065217
0.037143
0.489656
0.942742
0.075763
0.472575
0.041411
0.194005
0.070096
0.068553
0.630202
0.736698
0.06969
0.261999
0.61129
0.055647
0.774618
0.051694
0.122478
0.058572
0.073365
0.086224
0.157036
0.060334
0.105421
0.053742
0.064838
0.226509
0.356637
0.045505
0.607084
0.293648
0.061871
0.307202
0.885628
0.176791
0.702936
0.051433
0.418709
0.099406
0.090582
0.076051
0.08618
0.067337
0.047304
0.122569
0.078478
0.955395
0.062201
0.03606
0.13959
0.040548
0.042793
0.092925
0.283108
0.397531
0.037624
0.046484
0.060856
0.133114
0.330374
0.082689
0.090514
0.069742
0.137424
0.067094
0.065019
0.141293
0.070816
0.174096
0.922728
0.066199
0.478904
0.044626
0.091923
0.123885
0.068592
0.059276
0.048311
0.102794
0.151652
0.077556
0.072023
0.068305
0.222771
0.798648
0.040063
0.03639
0.039352
0.059654
0.159079
0.106263
0.054698
0.05527
0.093258
0.45448
0.09582
0.048254
0.065006
0.067239
0.26038
0.089782
0.080225
0.203615
0.15719
0.08571
0.078307
0.104189
0.431644
0.058322
0.294498
0.0731
0.100303
0.054991
0.060675
0.70501
0.046981
0.055354
0.991214
0.503486
0.051598
0.144926
0.534423
0.315134
0.049449
0.04555
0.058252
0.068837
0.066542
0.06407
0.250227
0.089856
0.767689
0.04157
0.126114
0.041815
0.089167
0.085954
0.289751
0.061044
0.091007
0.038577
0.069494
0.072605
0.04467
0.054476
0.114057
0.068649
0.060426
0.119573
0.055423
0.256483
0.056804
0.08517
0.052787
0.12511
0.053947
0.045238
0.072426
0.095972
0.605817
0.079365
0.059075
0.042596
0.227202
0.030377
0.164275
0.036637
0.90598
0.164819
0.087796
0.069457
0.043342
0.211699
0.124756
0.14397
0.471378
0.075828
0.044575
0.139462
0.074213
0.144588
0.066309
0.054232
0.660233
0.080563
0.06978
0.206324
0.083419
0.076123
0.034254
0.175624
0.147712
0.059601
0.221495
0.163591
0.102119
0.077713
0.064375
0.038783
0.072302
0.114178
0.045282
0.640383
0.048603
0.132298
0.276057
0.058838
0.281103
0.607798
0.140173
0.038405
0.094349
0.202619
0.516659
0.044045
0.077601
0.050838
0.107116
0.060995
0.118902
0.05313
0.247146
0.114902
0.062692
0.067659
0.066579
0.148304
0.071251
0.092182
0.456426
0.166111
0.058237
0.060133
0.036879
0.89054
0.06613
0.497181
0.722554
0.094428
0.459266
0.307932
0.263256
0.049449
0.169962
0.053094
0.12919
0.052911
0.139356
0.12105
0.043463
0.282749
0.058004
0.651021
0.392791
0.050971
0.177676
0.046986
0.06192
0.075757
0.057914
0.444249
0.07634
0.324057
0.053943
0.180071
0.068
0.094088
0.10102
0.187873
0.087543
0.124485
0.405779
0.075645
0.164039
0.032414
0.11354
0.03998
0.360179
0.03734
0.081313
0.0773
0.332834
0.080208
0.050272
0.052407
0.298363
0.087824
0.26855
0.387499
0.414911
0.654848
0.068943
0.886019
0.09466
0.044579
0.203742
0.301709
0.07595
0.096557
0.362906
0.054737
0.105189
0.066903
0.042476
0.285247
0.058627
0.418874
0.165369
0.676337
0.267111
0.073025
0.098149
0.039881
0.098875
0.153996
0.175956
0.066492
0.046456
0.183776
0.04398
0.082787
0.139246
0.164326
0.185886
0.035639
0.338032
0.047775
0.081291
0.197428
0.27184
0.12504
0.27749
0.054307
0.078146
0.779655
0.220848
0.041294
0.42789
0.105245
0.142038
0.034233
0.045045
0.125679
0.064039
0.164056
0.06429
0.070015
0.210766
0.048942
0.245949
0.112197
0.066849
0.129077
0.139104
0.039502
0.171847
0.181829
0.161901
0.085215
0.487924
0.133333
0.041696
0.054415
0.142579
0.477387
0.059659
0.100425
0.094357
0.044695
0.048142
0.089219
0.13085
0.064038
0.105838
0.094939
0.128801
0.062855
0.056054
0.091422
0.162361
0.278805
0.419869
0.126854
0.036455
0.069483
0.056016
0.222432
0.100714
0.267282
0.08449
0.077169
0.143987
0.076564
0.093481
0.503145
0.898751
0.060963
0.091403
0.154075
0.073624
0.044638
0.040591
0.145438
0.118301
0.250598
0.600578
0.039253
0.05282
0.480594
0.114819
0.435658
0.37295
0.06836
0.046298
0.173244
0.049994
0.393913
0.150527
0.452734
0.064618
0.143164
0.050867
0.098648
0.09181
0.26178
0.039246
0.052277
0.038039
0.218089
0.037121
0.246123
0.086673
0.633069
0.146045
0.053502
0.099343
0.117227
0.853632
0.091505
0.076146
0.097804
0.069474
0.208839
0.056068
0.063825
0.115503
0.24211
0.077621
0.046611
0.078766
0.163318
0.188732
0.040217
0.239014
0.266814
0.114541
0.297176
0.051776
0.182991
0.044081
0.102648
0.095257
0.34816
0.387829
0.058298
0.222309
0.074501
0.057765
0.222547
0.174027
0.155567
0.486102
0.162781
0.050792
0.037667
0.350556
0.05136
0.043386
0.064409
0.268992
0.403185
0.298971
0.071489
0.062398
0.054912
0.090482
0.275116
0.041643
0.37398
0.044136
0.060888
0.095205
0.0472
0.091306
0.104171
0.06883
0.307659
0.109307
0.092856
0.413951
0.046633
0.274212
0.085655
0.080914
0.044098
0.110614
0.056171
0.130063
0.097412
0.038571
0.060522
0.040419
0.286756
0.113514
0.040912
0.226241
0.171838
0.044564
0.355835
0.282942
0.172571
0.109147
0.062404
0.051014
0.046572
0.050662
0.056373
0.071007
0.053542
0.032749
0.2765
0.199057
0.475712
0.426726
0.159026
0.053014
0.186303
0.066379
0.296625
0.268414
0.155056
0.531317
0.694612
0.198344
0.071376
0.067085
0.102772
0.560178
0.03983
0.035879
0.291336
0.046973
0.065389
0.106737
0.46309
0.05808
0.065176
0.054541
0.436856
0.117595
0.046669
0.187916
0.083932
0.102409
0.209949
0.162032
0.124613
0.043883
0.087587
0.072987
0.061048
0.128812
0.056138
0.147369
0.156316
0.293559
0.437836
0.068869
0.056444
0.120746
0.279197
0.121023
0.084016
0.045685
0.042578
0.171153
0.030884
0.055179
0.043663
0.472327
0.057569
0.047105
0.052716
0.108694
0.104485
0.652329
0.059849
0.038556
0.279108
0.045234
0.341772
0.141744
0.059774
0.17765
0.165185
0.065693
0.074388
0.081254
0.06201
0.776224
0.144347
0.227543
0.045813
0.033174
0.295084
0.061024
0.102557
0.073051
0.04977
0.24747
0.079038
0.062804
0.312292
0.119422
0.554913
0.229352
0.169921
0.076147
0.317937
0.076761
0.089559
0.284038
0.251567
0.077436
0.123929
0.784506
0.055031
0.187547
0.246925
0.687376
0.104682
0.415459
0.263899
0.183606
0.060577
0.03784
0.068012
0.465107
0.067157
0.805764
0.049701
0.07568
0.059524
0.759078
0.105778
0.296773
0.146483
0.162294
0.115806
0.155103
0.051451
0.050603
0.079399
0.384795
0.050362
0.198183
0.070187
0.054382
0.069566
0.055434
0.546517
0.059343
0.035915
0.268867
0.093817
0.07506
0.561973
0.09864
0.083269
0.368683
0.10439
0.224814
0.045765
0.182269
0.044929
0.195651
0.096967
0.683289
0.240961
0.089999
0.085345
0.072089
0.111063
0.05029
0.609613
0.071228
0.279489
0.499136
0.218764
0.036421
0.141466
0.071276
0.061068
0.06223
0.086565
0.048223
0.146909
0.149559
0.075456
0.039945
0.056679
0.04813
0.058511
0.050509
0.290877
0.063712
0.171426
0.056805
0.254407
0.044113
0.083186
0.386351
0.079978
0.559732
0.250848
0.402144
0.067892
0.047107
0.041222
0.078126
0.04994
0.081417
0.306249
0.082302
0.058297
0.279163
0.059503
0.442766
0.060247
0.044659
0.062477
0.043881
0.064621
0.150699
0.04533
0.431699
0.114232
0.083138
0.317793
0.072873
0.562511
0.040851
0.279361
0.107125
0.105393
0.072498
0.277123
0.077833
0.631686
0.112223
0.267562
0.072354
0.432446
0.216614
0.068617
0.052124
0.281759
0.109716
0.041871
0.260803
0.067027
0.171388
0.10325
0.084085
0.552222
0.126106
0.21355
0.106218
0.348979
0.125814
0.110685
0.166124
0.059066
0.064479
0.05254
0.08828
0.086905
0.122832
0.089521
0.065664
0.468195
0.044818
0.078185
0.062394
0.33888
0.254796
0.129277
0.038609
0.53668
0.098739
0.14936
0.180595
0.630668
0.177693
0.054741
0.062736
0.038541
0.061366
0.23015
0.319124
0.086597
0.066164
0.086722
0.078815
0.103206
0.057226
0.058773
0.082997
0.036508
0.096309
0.058232
0.10468
0.141095
0.171088
0.051569
0.05169
0.049116
0.263528
0.111288
0.050893
0.272779
0.24128
0.145039
0.391942
0.044093
0.894065
0.714609
0.249654
0.309126
0.040941
0.134113
0.470893
0.407048
0.08413
0.189046
0.051135
0.048256
0.115603
0.060734
0.136577
0.981698
0.079308
0.045542
0.162999
0.049044
0.056628
0.200798
0.467789
0.041323
0.044286
0.093476
0.061988
0.069059
0.088858
0.52282
0.152802
0.082398
0.563734
0.09807
0.514458
0.180638
0.551025
0.336737
0.075953
0.050281
0.215144
0.080763
0.044067
0.3155
0.05201
0.191712
0.289595
0.035738
0.059203
0.149321
0.064202
0.155894
0.349623
0.060929
0.058218
0.055849
0.147998
0.045338
0.120342
0.270749
0.571643
0.051446
0.15975
0.12856
0.817423
0.154914
0.042789
0.090652
0.051566
0.582889
0.063814
0.072598
0.43016
0.041214
0.784675
0.042429
0.240687
0.176907
0.261071
0.829417
0.174436
0.038319
0.299319
0.13068
0.560118
0.054731
0.068798
0.239476
0.603298
0.142367
0.169497
0.078165
0.059699
0.049334
0.436793
0.061708
0.082769
0.129749
0.16228
0.054937
0.085943
0.088084
0.455497
0.171688
0.057653
0.035072
0.057311
0.115802
0.190462
0.08171
0.078656
0.053729
0.107664
0.096251
0.24563
0.043346
0.129004
0.439482
0.042724
0.09951
0.151063
0.073083
0.137843
0.053951
0.041475
0.454128
0.082312
0.07344
0.26194
0.045003
0.054632
0.055488
0.086396
0.049617
0.040106
0.050443
0.093502
0.073602
0.674992
0.133101
0.279234
0.140352
0.054352
0.049343
0.069267
0.084151
0.054392
0.062865
0.255375
0.081621
0.239074
0.043551
0.944048
0.101771
0.134615
0.04147
0.030684
0.045723
0.554722
0.245647
0.12556
0.098734
0.823982
0.073981
0.052912
0.069195
0.32216
0.078679
0.1537
0.064227
0.137271
0.087654
0.065978
0.681182
0.052515
0.586968
0.172388
0.220937
0.58563
0.076078
0.081048
0.14538
0.07523
0.048244
0.178198
0.043735
0.340272
0.289827
0.053574
0.21795
0.027922
0.057452
0.117872
0.392286
0.182857
0.064252
0.052782
0.305197
0.177382
0.036809
0.044286
0.091003
0.126997
0.195646
0.064162
0.570899
0.043939
0.036084
0.057823
0.047742
0.548253
0.144483
0.062838
0.055771
0.074726
0.475848
0.079742
0.130021
0.041877
0.041643
0.133961
0.087657
0.090988
0.059885
0.415536
0.100065
0.205964
0.369865
0.425755
0.523333
0.333404
0.033377
0.411193
0.041923
0.408544
0.120158
0.135719
0.339129
0.131571
0.133915
0.081622
0.117145
0.542377
0.099984
0.054422
0.144989
0.040885
0.061139
0.36825
0.225748
0.038514
0.121829
0.084758
0.164961
0.336182
0.031832
0.056635
0.080426
0.428191
0.197645
0.068649
0.03954
0.073602
0.082188
0.083991
0.188088
0.140724
0.046335
0.065255
0.554501
0.092634
0.169207
0.689731
0.106534
0.206242
0.076033
0.067284
0.061336
0.043122
0.090511
0.15682
0.238194
0.066122
0.094668
0.054446
0.975496
0.759168
0.05558
0.1895
0.791328
0.040913
0.846451
0.177425
0.046841
0.156546
0.224207
0.287559
0.237532
0.128601
0.361915
0.075978
0.05569
0.774072
0.097755
0.244087
0.053012
0.058196
0.058446
0.04326
0.652584
0.348984
0.046333
0.072509
0.211201
0.152419
0.545116
0.076696
0.048765
0.039381
0.026953
0.21403
0.619289
0.074971
0.052582
0.209571
0.084284
0.080071
0.102603
0.253673
0.194628
0.189527
0.081089
0.400558
0.051241
0.085218
0.11724
0.178701
0.095381
0.205385
0.049886
0.165371
0.993669
0.721926
0.132628
0.050216
0.085773
0.133943
0.092658
0.3331
0.183868
0.049922
0.937452
0.119178
0.075921
0.061517
0.252396
0.107631
0.365175
0.077528
0.63593
0.17779
0.071066
0.571685
0.072554
0.053552
0.437576
0.045501
0.117065
0.059863
0.165422
0.04612
0.652653
0.484699
0.415529
0.282144
0.264511
0.057908
0.19209
0.068042
0.083492
0.064065
0.089021
0.454095
0.249158
0.09699
0.074915
0.049087
0.049787
0.392482
0.037796
0.116252
0.517365
0.093964
0.303287
0.050263
0.319493
0.084468
0.064832
0.048389
0.17465
0.057604
0.387757
0.063225
0.067184
0.143401
0.142902
0.02673
0.131765
0.059909
0.160848
0.110788
0.351935
0.109654
0.14388
0.096226
0.03902
0.077355
0.071111
0.056638
0.349229
0.817754
0.026629
0.591977
0.069057
0.03535
0.055542
0.242994
0.035366
0.074671
0.404472
0.147695
0.062714
0.062004
0.042112
0.086741
0.117954
0.282284
0.037656
0.532418
0.198925
0.143592
0.126923
0.149094
0.151923
0.321231
0.054155
0.160834
0.176441
0.064888
0.285798
0.590519
0.041817
0.053259
0.066313
0.039416
0.058442
0.143336
0.192989
0.130269
0.476873
0.107085
0.08702
0.036528
0.193433
0.070996
0.04922
0.081137
0.056322
0.11407
0.260828
0.084139
0.137663
0.887197
0.069626
0.09787
0.048099
0.060181
0.056523
0.442629
0.056113
0.109297
0.082532
0.074188
0.054477
0.063929
0.155779
0.286391
0.053326
0.462308
0.034972
0.1719
0.041471
0.059549
0.124904
0.0613
0.152421
0.386946
0.539791
0.037529
0.046366
0.307839
0.071793
0.309502
0.230495
0.053758
0.118278
0.607441
0.206926
0.092977
0.059305
0.044177
0.236282
0.75704
0.163724
0.047799
0.04594
0.043512
0.069103
0.224483
0.094835
0.059829
0.207898
0.052847
0.384052
0.043093
0.045242
0.433852
0.246888
0.04474
0.130487
0.307002
0.061022
0.171579
0.483692
0.977629
0.192749
0.383772
0.121466
0.382238
0.338554
0.034384
0.133232
0.188371
0.195227
0.053484
0.355609
0.692752
0.16433
0.044325
0.042428
0.286181
0.072481
0.542247
0.724073
0.19956
0.814831
0.141893
0.83916
0.050576
0.71847
0.123445
0.055132
0.065852
0.08824
0.072134
0.099456
0.083392
0.055761
0.047887
0.050049
0.398212
0.081386
0.333672
0.60356
0.147599
0.337149
0.099264
0.431646
0.036228
0.134579
0.034516
0.066562
0.078126
0.07011
0.055991
0.052052
0.132025
0.280308
0.053122
0.128676
0.092217
0.034757
0.293392
0.170926
0.109432
0.050651
0.084479
0.046212
0.35013
0.08087
0.070375
0.45406
0.098491
0.042386
0.633624
0.185537
0.049138
0.045924
0.584495
0.056101
0.066081
0.60621
0.544113
0.029383
0.424795
0.697611
0.280118
0.049063
0.07078
0.120244
0.071119
0.970556
0.091478
0.053037
0.100022
0.060625
0.190047
0.054001
0.891807
0.12658
0.073035
0.044684
0.072745
0.730017
0.175965
0.086381
0.53801
0.404343
0.040782
0.132104
0.07368
0.061944
0.360614
0.382002
0.914344
0.67745
0.379235
0.503191
0.045722
0.239537
0.029231
0.108867
0.146331
0.287615
0.329374
0.339671
0.060617
0.096966
0.045194
0.036297
0.792187
0.032627
0.647516
0.296241
0.839881
0.071389
0.209251
0.261503
0.04396
0.449574
0.064541
0.083165
0.069305
0.151264
0.061442
0.09896
0.076825
0.047566
0.15391
0.06396
0.042506
0.08781
0.842631
0.055303
0.284222
0.048553
0.494296
0.102745
0.423747
0.065665
0.065246
0.094562
0.076119
0.043938
0.05655
0.068634
0.25974
0.110097
0.876558
0.052632
0.0446
0.055481
0.056891
0.047753
0.092888
0.115117
0.213176
0.075546
0.068113
0.50711
0.042355
0.126407
0.070724
0.051395
0.04857
0.193564
0.021829
0.054806
0.254316
0.049815
0.382011
0.075415
0.049955
0.242126
0.70711
0.083021
0.046672
0.137254
0.07758
0.087043
0.037729
0.038594
0.052961
0.098347
0.441732
0.064355
0.05651
0.049093
0.420469
0.212206
0.5117
0.243037
0.441534
0.448858
0.533579
0.15788
0.835758
0.058008
0.476383
0.680046
0.043112
0.306371
0.185845
0.416857
0.205499
0.698963
0.149266
0.062226
0.537019
0.033135
0.068917
0.389173
0.134751
0.067767
0.556649
0.461435
0.235651
0.095305
0.172079
0.762322
0.08622
0.200671
0.537052
0.459327
0.418403
0.450066
0.106401
0.065925
0.178833
0.046666
0.037793
0.841627
0.118022
0.465011
0.423325
0.064059
0.07253
0.256749
0.104967
0.031579
0.128148
0.387753
0.858364
0.063103
0.064077
0.559631
0.040793
0.17835
0.043646
0.565946
0.064568
0.066992
0.040542
0.145625
0.105986
0.073559
0.068038
0.152413
0.106681
0.185378
0.044491
0.064704
0.691986
0.038151
0.070411
0.162866
0.280328
0.031569
0.772755
0.126678
0.10259
0.159684
0.065203
0.093732
0.229528
0.074279
0.053527
0.210777
0.036685
0.152824
0.13383
0.094968
0.204981
0.110613
0.238672
0.085317
0.048882
0.903004
0.881809
0.344652
0.08556
0.031509
0.056889
0.150199
0.094215
0.056333
0.035057
0.067393
0.624572
0.217982
0.078241
0.131454
0.193395
0.072138
0.100271
0.258789
0.038856
0.19115
0.044735
0.06357
0.057469
0.141892
0.292641
0.082292
0.11749
0.196617
0.222378
0.197233
0.196866
0.24879
0.071855
0.042151
0.042082
0.180545
0.074446
0.229056
0.047396
0.052765
0.037987
0.042323
0.152214
0.09733
0.066846
0.085804
0.079484
0.062561
0.038557
0.493537
0.105191
0.030268
0.031535
0.655417
0.0577
0.583655
0.047534
0.115381
0.046241
0.049489
0.14706
0.046581
0.167635
0.285276
0.126568
0.065742
0.110728
0.979329
0.280129
0.058364
0.04219
0.136435
0.700766
0.032984
0.063334
0.154003
0.066733
0.044792
0.229982
0.037811
0.481574
0.115874
0.045141
0.05881
0.080238
0.549311
0.246539
0.065364
0.130801
0.206645
0.707396
0.057105
0.026693
0.099266
0.077365
0.259243
0.061943
0.369301
0.078198
0.162451
0.05324
0.074502
0.216593
0.049326
0.051546
0.130915
0.068227
0.196549
0.75963
0.196781
0.11152
0.247106
0.053324
0.053902
0.860574
0.724095
0.154036
0.061868
0.68681
0.034974
0.052866
0.063661
0.105501
0.129294
0.059098
0.591509
0.047698
0.487769
0.163365
0.114558
0.099348
0.293677
0.24886
0.261102
0.091639
0.617309
0.079708
0.151962
0.2662
0.058216
0.485735
0.104992
0.170295
0.165426
0.244717
0.193714
0.985475
0.046612
0.144299
0.774132
0.060703
0.08951
0.199857
0.04578
0.123457
0.106484
0.079564
0.396996
0.361238
0.034183
0.062272
0.792042
0.054501
0.067116
0.203671
0.039565
0.137671
0.041655
0.408489
0.118188
0.083283
0.245588
0.078236
0.057254
0.056866
0.26532
0.098659
0.837359
0.430988
0.069923
0.185144
0.461401
0.31003
0.099804
0.120734
0.133798
0.035231
0.065496
0.286568
0.820187
0.040573
0.886685
0.093864
0.202597
0.054649
0.119157
0.223146
0.051021
0.395539
0.067694
0.070723
0.247321
0.110692
0.112461
0.226229
0.076636
0.071944
0.366963
0.063643
0.533125
0.048661
0.082555
0.389479
0.054899
0.181978
0.242739
0.13211
0.338077
0.069099
0.094639
0.056684
0.085669
0.056562
0.749217
0.732522
0.323219
0.048518
0.345943
0.350439
0.053584
0.040421
0.05517
0.102891
0.054519
0.045678
0.536366
0.152742
0.056813
0.042852
0.056503
0.083547
0.126325
0.309652
0.230185
0.079933
0.215719
0.786331
0.079675
0.044503
0.12132
0.064603
0.241823
0.327045
0.035419
0.476771
0.045075
0.654374
0.056634
0.055885
0.043699
0.162254
0.040769
0.453406
0.058791
0.053789
0.162344
0.11585
0.047276
0.041732
0.135653
0.878438
0.371882
0.705892
0.045926
0.055831
0.72102
0.055063
0.061696
0.373513
0.069089
0.704571
0.816985
0.049096
0.138287
0.748421
0.105769
0.097336
0.120475
0.09412
0.125744
0.050616
0.075791
0.230625
0.04465
0.043629
0.253161
0.613449
0.786306
0.242086
0.102149
0.243254
0.47664
0.081448
0.073653
0.069733
0.103683
0.296808
0.679627
0.047026
0.046929
0.112506
0.111517
0.576166
0.048891
0.186834
0.11185
0.19019
0.120219
0.05299
0.144986
0.122154
0.039285
0.650811
0.264817
0.124287
0.711751
0.066316
0.071811
0.035475
0.701089
0.041454
0.072673
0.611818
0.068567
0.47233
0.033492
0.152365
0.062241
0.498811
0.042912
0.089977
0.309052
0.635195
0.050719
0.790046
0.561127
0.139471
0.088452
0.07274
0.18735
0.74135
0.036131
0.113581
0.291778
0.04907
0.278355
0.078826
0.142395
0.105982
0.110061
0.201731
0.23488
0.045464
0.240588
0.059039
0.233846
0.082232
0.250851
0.217852
0.517676
0.469212
0.175842
0.961474
0.07438
0.689104
0.133282
0.20005
0.609509
0.09943
0.062742
0.068351
0.154749
0.043008
0.10526
0.181581
0.395159
0.200381
0.070674
0.500059
0.536071
0.331434
0.666942
0.050767
0.040874
0.07056
0.035527
0.050641
0.19047
0.046747
0.123019
0.06969
0.063588
0.474901
0.139908
0.044759
0.046515
0.495241
0.179418
0.715417
0.169771
0.850063
0.717831
0.262339
0.36954
0.044121
0.456514
0.05352
0.262777
0.141919
0.115569
0.041436
0.599012
0.298729
0.172696
0.965344
0.204658
0.050839
0.477373
0.057114
0.089705
0.228765
0.288969
0.147298
0.223456
0.117879
0.201041
0.0374
0.897034
0.401552
0.602255
0.173264
0.750089
0.098929
0.424137
0.041414
0.101935
0.041758
0.138743
0.118211
0.155452
0.040766
0.062774
0.046284
0.125176
0.048563
0.051402
0.923174
0.109269
0.080507
0.780449
0.045423
0.14872
0.783473
0.133783
0.088847
0.275619
0.160074
0.159217
0.048975
0.039878
0.066803
0.215002
0.038004
0.621874
0.518111
0.123833
0.165228
0.412272
0.105103
0.164522
0.031671
0.056022
0.116144
0.373405
0.069451
0.554274
0.335933
0.096956
0.090231
0.054291
0.610289
0.207266
0.677242
0.0747
0.064398
0.254663
0.131485
0.048827
0.928813
0.090819
0.174734
0.046411
0.439714
0.070348
0.100328
0.208746
0.039519
0.141161
0.3196
0.039676
0.086051
0.039185
0.153501
0.050913
0.608326
0.560791
0.159715
0.043351
0.639651
0.090027
0.823817
0.095191
0.037414
0.252852
0.569566
0.06928
0.126452
0.108785
0.262462
0.045833
0.619249
0.066876
0.077678
0.067384
0.131493
0.041458
0.088665
0.198395
0.20318
0.597644
0.155453
0.227337
0.845698
0.071585
0.080138
0.043934
0.299967
0.225909
0.273341
0.082873
0.061279
0.088489
0.173122
0.064087
0.162975
0.475161
0.110144
0.252718
0.138663
0.093892
0.050394
0.203576
0.09433
0.036893
0.06816
0.375844
0.416332
0.804927
0.164748
0.057575
0.050647
0.358162
0.043363
0.123187
0.03549
0.136191
0.057894
0.153228
0.304366
0.095272
0.145748
0.201388
0.052253
0.842916
0.247537
0.230989
0.478969
0.240227
0.663492
0.307319
0.162556
0.0502
0.104128
0.183059
0.086576
0.049654
0.226102
0.042295
0.214701
0.049169
0.04098
0.049875
0.395494
0.139094
0.07236
0.071707
0.068149
0.127876
0.138178
0.329666
0.046427
0.694824
0.221585
0.050473
0.911442
0.264744
0.850638
0.191854
0.617777
0.198696
0.079395
0.460237
0.236035
0.077529
0.220163
0.139023
0.168578
0.939255
0.197667
0.032943
0.101949
0.153195
0.035534
0.821641
0.589945
0.301135
0.036507
0.204771
0.054878
0.087665
0.097594
0.039082
0.178823
0.112629
0.033656
0.207044
0.078337
0.148777
0.115098
0.041342
0.512506
0.045797
0.222844
0.039935
0.169321
0.218085
0.035016
0.036583
0.466779
0.255335
0.167575
0.571329
0.067251
0.047539
0.6263
0.454363
0.029746
0.044467
0.149889
0.058929
0.038281
0.056588
0.032857
0.342017
0.05131
0.557696
0.03591
0.208188
0.054501
0.085898
0.063132
0.118101
0.027876
0.302155
0.391518
0.065989
0.186653
0.052628
0.085612
0.867615
0.080114
0.187683
0.346396
0.428471
0.068027
0.303123
0.165831
0.633643
0.095064
0.1944
0.075133
0.086576
0.052183
0.477251
0.150562
0.404237
0.219157
0.126985
0.180323
0.146782
0.123148
0.296047
0.187735
0.663217
0.074333
0.088985
0.033074
0.786615
0.38985
0.047801
0.036674
0.145857
0.320893
0.690758
0.039785
0.172048
0.034976
0.043011
0.398
0.091777
0.090945
0.650499
0.351441
0.424895
0.788742
0.031969
0.046304
0.10247
0.050841
0.036023
0.047393
0.037391
0.039043
0.094961
0.118577
0.041196
0.431512
0.137704
0.065185
0.131841
0.426152
0.170021
0.129927
0.490539
0.146866
0.244925
0.200096
0.057545
0.058478
0.400327
0.046972
0.301872
0.119529
0.067888
0.140165
0.174874
0.040596
0.066467
0.041557
0.131514
0.030329
0.26357
0.245082
0.962129
0.081933
0.63478
0.431368
0.567017
0.243036
0.03999
0.035719
0.08102
0.123035
0.063689
0.855199
0.062909
0.46659
0.349879
0.048295
0.069834
0.377005
0.925978
0.209328
0.503318
0.09741
0.464164
0.040931
0.262924
0.045847
0.075868
0.799888
0.624197
0.689581
0.118839
0.060171
0.147191
0.352406
0.045806
0.259164
0.712755
0.040585
0.125092
0.041933
0.11869
0.118216
0.075196
0.883843
0.838477
0.034287
0.031504
0.218973
0.984676
0.214212
0.249692
0.257724
0.126855
0.043869
0.389938
0.356722
0.065001
0.471017
0.13222
0.455956
0.50769
0.035138
0.148207
0.731272
0.046918
0.122631
0.17146
0.080197
0.118809
0.052529
0.129484
0.599689
0.15223
0.613176
0.141132
0.539726
0.105219
0.348892
0.054841
0.273893
0.532607
0.045339
0.262348
0.074042
0.63566
0.235953
0.875791
0.306869
0.083139
0.592157
0.590833
0.510443
0.066944
0.040834
0.366086
0.138708
0.273552
0.083803
0.056637
0.059974
0.086426
0.080027
0.273737
0.042223
0.048129
0.408798
0.273631
0.161129
0.686568
0.415989
0.418167
0.325349
0.10186
0.729644
0.400871
0.887595
0.233204
0.04834
0.070675
0.099819
0.458973
0.056231
0.247931
0.348104
0.133997
0.145026
0.047159
0.523449
0.057948
0.116731
0.064164
0.22734
0.616184
0.039364
0.037772
0.608844
0.229732
0.066914
0.295093
0.063768
0.053506
0.495548
0.047231
0.301866
0.263839
0.041214
0.087779
0.481978
0.133872
0.25485
0.253973
0.043349
0.56273
0.048337
0.086048
0.065126
0.06534
0.255229
0.32167
0.283267
0.27371
0.065867
0.344122
0.118296
0.155499
0.037736
0.080072
0.137686
0.803379
0.051249
0.048876
0.066617
0.042722
0.041273
0.53468
0.324376
0.171104
0.047926
0.301565
0.124385
0.093711
0.184164
0.268267
0.616437
0.064987
0.041627
0.18078
0.15271
0.090511
0.251489
0.220473
0.065156
0.207707
0.199946
0.49068
0.047785
0.264895
0.063774
0.346915
0.275826
0.888102
0.041569
0.100445
0.810298
0.159768
0.281191
0.262057
0.343927
0.57464
0.193991
0.138719
0.222207
0.06176
0.465174
0.066154
0.062553
0.037292
0.131895
0.331159
0.058423
0.789909
0.177129
0.030942
0.06753
0.133406
0.04274
0.230356
0.035384
0.128353
0.361709
0.087539
0.031155
0.31053
0.034894
0.168657
0.416529
0.340789
0.028928
0.076566
0.498702
0.042464
0.326996
0.129637
0.799446
0.218717
0.121635
0.087314
0.142632
0.030261
0.127514
0.349067
0.352741
0.041282
0.058052
0.058594
0.208709
0.656299
0.126048
0.840437
0.056304
0.034601
0.308041
0.036134
0.27847
0.147447
0.061737
0.068561
0.30082
0.53102
0.118373
0.069721
0.062917
0.060486
0.161923
0.683028
0.102413
0.137682
0.034497
0.390554
0.040496
0.417485
0.359336
0.442744
0.072588
0.137137
0.181536
0.131683
0.033688
0.036486
0.123301
0.248946
0.060977
0.057238
0.249868
0.045626
0.347879
0.329465
0.05488
0.087351
0.038279
0.337066
0.036072
0.041832
0.042168
0.158504
0.447467
0.115467
0.81982
0.837917
0.101058
0.235298
0.093489
0.076732
0.692061
0.107575
0.046235
0.048509
0.054908
0.872609
0.143417
0.048628
0.062715
0.231597
0.141627
0.049288
0.094552
0.056006
0.17106
0.03049
0.067241
0.132595
0.351722
0.045501
0.093597
0.126351
0.078192
0.88035
0.090089
0.642349
0.057046
0.387212
0.280461
0.061839
0.192471
0.028714
0.549929
0.367197
0.143546
0.054447
0.225444
0.391085
0.072827
0.17462
0.587736
0.131499
0.091084
0.470097
0.33982
0.04233
0.148826
0.227894
0.22292
0.073158
0.579102
0.190015
0.069616
0.035721
0.036423
0.13689
0.540957
0.230655
0.533406
0.054257
0.501933
0.069334
0.365564
0.127967
0.704742
0.204372
0.403718
0.05687
0.075785
0.04037
0.066655
0.071918
0.126837
0.197578
0.076363
0.044757
0.110655
0.035578
0.05381
0.041077
0.047761
0.123283
0.068048
0.04627
0.08726
0.149753
0.085052
0.326717
0.026726
0.042619
0.236096
0.131668
0.884538
0.047363
0.434332
0.044481
0.136566
0.038246
0.218138
0.076346
0.195924
0.088564
0.115182
0.102757
0.583365
0.080505
0.673362
0.094718
0.140347
0.300528
0.397016
0.092358
0.037525
0.310062
0.106014
0.06325
0.088297
0.058495
0.362925
0.051173
0.565017
0.12125
0.050586
0.408123
0.08823
0.285419
0.588734
0.16121
0.447971
0.306892
0.121468
0.153414
0.115202
0.154273
0.227545
0.211702
0.491762
0.166752
0.287023
0.643339
0.2327
0.374286
0.190997
0.113139
0.536318
0.763577
0.125376
0.147076
0.272884
0.873442
0.720889
0.201677
0.188695
0.0424
0.160763
0.072821
0.448526
0.109886
0.131777
0.185536
0.617154
0.236764
0.238376
0.082639
0.057901
0.357176
0.389354
0.270419
0.38345
0.212163
0.195611
0.071455
0.687783
0.088863
0.073525
0.249992
0.294523
0.358338
0.045036
0.297152
0.228108
0.033621
0.090959
0.079019
0.33421
0.067575
0.42409
0.142451
0.040671
0.049364
0.056196
0.094935
0.034687
0.36986
0.237026
0.239954
0.127918
0.072889
0.057623
0.383151
0.364716
0.043914
0.035948
0.216606
0.203543
0.128213
0.053779
0.058121
0.112488
0.353189
0.141847
0.405222
0.280514
0.031032
0.050123
0.241159
0.093313
0.051298
0.152112
0.045191
0.072985
0.039841
0.219618
0.271882
0.069282
0.772177
0.050378
0.555521
0.207274
0.058355
0.138042
0.049886
0.070569
0.12221
0.112338
0.055003
0.05028
0.171852
0.502972
0.046052
0.484281
0.029724
0.548495
0.088658
0.424146
0.101531
0.181285
0.068365
0.084803
0.490327
0.053613
0.090156
0.393715
0.062153
0.63897
0.112996
0.040684
0.288578
0.050512
0.975654
0.146909
0.965584
0.338442
0.188272
0.103442
0.51407
0.626257
0.302935
0.13926
0.22306
0.042991
0.19381
0.071061
0.047441
0.652347
0.061244
0.033898
0.453142
0.120711
0.030762
0.040625
0.043298
0.592471
0.36571
0.198938
0.155067
0.058563
0.667238
0.055733
0.052422
0.044661
0.154098
0.69733
0.213115
0.278064
0.656474
0.327678
0.187608
0.064998
0.083578
0.713751
0.37232
0.085229
0.135122
0.059766
0.06004
0.22418
0.766765
0.103853
0.053978
0.050736
0.187434
0.587059
0.037077
0.181074
0.062183
0.145807
0.498017
0.05014
0.047489
0.056698
0.04703
0.179883
0.038333
0.062374
0.098189
0.637789
0.079204
0.227575
0.102311
0.119238
0.047969
0.534014
0.031692
0.120348
0.059624
0.121534
0.308476
0.695928
0.041337
0.099543
0.066288
0.091652
0.211123
0.176926
0.07929
0.244356
0.287888
0.680167
0.095284
0.029243
0.088072
0.043121
0.315284
0.0668
0.199227
0.124774
0.090102
0.189836
0.050891
0.0478
0.166825
0.042301
0.30726
0.181373
0.073334
0.173432
0.56447
0.556352
0.371727
0.055969
0.065232
0.040692
0.301666
0.107056
0.340715
0.692647
0.042895
0.432239
0.7316
0.033793
0.797529
0.523325
0.077495
0.059577
0.099754
0.140316
0.351799
0.146042
0.163829
0.253852
0.362135
0.052125
0.33446
0.312696
0.040452
0.04314
0.502776
0.277812
0.045363
0.84865
0.082478
0.046069
0.264681
0.314649
0.283449
0.108018
0.44374
0.12912
0.624972
0.675221
0.276911
0.172247
0.052934
0.192909
0.172226
0.218188
0.284371
0.051406
0.08529
0.031141
0.299414
0.040625
0.099034
0.568809
0.121209
0.665586
0.058303
0.181953
0.739319
0.190847
0.659309
0.109035
0.121723
0.102365
0.054715
0.039451
0.141684
0.044241
0.133429
0.096194
0.674617
0.357212
0.46614
0.279746
0.82662
0.777149
0.041681
0.569445
0.16556
0.252571
0.117588
0.05903
0.078022
0.060738
0.167302
0.114507
0.241929
0.220592
0.17171
0.27144
0.099313
0.066217
0.413021
0.045393
0.029288
0.166414
0.1602
0.175979
0.423546
0.070987
0.865189
0.495447
0.051406
0.56678
0.0818
0.061969
0.133344
0.105206
0.069598
0.050602
0.089509
0.044106
0.269778
0.362342
0.238158
0.606429
0.107727
0.04415
0.184145
0.093362
0.7916
0.307918
0.419611
0.306937
0.691724
0.379088
0.38799
0.156074
0.14386
0.058695
0.673895
0.028493
0.064138
0.551974
0.464102
0.603562
0.312181
0.065073
0.04506
0.506186
0.13883
0.416791
0.098983
0.869305
0.054444
0.544908
0.27613
0.403202
0.058526
0.534136
0.048721
0.053177
0.346196
0.085841
0.099665
0.040724
0.057156
0.267703
0.063201
0.084944
0.691111
0.05333
0.277488
0.834282
0.054526
0.128788
0.069842
0.283915
0.663281
0.488688
0.040572
0.059069
0.156407
0.794952
0.099154
0.047503
0.237889
0.054213
0.112224
0.106371
0.199181
0.170075
0.742068
0.070548
0.208545
0.223583
0.092883
0.056269
0.336781
0.03741
0.652086
0.800471
0.152668
0.095546
0.051268
0.3064
0.104271
0.230896
0.060321
0.112137
0.240561
0.049108
0.035412
0.327489
0.057994
0.261578
0.061586
0.13487
0.165514
0.224753
0.664879
0.046049
0.111755
0.123382
0.202033
0.042315
0.606381
0.843307
0.812091
0.763314
0.045464
0.349854
0.051894
0.682249
0.533324
0.236932
0.04689
0.060621
0.223704
0.138373
0.094886
0.188885
0.113581
0.050719
0.071106
0.124751
0.288781
0.089876
0.202063
0.297246
0.115896
0.062111
0.17467
0.260942
0.468278
0.410267
0.044554
0.210619
0.276368
0.07039
0.744055
0.893145
0.034058
0.570684
0.054884
0.027032
0.193649
0.036112
0.947615
0.051247
0.164587
0.182479
0.051568
0.11145
0.03635
0.231622
0.127065
0.187799
0.195223
0.042384
0.15928
0.080528
0.054032
0.182582
0.2706
0.051141
0.049653
0.038845
0.259284
0.257089
0.283265
0.1443
0.034563
0.180317
0.414304
0.04801
0.72273
0.205025
0.088158
0.053871
0.260988
0.49501
0.192248
0.694309
0.041528
0.025144
0.206566
0.187909
0.250774
0.837799
0.032413
0.134503
0.275024
0.652672
0.045642
0.064854
0.907993
0.859632
0.196579
0.183503
0.264698
0.508238
0.235075
0.112503
0.373597
0.051458
0.124073
0.154386
0.080039
0.035345
0.074099
0.155176
0.047136
0.047626
0.50549
0.056295
0.176982
0.090636
0.110045
0.531654
0.035459
0.148014
0.152483
0.040719
0.209897
0.805814
0.520749
0.202857
0.119399
0.045509
0.047302
0.115362
0.222319
0.597588
0.159832
0.115713
0.404265
0.075941
0.046206
0.549548
0.330412
0.186553
0.353917
0.261549
0.625826
0.285824
0.163972
0.268567
0.070678
0.050241
0.035934
0.096271
0.179821
0.043931
0.280279
0.140854
0.242326
0.048427
0.168923
0.775931
0.818235
0.269079
0.336152
0.034099
0.038312
0.083502
0.870393
0.545178
0.215697
0.037355
0.497083
0.059984
0.247683
0.067324
0.926542
0.133793
0.104403
0.12611
0.428295
0.201793
0.059088
0.587512
0.151132
0.074185
0.036341
0.087624
0.468277
0.969622
0.275532
0.542138
0.064579
0.081405
0.132576
0.08753
0.708716
0.367588
0.885507
0.095529
0.599931
0.37629
0.211634
0.051466
0.484032
0.17944
0.068686
0.048314
0.69878
0.674591
0.983884
0.35632
0.020199
0.39884
0.033509
0.551266
0.076269
0.17451
0.574754
0.55524
0.193447
0.201268
0.177068
0.404453
0.063752
0.234882
0.087805
0.503955
0.209537
0.038895
0.311018
0.052562
0.231698
0.645298
0.036952
0.805315
0.212034
0.421426
0.061449
0.894578
0.485995
0.041151
0.316623
0.127769
0.215101
0.037859
0.483897
0.640029
0.06977
0.595172
0.237968
0.076461
0.216623
0.737114
0.053484
0.457371
0.371315
0.050314
0.809647
0.725751
0.308481
0.04164
0.800318
0.270616
0.185687
0.09128
0.138696
0.584234
0.157717
0.346088
0.099586
0.395874
0.712734
0.241465
0.031909
0.071903
0.059681
0.172631
0.05614
0.810112
0.087476
0.156202
0.72768
0.278007
0.134877
0.313057
0.031195
0.048329
0.079197
0.568899
0.63088
0.538387
0.144528
0.234929
0.152762
0.073597
0.037773
0.052565
0.239287
0.03869
0.049902
0.357265
0.174132
0.78876
0.857551
0.35578
0.110929
0.523563
0.673254
0.940514
0.228989
0.385449
0.134845
0.252855
0.049999
0.493174
0.135892
0.888943
0.030259
0.484525
0.100397
0.057786
0.248494
0.485776
0.056217
0.125494
0.243633
0.303685
0.040812
0.104735
0.437303
0.484202
0.095738
0.395357
0.178189
0.070294
0.179016
0.090438
0.161061
0.056646
0.574192
0.040527
0.375392
0.146377
0.689687
0.051806
0.259289
0.131791
0.524651
0.031457
0.150476
0.234784
0.079577
0.070894
0.172183
0.534495
0.150982
0.684447
0.286205
0.60599
0.038333
0.034384
0.981018
0.159557
0.257435
0.995957
0.27059
0.339123
0.058605
0.114332
0.891135
0.653281
0.137824
0.178411
0.030008
0.988953
0.039532
0.038476
0.081666
0.030264
0.57989
0.234014
0.37221
0.08677
0.279166
0.836975
0.09903
0.401456
0.051916
0.446967
0.438477
0.443529
0.114116
0.407299
0.106329
0.064459
0.33171
0.103214
0.909994
0.542748
0.049
0.041468
0.041745
0.042738
0.041408
0.577277
0.055288
0.193101
0.060448
0.401602
0.070732
0.036135
0.506085
0.040614
0.064469
0.034841
0.262602
0.125542
0.205026
0.130359
0.044081
0.321843
0.050391
0.695933
0.052768
0.050841
0.097238
0.0412
0.163438
0.597756
0.211544
0.652954
0.062405
0.108629
0.044007
0.620787
0.09995
0.186648
0.719672
0.044704
0.642235
0.055222
0.061707
0.066923
0.04538
0.058106
0.060731
0.131684
0.253971
0.821725
0.319631
0.386161
0.070991
0.048582
0.126601
0.048606
0.181534
0.085416
0.112245
0.140445
0.142443
0.161733
0.229858
0.531709
0.571805
0.30093
0.136829
0.91307
0.174168
0.170558
0.038193
0.362752
0.289945
0.037428
0.607118
0.024476
0.862591
0.036059
0.209251
0.542203
0.147196
0.162279
0.739732
0.032878
0.200196
0.162413
0.134178
0.285515
0.391182
0.053764
0.073304
0.322452
0.335792
0.039113
0.270235
0.073444
0.076106
0.204477
0.114328
0.382575
0.352573
0.508198
0.044874
0.045679
0.074883
0.10281
0.12901
0.036554
0.93146
0.107449
0.327929
0.031165
0.03503
0.037669
0.526183
0.150163
0.453293
0.676281
0.974684
0.479385
0.044742
0.238907
0.113624
0.079901
0.97522
0.211992
0.215835
0.054503
0.581488
0.574781
0.47808
0.458438
0.991218
0.044796
0.156057
0.051805
0.458909
0.452441
0.659765
0.043964
0.181753
0.205936
0.277007
0.266663
0.147261
0.149382
0.113265
0.758537
0.301365
0.383964
0.157647
0.278797
0.040783
0.137393
0.294242
0.091293
0.502481
0.24913
0.165906
0.226562
0.04172
0.257528
0.20422
0.474194
0.180219
0.028812
0.24401
0.033894
0.470837
0.478919
0.2904
0.068813
0.04914
0.088712
0.16569
0.420015
0.044968
0.296794
0.035966
0.092252
0.324263
0.248967
0.248758
0.162549
0.146715
0.057095
0.751712
0.200908
0.398594
0.150757
0.109001
0.955079
0.040918
0.784544
0.064584
0.986015
0.746119
0.958452
0.123908
0.087029
0.657726
0.355753
0.121996
0.673443
0.03462
0.232695
0.133634
0.509346
0.065456
0.211957
0.745342
0.154396
0.251541
0.142572
0.162607
0.63756
0.360215
0.070295
0.526372
0.107999
0.067495
0.339333
0.159626
0.280847
0.874061
0.107494
0.775685
0.08141
0.243125
0.238281
0.217982
0.358473
0.262165
0.403921
0.093272
0.617254
0.073676
0.1043
0.278698
0.474101
0.627675
0.062091
0.056565
0.70496
0.039059
0.47372
0.390949
0.078068
0.504371
0.150304
0.298083
0.24154
0.331299
0.206148
0.689674
0.092443
0.707326
0.550246
0.041782
0.732681
0.26526
0.039162
0.040934
0.318495
0.269476
0.149457
0.418075
0.402782
0.050761
0.453958
0.053837
0.469827
0.689486
0.108522
0.143005
0.039043
0.046839
0.364226
0.023234
0.255332
0.038089
0.75492
0.145381
0.207461
0.034512
0.043881
0.040181
0.12952
0.046734
0.25156
0.569792
0.046258
0.143052
0.050347
0.455933
0.036941
0.039326
0.140262
0.107103
0.26886
0.147404
0.354974
0.465241
0.281759
0.041372
0.551117
0.426309
0.291163
0.052929
0.224232
0.029227
0.038634
0.124762
0.115099
0.495836
0.051177
0.040329
0.342412
0.063805
0.122211
0.424518
0.040916
0.284582
0.160583
0.447532
0.402966
0.788757
0.332273
0.06136
0.610256
0.65458
0.03638
0.410877
0.105958
0.727673
0.945746
0.027931
0.051896
0.088393
0.21277
0.259038
0.035388
0.416146
0.057906
0.428752
0.182041
0.215197
0.132166
0.516068
0.445701
0.198917
0.112359
0.093343
0.454965
0.046245
0.380264
0.600097
0.098892
0.05086
0.342962
0.319146
0.478311
0.073704
0.058673
0.060981
0.832927
0.851709
0.654828
0.043254
0.040821
0.278892
0.056692
0.166441
0.63824
0.057665
0.235589
0.054756
0.549305
0.228926
0.410418
0.399314
0.05813
0.036258
0.1338
0.126936
0.385243
0.029506
0.644351
0.133506
0.044986
0.147718
0.041779
0.048014
0.175428
0.056424
0.439155
0.460514
0.20802
0.098766
0.710916
0.145516
0.181072
0.179625
0.688569
0.115008
0.532391
0.095305
0.3102
0.040117
0.658062
0.656941
0.073281
0.892456
0.206659
0.835752
0.415751
0.054359
0.387219
0.392431
0.334715
0.243179
0.227844
0.151778
0.469863
0.085324
0.096473
0.277778
0.938792
0.203613
0.284375
0.050474
0.915568
0.148314
0.193991
0.077671
0.059581
0.462408
0.418089
0.185612
0.173748
0.104253
0.060039
0.888892
0.096334
0.097172
0.456617
0.058871
0.070572
0.31158
0.121787
0.05544
0.0408
0.289081
0.185076
0.123318
0.276622
0.636163
0.182076
0.126895
0.033757
0.128277
0.043349
0.475193
0.515192
0.060182
0.134825
0.492511
0.181434
0.083638
0.20325
0.531043
0.041491
0.150709
0.03482
0.084003
0.157114
0.084232
0.21021
0.056967
0.535888
0.054599
0.490173
0.036553
0.039172
0.197187
0.223344
0.163204
0.11378
0.797198
0.502073
0.044776
0.095181
0.061812
0.418336
0.053281
0.228414
0.176655
0.543515
0.084094
0.058066
0.431829
0.276177
0.054279
0.169446
0.604702
0.826379
0.716631
0.543218
0.692534
0.05223
0.544403
0.25449
0.115298
0.076473
0.091107
0.591614
0.226458
0.663753
0.110425
0.072191
0.194962
0.054342
0.92415
0.053966
0.030995
0.186986
0.056615
0.362023
0.059507
0.955671
0.478824
0.095466
0.673163
0.066282
0.099342
0.952855
0.124862
0.086487
0.602545
0.197242
0.046671
0.128123
0.111194
0.172663
0.03437
0.036563
0.061295
0.064173
0.625528
0.742649
0.81348
0.240855
0.079602
0.04713
0.516752
0.820154
0.045188
0.059922
0.145025
0.08336
0.263969
0.187298
0.083916
0.271336
0.583667
0.336599
0.094168
0.151463
0.464884
0.040086
0.199527
0.11968
0.358821
0.759036
0.764438
0.331806
0.286635
0.036547
0.139302
0.501772
0.453727
0.178134
0.105084
0.276309
0.878616
0.38615
0.313653
0.150908
0.694546
0.062463
0.043312
0.092445
0.222197
0.389376
0.043984
0.208509
0.435115
0.140472
0.037939
0.720296
0.727316
0.250621
0.116573
0.473389
0.437355
0.912602
0.121393
0.158404
0.064053
0.119154
0.444458
0.496281
0.080522
0.163575
0.284602
0.597496
0.081725
0.139306
0.110484
0.042551
0.854189
0.780458
0.175868
0.126812
0.034707
0.18263
0.151806
0.30347
0.166045
0.160451
0.135353
0.652276
0.909171
0.311591
0.455322
0.098128
0.947092
0.069647
0.158594
0.033892
0.289195
0.400731
0.089632
0.098516
0.134822
0.653008
0.532135
0.175633
0.667515
0.074871
0.163514
0.037616
0.100314
0.879386
0.043208
0.529981
0.039243
0.118115
0.112519
0.044057
0.087791
0.077504
0.397831
0.2106
0.56189
0.166822
0.134826
0.2228
0.132
0.341831
0.329585
0.461728
0.299048
0.037237
0.862631
0.422165
0.128983
0.097775
0.308049
0.116888
0.165016
0.051414
0.385757
0.083711
0.880263
0.13292
0.144461
0.158586
0.319452
0.149389
0.103789
0.036717
0.031891
0.554557
0.108533
0.987548
0.299067
0.055994
0.34158
0.133268
0.893299
0.502016
0.033083
0.379023
0.113474
0.052456
0.190163
0.093684
0.130204
0.061836
0.280862
0.144329
0.357787
0.089151
0.137127
0.036677
0.658426
0.253212
0.098728
0.581825
0.391698
0.357911
0.321875
0.162477
0.365265
0.847987
0.306412
0.079617
0.069484
0.057355
0.86749
0.4139
0.806759
0.164895
0.080456
0.056433
0.051774
0.479965
0.160802
0.15623
0.145659
0.827282
0.345652
0.081559
0.168081
0.408131
0.592587
0.080235
0.064422
0.030722
0.532091
0.498665
0.158463
0.083999
0.078268
0.030086
0.487
0.034955
0.852279
0.034173
0.348011
0.119102
0.064468
0.34071
0.268983
0.869914
0.104697
0.284056
0.054588
0.198871
0.864604
0.189035
0.4026
0.338406
0.027844
0.042504
0.106309
0.23242
0.139173
0.177886
0.139768
0.039261
0.040346
0.085759
0.024697
0.111103
0.083673
0.323754
0.060237
0.509432
0.085745
0.438519
0.966226
0.032853
0.06064
0.070088
0.595916
0.047817
0.252525
0.342999
0.082102
0.452231
0.105901
0.210129
0.452198
0.17218
0.271298
0.127818
0.051083
0.871167
0.37594
0.033407
0.089282
0.042192
0.134238
0.331832
0.042022
0.043866
0.032878
0.664195
0.438596
0.029341
0.061811
0.594816
0.298422
0.202534
0.52212
0.735879
0.144699
0.094605
0.264885
0.189501
0.143174
0.152514
0.648384
0.103311
0.656426
0.363282
0.470317
0.177132
0.05404
0.068342
0.07967
0.276145
0.395909
0.088509
0.093857
0.87415
0.054464
0.657958
0.239098
0.03821
0.812895
0.065275
0.591738
0.057275
0.142258
0.277464
0.055416
0.029833
0.588899
0.11261
0.175791
0.040168
0.13684
0.327974
0.25333
0.082937
0.086797
0.168737
0.077439
0.185781
0.660439
0.639475
0.238158
0.754857
0.133993
0.898289
0.241571
0.121103
0.041049
0.517023
0.064611
0.044705
0.032293
0.157643
0.060293
0.032241
0.043453
0.130051
0.426274
0.182614
0.091168
0.044966
0.031882
0.44208
0.126898
0.047247
0.053601
0.915582
0.532815
0.675091
0.6894
0.641638
0.285721
0.05618
0.051191
0.141406
0.363408
0.044725
0.543545
0.179599
0.116576
0.107987
0.060346
0.130739
0.529093
0.56648
0.445657
0.85159
0.794189
0.172651
0.976222
0.297608
0.105214
0.02563
0.501149
0.969333
0.049405
0.090195
0.035957
0.864915
0.178379
0.066627
0.587752
0.527157
0.322844
0.038139
0.131426
0.187882
0.121785
0.082486
0.278388
0.298856
0.02932
0.039968
0.152766
0.265091
0.072658
0.172684
0.218778
0.138621
0.930808
0.393517
0.549261
0.376602
0.045452
0.709469
0.207927
0.674639
0.054746
0.135116
0.75124
0.254567
0.586808
0.033183
0.036061
0.464291
0.124308
0.738344
0.140488
0.118522
0.085764
0.042017
0.142704
0.130499
0.315877
0.183912
0.067883
0.247107
0.318312
0.563293
0.311939
0.51332
0.047662
0.083489
0.740748
0.217286
0.061665
0.940213
0.224678
0.285445
0.053578
0.404106
0.164401
0.050439
0.917173
0.123722
0.158685
0.139676
0.120537
0.418011
0.691136
0.279765
0.332077
0.138531
0.097428
0.049189
0.284288
0.334623
0.387207
0.094949
0.137034
0.998354
0.680627
0.041234
0.099093
0.165943
0.041053
0.210681
0.150629
0.120774
0.101444
0.035577
0.456677
0.138363
0.290101
0.304145
0.497246
0.054361
0.121138
0.311979
0.32101
0.882423
0.362169
0.75301
0.048176
0.038846
0.082321
0.094964
0.07364
0.637227
0.230155
0.850627
0.048909
0.447712
0.042923
0.347628
0.76746
0.209076
0.039245
0.908199
0.513604
0.917122
0.646253
0.053555
0.244705
0.134776
0.045865
0.050299
0.861755
0.096574
0.146094
0.732089
0.104331
0.30602
0.045399
0.035512
0.288766
0.063137
0.492786
0.048252
0.210692
0.671475
0.045318
0.504872
0.073792
0.098647
0.054266
0.319181
0.074743
0.237438
0.428708
0.500796
0.935116
0.95946
0.634672
0.593571
0.191992
0.115017
0.491245
0.036169
0.429204
0.994926
0.038705
0.033461
0.104616
0.173176
0.134103
0.407709
0.113408
0.663737
0.791421
0.050721
0.216047
0.848787
0.436604
0.077582
0.036442
0.326718
0.044917
0.976268
0.134265
0.698426
0.157452
0.355549
0.326182
0.264091
0.522865
0.320446
0.891671
0.206223
0.369672
0.051058
0.385211
0.397192
0.37973
0.47232
0.129956
0.092409
0.034041
0.539161
0.740721
0.095175
0.157852
0.031314
0.199512
0.082644
0.303073
0.248922
0.397478
0.113215
0.237969
0.959471
0.260179
0.496268
0.299452
0.486835
0.725122
0.980879
0.113029
0.042841
0.34948
0.795844
0.099387
0.199963
0.150893
0.568256
0.161772
0.099036
0.376593
0.134054
0.028448
0.23193
0.654037
0.185295
0.591401
0.206754
0.118445
0.334994
0.106726
0.315899
0.029766
0.267055
0.537954
0.670551
0.113121
0.183852
0.34751
0.040657
0.197377
0.22034
0.043701
0.054467
0.032944
0.038781
0.179228
0.800019
0.02833
0.365253
0.055932
0.038613
0.427291
0.052726
0.271672
0.41111
0.049541
0.055358
0.153843
0.94711
0.313566
0.03493
0.036256
0.081408
0.198454
0.558775
0.893971
0.516945
0.20179
0.366322
0.153042
0.35126
0.285884
0.07758
0.439051
0.242085
0.189087
0.227805
0.440233
0.0329
0.056697
0.443738
0.178767
0.325626
0.207912
0.186025
0.084117
0.100586
0.052197
0.076049
0.074293
0.037642
0.031805
0.171987
0.743899
0.709751
0.196079
0.531738
0.461456
0.297965
0.740649
0.717405
0.112263
0.558159
0.041025
0.530575
0.112568
0.090985
0.333831
0.164889
0.974359
0.034132
0.222774
0.063505
0.417067
0.556437
0.358678
0.110021
0.031349
0.046071
0.502174
0.140749
0.104848
0.603627
0.113997
0.386538
0.390371
0.259713
0.152214
0.085374
0.285581
0.058652
0.212289
0.656503
0.043112
0.081228
0.164854
0.130787
0.393764
0.795644
0.04323
0.526138
0.09826
0.115051
0.725186
0.047821
0.375879
0.795006
0.089177
0.605353
0.407696
0.16986
0.246573
0.062096
0.952711
0.094032
0.083701
0.166361
0.119321
0.210495
0.108571
0.18829
0.048827
0.035995
0.092751
0.337296
0.303332
0.044006
0.278572
0.095656
0.091377
0.180052
0.116371
0.242019
0.097941
0.126208
0.108309
0.048214
0.030243
0.549099
0.21463
0.045942
0.088768
0.144509
0.29468
0.054684
0.04719
0.043774
0.036594
0.219711
0.162306
0.103093
0.498213
0.052125
0.085993
0.052527
0.652019
0.13811
0.711339
0.035306
0.041903
0.122986
0.081692
0.255932
0.040096
0.062179
0.946182
0.330733
0.537949
0.043189
0.129263
0.096944
0.909956
0.991026
0.330669
0.093714
0.895675
0.203467
0.410776
0.330547
0.13976
0.127467
0.094312
0.030705
0.081522
0.129702
0.504888
0.287603
0.125557
0.293465
0.692375
0.619152
0.635802
0.064256
0.036505
0.711735
0.151498
0.033546
0.380589
0.893399
0.236392
0.068207
0.040989
0.167002
0.198991
0.232056
0.446483
0.186912
0.391385
0.821613
0.313169
0.229826
0.08831
0.038624
0.03835
0.757981
0.040841
0.529972
0.39471
0.788938
0.321457
0.038428
0.061151
0.955208
0.123526
0.076942
0.095238
0.030252
0.266199
0.037786
0.051241
0.053782
0.217265
0.159852
0.383638
0.040085
0.7104
0.343935
0.622763
0.219315
0.870662
0.023336
0.442157
0.064176
0.246432
0.143331
0.355995
0.127881
0.084393
0.708736
0.744918
0.209921
0.913534
0.387746
0.762687
0.494555
0.170943
0.266986
0.647242
0.235241
0.053042
0.843374
0.062226
0.750113
0.322053
0.547482
0.131873
0.03337
0.10664
0.070158
0.335456
0.114627
0.317726
0.895814
0.05135
0.540711
0.078342
0.556756
0.623125
0.077243
0.495837
0.069392
0.197816
0.063288
0.226674
0.508477
0.179995
0.2875
0.234927
0.475164
0.179249
0.208338
0.928926
0.724416
0.492372
0.222503
0.079536
0.035866
0.040415
0.057759
0.040122
0.034965
0.04349
0.759967
0.031832
0.121171
0.572232
0.877111
0.123018
0.632088
0.084924
0.034376
0.998474
0.745809
0.975928
0.358254
0.224113
0.671192
0.046355
0.031938
0.190899
0.678799
0.039099
0.343251
0.044951
0.329569
0.087556
0.421714
0.341725
0.23094
0.37149
0.392867
0.545352
0.031868
0.292053
0.060018
0.184646
0.384847
0.366534
0.098356
0.10946
0.420487
0.344105
0.447611
0.31601
0.534019
0.339266
0.264268
0.130613
0.376389
0.207758
0.12004
0.128623
0.186266
0.254675
0.223428
0.880178
0.295406
0.087967
0.110298
0.052238
0.478025
0.34476
0.162018
0.201865
0.676546
0.128921
0.203579
0.109405
0.850865
0.365919
0.072009
0.076594
0.237717
0.359164
0.071052
0.49263
0.787666
0.402416
0.085479
0.291489
0.77568
0.328704
0.385284
0.078487
0.230517
0.814988
0.073254
0.707394
0.026064
0.050839
0.190526
0.58793
0.208791
0.084722
0.052887
0.113238
0.440716
0.579923
0.149154
0.343124
0.28803
0.062581
0.114357
0.276599
0.645036
0.09911
0.040562
0.042271
0.155456
0.03804
0.227927
0.14847
0.029952
0.044218
0.515883
0.846674
0.433072
0.092919
0.045258
0.476624
0.08248
0.035448
0.465289
0.765913
0.764382
0.110411
0.25724
0.081988
0.042377
0.164819
0.421028
0.171121
0.039041
0.118763
0.465488
0.674454
0.335322
0.452482
0.028183
0.044649
0.355894
0.494507
0.656816
0.239847
0.104014
0.033669
0.243683
0.550331
0.11637
0.038874
0.033534
0.11535
0.040699
0.701618
0.10897
0.34458
0.033914
0.209433
0.087901
0.721553
0.042217
0.120757
0.045247
0.909106
0.503252
0.905795
0.576495
0.032606
0.033568
0.703584
0.505261
0.186758
0.848143
0.052817
0.229875
0.457475
0.443074
0.118448
0.080674
0.541057
0.760086
0.15845
0.250371
0.116224
0.174326
0.038235
0.157691
0.550059
0.115016
0.139747
0.067283
0.491358
0.316131
0.10205
0.921428
0.453786
0.754059
0.623521
0.149245
0.291057
0.490166
0.332501
0.121733
0.706351
0.032306
0.848434
0.275937
0.088824
0.073557
0.383203
0.63903
0.973962
0.3367
0.343008
0.935893
0.766191
0.066784
0.416347
0.052622
0.42262
0.154828
0.167309
0.185841
0.118513
0.822357
0.136301
0.295776
0.086199
0.807751
0.390399
0.510617
0.1776
0.228468
0.253437
0.868338
0.148411
0.061963
0.04864
0.643184
0.062352
0.27813
0.048414
0.032829
0.114995
0.12811
0.79808
0.104209
0.158813
0.152116
0.812594
0.097451
0.724247
0.245155
0.055911
0.42696
0.076686
0.414609
0.649526
0.18478
0.172134
0.116255
0.043346
0.084261
0.083619
0.872976
0.773493
0.519123
0.517394
0.357562
0.232685
0.386531
0.062745
0.198046
0.404385
0.528395
0.622615
0.057934
0.079235
0.156211
0.333379
0.198348
0.052811
0.878956
0.043484
0.427326
0.247658
0.164103
0.161594
0.049424
0.522861
0.653239
0.07511
0.08552
0.210396
0.504334
0.556326
0.050821
0.042479
0.082887
0.231176
0.409921
0.666431
0.422624
0.366826
0.090338
0.416098
0.643876
0.179899
0.306039
0.048811
0.44084
0.554358
0.54739
0.62115
0.140158
0.624584
0.328968
0.258896
0.082672
0.058402
0.639829
0.057796
0.339031
0.188816
0.793136
0.767445
0.229939
0.934836
0.080262
0.295309
0.042296
0.231729
0.240904
0.699758
0.071846
0.043399
0.038633
0.046984
0.150641
0.164097
0.685424
0.175834
0.260808
0.168335
0.295435
0.319391
0.530074
0.109966
0.125843
0.705471
0.293598
0.135445
0.100798
0.664846
0.029986
0.613823
0.065767
0.148165
0.722021
0.587558
0.759358
0.153655
0.345283
0.550109
0.163726
0.594578
0.165743
0.198786
0.087188
0.04413
0.157167
0.050056
0.740467
0.041182
0.067521
0.073054
0.145567
0.764562
0.03649
0.093969
0.220106
0.025478
0.513112
0.04829
0.038287
0.33146
0.180392
0.060683
0.459027
0.687913
0.290583
0.290219
0.035316
0.517211
0.873239
0.204061
0.245924
0.141375
0.038533
0.095051
0.231077
0.305501
0.26485
0.151505
0.294707
0.039665
0.048938
0.477841
0.258873
0.214321
0.954813
0.428198
0.087696
0.033393
0.99041
0.447296
0.507384
0.092652
0.458793
0.489854
0.19626
0.426349
0.91856
0.114007
0.203196
0.101716
0.133905
0.322434
0.829156
0.065526
0.075181
0.822692
0.456229
0.549645
0.354457
0.212569
0.190814
0.749534
0.876289
0.069547
0.047129
0.979625
0.314662
0.352304
0.299474
0.399811
0.62399
0.588388
0.081192
0.809177
0.245873
0.028776
0.122437
0.11403
0.19192
0.229605
0.540135
0.759525
0.078726
0.07555
0.24665
0.228558
0.042091
0.214542
0.833699
0.987173
0.194572
0.493173
0.842761
0.309374
0.53125
0.123611
0.054351
0.167433
0.725288
0.43213
0.19839
0.156317
0.503967
0.726854
0.060986
0.176627
0.079863
0.228494
0.080993
0.048339
0.88036
0.097374
0.150559
0.710723
0.949375
0.201604
0.296177
0.065689
0.111656
0.183668
0.110244
0.520978
0.064847
0.356383
0.337591
0.209224
0.065276
0.366284
0.105462
0.881698
0.859552
0.41903
0.078541
0.73871
0.529489
0.067163
0.059111
0.660294
0.428864
0.253275
0.370397
0.041613
0.802822
0.138134
0.067543
0.810505
0.423899
0.170663
0.031521
0.163878
0.045478
0.204129
0.044473
0.253307
0.195654
0.032267
0.179183
0.108462
0.301449
0.282881
0.118715
0.033508
0.313935
0.682564
0.441161
0.14001
0.903514
0.128273
0.031404
0.113058
0.304763
0.029148
0.734104
0.063208
0.105389
0.418868
0.097376
0.480522
0.082919
0.116483
0.135879
0.365452
0.135826
0.7807
0.246607
0.259823
0.054782
0.860857
0.37426
0.066622
0.038275
0.589327
0.5952
0.070967
0.091913
0.100013
0.638708
0.112028
0.654848
0.693409
0.130781
0.19226
0.317711
0.154619
0.394655
0.751154
0.313754
0.55908
0.035072
0.042376
0.131573
0.395309
0.421713
0.327846
0.45943
0.088845
0.685492
0.883389
0.709796
0.297647
0.680803
0.062387
0.097148
0.080169
0.17853
0.685807
0.040014
0.271017
0.714528
0.042491
0.505319
0.117652
0.422626
0.036436
0.982456
0.225736
0.035414
0.428597
0.331972
0.672488
0.794414
0.78231
0.152899
0.234103
0.198554
0.15947
0.051336
0.036117
0.673081
0.120435
0.302114
0.27433
0.145653
0.661524
0.117338
0.583965
0.694236
0.13172
0.231971
0.506931
0.463079
0.340544
0.656948
0.046622
0.035092
0.240151
0.435093
0.156413
0.90317
0.087893
0.912441
0.040292
0.377888
0.019547
0.050116
0.042272
0.603773
0.062531
0.056099
0.103812
0.198638
0.332245
0.877867
0.239783
0.134836
0.5576
0.166968
0.031733
0.361352
0.089433
0.635705
0.096968
0.031709
0.152638
0.291876
0.029022
0.419472
0.321614
0.423863
0.33784
0.070316
0.128568
0.115704
0.123876
0.037679
0.051595
0.335285
0.867356
0.457141
0.188348
0.044328
0.31233
0.301179
0.140766
0.055785
0.495463
0.597205
0.029722
0.377868
0.672007
0.871197
0.346453
0.550709
0.822724
0.320265
0.740994
0.161421
0.043828
0.839818
0.043716
0.485661
0.158016
0.360744
0.991367
0.207405
0.122933
0.91706
0.366879
0.041761
0.628777
0.197361
0.113538
0.211624
0.172078
0.227538
0.106556
0.033653
0.078033
0.18798
0.135073
0.827191
0.201819
0.044571
0.204355
0.272138
0.054463
0.573567
0.681053
0.166168
0.902487
0.210357
0.041091
0.162329
0.282428
0.064797
0.540411
0.342212
0.419278
0.053529
0.335198
0.520305
0.056577
0.155893
0.081271
0.10282
0.116775
0.199962
0.670399
0.288016
0.13579
0.11208
0.083109
0.212818
0.838952
0.210263
0.189983
0.370775
0.753481
0.180057
0.294788
0.116581
0.986871
0.893572
0.902974
0.162298
0.705484
0.073738
0.15862
0.502914
0.65988
0.689762
0.466491
0.108044
0.119465
0.030607
0.03289
0.702516
0.090326
0.258158
0.420842
0.453375
0.108838
0.213307
0.118728
0.477254
0.917665
0.118413
0.159106
0.139165
0.278314
0.578787
0.710051
0.765425
0.356851
0.087459
0.037772
0.109592
0.824809
0.50236
0.034067
0.043173
0.275647
0.110143
0.093971
0.081231
0.102054
0.028294
0.163427
0.3363
0.092031
0.466514
0.906793
0.257765
0.515858
0.030269
0.530623
0.25359
0.109962
0.337819
0.602705
0.623799
0.432167
0.088747
0.974265
0.955178
0.157806
0.735083
0.087359
0.099782
0.264168
0.953817
0.175768
0.111937
0.247301
0.111019
0.088578
0.109725
0.648149
0.336101
0.436587
0.085166
0.086091
0.265597
0.281128
0.193656
0.06387
0.037032
0.516778
0.400183
0.341647
0.332926
0.351533
0.677038
0.167308
0.055998
0.140699
0.915262
0.61192
0.486538
0.854313
0.935931
0.046549
0.043306
0.079545
0.039302
0.038701
0.330766
0.22346
0.386279
0.042097
0.31114
0.032454
0.592594
0.241416
0.445237
0.327752
0.807088
0.160896
0.134522
0.033185
0.825241
0.877157
0.278157
0.032276
0.546547
0.353847
0.98457
0.20728
0.157965
0.56915
0.102686
0.454562
0.613348
0.257463
0.155227
0.19491
0.960908
0.273377
0.776992
0.034406
0.226857
0.116413
0.196408
0.07442
0.044511
0.041833
0.102337
0.429458
0.462661
0.073844
0.040927
0.039033
0.219506
0.032507
0.063445
0.594464
0.488686
0.305126
0.771681
0.403083
0.236148
0.251795
0.719032
0.879333
0.26427
0.562055
0.077776
0.037148
0.23783
0.054554
0.312761
0.130443
0.06854
0.124614
0.49887
0.337612
0.252469
0.056093
0.444364
0.042286
0.270113
0.301168
0.225936
0.051196
0.065983
0.198871
0.42712
0.279144
0.031058
0.159425
0.045812
0.82936
0.615115
0.192879
0.120541
0.261141
0.451028
0.124989
0.141417
0.031674
0.822703
0.173039
0.931528
0.107578
0.608581
0.29812
0.31207
0.598636
0.192448
0.718945
0.227147
0.496942
0.291998
0.528254
0.162324
0.494154
0.076874
0.424602
0.036243
0.179413
0.536325
0.061823
0.326952
0.764069
0.578297
0.347206
0.039748
0.058744
0.25422
0.246966
0.351826
0.156104
0.056716
0.239164
0.038943
0.115326
0.207219
0.637367
0.39286
0.899628
0.978249
0.176471
0.860442
0.111702
0.030633
0.710933
0.295577
0.749534
0.071978
0.07395
0.402531
0.214296
0.208325
0.902047
0.077289
0.26511
0.298083
0.750683
0.613941
0.308656
0.274628
0.187515
0.696144
0.48787
0.8945
0.083709
0.806157
0.596059
0.786371
0.936949
0.038695
0.235789
0.348073
0.339628
0.492249
0.182438
0.169009
0.706693
0.172907
0.756465
0.123357
0.513058
0.404272
0.175937
0.188054
0.54094
0.51556
0.491746
0.050646
0.136644
0.041588
0.532662
0.272694
0.608088
0.236786
0.060211
0.580095
0.261548
0.50507
0.038934
0.272743
0.377364
0.624066
0.172772
0.704677
0.364921
0.833725
0.872583
0.650891
0.397886
0.978598
0.097609
0.370833
0.161596
0.034092
0.321905
0.719632
0.601765
0.245861
0.049278
0.298607
0.606409
0.077312
0.369674
0.26326
0.208586
0.07522
0.35625
0.254561
0.108874
0.031226
0.305806
0.207123
0.036328
0.060243
0.032601
0.459174
0.051349
0.466276
0.465467
0.04235
0.386971
0.076665
0.161744
0.293594
0.893502
0.066348
0.154186
0.067996
0.683881
0.130339
0.729822
0.12499
0.170808
0.423515
0.11546
0.476294
0.190061
0.707168
0.53352
0.157047
0.033941
0.164571
0.125543
0.907832
0.293598
0.944083
0.756326
0.511648
0.743393
0.28737
0.410665
0.406602
0.524972
0.096535
0.128326
0.312928
0.25382
0.654877
0.593702
0.303231
0.66063
0.419539
0.405657
0.161175
0.104291
0.897431
0.068872
0.274903
0.199582
0.055154
0.461337
0.04498
0.25773
0.284591
0.052236
0.396047
0.568435
0.116954
0.132977
0.372396
0.468273
0.161435
0.28093
0.186873
0.72325
0.506884
0.057383
0.052579
0.463715
0.145622
0.154829
0.398077
0.621567
0.073767
0.737219
0.46246
0.023151
0.750412
0.770567
0.872359
0.189297
0.26643
0.187689
0.782772
0.5781
0.726985
0.116362
0.041007
0.070638
0.583168
0.666167
0.313532
0.047532
0.036444
0.592826
0.305507
0.73115
0.059375
0.150316
0.285692
0.516267
0.428891
0.222738
0.076384
0.591145
0.180941
0.120486
0.988031
0.171964
0.075796
0.052816
0.081899
0.120315
0.417388
0.451382
0.211071
0.539349
0.165583
0.087103
0.882353
0.689726
0.031529
0.158029
0.256196
0.075948
0.059198
0.136355
0.293391
0.522801
0.153825
0.064361
0.526506
0.278028
0.146325
0.443274
0.027787
0.498287
0.43071
0.152602
0.277534
0.099244
0.102668
0.081177
0.535865
0.296355
0.737476
0.097397
0.461063
0.661103
0.348264
0.240735
0.19937
0.59111
0.508532
0.518825
0.980485
0.159543
0.313688
0.261824
0.511019
0.053769
0.205874
0.357607
0.329105
0.396506
0.051679
0.081437
0.395158
0.250918
0.376077
0.346214
0.066846
0.452518
0.610166
0.896014
0.156366
0.260943
0.493717
0.120975
0.440262
0.736189
0.199149
0.032629
0.191574
0.112416
0.153272
0.448572
0.29066
0.705576
0.36613
0.095393
0.302748
0.548356
0.740613
0.082904
0.85714
0.054722
0.051011
0.569916
0.04435
0.479007
0.629729
0.675239
0.080059
0.827064
0.931541
0.890449
0.133889
0.277858
0.114721
0.771577
0.713366
0.417046
0.343722
0.030499
0.150561
0.133146
0.170122
0.910681
0.176022
0.194986
0.05619
0.442593
0.170892
0.660209
0.485053
0.301065
0.157963
0.667933
0.875278
0.356837
0.032338
0.347781
0.778617
0.129989
0.035025
0.246585
0.917084
0.204144
0.050907
0.961615
0.781788
0.161964
0.563611
0.269747
0.599502
0.035409
0.067693
0.204343
0.19948
0.207897
0.266704
0.958569
0.941301
0.104278
0.943356
0.120198
0.065751
0.397946
0.321504
0.766513
0.316173
0.915437
0.337721
0.743652
0.207975
0.428736
0.482957
0.036009
0.195478
0.320218
0.271616
0.032275
0.516232
0.048543
0.189945
0.751297
0.249075
0.088253
0.087998
0.156024
0.196427
0.705939
0.075485
0.275169
0.228215
0.147062
0.041942
0.370889
0.231125
0.821547
0.063791
0.237596
0.601951
0.965028
0.780813
0.1305
0.510034
0.215925
0.247819
0.072128
0.535974
0.046348
0.589881
0.697921
0.209786
0.248237
0.075624
0.79811
0.343358
0.122952
0.717184
0.055735
0.617482
0.782222
0.137075
0.515266
0.214138
0.096245
0.116438
0.114109
0.28214
0.146275
0.056487
0.090996
0.123012
0.602739
0.767607
0.223932
0.239925
0.618165
0.059408
0.150012
0.278915
0.184938
0.20984
0.108018
0.185856
0.262445
0.153894
0.978885
0.660252
0.772454
0.2653
0.401438
0.769667
0.467204
0.806271
0.286422
0.138544
0.513472
0.039019
0.343921
0.131911
0.248327
0.088988
0.028876
0.331218
0.160421
0.464944
0.325257
0.479342
0.096391
0.928888
0.73608
0.156032
0.063055
0.29221
0.423533
0.517146
0.388699
0.123914
0.326622
0.046191
0.995285
0.058559
0.990769
0.320214
0.943734
0.73104
0.806866
0.487871
0.560614
0.918579
0.049688
0.665419
0.146413
0.332352
0.48235
0.464806
0.55944
0.06447
0.302852
0.195509
0.120882
0.040539
0.228265
0.164138
0.063153
0.071098
0.162801
0.242764
0.031563
0.058493
0.261198
0.093733
0.273495
0.321837
0.391123
0.065171
0.383791
0.794982
0.189605
0.357893
0.276647
0.177084
0.912931
0.919211
0.079027
0.657965
0.767788
0.738843
0.708857
0.17392
0.480989
0.677173
0.828363
0.239034
0.349245
0.032108
0.306557
0.497148
0.959414
0.299076
0.046023
0.65864
0.499667
0.872299
0.245062
0.08883
0.119685
0.047187
0.354564
0.530363
0.024444
0.261836
0.235304
0.258053
0.327598
0.097104
0.030307
0.226643
0.986204
0.69953
0.931946
0.621438
0.182683
0.52604
0.455348
0.039722
0.393231
0.163391
0.88226
0.191027
0.105669
0.244828
0.279489
0.225124
0.313075
0.087998
0.245242
0.408543
0.386704
0.562751
0.06952
0.140986
0.340561
0.974952
0.477554
0.22279
0.290699
0.687538
0.706123
0.272323
0.894313
0.245696
0.524676
0.966393
0.511938
0.08878
0.154664
0.139002
0.116106
0.640815
0.079561
0.040164
0.49706
0.608858
0.277111
0.330804
0.223075
0.03191
0.159072
0.119928
0.058392
0.2573
0.088589
0.079234
0.066215
0.657802
0.080971
0.419246
0.05579
0.575201
0.082788
0.092214
0.124822
0.263403
0.095843
0.061062
0.493566
0.04456
0.045262
0.358392
0.860546
0.029931
0.030012
0.86501
0.230102
0.095329
0.325396
0.094063
0.389752
0.690029
0.07127
0.441638
0.070933
0.392732
0.993152
0.067352
0.381991
0.427904
0.325466
0.047762
0.384369
0.300256
0.264321
0.689112
0.241029
0.893686
0.156711
0.215177
0.072522
0.312715
0.10536
0.262349
0.965879
0.352667
0.171666
0.809777
0.253173
0.289703
0.60322
0.857743
0.050314
0.971022
0.08363
0.041583
0.423925
0.447202
0.252798
0.193267
0.464296
0.329155
0.308256
0.571483
0.038194
0.141864
0.470084
0.934145
0.422548
0.039652
0.185341
0.138684
0.03782
0.112835
0.040901
0.183694
0.127632
0.093612
0.120708
0.106579
0.591218
0.145058
0.630956
0.151226
0.280098
0.034401
0.160379
0.119603
0.214137
