0.949368
0.989101
0.430257
0.169063
0.770945
0.960624
0.619709
0.892929
0.969191
0.943288
0.935486
0.987304
0.998106
0.969709
0.983563
0.994158
0.96963
0.998653
0.912378
0.99482
0.869856
0.167487
0.969587
0.999074
0.998887
0.877776
0.972948
0.914048
0.114573
0.701005
0.796852
0.993129
0.9898
0.669898
0.652918
0.948225
0.721195
0.502732
0.967802
0.609168
0.393466
0.770071
0.960567
0.983683
0.97763
0.985934
0.634777
0.711703
0.995924
0.948837
0.985266
0.266774
0.989447
0.073602
0.043927
0.993274
0.998531
0.996671
0.775008
0.957935
0.177062
0.98146
0.88033
0.289048
0.946904
0.965981
0.980982
0.801422
0.868382
0.93188
0.981453
0.976982
0.72526
0.897774
0.972171
0.598382
0.372315
0.806794
0.996563
0.993501
0.924201
0.9836
0.976334
0.847994
0.932729
0.990092
0.989741
0.988905
0.946676
0.898408
0.996234
0.997481
0.966348
0.998888
0.78353
0.941161
0.980295
0.003969
0.940603
0.999675
0.985292
0.996431
0.812919
0.976656
0.957447
0.971152
0.044054
0.312075
0.883726
0.219356
0.992017
0.896648
0.999089
0.931637
0.989678
0.933413
0.9319
0.902862
0.958907
0.997905
0.966054
0.994481
0.960001
0.942555
0.935434
0.947465
0.156169
0.71234
0.998723
0.708294
0.993446
0.888273
0.105412
0.99801
0.980738
0.985594
0.999522
0.71566
0.943054
0.928766
0.880965
0.915178
0.993596
0.611519
0.91616
0.997956
0.141649
0.994794
0.363714
0.914655
0.800544
0.966477
0.648575
0.963795
0.951274
0.858307
0.99208
0.980793
0.640707
0.977799
0.995624
0.971404
0.981399
0.95004
0.894796
0.925814
0.893588
0.992822
0.561344
0.881445
0.972386
0.566965
0.997522
0.825323
0.387922
0.931261
0.991322
0.91503
0.038586
0.960505
0.957437
0.546554
0.921519
0.948771
0.040288
0.987643
0.984345
0.541046
0.787463
0.781789
0.988795
0.727966
0.990709
0.001749
0.97397
0.994242
0.99724
0.347206
0.697714
0.033483
0.883905
0.984743
0.628527
0.975705
0.891011
0.889702
0.999213
0.113733
0.16375
0.666644
0.993555
0.623725
0.609457
0.196805
0.09631
0.938035
0.895831
0.955551
0.450418
0.876553
0.858361
0.985878
0.988181
0.94748
0.992078
0.790389
0.15474
0.001251
0.974425
0.999226
0.632939
0.100009
0.106688
0.002796
0.948071
0.607322
0.401746
0.8937
0.760737
0.433634
0.952508
0.941966
0.93199
0.818139
0.063182
0.531797
0.988517
0.99889
0.966673
0.302402
0.585923
0.889349
0.996193
0.994813
0.598069
0.222455
0.993721
0.927595
0.996625
0.998944
0.986023
0.105513
0.663074
0.997899
0.934274
0.980622
0.977978
0.997388
0.995498
0.949177
0.987103
0.930725
0.998272
0.790508
0.326548
0.889708
0.971874
0.826541
0.940512
0.44494
0.02
0.876114
0.357149
0.00738
0.965636
0.993053
0.97354
0.866334
0.97749
0.142211
0.01256
0.896931
0.953384
0.393113
0.000282
0.331533
0.935643
0.975468
0.984466
0.999849
0.235678
0.885508
0.761981
0.068076
0.005961
0.98528
0.974621
0.930973
0.999325
0.844302
0.399134
0.527312
0.918913
0.967037
0.426884
0.211175
0.785545
0.94604
0.248068
0.017701
0.989389
0.599558
0.968842
0.97861
0.361627
0.916154
0.179344
0.869395
0.313874
0.998524
0.379713
0.022364
0.99963
0.990093
0.002361
0.994385
0.935222
0.998658
0.877889
0.273129
0.794076
0.972385
0.601624
0.599397
0.985979
0.991412
0.913342
0.793303
0.671557
0.555238
0.913542
0.663019
0.232806
0.081417
0.997099
0.992828
0.952163
0.983386
0.792543
0.680911
0.998396
0.272228
0.999961
0.449959
0.65383
0.95546
0.204748
0.828772
0.002233
0.85748
0.925352
0.992925
0.957763
0.989686
0.878348
0.992141
0.998549
0.98337
0.919078
0.616168
0.089457
0.95875
0.576671
1.000006
0.741587
0.383769
0.74863
0.98965
0.987315
0.996138
0.988505
0.379938
0.999908
0.960549
0.668875
0.732125
0.97824
0.806849
0.551021
0.165427
0.667041
0.227787
0.026573
0.18121
0.978164
0.944542
0.89197
0.850805
0.991213
0.971867
0.873536
0.264078
0.842564
0.970355
0.99237
0.005795
0.990868
0.989308
0.317182
0.073244
0.988262
0.364685
0.999819
0.111366
0.752308
0.680215
0.853335
0.801202
0.982277
0.452281
0.993279
0.991581
0.927619
0.204293
0.997218
0.204665
0.741568
0.95962
0.964591
0.974731
0.931249
0.62058
0.998574
0.934132
0.865836
0.618637
0.980358
0.037718
0.997076
0.00068
0.990841
0.972726
0.430223
0.937427
0.00461
0.961769
0.885077
0.826713
0.840194
0.089786
0.598035
0.952698
0.99662
0.926888
0.030062
0.77952
0.145522
0.787572
0.45346
0.983936
0.983623
0.00187
0.999316
0.410992
0.801152
0.902977
0.747646
0.429921
0.656009
0.936732
0.008106
0.953425
0.986098
0.977325
0.995596
0.996785
0.049461
0.003242
0.995953
0.468944
0.000371
0.998359
0.203218
0.843949
0.333934
0.974843
0.98794
0.993437
0.961565
0.998921
0.048582
0.019668
0.782718
0.986262
0.995013
0.93238
0.032319
0.998726
0.991744
0.031178
0.046141
0.98996
0.912605
0.033603
0.954039
0.994538
0.692087
0.026352
0.970545
0.000542
0.958624
0.899093
0.895267
0.866245
0.89898
0.205303
0.984507
0.036756
0.796904
0.998248
0.620279
0.171023
0.102151
0.99168
0.985414
0.995537
0.753173
0.010065
0.976271
0.75124
0.809497
0.02116
0.998696
0.965244
0.978173
0.900796
0.348175
0.992618
0.937264
0.989058
0.859598
0.107963
0.477231
0.905378
0.000715
0.063107
0.998808
0.002068
0.998366
0.117785
0.337287
0.004084
0.98381
0.000804
0.0044
0.953752
0.58078
0.929113
0.801205
0.633494
0.954803
0.01229
0.945331
0.615952
0.000445
0.945775
0.796432
0.926027
0.517935
0.887076
0.918831
0.8819
0.408545
0.493587
0.829461
0.585406
0.000277
0.989867
0.756693
0.948861
0.000417
0.000187
0.43969
0.892903
0.999622
0.993927
0.990359
0.006756
0.710861
0.987658
0.973377
0.973648
0.989256
0.329131
0.984626
0.481722
0.998203
0.744703
0.86425
0.989534
0.049854
0.049405
0.877115
0.970833
0.797871
0.927064
0.861389
0.962216
0.36309
0.980414
0.999293
0.068413
0.000744
0.433858
0.217227
0.80708
0.976494
0.001455
0.99667
0.998677
0.992991
0.094325
0.999434
0.96925
0.913963
0.111743
0.994323
0.987194
0.004518
0.205482
0.817748
0.147493
0.009439
0.007215
0.002637
0.000133
0.060506
0.763263
0.003255
0.000389
0.657479
0.99509
0.992949
0.987714
0.185929
0.91456
0.985076
0.916626
0.755314
0.005882
0.000673
0.073958
0.89195
0.684583
0.911991
0.050493
0.988839
0.986424
0.000335
0.923165
0.122598
0.721569
0.153255
0.960214
0.960139
0.948048
0.006284
0.985728
0.97335
0.079936
0.216304
0.082503
0.756534
0.979498
0.989535
0.871296
0.391468
0.921829
0.033405
0.985945
0.839671
0.715639
0.990589
0.893287
0.97968
0.945934
0.997155
0.005917
0.621318
0.97684
0.024936
0.951278
0.09089
0.771497
0.006728
0.76357
0.16672
0.596319
0.368197
0.681489
0.988957
0.105458
0.000883
0.612688
0.077051
0.998197
0.000169
0.760527
0.015428
0.243333
0.284818
0.194413
0.053787
0.198502
0.016671
0.890827
0.091422
0.880121
0.048734
0.002467
0.997771
0.541989
0.586794
0.268864
0.949105
0.006604
0.000284
0.446709
0.00028
0.811102
0.972263
0.000172
0.810342
0.000608
0.504605
0.80768
0.97359
0.999407
0.107001
0.303826
0.164136
0.796964
0.977449
0.800884
0.995225
0.139235
0.017246
0.010399
0.307568
0.002029
0.000144
0.898215
0.001607
0.003564
0.99
0.558212
0.856207
0.418643
0.990156
0.646941
0.664043
0.028583
0.751983
0.002089
0.846289
0.391883
0.894782
0.788623
0.681883
0.992795
0.260502
0.907438
0.94356
0.817401
0.005611
0.358776
0.005663
0.382752
0.099015
0.111655
0.971813
0.209379
0.228424
0.021389
0.987366
0.999932
0.061121
0.388287
0.871646
0.815354
0.004213
0.030103
0.798695
0.966393
0.005431
0.987776
0.998571
0.882505
0.001441
0.978715
0.041546
0.0002
0.75784
0.209721
0.462774
0.759348
0.149702
0.660287
0.996146
0.039539
0.001513
0.111326
0.998817
0.085512
0.614552
0.973241
0.911078
0.974148
0.754789
0.974088
0.97678
0.946288
0.956213
0.032549
0.516343
0.989413
0.768241
0.803709
0.062065
0.962215
0.062006
0.865453
0.771691
0.0144
0.002979
0.787559
0.000271
0.588504
0.775761
0.990538
0.07345
0.995988
0.946556
0.059982
0.663784
0.008897
0.145868
0.12829
0.383412
0.999225
0.366066
0.618837
0.996211
0.96429
0.816328
0.579777
0.882707
0.565959
0.000789
0.001166
0.64234
0.890907
0.855559
0.701416
0.016978
0.986133
0.902886
0.186554
0.193499
0.48495
0.000213
0.888339
0.996972
0.858405
0.943559
0.004537
0.130633
0.489077
0.891389
0.951941
0.000336
0.438072
0.846658
0.80745
0.00055
0.155118
0.00173
0.001647
0.998486
0.876426
0.970643
0.997792
0.027153
0.700133
0.574565
0.017733
0.000243
0.644004
0.429642
0.999381
0.084886
0.984512
0.434819
0.361002
0.040494
0.080168
0.000906
0.004199
0.637123
0.065475
0.9965
0.030766
0.653549
0.922118
0.007517
0.999209
0.450116
0.961102
0.015891
0.00085
0.066045
0.430126
0.263882
0.760404
0.979229
0.734472
0.978243
0.943917
0.848871
0.981404
0.061797
0.955955
0.971223
0.949979
0.245862
0.784597
0.47338
0.333086
0.818417
0.000863
0.949732
0.993472
0.846334
0.015524
0.840774
0.921571
0.967457
0.302605
0.544158
0.29008
0.106893
0.589935
0.007731
0.85968
0.003869
0.965972
0.963652
0.078667
0.039713
0.887051
0.00108
0.87821
0.990593
0.001662
0.949028
0.899392
0.004972
0.620402
0.012854
0.000725
0.284214
0.956337
0.994733
0.002412
0.000119
0.997214
0.905066
0.980434
0.031805
0.987384
0.412401
0.932937
0.959668
0.345029
0.000374
0.231119
0.994522
0.000103
0.781964
0.282948
0.129784
0.010089
0.997184
0.025842
0.902395
0.964115
0.006697
0.999991
0.015643
0.001192
0.047115
0.994924
0.898143
0.00043
0.018394
0.973577
0.987305
0.052171
0.066724
0.723477
0.765073
0.000126
0.008457
0.992707
0.720938
0.713138
0.348735
0.999342
0.972043
0.987514
0.199639
0.936356
0.996824
0.955277
0.939714
0.90104
0.545001
0.96342
0.002203
0.918207
0.987596
0.954118
0.80318
0.000439
0.777352
0.107259
0.000612
0.004921
0.901772
0.009243
0.181406
0.00161
0.175852
0.983619
0.986903
0.022256
0.943202
0.986955
0.817428
0.486368
0.099699
0.056615
0.898933
0.081473
0.007137
0.859467
0.4394
0.997183
0.979969
0.812808
0.826246
0.182808
0.862855
0.237373
0.395481
0.115671
0.029838
0.977578
0.694116
0.891702
0.998066
0.944918
0.013285
0.047928
0.98517
0.000173
0.858427
0.000157
0.834373
0.845032
0.544383
0.941045
0.003293
0.998322
0.911693
0.982082
0.000225
0.02289
0.861112
0.091714
0.220862
0.289736
0.163577
0.989503
0.003704
0.661327
0.079201
0.337783
0.031978
0.039125
0.907358
0.00925
0.889944
0.880207
0.070087
0.986223
0.667855
0.062724
0.991745
0.865802
0.966322
0.004758
0.030858
0.975228
0.031334
0.00012
0.198651
0.993338
0.982524
0.373486
0.011679
0.928026
0.058467
0.605305
0.001007
0.828452
0.939277
0.960456
0.940262
0.001452
0.037509
0.449687
0.555055
0.04309
0.981854
0.000593
0.005155
0.4776
0.598886
0.077045
0.907448
0.21279
0.843834
0.94531
0.792307
0.850351
0.997627
0.000409
0.980629
0.907285
0.080897
0.006127
0.018698
0.16658
0.978236
0.050039
0.983162
0.740722
0.988789
0.245137
0.614611
0.970835
0.000361
0.026863
0.005025
0.005586
0.93289
0.950721
0.965896
0.798605
0.425958
0.033293
0.002785
0.10449
0.921565
0.712914
0.926356
0.000624
0.983734
0.026412
0.253414
0.999681
0.717452
0.138199
0.978722
0.730997
0.795164
0.013993
0.053097
0.087933
0.065813
0.110296
0.862176
0.737811
0.083374
0.999878
0.356597
0.46636
0.001388
0.961094
0.00667
0.187433
0.977567
0.020877
0.003756
0.99973
0.994149
0.008934
0.406412
0.009207
0.83938
0.222087
0.83847
0.690057
0.112715
0.902313
0.179837
0.556498
0.888687
0.59453
0.866288
0.831665
0.100041
0.045551
0.538297
0.592155
0.08107
0.376199
0.514822
0.938662
0.551736
0.800753
0.050388
0.000515
0.92363
0.024931
0.002313
0.725693
0.948252
0.000665
0.301608
0.890213
1.00002
0.009584
0.943457
0.632168
0.732106
0.051226
0.000152
0.119854
0.785982
0.023551
0.953269
0.44404
0.83871
0.000699
0.030452
0.232676
0.026561
0.73999
0.991466
0.027503
0.198743
0.994582
0.090675
0.312844
0.320728
0.026039
0.000112
0.813228
0.980639
0.997922
0.887794
0.182715
0.310495
0.996606
0.011574
0.927601
0.637634
0.748678
0.716215
0.000242
0.00479
0.055616
0.871211
0.47845
0.065736
0.570456
0.964353
0.912037
0.000545
0.117197
0.994144
0.159796
0.997449
0.000174
0.639013
0.997962
0.197381
0.989605
0.450842
0.298343
0.131963
0.994813
0.024115
0.28497
0.107657
0.980641
0.67535
0.424647
0.9388
0.917245
0.569175
0.888756
0.955056
0.891293
0.435664
0.00726
0.764573
0.453854
0.961024
0.030007
0.072123
0.92012
0.885903
0.311228
0.399229
0.902128
0.715078
0.997761
0.18915
0.315258
0.927932
0.015617
0.015727
0.718131
0.002822
0.998306
0.351909
0.99903
0.866679
0.000114
0.080619
0.396635
0.011926
0.941774
0.998109
0.003682
0.00183
0.012858
0.024492
0.1065
0.041128
0.001907
0.957565
0.970906
0.034706
0.002494
0.405422
0.977054
0.066497
0.988317
0.480038
0.137931
0.056575
0.2366
0.960021
0.988058
0.04591
0.162772
0.319427
0.982196
0.013292
0.934836
0.679757
0.00037
0.024981
0.178269
0.977403
0.002501
0.053477
0.220936
0.080984
0.003257
0.072005
0.131234
0.901554
0.03731
0.307498
0.450792
0.542782
0.002187
0.031144
0.992614
0.815094
0.182605
0.035838
0.619179
0.02508
0.251765
0.89076
0.119363
0.997558
0.925933
0.795991
0.615935
0.981571
0.559382
0.082036
0.000173
0.961675
0.777612
0.003562
0.967067
0.38253
0.000167
0.123048
0.02519
0.998819
0.995234
0.005503
0.000269
0.090398
0.916362
0.67426
0.001555
0.451528
0.060966
0.298633
0.001672
0.000238
0.120541
0.799645
0.69499
0.785956
0.997094
0.067085
0.02023
0.112526
0.080892
0.01771
0.000455
0.011518
0.777795
0.037212
0.145866
0.384027
0.132308
0.995672
0.078401
0.850153
0.420511
0.702192
0.045551
0.220473
0.000281
0.819653
0.863703
0.069126
0.003189
0.910535
0.996191
0.209335
0.901561
0.915725
0.093501
0.878511
0.000888
0.163127
0.891222
0.010791
0.980146
0.598761
0.208704
0.958114
0.997749
0.002498
0.006778
0.90622
0.140333
0.647337
0.075585
0.00242
0.000438
0.997815
0.005608
0.127131
0.634996
0.101068
0.909917
0.998306
0.744905
0.006063
0.989488
0.023077
0.915009
0.928308
0.001736
0.011142
0.063801
0.145031
0.148533
0.021489
0.600339
0.437527
0.000102
0.08045
0.595501
0.000187
0.652572
0.002007
0.837606
0.010511
0.015663
0.009019
0.665954
0.020798
0.000187
0.003113
0.234512
0.981119
0.005879
0.839599
0.713845
0.686761
0.713532
0.982103
0.30199
0.988874
0.710374
0.137927
0.838654
0.000173
0.010449
0.731977
0.984439
0.962946
0.999092
0.934651
0.915595
0.145349
0.079025
0.019504
0.0004
0.229254
0.698459
0.985516
0.303242
0.973357
0.44769
0.951386
0.605324
0.363059
0.011145
0.956295
0.105238
0.49242
0.638506
0.917092
0.993537
0.007027
0.208683
0.997426
0.96019
0.051644
0.053994
0.658191
0.372818
0.603772
0.624162
0.156257
0.469104
0.539173
0.782129
0.001717
0.005379
0.710352
0.001375
0.710005
0.14237
0.991767
0.006766
0.958764
0.387597
0.002419
0.261707
0.987229
0.401577
0.094578
0.846961
0.996492
0.083468
0.051369
0.980099
0.010384
0.335934
0.907016
0.27175
0.994084
0.038245
0.998251
0.542837
0.603966
0.99702
0.015131
0.000346
0.011412
0.011411
0.157147
0.838686
0.971745
0.001254
0.453417
0.995165
0.59649
0.00151
0.681879
0.995966
0.005587
0.01632
0.002023
0.401662
0.021176
0.001103
0.989603
0.014493
0.366818
0.998705
0.997375
0.105199
0.992487
0.020532
0.554254
0.000226
0.727137
0.000757
0.242679
0.40898
0.951049
0.069557
0.971433
0.000107
0.947148
0.924463
0.097091
0.580473
0.928685
0.911864
0.83108
0.269759
0.511911
0.518659
0.999037
0.997495
0.89654
0.009233
0.571711
0.016472
0.989872
0.000739
0.243063
0.016441
0.997105
0.000103
0.033961
0.048262
0.042508
0.003015
0.805753
0.018501
0.000902
0.002129
0.027816
0.065976
0.15443
0.979607
0.00242
0.031441
0.997125
0.813911
0.010615
0.917477
0.001732
0.882842
0.501747
0.554791
0.00121
0.238762
0.081357
0.968275
0.006638
0.792166
0.01029
0.212423
0.095494
0.962907
0.790041
0.043053
0.090828
0.136261
0.075574
0.997261
0.010837
0.979384
0.094071
0.952541
0.755972
0.273573
0.007425
0.852741
0.000294
0.524955
0.657399
0.111174
0.575703
0.468442
0.113973
0.995102
0.899475
0.624396
0.638106
0.986916
0.000657
0.004409
0.850291
0.009403
0.992617
0.004798
0.001391
0.622531
0.015305
0.033969
0.994882
0.170884
0.018902
0.032584
0.993141
0.137338
0.008941
0.005378
0.985201
0.001171
0.886573
0.000625
0.946885
0.000304
0.016268
0.862654
0.003863
0.992223
0.659264
0.423314
0.002187
0.993677
0.74388
0.911561
0.664607
0.813393
0.003128
0.085982
0.029329
0.778513
0.993592
0.003588
0.005624
0.010193
0.192984
0.985505
0.163677
0.000358
0.43013
0.986163
0.444521
0.683385
0.000251
0.019425
0.143199
0.9975
0.011558
0.209818
0.277791
0.042857
0.000103
0.1038
0.198865
0.000768
0.081353
0.474767
0.056218
0.937143
0.989262
0.932218
0.084568
0.892577
0.875078
0.003325
0.937527
0.006741
0.069567
0.129079
0.000446
0.057778
0.204683
0.001716
0.14221
0.999452
0.221739
0.043577
0.000195
0.288961
0.00201
0.001078
0.968645
0.977883
0.006504
0.05266
0.012254
0.789833
0.262732
0.002075
0.988864
0.394539
0.128958
0.710527
0.945889
0.98535
0.01388
0.998425
0.000113
0.061497
0.283296
0.180991
0.984912
0.000503
0.984482
0.009929
0.936106
0.711773
0.877729
0.780443
0.113417
0.004153
0.000449
0.987132
0.572946
0.000644
0.130286
0.003529
0.037719
0.490489
0.023932
0.305067
0.109539
0.90677
0.989138
0.001243
0.000192
0.002701
0.991016
0.104636
0.189577
0.304956
0.000355
0.912272
0.003357
0.173989
0.721968
0.013119
0.891793
0.091123
0.698701
0.000365
0.821888
0.008524
0.782057
0.999847
0.090133
0.002834
0.141326
0.981131
0.002869
0.95163
0.035207
0.560986
0.032661
0.036416
0.907784
0.012696
0.013612
0.760095
0.724848
0.03257
0.893736
0.001473
0.999109
0.986873
0.014591
0.99951
0.029322
0.166223
0.00055
0.767687
0.007192
0.659107
0.478239
0.957663
0.104764
0.007817
0.21545
0.896565
0.032086
0.014714
0.971455
0.002354
0.048022
0.073418
0.016052
0.001968
0.000319
0.969427
0.70036
0.846369
0.032431
0.368258
0.527124
0.346567
0.012802
0.01936
0.064412
0.454094
0.000252
0.914383
0.346878
0.950698
0.919206
0.000865
0.006262
0.258438
0.511417
0.40243
0.004664
0.057214
0.035661
0.935696
0.997381
0.296663
0.991943
0.063666
0.747418
0.31325
0.989596
0.006529
0.991768
0.007772
0.02517
0.987528
0.025325
0.943106
0.494536
0.000838
0.552039
0.768319
0.026449
0.716827
0.003834
0.5226
0.97957
0.606663
0.947912
0.346596
0.017874
0.000144
0.497498
0.605355
0.31245
0.975199
0.013184
0.000955
0.001249
0.057342
0.986389
0.137121
0.381845
0.087045
0.122279
0.063202
0.00098
0.993787
0.000117
0.51163
0.000185
0.218786
0.032739
0.749916
0.286806
0.605819
0.096548
0.06145
0.002
0.008454
0.847197
0.703587
0.079046
0.637572
0.011453
0.453658
0.078277
0.721488
0.177094
0.551006
0.000865
0.00111
0.28417
0.033382
0.06382
0.031561
0.331004
0.405813
0.102883
0.581502
0.281646
0.644876
0.35733
0.629354
0.000591
0.794395
0.000536
0.047021
0.042818
0.000486
0.962129
0.817145
0.001206
0.622091
0.404997
0.047055
0.02825
0.000502
0.074364
0.869948
0.977427
0.486843
0.085447
0.008071
0.050435
0.013963
0.003782
0.856592
0.00046
0.005139
0.007275
0.258967
0.000225
0.716435
0.999019
0.063764
0.000207
0.096045
0.001064
0.547057
0.000214
0.14437
0.952287
0.06293
0.99262
0.110553
0.0013
0.000929
0.604294
0.024116
0.636343
0.335985
0.678916
0.424143
0.002136
0.000168
0.029868
0.000147
0.030963
0.592377
0.990927
0.00459
0.005313
0.001282
0.001994
0.986947
0.002514
0.985813
0.941077
0.00044
0.062882
0.978318
0.34096
0.154775
0.001878
0.363917
0.082939
0.881422
0.004449
0.187644
0.989452
0.0171
0.88497
0.016114
0.024512
0.042105
0.302376
0.092407
0.029752
0.042128
0.327291
0.522152
0.060487
0.269265
0.049219
0.011149
0.088992
0.128895
0.076809
0.040297
0.819834
0.111185
0.486003
0.649822
0.596817
0.49981
0.622568
0.579508
0.000134
0.021717
0.882846
0.139687
0.195721
0.200341
0.527556
0.336724
0.999742
0.000766
0.514579
0.174284
0.065659
0.214259
0.045597
0.476915
0.003731
0.073027
0.993462
0.807699
0.15844
0.166132
0.940964
0.935747
0.026173
0.992545
0.005478
0.076138
0.00168
0.003673
0.000206
0.634329
0.968291
0.667503
0.011757
0.078177
0.972416
0.381353
0.05634
0.000233
0.038921
0.173113
0.994991
0.063842
0.739115
0.502721
0.93694
0.827354
0.004984
0.94685
0.004525
0.573458
0.893487
0.300992
0.919187
0.961439
0.60657
0.001277
0.003149
0.249763
0.00789
0.042415
0.318854
0.005068
0.978532
0.000505
0.021936
0.044138
0.015495
0.127307
0.957076
0.980239
0.00087
0.988902
0.002954
0.001246
0.151959
0.019339
0.032273
0.460482
0.013244
0.000408
0.081048
0.737467
0.955516
0.0033
0.000923
0.017125
0.00451
0.000128
0.0099
0.010788
0.002199
0.640072
0.906978
0.331158
0.581405
0.940292
0.780965
0.669128
0.479215
0.710593
0.198406
0.37528
0.006042
0.961455
0.004994
0.942077
0.000993
0.085322
0.005606
0.976825
0.052719
0.938689
0.977092
0.841749
0.873036
0.000178
0.027768
0.699922
0.019294
0.005315
0.239843
0.262825
0.012628
0.500575
0.094013
0.050497
0.1994
0.105334
0.007218
0.696589
0.160456
0.006633
0.293142
0.024047
0.975193
0.001481
0.641122
0.89874
0.001358
0.06455
0.003296
0.02781
0.013382
0.000102
0.00091
0.007243
0.050226
0.129197
0.007227
0.971315
0.996102
0.000565
0.010651
0.112093
0.070329
0.095348
0.029713
0.000737
0.003593
0.602144
0.908186
0.075798
0.324156
0.821759
0.043467
0.001126
0.074687
0.974741
0.367349
0.712697
0.876994
0.041386
0.006834
0.059581
0.000736
0.004434
0.008724
0.984555
0.207566
0.018223
0.330027
0.015553
0.69453
0.007795
0.87831
0.127349
0.000764
0.279658
0.039633
0.850656
0.000119
0.282307
0.008815
0.266271
0.648995
0.000109
0.975806
0.00306
0.001613
0.848162
0.013069
0.289592
0.178376
0.901326
0.276188
0.011225
0.973191
0.020563
0.996534
0.001199
0.954278
0.091938
0.999991
0.093768
0.029479
0.024559
0.001319
0.186576
0.085419
0.03202
0.987668
0.018642
0.04537
0.000207
0.927214
0.997019
0.923734
0.050452
0.34883
0.601167
0.00225
0.001281
0.019366
0.368291
0.759892
0.185002
0.001916
0.037712
0.846823
0.014671
0.00027
0.512117
0.083677
0.004194
0.979214
0.430282
0.002618
0.001617
0.617183
0.821867
0.985837
0.97806
0.981987
0.258692
0.028413
0.162569
0.000865
0.610436
0.031761
0.996452
0.458987
0.369885
0.959912
0.010228
0.002474
0.024016
0.332092
0.988691
0.000248
0.997216
0.926118
0.975714
0.612233
0.859698
0.001848
0.374998
0.026863
0.900427
0.05187
0.604927
0.863565
0.046841
0.0521
0.002527
0.62222
0.00131
0.043585
0.002842
0.177909
0.016733
0.643902
0.003083
0.944394
0.027577
0.026033
0.12569
0.282061
0.663379
0.002548
0.922556
0.649972
0.984622
0.003248
0.280581
0.93307
0.000392
0.933489
0.615324
0.995488
0.048986
0.004985
0.725423
0.043219
0.004332
0.531134
0.615124
0.025328
0.930952
0.005431
0.734619
0.004898
0.493256
0.968117
0.199601
0.017524
0.863744
0.529411
0.653382
0.000157
0.946562
0.96741
0.000571
0.615063
0.258322
0.987818
0.067372
0.000116
0.995282
0.21534
0.030492
0.997243
0.00124
0.000207
0.017196
0.487213
0.510597
0.081001
0.000737
0.002764
0.027834
0.085757
0.001054
0.835345
0.459274
0.005087
0.000195
0.610277
0.000746
0.002888
0.060986
0.813128
0.003571
0.024578
0.000131
0.110602
0.12413
0.0015
0.795531
0.440346
0.002075
0.00994
0.028477
0.1615
0.069839
0.092607
0.998464
0.004398
0.230923
0.05769
0.001022
0.929951
0.697877
0.131927
0.061487
0.970906
0.118005
0.02212
0.407971
0.74144
0.008018
0.437517
0.13619
0.996437
0.001016
0.185337
0.185911
0.000413
0.944938
0.016811
0.90852
0.139963
0.996945
0.035216
0.050037
0.894334
0.076144
0.995587
0.025039
0.498676
0.000309
0.985524
0.270967
0.000431
0.712031
0.027793
0.003683
0.11222
0.000841
0.0378
0.044367
0.694544
0.760145
0.102519
0.779531
0.801075
0.013715
0.974159
0.000755
0.001558
0.003042
0.000491
0.002243
0.682113
0.00035
0.020232
0.949591
0.003924
0.011593
0.267922
0.170097
0.729533
0.200746
0.120148
0.009891
0.061293
0.176846
0.852509
0.203275
0.001562
0.608944
0.078822
0.671179
0.003584
0.788403
0.037494
0.040695
0.001425
0.266075
0.115035
0.137137
0.000166
0.423452
0.592846
0.021953
0.001286
0.904462
0.003041
0.772578
0.14764
0.000157
0.509666
0.888401
0.049432
0.05214
0.905412
0.944214
0.012466
0.903144
0.002514
0.013187
0.021441
0.41034
0.934025
0.037743
0.750492
0.756005
0.001276
0.93242
0.770207
0.889611
0.934211
0.061754
0.981578
0.98309
0.031496
0.242369
0.013624
0.012047
0.007111
0.000619
0.692024
0.043622
0.699624
0.401307
0.982433
0.192635
0.750573
0.028367
0.996737
0.0002
0.039599
0.259861
0.043596
0.01436
0.642402
0.001493
0.973426
0.801608
0.228713
0.890386
0.927299
0.410848
0.36292
0.002127
0.000142
0.010717
0.217921
0.001197
0.003663
0.370788
0.478775
0.047815
0.983609
0.000156
0.974771
0.458105
0.234548
0.621198
0.974838
0.001941
0.087886
0.002584
0.777621
0.951638
0.003554
0.839697
0.629614
0.067534
0.04197
0.001174
0.561901
0.000539
0.010747
0.062109
0.990611
0.020644
0.355372
0.991796
0.001208
0.005303
0.496069
0.003111
0.982709
0.966027
0.000128
0.00033
0.150398
0.499224
0.841518
0.058181
0.734182
0.630104
0.333947
0.00013
0.000312
0.91376
0.006701
0.994824
0.106245
0.406698
0.346576
0.349203
0.124321
0.143106
0.574027
0.998666
0.002397
0.464099
0.947539
0.005372
0.982911
0.948593
0.042934
0.17709
0.512488
0.149561
0.111782
0.105294
0.140439
0.015096
0.129053
0.065028
0.015257
0.06356
0.862722
0.037554
0.978797
0.313812
0.200823
0.676494
0.288661
0.034551
0.937254
0.162923
0.102527
0.002268
0.006086
0.003293
0.028628
0.010414
0.004912
0.013428
0.972473
0.247986
0.043421
0.029631
0.99582
0.997014
0.117377
0.140043
0.296461
0.46463
0.920312
0.849764
0.000235
0.768566
0.014157
0.845961
0.828741
0.589789
0.224607
0.866004
0.131825
0.000539
0.433587
0.030704
0.996216
0.977155
0.004982
0.00081
0.064833
0.090863
0.332729
0.923138
0.381018
0.018675
0.0289
0.053594
0.974309
0.384155
0.509443
0.013366
0.000411
0.69629
0.105361
0.736028
0.276114
0.907899
0.520284
0.002222
0.001206
0.967175
0.990089
0.909783
0.075246
0.008498
0.000214
0.606648
0.097027
0.003155
0.052316
0.734011
0.961094
0.018205
0.591619
0.002554
0.832401
0.016582
0.097481
0.01331
0.000721
0.00598
0.001263
0.014764
0.995475
0.000194
0.939572
0.67473
0.751348
0.265382
0.152792
0.014332
0.480647
0.140563
0.008094
0.614248
0.984625
0.007326
0.052086
0.000145
0.488854
0.236318
0.998423
0.001505
0.035235
0.004684
0.126963
0.002237
0.007933
0.765206
0.942053
0.859635
0.0022
0.087234
0.779212
0.002014
0.243462
0.281222
0.982722
0.999477
0.10931
0.169697
0.940722
0.303866
0.987583
0.419018
0.025321
0.017455
0.499259
0.004488
0.462304
0.000676
0.019574
0.951678
0.756721
0.617136
0.000702
0.000661
0.125755
0.354926
0.997747
0.000184
0.069787
0.34292
0.908768
0.082019
0.004005
0.126683
0.004529
0.998573
0.999761
0.000157
0.418898
0.069201
0.988285
0.826587
0.236117
0.004364
0.024507
0.039629
0.086937
0.001379
0.481528
0.603346
0.397698
0.496212
0.448854
0.76169
0.876498
0.993057
0.902927
0.744609
0.177684
0.041974
0.038898
0.282797
0.000109
0.721026
0.126666
0.96572
0.331087
0.215693
0.577315
0.752556
0.985874
0.768798
0.030141
0.766491
0.9946
0.012716
0.068555
0.597449
0.00311
0.096438
0.268406
0.790965
0.111845
0.82507
0.183147
0.991094
0.261562
0.342042
0.207147
0.019635
0.002122
0.009233
0.206652
0.014423
0.323049
0.38899
0.153439
0.000342
0.646789
0.000628
0.039634
0.004108
0.957559
0.000701
0.075412
0.000578
0.054481
0.00305
0.148237
0.053523
0.000324
0.025489
0.749721
0.001222
0.608907
0.531765
0.909273
0.004396
0.952054
0.84105
0.038331
0.000316
0.008393
0.807348
0.004906
0.029391
0.00152
0.97868
0.118789
0.182954
0.013727
0.007245
0.045454
0.000122
0.017335
0.005275
0.16202
0.086207
0.509759
0.010261
0.017658
0.037669
0.080108
0.002648
0.001433
0.0001
0.002854
0.026362
0.000261
0.007426
0.979002
0.806114
0.018198
0.362054
0.999121
0.000617
0.010813
0.000366
0.001246
0.973261
0.675024
0.981336
0.005513
0.006287
0.011397
0.00062
0.000219
0.257191
0.176724
0.952932
0.000827
0.083085
0.124247
0.014281
0.001764
0.034781
0.135354
0.301139
0.313725
0.488788
0.008148
0.951159
0.001469
0.007451
0.997686
0.688607
0.001791
0.010949
0.454387
0.67612
0.06422
0.990118
0.641426
0.001745
0.000316
0.003315
0.002467
0.755061
0.000127
0.061975
0.359339
0.201609
0.695456
0.204864
0.04148
0.673226
0.999683
0.039687
0.1115
0.301274
0.682409
0.003306
0.835005
0.70748
0.000149
0.002135
0.211176
0.502299
0.086456
0.001563
0.000344
0.120001
0.003598
0.001684
0.000196
0.93197
0.122393
0.986857
0.002673
0.112691
0.262256
0.571249
0.162887
0.983638
0.013643
0.712491
0.089864
0.01182
0.562198
0.011728
0.00026
0.919754
0.163577
0.038015
0.003707
0.256455
0.08334
0.07387
0.288835
0.823761
0.207383
0.003627
0.00989
0.003125
0.977773
0.00954
0.000335
0.003668
0.719182
0.001854
0.135873
0.544199
0.768128
0.004343
0.267881
0.251315
0.012311
0.312464
0.905088
0.009658
0.000394
0.000616
0.93256
0.002069
0.001359
0.508427
0.001606
0.085341
0.003478
0.020158
0.884992
0.526781
0.032956
0.503591
0.922076
0.029561
0.755357
0.014823
0.997055
0.25518
0.038974
0.7591
0.001912
0.00287
0.810716
0.999248
0.995047
0.360442
0.110468
0.000151
0.874042
0.522218
0.001006
0.678858
0.053927
0.020981
0.096469
0.857234
0.991335
0.134709
0.000131
0.000685
0.001158
0.440219
0.630278
0.000118
0.190013
0.483665
0.636811
0.000873
0.360398
0.0653
0.002911
0.014853
0.241283
0.000156
0.025489
0.019849
0.001498
0.028689
0.160878
0.122827
0.055034
0.954355
0.036794
0.999568
0.998306
0.571312
0.004646
0.043033
0.00232
0.700317
0.552565
0.016655
0.858201
0.000973
0.003615
0.69885
0.328711
0.517592
0.963456
0.604584
0.755156
0.612415
0.000279
0.000256
0.999781
0.002958
0.993327
0.183781
0.842985
0.01809
0.001316
0.331648
0.245424
0.015949
0.007312
0.637678
0.000207
0.224618
0.386147
0.000794
0.44819
0.000758
0.286823
0.000567
0.008462
0.803619
0.011187
0.001005
0.04435
0.071001
0.003729
0.129064
0.300443
0.978914
0.180024
0.009927
0.998416
0.034055
0.060388
0.448456
0.03838
0.978525
0.008479
0.901139
0.016791
0.918994
0.066847
0.673363
0.693795
0.303739
0.967081
0.231064
0.000115
0.001022
0.996227
0.037934
0.461693
0.30424
0.876626
0.051848
0.001097
0.320153
0.077132
0.817932
0.016815
0.275415
0.000341
0.005224
0.000659
0.777842
0.013563
0.01057
0.438686
0.000857
0.993962
0.083237
0.197874
0.004861
0.904491
0.742231
0.953997
0.226621
0.04802
0.031307
0.263676
0.773769
0.013156
0.00503
0.003458
0.02777
0.999317
0.064986
0.058835
0.83647
0.000575
0.01921
0.003383
0.00644
0.75268
0.647735
0.000919
0.10532
0.002818
0.811652
0.943672
0.007671
0.000275
0.112099
0.10155
0.001169
0.79788
0.207558
0.000422
0.609882
0.000138
0.401671
0.000236
0.000204
0.274476
0.009468
0.662112
0.233433
0.090284
0.017194
0.024126
0.005296
0.005953
0.019304
0.10205
0.071281
0.035744
0.507826
0.000298
0.00811
0.529632
0.016099
0.03944
0.183039
0.852624
0.998743
0.820596
0.214078
0.350595
0.004516
0.960828
0.017793
0.864604
0.798275
0.254732
0.082497
0.648777
0.965346
0.910121
0.020953
0.013715
0.110843
1.000001
0.212517
0.06087
0.994183
0.943845
0.030363
0.005426
0.14844
0.995301
0.923989
0.389515
0.058763
0.955423
0.99604
0.44854
0.001044
0.016875
0.905442
0.979857
0.002416
0.002548
0.489628
0.077139
0.049316
0.260972
0.00022
0.686255
0.725331
0.000164
0.91999
0.983598
0.538491
0.172389
0.054697
0.010193
0.03898
0.14053
0.017138
0.215384
0.754981
0.660097
0.000149
0.924068
0.255512
0.133525
0.558671
0.021692
0.002012
0.086767
0.001906
0.359296
0.59255
0.922119
0.993668
0.146592
0.00136
0.009265
0.001069
0.035794
0.000133
0.61315
0.005658
0.831634
0.597476
0.990634
0.999292
0.329144
0.444921
0.254393
0.190741
0.011322
0.983711
0.96014
0.050083
0.090052
0.134395
0.006141
0.021793
0.001329
0.597243
0.558238
0.753971
0.488956
0.270123
0.395696
0.016349
0.973253
0.374727
0.060593
0.000838
0.695035
0.009051
0.97156
0.396637
0.000985
0.938319
0.385573
0.293007
0.002057
0.019589
0.005246
0.957949
0.693094
0.02252
0.104214
0.203467
0.385983
0.363664
0.037822
0.000571
0.633661
0.053797
0.279069
0.093143
0.992623
0.200022
0.15443
0.049034
0.000811
0.00773
0.793742
0.412416
0.075623
0.001889
0.202318
0.243862
0.034551
0.0249
0.012926
0.299677
0.021405
0.001761
0.007079
0.994201
0.000719
0.002595
0.188263
0.017602
0.728584
0.01437
0.154121
0.017804
0.284338
0.007198
0.836806
0.628785
0.040428
0.493732
0.233795
0.002612
0.862212
0.032688
0.08186
0.403587
0.018517
0.000169
0.014424
0.06444
0.066431
0.236814
0.002029
0.134678
0.671144
0.320004
0.34248
0.089671
0.011624
0.078986
0.006023
0.068602
0.000567
0.188281
0.00425
0.014886
0.244552
0.841828
0.895607
0.013345
0.000149
0.201903
0.802371
0.03427
0.009002
0.026354
0.017364
0.000128
0.038201
0.967261
0.017594
0.002831
0.001106
0.036272
0.145903
0.497881
0.712601
0.002223
0.127875
0.252348
0.001469
0.370861
0.001791
0.987724
0.56499
0.709909
0.130118
0.659644
0.1566
0.083441
0.007829
0.000752
0.01671
0.267486
0.091005
0.021303
0.227224
0.988267
0.069122
0.121008
0.96217
0.66253
0.00786
0.000516
0.019377
0.714635
0.012917
0.011075
0.000593
0.008783
0.062675
0.007115
0.353899
0.000188
0.006631
0.154282
0.449101
0.040598
0.009189
0.284798
0.025428
0.973091
0.475974
0.174063
0.927617
0.00209
0.00222
0.001742
0.123284
0.120711
0.001055
0.004979
0.159102
0.160284
0.030305
0.107721
0.002112
0.996425
0.05
0.001272
0.177256
0.832319
0.966353
0.072035
0.329061
0.000607
0.991954
0.736724
0.033158
0.995481
0.049685
0.066457
0.001883
0.029695
0.131151
0.096741
0.249002
0.918103
0.000454
0.016386
0.639375
0.999295
0.278207
0.07698
0.767839
0.460913
0.007903
0.16973
0.312617
0.19783
0.001554
0.825093
0.000314
0.95822
0.031228
0.139858
0.472243
0.000325
0.003545
0.05001
0.010261
0.108818
0.069658
0.891355
0.144305
0.024998
0.997715
0.021854
0.227566
0.199012
0.819339
0.606104
0.010474
0.85776
0.970964
0.043987
0.085326
0.244311
0.063878
0.67606
0.05521
0.003012
0.019265
0.007773
0.34106
0.066665
0.000399
0.061595
0.019115
0.034657
0.001163
0.051931
0.430685
0.678775
0.894923
0.045139
0.02927
0.787579
0.020732
0.325754
0.483506
0.360473
0.008577
0.946868
0.022838
0.241884
0.019471
0.15713
0.596842
0.070175
0.955908
0.022217
0.922237
0.270632
0.004272
0.054552
0.000688
0.621808
0.004992
0.002693
0.525766
0.709666
0.017435
0.025468
0.975178
0.959097
0.610531
0.490825
0.051484
0.003858
0.001454
0.993118
0.000263
0.094982
0.020614
0.011565
0.444031
0.000534
0.013394
0.000139
0.11019
0.612328
0.159501
0.996543
0.088624
0.014478
0.689193
0.688851
0.941806
0.000558
0.086854
0.000613
0.29701
0.112987
0.173066
0.980381
0.296586
0.49791
0.8541
0.267426
0.027742
0.934664
0.119581
0.000317
0.652132
0.934583
0.770479
0.665672
0.47892
0.023772
0.202726
0.01023
0.340861
0.002151
0.407722
0.801744
0.630547
0.93147
0.000922
0.921527
0.232711
0.464277
0.875281
0.009278
0.079016
0.070542
0.044533
0.017189
0.146155
0.996591
0.104244
0.190738
0.01257
0.00109
0.966381
0.00144
0.050655
0.002364
0.027692
0.012087
0.034432
0.000518
0.886339
0.768896
0.023431
0.057791
0.002127
0.548249
0.003509
0.000167
0.72919
0.000487
0.912611
0.000294
0.421449
0.000446
0.985228
0.123898
0.011379
0.14309
0.334233
0.010979
0.000624
0.001719
0.000402
0.851336
0.000286
0.072101
0.024615
0.003519
0.042361
0.720502
0.86589
0.2089
0.000644
0.001119
0.089916
0.0062
0.014381
0.037301
0.556205
0.137923
0.018164
0.993549
0.010054
0.014597
0.997606
0.199309
0.278158
0.004315
0.03996
0.989981
0.233536
0.000342
0.004602
0.165587
0.423539
0.019255
0.001491
0.097388
0.029018
0.051393
0.632309
0.231517
0.165877
0.989145
0.000114
0.009939
0.04403
0.048748
0.887977
0.04595
0.001091
0.908541
0.01959
0.004194
0.02312
0.072077
0.333377
0.064696
0.962497
0.41964
0.052417
0.963542
0.766622
0.4042
0.01843
0.991571
0.189921
0.137347
0.837864
0.000525
0.083239
0.007037
0.909214
0.991185
0.999769
0.993103
0.6835
0.387323
0.021792
0.001865
0.001271
0.023529
0.26129
0.004981
0.056421
0.176862
0.636582
0.971222
0.021414
0.041911
0.006393
0.594782
0.071315
0.002075
0.329606
0.12763
0.000236
0.656033
0.059422
0.993819
0.000279
0.630963
0.96484
0.034979
0.04055
0.856566
0.098381
0.202732
0.975936
0.000575
0.871382
0.999882
0.008018
0.04507
0.997988
0.135698
0.125139
0.532357
0.066655
0.014141
0.000141
0.009867
0.481438
0.002396
0.062174
0.976068
0.001993
0.027249
0.01635
0.069172
0.986368
0.172065
0.849005
0.001865
0.958263
0.143554
0.761872
0.012508
0.224658
0.727317
0.108626
0.002427
0.023326
0.004756
0.480641
0.039552
0.896177
0.018317
0.376461
0.053745
0.096486
0.002716
0.029402
0.071661
0.509101
0.143668
0.495129
0.999076
0.978973
0.001401
0.062536
0.000889
0.048976
0.005106
0.04959
0.245224
0.023784
0.878795
0.019901
0.001256
0.282144
0.000824
0.002644
0.165291
0.907939
0.845358
0.060037
0.024483
0.037505
0.75697
0.97972
0.006293
0.8254
0.895985
0.021775
0.032347
0.736341
0.148098
0.000125
0.243182
0.001573
0.349795
0.103973
0.096338
0.039123
0.423185
0.012838
0.087412
0.113389
0.070296
0.607798
0.096297
0.786603
0.514427
0.008136
0.516628
0.979037
0.000617
0.99085
0.008859
0.002152
0.003734
0.006065
0.014438
0.010449
0.010395
0.001901
0.006015
0.038884
0.169416
0.076103
0.998762
0.995041
0.013364
0.045616
0.014469
0.008821
0.997198
0.650674
0.458837
0.405712
0.002622
0.018033
0.013633
0.001572
0.072973
0.130503
0.028392
0.04668
0.001461
0.290674
0.000124
0.007077
0.000246
0.031446
0.002199
0.751005
0.042405
0.003552
0.353634
0.020732
0.000915
0.017127
0.056435
0.450034
0.202825
0.16532
0.860579
0.004525
0.060883
0.064561
0.001473
0.009976
0.979686
0.000126
0.651871
0.00613
0.020457
0.110398
0.002044
0.840781
0.008707
0.000621
0.000944
0.897995
0.972942
0.800171
0.073202
0.79349
0.023089
0.004839
0.814359
0.644336
0.4158
0.097326
0.124155
0.168997
0.039182
0.312108
0.010234
0.032879
0.100461
0.766519
0.001623
0.014046
0.010207
0.053747
0.953583
0.996408
0.209794
0.992069
0.00447
0.000986
0.192345
0.010132
0.002707
0.000173
0.662516
0.993897
0.165062
0.025585
0.009205
0.02992
0.001739
0.166501
0.006783
0.000145
0.00936
0.004013
0.106537
0.33193
0.000448
0.003316
0.043585
0.20447
0.039936
0.097327
0.410345
0.96752
0.541573
0.000114
0.99831
0.481745
0.962219
0.028913
0.392755
0.98969
0.481747
0.116037
0.09236
0.968966
0.330016
0.007776
0.011288
0.999918
0.052723
0.669315
0.010141
0.008692
0.083516
0.335009
0.429779
0.948074
0.239682
0.141175
0.996703
0.069821
0.662008
0.011603
0.269156
0.000306
0.466928
0.042236
0.01647
0.052916
0.660022
0.000884
0.289871
0.002844
0.912977
0.005952
0.635102
0.850063
0.435954
0.004646
0.509851
0.001196
0.002196
0.026644
0.073471
0.070752
0.938369
0.937491
0.712346
0.985568
0.000909
0.00312
0.209419
0.999387
0.029911
0.696607
0.998453
0.964631
0.365487
0.000229
0.048409
0.948346
0.007355
0.007661
0.004165
0.002445
0.978419
0.067581
0.000377
0.003786
0.919126
0.039345
0.986915
0.584881
0.075673
0.472106
0.002364
0.064918
0.005505
0.279155
0.103911
0.040441
0.006724
0.660571
0.090616
0.001478
0.99531
0.481215
0.066639
0.024973
0.999515
0.062317
0.401392
0.000202
0.822766
0.00049
0.668368
0.000848
0.003704
0.000225
0.000558
0.002695
0.033309
0.115997
0.169063
0.061879
0.861605
0.902137
0.026638
0.135144
0.938842
0.491718
0.98372
0.012388
0.000525
0.103221
0.466968
0.940789
0.998813
0.97144
0.060731
0.002385
0.784482
0.946012
0.006068
0.903266
0.03823
0.000584
0.00323
0.27952
0.022081
0.025955
0.04913
0.019073
0.99848
0.018413
0.279074
0.026721
0.010408
0.000552
0.000781
0.919397
0.99999
0.002909
0.000848
0.704962
0.011939
0.007214
0.106642
0.003328
0.017328
0.684231
0.884984
0.895988
0.354489
0.916537
0.890791
0.765862
0.00244
0.732589
0.405888
0.031387
0.043505
0.987307
0.99949
0.313205
0.102894
0.008002
0.067488
0.002959
0.205817
0.70264
0.167191
0.002986
0.010343
0.160678
0.480354
0.000411
0.251191
0.002289
0.000907
0.001137
0.005862
0.401884
0.929982
0.738815
0.02685
0.000749
0.004265
0.20431
0.00011
0.996057
0.001791
0.069889
0.131781
0.008351
0.945189
0.995711
0.033534
0.093976
0.000265
0.005923
0.399764
0.010958
0.626524
0.000185
0.030848
0.019662
0.002704
0.862651
0.002274
0.03104
0.000484
0.01326
0.805357
0.032666
0.469573
0.037167
0.12925
0.121737
0.190315
0.006051
0.003374
0.005098
0.008403
0.23329
0.002116
0.106693
0.04359
0.032863
0.00956
0.00172
0.065202
0.043276
0.51524
0.572842
0.648551
0.010562
0.405085
0.069905
0.278487
0.034008
0.839059
0.11846
0.0852
0.004087
0.000195
0.00745
0.495813
0.971235
0.02978
0.480718
0.999322
0.005611
0.949212
0.237197
0.126653
0.089407
0.021667
0.167819
0.038121
0.017544
0.033916
0.294384
0.060599
0.00768
0.051348
0.957154
0.026626
0.220818
0.024224
0.890965
0.082922
0.778249
0.000632
0.109261
0.006197
0.000233
0.003632
0.828759
0.987035
0.008584
0.947453
0.988201
0.948143
0.01593
0.004321
0.8561
0.998996
0.006393
0.964842
0.867319
0.000102
0.153936
0.663487
0.995128
0.755071
0.014886
0.000593
0.002366
0.000657
0.000583
0.007531
0.002156
0.713146
0.42177
0.010924
0.291693
0.612062
0.02442
0.019065
0.961743
0.200808
0.002288
0.007457
0.000126
0.059826
0.079296
0.168756
0.051568
0.005828
0.010706
0.144279
0.812111
0.119078
0.000296
0.020333
0.038649
0.989323
0.002803
0.077857
0.997395
0.87479
0.00607
0.0016
0.000717
0.010556
0.105484
0.025196
0.00034
0.00129
0.0171
0.416975
0.02497
0.052085
0.131978
0.000527
0.220209
0.027435
0.041978
0.700612
0.776008
0.097666
0.587169
0.593084
0.025861
0.954117
0.0511
0.006063
0.007933
0.306724
0.959517
0.691159
0.001824
0.01027
0.998874
0.965129
0.011851
0.043454
0.013316
0.757618
0.003099
0.768138
0.988424
0.928129
0.465807
0.0023
0.027187
0.00428
0.086345
0.971191
0.998138
0.00793
0.161698
0.027287
0.391144
0.001961
0.320657
0.995732
0.19719
0.02271
0.262674
0.002089
0.010814
0.01404
0.082404
0.91047
0.127241
0.080176
0.011215
0.640562
0.185714
0.000116
0.001644
0.997099
0.01455
0.904896
0.027426
0.009037
0.024102
0.002204
0.002902
0.987484
0.140658
0.001383
0.130189
0.000507
0.044979
0.001304
0.002116
0.949956
0.649618
0.016586
0.975554
0.455902
0.01081
0.021142
0.172491
0.034877
0.002556
0.933872
0.005765
0.991953
0.001889
0.001105
0.013988
0.44873
0.047003
0.662153
0.002162
0.007183
0.432311
0.641203
0.445083
0.894194
0.0001
0.021974
0.028946
0.998998
0.985976
0.993144
0.841307
0.033271
0.000166
0.003347
0.460674
0.032608
0.346386
0.003948
0.790504
0.14721
0.025496
0.983462
0.00037
0.00083
0.099335
0.859634
0.034162
0.196797
0.994486
0.005682
0.182069
0.994116
0.051168
0.070112
0.805463
0.008691
0.030342
0.234754
0.151126
0.003453
0.139286
0.95401
0.032598
0.00078
0.010708
0.018301
0.976671
0.194399
0.099722
0.056466
0.822512
0.09895
0.999425
0.087081
0.002074
0.041659
0.939624
0.001447
0.000516
0.000917
0.982206
0.15686
0.854211
0.030357
0.96524
0.160787
0.000879
0.001283
0.001872
0.389399
0.000322
0.047104
0.387496
0.003509
0.277469
0.000606
0.00038
0.778193
0.003369
0.025484
0.091039
0.264789
0.99071
0.478957
0.00821
0.071028
0.001096
0.021548
0.820933
0.749779
0.005763
0.923255
0.011508
0.014393
0.998242
0.976311
0.089568
0.526785
0.001823
0.363955
0.061112
0.000139
0.562549
0.995359
0.995209
0.934329
0.015902
0.887445
0.010633
0.000779
0.028705
0.017651
0.001773
0.081894
0.026984
0.005182
0.996644
0.060989
0.014912
0.221134
0.227606
0.000337
0.998765
0.203995
0.989585
0.930629
0.954169
0.026083
0.100549
0.00577
0.290552
0.987312
0.004971
0.997159
0.0196
0.00945
0.772168
0.506661
0.998872
0.356495
0.005942
0.036547
0.091667
0.000706
0.507263
0.023717
0.883816
0.123028
0.188187
0.401099
0.424863
0.481781
0.823971
0.128422
0.703792
0.003739
0.006521
0.002049
0.006357
0.035918
0.029252
0.96769
0.349472
0.000407
0.469097
0.344521
0.02319
0.605109
0.893001
0.00367
0.025035
0.048196
0.991439
0.000155
0.050386
0.001104
0.99982
0.982328
0.062173
0.001821
0.003952
0.85773
0.087465
0.047967
0.002669
0.962368
0.942624
0.000598
0.869659
0.00257
0.00012
0.129274
0.00076
0.001262
0.274918
0.002629
0.001573
0.105628
0.998479
0.000929
0.328229
0.024861
0.056167
0.00985
0.17752
0.670794
0.192281
0.002919
0.024771
0.010588
0.008649
0.001192
0.003203
0.232518
0.006837
0.14679
0.000237
0.012692
0.820351
0.002205
0.955942
0.013915
0.000616
0.020126
0.017634
0.177653
0.03006
0.006919
0.079867
0.000166
0.016587
0.004346
0.008816
0.468063
0.001139
0.000785
0.992748
0.000749
0.233271
0.563773
0.000281
0.027735
0.320367
0.083237
0.589443
0.995288
0.910292
0.00473
0.100287
0.000165
0.009607
0.597268
0.00102
0.022023
0.047108
0.995847
0.020466
0.635004
0.000569
0.005819
0.58967
0.233058
0.750584
0.083715
0.003536
0.094709
0.010409
0.062209
0.015221
0.23653
0.000992
0.99607
0.30152
0.212366
0.020811
0.948334
0.000245
0.42324
0.000537
0.917102
0.019403
0.012368
0.406426
0.001211
0.188734
0.848735
0.114567
0.000562
0.016277
0.00484
0.000502
0.147451
0.001635
0.00914
0.091341
0.03559
0.273848
0.284473
0.082516
0.870955
0.005575
0.239983
0.02678
0.041345
0.000812
0.119335
0.009899
0.000142
0.001799
0.921972
0.078971
0.014022
0.005969
0.048209
0.900929
0.839247
0.06865
0.318679
0.669367
0.631143
0.789414
0.117018
0.402001
0.00608
0.914104
0.029913
0.999969
0.196803
0.266258
0.039073
0.082935
0.000693
0.979991
0.48057
0.292999
0.010527
0.057955
0.00681
0.364105
0.136109
0.607411
0.000211
0.001367
0.059231
0.000297
0.691717
0.002577
0.036154
0.005617
0.01054
0.000952
0.01423
0.000489
0.00226
0.003126
0.116633
0.109139
0.016069
0.017331
0.542392
0.103288
0.000246
0.005262
0.061032
0.723301
0.08344
0.001239
0.992943
0.003148
0.001885
0.10963
0.031025
0.118643
0.00035
0.006331
0.057184
0.342604
0.344564
0.008461
0.014408
0.156021
0.140718
0.589639
0.084326
0.992574
0.897862
0.025115
0.065248
0.238854
0.000821
0.181625
0.006254
0.270554
0.017191
0.021747
0.002295
0.94527
0.012647
0.016247
0.048524
0.998757
0.071358
0.008128
0.228166
0.000288
0.986101
0.062751
0.624866
0.962963
0.98034
0.728207
0.00425
0.000645
0.00229
0.456661
0.012039
0.006299
0.018978
0.998459
0.00033
0.386999
0.000253
0.874615
0.000242
0.377965
0.999445
0.251191
0.180724
0.884953
0.006755
0.966824
0.021733
0.002548
0.734491
0.129574
0.109529
0.007313
0.070637
0.969418
0.000116
0.014203
0.96619
0.009371
0.125781
0.00444
0.027874
0.178713
0.000126
0.999904
0.000903
0.311472
0.013572
0.356336
0.956204
0.001172
0.025684
0.001999
0.037334
0.010169
0.011398
0.398137
0.52813
0.006025
0.000732
0.00348
0.999077
0.281746
0.033751
0.030103
0.271944
0.38087
0.015522
0.342014
0.950819
0.832639
0.081759
0.000728
0.000252
0.759558
0.481625
0.05359
0.003442
0.995996
0.655229
0.054446
0.803501
0.353566
0.034935
0.002391
0.988007
0.011077
0.029973
0.999669
0.944177
0.00503
0.043565
0.461846
0.962737
0.662258
0.205809
0.004271
0.000151
0.01001
0.94435
0.927088
0.315839
0.098441
0.896939
0.011268
0.279394
0.70293
0.062895
0.007306
0.05497
0.004388
0.010516
0.782302
0.293804
0.993861
0.738126
0.158359
0.327079
0.00321
0.746706
0.988898
0.000455
0.669126
0.746869
0.899862
0.018928
0.005449
0.001058
0.962873
0.986482
0.750261
0.483032
0.950266
0.010702
0.22618
0.008334
0.000518
0.327233
0.003001
0.272127
0.000102
0.018697
0.54969
0.08097
0.94123
0.000989
0.292129
0.053908
0.113492
0.481282
0.004191
0.053514
0.074511
0.943531
0.000169
0.007309
0.995013
0.004527
0.003987
0.000202
0.334038
0.004335
0.005201
0.000655
0.191761
0.001699
0.472829
0.940488
0.986148
0.000664
0.001641
0.987631
0.813943
0.24092
0.015408
0.004339
0.164338
0.000461
0.064169
0.185423
0.218043
0.01337
0.0668
0.006253
0.024856
0.228725
0.988724
0.188825
0.003017
0.125823
0.681789
0.137618
0.509364
0.000691
0.405987
0.020204
0.000134
0.003485
0.990883
0.025946
0.012169
0.159695
0.074391
0.061398
0.002855
0.115963
0.922641
0.006722
0.797373
0.003657
0.003074
0.045289
0.00054
0.027114
0.010469
0.004256
0.297571
0.828514
0.120875
0.067779
0.85405
0.339493
0.102811
0.002556
0.998853
0.451375
0.051153
0.048657
0.048895
0.755877
0.009981
0.001063
0.012606
0.00197
0.965393
0.96443
0.982121
0.000271
0.004195
0.476716
0.125678
0.128443
0.540418
0.323423
0.994691
0.015262
0.00033
0.633532
0.960635
0.002262
0.345192
0.954493
0.155694
0.002151
0.021351
0.017528
0.002835
0.003219
0.965992
0.039449
0.018925
0.844067
0.005264
0.003767
0.916629
0.096551
0.978763
0.119249
0.283015
0.99747
0.935407
0.123962
0.000793
0.114954
0.782171
0.298878
0.005291
0.060254
0.000186
0.864976
0.00256
0.107017
0.058309
0.00064
0.002413
1.000024
0.407078
0.000747
0.284355
0.003921
0.036609
0.10088
0.265254
0.035213
0.99238
0.007848
0.259478
0.262579
0.522691
0.020736
0.000238
0.046782
0.003785
0.498467
0.144939
0.958944
0.004205
0.174139
0.043559
0.205452
0.100581
0.037814
0.003927
0.017687
0.361906
0.980264
0.983047
0.244163
0.994594
0.000872
0.769795
0.755217
0.854372
0.756457
0.000883
0.011621
0.019331
0.378952
0.651074
0.244722
0.017881
0.058516
0.003098
0.002498
0.225994
0.4596
0.000354
0.299132
0.001686
0.984544
0.403927
0.278146
0.075495
0.272187
0.719522
0.993385
0.017894
0.001435
0.117323
0.733929
0.38917
0.654692
0.056415
0.011347
0.340205
0.028288
0.05631
0.113098
0.561796
0.000958
0.779726
0.041266
0.32353
0.995555
0.00072
0.206543
0.00861
0.527256
0.000227
0.120167
0.998864
0.040144
0.000472
0.986228
0.002335
0.0002
0.45392
0.080741
0.18972
0.985072
0.026783
0.00082
0.63502
0.32086
0.000119
0.082372
0.842493
0.015807
0.990682
0.590971
0.006904
0.068373
0.017974
0.079968
0.025184
0.052259
0.003899
0.989511
0.006366
0.031496
0.000914
0.417526
0.005102
0.614077
0.627814
0.206643
0.706969
0.000411
0.01939
0.005984
0.018253
0.986538
0.456069
0.001304
0.004536
0.973096
0.996625
0.032975
0.985842
0.029352
0.000153
0.320264
0.877895
0.002167
0.682736
0.264088
0.000625
0.005922
0.00056
0.029066
0.000477
0.296603
0.397172
0.140037
0.316726
0.004296
0.002968
0.981424
0.018661
0.697762
0.002729
0.604845
0.0278
0.012896
0.001203
0.764854
0.829424
0.00397
0.055284
0.002084
0.004055
0.214846
0.043693
0.007539
0.999607
0.003157
0.146721
0.038214
0.798923
0.082466
0.026489
0.941336
0.060943
0.750481
0.002783
0.002936
0.007836
0.656474
0.104273
0.001507
0.009833
0.001863
0.027255
0.001097
0.035588
0.005184
0.001399
0.020525
0.4137
0.002675
0.002272
0.763125
0.012515
0.874288
0.006029
0.00067
0.002931
0.438449
0.720998
0.20506
0.145933
0.02892
0.35799
0.036282
0.02077
0.000554
0.023406
0.015647
0.323451
0.952227
0.419307
0.000572
0.109359
0.560116
0.99936
0.989164
0.02951
0.007681
0.317051
0.066019
0.006142
0.043952
0.994799
0.068989
0.999788
0.06982
0.600827
0.981529
0.206462
0.001919
0.010262
0.203534
0.859968
0.496933
0.007614
0.726143
0.000383
0.001473
0.321929
0.998491
0.986775
0.000424
0.493834
0.455712
0.001489
0.378262
0.96263
0.020318
0.648853
0.000174
0.472808
0.636372
0.015124
0.793662
0.207439
0.789632
0.368237
0.115975
0.295179
0.492553
0.456001
0.823958
0.000223
0.786739
0.032738
0.001272
0.009649
0.090074
0.003682
0.828616
0.075181
0.056372
0.015022
0.309198
0.743656
0.983866
0.476128
0.37687
0.002978
0.762574
0.000189
0.985064
0.911128
0.970517
0.522639
0.003913
0.01331
0.000555
0.001232
0.832869
0.000225
0.995981
0.016721
0.22161
0.79665
0.161462
0.938645
0.859951
0.650736
0.001724
0.017068
0.632469
0.04556
0.23529
0.768098
0.000243
0.892547
0.082574
0.300811
0.969517
0.000676
0.619664
0.063252
0.000156
0.00771
0.034737
0.706776
0.001748
0.003088
0.004413
0.011523
0.980622
0.001919
0.999741
0.987115
0.870915
0.028836
0.996031
0.465177
0.396073
0.000692
0.987897
0.000813
0.916232
0.971486
0.000703
0.407858
0.738628
0.985476
0.008845
0.003195
0.010065
0.858602
0.93118
0.001144
0.337566
0.910594
0.015666
0.598266
0.002544
0.998843
0.404793
0.00894
0.350306
0.242904
0.933786
0.577456
0.818516
0.060568
0.975996
0.020214
0.032886
0.509731
0.069283
0.146222
0.001076
0.001392
0.006033
0.247718
0.633903
0.959025
0.000204
0.177977
0.654379
0.028381
0.006309
0.015025
0.885308
0.990455
0.817099
0.01246
0.653262
0.566219
0.000392
0.995172
0.001236
0.050647
0.421885
0.044757
0.000319
0.170888
0.510693
0.000539
0.969893
0.002947
0.008067
0.519
0.894811
0.022516
0.05778
0.028198
0.008433
0.986068
0.012304
0.533488
0.519817
0.076324
0.256581
0.061988
0.195224
0.829109
0.008841
0.00282
0.035972
0.993249
0.850122
0.000293
0.000157
0.015349
0.905694
0.033021
0.695004
0.482877
0.011708
0.992588
0.019152
0.560215
0.947839
0.04454
0.039133
0.006058
0.006291
0.001083
0.99945
0.002903
0.000201
0.076323
0.916666
0.006257
0.015471
0.062582
0.006666
0.00071
0.020817
0.00127
0.052198
0.954636
0.173092
0.931689
0.380606
0.000153
0.000108
0.002531
0.622667
0.957366
0.745145
0.001301
0.545544
0.017138
0.368281
0.908733
0.665748
0.000554
0.004681
0.00506
0.564089
0.963409
0.020961
0.012202
0.001467
0.733537
0.016524
0.331651
0.007632
0.327319
0.017759
0.000328
0.23414
0.480406
0.776147
0.001462
0.957503
0.992318
0.0046
0.373592
0.014861
0.903493
0.040344
0.000367
0.027706
0.328231
0.046233
0.641334
0.482534
0.007721
0.035245
0.184057
0.993335
0.02457
0.000286
0.858477
0.000601
0.64025
0.074289
0.000421
0.00834
0.000264
0.174332
0.047609
0.061202
0.150785
0.982519
0.000208
0.040797
0.043851
0.349105
0.122216
0.116383
0.172723
0.783973
0.076134
0.00946
0.034587
0.999826
0.556675
0.339975
0.000345
0.839542
0.012346
0.00568
0.017219
0.960694
0.036935
0.587809
0.002131
0.000517
0.051622
0.965631
0.001561
0.019513
0.009417
0.00736
0.048141
0.000924
0.66003
0.637382
0.000851
0.212088
0.252637
0.004453
0.544869
0.016955
0.011149
0.000685
0.931413
0.025533
0.000476
0.000535
0.128078
0.015903
0.004121
0.219464
0.001159
0.000869
0.002271
0.87013
0.008056
0.002702
0.018373
0.31508
0.46037
0.000778
0.039215
0.013836
0.051187
0.005371
0.000249
0.052037
0.994019
0.068951
0.069812
0.012724
0.993393
0.017603
0.003022
0.970995
0.053824
0.001747
0.011896
0.303653
0.014451
0.000298
0.71347
0.24105
0.72228
0.582684
0.00275
0.728648
0.03973
0.000648
0.99266
0.931381
0.044252
0.093555
0.00318
0.312631
0.00044
0.014488
0.010304
0.99824
0.635105
0.513084
0.005788
0.014189
0.000654
0.010298
0.062434
0.484188
0.135797
0.000319
0.02769
0.545532
0.009152
0.116609
0.004159
0.002148
0.018923
0.111473
0.984319
0.002959
0.03152
0.000103
0.876133
0.057512
0.069333
0.029747
0.032574
0.092076
0.190019
0.854115
0.021843
0.047121
0.141897
0.42387
0.278433
0.347314
0.111245
0.033445
0.161938
0.144459
0.004413
0.4356
0.000782
0.988876
0.062438
0.807677
0.023815
0.299119
0.633414
0.000427
0.000414
0.076005
0.033937
0.057106
0.938523
0.208879
0.215507
0.9617
0.328098
0.8093
0.317798
0.000867
0.000649
0.01824
0.253624
0.015982
0.002697
0.689842
0.01582
0.000862
0.013746
0.03575
0.007764
0.282314
0.228057
0.020617
0.907507
0.433693
0.9967
0.158142
0.052375
0.989336
0.001915
0.406089
0.009326
0.996147
0.505947
0.51247
0.970108
0.023154
0.000819
0.000213
0.114143
0.445201
0.990969
0.010585
0.144402
0.223441
0.022626
0.997627
0.432986
0.073786
0.316741
0.000983
0.240779
0.040713
0.004687
0.988962
0.272268
0.735096
0.918459
0.002201
0.003585
0.989117
0.003868
0.997259
0.37027
0.044755
0.146006
0.485314
0.663603
0.09105
0.091115
0.000353
0.639206
0.413609
0.292459
0.047182
0.686617
0.489441
0.000241
0.981766
0.018701
0.945498
0.976071
0.264265
0.110735
0.151996
0.820427
0.002563
0.991845
0.010426
0.169081
0.00677
0.311512
0.000163
0.059163
0.334387
0.01339
0.949732
0.000775
0.48043
0.04315
0.997911
0.020315
0.894187
0.850545
0.016126
0.074471
0.017731
0.472719
0.661982
0.695706
0.892537
0.190079
0.00484
0.009351
0.949477
0.641721
0.000385
0.999216
0.0647
0.385816
0.11099
0.820136
0.950725
0.002533
0.035991
0.019342
0.955589
0.236513
0.449262
0.025819
0.018242
0.043558
0.00077
0.052009
0.004258
0.00613
0.441381
0.062102
0.215908
0.041079
0.054326
0.006392
0.000182
0.001054
0.947877
0.032172
0.089861
0.083957
0.797554
0.216572
0.531007
0.107638
0.293819
0.779823
0.000579
0.58023
0.000641
0.981381
0.735923
0.07755
0.236738
0.024449
0.000125
0.360768
0.273072
0.051924
0.000282
0.716099
0.334888
0.000941
0.007429
0.235059
0.004796
0.024024
0.516763
0.00122
0.070865
0.000823
0.414862
0.999923
0.014126
0.035788
0.065399
0.015094
0.057954
0.002555
0.876918
0.000111
0.426786
0.726465
0.985172
0.979354
0.000546
0.996709
0.011409
0.995033
0.914141
0.194337
0.526996
0.118396
0.100302
0.85675
0.000675
0.188713
0.012128
0.90369
0.001387
0.056641
0.46139
0.348503
0.013327
0.005223
0.005855
0.277545
0.000502
0.102108
0.009407
0.91231
0.440072
0.999644
0.000849
0.300124
0.995546
0.016658
0.007032
0.003726
0.143329
0.061948
0.220738
0.78908
0.358262
0.140671
0.080491
0.027611
0.800031
0.229527
0.996626
0.283873
0.084309
0.000225
0.990586
0.040678
0.859999
0.93207
0.000288
0.926545
0.00915
0.161454
0.000522
0.007537
0.078952
0.601599
0.010902
0.052102
0.00109
0.78101
0.076665
0.855693
0.002865
0.047889
0.802874
0.440591
0.152293
0.00075
0.109802
0.03034
0.250478
0.903832
0.001617
0.647285
0.000242
0.016269
0.006461
0.95541
0.046688
0.002
0.306566
0.085675
0.827545
0.952792
0.063115
0.999263
0.041441
0.157441
0.113733
0.017271
0.581236
0.196364
0.01644
0.000167
0.112462
0.013208
0.013879
0.003445
0.967032
0.30883
0.000954
0.007701
0.748394
0.09692
0.973391
0.38365
0.030053
0.97089
0.257599
0.000465
0.022903
0.122277
0.012718
0.281779
0.000274
0.004227
0.895466
0.002985
0.022138
0.002584
0.155429
0.000608
0.328658
0.786676
0.418513
0.023888
0.358574
0.022263
0.012218
0.366293
0.613557
0.008697
0.000624
0.220732
0.222831
0.223458
0.143746
0.166829
0.000144
0.186266
0.025015
0.186815
0.00154
0.202276
0.010145
0.004905
0.00175
0.872053
0.003419
0.074923
0.473548
0.00047
0.124702
0.029939
0.001158
0.066176
0.00016
0.245744
0.799178
0.278153
0.776359
0.958878
0.623204
0.026059
0.565082
0.001672
0.894135
0.001743
0.005521
0.866202
0.876669
0.110931
0.999304
0.990788
0.153558
0.030108
0.019034
0.407549
0.080108
0.530766
0.013672
0.543223
0.004951
0.000377
0.878004
0.462085
0.677647
0.086672
0.081702
0.107754
0.16501
0.076986
0.004113
0.024757
0.000393
0.604407
0.061957
0.121574
0.002272
0.737331
0.512291
0.98305
0.998506
0.118747
0.422224
0.002366
0.449314
0.267735
0.966344
0.003021
0.021955
0.999455
0.875823
0.073808
0.000125
0.000572
0.000842
0.458978
0.000282
0.005755
0.979053
0.046169
0.679381
0.00367
0.990212
0.254039
0.258896
0.000302
0.000321
0.018489
0.341177
0.896767
0.1132
0.003807
0.8641
0.069922
0.003537
0.114637
0.000205
0.00079
0.370804
0.059145
0.676745
0.003941
0.016892
0.257487
0.050914
0.028932
0.882504
0.053046
0.041829
0.987919
0.001107
0.407851
0.99874
0.574503
0.00751
0.008305
0.00333
0.999167
0.564278
0.898069
0.00256
0.6545
0.908891
0.31221
0.019991
0.001914
0.000359
0.023033
0.005669
0.672299
0.039722
0.006614
0.755535
0.008513
0.996847
0.021689
0.215098
0.000607
0.424892
0.684674
0.35405
0.0061
0.0007
0.889412
0.001889
0.014787
0.003989
0.001056
0.000443
0.99963
0.210365
0.923764
0.137803
0.001484
0.105859
0.001538
0.277431
0.491895
0.994224
0.970527
0.021065
0.921408
0.001237
0.058228
0.879472
0.820806
0.00879
0.164581
0.772023
0.035381
0.016029
0.049685
0.029788
0.025173
0.975414
0.981565
0.406041
0.80783
0.007533
0.751782
0.003317
0.011712
0.030043
0.013291
0.848948
0.009711
0.013775
0.016877
0.37866
0.000604
0.002129
0.560904
0.013251
0.994729
0.072374
0.011089
0.067881
0.374413
0.014971
0.996383
0.003252
0.037191
0.017812
0.044604
0.015101
0.000261
0.975483
0.003644
0.867434
0.969676
0.223749
0.012056
0.991288
0.01351
0.406736
0.006435
0.334781
0.815419
0.005033
0.011298
0.178332
0.129381
0.001176
0.002746
0.641949
0.021155
0.011844
0.890585
0.001656
0.236054
0.106727
0.00036
0.437943
0.337926
0.00271
0.003266
0.974168
0.665992
0.949668
0.310839
0.006523
0.042871
0.085607
0.981363
0.024203
0.001184
0.468888
0.000778
0.328273
0.995265
0.883041
0.301791
0.498104
0.032924
0.002379
0.008177
0.99453
0.003044
0.165988
0.003217
0.042941
0.000589
0.003634
0.552467
0.665905
0.464736
0.003982
0.047903
0.000117
0.355644
0.000125
0.000689
0.012647
0.003263
0.033997
0.317354
0.222481
0.00824
0.002066
0.018152
0.539418
0.002166
0.717783
0.720308
0.000973
0.228724
0.395591
0.006845
0.074624
0.006361
0.916038
0.168687
0.013961
0.015216
0.87027
0.396818
0.249989
0.999582
0.343037
0.142934
0.003916
0.036842
0.000624
0.070965
0.202591
0.002362
0.00945
0.051364
0.020382
0.997933
0.993031
0.009934
0.003972
0.217136
0.002478
0.757373
0.000938
0.874199
0.004069
0.497362
0.000968
0.000446
0.041619
0.000119
0.233389
0.978925
0.850893
0.003639
0.542359
0.632684
0.991869
0.378755
0.001585
0.060722
0.110873
0.189858
0.00669
0.79621
0.021211
0.953167
0.25917
0.100845
0.081906
0.996036
0.000756
0.152062
0.802042
0.003429
0.048344
0.002165
0.062159
0.955431
0.005712
0.544111
0.005322
0.017163
0.004311
0.465042
0.07887
0.01598
0.012114
0.7705
0.000197
0.612865
0.049494
0.824263
0.000219
0.262351
0.00023
0.999326
0.01537
0.029096
0.791465
0.047732
0.029158
0.051177
0.106027
0.001718
0.017539
0.035037
0.181358
0.001316
0.015431
0.254357
0.101248
0.002869
0.657354
0.006478
0.914536
0.050344
0.312286
0.566387
0.003722
0.300218
0.593822
0.38776
0.295515
0.029753
0.131882
0.032071
0.021024
0.110053
0.029863
0.024037
0.001765
0.813879
0.289034
0.001557
0.893362
0.017595
0.055679
0.010216
0.352739
0.766048
0.00666
0.305223
0.250352
0.028417
0.222539
0.020385
0.007893
0.993155
0.028308
0.000389
0.000189
0.160283
0.061934
0.501207
0.009143
0.005633
0.353229
0.232848
0.65958
0.240894
0.001552
0.992401
0.003001
0.010751
0.023697
0.28094
0.001902
0.004772
0.889634
0.102208
0.700369
0.720427
0.476889
0.123404
0.799991
0.714852
0.1907
0.111073
0.014749
0.978696
0.239189
0.998589
0.293822
0.96159
0.003281
0.897876
0.007593
0.541899
0.032683
0.45539
0.045977
0.288276
0.991095
0.025255
0.153853
0.000547
0.276714
0.005985
0.70338
0.244602
0.238937
0.375098
0.495765
0.837524
0.820525
0.187096
0.997111
0.275167
0.004438
0.05957
0.002925
0.997139
0.000256
0.019577
0.994363
0.077451
0.280895
0.096883
0.855532
0.414639
0.000108
0.031798
0.002609
0.024528
0.066361
0.989023
0.047575
0.021148
0.443231
0.139311
0.338609
0.154454
0.380765
0.570185
0.016987
0.002299
0.893669
0.196025
0.304953
0.664516
0.313726
0.864936
0.498932
0.031591
0.02548
0.015176
0.001371
0.007687
0.942921
0.574111
0.025751
0.22167
0.093273
0.001016
0.191
0.045543
0.88439
0.105915
0.005233
0.000559
0.57056
0.002507
0.701072
0.001022
0.997526
0.204324
0.008561
0.033956
0.078261
0.865893
0.9886
0.087305
0.404966
0.060507
0.96175
0.001794
0.113466
0.766625
0.000136
0.075612
0.025163
0.00282
0.004066
0.239672
0.224453
0.210536
0.005637
0.601805
0.776443
0.036699
0.697686
0.030508
0.788096
0.641795
0.046542
0.245148
0.3614
0.105158
0.001438
0.888286
0.000213
0.007722
0.475342
0.001974
0.996397
0.000266
0.060801
0.049377
0.32937
0.02114
0.000539
0.033051
0.024692
0.778493
0.08987
0.01901
0.001852
0.006135
0.223754
0.169732
0.646656
0.004997
0.00098
0.866295
0.279865
0.002475
0.814312
0.189284
0.192074
0.086746
0.938797
0.928853
0.998559
0.000321
0.40725
0.770369
0.031238
0.052492
0.003707
0.045658
0.010115
0.010916
0.246871
0.005272
0.003972
0.941868
0.738468
0.000474
0.209616
0.382927
0.260513
0.992646
0.0749
0.433872
0.663293
0.279488
0.054384
0.953366
0.014406
0.818847
0.002469
0.007369
0.340549
0.998985
0.578173
0.17036
0.002985
0.051682
0.09798
0.007427
0.881655
0.014785
0.170705
0.365433
0.417919
0.603965
0.94847
0.009392
0.47652
0.753619
0.169448
0.952923
0.016023
0.625682
0.589495
0.045769
0.001666
0.187072
0.620774
0.130475
0.002527
0.073904
0.31174
0.395126
0.890459
0.532339
0.863538
0.025876
0.002688
0.441211
0.038681
0.834037
0.057527
0.011913
0.00674
0.127774
0.584908
0.09103
0.033423
0.003554
0.187002
0.026912
0.293804
0.993972
0.589628
0.002547
0.919428
0.996834
0.565747
0.003658
0.00016
0.022831
0.095568
0.982629
0.267537
0.001585
0.91821
0.9939
0.436019
0.004912
0.005758
0.044071
0.022323
0.016027
0.250215
0.109743
0.001975
0.994003
0.284782
0.248835
0.974545
0.010007
0.018767
0.083054
0.00012
0.000182
0.010412
0.000158
0.102442
0.039479
0.000175
0.245769
0.996297
0.348885
0.602184
0.956672
0.939315
0.022534
0.345641
0.083848
0.000857
0.270871
0.023291
0.000339
0.998465
0.217104
0.000455
0.024111
0.910056
0.069388
0.009213
0.593861
0.38319
0.645378
0.002474
0.229363
0.028328
0.454478
0.022888
0.015087
0.072269
0.000241
0.240636
0.040858
0.279576
0.777368
0.022304
0.011587
0.760822
0.096214
0.073239
0.555766
0.917868
0.028327
0.002334
0.01149
0.019648
0.170233
0.711879
0.002591
0.008159
0.236926
0.000242
0.010238
0.000882
0.119166
0.875358
0.041539
0.002866
0.710994
0.005533
0.758602
0.025773
0.000174
0.217536
0.748417
0.012046
0.872716
0.017297
0.094943
0.069343
0.988486
0.996153
0.101498
0.000225
0.001383
0.005007
0.080737
0.843219
0.001141
0.021779
0.018824
0.069527
0.000653
0.043776
0.033555
0.977219
0.982627
0.01373
0.192625
0.000166
0.983776
0.001404
0.006416
0.00129
0.015669
0.026578
0.398564
0.000736
0.181643
0.069233
0.978842
0.018763
0.035858
0.016617
0.021023
0.454587
0.053462
0.302414
0.935765
0.017387
0.003107
0.016435
0.670637
0.923703
0.010817
0.666512
0.007578
0.000574
0.199025
0.002791
0.141965
0.003291
0.007818
0.001429
0.140002
0.079078
0.004459
0.000195
0.25882
0.00042
0.911336
0.602017
0.011933
0.410898
0.009147
0.016243
0.086927
0.930952
0.023342
0.233107
0.001374
0.821043
0.82858
0.000278
0.243181
0.235825
0.06887
0.98982
0.461578
0.002617
0.008438
0.006221
0.949065
0.217511
0.840369
0.917085
0.011951
0.197397
0.009847
0.000485
0.646719
0.002279
0.265057
0.995525
0.111564
0.567166
0.168052
0.001056
0.886005
0.008799
0.16469
0.527083
0.969671
0.099555
0.005491
0.326465
0.157698
0.377003
0.090332
0.007104
0.777815
0.890821
0.028394
0.000366
0.009179
0.000282
0.000248
0.279219
0.852651
0.444425
0.069109
0.996777
0.997935
0.006695
0.01079
0.657779
0.048559
0.007477
0.074371
0.997096
0.117437
0.010865
0.735822
0.980166
0.005667
0.002903
0.00111
0.005956
0.055194
0.990944
0.994121
0.123201
0.725426
0.025086
0.035536
0.973356
0.130403
0.486554
0.69022
0.032844
0.000457
0.960043
0.050187
0.037668
0.953062
0.15512
0.012909
0.44666
0.221527
0.000688
0.385732
0.00799
0.033527
0.576047
0.09509
0.00114
0.166958
0.000883
0.213949
0.033488
0.003616
0.000211
0.539461
0.00039
0.042229
0.403534
0.00179
0.919836
0.088134
0.002153
0.00356
0.429846
0.150731
0.057636
0.006016
0.051989
0.001999
0.002608
0.02278
0.129209
0.878926
0.210106
0.172886
0.88366
0.003437
0.574426
0.279447
0.012662
0.653516
0.011477
0.105392
0.992896
0.003646
0.481931
0.235029
0.79858
0.132429
0.086039
0.992975
0.226945
0.86684
0.995221
0.000948
0.017067
0.279887
0.555683
0.175055
0.040043
0.307985
0.322085
0.079855
0.001998
0.99545
0.999675
0.474132
0.002528
0.153887
0.352606
0.117292
0.995013
0.000655
0.007253
0.277574
0.921995
0.59748
0.028096
0.101769
0.026092
0.995047
0.055205
0.01646
0.129631
0.107258
0.005704
0.000796
0.946195
0.002923
0.000386
0.980473
0.061043
0.048831
0.047582
0.456525
0.531728
0.001195
0.006583
0.538862
0.001015
0.039485
0.021141
0.22339
0.022967
0.02459
0.920409
0.143923
0.987677
0.00582
0.235604
0.185603
0.001477
0.589009
0.779373
0.074062
0.018274
0.075304
0.000784
0.037461
0.016264
0.052094
0.816701
0.005342
0.118876
0.020255
0.189195
0.991021
0.489414
0.360816
0.032882
0.77986
0.039379
0.511226
0.964196
0.049239
0.032115
0.644814
0.009487
0.334331
0.000767
0.399111
0.980465
0.946268
0.740404
0.088688
0.460156
0.016084
0.828325
0.466889
0.010451
0.828287
0.011571
0.591704
0.475829
0.999683
0.004718
0.001619
0.999971
0.999092
0.001005
0.340848
0.00022
0.572571
0.148214
0.012299
0.020951
0.011258
0.004955
0.072132
0.612029
0.046121
0.098931
0.898985
0.005955
0.247905
0.708253
0.396587
0.119723
0.558953
0.934554
0.997484
0.779351
0.047609
0.82176
0.001691
0.252919
0.676007
0.463442
0.00359
0.845738
0.002805
0.029966
0.958192
0.434475
0.466869
0.753504
0.002687
0.150697
0.000116
0.818155
0.98909
0.056689
0.004603
0.231113
0.364382
0.087807
0.942565
0.945524
0.989026
0.90974
0.050293
0.090248
0.990381
0.712143
0.025025
0.865133
0.561163
0.583556
0.109084
0.00514
0.029843
0.016528
0.992896
0.005838
0.028556
0.007987
0.039471
0.146578
0.005723
0.09626
0.371939
0.205048
0.120539
0.847165
0.597486
0.01302
0.020817
0.938188
0.001549
0.023931
0.785599
0.000276
0.000512
0.499986
0.485345
0.013056
0.250534
0.206184
0.930573
0.514229
0.094986
0.0413
0.003677
0.001009
0.003604
0.903821
0.00027
0.000296
0.004123
0.467822
0.028887
0.002836
0.861699
0.019291
0.009942
0.042686
0.000852
0.01258
0.007521
0.009212
0.012792
0.950016
0.322453
0.450443
0.999201
0.905878
0.00705
0.985213
0.31132
0.073797
0.002216
0.206488
0.303314
0.000464
0.129447
0.004982
0.016151
0.012317
0.953668
0.047597
0.239869
0.021248
0.433678
0.005355
0.999175
0.00464
0.007897
0.043708
0.962252
0.000571
0.04331
0.722074
0.00366
0.000635
0.000509
0.132505
0.575314
0.164101
0.905969
0.214818
0.001922
0.00549
0.246093
0.008319
0.950187
0.003335
0.000934
0.070662
0.925084
0.040723
0.122667
0.282945
0.002624
0.989065
0.055388
0.002676
0.026981
0.002049
0.009718
0.995042
0.223636
0.000275
0.972805
0.001211
0.016776
0.121089
0.929908
0.284007
0.002028
0.174719
0.000209
0.313953
0.181476
0.851482
0.899555
0.079209
0.952291
0.987465
0.017467
0.921371
0.019461
0.979452
0.003039
0.000267
0.003242
0.997312
0.016744
0.000812
0.102546
0.980034
0.981477
0.269415
0.821319
0.994698
0.262365
0.012543
0.331631
0.002076
0.000405
0.978277
0.776762
0.000116
0.000608
0.006791
0.107213
0.242365
0.254932
0.47367
0.904911
0.151564
0.568792
0.002447
0.347155
0.018139
0.337662
0.878005
0.681858
0.055441
0.529245
0.280087
0.122804
0.405725
0.00485
0.000255
0.947311
0.787278
0.031397
0.216854
0.001532
0.228267
0.996532
0.022628
0.005151
0.029889
0.989903
0.001578
0.027734
0.822664
0.766302
0.000579
0.001449
0.024422
0.571182
0.322278
0.021771
0.113135
0.030257
0.073182
0.102875
0.757743
0.003043
0.801454
0.363502
0.154948
0.131709
0.015665
0.328903
0.037616
0.487438
0.796036
0.045035
0.000292
0.852502
0.006151
0.822192
0.969003
0.010991
0.006663
0.586568
0.862235
0.011265
0.000168
0.957763
0.005361
0.314408
0.015195
0.042748
0.085686
0.085261
0.002716
0.005786
0.999818
0.021139
0.010816
0.880904
0.997229
0.991488
0.492583
0.052967
0.000519
0.064348
0.99642
0.001263
0.971059
0.072915
0.479412
0.002033
0.2974
0.48055
0.614229
0.680168
0.017047
0.583362
0.013858
0.050752
0.021156
0.008614
0.961079
0.002692
0.107434
0.177553
0.589013
0.973163
0.276946
0.00019
0.061412
0.062507
0.000143
0.044305
0.006443
0.000321
0.107722
0.005465
0.094181
0.755673
0.075777
0.392305
0.104512
0.596642
0.017746
0.017454
0.756423
0.616994
0.063967
0.044471
0.63394
0.000602
0.03813
0.002342
0.002859
0.988544
0.012203
0.000655
0.025856
0.987899
0.176334
0.028213
0.025225
0.81904
0.960521
0.994554
0.550228
0.005416
0.043499
0.956938
0.000202
0.056743
0.989276
0.000991
0.007174
0.000121
0.005711
0.07253
0.002461
0.33633
0.323954
0.009851
0.613906
0.996809
0.011631
0.866753
0.460751
0.000256
0.087846
0.004044
0.087297
0.100045
0.144408
0.937413
0.431788
0.064586
0.997029
0.989923
0.222596
0.001939
0.009391
0.992043
0.690688
0.001291
0.905875
0.017926
0.039917
0.979627
0.820189
0.50298
0.120787
0.481966
0.596916
0.800138
0.000808
0.024042
0.007206
0.001474
0.038568
0.282847
0.001682
0.50765
0.01198
0.93962
0.001577
0.335709
0.160904
0.245935
0.72998
0.058984
0.996554
0.383697
0.8503
0.008115
0.136362
0.208917
0.016048
0.172425
0.151259
0.467392
0.036715
0.392292
0.259662
0.945346
0.050306
0.003797
0.047608
1.000024
0.28215
0.269973
0.555482
0.030014
0.414644
0.170898
0.002822
0.121788
0.620786
0.59582
0.037893
0.010259
0.000443
0.011428
0.171942
0.98894
0.000612
0.920204
0.000626
0.549196
0.023955
0.998499
0.518583
0.238726
0.121169
0.129031
0.047791
0.104206
0.548696
0.517358
0.216542
0.003848
0.612048
0.975507
0.000675
0.080989
0.063643
0.000643
0.036826
0.941203
0.128441
0.006807
0.840479
0.055788
0.028838
0.033412
0.576764
0.012589
0.834102
0.960418
0.441444
0.065202
0.493991
0.005696
0.005535
0.694558
0.989863
0.002815
0.655558
0.01001
0.065905
0.585895
0.036535
0.168983
0.980338
0.060435
0.022403
0.01002
0.140184
0.002055
0.107678
0.004819
0.026409
0.21361
0.111252
0.004939
0.116378
0.849777
0.101526
0.06388
0.358868
0.944653
0.291977
0.017696
0.000683
0.131841
0.105014
0.000459
0.95774
0.745869
0.141925
0.291129
0.000435
0.032085
0.156093
0.350669
0.565176
0.006143
0.002386
0.024916
0.008622
0.014519
0.027322
0.000918
0.001446
0.000351
0.002607
0.490193
0.001841
0.729831
0.030088
0.05804
0.00144
0.00024
0.552892
0.061467
0.000439
0.255861
0.151887
0.137074
0.364791
0.020939
0.001506
0.998448
0.999196
0.811111
0.828433
0.00758
0.001251
0.000181
0.633489
0.296128
0.021374
0.044224
0.000153
0.000343
0.009844
0.011782
0.994372
0.000326
0.984952
0.001628
0.004958
0.723091
0.265453
0.028937
0.997974
0.000445
0.001186
0.000801
0.002892
0.972952
0.129666
0.007428
0.893657
0.812491
0.117883
0.009505
0.426005
0.001924
0.006927
0.000797
0.005774
0.0735
0.019441
0.039872
0.353873
0.002219
0.486922
0.002435
0.995236
0.859781
0.000151
0.004053
0.009634
0.001085
0.004879
0.986444
0.002696
0.131152
0.211627
0.136089
0.255002
0.213267
0.96232
0.013652
0.000812
0.559974
0.002932
0.000901
0.080352
0.856192
0.005913
0.000943
0.562094
0.001075
0.746128
0.05823
0.003051
0.087894
0.218519
0.010575
0.015794
0.003111
0.040604
0.123249
0.12204
0.996064
0.1396
0.000543
0.032969
0.003892
0.001247
0.003332
0.040103
0.995444
0.907733
0.258397
0.035657
0.741945
0.057556
0.030918
0.002557
0.241294
0.003398
0.723417
0.122486
0.013572
0.907627
0.000153
0.006898
0.000146
0.000281
0.001287
0.708628
0.998481
0.997239
0.222248
0.471308
0.01364
0.936707
0.009389
0.598824
0.181762
0.031985
0.146106
0.068827
0.97942
0.950875
0.000251
0.478039
0.859807
0.574576
0.097249
0.027388
0.995157
0.621332
0.561277
0.351574
0.016627
0.015857
0.071951
0.001545
0.217105
0.279651
0.013021
0.003662
0.076535
0.014958
0.06699
0.615385
0.954906
0.498753
0.001647
0.061426
0.837254
0.662408
0.168983
0.007054
0.961375
0.229977
0.00048
0.669982
0.000938
0.882735
0.013504
0.996386
0.005538
0.000297
0.021531
0.014834
0.025493
0.338321
0.810461
0.004306
0.002399
0.312747
0.041533
0.400298
0.185146
0.01495
0.442598
0.752981
0.701478
0.429644
0.02812
0.078967
0.035189
0.49277
0.232254
0.001339
0.988788
0.038119
0.011142
0.000253
0.024728
0.026977
0.198998
0.004047
0.005358
0.006787
0.00608
0.020245
0.000583
0.989029
0.889158
0.892601
0.002243
0.112367
0.772728
0.92258
0.016866
0.994188
0.564862
0.000681
0.344061
0.033973
0.00249
0.097818
0.99738
0.706637
0.003826
0.003052
0.982529
0.018031
0.002493
0.205341
0.988788
0.970147
0.999226
0.432518
0.027881
0.85053
0.012023
0.647234
0.004178
0.251558
0.062209
0.991468
0.766598
0.017663
0.552454
0.002042
0.001073
0.06251
0.274074
0.923294
0.765059
0.018886
0.000479
0.022982
0.001723
0.538455
0.0121
0.288765
0.272092
0.112773
0.000453
0.301383
0.98392
0.381199
0.026346
0.441833
0.020719
0.000639
0.000954
0.003196
0.7871
0.995422
0.99852
0.768168
0.001508
0.000399
0.000886
0.279623
0.000965
0.352113
0.393176
0.035368
0.153207
0.043383
0.06833
0.109664
0.452457
0.012776
0.998003
0.191244
0.200663
0.152916
0.046435
0.014672
0.481185
0.00147
0.003484
0.101377
0.053143
0.027033
0.006165
0.019711
0.079729
0.007697
0.013889
0.00057
0.106359
0.068685
0.000149
0.005886
0.006821
0.923508
0.974271
0.001597
0.004073
0.975826
0.026975
0.811666
0.000607
0.954922
0.98796
0.190551
0.249284
0.331887
0.004065
0.919041
0.311259
0.042753
0.043184
0.011082
0.283801
0.000603
0.993003
0.022153
0.69484
0.04325
0.003502
0.200358
0.027092
0.807917
0.001039
0.000412
0.939683
0.008836
0.28375
0.31891
0.010151
0.000485
0.000105
0.921187
0.033787
0.257874
0.949417
0.059317
0.243981
0.019942
0.001835
0.005296
0.252819
0.417857
0.166882
0.083368
0.051024
0.020771
0.009562
0.484191
0.728636
0.319911
0.002173
0.011611
0.000184
0.000617
0.04151
0.067844
0.055074
0.055496
0.053007
0.106246
0.259084
0.640145
0.940559
0.08717
0.316453
0.057741
0.001216
0.046234
0.143008
0.008814
0.000511
0.993738
0.034753
0.334748
0.82024
0.023027
0.000432
0.003837
0.126296
0.863696
0.776438
0.045126
0.874432
0.259587
0.000708
0.566877
0.003543
0.501353
0.003089
0.853646
0.901397
0.000199
0.027472
0.987982
0.016072
0.023079
0.062288
0.955622
0.000164
0.136561
0.619786
0.016164
0.478615
0.003092
0.952416
0.008758
0.119167
0.01668
0.027233
0.021244
0.272469
0.920238
0.446455
0.915407
0.000131
0.117179
0.037297
0.027963
0.052811
0.000116
0.266147
0.098583
0.302387
0.743867
0.13415
0.997762
0.002137
0.007829
0.989018
0.88091
0.977487
0.000179
0.084646
0.999985
0.478895
0.887995
0.758072
0.963255
0.826172
0.997412
0.965286
0.042268
0.831777
0.088958
0.054411
0.034615
0.005162
0.729768
0.001546
0.637685
0.033261
0.87904
0.016011
0.130791
0.975083
0.004872
0.044074
0.001627
0.721639
0.490858
0.047234
0.998612
0.000163
0.765815
0.028845
0.032801
0.623974
0.115498
0.030124
0.811284
0.021118
0.999315
0.343361
0.982983
0.031702
0.015911
0.732912
0.730841
0.867459
0.00012
0.99785
0.00157
0.259037
0.002703
0.005835
0.019425
0.00018
0.001192
0.234235
0.98784
0.016244
0.054123
0.995298
0.152165
0.013855
0.286776
0.388187
0.000123
0.153784
0.960951
0.35453
0.054584
0.963564
0.047077
0.078614
0.207006
0.075815
0.512208
0.002951
0.95948
0.549647
0.005883
0.048945
0.995598
0.536994
0.255578
0.943027
0.000315
0.01612
0.025929
0.975108
0.001222
0.533852
0.019085
0.015082
0.100506
0.00184
0.411956
0.007397
0.00065
0.004897
0.125575
0.009935
0.020152
0.802937
0.107191
0.000362
0.010691
0.025113
0.03443
0.968532
0.30807
0.018141
0.197001
0.039983
0.085932
0.028241
0.000256
0.529322
0.003602
0.228013
0.534676
0.986173
0.002304
0.885919
0.290035
0.060212
0.053708
0.000347
0.002198
0.001452
0.00107
0.006264
0.998718
0.376666
0.037978
0.461858
0.008492
0.000436
0.239481
0.05195
0.991783
0.13547
0.082643
0.400788
0.002382
0.025667
0.01018
0.057055
0.782176
0.003165
0.182232
0.008344
0.072971
0.001155
0.009479
0.005958
0.096493
0.011414
0.022751
0.918359
0.905788
0.035307
0.00115
0.06952
0.001611
0.988852
0.03757
1.000015
0.000516
0.000103
0.973695
0.014925
0.509852
0.98666
0.688592
0.001718
0.00014
0.911819
0.502704
0.007821
0.972294
0.452002
0.001214
0.990246
0.0242
0.588121
0.223783
0.001183
0.049142
0.00017
0.628149
0.99655
0.997845
0.67843
0.007007
0.001185
0.002375
0.006034
0.007231
0.518324
0.001227
0.000527
0.152289
0.140539
0.005208
0.054519
0.000732
0.22316
0.013061
0.248428
0.9903
0.852902
0.615309
0.035345
0.021154
0.074881
0.020211
0.046525
0.003483
0.018459
0.003855
0.114381
0.048101
0.003329
0.223473
0.001436
0.013426
0.10839
0.014402
0.033209
0.27307
0.99949
0.070671
0.989924
0.998493
0.00549
0.982454
0.043576
0.873511
0.030842
0.000138
0.000129
0.016217
0.074736
0.402454
0.319474
0.658023
0.000217
0.731894
0.017504
0.953172
0.237202
0.199534
0.049115
0.000159
0.983396
0.996052
0.049673
0.000173
0.024347
0.022073
0.023244
1.000025
0.000586
0.06269
0.483598
0.005289
0.063223
0.038979
0.748088
0.005919
0.245116
0.033643
0.656303
0.000974
0.986061
0.863633
0.015657
0.000638
0.030123
0.753284
0.981019
0.441399
0.087415
0.128801
0.98545
0.401533
0.000545
0.041877
0.999935
0.86735
0.303724
0.138447
0.474248
0.010955
0.005584
0.127342
0.100173
0.038138
0.010473
0.000609
0.225953
0.002537
0.905266
0.012888
0.060557
0.000677
0.006104
0.682407
0.101657
0.017005
0.000113
0.085936
0.062762
0.98989
0.572882
0.00685
0.84183
0.000226
0.000579
0.007394
0.009196
0.247218
0.171602
0.483898
0.640614
0.997159
0.063657
0.184835
0.253946
0.012497
0.021559
0.013655
0.08986
0.06095
0.988847
0.994934
0.38819
0.002152
0.000214
0.047216
0.035032
0.002753
0.005004
0.002944
0.171423
0.247388
0.295679
0.112616
0.000804
0.157831
0.303349
0.32093
0.828894
0.969225
0.934217
0.043535
0.001106
0.736875
0.003729
0.131263
0.33225
0.002812
0.427316
0.001034
0.612958
0.060281
0.169263
0.036347
0.998088
0.000508
0.612993
0.147763
0.000502
0.676958
0.010273
0.000102
0.127887
0.630163
0.001967
0.000377
0.995332
0.067428
0.012725
0.941494
0.18799
0.002318
0.021371
0.005415
0.00264
0.010672
0.876991
0.000298
0.00136
0.003277
0.48682
0.654643
0.009141
0.039045
0.000261
0.007516
0.086523
0.021565
0.127615
0.00519
0.956304
0.020884
0.277266
0.011607
0.504056
0.000234
0.010395
0.000985
0.000877
0.998101
0.644366
0.182624
0.994929
0.126746
0.010386
0.019097
0.217038
0.596686
0.58322
0.001144
0.183746
0.002361
0.910178
0.972988
0.549947
0.224089
0.543249
0.341275
0.16396
0.71754
0.059886
0.01724
0.017955
0.029231
0.000854
0.054172
0.078145
0.005182
0.094647
0.000215
0.997487
0.988501
0.016345
0.061148
0.998429
0.231219
0.901878
0.163851
0.79335
0.912775
0.265063
0.085724
0.104143
0.508262
0.010747
0.844416
0.32439
0.927266
0.114829
0.001525
0.011374
0.317344
0.758682
0.044697
0.000595
0.002523
0.898848
0.933585
0.982285
0.633447
0.197131
0.287801
0.007887
0.011634
0.021983
0.380429
0.00148
0.94931
0.004218
0.850065
0.172152
0.36663
0.193864
0.024124
0.764903
0.002777
0.160613
0.131249
0.000159
0.006793
0.917034
0.030341
0.001321
0.881612
0.998405
0.974252
0.475309
0.010949
0.108911
0.9795
0.755321
0.046901
0.004381
0.019072
0.241025
0.025304
0.072565
0.046517
0.040782
0.017534
0.002431
0.073073
0.996375
0.001326
0.074287
0.11544
0.090516
0.567652
0.00021
0.861066
0.931576
0.030277
0.002758
0.743701
0.996605
0.836384
0.801137
0.008734
0.788274
0.023657
0.002154
0.010131
0.02875
0.144774
0.076046
0.010622
0.004624
0.000639
0.472786
0.45338
0.003948
0.402664
0.031386
0.002155
0.730607
0.981666
0.06209
0.035994
0.335128
0.489332
0.999266
0.118142
0.405039
0.014275
0.982423
0.746321
0.567099
0.021533
0.001068
0.042744
0.027084
0.000819
0.994057
0.035312
0.001145
0.687805
0.000249
0.762475
0.006352
0.011476
0.963566
0.035991
0.97137
0.168818
0.00037
0.696857
0.015187
0.002969
0.025058
0.017836
0.000499
0.506273
0.986038
0.055793
0.491947
0.004501
0.038563
0.068055
0.01515
0.093202
0.376379
0.326851
0.009752
0.004108
0.002353
0.250048
0.020421
0.94454
0.887395
0.338374
0.836248
0.102222
0.000191
0.913762
0.197651
0.000559
0.023456
0.064908
0.014799
0.583204
0.019182
0.931294
0.011474
0.020537
0.008464
0.786754
0.999924
0.000178
0.06581
0.443071
0.054484
0.004007
0.003909
0.991003
0.324649
0.000197
0.00339
0.037118
0.00334
0.010793
0.955249
0.000188
0.862618
0.004089
0.01782
0.027448
0.000298
0.786828
0.644618
0.603145
0.994136
0.087578
0.548794
0.999649
0.412629
0.993189
0.000959
0.018793
0.998803
0.997319
0.010761
0.090698
0.851376
0.988044
0.391334
0.996842
0.980031
0.089922
0.000159
0.013561
0.021631
0.009259
0.004219
0.931104
0.002184
0.200872
0.035368
0.532485
0.847401
0.000145
0.010655
0.407338
0.81713
0.136658
0.068263
0.992803
0.013881
0.001034
0.052706
0.897959
0.002761
0.016468
0.023766
0.904903
0.744893
0.003704
0.743785
0.035031
0.975798
0.001229
0.000554
0.059858
0.461211
0.00421
0.997595
0.999014
0.073001
0.106226
0.007764
0.046796
0.1829
0.018235
0.967245
0.994342
0.163002
0.729208
0.212469
0.079367
0.247478
0.01053
0.60103
0.025115
0.008354
0.005258
0.084052
0.993833
0.013038
0.989647
0.142962
0.187351
0.725975
0.032979
0.873494
0.121452
0.000499
0.926373
0.183817
0.00046
0.108666
0.809375
0.002596
0.036295
0.0811
0.001175
0.103118
0.156623
0.053374
0.000409
0.686331
0.048882
0.00051
0.510603
0.386151
0.573937
0.007373
0.000339
0.070493
0.273319
0.00237
0.001809
0.000707
0.002253
0.506118
0.04085
0.008543
0.058437
0.320995
0.061511
0.013398
0.145727
0.013292
0.966599
0.007634
0.057859
0.382214
0.047089
0.988288
0.004855
0.257222
0.518675
0.923398
0.776284
0.005756
0.768317
0.74317
0.835162
0.104719
0.001387
0.040318
0.003066
0.01257
0.129785
0.962035
0.028405
0.97441
0.006561
0.789675
0.027495
0.003721
0.008186
0.048253
0.998192
0.137001
0.000806
0.921051
0.099486
0.207799
0.923566
0.653611
0.000662
0.920361
0.000381
0.452521
0.02389
0.000268
0.00095
0.001795
0.791854
0.000692
0.016913
0.995755
0.997889
0.331222
0.000688
0.925514
0.023351
0.080532
0.010153
0.92856
0.999416
0.186462
0.138757
0.000678
0.164091
0.029819
0.001318
0.003411
0.009271
0.059009
0.00011
0.211616
0.114791
0.098135
0.607679
0.001
0.220963
0.193102
0.395554
0.010391
0.082911
0.054876
0.046181
0.000661
0.160389
0.614229
0.003553
0.484446
0.824522
0.250742
0.000172
0.742787
0.001172
0.00257
0.928091
0.05077
0.40819
0.020715
0.399336
0.001559
0.013642
0.071785
0.082029
0.765757
0.570809
0.001442
0.325307
0.781921
0.11315
0.75717
0.619744
0.056517
0.001679
0.740051
0.004425
0.446566
0.002588
0.017958
0.003212
0.950562
0.001864
0.30369
0.059586
0.012759
0.004848
0.992777
0.00097
0.873625
0.165615
0.0216
0.999535
0.997551
0.123024
0.001169
0.691535
0.067607
0.012072
0.499229
0.046947
0.99873
0.217214
0.003331
0.129433
0.997845
0.219866
0.072022
0.000381
0.326937
0.021835
0.13465
0.042743
0.155284
0.022973
0.8222
0.001179
0.000844
0.801016
0.993838
0.553091
0.155422
0.001074
0.99233
0.985708
0.014515
0.01258
0.088075
0.410894
0.636511
0.237394
0.030013
0.015752
0.000318
0.00037
0.894998
0.003716
0.007846
0.206246
0.339734
0.020238
0.105969
0.001756
0.256965
0.732975
0.984484
0.931329
0.013623
0.015997
0.910753
0.00093
0.605057
0.001181
0.26095
0.606133
0.928128
0.000231
0.060709
0.017565
0.001065
0.000153
0.766375
0.348097
0.017643
0.000163
0.015554
0.747594
0.53097
0.067284
0.005866
0.128587
0.083494
0.509802
0.281426
0.001085
0.000598
0.01262
0.000733
0.001907
0.02991
0.012965
0.131335
0.7777
0.056553
0.584589
0.732193
0.005168
0.844634
0.98788
0.493845
0.015585
0.971982
0.008671
0.000813
0.162331
0.995987
0.005759
0.002309
0.000174
0.246867
0.162831
0.942005
0.209521
0.023022
0.514845
0.08829
0.523822
0.000186
0.001054
0.023442
0.211931
0.070906
0.559735
0.064951
0.00263
0.02424
0.018001
0.787861
0.00889
0.002002
0.010484
0.036911
0.002109
0.128341
0.039079
0.000956
0.827962
0.487734
0.075523
0.004304
0.704312
0.046733
0.045279
0.039304
0.005322
0.004392
0.018032
0.231261
0.001839
0.664773
0.101297
0.851805
0.000355
0.994417
0.01758
0.000314
0.034555
0.003455
0.005808
0.202324
0.998662
0.051869
0.000947
0.686393
0.00467
0.905967
0.061286
0.002993
0.325049
0.376917
0.014459
0.713417
0.122932
0.003763
0.211334
0.728107
0.027313
0.001755
0.230176
0.109433
0.080159
0.032232
0.984916
0.009359
0.001711
0.990625
0.014829
0.019242
0.087556
0.290866
0.991009
0.000733
0.874102
0.452573
0.156661
0.004992
0.021735
0.518953
0.020735
0.006486
0.357411
0.998046
0.013954
0.114594
0.257728
0.163837
0.432704
0.004232
0.001694
0.021057
0.012768
0.004118
0.297729
0.000681
0.002546
0.939982
0.155808
0.219752
0.047857
0.079901
0.061132
0.647779
0.054279
0.00342
0.009854
0.002062
0.315024
0.078619
0.04745
0.812802
0.000947
0.041402
0.454007
0.003378
0.001211
0.039804
0.097175
0.998842
0.997993
0.028513
0.829459
0.011513
0.052125
0.933531
0.982228
0.000487
0.00105
0.131652
0.069345
0.538469
0.001318
0.146339
0.002238
0.211498
0.208141
0.001764
0.009146
0.468145
0.777841
0.045611
0.055707
0.218917
0.90987
0.012394
0.101749
0.012749
0.047188
0.790148
0.001707
0.993574
0.896253
0.143767
0.875482
0.7591
0.023635
0.079808
0.743125
0.000676
0.031425
0.003004
0.940765
0.015132
0.717064
0.177117
0.016134
0.165753
0.001693
0.989915
0.229896
0.482894
0.08377
0.999673
0.523896
0.033567
0.087827
0.062335
0.930549
0.020818
0.175765
0.280298
0.919377
0.077701
0.235354
0.006243
0.198808
0.886831
0.619204
0.999823
0.431576
0.622913
0.042069
0.028363
0.05556
0.004045
0.000726
0.015767
0.042799
0.008512
0.98317
0.481885
0.301868
0.413117
0.008232
0.767291
0.628166
0.025174
0.13215
0.002759
0.770552
0.00134
0.107303
0.045607
0.976224
0.0041
0.000311
0.058258
0.916194
0.000178
0.995411
0.000142
0.548958
0.000217
0.060986
0.755669
0.002322
0.000578
0.084384
0.003582
0.0031
0.1893
0.00146
0.416454
0.933578
0.654307
0.002768
0.695209
0.136179
0.287008
0.011238
0.004165
0.047912
0.024693
0.003559
0.002447
0.881831
0.178666
0.00067
0.00023
0.627826
0.873488
0.947892
0.510913
0.001314
0.023663
0.131032
0.005917
0.011591
0.531522
0.909472
0.054584
0.002308
0.387043
0.000172
0.587509
0.713609
0.717358
0.038108
0.000344
0.959673
0.008574
0.76083
0.008798
0.044236
0.561345
0.089895
0.089065
0.734396
0.473961
0.008624
0.003341
0.447014
0.096205
0.010496
0.028809
0.90329
0.273129
0.078321
0.000171
0.023259
0.742451
0.4203
0.0569
0.163313
0.013185
0.295214
0.300826
0.99667
0.014621
0.009443
0.010188
0.251788
0.019226
0.950059
0.009191
0.728329
0.001781
0.001804
0.023814
0.996031
0.066325
0.119672
0.61001
0.416499
0.04504
0.995741
0.183316
0.975303
0.000156
0.816756
0.288082
0.929026
0.991234
0.918278
0.02653
0.000835
0.085797
0.484127
0.070623
0.008043
0.133556
0.405081
0.843396
0.008214
0.001301
0.913549
0.28293
0.978642
0.990735
0.003297
0.016885
0.990839
0.031659
0.009576
0.009737
0.25718
0.001428
0.010376
0.000181
0.721965
0.102016
0.773784
0.002641
0.218777
0.928953
0.004522
0.000517
0.367856
0.002085
0.353874
0.26109
0.011435
0.003377
0.029769
0.076585
0.43885
0.086647
0.511516
0.604457
0.002718
0.002019
0.036452
0.048
0.00661
0.078395
0.717611
0.144813
0.001919
0.099282
0.158625
0.0704
0.455321
0.011908
0.868239
0.000696
0.033249
0.112054
0.194416
0.018484
0.028159
0.257408
0.637548
0.840095
0.239855
0.015312
0.982954
0.000719
0.002216
0.944538
0.007002
0.05078
0.991196
0.980229
0.97675
0.334205
0.719733
0.918336
0.983422
0.002508
0.010195
0.011845
0.000186
0.120492
0.124003
0.002079
0.062398
0.989637
0.666549
0.30865
0.004176
0.94117
0.003383
0.005213
0.032706
0.661594
0.010997
0.003149
0.002254
0.005859
0.002319
0.999965
0.544223
0.008178
0.021659
0.030126
0.286589
0.005399
0.002014
0.300659
0.998788
0.005256
0.051325
0.003878
0.008648
0.031536
0.009461
0.015187
0.149819
0.122572
0.566207
0.024742
0.891674
0.040495
0.018104
0.030083
0.000466
0.145707
0.944877
0.974358
0.234677
0.981319
0.715358
0.019155
0.511122
0.992397
0.074503
0.814546
0.001853
0.873161
0.519465
0.085081
0.911256
0.007574
0.038333
0.093692
0.916063
0.021102
0.953622
0.001349
0.00577
0.001367
0.00082
0.979036
0.018928
0.012155
0.000827
0.041464
0.78575
0.002083
0.259626
0.030379
0.019493
0.011676
0.745689
0.5504
0.017999
0.048836
0.023681
0.998756
0.076859
0.956437
0.035534
0.000392
0.042386
0.290676
0.939849
0.109999
0.000533
0.218722
0.185439
0.293331
0.94178
0.001972
0.004864
0.98388
0.000254
0.452312
0.066064
0.118513
0.834791
0.120196
0.000613
0.007184
0.031075
0.000472
0.000586
0.833507
0.973964
0.002379
0.087276
0.000457
0.000899
0.281165
0.910779
0.027084
0.007503
0.111738
0.90273
0.943179
0.000657
0.716195
0.001569
0.059966
0.088518
0.007798
0.735407
0.993986
0.012256
0.003994
0.033724
0.002711
0.000356
0.999141
0.011719
0.172631
0.153148
0.02159
0.080023
0.993449
0.286238
0.03083
0.000746
0.003521
0.001195
