ER_10000_10_0,3021,0.174000,10000
ER_10000_10_1,3020,0.141000,10000
ER_10000_15_0,3210,0.193000,10000
ER_10000_15_1,3156,0.182000,10000
ER_10000_20_0,3319,0.169000,10000
ER_10000_20_1,3333,0.174000,10000
ER_20000_10_0,6087,0.517000,20000
ER_20000_10_1,6107,0.569000,20000
ER_20000_15_0,6397,0.547000,20000
ER_20000_15_1,6390,0.538000,20000
ER_20000_20_0,6616,0.624000,20000
ER_20000_20_1,6599,0.632000,20000
ER_30000_10_0,9053,1.148000,30000
ER_30000_15_0,9597,1.164000,30000
ER_30000_20_0,9929,1.171000,30000
ER_50000_10_0,14888,2.548000,50000
ER_50000_15_0,15956,2.948000,50000
ER_50000_20_0,16599,3.106000,50000
