ER_10000_10_0,1692,0.078000,10000
ER_10000_10_1,1725,0.083000,10000
ER_10000_15_0,2094,0.102000,10000
ER_10000_15_1,2085,0.106000,10000
ER_10000_20_0,2334,0.128000,10000
ER_10000_20_1,2330,0.120000,10000
ER_20000_10_0,3554,0.223000,20000
ER_20000_10_1,3449,0.267000,20000
ER_20000_15_0,4214,0.341000,20000
ER_20000_15_1,4139,0.287000,20000
ER_20000_20_0,4744,0.416000,20000
ER_20000_20_1,4649,0.354000,20000
ER_30000_10_0,5241,0.436000,30000
ER_30000_15_0,6384,0.625000,30000
ER_30000_20_0,7137,0.767000,30000
ER_50000_10_0,14956,3.399000,50000
ER_50000_15_0,10612,1.829000,50000
ER_50000_20_0,11926,2.088000,50000
