0.165193
0.180277
0.156068
0.180716
0.142662
0.161435
0.178964
0.154398
0.170676
0.15625
0.18203
0.189363
0.20321
0.167831
0.141154
0.175143
0.179191
0.183801
0.168886
0.163315
0.154207
0.160776
0.162334
0.174278
0.170584
0.152918
0.153505
0.168799
0.158535
0.17034
0.143446
0.156609
0.15879
0.151449
0.170814
0.14401
0.146964
0.170313
0.170709
0.165687
0.162701
0.148493
0.132704
0.160413
0.158557
0.163583
0.18299
0.1443
0.178762
0.136152
0.1545
0.14031
0.189843
0.146143
0.162385
0.157558
0.190477
0.144042
0.177963
0.159297
0.159998
0.150105
0.20049
0.157666
0.186899
0.177659
0.144438
0.129431
0.152141
0.150462
0.142236
0.166078
0.166015
0.112809
0.177654
0.161629
0.195029
0.161502
0.164854
0.177548
0.190675
0.203826
0.159903
0.179047
0.167127
0.138257
0.139695
0.152532
0.16755
0.16148
0.17439
0.174164
0.160709
0.1444
0.151778
0.109589
0.156106
0.130523
0.177708
0.166707
0.177308
0.177721
0.14793
0.192869
0.15952
0.173283
0.177758
0.155935
0.186111
0.160047
0.137696
0.140227
0.121968
0.170846
0.160462
0.16145
0.168432
0.152085
0.171739
0.156596
0.172588
0.153836
0.167579
0.160062
0.184914
0.127555
0.149579
0.153931
0.107823
0.167999
0.161403
0.161727
0.144529
0.187329
0.112208
0.152741
0.161582
0.13248
0.132297
0.103809
0.183009
0.126696
0.106546
0.168741
0.12313
0.151628
0.164346
0.173875
0.160256
0.177473
0.166461
0.166063
0.168778
0.154367
0.195606
0.162098
0.153098
0.150394
0.172814
0.180638
0.144673
0.160011
0.099608
0.145605
0.166542
0.160995
0.167947
0.141829
0.140063
0.157603
0.172539
0.156612
0.148269
0.148127
0.143933
0.153179
0.193365
0.133773
0.140991
0.145321
0.128475
0.155203
0.162197
0.102704
0.157826
0.14215
0.174967
0.087133
0.188805
0.141507
0.149158
0.169985
0.218026
0.175147
0.139674
0.148082
0.167664
0.155868
0.076901
0.154608
0.173374
0.133357
0.17611
0.174006
0.141469
0.126961
0.146141
0.116834
0.125901
0.152268
0.162263
0.138758
0.120839
0.151473
0.139936
0.169104
0.153265
0.158973
0.170267
0.095528
0.169378
0.163511
0.126516
0.135175
0.176057
0.160015
0.139354
0.165605
0.167543
0.141912
0.155934
0.122877
0.114874
0.161827
0.173017
0.178071
0.123424
0.168235
0.18058
0.170432
0.160818
0.148439
0.156721
0.130947
0.137544
0.118485
0.186771
0.171873
0.184598
0.159544
0.148335
0.156131
0.181448
0.209799
0.147235
0.15857
0.176853
0.174829
0.111695
0.161147
0.167701
0.133286
0.158005
0.133909
0.16359
0.165474
0.129831
0.16305
0.16124
0.099552
0.152286
0.176287
0.106931
0.182956
0.133359
0.146329
0.17011
0.138747
0.179921
0.130502
0.160243
0.135857
0.136499
0.172758
0.160816
0.178258
0.1166
0.186903
0.16333
0.144344
0.157685
0.163316
0.179979
0.12971
0.099625
0.174061
0.131693
0.154287
0.157069
0.181523
0.152607
0.144261
0.083283
0.127267
0.164739
0.170608
0.127748
0.120682
0.121398
0.168624
0.21736
0.131397
0.146471
0.176273
0.158539
0.143885
0.181875
0.139289
0.187434
0.15214
0.147873
0.140281
0.145154
0.178838
0.17209
0.154408
0.148421
0.159683
0.14619
0.095391
0.148447
0.155959
0.135748
0.178136
0.156373
0.141005
0.182668
0.172449
0.113225
0.173778
0.140784
0.127664
0.127254
0.142718
0.194546
0.143344
0.17968
0.133919
0.184253
0.113964
0.172188
0.124162
0.165384
0.16037
0.175701
0.110143
0.085046
0.166387
0.164345
0.137466
0.139833
0.124549
0.114393
0.150258
0.119225
0.138501
0.17718
0.123254
0.186406
0.087616
0.170106
0.080433
0.148766
0.13255
0.1671
0.181016
0.165136
0.115955
0.147838
0.189905
0.118759
0.139169
0.138923
0.153646
0.169455
0.165855
0.109769
0.158546
0.166656
0.161322
0.059368
0.159969
0.106303
0.160092
0.106333
0.152645
0.145301
0.165106
0.181597
0.103153
0.160693
0.152121
0.149785
0.15949
0.169664
0.100833
0.117081
0.175757
0.11787
0.164254
0.181127
0.147906
0.185299
0.130257
0.088842
0.159557
0.135758
0.167923
0.163061
0.081817
0.14413
0.153538
0.186123
0.066093
0.124469
0.092615
0.19049
0.164044
0.15196
0.153372
0.176863
0.154978
0.181265
0.119931
0.151507
0.157198
0.182904
0.167994
0.16239
0.159
0.143278
0.120137
0.120395
0.173808
0.144795
0.069281
0.128028
0.157253
0.181098
0.182491
0.138179
0.125316
0.147691
0.101403
0.138913
0.135348
0.141802
0.115933
0.148605
0.144906
0.167519
0.180707
0.139112
0.17255
0.105043
0.123445
0.103585
0.164961
0.168814
0.161498
0.162351
0.166214
0.181897
0.168653
0.138459
0.086548
0.152585
0.166625
0.140812
0.160879
0.15374
0.1012
0.172993
0.185638
0.15919
0.171344
0.139221
0.215659
0.144782
0.129215
0.150449
0.179602
0.112919
0.164953
0.122634
0.175939
0.168489
0.117403
0.160004
0.117668
0.108806
0.163625
0.171716
0.155733
0.125439
0.177813
0.155306
0.180399
0.166428
0.163693
0.121731
0.121219
0.140217
0.12045
0.157527
0.096864
0.064855
0.100952
0.187168
0.163196
0.138119
0.160429
0.160633
0.171125
0.161183
0.092152
0.172555
0.134641
0.124984
0.176616
0.130577
0.10789
0.153707
0.157988
0.172929
0.094954
0.172466
0.171955
0.096176
0.073974
0.128221
0.135833
0.137961
0.187071
0.147307
0.162603
0.167839
0.142445
0.090438
0.153083
0.186913
0.149504
0.112689
0.174611
0.124254
0.163338
0.11605
0.123953
0.16899
0.144988
0.12004
0.149502
0.11803
0.130378
0.126579
0.131413
0.15228
0.081868
0.126943
0.158455
0.149108
0.171045
0.169282
0.111449
0.176934
0.164598
0.162111
0.183826
0.111415
0.157252
0.168491
0.150576
0.167239
0.127229
0.135965
0.103047
0.143195
0.11691
0.124915
0.130935
0.159795
0.154799
0.134796
0.093
0.092467
0.13985
0.17257
0.155641
0.132804
0.161312
0.13108
0.107144
0.140492
0.160239
0.184387
0.167161
0.133157
0.116946
0.173343
0.078892
0.118153
0.099361
0.154753
0.133695
0.152876
0.153652
0.209384
0.129055
0.16631
0.127862
0.116847
0.086257
0.113762
0.168888
0.085018
0.141741
0.124305
0.169109
0.142758
0.138943
0.116502
0.172433
0.171749
0.130272
0.157441
0.123902
0.099271
0.117794
0.190769
0.141582
0.094304
0.121217
0.166711
0.169886
0.148631
0.139282
0.154068
0.142504
0.15315
0.167014
0.116198
0.109037
0.162558
0.156859
0.134877
0.168596
0.179789
0.088643
0.154364
0.131985
0.112537
0.110364
0.188744
0.166359
0.140075
0.148484
0.122231
0.159621
0.154146
0.168507
0.172666
0.117026
0.162641
0.155906
0.088
0.117776
0.178278
0.069231
0.108875
0.158553
0.171121
0.155475
0.169051
0.165845
0.107751
0.124147
0.162749
0.141699
0.129478
0.173384
0.10552
0.12244
0.134273
0.171659
0.120906
0.132109
0.121172
0.082097
0.141105
0.159117
0.167543
0.158979
0.108936
0.150901
0.064844
0.164697
0.167347
0.143547
0.083365
0.105323
0.16811
0.168833
0.120059
0.15016
0.164208
0.091562
0.129964
0.161373
0.166622
0.132123
0.117266
0.137354
0.113665
0.134261
0.153122
0.186039
0.147779
0.144954
0.185166
0.095779
0.139851
0.17097
0.119943
0.131188
0.133958
0.104817
0.097671
0.153884
0.148751
0.111252
0.147201
0.159866
0.141013
0.151446
0.07875
0.160043
0.131482
0.169976
0.182293
0.171021
0.124081
0.078993
0.152579
0.162156
0.12195
0.168568
0.151739
0.123784
0.131564
0.10034
0.15899
0.082378
0.124461
0.15492
0.14689
0.055946
0.161512
0.113565
0.06576
0.186796
0.189848
0.150573
0.139759
0.146752
0.143138
0.104987
0.097082
0.150559
0.153428
0.166234
0.089171
0.178086
0.154734
0.136492
0.084837
0.176043
0.115732
0.11115
0.150201
0.117704
0.142721
0.144837
0.084738
0.10379
0.197689
0.054097
0.158345
0.140573
0.116705
0.088163
0.113117
0.125358
0.17622
0.118324
0.157479
0.101105
0.165652
0.097721
0.134585
0.176721
0.192723
0.104901
0.152812
0.145213
0.113437
0.164953
0.109424
0.159434
0.149071
0.171131
0.135676
0.115067
0.187422
0.163801
0.143399
0.105271
0.130928
0.120321
0.177687
0.087179
0.107849
0.183556
0.152066
0.176044
0.096274
0.136597
0.155625
0.08656
0.140094
0.082094
0.153071
0.12152
0.089991
0.146042
0.182695
0.108675
0.145572
0.188686
0.180871
0.164082
0.096813
0.117104
0.165147
0.09593
0.123609
0.156415
0.078106
0.189578
0.123551
0.097322
0.104274
0.164046
0.127893
0.187397
0.116134
0.164522
0.139384
0.169721
0.151204
0.115169
0.151622
0.061634
0.184627
0.12303
0.139085
0.152537
0.108955
0.102945
0.162478
0.171426
0.162883
0.121364
0.07261
0.153043
0.141472
0.156918
0.175716
0.13941
0.083193
0.107152
0.081993
0.097797
0.129642
0.114171
0.157981
0.079617
0.129235
0.169778
0.17111
0.111582
0.099913
0.150877
0.146073
0.178829
0.142812
0.100299
0.147238
0.103163
0.153047
0.122716
0.129675
0.125672
0.150657
0.187481
0.158266
0.149685
0.135235
0.125732
0.161075
0.17838
0.147103
0.126415
0.081007
0.075587
0.109073
0.090436
0.123409
0.158307
0.113907
0.150794
0.124628
0.101142
0.173686
0.145883
0.153934
0.157789
0.132497
0.151714
0.160397
0.158395
0.118464
0.160884
0.079561
0.159346
0.087561
0.179996
0.128753
0.160314
0.144249
0.119079
0.104218
0.144272
0.122688
0.130511
0.088241
0.162345
0.173392
0.138455
0.158877
0.167977
0.141614
0.117098
0.145055
0.080183
0.140613
0.099093
0.149519
0.126313
0.164888
0.079979
0.101209
0.117083
0.180763
0.155381
0.157855
0.182818
0.108495
0.160046
0.180591
0.071701
0.151643
0.088148
0.1566
0.154846
0.131889
0.174529
0.153164
0.161443
0.167194
0.104307
0.130044
0.150161
0.158039
0.102772
0.078552
0.132894
0.150972
0.110139
0.180951
0.159668
0.124649
0.15658
0.09873
0.146953
0.131163
0.131382
0.146164
0.179283
0.14661
0.154153
0.158363
0.104605
0.123913
0.08946
0.148872
0.076016
0.144125
0.163201
0.157223
0.149201
0.111839
0.171562
0.149079
0.169665
0.102107
0.081837
0.148899
0.137244
0.116392
0.153883
0.095726
0.109181
0.081075
0.110765
0.122819
0.154877
0.12742
0.155056
0.164135
0.192367
0.07245
0.178145
0.066366
0.122312
0.105652
0.095676
0.168108
0.202034
0.09108
0.12044
0.059531
0.122687
0.106324
0.172576
0.137205
0.150184
0.122586
0.080222
0.151093
0.118797
0.099419
0.109356
0.114753
0.145473
0.126471
0.182627
0.115734
0.165349
0.128979
0.157355
0.121329
0.106706
0.162059
0.088577
0.128597
0.127788
0.127914
0.092691
0.113606
0.141602
0.076032
0.134017
0.145344
0.159557
0.130232
0.117393
0.121121
0.103593
0.155903
0.056694
0.093669
0.119435
0.113626
0.085238
0.140265
0.191386
0.145354
0.068089
0.125566
0.147963
0.084503
0.14246
0.104761
0.162585
0.181812
0.156868
0.129371
0.068205
0.172917
0.152178
0.115327
0.116208
0.1782
0.157503
0.095877
0.064068
0.101764
0.093036
0.158546
0.15789
0.121388
0.15661
0.174043
0.127231
0.161292
0.151242
0.117073
0.075802
0.153995
0.177246
0.07214
0.149181
0.052159
0.216233
0.076406
0.098384
0.133069
0.11006
0.125507
0.114872
0.14617
0.151593
0.05409
0.092208
0.120002
0.155908
0.136035
0.170287
0.126074
0.083059
0.140182
0.130348
0.166946
0.069779
0.08179
0.082014
0.098984
0.158691
0.118435
0.177262
0.094497
0.118611
0.114364
0.096459
0.14742
0.119995
0.064046
0.146851
0.09631
0.18916
0.14591
0.03415
0.166319
0.117032
0.119352
0.143018
0.175571
0.084209
0.114613
0.157246
0.113146
0.096269
0.109294
0.096773
0.13556
0.123231
0.092354
0.078572
0.125983
0.097379
0.155522
0.142211
0.15239
0.147237
0.097967
0.100436
0.158575
0.171362
0.110236
0.136235
0.14316
0.11669
0.166148
0.124849
0.084319
0.08386
0.116864
0.145327
0.158761
0.111354
0.096689
0.115767
0.175566
0.076848
0.083458
0.118863
0.100955
0.169622
0.0983
0.123381
0.176324
0.138834
0.078508
0.178542
0.170176
0.131516
0.142794
0.12416
0.186345
0.08053
0.119378
0.156011
0.127069
0.083042
0.187578
0.111067
0.080714
0.160989
0.161427
0.131658
0.141977
0.109812
0.140525
0.152707
0.207943
0.171794
0.16957
0.15203
0.16027
0.09248
0.1183
0.145643
0.11716
0.155663
0.054503
0.096906
0.085579
0.041784
0.102548
0.155849
0.166217
0.106668
0.134223
0.135825
0.090308
0.118381
0.096344
0.069275
0.168419
0.166499
0.12445
0.083209
0.12932
0.104475
0.128698
0.15873
0.107023
0.181935
0.17348
0.125161
0.12905
0.182231
0.083994
0.077644
0.117871
0.163419
0.124141
0.123631
0.142629
0.154826
0.122372
0.107469
0.147212
0.155359
0.106388
0.179361
0.176977
0.133899
0.136257
0.15424
0.139141
0.120184
0.133073
0.107088
0.147089
0.155097
0.13815
0.163055
0.160567
0.091884
0.040015
0.096042
0.161632
0.17274
0.102832
0.171694
0.087143
0.092933
0.100213
0.137934
0.144358
0.090767
0.087772
0.120874
0.076679
0.132407
0.097171
0.126698
0.096208
0.131782
0.09392
0.110449
0.098526
0.114077
0.110627
0.118277
0.12538
0.123276
0.150407
0.186992
0.111188
0.174296
0.097937
0.182437
0.095786
0.167598
0.084636
0.133646
0.071611
0.100382
0.124521
0.072398
0.121781
0.138295
0.135264
0.173753
0.092726
0.114213
0.156495
0.155212
0.167817
0.117337
0.109221
0.096612
0.182911
0.113628
0.124675
0.119409
0.084095
0.109355
0.149266
0.08451
0.171158
0.09128
0.080275
0.150602
0.135024
0.113147
0.044776
0.114874
0.165393
0.144875
0.090661
0.143366
0.185801
0.119898
0.135012
0.171103
0.131847
0.108435
0.108204
0.109145
0.153291
0.118749
0.145328
0.113129
0.145273
0.111039
0.170848
0.103849
0.1168
0.146932
0.184165
0.065971
0.156519
0.05722
0.146051
0.191131
0.105367
0.103853
0.171402
0.132136
0.184075
0.165555
0.156904
0.115873
0.131691
0.098171
0.129312
0.095826
0.102074
0.062485
0.124631
0.166921
0.118485
0.123077
0.134054
0.059392
0.196794
0.046644
0.143901
0.122098
0.112086
0.109199
0.165509
0.099147
0.115001
0.078243
0.094701
0.131395
0.101511
0.15559
0.156226
0.121213
0.145062
0.065377
0.170188
0.097648
0.122675
0.177376
0.151443
0.085696
0.09529
0.151074
0.17801
0.112567
0.131404
0.16355
0.11089
0.166267
0.175849
0.138221
0.137762
0.134842
0.101052
0.067175
0.151503
0.129743
0.156985
0.12008
0.075273
0.184845
0.133439
0.150935
0.093085
0.098017
0.092685
0.100476
0.099586
0.180657
0.103523
0.163524
0.061449
0.177238
0.134351
0.085418
0.085222
0.144214
0.156807
0.07703
0.115844
0.088802
0.147924
0.114584
0.07161
0.143619
0.167654
0.166
0.160912
0.083464
0.09418
0.093423
0.065535
0.110811
0.081737
0.124975
0.153138
0.067853
0.145152
0.175873
0.054304
0.159269
0.108295
0.165531
0.173787
0.157307
0.085968
0.178834
0.117391
0.105551
0.049627
0.132809
0.087301
0.114474
0.062635
0.158002
0.140059
0.189894
0.08267
0.06679
0.131456
0.071529
0.127871
0.128031
0.141742
0.134376
0.132923
0.128831
0.100803
0.149205
0.125892
0.068417
0.062127
0.116857
0.179674
0.161197
0.073815
0.091066
0.066075
0.084676
0.066979
0.133569
0.087007
0.080037
0.151182
0.10718
0.160462
0.160421
0.055206
0.094298
0.163394
0.09903
0.188754
0.111343
0.09785
0.056025
0.172798
0.178735
0.143953
0.077346
0.102903
0.155885
0.118616
0.099118
0.202205
0.127724
0.131925
0.115422
0.087977
0.102735
0.191717
0.161039
0.110091
0.112489
0.146728
0.137278
0.115227
0.171192
0.152119
0.141114
0.130609
0.067678
0.161865
0.098814
0.108996
0.173029
0.136045
0.11786
0.068166
0.152742
0.181423
0.130903
0.160303
0.15228
0.16396
0.139966
0.108108
0.068295
0.161536
0.189127
0.114921
0.106263
0.155986
0.096206
0.070748
0.116007
0.132389
0.13033
0.180983
0.136664
0.140056
0.067345
0.135843
0.167438
0.074167
0.106502
0.102671
0.190292
0.167169
0.143518
0.153827
0.130781
0.15669
0.102335
0.107804
0.150526
0.110281
0.127175
0.075244
0.150218
0.151852
0.068533
0.114381
0.14878
0.150845
0.111748
0.168199
0.132002
0.09346
0.110168
0.120316
0.144197
0.133728
0.128814
0.17311
0.102734
0.142109
0.132815
0.155939
0.155273
0.126587
0.171213
0.089016
0.077883
0.110472
0.160306
0.086561
0.142025
0.071903
0.159153
0.148898
0.126
0.113932
0.085445
0.058983
0.197939
0.135412
0.076894
0.087547
0.107438
0.172015
0.125996
0.165915
0.111075
0.119443
0.157662
0.203254
0.067885
0.124419
0.127987
0.17347
0.106544
0.097217
0.078859
0.127389
0.145207
0.142148
0.149394
0.118389
0.092349
0.160323
0.176116
0.120175
0.070054
0.085137
0.134304
0.130457
0.048382
0.073802
0.122
0.0902
0.096417
0.112298
0.109276
0.140099
0.090445
0.157086
0.1625
0.169639
0.098605
0.069592
0.101379
0.195112
0.090059
0.127213
0.158221
0.12729
0.093924
0.118037
0.119214
0.110187
0.171459
0.08257
0.16381
0.085431
0.092648
0.160595
0.098218
0.14828
0.113442
0.113401
0.084062
0.166299
0.172711
0.058581
0.070253
0.160047
0.145519
0.13138
0.155626
0.181062
0.115904
0.116614
0.116226
0.09681
0.103951
0.050687
0.087261
0.160951
0.147414
0.183559
0.223832
0.111007
0.080982
0.097052
0.113278
0.171072
0.064805
0.114528
0.162823
0.045719
0.166778
0.13642
0.097455
0.043472
0.160061
0.14353
0.147244
0.101413
0.187953
0.17106
0.152667
0.108724
0.164555
0.112143
0.15774
0.126062
0.080811
0.039628
0.106363
0.102049
0.184324
0.166536
0.143326
0.113264
0.200478
0.126822
0.073706
0.147943
0.099865
0.081342
0.195356
0.111752
0.112014
0.156087
0.082844
0.079719
0.079223
0.159018
0.101807
0.125763
0.108571
0.123494
0.139558
0.152783
0.089621
0.124571
0.173036
0.112789
0.120993
0.156582
0.148174
0.090861
0.093277
0.165463
0.165464
0.179757
0.169134
0.102846
0.076364
0.199666
0.118182
0.183585
0.150294
0.076657
0.101444
0.148131
0.174164
0.080271
0.168655
0.106209
0.167728
0.120073
0.172948
0.168202
0.115214
0.152157
0.099232
0.158102
0.171082
0.177696
0.101159
0.088312
0.064589
0.092496
0.119503
0.088115
0.146035
0.145224
0.15937
0.159349
0.153554
0.169147
0.148505
0.155405
0.11591
0.110096
0.17547
0.148432
0.171898
0.07843
0.190492
0.080841
0.090617
0.057933
0.116518
0.178125
0.083144
0.090071
0.071165
0.092695
0.16392
0.0828
0.105112
0.089718
0.069993
0.099724
0.096925
0.118726
0.169841
0.119296
0.123288
0.16077
0.092525
0.081862
0.08933
0.117903
0.079304
0.158941
0.118908
0.181066
0.088176
0.111829
0.100851
0.137365
0.208445
0.129109
0.151903
0.137324
0.077499
0.172017
0.110773
0.128067
0.133437
0.106101
0.111204
0.141488
0.116333
0.161823
0.177413
0.080779
0.095989
0.144147
0.188798
0.133366
0.172126
0.134689
0.114808
0.077699
0.068458
0.062168
0.104305
0.177597
0.101791
0.108191
0.101925
0.175272
0.101334
0.187877
0.087374
0.133669
0.183677
0.129103
0.09824
0.075584
0.175664
0.121148
0.173649
0.09486
0.043085
0.042952
0.120662
0.094491
0.06089
0.09383
0.111929
0.170395
0.097672
0.182985
0.146365
0.141599
0.155358
0.096663
0.120736
0.095048
0.125899
0.064975
0.142762
0.148026
0.071235
0.123612
0.093501
0.116312
0.047484
0.173241
0.073925
0.074375
0.198221
0.074559
0.102481
0.058984
0.094255
0.102215
0.099506
0.121641
0.142913
0.130103
0.125915
0.154274
0.101551
0.168119
0.095272
0.106617
0.063853
0.097212
0.185976
0.174849
0.112719
0.083665
0.151475
0.152077
0.181203
0.097155
0.082874
0.200654
0.090891
0.106911
0.114269
0.141256
0.149809
0.170556
0.074326
0.088392
0.101108
0.111825
0.10172
0.071923
0.133394
0.092354
0.126735
0.08787
0.142733
0.140438
0.107448
0.155983
0.179574
0.10147
0.09259
0.138836
0.10337
0.081731
0.070542
0.095309
0.092584
0.159956
0.166236
0.103454
0.154891
0.112656
0.166648
0.084917
0.154978
0.094153
0.08837
0.122779
0.104809
0.113629
0.047
0.12874
0.087362
0.123642
0.101917
0.093249
0.084172
0.056795
0.177983
0.129332
0.202896
0.103806
0.100254
0.117378
0.107234
0.134786
0.191143
0.05587
0.081725
0.174723
0.134882
0.09988
0.07714
0.119461
0.179693
0.136393
0.163102
0.129639
0.116351
0.107443
0.071484
0.121861
0.105657
0.170108
0.162616
0.107189
0.126144
0.132831
0.16303
0.192388
0.103997
0.096862
0.083935
0.040806
0.130354
0.131334
0.133951
0.181286
0.066376
0.144149
0.165432
0.088572
0.197518
0.056596
0.110843
0.058516
0.170338
0.114393
0.072426
0.160005
0.137268
0.104476
0.047457
0.091812
0.093707
0.115681
0.106543
0.145117
0.126569
0.106662
0.131723
0.145701
0.143354
0.135746
0.078162
0.104738
0.10239
0.136729
0.139559
0.053392
0.06261
0.088051
0.129568
0.143889
0.089002
0.147068
0.078276
0.109332
0.149053
0.106439
0.106533
0.176009
0.052161
0.07395
0.099488
0.134894
0.160087
0.177379
0.132645
0.148136
0.049021
0.047647
0.104819
0.099576
0.118774
0.139829
0.154029
0.104651
0.12515
0.121027
0.125056
0.088243
0.054342
0.124157
0.067986
0.118744
0.117683
0.068261
0.102328
0.108264
0.110742
0.055882
0.075513
0.065519
0.10426
0.104996
0.070705
0.121419
0.0593
0.155717
0.105636
0.093682
0.075871
0.1502
0.130105
0.151637
0.109637
0.159805
0.072816
0.092454
0.09772
0.084341
0.130822
0.170512
0.10202
0.19837
0.169235
0.069336
0.100562
0.150951
0.150942
0.104079
0.189789
0.062258
0.136908
0.106334
0.075625
0.141539
0.061987
0.108925
0.115765
0.13481
0.093746
0.07531
0.076301
0.142605
0.085626
0.135793
0.071012
0.057365
0.040824
0.069378
0.121946
0.09534
0.162604
0.207492
0.106055
0.17961
0.078501
0.169556
0.075716
0.102762
0.06174
0.084027
0.147862
0.157129
0.11895
0.131925
0.07481
0.084796
0.087916
0.046034
0.158326
0.131375
0.091645
0.151347
0.108543
0.103106
0.141314
0.106282
0.194198
0.107761
0.157058
0.069916
0.11328
0.114333
0.080121
0.143934
0.091473
0.116359
0.082674
0.172928
0.08053
0.096047
0.103902
0.061932
0.075854
0.128266
0.11636
0.16439
0.172564
0.071549
0.143022
0.089684
0.103907
0.077631
0.117391
0.13183
0.090535
0.052984
0.119273
0.077125
0.079019
0.066025
0.192837
0.179322
0.041134
0.079245
0.12477
0.108905
0.094098
0.080563
0.093117
0.160512
0.060935
0.092125
0.071463
0.183071
0.065891
0.11524
0.125447
0.165243
0.13204
0.080528
0.086056
0.130892
0.123918
0.094369
0.170362
0.176097
0.107118
0.141609
0.100565
0.12488
0.151118
0.041847
0.107256
0.125628
0.116988
0.056106
0.130179
0.049077
0.126782
0.084783
0.164293
0.170234
0.086722
0.092198
0.149992
0.127706
0.04121
0.115601
0.127012
0.09168
0.089663
0.06602
0.066058
0.173266
0.142588
0.1231
0.13794
0.146701
0.154839
0.100123
0.064465
0.124849
0.160852
0.173152
0.094644
0.082863
0.140489
0.16281
0.097897
0.118907
0.075195
0.129909
0.144592
0.08726
0.10809
0.128788
0.110316
0.108965
0.055807
0.099493
0.085804
0.164789
0.096346
0.118515
0.056142
0.09987
0.115308
0.106775
0.167721
0.113622
0.093065
0.075995
0.156971
0.172235
0.086862
0.175147
0.125229
0.112927
0.073799
0.089993
0.146289
0.151922
0.177803
0.13226
0.056311
0.075671
0.098848
0.071974
0.070372
0.174473
0.058986
0.135449
0.078884
0.182174
0.099734
0.108628
0.137729
0.153661
0.155792
0.073816
0.096318
0.098546
0.175918
0.152206
0.159595
0.111379
0.093877
0.099969
0.130788
0.042145
0.100358
0.159772
0.074642
0.077671
0.133611
0.168831
0.067506
0.181485
0.120022
0.102531
0.172153
0.104806
0.092141
0.125307
0.092349
0.121148
0.062003
0.175579
0.106568
0.125354
0.141785
0.082787
0.129852
0.098362
0.103765
0.160917
0.184049
0.145478
0.076127
0.137636
0.100088
0.092289
0.040797
0.173044
0.087609
0.048687
0.054099
0.11968
0.176551
0.089079
0.045281
0.055089
0.09617
0.063887
0.069185
0.103061
0.134024
0.149581
0.082792
0.148082
0.122087
0.109218
0.049807
0.079442
0.122492
0.18635
0.154115
0.192426
0.101869
0.094924
0.133099
0.104346
0.198493
0.056698
0.06272
0.163806
0.092848
0.055828
0.073717
0.069522
0.147461
0.144855
0.155619
0.1207
0.075018
0.138457
0.076504
0.071433
0.089172
0.174041
0.202388
0.085969
0.114707
0.087051
0.148371
0.046747
0.156091
0.05725
0.125912
0.189074
0.093532
0.073813
0.155749
0.129292
0.122498
0.111552
0.103333
0.135174
0.085551
0.090641
0.162925
0.157444
0.056774
0.077026
0.038962
0.125989
0.194714
0.127593
0.186393
0.057378
0.112111
0.067141
0.096551
0.049997
0.130518
0.088685
0.109009
0.168596
0.115938
0.106349
0.046266
0.160317
0.099176
0.159285
0.136881
0.118716
0.113387
0.089474
0.130077
0.054796
0.09339
0.107466
0.113726
0.131324
0.089087
0.180759
0.103219
0.090287
0.08446
0.095614
0.176628
0.077542
0.063695
0.183504
0.092982
0.162462
0.068029
0.120389
0.136131
0.153952
0.18804
0.119531
0.049769
0.049425
0.065859
0.085149
0.127083
0.142171
0.15976
0.062938
0.122626
0.078684
0.066476
0.098191
0.1077
0.098195
0.110776
0.073924
0.164811
0.070384
0.089517
0.088766
0.169734
0.075817
0.05253
0.135856
0.062516
0.097311
0.158788
0.192851
0.074055
0.132819
0.147216
0.091976
0.071271
0.075022
0.120522
0.085385
0.057639
0.071438
0.092659
0.085849
0.180661
0.127566
0.129519
0.121275
0.096773
0.078718
0.0787
0.121712
0.100796
0.120801
0.178121
0.07202
0.063511
0.11132
0.082184
0.120032
0.102548
0.123418
0.085114
0.095492
0.087479
0.112225
0.109315
0.045814
0.134122
0.108474
0.067456
0.088837
0.060986
0.081175
0.081087
0.087136
0.143094
0.093987
0.156987
0.106631
0.065679
0.091778
0.142807
0.087966
0.072687
0.064943
0.116266
0.055472
0.107761
0.109424
0.091605
0.108092
0.091826
0.182263
0.081342
0.109416
0.174692
0.157447
0.084782
0.111856
0.107778
0.179551
0.074351
0.141396
0.053016
0.133565
0.088346
0.096193
0.085366
0.08943
0.119631
0.177339
0.142364
0.089637
0.067763
0.082782
0.055276
0.103355
0.095798
0.089697
0.081045
0.087841
0.082223
0.091635
0.088791
0.061618
0.098109
0.04999
0.14226
0.069912
0.072112
0.179168
0.114484
0.090121
0.079305
0.05735
0.192104
0.069167
0.06991
0.129032
0.089803
0.170941
0.133349
0.113425
0.097901
0.129893
0.118368
0.088727
0.066723
0.088938
0.146664
0.099443
0.122993
0.152825
0.071753
0.064664
0.065314
0.176837
0.111374
0.168097
0.07547
0.079058
0.095595
0.081946
0.110616
0.112064
0.093767
0.083546
0.06804
0.087387
0.101741
0.13306
0.122297
0.105167
0.091411
0.164547
0.079787
0.055231
0.073256
0.087548
0.062857
0.164222
0.035069
0.097691
0.102864
0.127928
0.109015
0.130702
0.168403
0.122376
0.14683
0.107603
0.15156
0.086122
0.081229
0.097804
0.071894
0.147077
0.109932
0.123567
0.104899
0.053361
0.063923
0.119699
0.096154
0.097736
0.098925
0.141279
0.142504
0.124232
0.053091
0.091329
0.097615
0.114993
0.083613
0.063179
0.12245
0.045298
0.107024
0.071498
0.122648
0.131909
0.084162
0.098207
0.127592
0.131267
0.141425
0.135271
0.140989
0.080471
0.149203
0.133013
0.136836
0.131803
0.132414
0.155043
0.116487
0.092401
0.099389
0.043408
0.091802
0.124205
0.087723
0.048817
0.119835
0.084814
0.213881
0.124118
0.085767
0.127359
0.115624
0.160284
0.060347
0.12316
0.147101
0.136351
0.097512
0.077977
0.189469
0.154025
0.109624
0.106656
0.09088
0.1471
0.109766
0.073048
0.108408
0.160409
0.125289
0.147303
0.050011
0.218211
0.089746
0.107248
0.105576
0.160046
0.142428
0.149108
0.180163
0.099204
0.120734
0.17365
0.093378
0.156141
0.066634
0.156015
0.091459
0.074437
0.078588
0.060106
0.075899
0.161059
0.069296
0.159505
0.115056
0.123757
0.114892
0.113791
0.078854
0.17525
0.066636
0.0918
0.153841
0.155792
0.123321
0.135902
0.048577
0.086688
0.059744
0.07227
0.167579
0.121262
0.083036
0.12063
0.078909
0.134067
0.135565
0.124066
0.117044
0.124541
0.133811
0.079591
0.102943
0.113165
0.155686
0.119728
0.120356
0.07867
0.088471
0.049167
0.103756
0.074571
0.110843
0.089096
0.106584
0.112583
0.094159
0.087803
0.096649
0.062096
0.068076
0.146359
0.06161
0.128539
0.066773
0.130155
0.133452
0.119318
0.093666
0.087674
0.092047
0.054605
0.085898
0.037466
0.145964
0.130447
0.074142
0.066033
0.076762
0.180521
0.100195
0.079864
0.076368
0.060775
0.119683
0.20158
0.093097
0.128956
0.137226
0.095885
0.082099
0.125036
0.129625
0.079925
0.040178
0.129247
0.111655
0.099274
0.073218
0.187339
0.123811
0.098366
0.066459
0.114168
0.065481
0.071326
0.051793
0.148679
0.124949
0.063973
0.088047
0.173702
0.151129
0.053096
0.146537
0.052485
0.149309
0.06104
0.124109
0.125996
0.13561
0.087543
0.089887
0.08477
0.061469
0.099123
0.086959
0.10018
0.072628
0.100098
0.091366
0.091729
0.173179
0.103645
0.10217
0.082329
0.062781
0.041154
0.089703
0.053474
0.133767
0.071199
0.103649
0.160241
0.095945
0.058087
0.093884
0.120211
0.16848
0.163634
0.058808
0.059001
0.166343
0.062604
0.141315
0.105988
0.075081
0.117476
0.100301
0.066114
0.142922
0.090953
0.056087
0.128289
0.13033
0.109868
0.106613
0.090985
0.164845
0.075682
0.146815
0.123681
0.068302
0.052058
0.113861
0.078489
0.090271
0.149477
0.053529
0.081401
0.138026
0.131902
0.120357
0.067163
0.073054
0.09654
0.101827
0.077629
0.072009
0.08257
0.062504
0.057034
0.104927
0.100931
0.112395
0.132948
0.044904
0.151873
0.124227
0.097622
0.130049
0.159775
0.108184
0.106226
0.074681
0.091779
0.186818
0.086079
0.055668
0.156045
0.148285
0.0597
0.057775
0.14838
0.11193
0.095828
0.058182
0.071114
0.099632
0.046569
0.153721
0.078411
0.0647
0.137744
0.070435
0.13036
0.113232
0.119998
0.074642
0.074087
0.134827
0.121349
0.099008
0.075298
0.102847
0.054893
0.130862
0.07933
0.061304
0.130893
0.108893
0.140307
0.047877
0.049321
0.157662
0.070622
0.078562
0.152305
0.068359
0.122986
0.091084
0.087207
0.104617
0.036359
0.110976
0.100682
0.171533
0.165151
0.171536
0.180241
0.065924
0.103947
0.123801
0.177446
0.104233
0.103745
0.083546
0.093783
0.093491
0.15671
0.059033
0.082594
0.152143
0.058618
0.101533
0.166098
0.139851
0.066151
0.124681
0.176826
0.087869
0.077411
0.081497
0.049168
0.137839
0.101244
0.104092
0.132582
0.067368
0.107645
0.02714
0.081908
0.141614
0.07306
0.08106
0.080318
0.048478
0.143083
0.078789
0.106485
0.097006
0.097939
0.135302
0.106338
0.063607
0.101051
0.16914
0.115152
0.078518
0.031231
0.06489
0.115991
0.109557
0.105307
0.163526
0.124231
0.111386
0.075873
0.05476
0.135568
0.156366
0.094969
0.087771
0.107471
0.053092
0.143997
0.165488
0.087677
0.081191
0.096936
0.181073
0.077772
0.088005
0.084101
0.077062
0.088322
0.093734
0.047285
0.059936
0.064892
0.156073
0.137496
0.17174
0.094933
0.09186
0.076295
0.126972
0.0851
0.055633
0.140939
0.126671
0.162664
0.095233
0.10893
0.112061
0.10383
0.140976
0.105596
0.073453
0.051809
0.072605
0.078675
0.117529
0.094428
0.085633
0.125755
0.049238
0.062111
0.083644
0.145756
0.175501
0.107762
0.143834
0.137739
0.081405
0.157103
0.094996
0.084339
0.088671
0.133858
0.122836
0.099901
0.076832
0.07382
0.060144
0.100441
0.094208
0.08741
0.157518
0.073482
0.090582
0.111561
0.073059
0.081245
0.095724
0.109861
0.10795
0.112833
0.095577
0.195063
0.085652
0.100474
0.05239
0.104845
0.097226
0.099524
0.090348
0.118869
0.103171
0.066923
0.065014
0.064402
0.040569
0.101177
0.088552
0.152716
0.062254
0.062089
0.060124
0.171389
0.090198
0.041757
0.066347
0.063377
0.100573
0.076566
0.1057
0.058744
0.15416
0.084134
0.105173
0.092015
0.137404
0.085777
0.101523
0.19962
0.063497
0.082335
0.108294
0.189626
0.110228
0.106124
0.093346
0.045367
0.049261
0.121575
0.098701
0.098136
0.104309
0.067655
0.13553
0.070906
0.135822
0.077531
0.099057
0.135157
0.026699
0.061416
0.081413
0.140743
0.083321
0.162782
0.109952
0.150963
0.110266
0.101475
0.098556
0.097303
0.127589
0.08967
0.065601
0.117881
0.131694
0.126325
0.074283
0.078779
0.057927
0.117189
0.154319
0.091077
0.201758
0.072939
0.059166
0.097065
0.131975
0.073565
0.090594
0.105069
0.178818
0.06295
0.076766
0.093164
0.070258
0.108378
0.080488
0.15897
0.195099
0.085016
0.053402
0.07475
0.079765
0.191621
0.086825
0.057497
0.11397
0.098965
0.072182
0.088668
0.11506
0.13108
0.105511
0.116113
0.160701
0.128832
0.13696
0.089295
0.115702
0.082972
0.099301
0.07595
0.186182
0.111478
0.074369
0.158606
0.061445
0.062432
0.083457
0.069788
0.097553
0.112712
0.11218
0.083575
0.079145
0.107108
0.083249
0.063717
0.185967
0.110442
0.105521
0.090464
0.177113
0.059991
0.116118
0.146335
0.116571
0.121383
0.088854
0.116023
0.123465
0.132727
0.087569
0.072749
0.091695
0.091315
0.084917
0.067962
0.103202
0.076005
0.143573
0.0442
0.091779
0.075735
0.073974
0.110665
0.12114
0.148369
0.118523
0.143033
0.168674
0.16761
0.115171
0.085503
0.061821
0.066654
0.091155
0.067419
0.123958
0.040626
0.11535
0.112313
0.100369
0.062823
0.120138
0.062245
0.059292
0.087294
0.123824
0.081213
0.109607
0.076957
0.111582
0.144088
0.081413
0.115044
0.085253
0.074497
0.05814
0.200936
0.158495
0.043528
0.102404
0.126433
0.113245
0.170255
0.1222
0.044801
0.104202
0.095962
0.127133
0.202421
0.124233
0.081569
0.092007
0.050645
0.124545
0.139264
0.096249
0.07488
0.154218
0.186566
0.077001
0.15744
0.104613
0.115228
0.142273
0.065442
0.054601
0.097812
0.165097
0.0899
0.078695
0.090231
0.073385
0.063151
0.143032
0.074432
0.11687
0.070469
0.073093
0.108621
0.103588
0.113677
0.145068
0.104261
0.139649
0.114554
0.073697
0.117616
0.092217
0.075438
0.133512
0.117001
0.079463
0.055064
0.170969
0.151284
0.078053
0.135732
0.104091
0.04923
0.049515
0.063632
0.112549
0.117608
0.102506
0.177429
0.085042
0.112003
0.055272
0.069543
0.070222
0.117049
0.060583
0.124006
0.101097
0.128707
0.095502
0.124759
0.204089
0.135569
0.109631
0.106417
0.087297
0.121629
0.197241
0.088341
0.06703
0.052541
0.108715
0.080202
0.094798
0.077997
0.075988
0.079197
0.128226
0.086831
0.098407
0.073502
0.040843
0.070306
0.055093
0.078039
0.108993
0.150473
0.090524
0.046412
0.089031
0.078974
0.073608
0.095908
0.109456
0.150437
0.099937
0.104884
0.099456
0.068123
0.084746
0.133042
0.060543
0.085597
0.127025
0.125664
0.144141
0.080569
0.064183
0.084092
0.038256
0.159686
0.110933
0.123253
0.134394
0.077879
0.159092
0.073817
0.130249
0.070943
0.093048
0.08348
0.076386
0.123424
0.08768
0.083719
0.056566
0.144939
0.141032
0.081638
0.073103
0.157193
0.071242
0.084059
0.081159
0.075024
0.125301
0.100925
0.092232
0.136378
0.099356
0.089638
0.165634
0.082586
0.114577
0.088876
0.076287
0.140351
0.083402
0.13393
0.138723
0.050441
0.087777
0.152077
0.090723
0.066549
0.111851
0.128136
0.052143
0.081736
0.103588
0.143892
0.040461
0.11116
0.21141
0.076906
0.135074
0.153991
0.075006
0.174741
0.166212
0.071415
0.098697
0.098151
0.092541
0.197165
0.060073
0.079708
0.097088
0.128311
0.156157
0.201409
0.180641
0.080633
0.050222
0.09432
0.035572
0.114694
0.104467
0.062291
0.055726
0.025836
0.140606
0.107952
0.122694
0.179753
0.140819
0.082794
0.030681
0.066486
0.093354
0.063336
0.045827
0.116928
0.141737
0.069957
0.094596
0.13436
0.086784
0.09947
0.179133
0.03807
0.145764
0.132772
0.137229
0.11656
0.085655
0.085186
0.064958
0.098179
0.103072
0.146441
0.133879
0.127379
0.074364
0.07823
0.105754
0.078081
0.162108
0.10195
0.166097
0.087671
0.062806
0.056165
0.118954
0.120977
0.152366
0.108627
0.089902
0.103709
0.11631
0.067713
0.097789
0.098602
0.057212
0.091859
0.096996
0.081097
0.06097
0.062996
0.063952
0.058981
0.069376
0.100265
0.054696
0.100982
0.08387
0.084719
0.120743
0.04223
0.120219
0.084247
0.063983
0.057959
0.104543
0.090618
0.175288
0.146072
0.068589
0.14419
0.178673
0.079524
0.066554
0.079662
0.169331
0.186964
0.099603
0.061164
0.122741
0.090985
0.075016
0.105972
0.183965
0.174283
0.108884
0.101074
0.088898
0.066026
0.099146
0.092667
0.057905
0.062038
0.092625
0.069847
0.131697
0.096828
0.109128
0.06274
0.138302
0.172448
0.068575
0.085907
0.107023
0.040832
0.084141
0.110056
0.070122
0.12668
0.103624
0.105667
0.042451
0.076199
0.093826
0.119881
0.072066
0.096536
0.111655
0.104595
0.082127
0.090894
0.10418
0.092902
0.133618
0.055982
0.157565
0.075726
0.04967
0.166
0.113479
0.082393
0.087728
0.132039
0.096868
0.121986
0.141305
0.080038
0.128081
0.063146
0.090569
0.039393
0.044146
0.042846
0.107993
0.03937
0.059003
0.164301
0.080731
0.104048
0.090239
0.088911
0.069807
0.146965
0.137979
0.128879
0.100268
0.116838
0.105869
0.09709
0.180952
0.094706
0.09184
0.083073
0.09259
0.123739
0.111836
0.075357
0.07576
0.087378
0.129534
0.051717
0.076655
0.07005
0.179349
0.079591
0.128844
0.07705
0.118606
0.141029
0.091457
0.055093
0.054
0.08965
0.092182
0.144481
0.087799
0.091756
0.087196
0.118413
0.116143
0.054527
0.113639
0.178171
0.095
0.081284
0.161814
0.104539
0.094207
0.084506
0.0609
0.102114
0.043514
0.091514
0.117457
0.068815
0.083799
0.070721
0.126685
0.117326
0.062437
0.142737
0.110951
0.027332
0.100063
0.127026
0.062739
0.086638
0.098793
0.130942
0.070219
0.158022
0.130615
0.066734
0.074505
0.105616
0.11469
0.054073
0.117102
0.08063
0.045117
0.065187
0.114289
0.108744
0.093355
0.165475
0.101565
0.083948
0.062602
0.136001
0.116325
0.134956
0.122528
0.149552
0.140327
0.108276
0.103186
0.102794
0.103722
0.133642
0.082918
0.123802
0.124899
0.099686
0.114772
0.079643
0.110175
0.109794
0.0753
0.129866
0.04144
0.073024
0.107859
0.148455
0.093295
0.080034
0.054755
0.072936
0.080312
0.093064
0.103667
0.100234
0.066215
0.077449
0.066361
0.080917
0.053503
0.107433
0.089626
0.098303
0.073022
0.073177
0.173293
0.129019
0.081394
0.119506
0.133507
0.062227
0.10836
0.059241
0.145226
0.07876
0.139116
0.096362
0.089564
0.036215
0.041083
0.07203
0.134135
0.103545
0.075805
0.102556
0.118053
0.110197
0.072339
0.19696
0.077721
0.078053
0.09339
0.085991
0.112266
0.091346
0.077958
0.07804
0.132389
0.099674
0.113762
0.083718
0.140658
0.163586
0.101793
0.057722
0.114743
0.063396
0.067144
0.081078
0.158392
0.174755
0.119237
0.037304
0.072162
0.147974
0.107595
0.097475
0.098186
0.098363
0.143214
0.103325
0.136627
0.061548
0.118128
0.076782
0.083585
0.117869
0.059968
0.118776
0.149811
0.052102
0.056407
0.126074
0.160255
0.122327
0.055714
0.107217
0.096568
0.058074
0.081682
0.077673
0.123679
0.167176
0.079023
0.074841
0.134601
0.142834
0.070765
0.149058
0.044071
0.078293
0.131646
0.042088
0.107232
0.042268
0.103776
0.092096
0.10679
0.132615
0.10304
0.056567
0.071579
0.05257
0.097188
0.161222
0.057865
0.072305
0.103321
0.080185
0.080306
0.145381
0.162491
0.089402
0.080671
0.084487
0.079989
0.068207
0.125037
0.083072
0.090637
0.123258
0.110062
0.179945
0.074319
0.118947
0.170496
0.09328
0.125169
0.113993
0.204356
0.085609
0.063757
0.073912
0.10161
0.119831
0.092601
0.091725
0.089429
0.066223
0.134211
0.169768
0.042696
0.064405
0.09897
0.0853
0.093978
0.037653
0.065488
0.068773
0.08415
0.08075
0.144282
0.104728
0.192573
0.069822
0.097955
0.092297
0.095398
0.124064
0.11959
0.109
0.075391
0.099503
0.123793
0.11869
0.090076
0.106186
0.082692
0.153005
0.119502
0.082874
0.094852
0.090062
0.079259
0.133951
0.186596
0.116503
0.055995
0.125344
0.062705
0.074395
0.106273
0.106914
0.088624
0.101293
0.058466
0.096876
0.17842
0.082261
0.120601
0.126028
0.05711
0.085966
0.158154
0.090888
0.144439
0.100969
0.113988
0.086979
0.145476
0.084657
0.07438
0.066733
0.080289
0.140372
0.196602
0.077617
0.034163
0.146273
0.093554
0.084673
0.091471
0.110138
0.148866
0.052376
0.0571
0.128564
0.09047
0.167515
0.109835
0.122854
0.121146
0.114395
0.072783
0.176322
0.063543
0.193967
0.06383
0.142878
0.11464
0.171775
0.13617
0.112271
0.066135
0.118025
0.089219
0.060414
0.078947
0.044316
0.131176
0.08256
0.105217
0.118462
0.129476
0.09917
0.070921
0.055976
0.144338
0.045517
0.08325
0.056509
0.099069
0.058036
0.172607
0.078998
0.101699
0.10385
0.106323
0.071735
0.109272
0.071527
0.060857
0.100966
0.119585
0.075462
0.085615
0.083302
0.063272
0.068012
0.079965
0.084804
0.100222
0.077799
0.116383
0.062615
0.15826
0.06068
0.072839
0.070094
0.122843
0.089813
0.142766
0.077122
0.072694
0.102866
0.192258
0.106835
0.057065
0.058537
0.063262
0.120329
0.131235
0.221063
0.13204
0.061125
0.073816
0.107293
0.081894
0.074317
0.044268
0.10518
0.047411
0.101551
0.098973
0.085594
0.117885
0.1269
0.079431
0.195081
0.05391
0.168599
0.06631
0.121456
0.070068
0.140681
0.120819
0.119165
0.066877
0.061787
0.071745
0.114504
0.076092
0.099353
0.087991
0.069392
0.099993
0.067804
0.215096
0.119571
0.10139
0.102409
0.121463
0.095612
0.063481
0.207449
0.066135
0.163038
0.103458
0.036451
0.079796
0.059661
0.077084
0.077425
0.096593
0.078404
0.101809
0.091479
0.100337
0.098817
0.131845
0.089057
0.086698
0.092195
0.104958
0.148952
0.159672
0.108391
0.176348
0.129082
0.094673
0.056964
0.152112
0.110697
0.071595
0.14221
0.125149
0.043623
0.043333
0.081785
0.043828
0.080441
0.071086
0.118043
0.093386
0.107005
0.088208
0.101314
0.100481
0.195149
0.075605
0.114693
0.152639
0.084918
0.033406
0.099295
0.108129
0.068353
0.075435
0.07205
0.078401
0.092003
0.108131
0.105366
0.181134
0.086643
0.111578
0.096904
0.072524
0.105551
0.093301
0.09605
0.115233
0.068662
0.077991
0.135834
0.091028
0.096355
0.125932
0.064396
0.094215
0.09305
0.062128
0.065226
0.075341
0.039164
0.10113
0.087714
0.126783
0.057369
0.079717
0.095913
0.075306
0.117521
0.111526
0.11855
0.068876
0.067693
0.104405
0.101943
0.057434
0.061453
0.13921
0.07649
0.098854
0.134684
0.106946
0.048455
0.073638
0.091418
0.098881
0.106784
0.079558
0.125192
0.037604
0.109335
0.138165
0.036916
0.069607
0.110311
0.207276
0.192375
0.123253
0.108254
0.045283
0.05133
0.08684
0.052366
0.173121
0.184543
0.110895
0.04808
0.155462
0.145325
0.174092
0.126132
0.102285
0.079196
0.144593
0.104953
0.053278
0.085196
0.060659
0.066206
0.074312
0.127707
0.122608
0.108929
0.11678
0.144626
0.039099
0.113604
0.059926
0.11983
0.130069
0.068685
0.106445
0.079572
0.06667
0.097861
0.071253
0.056102
0.047762
0.068771
0.106274
0.058929
0.075571
0.054697
0.091192
0.067277
0.081139
0.083536
0.122697
0.052091
0.075533
0.135297
0.028007
0.093557
0.135848
0.103633
0.145351
0.099081
0.125529
0.171318
0.124991
0.106341
0.109927
0.101367
0.090966
0.137884
0.088169
0.067817
0.059113
0.098072
0.197946
0.051088
0.094374
0.065108
0.092157
0.146274
0.065591
0.083258
0.116718
0.088999
0.172844
0.102744
0.140576
0.049351
0.118517
0.090412
0.071645
0.075855
0.084048
0.082123
0.068765
0.149644
0.082289
0.121144
0.097925
0.081954
0.078805
0.121911
0.062079
0.098653
0.10126
0.123707
0.104202
0.165153
0.048824
0.12222
0.116525
0.07265
0.087782
0.06881
0.084484
0.102989
0.035528
0.109585
0.04688
0.08268
0.147308
0.075207
0.111925
0.180836
0.08382
0.107449
0.046906
0.09764
0.053973
0.032167
0.092062
0.162526
0.116388
0.159204
0.165845
0.10364
0.072644
0.093776
0.115524
0.070486
0.112258
0.174804
0.10427
0.123832
0.118317
0.050933
0.100948
0.087474
0.107634
0.138401
0.084822
0.096502
0.132717
0.148822
0.063487
0.072495
0.078666
0.070111
0.082482
0.093738
0.080064
0.061068
0.031979
0.120912
0.110476
0.06988
0.128954
0.135562
0.076891
0.068355
0.136958
0.067634
0.129409
0.161386
0.075717
0.104609
0.043157
0.062998
0.192533
0.069342
0.100572
0.109221
0.12721
0.080815
0.059686
0.135165
0.063564
0.058533
0.087212
0.113326
0.08272
0.042516
0.13758
0.087956
0.190703
0.111774
0.073316
0.110031
0.117061
0.084774
0.069704
0.117755
0.08576
0.118512
0.11306
0.111499
0.096999
0.126638
0.110837
0.05521
0.101606
0.106531
0.145994
0.118477
0.121689
0.084009
0.125521
0.147574
0.108761
0.109165
0.121989
0.182882
0.100429
0.170555
0.045432
0.114113
0.121167
0.103678
0.103417
0.088231
0.088622
0.066995
0.147588
0.070543
0.116294
0.185081
0.099575
0.067607
0.126394
0.117548
0.073456
0.105964
0.112862
0.121187
0.092331
0.053061
0.072126
0.107412
0.138399
0.13174
0.090213
0.072833
0.075839
0.095504
0.091095
0.089517
0.066778
0.144655
0.062712
0.054198
0.114744
0.05634
0.15244
0.049022
0.087144
0.072672
0.102415
0.123284
0.059419
0.196476
0.081552
0.049115
0.069955
0.069337
0.113455
0.035795
0.072531
0.041973
0.089656
0.068944
0.119767
0.090719
0.06349
0.112086
0.124294
0.108778
0.099329
0.137413
0.081092
0.080859
0.171517
0.086733
0.117603
0.113463
0.098274
0.083307
0.064029
0.146885
0.080472
0.039226
0.089576
0.105569
0.140586
0.098904
0.179935
0.03278
0.055855
0.188009
0.07147
0.12188
0.123219
0.118629
0.076473
0.115152
0.099858
0.147423
0.114705
0.103444
0.063503
0.117473
0.102887
0.150236
0.073327
0.145782
0.054675
0.111424
0.115556
0.069478
0.176478
0.090453
0.108934
0.076456
0.031368
0.062671
0.105934
0.0767
0.077092
0.064415
0.047152
0.067297
0.080131
0.059145
0.069048
0.084105
0.065474
0.073649
0.07798
0.107719
0.066189
0.102441
0.078933
0.094558
0.136542
0.135209
0.061595
0.133332
0.114636
0.123896
0.058743
0.052283
0.070393
0.103377
0.107972
0.069342
0.07363
0.127162
0.128158
0.091148
0.126391
0.085362
0.033787
0.040785
0.064843
0.108263
0.083508
0.101648
0.147568
0.061106
0.153203
0.103752
0.062492
0.055221
0.053936
0.184261
0.116251
0.108403
0.056887
0.060255
0.086758
0.102455
0.075182
0.072859
0.172909
0.103945
0.050147
0.089107
0.061354
0.128299
0.106905
0.049475
0.077531
0.109328
0.196358
0.111165
0.080273
0.115364
0.073881
0.057722
0.070609
0.10174
0.078393
0.156748
0.13996
0.107529
0.111623
0.077777
0.1145
0.181288
0.08867
0.079321
0.046331
0.129831
0.081463
0.118057
0.126721
0.097847
0.112861
0.175156
0.104028
0.083735
0.096982
0.146244
0.115245
0.097957
0.105789
0.076937
0.136553
0.144426
0.049554
0.0353
0.068386
0.135583
0.041017
0.09482
0.136749
0.089261
0.088965
0.089285
0.084769
0.107385
0.0645
0.091753
0.051775
0.117065
0.094966
0.04039
0.084244
0.059207
0.132983
0.070753
0.07982
0.064604
0.101881
0.057371
0.094593
0.080734
0.075613
0.098663
0.12006
0.122339
0.086515
0.067417
0.045421
0.142157
0.193262
0.155754
0.103008
0.11241
0.140805
0.128345
0.061388
0.189487
0.081185
0.122212
0.123264
0.102799
0.073414
0.093896
0.062846
0.103306
0.119663
0.071285
0.077185
0.069822
0.080661
0.060664
0.083371
0.051708
0.094052
0.100583
0.095784
0.197648
0.094416
0.09326
0.083182
0.079584
0.0746
0.064957
0.098971
0.049632
0.166753
0.058275
0.05414
0.145343
0.107985
0.079153
0.065245
0.05141
0.189744
0.081633
0.050161
0.102071
0.12839
0.088892
0.04343
0.147151
0.112689
0.1044
0.085477
0.072834
0.06487
0.0551
0.130639
0.074316
0.102147
0.099307
0.124738
0.143097
0.081939
0.126743
0.091693
0.094347
0.164697
0.06512
0.089573
0.059369
0.139494
0.098211
0.199935
0.133264
0.109937
0.096693
0.111312
0.106343
0.054875
0.069949
0.076338
0.079199
0.103236
0.081741
0.08615
0.052675
0.120705
0.074145
0.05278
0.052835
0.134351
0.066986
0.079794
0.085942
0.053179
0.145162
0.066282
0.063397
0.072105
0.092722
0.113899
0.126988
0.106758
0.072085
0.062733
0.132507
0.053586
0.05182
0.090572
0.083768
0.099167
0.069591
0.074577
0.075236
0.109176
0.062096
0.120771
0.057347
0.082033
0.087799
0.066066
0.080378
0.103558
0.165453
0.063376
0.073364
0.117026
0.132341
0.077251
0.07162
0.162615
0.15705
0.072164
0.061394
0.09095
0.129435
0.125942
0.077267
0.15408
0.117478
0.073003
0.135191
0.075208
0.064986
0.081397
0.158431
0.079319
0.096809
0.132553
0.146593
0.098815
0.083585
0.121378
0.159489
0.083473
0.135579
0.106403
0.109163
0.076606
0.10929
0.088581
0.127687
0.110868
0.086404
0.059467
0.135936
0.104989
0.071681
0.126699
0.086941
0.044892
0.066596
0.186644
0.055001
0.099936
0.112175
0.087216
0.04348
0.104019
0.142986
0.096872
0.104017
0.132429
0.081036
0.080351
0.071984
0.080701
0.125753
0.179265
0.157239
0.121337
0.090438
0.165187
0.112991
0.078923
0.143512
0.068347
0.073583
0.154139
0.110245
0.128068
0.096147
0.1642
0.07429
0.057871
0.075566
0.099746
0.15378
0.061248
0.156646
0.114701
0.075417
0.161036
0.068412
0.109295
0.103169
0.103171
0.098453
0.093231
0.13027
0.120835
0.095888
0.113232
0.075738
0.149752
0.084434
0.078736
0.085038
0.097975
0.073111
0.075659
0.159517
0.051859
0.062058
0.084168
0.074908
0.095466
0.058898
0.202486
0.057455
0.129493
0.083248
0.082383
0.184969
0.127208
0.069975
0.073615
0.065316
0.044057
0.074382
0.061502
0.092703
0.104374
0.091502
0.097748
0.105167
0.121533
0.088755
0.111428
0.085479
0.055212
0.071781
0.106284
0.099264
0.097447
0.111601
0.060621
0.074118
0.081639
0.096799
0.072935
0.064059
0.116584
0.11001
0.139462
0.13594
0.039564
0.094422
0.092317
0.084758
0.12866
0.044543
0.066491
0.088482
0.107118
0.096718
0.12328
0.076977
0.085669
0.054763
0.08285
0.116428
0.10879
0.090239
0.061303
0.086273
0.067777
0.143237
0.129229
0.098352
0.076018
0.121967
0.047152
0.144532
0.063185
0.066196
0.136275
0.127153
0.128759
0.09463
0.101746
0.047682
0.086758
0.110222
0.058106
0.117307
0.050114
0.056357
0.084952
0.079749
0.139537
0.070828
0.116286
0.112916
0.068399
0.066545
0.08299
0.058734
0.099066
0.156173
0.080338
0.045232
0.081373
0.062775
0.133738
0.080621
0.214254
0.068171
0.12959
0.073733
0.098726
0.070911
0.080207
0.058458
0.072143
0.092871
0.079735
0.175724
0.096233
0.136488
0.106563
0.096084
0.107484
0.091585
0.087985
0.099449
0.08271
0.042147
0.192961
0.078621
0.082037
0.032455
0.08781
0.047955
0.058373
0.131139
0.094146
0.07417
0.067445
0.059261
0.031447
0.061506
0.04345
0.022309
0.150181
0.100161
0.061367
0.178559
0.062273
0.037307
0.101882
0.102665
0.133137
0.094037
0.067536
0.082458
0.083565
0.119786
0.110678
0.126259
0.188514
0.073258
0.089376
0.041703
0.10029
0.079968
0.053124
0.058456
0.081221
0.087639
0.088079
0.093136
0.131342
0.08408
0.125002
0.063893
0.094758
0.05744
0.084924
0.097295
0.086026
0.076915
0.131947
0.084188
0.083207
0.085201
0.089295
0.122311
0.108514
0.053965
0.068123
0.088366
0.053469
0.091383
0.085787
0.060662
0.076884
0.114915
0.081024
0.085341
0.078906
0.119807
0.081582
0.085131
0.100841
0.136128
0.064114
0.093956
0.088062
0.055035
0.054377
0.16952
0.08036
0.089392
0.081538
0.079128
0.059341
0.074843
0.101386
0.054298
0.091096
0.103726
0.072129
0.14741
0.055971
0.072698
0.061625
0.077071
0.066467
0.080794
0.075255
0.087232
0.054903
0.053028
0.145089
0.08171
0.137474
0.106112
0.088844
0.110611
0.126731
0.082585
0.131962
0.106381
0.098611
0.061652
0.061733
0.101382
0.065824
0.089278
0.091296
0.144538
0.078194
0.150819
0.078651
0.074448
0.099809
0.090218
0.076262
0.038762
0.048962
0.096251
0.092347
0.101091
0.065483
0.139313
0.10489
0.114667
0.15672
0.046968
0.074352
0.057658
0.187754
0.071496
0.088262
0.08169
0.071428
0.076848
0.116446
0.147729
0.112168
0.074709
0.149516
0.06391
0.050953
0.056835
0.194494
0.091545
0.095677
0.06144
0.052534
0.080093
0.11892
0.106634
0.103549
0.114933
0.197314
0.080929
0.059935
0.068742
0.102799
0.080797
0.107349
0.072188
0.076123
0.086568
0.080261
0.089137
0.058531
0.053869
0.11524
0.110048
0.058385
0.093442
0.094395
0.067988
0.07083
0.092111
0.070756
0.060268
0.110935
0.113825
0.12837
0.106762
0.091638
0.074947
0.051641
0.111841
0.132255
0.059778
0.087345
0.125923
0.121168
0.097948
0.07097
0.117303
0.099701
0.093686
0.09315
0.066769
0.082466
0.079246
0.042802
0.089839
0.18192
0.052289
0.099477
0.084508
0.063799
0.08271
0.067778
0.134055
0.108012
0.147479
0.105064
0.063814
0.127809
0.080616
0.058253
0.095483
0.047847
0.108783
0.096403
0.064706
0.08898
0.121623
0.11926
0.093927
0.10114
0.10543
0.123943
0.06616
0.076536
0.038485
0.146365
0.060587
0.066951
0.073962
0.087932
0.099874
0.074632
0.095851
0.063591
0.07359
0.11332
0.057205
0.147466
0.150373
0.109163
0.048687
0.057576
0.060864
0.087515
0.063929
0.08257
0.091348
0.104954
0.142979
0.094505
0.063078
0.113636
0.070587
0.090444
0.043951
0.080166
0.08167
0.052953
0.054724
0.05836
0.091007
0.100336
0.102386
0.091421
0.131858
0.127914
0.13958
0.085487
0.056997
0.09907
0.058015
0.122358
0.051081
0.048191
0.076562
0.064046
0.105216
0.064659
0.078856
0.064022
0.092262
0.046868
0.118709
0.041255
0.035594
0.053038
0.120319
0.168307
0.099948
0.068316
0.090864
0.091712
0.102429
0.103409
0.084917
0.064084
0.072689
0.107519
0.118286
0.056046
0.141012
0.109268
0.060807
0.081674
0.079133
0.068719
0.096844
0.071935
0.077432
0.0295
0.06018
0.05959
0.084605
0.130464
0.07714
0.077436
0.063043
0.077058
0.091822
0.101017
0.063857
0.044283
0.073341
0.096705
0.049468
0.043189
0.106744
0.051231
0.087506
0.079684
0.061568
0.065605
0.072373
0.096174
0.086433
0.137225
0.05805
0.1375
0.090265
0.088764
0.033921
0.106113
0.095225
0.099968
0.064384
0.064632
0.089591
0.141672
0.08321
0.040366
0.082488
0.079986
0.046993
0.101899
0.083903
0.053676
0.081559
0.059217
0.078479
0.040997
0.063235
0.06406
0.087293
0.083072
0.103146
0.105493
0.085453
0.091942
0.141859
0.073348
0.091427
0.118843
0.039479
0.085917
0.079131
0.114502
0.084474
0.097466
0.138156
0.151404
0.06813
0.093519
0.183528
0.097771
0.067838
0.117397
0.049306
0.11519
0.072826
0.053842
0.123312
0.112252
0.106207
0.100934
0.12317
0.14059
0.099965
0.117369
0.082536
0.0715
0.092459
0.063787
0.106932
0.119899
0.0752
0.088054
0.046837
0.165438
0.034407
0.069983
0.068749
0.107532
0.064738
0.033581
0.063306
0.099231
0.155249
0.096759
0.126869
0.098296
0.074496
0.056217
0.086587
0.082616
0.152774
0.064884
0.066123
0.102717
0.086131
0.148083
0.137266
0.105363
0.074604
0.12052
0.11433
0.081485
0.043409
0.106358
0.091154
0.122446
0.165134
0.057768
0.111593
0.095264
0.142389
0.085837
0.082154
0.104111
0.100509
0.148219
0.101902
0.05808
0.1522
0.071766
0.079694
0.106936
0.12415
0.13349
0.040484
0.042853
0.096544
0.120348
0.083506
0.067305
0.05307
0.073473
0.068876
0.103439
0.155753
0.122529
0.06142
0.072444
0.143071
0.06132
0.085341
0.153208
0.144668
0.072775
0.065831
0.059636
0.116974
0.085051
0.044489
0.109405
0.09143
0.035928
0.077988
0.088956
0.157775
0.087028
0.160103
0.092628
0.056933
0.110351
0.086704
0.074924
0.058676
0.055569
0.103348
0.09141
0.098081
0.087979
0.075567
0.070388
0.112694
0.126191
0.154111
0.061583
0.104563
0.141527
0.054497
0.174902
0.127795
0.084925
0.066619
0.133862
0.142727
0.07484
0.139651
0.088892
0.103827
0.074186
0.094719
0.067933
0.0695
0.061886
0.06099
0.067805
0.109183
0.096543
0.114631
0.100482
0.150096
0.102797
0.069504
0.069676
0.10419
0.120413
0.093238
0.090231
0.079202
0.090228
0.077272
0.132477
0.051899
0.051324
0.070989
0.081547
0.102827
0.094913
0.090055
0.101316
0.069271
0.125967
0.095437
0.071944
0.121148
0.073549
0.09365
0.074849
0.068206
0.133607
0.053438
0.074108
0.060335
0.072773
0.071592
0.079396
0.05418
0.056641
0.045619
0.119368
0.087214
0.074371
0.108622
0.079651
0.071306
0.097484
0.173552
0.074498
0.149258
0.063688
0.0796
0.073725
0.140099
0.072915
0.059885
0.069137
0.08556
0.060074
0.092994
0.069069
0.162028
0.106406
0.053214
0.047868
0.126453
0.104036
0.079288
0.057871
0.09687
0.116364
0.117566
0.081879
0.171133
0.062179
0.049957
0.139353
0.102527
0.09777
0.108432
0.090717
0.066046
0.163509
0.094734
0.061287
0.065707
0.116571
0.099013
0.080838
0.080314
0.119844
0.06409
0.129518
0.082252
0.08146
0.055057
0.097065
0.085151
0.078165
0.12587
0.052668
0.080859
0.070492
0.071605
0.071109
0.083317
0.10951
0.094115
0.079452
0.075479
0.112899
0.099223
0.112635
0.049891
0.111423
0.036112
0.041983
0.09742
0.106429
0.147496
0.079159
0.066483
0.115956
0.113359
0.14306
0.051846
0.121534
0.076983
0.086748
0.072296
0.08325
0.056828
0.086426
0.086427
0.084038
0.087879
0.039386
0.078688
0.059592
0.130985
0.050317
0.073744
0.081388
0.144035
0.076739
0.090249
0.079593
0.071553
0.065519
0.100728
0.054025
0.056125
0.089402
0.091409
0.041733
0.096399
0.123008
0.126255
0.072663
0.106512
0.078039
0.051816
0.119408
0.095537
0.084563
0.126385
0.1059
0.117077
0.055035
0.062198
0.128812
0.057182
0.163105
0.077578
0.113071
0.11101
0.067181
0.043017
0.062844
0.134386
0.122988
0.06404
0.079463
0.075152
0.096295
0.091202
0.076556
0.065514
0.044924
0.125543
0.044807
0.099072
0.115023
0.138962
0.09883
0.077726
0.07302
0.069763
0.091212
0.098741
0.090809
0.064939
0.042941
0.037288
0.135213
0.070484
0.084523
0.091654
0.079832
0.076132
0.130775
0.086281
0.075727
0.14505
0.054901
0.055307
0.123195
0.082304
0.104244
0.104837
0.057082
0.075742
0.136029
0.054641
0.058664
0.118473
0.098779
0.081708
0.107431
0.116309
0.086257
0.074023
0.082287
0.045518
0.089251
0.157384
0.143916
0.06042
0.121162
0.148196
0.053379
0.076744
0.128986
0.087229
0.086985
0.088664
0.091296
0.059955
0.097303
0.127811
0.124155
0.12214
0.074393
0.095389
0.064623
0.13396
0.110612
0.082046
0.071697
0.091576
0.09719
0.093387
0.042637
0.115797
0.055139
0.048401
0.136384
0.195343
0.110455
0.075749
0.088947
0.076334
0.090898
0.041803
0.03219
0.087882
0.095066
0.085833
0.058203
0.027178
0.089206
0.053854
0.056929
0.09893
0.041866
0.102661
0.086189
0.075376
0.133071
0.078092
0.104718
0.068796
0.061686
0.083463
0.124847
0.101562
0.056607
0.083011
0.070368
0.090742
0.091306
0.070746
0.139064
0.063084
0.077379
0.084242
0.126758
0.046888
0.054282
0.070946
0.049817
0.07949
0.059874
0.11177
0.068264
0.07279
0.066342
0.083801
0.065832
0.118789
0.062008
0.081192
0.130859
0.077214
0.105256
0.11993
0.064771
0.074649
0.093262
0.090945
0.087128
0.116264
0.135169
0.086087
0.047902
0.060935
0.040048
0.050102
0.088896
0.112893
0.093834
0.074851
0.130423
0.083315
0.071787
0.112435
0.080724
0.074205
0.104517
0.052484
0.120375
0.106038
0.04771
0.07319
0.073804
0.119981
0.128982
0.045037
0.075103
0.16527
0.089569
0.058328
0.058421
0.084858
0.090284
0.09941
0.073416
0.167615
0.098033
0.12682
0.092361
0.073295
0.102301
0.108736
0.121217
0.064708
0.06732
0.061237
0.071318
0.049055
0.091532
0.096902
0.077429
0.1141
0.092574
0.157195
0.062313
0.044746
0.056196
0.066694
0.058937
0.105426
0.077459
0.093473
0.113204
0.153769
0.110627
0.158747
0.120844
0.136545
0.121516
0.121829
0.0756
0.065676
0.093937
0.090784
0.07979
0.117918
0.080301
0.110442
0.117464
0.088339
0.051733
0.142477
0.102899
0.06735
0.116403
0.060448
0.030122
0.120147
0.06113
0.069901
0.111858
0.113975
0.104746
0.132064
0.068082
0.084041
0.069429
0.038732
0.062002
0.110091
0.116447
0.067037
0.103688
0.082268
0.052395
0.067294
0.073011
0.128136
0.176831
0.122603
0.083159
0.096442
0.075998
0.057343
0.066469
0.085507
0.046424
0.074111
0.075432
0.053583
0.062941
0.095592
0.047161
0.134994
0.085617
0.055101
0.113836
0.061337
0.038622
0.209136
0.148876
0.092044
0.111327
0.039291
0.067287
0.099532
0.104702
0.08344
0.118243
0.081565
0.049794
0.075469
0.101165
0.09691
0.053179
0.071949
0.050086
0.105977
0.178643
0.097522
0.112547
0.046194
0.067617
0.058001
0.115752
0.072387
0.13454
0.08913
0.14183
0.091861
0.054864
0.110557
0.055029
0.055012
0.055703
0.05968
0.076153
0.107899
0.099884
0.12428
0.094071
0.077431
0.072615
0.106589
0.086261
0.048772
0.117162
0.079931
0.099159
0.051711
0.054705
0.128857
0.054676
0.078213
0.084805
0.104192
0.088071
0.103101
0.078582
0.087247
0.116818
0.129772
0.105438
0.099262
0.075839
0.136553
0.075978
0.055197
0.053046
0.077441
0.067888
0.083751
0.163864
0.054537
0.06756
0.092959
0.097755
0.080031
0.084091
0.097418
0.107856
0.092955
0.082813
0.106801
0.084376
0.085055
0.051509
0.070752
0.057876
0.051734
0.120323
0.054627
0.099309
0.061276
0.086359
0.039694
0.080679
0.079766
0.073735
0.089178
0.084142
0.040031
0.167636
0.049789
0.136291
0.105986
0.049875
0.096772
0.113405
0.088578
0.113846
0.040965
0.061494
0.072914
0.085011
0.080997
0.052779
0.05724
0.05631
0.067411
0.068443
0.081534
0.077769
0.128777
0.09278
0.134529
0.097545
0.040245
0.124181
0.120858
0.077761
0.065248
0.101332
0.107085
0.075226
0.095608
0.075683
0.104693
0.093037
0.152541
0.039478
0.061307
0.058279
0.089593
0.077083
0.090998
0.056498
0.090039
0.07477
0.121359
0.083298
0.051589
0.13746
0.105905
0.090497
0.077891
0.061741
0.096665
0.065892
0.100799
0.114835
0.142613
0.038658
0.170497
0.085227
0.064399
0.08516
0.061956
0.069861
0.09658
0.109616
0.110289
0.082871
0.121092
0.074234
0.066294
0.088996
0.107425
0.044194
0.086029
0.102846
0.079708
0.085519
0.058587
0.094151
0.039678
0.108067
0.048045
0.093554
0.070887
0.091844
0.100259
0.1261
0.054709
0.055232
0.081018
0.122625
0.059446
0.103473
0.044678
0.088426
0.074569
0.058245
0.058404
0.087109
0.064592
0.116137
0.10288
0.104546
0.08392
0.113239
0.083109
0.079848
0.096074
0.154308
0.142407
0.108833
0.127042
0.07375
0.068361
0.067058
0.067678
0.075399
0.085507
0.098735
0.125516
0.108125
0.100116
0.078866
0.063978
0.07321
0.067328
0.094952
0.08592
0.055076
0.124067
0.160304
0.080218
0.079936
0.113047
0.062214
0.109538
0.054733
0.124843
0.087453
0.136301
0.075793
0.133612
0.112852
0.05229
0.057374
0.126638
0.051719
0.096849
0.10356
0.106848
0.083824
0.070139
0.073154
0.091904
0.12872
0.090879
0.135807
0.140884
0.096052
0.08327
0.076709
0.051681
0.04678
0.053767
0.09001
0.107501
0.105846
0.092161
0.188808
0.134014
0.062563
0.116957
0.211554
0.087847
0.066287
0.122545
0.086602
0.07742
0.099794
0.063447
0.079515
0.08706
0.056374
0.139831
0.173277
0.132811
0.101403
0.063331
0.103702
0.062986
0.071307
0.082827
0.108655
0.088653
0.083223
0.091701
0.076235
0.103589
0.046627
0.147402
0.080213
0.092956
0.074117
0.034862
0.114406
0.149156
0.053682
0.07332
0.072102
0.086545
0.073892
0.091988
0.057417
0.128145
0.087948
0.107264
0.088159
0.130034
0.073929
0.047703
0.060457
0.050031
0.036997
0.058513
0.085596
0.050465
0.05963
0.104369
0.046823
0.077227
0.054346
0.047378
0.117219
0.098491
0.08325
0.084711
0.092928
0.094712
0.074567
0.096964
0.079614
0.072103
0.128938
0.130163
0.088945
0.065038
0.101333
0.10429
0.063808
0.124325
0.083035
0.057379
0.105783
0.132208
0.086177
0.086052
0.189023
0.055345
0.162344
0.12372
0.101992
0.063298
0.055402
0.111103
0.104508
0.026744
0.146405
0.071659
0.108207
0.061424
0.067454
0.103161
0.070714
0.109409
0.090379
0.042438
0.046836
0.097448
0.096852
0.070815
0.080699
0.088902
0.055671
0.090628
0.121484
0.110459
0.13379
0.064278
0.08302
0.131497
0.075269
0.073564
0.062377
0.095437
0.137849
0.057851
0.064921
0.150904
0.063917
0.052925
0.125116
0.072203
0.081427
0.057278
0.080638
0.098044
0.201249
0.057169
0.074971
0.09818
0.095038
0.073653
0.107098
0.073089
0.080703
0.046721
0.063342
0.103693
0.049013
0.143488
0.091495
0.084413
0.120245
0.153209
0.054141
0.054592
0.092383
0.096204
0.089958
0.109193
0.094217
0.096345
0.082746
0.097533
0.093036
0.104825
0.140347
0.097421
0.077566
0.061063
0.076324
0.077112
0.073337
0.092974
0.100427
0.089587
0.072461
0.057315
0.05816
0.081918
0.061012
0.126111
0.12171
0.079658
0.120002
0.085117
0.128237
0.099648
0.028961
0.075547
0.09036
0.082971
0.047773
0.078317
0.067261
0.05133
0.153839
0.080496
0.12235
0.067356
0.064804
0.110251
0.034181
0.103107
0.057535
0.060029
0.061188
0.080906
0.149559
0.096445
0.161559
0.171174
0.048892
0.089653
0.073041
0.150602
0.066079
0.065509
0.106913
0.098563
0.077359
0.077192
0.112623
0.090696
0.055783
0.058883
0.096611
0.064196
0.077326
0.064561
0.098602
0.09699
0.097498
0.076192
0.062405
0.0728
0.076459
0.096144
0.102567
0.084727
0.07847
0.073032
0.063308
0.092777
0.059637
0.07004
0.069176
0.057159
0.109848
0.117426
0.081756
0.105959
0.077727
0.10955
0.106298
0.07095
0.146008
0.137572
0.06251
0.088088
0.051542
0.124154
0.113593
0.079139
0.1006
0.139728
0.051648
0.093171
0.051001
0.146458
0.082077
0.079692
0.048626
0.13423
0.073127
0.062547
0.076379
0.087413
0.105501
0.066213
0.06168
0.085851
0.066488
0.0315
0.098073
0.087741
0.105629
0.101739
0.060846
0.08472
0.077114
0.080974
0.074853
0.071156
0.076783
0.055711
0.071692
0.067718
0.074121
0.051116
0.085246
0.091065
0.084685
0.144561
0.088767
0.065688
0.123331
0.141965
0.110138
0.060603
0.052895
0.111752
0.083245
0.153629
0.070585
0.048579
0.114565
0.090371
0.121126
0.083926
0.132138
0.081101
0.061305
0.065659
0.090162
0.086809
0.08071
0.045302
0.104608
0.054089
0.107745
0.080873
0.064964
0.08055
0.111516
0.068019
0.107725
0.065516
0.080465
0.068996
0.063351
0.079511
0.072004
0.063065
0.095434
0.071175
0.09461
0.097122
0.100463
0.070675
0.08263
0.083133
0.049274
0.056846
0.117962
0.087126
0.053095
0.117233
0.097744
0.073742
0.091761
0.04002
0.101383
0.058297
0.093637
0.043166
0.061141
0.107363
0.082167
0.095753
0.073797
0.094472
0.082286
0.095662
0.065196
0.092616
0.060475
0.07583
0.083252
0.045069
0.089058
0.092367
0.045079
0.056976
0.058341
0.083263
0.035242
0.120375
0.062534
0.116854
0.074031
0.13127
0.080336
0.155059
0.068404
0.076701
0.163175
0.084907
0.086353
0.048967
0.056032
0.049526
0.073824
0.053781
0.062676
0.055276
0.092424
0.090539
0.041229
0.095034
0.081913
0.109045
0.08587
0.079335
0.110515
0.048095
0.057898
0.054508
0.135246
0.07303
0.130744
0.131023
0.082132
0.079921
0.094402
0.09554
0.105351
0.064199
0.117634
0.078107
0.11935
0.08021
0.081992
0.139112
0.114281
0.080013
0.107061
0.055633
0.153575
0.054242
0.069831
0.101461
0.063217
0.114019
0.039295
0.086178
0.092724
0.063351
0.115349
0.078641
0.124097
0.066113
0.099774
0.050643
0.069071
0.087654
0.072426
0.096457
0.031315
0.051477
0.05484
0.095966
0.103745
0.096504
0.076746
0.048332
0.071247
0.138791
0.066977
0.121767
0.123223
0.064363
0.06154
0.086708
0.080748
0.112052
0.059748
0.070729
0.146333
0.076039
0.093051
0.148351
0.070553
0.048528
0.112483
0.108703
0.090119
0.061649
0.09097
0.072927
0.045158
0.097008
0.089025
0.067027
0.05114
0.049822
0.038814
0.082814
0.056876
0.053656
0.0962
0.093648
0.052251
0.053687
0.119453
0.057091
0.163882
0.06696
0.102949
0.067221
0.171025
0.143378
0.098204
0.096722
0.086285
0.049757
0.081731
0.094587
0.084238
0.05079
0.086117
0.054202
0.062794
0.072191
0.050377
0.056371
0.109539
0.082269
0.069192
0.063212
0.079874
0.077018
0.063873
0.084804
0.114972
0.064494
0.072048
0.077688
0.078688
0.082698
0.181284
0.107918
0.056088
0.055303
0.072495
0.089207
0.084418
0.094717
0.101931
0.078145
0.093928
0.084417
0.113462
0.120936
0.078057
0.080516
0.075245
0.107806
0.078481
0.063548
0.073749
0.079213
0.088014
0.057783
0.063964
0.056908
0.148406
0.033877
0.089203
0.057539
0.138198
0.118907
0.088734
0.094869
0.096486
0.073284
0.075953
0.100383
0.061272
0.058354
0.085111
0.094426
0.096103
0.052933
0.060958
0.160233
0.082196
0.07903
0.080818
0.077262
0.103857
0.065757
0.080618
0.070034
0.072631
0.086107
0.100121
0.06804
0.086124
0.072347
0.072419
0.080475
0.080727
0.101598
0.060497
0.06547
0.055284
0.072182
0.072749
0.113653
0.08133
0.071427
0.061731
0.100162
0.061734
0.107084
0.057696
0.081771
0.093813
0.096051
0.037894
0.066916
0.060534
0.067734
0.092031
0.073528
0.087398
0.138771
0.114245
0.117571
0.073334
0.067364
0.0784
0.107186
0.060898
0.102229
0.093728
0.096472
0.108767
0.110303
0.040736
0.116473
0.127895
0.054452
0.062294
0.052084
0.075333
0.083882
0.114112
0.063341
0.090211
0.043614
0.056492
0.071044
0.073048
0.08239
0.098055
0.079847
0.056603
0.140851
0.082071
0.099619
0.079354
0.03786
0.063386
0.118135
0.052551
0.070321
0.076455
0.10762
0.069316
0.096185
0.067514
0.111788
0.109814
0.103544
0.067217
0.097169
0.099435
0.072016
0.107484
0.088896
0.076848
0.076778
0.106283
0.048565
0.057484
0.13086
0.105894
0.102919
0.057702
0.077647
0.047742
0.048541
0.104448
0.068196
0.12884
0.090524
0.082252
0.096957
0.064792
0.136072
0.072424
0.067743
0.063792
0.090614
0.063675
0.042101
0.074895
0.105079
0.046663
0.041433
0.077517
0.077023
0.095517
0.083423
0.088612
0.109231
0.079134
0.065923
0.059879
0.140995
0.055979
0.105921
0.096591
0.047553
0.079173
0.076892
0.093145
0.045843
0.107839
0.093494
0.094703
0.103018
0.067372
0.080063
0.107843
0.060023
0.13145
0.111619
0.175896
0.128193
0.082465
0.060319
0.13727
0.117862
0.104683
0.087089
0.062212
0.104914
0.04428
0.080512
0.046459
0.062929
0.079563
0.154151
0.07844
0.057631
0.11602
0.099463
0.131543
0.035649
0.089802
0.093605
0.076285
0.074553
0.051775
0.092906
0.087373
0.050446
0.087441
0.076214
0.149856
0.091309
0.075678
0.118654
0.077974
0.062495
0.104577
0.070246
0.079359
0.066306
0.075483
0.070609
0.065056
0.096176
0.075307
0.119896
0.044863
0.071202
0.053922
0.06934
0.05661
0.09515
0.144447
0.11099
0.095799
0.086321
0.068967
0.109552
0.088875
0.052654
0.086636
0.091399
0.111641
0.101129
0.060455
0.174672
0.103815
0.081194
0.076175
0.056919
0.088417
0.065891
0.054797
0.072525
0.069563
0.108109
0.091305
0.053711
0.06832
0.071391
0.052812
0.118113
0.056552
0.088337
0.097362
0.146615
0.118641
0.07159
0.161116
0.139348
0.100512
0.055266
0.077957
0.068012
0.056546
0.103164
0.117016
0.095331
0.061287
0.05654
0.088791
0.071208
0.06909
0.090629
0.149431
0.116785
0.132578
0.076812
0.17106
0.067524
0.095003
0.048996
0.053321
0.061054
0.089747
0.134809
0.07199
0.067045
0.14403
0.088591
0.131303
0.092001
0.101679
0.046784
0.077071
0.149349
0.05657
0.104202
0.054725
0.087363
0.081963
0.066712
0.066326
0.076073
0.074047
0.043458
0.053236
0.06769
0.04481
0.073131
0.091562
0.057781
0.115731
0.108115
0.050268
0.062267
0.08045
0.04742
0.046548
0.084688
0.10051
0.087557
0.090926
0.057994
0.070692
0.09612
0.083966
0.076338
0.090264
0.066972
0.125814
0.061079
0.106391
0.058459
0.10635
0.085021
0.086913
0.065738
0.092793
0.104465
0.129618
0.08914
0.094908
0.077196
0.081709
0.142073
0.10209
0.065759
0.055467
0.055428
0.049271
0.067348
0.155503
0.110888
0.096957
0.105758
0.1236
0.061596
0.115736
0.069133
0.05556
0.051308
0.078705
0.075317
0.048149
0.11306
0.069283
0.082963
0.118821
0.105469
0.107123
0.049018
0.059759
0.044852
0.129665
0.100452
0.049754
0.096218
0.068972
0.080194
0.076866
0.095618
0.096725
0.101914
0.081012
0.116719
0.044912
0.049025
0.124892
0.09114
0.042044
0.051601
0.070574
0.079149
0.054217
0.088577
0.09311
0.080556
0.146745
0.045099
0.095922
0.078977
0.070922
0.099729
0.082585
0.0544
0.119084
0.064169
0.08213
0.106643
0.080391
0.102283
0.080652
0.051902
0.133696
0.057609
0.068345
0.065365
0.07086
0.06115
0.066989
0.086476
0.092203
0.089764
0.073133
0.075148
0.062459
0.133403
0.099463
0.059538
0.101068
0.105354
0.079
0.077426
0.081963
0.093713
0.068368
0.063332
0.072737
0.049634
0.035575
0.061395
0.127383
0.070917
0.079687
0.121241
0.067571
0.093902
0.083058
0.078685
0.074483
0.09726
0.075265
0.065209
0.07461
0.059406
0.058361
0.082041
0.072336
0.042374
0.056208
0.077862
0.080292
0.088253
0.088391
0.050449
0.091737
0.057554
0.092908
0.112364
0.11491
0.067241
0.090106
0.073678
0.105399
0.054654
0.060705
0.054307
0.097318
0.115975
0.185455
0.076147
0.121503
0.079195
0.079114
0.079962
0.133164
0.095201
0.098453
0.103945
0.104642
0.078098
0.083532
0.117316
0.082845
0.106337
0.080368
0.043313
0.050119
0.070224
0.071331
0.07095
0.05832
0.08852
0.073916
0.126767
0.050002
0.069975
0.093148
0.124484
0.10835
0.108275
0.059926
0.115957
0.121719
0.144037
0.052044
0.07283
0.122376
0.128628
0.074838
0.054439
0.118962
0.054449
0.072067
0.095898
0.09111
0.132522
0.071275
0.070562
0.108221
0.116045
0.070742
0.089194
0.066371
0.078691
0.105141
0.116651
0.082309
0.094186
0.060667
0.03599
0.067712
0.078429
0.096234
0.073247
0.066179
0.064007
0.108834
0.175804
0.06612
0.105248
0.062414
0.113147
0.067506
0.130928
0.053219
0.097901
0.068359
0.094417
0.097945
0.085129
0.117248
0.086415
0.039414
0.111201
0.049975
0.082837
0.068913
0.025493
0.041919
0.04032
0.081353
0.055007
0.096653
0.061982
0.0685
0.115467
0.057415
0.068555
0.070802
0.092265
0.061354
0.064432
0.115134
0.072346
0.073625
0.083168
0.095893
0.077804
0.064874
0.085307
0.116811
0.05036
0.07505
0.043847
0.094632
0.083826
0.047825
0.031694
0.080078
0.043318
0.052768
0.082548
0.080971
0.052685
0.076896
0.061595
0.09789
0.042488
0.100877
0.086143
0.059174
0.089841
0.057816
0.138192
0.091309
0.102966
0.080674
0.041683
0.064432
0.096957
0.062288
0.100185
0.069339
0.112918
0.098396
0.072289
0.112421
0.120098
0.103351
0.090714
0.114661
0.075875
0.098312
0.050803
0.152528
0.069323
0.087638
0.080931
0.056836
0.081996
0.132929
0.099292
0.079357
0.074519
0.062697
0.057952
0.11476
0.063085
0.054458
0.077003
0.077998
0.053751
0.060973
0.101678
0.071139
0.066272
0.102241
0.146738
0.087398
0.072056
0.083997
0.097644
0.056099
0.070937
0.101845
0.079998
0.079727
0.112788
0.109983
0.053722
0.158513
0.074457
0.075396
0.073978
0.127809
0.066169
0.077368
0.05079
0.068607
0.049807
0.053986
0.064172
0.045257
0.070906
0.075272
0.087306
0.102038
0.085077
0.067335
0.053634
0.046605
0.077754
0.120181
0.127125
0.100453
0.03378
0.079933
0.053984
0.064841
0.163639
0.025388
0.060896
0.051908
0.097381
0.142185
0.061706
0.144954
0.045824
0.058806
0.079262
0.078038
0.072423
0.101696
0.056292
0.095286
0.170925
0.083564
0.058821
0.149328
0.07245
0.11861
0.066381
0.066404
0.078117
0.058529
0.055422
0.096045
0.069345
0.062021
0.111879
0.079032
0.092866
0.069631
0.085391
0.063782
0.086099
0.099519
0.074723
0.106343
0.076617
0.123616
0.156947
0.123669
0.057726
0.052743
0.06394
0.093796
0.097829
0.105798
0.123018
0.050191
0.139584
0.139836
0.099645
0.059999
0.093195
0.038692
0.053785
0.065126
0.104515
0.109585
0.080727
0.08302
0.079351
0.062412
0.087825
0.093203
0.130114
0.086165
0.069832
0.054002
0.147916
0.040657
0.112029
0.07078
0.090683
0.073793
0.055539
0.084549
0.050863
0.109928
0.079837
0.074694
0.072148
0.073833
0.080915
0.079775
0.074023
0.076216
0.072791
0.048337
0.05878
0.071371
0.072672
0.049532
0.092797
0.065175
0.084544
0.075139
0.100383
0.045358
0.0741
0.07353
0.047569
0.123149
0.067236
0.097578
0.107829
0.073823
0.078612
0.03642
0.082782
0.095267
0.07482
0.1271
0.052382
0.119255
0.115286
0.070413
0.069703
0.141027
0.053091
0.063696
0.051715
0.061088
0.064691
0.111409
0.071882
0.099228
0.062022
0.11655
0.077097
0.10695
0.060927
0.082033
0.04551
0.051088
0.080482
0.090226
0.131748
0.080935
0.077715
0.117419
0.090657
0.106116
0.092414
0.049132
0.062492
0.097081
0.077917
0.053614
0.088487
0.056577
0.065882
0.087575
0.06768
0.039036
0.091169
0.138278
0.054973
0.120376
0.078723
0.049913
0.102417
0.10184
0.088229
0.051604
0.080287
0.081855
0.105259
0.048642
0.07249
0.059316
0.070137
0.076278
0.057148
0.088957
0.102057
0.067787
0.049811
0.105939
0.101905
0.08129
0.078458
0.109671
0.108841
0.076268
0.084129
0.073793
0.095082
0.071113
0.110294
0.07545
0.039931
0.052434
0.07695
0.084686
0.115203
0.144556
0.08623
0.07829
0.10112
0.048121
0.059477
0.096487
0.136889
0.081234
0.071595
0.08196
0.084137
0.055945
0.08239
0.062943
0.057697
0.084224
0.092958
0.075608
0.055916
0.067531
0.071706
0.073983
0.061581
0.083667
0.062047
0.062805
0.065658
0.059977
0.087711
0.117412
0.056614
0.113489
0.150848
0.115061
0.095937
0.069167
0.074105
0.076862
0.042022
0.130674
0.068783
0.05497
0.089539
0.069428
0.050026
0.12869
0.098821
0.063196
0.069678
0.099767
0.067664
0.208451
0.072308
0.069039
0.049564
0.136207
0.09703
0.087094
0.056344
0.094572
0.066087
0.101925
0.075795
0.081122
0.105792
0.065861
0.088232
0.070284
0.183109
0.100587
0.067296
0.093347
0.061057
0.094081
0.070676
0.070666
0.036934
0.04042
0.094704
0.104345
0.085707
0.089168
0.062489
0.04013
0.091822
0.057597
0.107211
0.048333
0.079447
0.093884
0.052353
0.054389
0.089121
0.132855
0.089341
0.053855
0.045474
0.064341
0.1142
0.117108
0.081148
0.069586
0.067029
0.0631
0.086755
0.066672
0.102311
0.053385
0.05681
0.050233
0.11341
0.038017
0.124019
0.126911
0.075164
0.054685
0.072301
0.073516
0.069133
0.077632
0.109405
0.08828
0.085774
0.093772
0.136867
0.120001
0.131229
0.070082
0.062877
0.094619
0.080036
0.110546
0.081526
0.068114
0.097819
0.069025
0.055895
0.133658
0.097938
0.087862
0.060974
0.050101
0.042364
0.054192
0.076435
0.05699
0.089481
0.113098
0.032542
0.101698
0.050617
0.11279
0.081348
0.126404
0.066998
0.138295
0.06949
0.072842
0.050282
0.109638
0.073026
0.108923
0.034457
0.039708
0.088639
0.103847
0.050606
0.084167
0.062091
0.100713
0.109997
0.139246
0.085965
0.113304
0.082953
0.109435
0.05311
0.088109
0.041278
0.075737
0.095386
0.058306
0.098583
0.091452
0.094338
0.054126
0.087804
0.117374
0.092545
0.062752
0.079477
0.054966
0.113664
0.086256
0.067043
0.073106
0.139269
0.112835
0.084708
0.151363
0.08469
0.132468
0.088272
0.08938
0.056798
0.049076
0.087474
0.067061
0.050424
0.078045
0.059984
0.104044
0.055321
0.106126
0.081505
0.059489
0.105844
0.043287
0.055539
0.062251
0.084798
0.09149
0.109678
0.076875
0.128729
0.082009
0.057008
0.088313
0.084636
0.046438
0.04977
0.077699
0.039187
0.053162
0.098683
0.068511
0.090938
0.077995
0.056808
0.069169
0.092869
0.066507
0.057641
0.061206
0.102591
0.060927
0.056648
0.080654
0.058078
0.070127
0.113309
0.07951
0.084467
0.105672
0.054493
0.089465
0.032466
0.04499
0.041617
0.098194
0.125139
0.060661
0.07105
0.043718
0.041184
0.069038
0.072444
0.075737
0.039718
0.075525
0.129902
0.089629
0.082816
0.085515
0.050866
0.104545
0.063069
0.03473
0.120725
0.040342
0.052537
0.060946
0.141491
0.044575
0.067427
0.050842
0.071648
0.047515
0.089119
0.061715
0.109286
0.125118
0.066985
0.094848
0.059067
0.098474
0.061806
0.088554
0.102777
0.063175
0.054302
0.057122
0.05869
0.092894
0.121702
0.078015
0.077768
0.074914
0.069262
0.060553
0.090619
0.092112
0.09249
0.214104
0.105879
0.027573
0.13028
0.054439
0.073978
0.057829
0.094495
0.088157
0.087492
0.064226
0.065612
0.085498
0.069459
0.099022
0.101317
0.0626
0.057152
0.068586
0.084411
0.119723
0.077187
0.094104
0.096131
0.155765
0.07376
0.089235
0.086482
0.036819
0.100384
0.08356
0.039494
0.053614
0.048811
0.102597
0.064911
0.082267
0.057747
0.081137
0.090072
0.045114
0.063625
0.08067
0.090872
0.090056
0.074151
0.112172
0.092947
0.088169
0.064136
0.083312
0.045509
0.101147
0.101741
0.109889
0.065607
0.10012
0.069234
0.043993
0.096426
0.074261
0.090695
0.107683
0.075293
0.047668
0.071439
0.105069
0.055036
0.040809
0.12138
0.054165
0.060109
0.090536
0.083477
0.134458
0.069808
0.108392
0.073716
0.079013
0.053111
0.101515
0.078733
0.116828
0.078077
0.104518
0.145893
0.109781
0.048494
0.064084
0.092085
0.081101
0.076264
0.041454
0.067202
0.066822
0.130413
0.075454
0.081303
0.097243
0.072341
0.060404
0.073505
0.113745
0.085516
0.068283
0.070385
0.094467
0.080156
0.069985
0.080761
0.107163
0.09124
0.068133
0.121491
0.102374
0.057157
0.052009
0.078798
0.068609
0.157559
0.100579
0.071563
0.101912
0.074047
0.091963
0.07141
0.057288
0.190185
0.088418
0.145237
0.078304
0.080657
0.124399
0.057818
0.05181
0.114989
0.029683
0.072448
0.06453
0.085254
0.089603
0.090677
0.066375
0.0445
0.105493
0.104517
0.090951
0.126913
0.083795
0.059478
0.057233
0.094224
0.091659
0.079204
0.0311
0.147409
0.068916
0.036274
0.068678
0.026419
0.085086
0.075324
0.044957
0.044529
0.048005
0.059589
0.054812
0.064478
0.066097
0.103949
0.098967
0.126133
0.036792
0.064289
0.050638
0.098183
0.051392
0.067342
0.066265
0.086659
0.041096
0.085315
0.07389
0.04922
0.089559
0.073899
0.059745
0.117588
0.051673
0.10505
0.105917
0.056694
0.09725
0.057112
0.083915
0.049333
0.099858
0.074462
0.069012
0.095585
0.053759
0.073465
0.050925
0.066644
0.11879
0.119726
0.099769
0.081605
0.119854
0.099571
0.098732
0.063171
0.049122
0.068461
0.071318
0.083841
0.098473
0.070155
0.059929
0.048683
0.098123
0.073116
0.0613
0.118555
0.139201
0.093416
0.062834
0.058795
0.076327
0.089758
0.084812
0.083149
0.150918
0.109853
0.072561
0.086792
0.100476
0.120603
0.088181
0.084334
0.076812
0.106001
0.112079
0.073916
0.086417
0.033551
0.07412
0.100334
0.08358
0.06565
0.089617
0.046074
0.054904
0.046026
0.121503
0.068574
0.088424
0.038787
0.104356
0.119398
0.103466
0.073696
0.041126
0.073892
0.074185
0.035246
0.100823
0.058376
0.062477
0.068895
0.162131
0.101586
0.116118
0.088687
0.072622
0.048333
0.112975
0.118679
0.092048
0.062826
0.053534
0.058282
0.079209
0.053493
0.085081
0.092653
0.113186
0.044751
0.061318
0.101183
0.073552
0.117816
0.019995
0.114497
0.097512
0.059952
0.083499
0.060478
0.048912
0.062851
0.076164
0.08111
0.131286
0.119116
0.053289
0.146008
0.083082
0.083754
0.077039
0.077024
0.062392
0.066829
0.052955
0.085478
0.097455
0.058807
0.095791
0.091645
0.056796
0.073241
0.062213
0.056102
0.098523
0.084248
0.089897
0.142737
0.093877
0.048372
0.117473
0.081835
0.073477
0.073804
0.144459
0.156057
0.064717
0.0577
0.10973
0.075726
0.054797
0.064066
0.082517
0.081786
0.071821
0.061481
0.076007
0.056955
0.101255
0.075337
0.127883
0.10919
0.103082
0.092798
0.076053
0.066909
0.069334
0.070682
0.112915
0.04308
0.061033
0.051592
0.047924
0.074742
0.066349
0.070082
0.123526
0.092688
0.113472
0.073596
0.076909
0.106809
0.098392
0.14042
0.041713
0.082104
0.123896
0.092912
0.074061
0.093192
0.034599
0.102336
0.065239
0.057961
0.041537
0.055489
0.059195
0.070839
0.082617
0.107583
0.09703
0.060913
0.104225
0.096595
0.102122
0.040642
0.108986
0.07589
0.119307
0.067139
0.058047
0.070397
0.093845
0.081935
0.097998
0.092325
0.107941
0.14359
0.0803
0.087404
0.077065
0.062151
0.088606
0.080924
0.111675
0.0798
0.086875
0.062269
0.069906
0.03834
0.104435
0.090403
0.096264
0.099048
0.058504
0.116971
0.066138
0.08606
0.090437
0.06665
0.059271
0.041122
0.0729
0.072342
0.063785
0.083895
0.064699
0.09654
0.128749
0.066209
0.149177
0.066804
0.052402
0.090554
0.104261
0.182557
0.060489
0.075935
0.128378
0.079222
0.095685
0.055033
0.039051
0.087997
0.03137
0.064197
0.059163
0.088909
0.071094
0.062408
0.06851
0.115776
0.111516
0.142022
0.052513
0.069278
0.07751
0.07675
0.087393
0.050542
0.117892
0.107977
0.065178
0.102909
0.08132
0.040514
0.058914
0.04156
0.109335
0.05607
0.069702
0.107204
0.058393
0.061143
0.070588
0.093572
0.084047
0.09274
0.068355
0.114156
0.098613
0.060309
0.063459
0.100086
0.068939
0.076548
0.104014
0.064173
0.068249
0.118783
0.066389
0.098682
0.135252
0.105663
0.055419
0.04294
0.066111
0.05343
0.097935
0.074518
0.126212
0.053296
0.063039
0.111873
0.116306
0.119494
0.073228
0.13074
0.09684
0.055778
0.053735
0.067466
0.102557
0.042482
0.082171
0.094164
0.072017
0.098682
0.101159
0.054249
0.149242
0.053232
0.06923
0.114898
0.072918
0.095831
0.06309
0.062771
0.080171
0.100417
0.148019
0.065106
0.060447
0.069236
0.10308
0.101052
0.091012
0.114854
0.064807
0.142676
0.07643
0.063546
0.105778
0.079741
0.133092
0.074969
0.082069
0.056419
0.133501
0.078682
0.068797
0.075386
0.087257
0.065943
0.059167
0.077566
0.07597
0.115082
0.096112
0.115656
0.105323
0.112463
0.056329
0.088793
0.050356
0.072869
0.089505
0.068274
0.065174
0.14434
0.08405
0.105498
0.08277
0.060018
0.088018
0.074617
0.105912
0.097796
0.050241
0.066289
0.061142
0.076483
0.079081
0.061356
0.098025
0.030179
0.078815
0.095318
0.082183
0.093657
0.122626
0.068208
0.093636
0.082963
0.064238
0.074946
0.116236
0.038566
0.063426
0.092582
0.068657
0.096102
0.092236
0.081103
0.073047
0.102208
0.082369
0.053542
0.076711
0.127064
0.095189
0.080373
0.068889
0.095226
0.073019
0.079373
0.069498
0.088628
0.078323
0.046573
0.06625
0.089885
0.043136
0.029011
0.07533
0.079588
0.092249
0.047594
0.111227
0.076575
0.077919
0.055331
0.079386
0.064841
0.061111
0.08462
0.092379
0.116088
0.081071
0.088899
0.063331
0.079556
0.068191
0.062677
0.109106
0.035174
0.074014
0.07242
0.085854
0.049999
0.095977
0.085802
0.08214
0.063545
0.043606
0.095738
0.091341
0.065692
0.086531
0.071878
0.074479
0.071201
0.153316
0.038681
0.088955
0.087381
0.07395
0.085
0.099628
0.055991
0.048079
0.094476
0.070591
0.030321
0.059073
0.081129
0.088472
0.091861
0.100151
0.088068
0.072662
0.068184
0.098689
0.091226
0.066078
0.062016
0.100621
0.073173
0.082058
0.036581
0.096919
0.112407
0.082065
0.092962
0.080986
0.141092
0.084286
0.071338
0.049322
0.053585
0.139513
0.076646
0.077535
0.102575
0.079504
0.073898
0.067581
0.071188
0.108732
0.057701
0.030022
0.116673
0.064408
0.061567
0.071591
0.042322
0.090814
0.079964
0.074642
0.062776
0.056414
0.065122
0.047672
0.06939
0.087825
0.076521
0.10472
0.062361
0.069131
0.064846
0.061156
0.070336
0.094207
0.077013
0.07706
0.075811
0.11797
0.08018
0.0884
0.062444
0.104705
0.097366
0.062433
0.106867
0.098522
0.027088
0.062327
0.103037
0.050257
0.114824
0.059956
0.09381
0.045884
0.071344
0.055684
0.104218
0.067028
0.049907
0.048603
0.080986
0.078246
0.049925
0.093614
0.072478
0.065996
0.074367
0.086525
0.050168
0.089057
0.074652
0.055289
0.060022
0.094953
0.07372
0.048357
0.112655
0.137571
0.083502
0.091309
0.053793
0.055357
0.121929
0.050592
0.094746
0.084
0.087073
0.051411
0.122939
0.064525
0.084459
0.116532
0.102503
0.088517
0.094553
0.061238
0.068065
0.120224
0.078656
0.048098
0.080747
0.047093
0.115533
0.117144
0.115937
0.081224
0.123008
0.061434
0.08649
0.086866
0.095558
0.067463
0.12079
0.107339
0.073187
0.053037
0.147039
0.103813
0.074336
0.13583
0.077564
0.068642
0.103807
0.061323
0.107333
0.088884
0.115176
0.069689
0.098541
0.100801
0.075042
0.064381
0.094674
0.054096
0.111589
0.04569
0.085205
0.068813
0.061727
0.08967
0.093272
0.041822
0.032147
0.090375
0.039563
0.098095
0.123739
0.087131
0.066212
0.069143
0.072522
0.042064
0.073537
0.097939
0.052988
0.081871
0.091226
0.078721
0.062536
0.124431
0.063561
0.066065
0.065231
0.098817
0.078252
0.085169
0.073705
0.075843
0.069548
0.042284
0.084547
0.080161
0.061757
0.078147
0.09709
0.052563
0.061849
0.046921
0.074467
0.084831
0.065027
0.074911
0.062979
0.067567
0.089427
0.107427
0.049348
0.089648
0.134917
0.062176
0.082899
0.069261
0.053772
0.071782
0.054852
0.098203
0.05185
0.082396
0.115386
0.032321
0.080796
0.071934
0.094363
0.077113
0.067799
0.050363
0.089199
0.082743
0.070186
0.049989
0.085776
0.093523
0.142188
0.117676
0.05516
0.097848
0.070994
0.115429
0.039676
0.089436
0.074957
0.079351
0.043764
0.178936
0.090413
0.103038
0.062772
0.065549
0.069078
0.055562
0.131657
0.080294
0.129215
0.044552
0.051606
0.046902
0.055649
0.066271
0.050682
0.060819
0.052581
0.104047
0.080395
0.069094
0.066101
0.071187
0.066251
0.083861
0.08878
0.106558
0.044748
0.090998
0.062922
0.13352
0.078332
0.056
0.112985
0.097871
0.042961
0.06556
0.055177
0.128361
0.092886
0.07107
0.11747
0.092214
0.113346
0.08775
0.081283
0.094236
0.073724
0.116692
0.057487
0.088061
0.096456
0.072105
0.09482
0.108507
0.035897
0.111499
0.06379
0.100653
0.060381
0.057661
0.060979
0.076695
0.061313
0.120287
0.059949
0.087621
0.071594
0.095926
0.094163
0.082423
0.081915
0.088295
0.129715
0.063319
0.183592
0.071436
0.0701
0.073107
0.049672
0.065707
0.061051
0.137564
0.142246
0.075405
0.116134
0.071334
0.050502
0.069043
0.048977
0.068909
0.092188
0.101006
0.067794
0.103138
0.063554
0.047848
0.083682
0.096435
0.048617
0.073792
0.113568
0.08556
0.078623
0.087903
0.082709
0.036399
0.070813
0.087319
0.059282
0.064185
0.071158
0.047661
0.068121
0.088095
0.090828
0.106825
0.137362
0.080849
0.091087
0.190884
0.046312
0.079842
0.066864
0.071933
0.054089
0.05239
0.039208
0.078444
0.059242
0.053132
0.078535
0.044868
0.078347
0.091539
0.042419
0.068918
0.06938
0.104185
0.08903
0.083857
0.131835
0.067832
0.076014
0.115041
0.068971
0.079729
0.058941
0.041396
0.059043
0.061249
0.076042
0.083955
0.051635
0.065795
0.0245
0.069095
0.121326
0.069003
0.049396
0.047234
0.083327
0.073383
0.125233
0.103844
0.097063
0.066909
0.079089
0.049853
0.136393
0.063517
0.066674
0.073545
0.067062
0.066377
0.065652
0.046571
0.082325
0.067537
0.079467
0.071377
0.052637
0.104367
0.039443
0.07981
0.126353
0.078927
0.07778
0.067287
0.080268
0.051341
0.06529
0.146404
0.061462
0.040001
0.076445
0.091984
0.082859
0.051978
0.073123
0.151233
0.054201
0.036382
0.053414
0.095403
0.059172
0.063389
0.117752
0.047717
0.056867
0.10518
0.085979
0.05873
0.086456
0.065263
0.076898
0.064362
0.07214
0.069235
0.102561
0.078577
0.12574
0.140748
0.053678
0.108654
0.090546
0.093071
0.095804
0.091763
0.08619
0.051362
0.091464
0.039081
0.087026
0.07551
0.060392
0.091683
0.077967
0.054329
0.077717
0.075656
0.081608
0.143028
0.103036
0.054595
0.080254
0.102295
0.07878
0.043371
0.083624
0.053824
0.051917
0.076036
0.098332
0.086186
0.071155
0.064035
0.060022
0.120896
0.054086
0.060024
0.068222
0.088705
0.065616
0.111243
0.067342
0.088884
0.109768
0.088271
0.05814
0.059442
0.091583
0.117431
0.104862
0.136894
0.096757
0.107837
0.05229
0.056397
0.094133
0.039899
0.085093
0.07931
0.069117
0.101289
0.104839
0.047991
0.067006
0.147124
0.061664
0.077153
0.084208
0.046681
0.099689
0.087983
0.068688
0.109707
0.095336
0.053694
0.088085
0.081277
0.071695
0.076296
0.089505
0.086104
0.050231
0.084815
0.095052
0.051845
0.145893
0.054983
0.128826
0.079439
0.05145
0.074575
0.071481
0.072486
0.100657
0.097097
0.05972
0.066678
0.088125
0.065031
0.149497
0.042677
0.055996
0.065269
0.087223
0.112152
0.062112
0.091237
0.073327
0.088148
0.086591
0.086152
0.06588
0.103601
0.098028
0.113464
0.095798
0.085817
0.086652
0.116738
0.119948
0.108161
0.11832
0.047928
0.048163
0.050331
0.103613
0.029084
0.07921
0.065148
0.059127
0.065235
0.115584
0.102641
0.048865
0.078967
0.054018
0.050627
0.061243
0.069165
0.102003
0.064685
0.071393
0.052886
0.083727
0.083787
0.083742
0.1144
0.122746
0.077538
0.054733
0.054719
0.094948
0.080947
0.09174
0.074971
0.07721
0.102942
0.123623
0.113356
0.081794
0.077048
0.094176
0.093162
0.079136
0.066721
0.052254
0.05318
0.058959
0.083892
0.074827
0.107694
0.088396
0.066841
0.071869
0.088496
0.061915
0.068892
0.072434
0.05545
0.04613
0.050497
0.064959
0.064739
0.072369
0.076366
0.068088
0.05856
0.072961
0.10693
0.0981
0.084585
0.092617
0.055998
0.090429
0.066132
0.050481
0.092988
0.093658
0.090232
0.054312
0.055125
0.089601
0.077603
0.05576
0.090968
0.145681
0.089897
0.039381
0.073399
0.041311
0.053017
0.069989
0.094194
0.093537
0.052585
0.135096
0.090698
0.085412
0.050903
0.089023
0.060751
0.050756
0.070668
0.064016
0.087808
0.048936
0.058364
0.065118
0.044942
0.079178
0.094708
0.089294
0.096118
0.114109
0.065127
0.091238
0.080175
0.178602
0.051591
0.090476
0.060323
0.091782
0.198447
0.121197
0.057354
0.056327
0.08208
0.041873
0.054772
0.108543
0.099416
0.106604
0.079417
0.082657
0.054868
0.038743
0.059312
0.088026
0.078316
0.081547
0.062106
0.07044
0.084693
0.073638
0.099243
0.101743
0.142445
0.056919
0.052058
0.05271
0.042917
0.080819
0.063309
0.097426
0.089208
0.099485
0.048017
0.109267
0.077597
0.082834
0.046266
0.086784
0.085113
0.088434
0.08175
0.081327
0.045503
0.104884
0.092761
0.138497
0.112078
0.151229
0.054049
0.10791
0.041168
0.125626
0.072971
0.087762
0.14792
0.054707
0.072124
0.056321
0.074413
0.056976
0.054863
0.080954
0.055652
0.098185
0.130003
0.080345
0.059663
0.069402
0.058767
0.080004
0.065301
0.066699
0.107572
0.084333
0.087603
0.053476
0.069746
0.062744
0.0841
0.110434
0.090532
0.062738
0.033972
0.07809
0.103849
0.100246
0.120131
0.053903
0.059175
0.09526
0.072984
0.075858
0.066654
0.062519
0.081278
0.057557
0.061491
0.047667
0.092446
0.067794
0.069623
0.06547
0.137712
0.067812
0.066662
0.036723
0.081196
0.073308
0.051603
0.066845
0.073174
0.086089
0.083928
0.131561
0.096503
0.080821
0.05306
0.078731
0.075262
0.080056
0.098619
0.105609
0.108824
0.088789
0.08442
0.115867
0.093592
0.05947
0.071903
0.064158
0.114358
0.062215
0.068438
0.040585
0.092915
0.074457
0.059577
0.087772
0.045054
0.089113
0.060771
0.105963
0.075706
0.075434
0.066019
0.05616
0.051251
0.071469
0.048841
0.05058
0.11055
0.070919
0.086385
0.074176
0.077459
0.166354
0.06612
0.100824
0.076674
0.09249
0.069879
0.055585
0.08306
0.061604
0.074815
0.064504
0.074637
0.156053
0.091998
0.06722
0.072007
0.081454
0.091946
0.08022
0.11036
0.071579
0.05496
0.158083
0.108836
0.068308
0.044333
0.059848
0.06206
0.065674
0.067855
0.06429
0.084925
0.061037
0.116696
0.057469
0.12416
0.103606
0.064022
0.069251
0.085352
0.067092
0.06459
0.083141
0.094536
0.179438
0.085132
0.101947
0.15812
0.070263
0.099564
0.043289
0.079772
0.052292
0.077209
0.117733
0.069966
0.118497
0.048163
0.062401
0.074746
0.063402
0.065074
0.071764
0.104055
0.068796
0.076697
0.111229
0.059612
0.108332
0.068389
0.094834
0.047491
0.079726
0.049827
0.052893
0.06901
0.089198
0.071249
0.063425
0.078155
0.092874
0.068935
0.066609
0.073501
0.075434
0.077407
0.126063
0.092211
0.069182
0.125013
0.071919
0.051259
0.096112
0.063789
0.08664
0.08195
0.051361
0.112316
0.065883
0.100719
0.047928
0.066711
0.063218
0.095419
0.093187
0.077498
0.088168
0.084335
0.057659
0.06488
0.060117
0.138926
0.161571
0.080177
0.048289
0.063467
0.060198
0.083749
0.08919
0.072287
0.07264
0.081591
0.047675
0.080304
0.061333
0.072142
0.075789
0.096315
0.069031
0.060467
0.070443
0.035471
0.0879
0.057583
0.067647
0.098385
0.075031
0.084499
0.059803
0.059779
0.051806
0.081499
0.062371
0.054412
0.079487
0.044345
0.062213
0.07021
0.085819
0.081751
0.096787
0.072481
0.109451
0.09
0.050818
0.095635
0.087817
0.067011
