0.383475
0.623511
0.342445
0.676067
0.505486
0.353029
0.392605
0.249788
0.371355
0.428402
0.506424
0.390009
0.663196
0.646586
0.380193
0.495957
0.479809
0.552571
0.711656
0.357548
0.655477
0.486895
0.486442
0.336744
0.622991
0.489192
0.470648
0.671366
0.409476
0.541438
0.452435
0.616545
0.461367
0.527648
0.409732
0.395021
0.301611
0.583842
0.493521
0.44315
0.486947
0.531297
0.603972
0.323429
0.490003
0.341405
0.325379
0.675797
0.296176
0.44796
0.747976
0.450965
0.627575
0.490138
0.531037
0.350327
0.516787
0.264849
0.623178
0.366758
0.537688
0.342837
0.246458
0.616219
0.382456
0.61293
0.278101
0.453713
0.450648
0.451764
0.69174
0.57635
0.504783
0.704095
0.488711
0.31408
0.572798
0.541364
0.361056
0.563886
0.530971
0.506018
0.496273
0.539319
0.324641
0.323627
0.367163
0.405052
0.543014
0.61688
0.573583
0.451599
0.382575
0.465506
0.52674
0.415196
0.417724
0.518566
0.69944
0.292988
0.307945
0.70745
0.334953
0.568858
0.478813
0.311303
0.345407
0.840571
0.543389
0.260014
0.571998
0.356257
0.477641
0.465574
0.251186
0.454479
0.469248
0.563479
0.470145
0.351476
0.589868
0.392032
0.549117
0.553659
0.666965
0.289964
0.587658
0.61534
0.409366
0.69521
0.577492
0.353044
0.691229
0.553725
0.422453
0.453418
0.505772
0.353711
0.482543
0.508271
0.412757
0.380864
0.456616
0.331087
0.53793
0.432303
0.511867
0.648317
0.730762
0.538987
0.314387
0.681824
0.696795
0.409583
0.374891
0.572639
0.288353
0.265804
0.366148
0.31568
0.361859
0.451779
0.547881
0.260559
0.402479
0.448581
0.394025
0.4578
0.262903
0.381405
0.333954
0.353999
0.505922
0.694697
0.520535
0.375919
0.517329
0.483346
0.307072
0.407291
0.547724
0.423736
0.37676
0.466681
0.430177
0.57409
0.538338
0.457239
0.596457
0.522293
0.506729
0.444823
0.253569
0.437255
0.266594
0.460824
0.486584
0.533919
0.576801
0.494373
0.339648
0.474005
0.642872
0.739334
0.558189
0.548915
0.531241
0.262713
0.342364
0.275491
0.470452
0.449091
0.451615
0.271489
0.256069
0.49202
0.490646
0.651787
0.354182
0.433823
0.395958
0.607026
0.297188
0.421131
0.375533
0.524588
0.489642
0.468483
0.435263
0.25972
0.416557
0.484678
0.5758
0.256485
0.317711
0.46087
0.47591
0.319168
0.551288
0.5899
0.448413
0.26687
0.453834
0.377499
0.479522
0.592079
0.304184
0.55572
0.435558
0.239255
0.339796
0.511101
0.241592
0.715247
0.490109
0.509882
0.52021
0.611813
0.338003
0.261554
0.534771
0.499297
0.25095
0.556833
0.579714
0.499209
0.504252
0.445566
0.277236
0.397544
0.565572
0.444409
0.614755
0.274978
0.42137
0.51322
0.637429
0.385851
0.375013
0.485646
0.483395
0.398761
0.369444
0.443598
0.624494
0.49348
0.379496
0.4657
0.557499
0.460546
0.425757
0.484022
0.345241
0.353621
0.41761
0.415201
0.587424
0.470283
0.518761
0.72221
0.548809
0.631158
0.508043
0.460573
0.505954
0.565276
0.482739
0.323466
0.431071
0.504396
0.66784
0.542477
0.412206
0.267872
0.50242
0.522481
0.391311
0.421241
0.476663
0.571778
0.475221
0.277414
0.295531
0.428886
0.41689
0.571227
0.312388
0.521917
0.451591
0.419254
0.552215
0.469666
0.467158
0.472139
0.767651
0.487516
0.591825
0.237257
0.436626
0.43746
0.577269
0.38723
0.653231
0.378034
0.566818
0.339139
0.363936
0.540946
0.592711
0.410863
0.586858
0.508399
0.396135
0.533971
0.330416
0.425224
0.439501
0.6237
0.328479
0.631028
0.475096
0.363204
0.536683
0.428738
0.700601
0.301495
0.409253
0.47285
0.525276
0.282245
0.402018
0.362375
0.358052
0.409092
0.51583
0.508075
0.456965
0.58948
0.446518
0.386765
0.391991
0.498827
0.537694
0.402306
0.515633
0.327029
0.306385
0.626478
0.548173
0.39798
0.367626
0.4195
0.317073
0.389289
0.608015
0.578045
0.421997
0.400121
0.579931
0.426853
0.62041
0.495814
0.309379
0.368051
0.451314
0.593462
0.511783
0.253953
0.467324
0.383516
0.435462
0.439827
0.504623
0.43786
0.342042
0.455514
0.47182
0.629633
0.450184
0.644793
0.662261
0.418247
0.478333
0.509297
0.40425
0.328404
0.483727
0.261334
0.523783
0.554513
0.374583
0.423987
0.530141
0.471203
0.428672
0.568622
0.380195
0.447633
0.477536
0.426035
0.498008
0.665786
0.355127
0.47342
0.465194
0.534142
0.302929
0.495187
0.453167
0.568836
0.43831
0.427394
0.789073
0.268947
0.425414
0.481847
0.277583
0.37522
0.53054
0.332109
0.392524
0.445585
0.434858
0.453667
0.538303
0.503329
0.568881
0.485985
0.37681
0.481359
0.491314
0.391335
0.429358
0.349335
0.65561
0.294844
0.530846
0.557303
0.775016
0.323221
0.42124
0.246043
0.624586
0.445154
0.430905
0.553677
0.475368
0.476962
0.462759
0.40189
0.44873
0.568998
0.540306
0.359252
0.386405
0.478966
0.528045
0.499669
0.475203
0.289747
0.650286
0.446006
0.333495
0.434096
0.284621
0.427882
0.46976
0.572076
0.428334
0.306075
0.511198
0.419387
0.408158
0.3326
0.4359
0.515869
0.360144
0.373993
0.424796
0.417403
0.355921
0.284641
0.28566
0.515365
0.566839
0.344754
0.522887
0.51065
0.46634
0.598736
0.421984
0.386838
0.409937
0.37876
0.414926
0.412965
0.479853
0.512878
0.435368
0.373933
0.569014
0.269575
0.55841
0.412245
0.365115
0.513234
0.636727
0.359365
0.502491
0.560141
0.545976
0.500214
0.398915
0.2836
0.561347
0.561738
0.47465
0.414567
0.466124
0.449308
0.430102
0.407366
0.494523
0.548361
0.460072
0.673153
0.478484
0.595007
0.309442
0.545272
0.487715
0.605659
0.634401
0.391782
0.378747
0.455393
0.371113
0.383305
0.397808
0.494422
0.582194
0.55726
0.36673
0.411564
0.421301
0.41418
0.348872
0.64987
0.391784
0.333521
0.536777
0.351217
0.576414
0.566716
0.492301
0.567231
0.647783
0.572575
0.435704
0.426389
0.612287
0.390495
0.401783
0.24052
0.386998
0.478233
0.461782
0.424329
0.440036
0.565395
0.271531
0.70183
0.500022
0.599657
0.512892
0.461351
0.450832
0.499762
0.600177
0.515233
0.513644
0.467592
0.659725
0.457705
0.441237
0.502037
0.285184
0.44984
0.315828
0.339795
0.506054
0.427164
0.35704
0.482859
0.385052
0.50509
0.469728
0.583555
0.513989
0.561846
0.412487
0.577983
0.421192
0.438452
0.603016
0.474147
0.415389
0.408988
0.479799
0.551994
0.578076
0.338203
0.305819
0.416166
0.480751
0.328118
0.429581
0.432783
0.361174
0.328038
0.239258
0.620723
0.349877
0.460546
0.481868
0.259804
0.415967
0.413179
0.535738
0.402289
0.471998
0.559486
0.354221
0.354245
0.255045
0.399646
0.452909
0.408043
0.469131
0.4123
0.499291
0.39824
0.338246
0.39862
0.474928
0.349161
0.630015
0.654517
0.395266
0.444619
0.350867
0.480557
0.440814
0.565718
0.776793
0.629085
0.323324
0.517259
0.512089
0.548469
0.46964
0.346225
0.370418
0.667107
0.532632
0.370507
0.563652
0.572033
0.443792
0.340947
0.425752
0.459328
0.461002
0.515163
0.511319
0.47022
0.380976
0.497704
0.349958
0.25423
0.4024
0.56991
0.507949
0.498682
0.62314
0.523797
0.5137
0.409081
0.470715
0.365231
0.633149
0.548466
0.512576
0.539777
0.429281
0.513235
0.609496
0.408915
0.374375
0.469242
0.376762
0.441829
0.631737
0.433551
0.302751
0.362185
0.384333
0.401214
0.533693
0.487979
0.404868
0.33241
0.630827
0.495952
0.487832
0.439247
0.269457
0.415076
0.449873
0.508793
0.597671
0.554565
0.406748
0.549753
0.440605
0.321854
0.618185
0.272704
0.546802
0.567849
0.696637
0.518603
0.478141
0.301699
0.352014
0.479174
0.483621
0.447568
0.616682
0.355042
0.520024
0.400621
0.486144
0.642314
0.507707
0.57475
0.580692
0.235596
0.544986
0.589447
0.369242
0.583458
0.500915
0.403164
0.506819
0.313594
0.439423
0.450339
0.502396
0.500856
0.56209
0.279087
0.384911
0.540153
0.342541
0.258446
0.506179
0.570084
0.475312
0.517147
0.649471
0.614328
0.553024
0.555792
0.373567
0.402972
0.666088
0.479898
0.320189
0.526695
0.525077
0.573349
0.247386
0.634169
0.454213
0.466661
0.310703
0.32184
0.541305
0.412424
0.528805
0.394589
0.329392
0.400221
0.423171
0.575535
0.253426
0.549455
0.312955
0.51995
0.316302
0.407903
0.54708
0.542074
0.334865
0.487869
0.256642
0.605908
0.367982
0.325259
0.500204
0.526704
0.585109
0.41714
0.555958
0.470314
0.491008
0.412543
0.367452
0.28667
0.552066
0.452656
0.605929
0.397885
0.509982
0.510319
0.431811
0.456406
0.43111
0.448284
0.543455
0.475897
0.468691
0.468834
0.454248
0.660542
0.451551
0.390949
0.345927
0.466722
0.576141
0.296569
0.37026
0.260217
0.640631
0.405298
0.587497
0.342493
0.265445
0.542667
0.526679
0.370947
0.423771
0.520684
0.469008
0.42658
0.435766
0.526113
0.540483
0.336617
0.500361
0.365398
0.398725
0.401242
0.509947
0.259079
0.310243
0.506627
0.570776
0.576191
0.577858
0.390612
0.495526
0.461325
0.427816
0.575683
0.567831
0.470484
0.352795
0.376716
0.339662
0.384158
0.318737
0.496662
0.295194
0.66231
0.548943
0.395972
0.383373
0.537528
0.477222
0.486801
0.498582
0.547989
0.280603
0.551346
0.576167
0.45346
0.603248
0.341385
0.415222
0.355518
0.708499
0.41285
0.470866
0.486536
0.314738
0.446105
0.518578
0.336865
0.492183
0.440288
0.461903
0.622808
0.358754
0.433056
0.346544
0.448793
0.712748
0.468177
0.579791
0.494564
0.48672
0.560934
0.487806
0.368178
0.395117
0.52452
0.604929
0.505223
0.494347
0.453571
0.506861
0.410634
0.339544
0.556499
0.503217
0.490151
0.254705
0.462046
0.325941
0.466459
0.373433
0.371094
0.579437
0.376513
0.423163
0.434065
0.425609
0.480413
0.600124
0.278415
0.408416
0.493773
0.375523
0.326295
0.375741
0.441325
0.512481
0.448121
0.616211
0.465842
0.484933
0.525176
0.463141
0.525266
0.536073
0.46563
0.544414
0.585214
0.496919
0.422739
0.373527
0.356259
0.477815
0.537395
0.525981
0.601274
0.541393
0.406334
0.649361
0.602666
0.546634
0.399449
0.312145
0.411679
0.353728
0.30393
0.524991
0.497638
0.591809
0.453119
0.52748
0.386937
0.255771
0.433202
0.549552
0.570018
0.518249
0.415969
0.516159
0.385838
0.511584
0.319995
0.520903
0.713315
0.525212
0.697273
0.563205
0.532904
0.232921
0.35658
0.458768
0.514079
0.520604
0.353858
0.35901
0.57757
0.445103
0.482142
0.343736
0.534941
0.510869
0.497936
0.451718
0.482031
0.438441
0.578606
0.527777
0.437485
0.437164
0.525492
0.587964
0.524251
0.347166
0.495261
0.523406
0.708423
0.356823
0.624288
0.510233
0.531009
0.35002
0.615465
0.572412
0.443377
0.385491
0.564633
0.341752
0.44644
0.491029
0.3691
0.254369
0.255401
0.439511
0.631746
0.473314
0.455984
0.352736
0.360888
0.424604
0.483315
0.502704
0.497646
0.659817
0.417417
0.397738
0.625564
0.512619
0.581339
0.491954
0.354339
0.467684
0.494768
0.508157
0.482942
0.345568
0.486513
0.505047
0.249814
0.599258
0.481271
0.402036
0.439863
0.546015
0.299236
0.443281
0.423408
0.57936
0.384248
0.555011
0.553767
0.409331
0.542974
0.260508
0.390233
0.444291
0.441986
0.486222
0.452096
0.395508
0.521452
0.243416
0.632134
0.477837
0.496253
0.382287
0.517835
0.502341
0.497996
0.510113
0.47552
0.446103
0.429604
0.393594
0.404283
0.623449
0.267085
0.530122
0.613266
0.412262
0.410527
0.346082
0.469764
0.519729
0.510156
0.469688
0.510407
0.518016
0.448059
0.440449
0.441169
0.415985
0.433204
0.500299
0.464615
0.434081
0.426783
0.510384
0.527788
0.538215
0.583164
0.441539
0.26505
0.459681
0.338247
0.466081
0.37658
0.366831
0.561606
0.355691
0.477028
0.445622
0.355713
0.384597
0.374973
0.448937
0.467874
0.531021
0.462741
0.392045
0.473359
0.359138
0.429101
0.276053
0.499636
0.405838
0.456889
0.463078
0.483735
0.511975
0.439041
0.557691
0.500325
0.53124
0.465582
0.436937
0.390328
0.481207
0.397186
0.506664
0.337646
0.38515
0.528446
0.504762
0.453955
0.488103
0.423667
0.578431
0.496837
0.649514
0.597618
0.419985
0.562208
0.605642
0.320245
0.604222
0.454544
0.486035
0.470663
0.450297
0.53637
0.436954
0.358734
0.372937
0.314093
0.432648
0.532246
0.478692
0.481345
0.444975
0.485424
0.406015
0.416997
0.439833
0.473962
0.527032
0.508008
0.393055
0.294558
0.633042
0.503251
0.501257
0.510514
0.519376
0.351879
0.548255
0.319135
0.369697
0.336322
0.501526
0.486432
0.450476
0.409804
0.496884
0.425099
0.559571
0.550496
0.60969
0.354409
0.507236
0.522517
0.391741
0.511154
0.493181
0.568284
0.419521
0.50739
0.583333
0.456277
0.425498
0.51872
0.479987
0.659027
0.524616
0.521708
0.453513
0.489681
0.392255
0.417477
0.299952
0.600476
0.312914
0.579091
0.404711
0.418373
0.510905
0.45718
0.473996
0.592524
0.409819
0.517232
0.391039
0.435227
0.476476
0.625971
0.301683
0.517388
0.470712
0.611183
0.430266
0.493625
0.408024
0.474602
0.524246
0.440771
0.544436
0.439833
0.549938
0.587119
0.304993
0.424377
0.501102
0.593668
0.543018
0.569062
0.411242
0.423466
0.499204
0.391969
0.259347
0.419607
0.493766
0.511848
0.586682
0.335398
0.417544
0.405854
0.484043
0.475374
0.448262
0.356439
0.544774
0.453116
0.438571
0.443239
0.515504
0.444645
0.673103
0.499128
0.341618
0.534527
0.513897
0.402053
0.568305
0.418906
0.467987
0.605392
0.567309
0.526699
0.504573
0.436754
0.570797
0.542809
0.631078
0.510762
0.502205
0.585399
0.44993
0.386765
0.498696
0.556006
0.275592
0.484157
0.555324
0.511101
0.490568
0.495328
0.494083
0.436051
0.447307
0.522763
0.41187
0.347336
0.487865
0.59141
0.466823
0.433347
0.400982
0.533686
0.497942
0.466816
0.395968
0.544222
0.418186
0.273517
0.549604
0.555277
0.432777
0.563795
0.566323
0.533352
0.563954
0.484772
0.547932
0.348612
0.510064
0.430351
0.461879
0.351471
0.530311
0.510888
0.531463
0.606348
0.505988
0.572353
0.446308
0.418129
0.475684
0.608579
0.534648
0.478749
0.399342
0.45628
0.591009
0.611478
0.361523
0.516136
0.561886
0.43347
0.570816
0.54706
0.530764
0.561278
0.398895
0.456825
0.533084
0.493762
0.517666
0.569861
0.56148
0.265443
0.548284
0.430451
0.364041
0.429354
0.583912
0.558719
0.414667
0.320551
0.465525
0.486974
0.393119
0.528364
0.437429
0.493083
0.60601
0.379051
0.385123
0.470508
0.480557
0.347413
0.434833
0.464061
0.495502
0.405527
0.473376
0.528452
0.557527
0.510907
0.51323
0.472849
0.424838
0.30854
0.338085
0.490453
0.547914
0.418346
0.527118
0.435513
0.433485
0.469738
0.394476
0.550575
0.57999
0.358166
0.296625
0.369009
0.563195
0.496703
0.451512
0.491438
0.436384
0.471605
0.428995
0.494042
0.358583
0.498562
0.417389
0.49581
0.489842
0.437338
0.508306
0.586378
0.326449
0.375914
0.485552
0.385376
0.32965
0.471523
0.608521
0.504965
0.478726
0.578307
0.399069
0.409296
0.382818
0.548509
0.365195
0.463863
0.428068
0.519978
0.491209
0.500173
0.444831
0.532335
0.344322
0.339276
0.373211
0.452516
0.553067
0.240324
0.376519
0.566053
0.546378
0.504517
0.554837
0.368674
0.545074
0.559219
0.542567
0.420009
0.375251
0.591624
0.561313
0.480804
0.515972
0.370417
0.542242
0.483745
0.384175
0.450031
0.457371
0.551569
0.680553
0.56049
0.510148
0.437629
0.561625
0.34953
0.625214
0.445034
0.566069
0.642906
0.514141
0.49935
0.46096
0.439256
0.612114
0.433667
0.448502
0.489843
0.536066
0.462919
0.502925
0.536381
0.48206
0.442135
0.423044
0.60504
0.514806
0.421695
0.623781
0.504134
0.384444
0.552211
0.435334
0.423302
0.511308
0.59342
0.323169
0.466707
0.416622
0.394051
0.479476
0.394597
0.415711
0.46117
0.570825
0.680131
0.603907
0.532999
0.395913
0.594417
0.454277
0.495918
0.465108
0.548986
0.373058
0.609172
0.538344
0.348087
0.303122
0.326812
0.473143
0.388904
0.46562
0.465769
0.52184
0.470238
0.440883
0.409352
0.509112
0.424832
0.53174
0.448454
0.48021
0.600133
0.412236
0.576911
0.301563
0.447668
0.44669
0.4
0.478629
0.613584
0.521916
0.404097
0.376108
0.459819
0.322708
0.342929
0.44719
0.482119
0.408896
0.439716
0.484873
0.505715
0.409418
0.412836
0.515855
0.594101
0.56942
0.544999
0.239385
0.532913
0.453663
0.539622
0.456828
0.497697
0.576224
0.486416
0.38194
0.438951
0.438714
0.557015
0.443937
0.432984
0.435547
0.411243
0.433912
0.454471
0.554815
0.52447
0.490139
0.348451
0.410231
0.593122
0.582834
0.433568
0.540077
0.621702
0.370004
0.505034
0.593802
0.507718
0.557857
0.5392
0.474658
0.395407
0.604647
0.472865
0.346972
0.464047
0.451397
0.484658
0.417755
0.417505
0.461911
0.427066
0.555462
0.363672
0.519648
0.405525
0.552551
0.514206
0.5427
0.428153
0.504282
0.463683
0.358548
0.414108
0.594188
0.486399
0.466131
0.454948
0.494053
0.542624
0.492683
0.451918
0.291968
0.460002
0.580402
0.433439
0.441825
0.567988
0.573423
0.5661
0.488384
0.270357
0.340807
0.550917
0.47692
0.504964
0.443202
0.356266
0.248416
0.405286
0.424126
0.257179
0.50552
0.299919
0.452168
0.562797
0.411376
0.500941
0.403607
0.459256
0.567966
0.296422
0.368255
0.254476
0.488301
0.540587
0.480705
0.397809
0.59794
0.318159
0.496017
0.451837
0.515521
0.501389
0.433431
0.461575
0.384804
0.478467
0.37709
0.557473
0.510741
0.325936
0.577673
0.515346
0.50216
0.568748
0.251148
0.517292
0.499882
0.449759
0.325393
0.467612
0.461543
0.41105
0.461812
0.552727
0.433506
0.509205
0.485529
0.646128
0.539137
0.475999
0.46426
0.555147
0.440945
0.365967
0.525243
0.534983
0.431594
0.518277
0.492446
0.448414
0.473181
0.358676
0.377946
0.456583
0.469901
0.460713
0.425514
0.422678
0.351934
0.380355
0.470401
0.474913
0.469664
0.346262
0.477029
0.459309
0.419632
0.507316
0.383615
0.564183
0.442334
0.553154
0.600311
0.307834
0.411764
0.426907
0.572449
0.534138
0.389759
0.322893
0.445544
0.497455
0.442739
0.544144
0.549998
0.48384
0.433045
0.507615
0.496919
0.440973
0.665297
0.480751
0.29574
0.490662
0.414453
0.485839
0.359123
0.463396
0.617044
0.459824
0.390348
0.655438
0.393053
0.560961
0.583834
0.468186
0.470162
0.438427
0.327059
0.464124
0.434531
0.478339
0.578523
0.463248
0.530028
0.509692
0.416115
0.556642
0.51565
0.57614
0.524799
0.382453
0.521119
0.528102
0.414496
0.543238
0.409887
0.443425
0.340094
0.53081
0.515399
0.51464
0.547598
0.514964
0.538388
0.376886
0.311509
0.42899
0.483051
0.408708
0.346781
0.413577
0.441407
0.493817
0.48698
0.421153
0.522239
0.49842
0.327679
0.456374
0.518959
0.541668
0.515727
0.417639
0.401098
0.573497
0.504092
0.59451
0.464971
0.447668
0.529589
0.459888
0.555668
0.539136
0.485606
0.504686
0.605107
0.542833
0.435255
0.483922
0.4119
0.444376
0.539968
0.469946
0.482809
0.44348
0.482645
0.395498
0.47117
0.443537
0.44657
0.499213
0.466988
0.486394
0.540492
0.538012
0.472578
0.584895
0.479224
0.451216
0.407597
0.437236
0.503559
0.43365
0.443595
0.467737
0.575129
0.423468
0.460507
0.437248
0.529021
0.44584
0.392965
0.391896
0.447868
0.535969
0.387071
0.516008
0.347163
0.418044
0.532245
0.366807
0.524448
0.479126
0.63583
0.534499
0.393656
0.535905
0.456081
0.462947
0.478202
0.366164
0.598928
0.639132
0.498777
0.626689
0.453608
0.397219
0.410985
0.392469
0.507692
0.398745
0.429897
0.506645
0.426376
0.423261
0.559237
0.528632
0.437468
0.375785
0.520627
0.41749
0.498316
0.297134
0.438357
0.409136
0.49629
0.368421
0.531985
0.403682
0.447689
0.581834
0.493209
0.525993
0.57793
0.425433
0.435749
0.583204
0.561698
0.421053
0.471792
0.484364
0.385733
0.516189
0.419713
0.506819
0.544865
0.526506
0.57599
0.497549
0.506454
0.490578
0.465489
0.534673
0.428514
0.428705
0.414062
0.527564
0.495333
0.591455
0.436939
0.472485
0.532162
0.481619
0.479622
0.494341
0.452406
0.521303
0.543734
0.480218
0.457343
0.640341
0.485673
0.453394
0.403484
0.486081
0.402719
0.490566
0.571074
0.456786
0.359297
0.449079
0.442043
0.493219
0.382509
0.479042
0.441243
0.396165
0.560256
0.613419
0.471728
0.522298
0.32631
0.422804
0.448799
0.595692
0.441851
0.490018
0.471923
0.346909
0.548731
0.476157
0.488144
0.459485
0.251291
0.399299
0.531864
0.522987
0.379859
0.442984
0.421866
0.421743
0.391202
0.409196
0.444693
0.430469
0.432297
0.409424
0.547138
0.489142
0.409073
0.464308
0.413609
0.3573
0.43653
0.57479
0.557481
0.431085
0.529615
0.521166
0.351377
0.580463
0.518303
0.482724
0.683684
0.541522
0.566545
0.474463
0.562593
0.523277
0.503284
0.517853
0.456531
0.442325
0.403794
0.46034
0.517698
0.269025
0.498122
0.528633
0.44474
0.543862
0.503218
0.445804
0.392914
0.495966
0.505647
0.58751
0.59556
0.514686
0.352478
0.447035
0.389012
0.403859
0.410036
0.437202
0.484357
0.381204
0.59398
0.294455
0.494156
0.533615
0.414326
0.373768
0.577012
0.552227
0.447113
0.452204
0.458715
0.326419
0.485862
0.497191
0.482058
0.512997
0.464754
0.474234
0.501133
0.486802
0.434612
0.349493
0.517855
0.534797
0.365758
0.45566
0.532817
0.493092
0.492282
0.515849
0.521127
0.444828
0.46787
0.443641
0.359919
0.484537
0.313316
0.363578
0.496099
0.459837
0.469187
0.513228
0.490128
0.470056
0.36144
0.394312
0.624093
0.509847
0.428832
0.39476
0.461998
0.479509
0.464017
0.430601
0.484505
0.614652
0.389393
0.533682
0.55957
0.555809
0.345051
0.509692
0.572833
0.364105
0.474236
0.337645
0.624283
0.563044
0.469548
0.493582
0.478292
0.540394
0.580454
0.502371
0.427782
0.369287
0.46922
0.60523
0.478851
0.494235
0.416605
0.636443
0.579857
0.29405
0.448065
0.517364
0.465109
0.507897
0.452365
0.512044
0.471473
0.48939
0.357565
0.372843
0.503031
0.616731
0.444774
0.592093
0.54566
0.457013
0.545274
0.361821
0.466664
0.414151
0.529791
0.340113
0.333226
0.448053
0.500877
0.438758
0.501709
0.38852
0.377676
0.385813
0.487521
0.4646
0.445976
0.547225
0.513917
0.438903
0.461483
0.392789
0.520812
0.511297
0.604988
0.435005
0.431928
0.457791
0.412472
0.516142
0.432285
0.521858
0.398629
0.425267
0.495882
0.425274
0.5814
0.445803
0.594016
0.388271
0.406181
0.400157
0.417012
0.293958
0.531731
0.390608
0.570409
0.593589
0.441914
0.606581
0.488832
0.457429
0.586865
0.579781
0.584785
0.557561
0.409293
0.423304
0.295767
0.448316
0.483724
0.41397
0.395948
0.479171
0.438419
0.447785
0.552692
0.476159
0.468596
0.456398
0.608115
0.638143
0.505871
0.434597
0.411379
0.587364
0.628044
0.306208
0.263121
0.545251
0.442604
0.415772
0.495971
0.319134
0.495433
0.365737
0.372481
0.318532
0.566313
0.452066
0.57667
0.43551
0.303304
0.516924
0.43109
0.547845
0.434097
0.518643
0.454522
0.557967
0.436133
0.389976
0.391653
0.468968
0.451217
0.545899
0.39606
0.419838
0.543957
0.460699
0.494891
0.5135
0.411781
0.468227
0.530036
0.488847
0.449933
0.513076
0.545564
0.407919
0.54644
0.504114
0.273369
0.615168
0.55641
0.509607
0.487756
0.504172
0.383476
0.424953
0.713246
0.507659
0.479362
0.456916
0.391958
0.544081
0.334841
0.538803
0.639821
0.53437
0.503057
0.432192
0.476685
0.501608
0.48461
0.474506
0.525218
0.454546
0.566265
0.487373
0.509096
0.531214
0.514496
0.385765
0.397759
0.564359
0.51003
0.532816
0.411359
0.448676
0.503138
0.620984
0.305866
0.497398
0.390664
0.49062
0.447002
0.492873
0.431577
0.551857
0.418081
0.543594
0.531402
0.424184
0.471966
0.515994
0.425403
0.626096
0.448632
0.463943
0.524867
0.406988
0.514562
0.445414
0.548554
0.547515
0.577712
0.379688
0.50854
0.515881
0.483628
0.663773
0.450597
0.438995
0.400974
0.499968
0.53162
0.359003
0.455505
0.43236
0.497928
0.437727
0.477669
0.474338
0.547762
0.481961
0.522955
0.396127
0.460508
0.444817
0.482823
0.596764
0.477533
0.517436
0.5098
0.370544
0.349097
0.480609
0.318817
0.464528
0.443209
0.475983
0.41451
0.50068
0.523529
0.479432
0.576659
0.497384
0.510158
0.504962
0.536584
0.499036
0.502743
0.492162
0.531585
0.490039
0.399274
0.495604
0.509201
0.402064
0.545136
0.616744
0.459601
0.33315
0.476313
0.45067
0.384375
0.485786
0.503801
0.456191
0.413444
0.542228
0.419941
0.486476
0.386131
0.506092
0.551826
0.496751
0.470561
0.453255
0.349115
0.432299
0.623682
0.473723
0.593306
0.506487
0.428756
0.510198
0.605955
0.53792
0.4479
0.511629
0.482994
0.614383
0.435095
0.514709
0.472803
0.471809
0.44194
0.523391
0.483538
0.527054
0.401969
0.491959
0.423113
0.464412
0.405068
0.52487
0.498689
0.530922
0.423889
0.54196
0.440444
0.535594
0.359574
0.415283
0.456225
0.427401
0.491322
0.465352
0.555054
0.582409
0.479234
0.371173
0.47048
0.500899
0.512051
0.439504
0.484951
0.537853
0.403983
0.479259
0.45954
0.505024
0.553964
0.413422
0.547276
0.329851
0.494342
0.514921
0.323697
0.456266
0.401905
0.549308
0.400988
0.508115
0.555001
0.467254
0.503376
0.508751
0.48484
0.446624
0.530437
0.372902
0.491935
0.494455
0.463414
0.484458
0.415429
0.421722
0.550575
0.482521
0.544505
0.443095
0.443606
0.361835
0.393862
0.452827
0.457048
0.359743
0.430378
0.591709
0.4419
0.39392
0.477165
0.537588
0.52755
0.309778
0.438011
0.45295
0.415141
0.499673
0.416666
0.516962
0.500889
0.538941
0.395124
0.45012
0.461884
0.341625
0.457579
0.254609
0.580605
0.580917
0.504309
0.541317
0.480485
0.397777
0.498678
0.497447
0.491716
0.613254
0.489894
0.454426
0.533188
0.477535
0.54479
0.437061
0.477782
0.51893
0.444133
0.456657
0.431898
0.406647
0.29638
0.441745
0.500788
0.47507
0.427247
0.534925
0.419889
0.573631
0.532738
0.639128
0.432454
0.407366
0.511601
0.381064
0.557789
0.494723
0.421498
0.462396
0.459773
0.456692
0.496985
0.458122
0.62228
0.558452
0.459629
0.478326
0.448202
0.548007
0.509882
0.373991
0.492829
0.488941
0.488062
0.525757
0.474267
0.473276
0.475861
0.534968
0.519724
0.569305
0.548466
0.464471
0.360897
0.54631
0.550476
0.593822
0.49385
0.513306
0.488306
0.525358
0.510818
0.534938
0.458649
0.450441
0.480517
0.55119
0.489636
0.482121
0.409596
0.421241
0.50375
0.482269
0.469492
0.543402
0.410068
0.499605
0.626873
0.399677
0.415103
0.49218
0.478792
0.562909
0.470789
0.493416
0.523001
0.455364
0.584956
0.515217
0.515811
0.483206
0.351415
0.515492
0.472832
0.40841
0.412079
0.480809
0.501424
0.492172
0.47585
0.529659
0.50362
0.290905
0.461743
0.374428
0.659476
0.503797
0.434272
0.439955
0.257429
0.516038
0.465841
0.531023
0.476102
0.52266
0.470993
0.465572
0.501385
0.467896
0.365365
0.545644
0.500604
0.407604
0.476281
0.544105
0.475421
0.536288
0.547633
0.468196
0.467855
0.546947
0.460864
0.521007
0.587699
0.379303
0.340102
0.530861
0.553081
0.486346
0.476923
0.436841
0.503202
0.462216
0.520858
0.45284
0.426117
0.452035
0.44408
0.445104
0.576688
0.486031
0.415624
0.478173
0.442385
0.497486
0.502598
0.470755
0.409137
0.424253
0.478382
0.442093
0.558112
0.427625
0.4457
0.544594
0.440649
0.504197
0.571415
0.58297
0.487274
0.39307
0.507735
0.326328
0.556627
0.510437
0.497355
0.392617
0.521138
0.464186
0.541181
0.431601
0.453174
0.563213
0.413835
0.442879
0.3172
0.506028
0.554986
0.468044
0.533215
0.466863
0.474389
0.510775
0.501712
0.436378
0.421575
0.499332
0.438098
0.421116
0.425055
0.510813
0.553024
0.510746
0.423159
0.486791
0.485292
0.616488
0.551031
0.4203
0.615022
0.434803
0.414921
0.530086
0.488153
0.50019
0.506642
0.369356
0.579057
0.470187
0.497962
0.556691
0.524568
0.525328
0.486777
0.375183
0.41213
0.554982
0.463187
0.43936
0.47632
0.509002
0.491559
0.57902
0.530224
0.431927
0.515651
0.538882
0.57284
0.462373
0.279924
0.432695
0.400247
0.488328
0.442676
0.467072
0.424481
0.343068
0.486828
0.446154
0.457462
0.524784
0.504513
0.557771
0.429111
0.468843
0.480649
0.357426
0.405454
0.476475
0.426967
0.287077
0.448849
0.522863
0.510832
0.44431
0.400517
0.560436
0.48077
0.454794
0.597784
0.534266
0.502203
0.441341
0.522609
0.452619
0.444453
0.545492
0.565494
0.519953
0.555608
0.454794
0.548774
0.490917
0.316712
0.361525
0.398866
0.438955
0.550988
0.486569
0.504106
0.462682
0.518303
0.499724
0.351726
0.435369
0.498484
0.472435
0.460342
0.460408
0.513142
0.50367
0.524193
0.543633
0.552109
0.496725
0.516036
0.414092
0.441963
0.489426
0.40269
0.562351
0.512472
0.565279
0.53715
0.407822
0.541138
0.492083
0.394101
0.519389
0.466751
0.534945
0.498725
0.501594
0.557011
0.445087
0.536374
0.525636
0.504289
0.393302
0.502919
0.425278
0.478255
0.453929
0.494154
0.424454
0.492637
0.515102
0.509801
0.503925
0.499696
0.461799
0.452188
0.483572
0.442817
0.418267
0.334743
0.450377
0.523199
0.47738
0.412389
0.504735
0.493765
0.49549
0.40326
0.523439
0.460816
0.466039
0.482478
0.459084
0.499406
0.47077
0.576508
0.458815
0.497759
0.49637
0.438585
0.449005
0.569041
0.524934
0.559048
0.459924
0.531187
0.444355
0.550682
0.514323
0.445826
0.467087
0.494614
0.488925
0.52829
0.489303
0.533356
0.560553
0.54208
0.529258
0.488784
0.524775
0.372135
0.518921
0.502103
0.487039
0.501054
0.491571
0.502777
0.39941
0.534119
0.467422
0.480715
0.507916
0.534112
0.374382
0.43609
0.525018
0.487133
0.433895
0.526578
0.487979
0.427629
0.600604
0.419607
0.51885
0.404732
0.57956
0.469808
0.425579
0.563573
0.438582
0.507915
0.465874
0.536823
0.452649
0.527096
0.47115
0.510146
0.35666
0.483275
0.422854
0.46842
0.417649
0.616644
0.430173
0.386436
0.343945
0.531378
0.443539
0.382063
0.548416
0.526148
0.451194
0.417341
0.445278
0.474292
0.329565
0.498829
0.512306
0.471531
0.586592
0.43194
0.452637
0.457219
0.488806
0.524217
0.442953
0.469058
0.518124
0.52096
0.421461
0.45456
0.42466
0.540898
0.494298
0.331648
0.437486
0.36913
0.452405
0.382048
0.508029
0.337833
0.464308
0.560986
0.48146
0.479994
0.485977
0.466665
0.54026
0.525945
0.580584
0.507074
0.59352
0.545966
0.568968
0.483133
0.490242
0.55615
0.461503
0.501198
0.431101
0.513049
0.438454
0.500525
0.524497
0.533999
0.371132
0.532877
0.425789
0.519491
0.478258
0.512648
0.570072
0.589075
0.488262
0.537561
0.426431
0.4414
0.514646
0.458281
0.605931
0.558817
0.457781
0.525481
0.570583
0.337906
0.532939
0.576319
0.533396
0.487841
0.539382
0.592308
0.41063
0.505629
0.485606
0.449142
0.426818
0.527446
0.478925
0.530451
0.469973
0.419842
0.445639
0.511098
0.410856
0.437683
0.549255
0.468467
0.486429
0.499563
0.556004
0.505452
0.428093
0.398409
0.572606
0.447741
0.406587
0.534223
0.406995
0.454576
0.528231
0.538968
0.51477
0.428082
0.490982
0.477751
0.541746
0.290155
0.488666
0.550168
0.465101
0.502546
0.532545
0.40037
0.409335
0.604279
0.437032
0.414543
0.511268
0.452246
0.471716
0.561507
0.487748
0.453026
0.496124
0.519814
0.439977
0.461727
0.547705
0.436559
0.465404
0.573688
0.489282
0.443006
0.421057
0.490495
0.482517
0.485716
0.523745
0.452362
0.425591
0.478933
0.463891
0.486044
0.527579
0.487363
0.482879
0.490362
0.510062
0.529227
0.545746
0.509408
0.473737
0.57743
0.531402
0.537315
0.57031
0.436046
0.58374
0.494433
0.44098
0.575329
0.458605
0.471876
0.383758
0.478715
0.311528
0.431482
0.393165
0.525569
0.36979
0.472426
0.32764
0.547785
0.468983
0.38494
0.514616
0.475829
0.619766
0.498783
0.541061
0.38567
0.497508
0.380158
0.436531
0.559189
0.350963
0.520691
0.433086
0.437156
0.523013
0.537965
0.484706
0.484882
0.444263
0.437033
0.582731
0.494856
0.436638
0.41083
0.462009
0.418406
0.504365
0.457816
0.585803
0.603893
0.49759
0.528769
0.450758
0.58805
0.514726
0.551671
0.432152
0.369414
0.457077
0.427538
0.496822
0.501917
0.504638
0.556832
0.452494
0.484823
0.484595
0.519557
0.474903
0.427682
0.527104
0.548623
0.36404
0.482059
0.412289
0.498471
0.516885
0.51396
0.424572
0.458657
0.469584
0.413943
0.583358
0.259656
0.492467
0.446943
0.56301
0.581655
0.486536
0.384388
0.472202
0.448867
0.321876
0.527811
0.457906
0.461347
0.448085
0.467612
0.522146
0.468687
0.542598
0.577341
0.508306
0.451609
0.328146
0.403746
0.531802
0.555611
0.384823
0.531197
0.570983
0.44017
0.397812
0.364417
0.465009
0.441567
0.377855
0.49501
0.531264
0.533812
0.574086
0.460182
0.502918
0.3512
0.58334
0.610623
0.57753
0.561638
0.519546
0.416799
0.521057
0.486813
0.477713
0.454185
0.499012
0.603797
0.568949
0.410175
0.470339
0.526553
0.463764
0.539659
0.474748
0.407533
0.505111
0.455535
0.513709
0.41382
0.449388
0.532987
0.478343
0.373815
0.415681
0.552216
0.552729
0.497026
0.530841
0.604923
0.554985
0.491084
0.527289
0.552543
0.463016
0.443312
0.485337
0.452322
0.435159
0.410789
0.545961
0.51554
0.505641
0.500075
0.451416
0.416117
0.462278
0.31152
0.410854
0.550398
0.612211
0.541946
0.401644
0.55453
0.450293
0.5392
0.497675
0.582807
0.481065
0.502115
0.403844
0.53993
0.354202
0.572935
0.485292
0.438594
0.543362
0.475643
0.49935
0.488381
0.551139
0.551255
0.511725
0.483428
0.447776
0.436561
0.500226
0.55996
0.439683
0.419851
0.358108
0.487834
0.494499
0.299317
0.495104
0.47536
0.38041
0.517451
0.460572
0.52737
0.416722
0.494185
0.524268
0.516198
0.449311
0.483395
0.378053
0.476234
0.501878
0.478553
0.492127
0.414111
0.439974
0.507522
0.440581
0.476857
0.527339
0.504336
0.501487
0.517394
0.447359
0.434211
0.455745
0.446009
0.433197
0.515938
0.481831
0.452631
0.475051
0.508777
0.52876
0.468792
0.516308
0.497928
0.50221
0.451442
0.466021
0.414881
0.521084
0.476406
0.544411
0.557956
0.509701
0.39877
0.466529
0.50975
0.386417
0.478574
0.478485
0.432771
0.518377
0.534815
0.510546
0.438095
0.538363
0.481574
0.547778
0.426655
0.365543
0.46568
0.393845
0.523847
0.514858
0.384367
0.484199
0.442341
0.509653
0.51503
0.383176
0.3859
0.548256
0.454093
0.543232
0.471598
0.460015
0.521142
0.476646
0.507382
0.463358
0.329739
0.484337
0.281984
0.591123
0.409443
0.553204
0.435013
0.434288
0.469404
0.561259
0.474935
0.442286
0.362084
0.529697
0.550236
0.38257
0.47646
0.450205
0.490653
0.432128
0.413325
0.544881
0.491781
0.476755
0.496969
0.553946
0.449534
0.519301
0.460384
0.554251
0.427368
0.495138
0.42089
0.522492
0.483827
0.454855
0.497536
0.555469
0.434644
0.447411
0.353039
0.54401
0.443698
0.431656
0.49438
0.432306
0.445053
0.48316
0.542994
0.486909
0.459349
0.437931
0.376175
0.536879
0.467199
0.448537
0.493602
0.454764
0.396112
0.460548
0.482896
0.481374
0.588588
0.498699
0.52682
0.511288
0.516076
0.495193
0.410913
0.386556
0.459186
0.400175
0.451783
0.484523
0.536484
0.502756
0.512273
0.473176
0.509067
0.46956
0.469005
0.372963
0.43073
0.433046
0.460256
0.413488
0.584644
0.525374
0.484009
0.542744
0.527613
0.477338
0.591751
0.413924
0.490928
0.487603
0.477771
0.62994
0.473623
0.54253
0.558499
0.571821
0.549293
0.55838
0.528828
0.503035
0.471372
0.515592
0.408473
0.485644
0.462648
0.432953
0.471176
0.558472
0.533638
0.404893
0.41984
0.393891
0.514501
0.55668
0.530635
0.491786
0.50437
0.394939
0.528723
0.549189
0.398345
0.494547
0.476737
0.500875
0.377571
0.404149
0.547081
0.434217
0.496438
0.421017
0.436515
0.560002
0.301167
0.61184
0.553364
0.497216
0.525253
0.446486
0.441079
0.415912
0.491988
0.512042
0.385849
0.453776
0.52686
0.511807
0.515507
0.4912
0.457412
0.454786
0.456503
0.537164
0.446344
0.48935
0.45963
0.4751
0.473699
0.565386
0.530126
0.447273
0.378546
0.49953
0.356889
0.362646
0.45161
0.441188
0.446791
0.249029
0.496155
0.488169
0.531205
0.50161
0.462802
0.552981
0.470812
0.536806
0.447883
0.59446
0.505762
0.460704
0.485621
0.514943
0.433328
0.530871
0.487545
0.38532
0.624389
0.480406
0.473846
0.393605
0.502921
0.422833
0.559592
0.460546
0.396282
0.502941
0.494344
0.492455
0.410221
0.484371
0.426492
0.466424
0.393959
0.570083
0.482472
0.432957
0.36199
0.497388
0.548274
0.509904
0.45207
0.538471
0.576236
0.507834
0.489846
0.560789
0.441549
0.4427
0.4633
0.442422
0.452337
0.504849
0.486947
0.52147
0.490588
0.43451
0.417877
0.568014
0.440216
0.536664
0.492428
0.462721
0.53562
0.470338
0.473356
0.524943
0.587035
0.61517
0.46171
0.453101
0.444118
0.404992
0.525947
0.481249
0.453865
0.480831
0.443228
0.472539
0.622682
0.515432
0.549294
0.419799
0.497332
0.461611
0.511994
0.647047
0.389061
0.575888
0.50415
0.522561
0.461195
0.487953
0.453277
0.403766
0.482412
0.470934
0.539852
0.476309
0.475769
0.469203
0.45902
0.451257
0.512828
0.429254
0.570717
0.482242
0.517177
0.515126
0.512153
0.559983
0.541735
0.47105
0.494719
0.478094
0.501766
0.436104
0.507891
0.46098
0.472657
0.484546
0.440393
0.393339
0.386876
0.445558
0.430647
0.546335
0.553554
0.508638
0.529544
0.410508
0.521004
0.454158
0.421748
0.561027
0.393095
0.449953
0.479839
0.458648
0.425878
0.350588
0.500216
0.429555
0.57568
0.465324
0.425257
0.484187
0.334524
0.467756
0.534756
0.470607
0.481612
0.498789
0.408858
0.467208
0.559804
0.467533
0.367422
0.462226
0.50095
0.460877
0.472365
0.586885
0.528729
0.525135
0.513899
0.470518
0.514361
0.514764
0.428188
0.554416
0.579057
0.409588
0.476142
0.454194
0.496754
0.394987
0.4527
0.577747
0.55214
0.59753
0.482012
0.491227
0.475814
0.517913
0.516779
0.53239
0.480454
0.443614
0.441922
0.551436
0.420628
0.544072
0.499567
0.331185
0.4833
0.552709
0.435332
0.551035
0.477259
0.408619
0.509835
0.496443
0.481595
0.419731
0.408282
0.541949
0.491531
0.442304
0.548325
0.516216
0.476614
0.546191
0.581111
0.503257
0.452694
0.453749
0.449767
0.361114
0.465941
0.572312
0.399976
0.525416
0.345359
0.456615
0.363744
0.50088
0.489008
0.46634
0.393084
0.553474
0.465823
0.431144
0.502436
0.494652
0.477871
0.552662
0.495736
0.500076
0.460969
0.405994
0.531179
0.407113
0.43319
0.493021
0.620677
0.430574
0.495135
0.452209
0.5296
0.504714
0.490335
0.501485
0.463169
0.497088
0.327247
0.349084
0.473182
0.417074
0.565962
0.439551
0.351307
0.448133
0.512302
0.518408
0.512989
0.49126
0.422983
0.415917
0.509869
0.438073
0.435406
0.463571
0.511667
0.473628
0.510049
0.424769
0.49729
0.497349
0.527092
0.441696
0.438776
0.55028
0.473561
0.52722
0.453039
0.48899
0.433476
0.455376
0.545072
0.547299
0.565719
0.4676
0.475667
0.450484
0.535745
0.4693
0.49097
0.502263
0.508782
0.498076
0.541817
0.502537
0.579522
0.495917
0.520397
0.406304
0.466366
0.472609
0.426746
0.424029
0.465
0.421871
0.558193
0.583619
0.467647
0.499855
0.430097
0.41028
0.570121
0.43739
0.486045
0.462347
0.431561
0.505466
0.419368
0.491017
0.486265
0.541256
0.520417
0.454746
0.426742
0.562161
0.488818
0.509555
0.513974
0.462983
0.458974
0.549992
0.495412
0.474089
0.530261
0.345403
0.431784
0.462394
0.5372
0.494557
0.478122
0.396776
0.508019
0.619545
0.573751
0.445183
0.409045
0.497501
0.463157
0.545347
0.423234
0.472886
0.526862
0.535597
0.532619
0.483592
0.516212
0.508407
0.546747
0.500688
0.575864
0.445755
0.469094
0.443989
0.484579
0.467537
0.362729
0.511825
0.542745
0.478429
0.448874
0.552423
0.455674
0.493145
0.493367
0.418008
0.443234
0.480857
0.482561
0.540497
0.572936
0.515884
0.418312
0.381317
0.532041
0.463066
0.44739
0.448668
0.510187
0.494051
0.516843
0.5278
0.51922
0.477222
0.440861
0.476516
0.473187
0.446146
0.559843
0.436809
0.39188
0.418042
0.56337
0.52487
0.528436
0.53695
0.521955
0.48092
0.438654
0.466422
0.440897
0.486497
0.375429
0.42917
0.51384
0.474952
0.482459
0.485955
0.458148
0.434826
0.490538
0.517084
0.385501
0.431558
0.503026
0.414275
0.476296
0.464782
0.480461
0.518933
0.514691
0.495214
0.474847
0.494722
0.436707
0.488145
0.435356
0.575589
0.419125
0.514864
0.52088
0.465959
0.488353
0.537012
0.494789
0.478628
0.589546
0.508791
0.482841
0.498742
0.612303
0.405277
0.544989
0.448875
0.499683
0.465624
0.46397
0.42523
0.537086
0.361589
0.50107
0.532396
0.542839
0.357162
0.531606
0.532
0.365563
0.492143
0.537953
0.427496
0.523326
0.418583
0.585345
0.449034
0.465608
0.505585
0.437931
0.396637
0.407645
0.463696
0.463506
0.542908
0.42057
0.531833
0.537874
0.499541
0.498162
0.425442
0.595869
0.523944
0.538281
0.583269
0.451977
0.354421
0.436046
0.530257
0.501208
0.478933
0.507426
0.492905
0.463941
0.50437
0.481405
0.394
0.430366
0.430906
0.539832
0.523905
0.500956
0.470428
0.355911
0.437754
0.476113
0.471751
0.462754
0.555583
0.516226
0.511887
0.437853
0.451708
0.528901
0.516445
0.371235
0.532036
0.529252
0.482128
0.540962
0.461686
0.426296
0.527851
0.408881
0.375668
0.446578
0.561504
0.441315
0.544005
0.514131
0.441782
0.494871
0.519427
0.50254
0.442652
0.418829
0.509419
0.454554
0.421922
0.598809
0.362204
0.481498
0.43888
0.491937
0.553265
0.460622
0.528223
0.428991
0.413141
0.353135
0.376928
0.535516
0.458958
0.493406
0.501746
0.46224
0.450846
0.466989
0.514969
0.542474
0.492498
0.521012
0.535518
0.513483
0.488952
0.493261
0.498971
0.418804
0.459583
0.501534
0.514918
0.548788
0.478117
0.569084
0.540508
0.453445
0.527863
0.490531
0.407826
0.484984
0.492023
0.393384
0.457598
0.417085
0.493263
0.513129
0.423431
0.459422
0.567665
0.569708
0.483933
0.484502
0.464869
0.549407
0.512573
0.571371
0.543982
0.479393
0.430653
0.525331
0.461837
0.450467
0.387983
0.535851
0.561229
0.461162
0.494697
0.421047
0.461963
0.571083
0.456552
0.447445
0.466738
0.541237
0.493089
0.403728
0.507736
0.468033
0.477992
0.449392
0.458059
0.410337
0.532514
0.51798
0.42426
0.426868
0.446501
0.58428
0.499791
0.451736
0.490835
0.5219
0.528419
0.419416
0.492657
0.362278
0.406963
0.513997
0.415312
0.520889
0.483453
0.333474
0.479239
0.462204
0.481207
0.514818
0.525562
0.341708
0.545619
0.4383
0.465972
0.50058
0.517904
0.480467
0.523216
0.457477
0.477746
0.542131
0.550776
0.581279
0.454577
0.42267
0.408527
0.49329
0.535621
0.494131
0.453615
0.390955
0.548247
0.402627
0.493262
0.433919
0.486725
0.575684
0.512731
0.363669
0.460113
0.536843
0.529309
0.538073
0.465404
0.494405
0.506983
0.493116
0.588933
0.431002
0.459797
0.517034
0.477123
0.438739
0.474074
0.525477
0.475186
0.502867
0.501635
0.435851
0.523571
0.457341
0.393302
0.425375
0.465048
0.462587
0.448607
0.612957
0.528832
0.460784
0.494863
0.472322
0.474813
0.500694
0.403394
0.546804
0.517875
0.532965
0.513986
0.428891
0.48216
0.409874
0.495027
0.452958
0.416974
0.422319
0.518781
0.437328
0.543499
0.457466
0.468464
0.47095
0.369223
0.488108
0.456358
0.404758
0.509463
0.567462
0.484482
0.659122
0.370028
0.491126
0.448508
0.469969
0.475954
0.471773
0.50502
0.501383
0.369555
0.537999
0.534337
0.601917
0.529687
0.515733
0.528821
0.453068
0.532231
0.449525
0.462461
0.524581
0.493779
0.467509
0.430114
0.456582
0.405252
0.471897
0.507296
0.427242
0.42746
0.441005
0.425157
0.48404
0.459926
0.474587
0.475646
0.521067
0.465828
0.488985
0.563762
0.561484
0.42447
0.440485
0.499876
0.522625
0.508651
0.439139
0.401778
0.523896
0.398595
0.569384
0.530843
0.544365
0.49691
0.364709
0.455777
0.342482
0.585658
0.524427
0.415953
0.433082
0.467851
0.519437
0.473249
0.506863
0.494747
0.465123
0.501822
0.546705
0.483548
0.533122
0.42116
0.459368
0.553176
0.441414
0.537693
0.476319
0.477878
0.535624
0.471361
0.558354
0.423782
0.462211
0.476535
0.51633
0.492253
0.463416
0.475441
0.500548
0.578575
0.489092
0.470768
0.433438
0.478926
0.424876
0.49758
0.374661
0.405179
0.372147
0.540993
0.449511
0.56178
0.521777
0.472123
0.501497
0.528653
0.505673
0.387894
0.475321
0.409245
0.416041
0.491555
0.478591
0.530216
0.534561
0.451224
0.528008
0.499526
0.483412
0.524259
0.511498
0.533274
0.427295
0.445487
0.55529
0.473565
0.409456
0.445048
0.470675
0.510631
0.445093
0.550332
0.4532
0.406495
0.342736
0.538145
0.500847
0.405233
0.36192
0.440621
0.558156
0.477789
0.397514
0.517229
0.529645
0.388223
0.508172
0.47553
0.546032
0.470711
0.49986
0.546543
0.518618
0.504163
0.487844
0.484278
0.502874
0.488385
0.466487
0.471728
0.580447
0.46208
0.422282
0.485069
0.367387
0.49041
0.491773
0.450542
0.416706
0.613491
0.539157
0.446327
0.565538
0.406612
0.532093
0.534577
0.497305
0.570786
0.535434
0.50534
0.555263
0.478921
0.479463
0.434532
0.438146
0.521589
0.56804
0.497267
0.369245
0.337413
0.404449
0.475418
0.499445
0.494716
0.500946
0.464816
0.493526
0.506737
0.533912
0.504537
0.467313
0.525172
0.321625
0.478172
0.356003
0.466411
0.397975
0.508683
0.496171
0.481328
0.472398
0.461171
0.494711
0.486665
0.507263
0.498608
0.522164
0.420174
0.523679
0.48998
0.472115
0.456129
0.577213
0.509776
0.513648
0.547
0.46664
0.458091
0.505238
0.55427
0.457164
0.517505
0.356523
0.477575
0.5308
0.484717
0.425086
0.508321
0.487076
0.484052
0.489793
0.552491
0.400565
0.435621
0.537429
0.468252
0.404206
0.388632
0.435974
0.502368
0.462277
0.50835
0.463619
0.407812
0.470185
0.541131
0.576048
0.538535
0.53253
0.488904
0.57592
0.470584
0.524012
0.514149
0.426378
0.510959
0.457657
0.526059
0.36731
0.485086
0.490686
0.387601
0.401876
0.509493
0.405437
0.41708
0.449906
0.425006
0.452048
0.471677
0.533145
0.48007
0.460399
0.354313
0.474136
0.453715
0.440296
0.510027
0.420275
0.516895
0.427843
0.484164
0.496076
0.487086
0.467009
0.486733
0.497505
0.395959
0.547269
0.501284
0.441397
0.531253
0.42623
0.508965
0.517109
0.42086
0.48624
0.612436
0.501284
0.459392
0.501811
0.487773
0.441433
0.507142
0.511528
0.442595
0.446923
0.490509
0.378778
0.405536
0.468367
0.408322
0.518336
0.429911
0.528624
0.486281
0.460255
0.507411
0.530486
0.454728
0.510167
0.458614
0.576953
0.505111
0.551632
0.533579
0.477964
0.480766
0.458799
0.481552
0.531538
0.528585
0.565922
0.477036
0.546381
0.429022
0.453707
0.479088
0.57037
0.557007
0.491817
0.471151
0.442045
0.461431
0.507615
0.402077
0.486035
0.458022
0.421831
0.532822
0.436988
0.452884
0.484676
0.46834
0.512808
0.462914
0.486349
0.507979
0.544309
0.478277
0.519068
0.439087
0.510651
0.453692
0.515912
0.457493
0.406083
0.416066
0.486203
0.473394
0.53516
0.493963
0.482117
0.414101
0.536253
0.452873
0.477521
0.479731
0.50554
0.492014
0.511144
0.372153
0.496869
0.42249
0.474635
0.362431
0.510553
0.492516
0.486765
0.471229
0.490757
0.514229
0.465034
0.377353
0.486197
0.373146
0.454222
0.475973
0.50233
0.576362
0.466224
0.547948
0.477382
0.492718
0.459092
0.487149
0.414839
0.482746
0.399435
0.418215
0.524853
0.474664
0.502242
0.489044
0.513764
0.55048
0.432527
0.541444
0.540586
0.450765
0.455653
0.508968
0.52395
0.472803
0.490683
0.449892
0.514108
0.541255
0.526846
0.510965
0.528745
0.435081
0.532059
0.525783
0.540094
0.394416
0.471997
0.407175
0.523889
0.475164
0.46759
0.464718
0.518036
0.489656
0.502368
0.523943
0.496716
0.493666
0.452447
0.430783
0.491748
0.572408
0.458284
0.478506
0.417536
0.478245
0.43542
0.487798
0.436325
0.454858
0.548786
0.401523
0.470893
0.431282
0.475943
0.444087
0.523371
0.457777
0.300147
0.418274
0.420066
0.602343
0.540956
0.527397
0.57216
0.418925
0.434745
0.460677
0.54552
0.519966
0.486854
0.55196
0.486892
0.542663
0.511965
0.465708
0.470341
0.51159
0.487242
0.52035
0.469331
0.492234
0.537749
0.565957
0.448142
0.330028
0.500393
0.401775
0.449887
0.464099
0.445282
0.377347
0.434246
0.573387
0.494692
0.516513
0.521151
0.536213
0.457267
0.469517
0.472916
0.422659
0.548549
0.428272
0.533368
0.273785
0.379636
0.439257
0.519944
0.515448
0.482739
0.489989
0.471811
0.365029
0.39384
0.50891
0.449061
0.462554
0.391781
0.475953
0.487186
0.463759
0.480583
0.48182
0.475568
0.473166
0.361162
0.457856
0.42537
0.522902
0.45956
0.446081
0.471205
0.461784
0.469287
0.357765
0.54435
0.500544
0.483628
0.417006
0.48965
0.464419
0.561255
0.449192
0.422165
0.451962
0.506637
0.482881
0.440423
0.473286
0.487243
0.459944
0.363854
0.485843
0.44222
0.560884
0.468418
0.455756
0.477427
0.473355
0.361215
0.47587
0.490826
0.499158
0.416582
0.407502
0.536093
0.460081
0.543933
0.34541
0.432424
0.524272
0.503349
0.502124
0.412524
0.554104
0.546394
0.558587
0.536195
0.397786
0.491303
0.444884
0.478089
0.528768
0.49279
0.496912
0.462835
0.454174
0.543352
0.450755
0.485479
0.511342
0.410422
0.531879
0.438333
0.422108
0.490676
0.474315
0.520309
0.533522
0.50475
0.511021
0.532727
0.488957
0.46313
0.50478
0.420242
0.494659
0.563244
0.409704
0.478579
0.488488
0.472746
0.456012
0.445446
0.446669
0.437844
0.500181
0.474694
0.545928
0.477782
0.49351
0.504918
0.46275
0.49743
0.469524
0.47922
0.422129
0.504846
0.528662
0.45843
0.480515
0.528887
0.490004
0.522694
0.508885
0.47135
0.474111
0.563616
0.424563
0.427148
0.544823
0.448411
0.496
0.440281
0.58696
0.499049
0.53522
0.552275
0.46741
0.414176
0.565598
0.400871
0.496093
0.511145
0.495064
0.505035
0.440749
0.462768
0.479075
0.454368
0.462387
0.422277
0.480686
0.466491
0.326909
0.480924
0.553313
0.474414
0.474967
0.528749
0.527472
0.49408
0.556394
0.506237
0.466625
0.495681
0.471561
0.463591
0.429773
0.511248
0.515235
0.552954
0.464846
0.404636
0.505214
0.5201
0.512278
0.49028
0.492122
0.419703
0.402259
0.453322
0.499085
0.47206
0.35248
0.359389
0.472319
0.445864
0.465084
0.580163
0.48168
0.487478
0.481997
0.42415
0.461298
0.563363
0.476999
0.507175
0.519021
0.519303
0.510812
0.476009
0.417604
0.522051
0.461592
0.530566
0.477282
0.47305
0.474194
0.535378
0.561403
0.459336
0.440679
0.478857
0.476266
0.47845
0.576529
0.477508
0.506755
0.434119
0.538939
0.418551
0.520176
0.494504
0.434381
0.461888
0.26268
0.481098
0.489607
0.494122
0.502301
0.546108
0.539394
0.482818
0.428987
0.434509
0.551441
0.348942
0.402332
0.571232
0.578684
0.524959
0.464544
0.492379
0.489916
0.525023
0.577569
0.514281
0.483714
0.535916
0.502634
0.545793
0.543944
0.521223
0.453159
0.46815
0.498081
0.509359
0.516254
0.503417
0.559374
0.489428
0.456192
0.459285
0.389793
0.441934
0.503946
0.526393
0.471129
0.365878
0.525252
0.500329
0.44357
0.430896
0.483876
0.47728
0.435649
0.528258
0.536011
0.457999
0.494472
0.475797
0.515232
0.440199
0.435691
0.525999
0.480893
0.465728
0.566098
0.495573
0.457803
0.49899
0.472856
0.478594
0.465752
0.555383
0.500439
0.479167
0.50475
0.479481
0.450778
0.437038
0.477975
0.472365
0.477828
0.427074
0.497056
0.530098
0.433924
0.496052
0.461949
0.528003
0.503571
0.435563
0.51074
0.469477
0.445474
0.48966
0.405156
0.45905
0.439576
0.436319
0.45192
0.532007
0.461093
0.449772
0.495247
0.423434
0.493062
0.52643
0.453429
0.562662
0.532507
0.522385
0.475337
0.49797
0.48928
0.535201
0.525848
0.492385
0.506129
0.452322
0.482338
0.43409
0.506553
0.456201
0.439698
0.371644
0.389169
0.418349
0.514829
0.481597
0.484846
0.511613
0.495949
0.478648
0.520704
0.479457
0.42709
0.466665
0.433187
0.526029
0.512834
0.417703
0.449884
0.496147
0.477479
0.487396
0.569061
0.484624
0.409512
0.496156
0.482269
0.568442
0.477052
0.525588
0.438149
0.542406
0.506651
0.422897
0.519584
0.484064
0.460859
0.513774
0.528828
0.446871
0.502403
0.466085
0.478166
0.563668
0.472904
0.457303
0.513508
0.496651
0.524237
0.493581
0.463658
0.538548
0.434495
0.491056
0.491577
0.469212
0.451676
0.465689
0.490499
0.498526
0.557997
0.453816
0.471655
0.507209
0.526283
0.507927
0.513395
0.567989
0.426817
0.451827
0.451925
0.520558
0.535067
0.384932
0.558488
0.412267
0.507361
0.541152
0.451219
0.493824
0.484151
0.523822
0.449194
0.539475
0.441019
0.557248
0.514347
0.435944
0.514262
0.443732
0.494465
0.503965
0.418606
0.558693
0.470913
0.533666
0.492815
0.49471
0.47983
0.426135
0.420153
0.456968
0.460499
0.434447
0.448825
0.477266
0.493264
0.497088
0.476865
0.494883
0.457858
0.460859
0.464828
0.539591
0.488014
0.594325
0.495965
0.490142
0.464908
0.467805
0.521294
0.468215
0.450313
0.562179
0.482263
0.5202
0.425576
0.391443
0.407851
0.507121
0.455188
0.396661
0.501105
0.453278
0.482754
0.486347
0.475995
0.518417
0.438413
0.522574
0.530204
0.503371
0.466575
0.507227
0.578198
0.47318
0.486541
0.477474
0.51094
0.535875
0.484639
0.538879
0.43923
0.477706
0.513142
0.480626
0.511352
0.505089
0.504898
0.53335
0.414937
0.52238
0.528696
0.371722
0.452319
0.503268
0.467208
0.445389
0.514637
0.434889
0.522412
0.47967
0.502795
0.486915
0.47897
0.414415
0.468811
0.555649
0.4613
0.559562
0.49579
0.529115
0.459896
0.468165
0.496223
0.476803
0.516725
0.489357
0.501562
0.395173
0.476211
0.595988
0.511674
0.489264
0.502493
0.488204
0.423286
0.498049
0.502414
0.543407
0.549632
0.485702
0.488065
0.463232
0.470427
0.443579
0.389819
0.519072
0.512941
0.525081
0.482151
0.450336
0.500188
0.488115
0.521032
0.42021
0.482349
0.458108
0.426619
0.512902
0.389023
0.470535
0.386357
0.512214
0.448129
0.508978
0.495207
0.442544
0.472998
0.539693
0.450737
0.495043
0.516519
0.516246
0.479234
0.477459
0.509213
0.529717
0.521706
0.487913
0.499299
0.471768
0.516001
0.489429
0.562056
0.419521
0.454249
0.503081
0.573293
0.480985
0.472601
0.449837
0.513185
0.494076
0.47861
0.567987
0.475272
0.515388
0.468688
0.46861
0.551893
0.467486
0.462425
0.462376
0.459871
0.487952
0.490582
0.525747
0.546297
0.449679
0.484336
0.532105
0.470746
0.374206
0.553161
0.501178
0.444305
0.449096
0.562202
0.54499
0.462896
0.508376
0.469005
0.404897
0.465873
0.444011
0.520884
0.510204
0.510699
0.498416
0.537058
0.503118
0.480492
0.4983
0.448471
0.387093
0.48891
0.492476
0.602347
0.484366
0.486133
0.522953
0.485005
0.555575
0.435646
0.407918
0.441326
0.511727
0.471154
0.408628
0.508222
0.452739
0.565315
0.4897
0.459088
0.578675
0.305499
0.546745
0.499414
0.529052
0.503797
0.48147
0.49397
0.513494
0.440218
0.415474
0.496985
0.496197
0.53202
0.462872
0.4552
0.495034
0.405112
0.507273
0.444457
0.520656
0.528865
0.504824
0.405333
0.520349
0.481844
0.502027
0.506263
0.456219
0.457655
0.473244
0.554071
0.481669
0.432693
0.471311
0.571003
0.5009
0.471409
0.440766
0.427788
0.523071
0.529061
0.510013
0.523824
0.498611
0.450364
0.515494
0.517617
0.517505
0.505216
0.498966
0.526394
0.440998
0.434216
0.389566
0.399511
0.513444
0.537013
0.491925
0.419543
0.432003
0.482195
0.537724
0.511188
0.51298
0.560929
0.478012
0.54226
0.530797
0.531038
0.461548
0.481149
0.419184
0.46426
0.574524
0.524232
0.491609
0.492938
0.444512
0.462857
0.48998
0.468272
0.467231
0.468583
0.514162
0.474157
0.4628
0.44664
0.550352
0.460306
0.452259
0.421609
0.429014
0.468471
0.480465
0.469586
0.523011
0.511319
0.496809
0.450317
0.555371
0.531619
0.413212
0.496084
0.500089
0.499106
0.524225
0.533835
0.473864
0.512062
0.367003
0.478141
0.563761
0.431197
0.356731
0.426056
0.432335
0.486597
0.543802
0.447875
0.46396
0.538165
0.461807
0.497117
0.46886
0.477155
0.554332
0.564522
0.41037
0.455156
0.508119
0.437931
0.459814
0.504241
0.470684
0.38832
0.505176
0.52294
0.508425
0.424997
0.519421
0.498187
0.464741
0.585974
0.41662
0.426921
0.534061
0.489495
0.472851
0.415999
0.462658
0.470229
0.497413
0.475369
0.565056
0.427756
0.457499
0.502271
0.424771
0.473667
0.444132
0.374796
0.49731
0.57269
0.479173
0.453466
0.476188
0.495118
0.468857
0.434891
0.409538
0.451696
0.521487
0.444087
0.504897
0.507279
0.478226
0.454613
0.418729
0.475034
0.596911
0.474722
0.493824
0.498113
0.537364
0.397801
0.444246
0.561634
0.504367
0.51942
0.485017
0.573218
0.486058
0.475623
0.43031
0.524346
0.511775
0.504147
0.475409
0.498408
0.44895
0.425329
0.475524
0.418115
0.515876
0.524216
0.530377
0.55318
0.439762
0.439339
0.562576
0.53927
0.552156
0.509261
0.547879
0.540812
0.496903
0.481406
0.419548
0.467928
0.467828
0.549822
0.535643
0.471601
0.524501
0.569613
0.504651
0.516758
0.518343
0.541574
0.557438
0.538497
0.519351
0.577729
0.525801
0.490179
0.499158
0.532783
0.521716
0.544439
0.482691
0.477707
0.39789
0.531491
0.50164
0.52117
0.430877
0.504166
0.550359
0.449954
0.535372
0.528199
0.440991
0.551939
0.489209
0.521435
0.522695
0.469496
0.562769
0.488976
0.512138
0.506747
0.499575
0.542098
0.370603
0.542509
0.466085
0.43822
0.5111
0.559242
0.553677
0.488517
0.620064
0.41345
0.452413
0.542434
0.54273
0.530273
0.466655
0.538313
0.522445
0.467445
0.460122
0.547763
0.566305
0.491062
0.462356
0.538676
0.49949
0.546693
0.500834
0.431713
0.480766
0.486837
0.420102
0.507132
0.425492
0.494797
0.455751
0.385322
0.451361
0.47651
0.474611
0.443853
0.498687
0.504397
0.501513
0.455009
0.536651
0.450312
0.42681
0.53312
0.437273
0.449484
0.508775
0.497861
0.532216
0.513184
0.522924
0.383916
0.534654
0.416399
0.499332
0.489793
0.509671
0.468927
0.488004
0.493437
0.497885
0.433945
0.425861
0.531206
0.462046
0.444425
0.500519
0.452824
0.436737
0.508114
0.378853
0.498501
0.489754
0.464799
0.431411
0.451816
0.426848
0.473958
0.446511
0.503714
0.465004
0.4841
0.471499
0.34765
0.421244
0.467568
0.494908
0.432899
0.479717
0.398847
0.550211
0.516406
0.483546
0.524362
0.445093
0.4668
0.430013
0.464588
0.483297
0.530012
0.537141
0.453729
0.506907
0.455347
0.452172
0.491177
0.476004
0.505512
0.475308
0.526646
0.453547
0.460984
0.538265
0.446532
0.460119
0.438734
0.509274
0.481889
0.544827
0.471793
0.496884
0.519924
0.409816
0.491004
0.498132
0.508017
0.438256
0.561025
0.576316
0.481693
0.542509
0.53135
0.462846
0.395068
0.423718
0.511435
0.520885
0.480385
0.445871
0.464357
0.4239
0.4451
0.504215
0.542027
0.502124
0.347313
0.47216
0.472484
0.486459
0.50248
0.474255
0.468223
0.522619
0.572811
0.486121
0.487529
0.357009
0.527556
0.437846
0.537175
0.517133
0.396547
0.557916
0.474317
0.478625
0.472254
0.429818
0.49064
0.486676
0.525142
0.509584
0.49415
0.535307
0.447767
0.52161
0.53978
0.489733
0.484999
0.518861
0.513368
0.470042
0.532417
0.464259
0.426161
0.439508
0.472563
0.447664
0.532061
0.417402
0.449795
0.466653
0.488111
0.462821
0.331449
0.434608
0.473475
0.492055
0.460427
0.509066
0.488365
0.505494
0.442652
0.53643
0.477057
0.504698
0.554904
0.511693
0.504492
0.460789
0.441568
0.546856
0.538387
0.504552
0.438426
0.50616
0.509638
0.503228
0.5562
0.462268
0.463933
0.507924
0.504007
0.472135
0.442654
0.57401
0.472219
0.470529
0.473796
0.520667
0.40772
0.468167
0.444928
0.476997
0.477702
0.546156
0.495404
0.558177
0.52514
0.476284
0.490088
0.498622
0.48295
0.497951
0.384813
0.47823
0.401909
0.502802
0.491935
0.494023
0.530559
0.499662
0.361411
0.547233
0.544849
0.539976
0.527856
0.440667
0.545311
0.463351
0.545197
0.481256
0.498677
0.463844
0.463717
0.378593
0.458566
0.471659
0.449801
0.476212
0.413112
0.452109
0.44198
0.488258
0.565189
0.444396
0.491055
0.456918
0.53162
0.471108
0.480519
0.46781
0.524147
0.471078
0.48542
0.478101
0.4638
0.454815
0.501005
0.491274
0.513299
0.431854
0.460409
0.489987
0.500815
0.53123
0.482899
0.529863
0.455101
0.518003
0.495575
0.41557
0.428679
0.465802
0.55632
0.498575
0.388362
0.532774
0.516441
0.483968
0.497586
0.541288
0.426059
0.484765
0.56951
0.503815
0.439739
0.514983
0.433097
0.57454
0.555987
0.53008
0.504214
0.398283
0.45509
0.458491
0.505119
0.425265
0.475411
0.421503
0.426934
0.510465
0.521609
0.483506
0.542535
0.499889
0.471006
0.478698
0.508581
0.47872
0.531838
0.508638
0.467711
0.474007
0.541758
0.44605
0.492004
0.528
0.469279
0.533389
0.567765
0.458757
0.498611
0.523708
0.499084
0.410365
0.474378
0.45769
0.509551
0.455887
0.42257
0.51782
0.459548
0.509485
0.50709
0.52833
0.471178
0.426826
0.45282
0.522587
0.445593
0.517673
0.48136
0.479517
0.501627
0.478506
0.473775
0.505603
0.470198
0.505939
0.484556
0.537018
0.405712
0.406396
0.515941
0.608529
0.573886
0.46598
0.45236
0.494771
0.46104
0.444666
0.452213
0.496784
0.493228
0.508229
0.461392
0.526126
0.496466
0.477431
0.362492
0.498904
0.501526
0.54454
0.487517
0.498844
0.515601
0.497893
0.463817
0.473765
0.491924
0.469212
0.408547
0.447049
0.481965
0.509013
0.506033
0.403838
0.423604
0.482237
0.456674
0.513218
0.534088
0.558689
0.528074
0.517061
0.477801
0.388864
0.44703
0.525298
0.527526
0.496065
0.470948
0.502895
0.457174
0.502599
0.42206
0.478503
0.463328
0.538136
0.477817
0.516067
0.556569
0.517754
0.469731
0.483035
0.539302
0.533186
0.479543
0.492106
0.497145
0.536823
0.457417
0.588518
0.426287
0.537053
0.551399
0.4225
0.34652
0.48005
0.451423
0.512651
0.522611
0.458229
0.519511
0.497101
0.502304
0.535758
0.555277
0.414932
0.494066
0.425529
0.507057
0.479208
0.414502
0.441619
0.450693
0.502799
0.495917
0.516464
0.509113
0.424075
0.445978
0.50673
0.490092
0.462347
0.548065
0.428802
0.460991
0.494177
0.464949
0.500803
0.498904
0.503164
0.462394
0.49052
0.552333
0.524926
0.491935
0.421417
0.463846
0.523229
0.474176
0.441439
0.451351
0.452848
0.462462
0.565022
0.48744
0.495236
0.399016
0.510725
0.493196
0.430385
0.511174
0.477919
0.494028
0.492273
0.544898
0.451861
0.42132
0.568333
0.49132
0.516812
0.490928
0.525731
0.402945
0.433338
0.466033
0.504132
0.56684
0.4669
0.480149
0.436746
0.542183
0.49482
0.509129
0.501043
0.472149
0.488994
0.527262
0.428297
0.419259
0.442309
0.44256
0.501028
0.484799
0.498276
0.456493
0.472145
0.445718
0.509983
0.411881
0.468879
0.478285
0.500751
0.38775
0.434313
0.493928
0.492162
0.424861
0.52232
0.492534
0.508315
0.468517
0.470373
0.524347
0.495047
0.428888
0.461884
0.34147
0.498348
0.483116
0.385818
0.482214
0.423384
0.479809
0.528749
0.537605
0.464374
0.529943
0.479601
0.517777
0.480794
0.484182
0.424902
0.549835
0.530556
0.412814
0.482225
0.454235
0.460192
0.490715
0.467522
0.524739
0.461484
0.506823
0.483421
0.467857
0.46999
0.531754
0.46534
0.473529
0.501263
0.421938
0.448256
0.516578
0.474459
0.532934
0.46492
0.428082
0.515284
0.447901
0.388749
0.498058
0.452777
0.521765
0.518986
0.489507
0.547171
0.458243
0.511993
0.480816
0.502424
0.495219
0.464037
0.470342
0.477965
0.440261
0.531449
0.442809
0.453229
0.485754
0.487846
0.450984
0.41972
0.427835
0.493965
0.462695
0.469532
0.479425
0.451533
0.501062
0.515112
0.465044
0.544198
0.46755
0.486446
0.452783
0.464125
0.480211
0.487694
0.488617
0.531853
0.515409
0.483568
0.493628
0.454533
0.49105
0.553353
0.49696
0.539603
0.542741
0.551186
0.544533
0.544879
0.452137
0.511741
0.507522
0.457289
0.454191
0.498902
0.473306
0.473423
0.440379
0.484551
0.489872
0.442693
0.490866
0.481798
0.584587
0.461781
0.473789
0.538035
0.47135
0.548324
0.48989
0.496385
0.491965
0.552546
0.512807
0.504752
0.527963
0.474529
0.461313
0.402799
0.535089
0.452726
0.487639
0.391359
0.515088
0.435968
0.469662
0.553743
0.468154
0.530733
0.556912
0.51244
0.519635
0.498388
0.487057
0.396077
0.451031
0.453662
0.506623
0.541009
0.545102
0.495628
0.548151
0.445914
0.344997
0.537752
0.485655
0.409675
0.480278
0.448683
0.482047
0.473753
0.454928
0.410298
0.431562
0.464259
0.513178
0.549158
0.515351
0.442791
0.480934
0.439071
0.49704
0.513463
0.444181
0.526413
0.492861
0.480833
0.521524
0.511037
0.471205
0.465865
0.451368
0.487886
0.539644
0.53843
0.466781
0.495684
0.474813
0.467347
0.492529
0.529227
0.540164
0.457838
0.468094
0.529176
0.544387
0.536959
0.501617
0.465075
0.502024
0.505854
0.483052
0.605763
0.52385
0.517524
0.502098
0.506296
0.412532
0.43228
0.510797
0.469465
0.520054
0.445521
0.524137
0.464995
0.508486
0.404843
0.442344
0.461682
0.43465
0.466116
0.493342
0.442171
0.407414
0.481139
0.431156
0.490933
0.481291
0.501292
0.493147
0.484909
0.53174
0.510978
0.505481
0.491768
0.482942
0.413964
0.46391
0.488647
0.488977
0.479024
0.445583
0.457474
0.466936
0.529593
0.501482
0.458327
0.487985
0.473595
0.49094
0.46526
0.493292
0.49302
0.427822
0.473292
0.447794
0.502042
0.525192
0.558576
0.507772
0.484897
0.492709
0.483159
0.441306
0.504582
0.399498
0.5026
0.477322
0.527991
0.452407
0.486404
0.522662
0.47266
0.569899
0.516826
0.493963
0.531703
0.518126
0.450188
0.425965
0.48954
0.505303
0.477259
0.451494
0.481378
0.486284
0.490407
0.453793
0.44234
0.581428
0.563778
0.41688
0.453065
0.466456
0.526123
0.431337
0.481536
0.472458
0.494483
0.45401
0.512762
0.456859
0.535867
0.564469
0.460811
0.524329
0.519796
0.538764
0.456774
0.509445
0.488497
0.490273
0.453954
0.531077
0.494191
0.526035
0.457173
0.448552
0.481913
0.487317
0.411546
0.448003
0.500424
0.446586
0.460299
0.450785
0.501006
0.511606
0.340514
0.468187
0.536719
0.526098
0.450909
0.491042
0.515482
0.459638
0.528867
0.451342
0.413562
0.504345
0.523104
0.460835
0.554155
0.469057
0.518154
0.416559
0.526564
0.500389
0.524583
0.475212
0.413591
0.486583
0.46867
0.479041
0.450479
0.552293
0.466437
0.417197
0.515614
0.551819
0.48905
0.433369
0.549138
0.475793
0.467207
0.452137
0.502959
0.531499
0.472699
0.534692
0.581685
0.489636
0.499883
0.541033
0.46392
0.474623
0.446436
0.592133
0.546221
0.57526
0.4758
0.427774
0.564706
0.490955
0.497529
0.557728
0.493765
0.478622
0.459864
0.464936
0.468753
0.441875
0.556342
0.436207
0.548321
0.539886
0.468679
0.508491
0.503966
0.464391
0.428378
0.464262
0.43465
0.43427
0.501364
0.529966
0.489913
0.532142
0.503719
0.515001
0.411319
0.464683
0.434165
0.43452
0.495272
0.39034
0.559438
0.542844
0.545836
0.362494
0.506608
0.507522
0.465949
0.526817
0.515359
0.459198
0.444244
0.487912
0.464739
0.508981
0.502758
0.533943
0.446997
0.510128
0.532838
0.479137
0.502857
0.524951
0.489378
0.451454
0.523256
0.534374
0.490525
0.535928
0.473715
0.544344
0.501355
0.455157
0.428719
0.490523
0.513127
0.45593
0.494234
0.56931
0.53029
0.534183
0.48732
0.396142
0.379851
0.502113
0.503011
0.430932
0.472121
0.486147
0.423046
0.495742
0.567369
0.507548
0.475052
0.450591
0.566926
0.452661
0.467575
0.532075
0.512646
0.473268
0.5736
0.488097
0.597639
0.491879
0.446909
0.438831
0.407009
0.44847
0.441903
0.504762
0.527278
0.45527
0.464321
0.51418
0.463689
0.464003
0.465406
0.415155
0.514645
0.518441
0.440291
0.542029
0.454233
0.417062
0.543475
0.567218
0.415856
0.479611
0.474121
0.438846
0.444062
0.503672
0.471377
0.502683
0.49542
0.457558
0.454669
0.523195
0.52278
0.520941
0.479412
0.492663
0.475099
0.45004
0.530001
0.450183
0.49658
0.448619
0.488116
0.420006
0.510707
0.525214
0.474378
0.486411
0.480118
0.482145
0.408586
0.479959
0.523458
0.537839
0.485634
0.511247
0.398864
0.509439
0.504286
0.45039
0.491749
0.469289
0.518492
0.51047
0.488045
0.518361
0.540044
0.541065
0.531749
0.510373
0.454722
0.524401
0.457818
0.507313
0.453133
0.453227
0.47543
0.488387
0.527882
0.440089
0.443046
0.453449
0.480213
0.45261
0.542928
0.47455
0.459757
0.478363
0.507131
0.581165
0.444668
0.518561
0.470844
0.534587
0.547774
0.53054
0.485891
0.501312
0.494107
0.482735
0.439805
0.519602
0.51972
0.478094
0.517727
0.42468
0.483471
0.476987
0.404924
0.45227
0.48276
0.391281
0.458011
0.393351
0.47776
0.48178
0.47777
0.486787
0.439179
0.483994
0.48349
0.497005
0.444868
0.412458
0.488868
0.514534
0.496443
0.434112
0.498772
0.414849
0.426375
0.503271
0.415003
0.508314
0.478318
0.566882
0.500954
0.511283
0.542921
0.532587
0.488943
0.520433
0.461898
0.502263
0.453899
0.48069
0.490875
0.470889
0.489122
0.461698
0.517204
0.523248
0.474058
0.475651
0.47663
0.484425
0.505286
0.451846
0.487048
0.506872
0.565606
0.494192
0.442601
0.558412
0.495084
0.452079
0.486902
0.484711
0.550795
0.46987
0.50127
0.480081
0.550282
0.483604
0.471351
0.512029
0.460071
0.537084
0.432282
0.430265
0.404077
0.493327
0.498273
0.427516
0.429847
0.541334
0.536569
0.445564
0.392605
0.478103
0.430177
0.388434
0.479
0.521733
0.460488
0.494465
0.439075
0.510992
0.474843
0.507301
0.488886
0.543639
0.545944
0.457439
0.485994
0.501542
0.51252
0.472947
0.535847
0.442161
0.449824
0.476376
0.455106
0.498372
0.482374
0.518605
0.444151
0.458687
0.470253
0.483607
0.43255
0.493294
0.498643
0.520349
0.476657
0.473934
0.514683
0.486591
0.4695
0.502918
0.40782
0.454078
0.515146
0.505428
0.455647
0.524878
0.460714
0.520815
0.490218
0.525089
0.507571
0.546298
0.388897
0.465362
0.465018
0.516463
0.486268
0.496193
0.49694
0.490807
0.526543
0.447034
0.469483
0.439511
0.56829
0.437126
0.394122
0.469166
0.503715
0.406424
0.507636
0.499145
0.419027
0.483356
0.514763
0.548922
0.497753
0.507338
0.466497
0.423017
0.438919
0.451698
0.531437
0.535702
0.509083
0.394377
0.497622
0.430632
0.492689
0.443608
0.479548
0.461898
0.423752
0.488732
0.431821
0.412324
0.54404
0.535601
0.446744
0.524481
0.497709
0.470815
0.497477
0.444744
0.454558
0.521163
0.47137
0.493142
0.466653
0.449942
0.510228
0.551945
0.536033
0.563677
0.506434
0.535626
0.464904
0.497869
0.44512
0.468294
0.47389
0.48879
0.508018
0.486472
0.454935
0.450717
0.542778
0.46856
0.539345
0.471783
0.547787
0.461903
0.516928
0.411325
0.428095
0.413899
0.488844
0.474034
0.452625
0.445162
0.518374
0.495241
0.496269
0.489952
0.496276
0.543688
0.496842
0.46944
0.415713
0.490268
0.5105
0.533389
0.499598
0.498851
0.515848
0.425349
0.54497
0.49024
0.500283
0.483511
0.461285
0.50922
0.442582
0.403226
0.49546
0.494271
0.515323
0.501501
0.544408
0.528655
0.519453
0.485717
0.483261
0.465994
0.464331
0.52125
0.514897
0.525728
0.474244
0.413644
0.504096
0.373246
0.41696
0.480943
0.54613
0.449472
0.483587
0.44062
0.509512
0.493058
0.464277
0.496247
0.546164
0.468842
0.441696
0.440617
0.501373
0.494797
0.480971
0.489739
0.516956
0.477961
0.496499
0.407729
0.502055
0.535413
0.474
0.5208
0.531147
0.4507
0.518929
0.47094
0.486043
0.49051
0.530925
0.566718
0.4834
0.451357
0.484773
0.464145
0.471309
0.478612
0.447644
0.44582
0.506088
0.47495
0.492411
0.474354
0.470505
0.467002
0.553111
0.531726
0.469955
0.504373
0.434205
0.517734
0.528115
0.469978
0.485898
0.435879
0.507726
0.494541
0.528861
0.486665
0.513965
0.428128
0.383421
0.570053
0.476308
0.47363
0.495762
0.404511
0.614332
0.519883
0.427013
0.51766
0.439994
0.463042
0.436422
0.510517
0.514528
0.498961
0.474329
0.510358
0.545681
0.470877
0.515522
0.462436
0.497747
0.509259
0.511619
0.486773
0.501017
0.485827
0.527009
0.517377
0.468525
0.467719
0.490869
0.480696
0.45946
0.466026
0.511814
0.51408
0.489959
0.439935
0.502302
0.4697
0.442376
0.503258
0.446475
0.450321
0.507622
0.422793
0.477177
0.484505
0.485372
0.453677
0.454024
0.456724
0.498453
0.462945
0.526991
0.487382
0.402581
0.461153
0.473943
0.524282
0.43139
0.481166
0.496504
0.459331
0.51094
0.468312
0.447086
0.434636
0.4375
0.44784
0.519097
0.421991
0.433586
0.422997
0.45394
0.459083
0.440721
0.511832
0.50629
0.436006
0.476323
0.526305
0.467869
0.470141
0.449577
0.453691
0.551922
0.44987
0.514734
0.497885
0.408052
0.501482
0.398203
0.534567
0.505002
0.44604
0.379382
0.42984
0.474116
0.542978
0.526538
0.48644
0.415311
0.533209
0.50392
0.503793
0.484385
0.528121
0.486663
0.440548
0.440279
0.497832
0.493455
0.519854
0.523691
0.479207
0.487897
0.459105
0.479586
0.502357
0.512568
0.499728
0.453407
0.491218
0.479696
0.537786
0.470893
0.481627
0.492004
0.401834
0.508499
0.504661
0.496768
0.498809
0.438038
0.513283
0.515844
0.46989
0.446195
0.452661
0.456105
0.447044
0.527556
0.467577
0.539645
0.502152
0.49306
0.460417
0.452857
0.4791
0.461859
0.45942
0.504768
0.475199
0.49346
0.489336
0.495109
0.446239
0.47385
0.37557
0.488377
0.452129
0.517672
0.529762
0.295738
0.513332
0.498374
0.493919
0.400153
0.444059
0.546782
0.526062
0.437975
0.4353
0.464866
0.511789
0.4845
0.469702
0.464697
0.492029
0.461343
0.444783
0.503738
0.484961
0.473766
0.573878
0.465574
0.452166
0.46632
0.504246
0.507219
0.511437
0.44556
0.472081
0.507063
0.497385
0.465084
0.520214
0.463444
0.517707
0.508803
0.480753
0.46429
0.483372
0.406218
0.416652
0.518868
0.457852
0.43079
0.423762
0.475329
0.509681
0.542751
0.524744
0.523085
0.414566
0.490715
0.565141
0.494545
0.495137
0.529346
0.481645
0.450172
0.418208
0.482852
0.463945
0.511243
0.5238
0.516677
0.455341
0.431642
0.427814
0.512173
0.477744
0.486303
0.442047
0.497177
0.50065
0.480898
0.498182
0.506791
0.4403
0.410032
0.473444
0.437229
0.510157
0.48403
0.475303
0.465979
0.517571
0.534697
0.520902
0.511918
0.484605
0.496086
0.457821
0.537202
0.559332
0.528901
0.496379
0.468908
0.466756
0.520354
0.512441
0.532422
0.497966
0.500667
0.494312
0.490229
0.469416
0.497477
0.440218
0.458953
0.461896
0.47485
0.482093
0.524241
0.58194
0.516448
0.493486
0.455717
0.569818
0.499869
0.50642
0.567106
0.482197
0.445338
0.541652
0.515901
0.444671
0.45195
0.52848
0.434375
0.447261
0.472988
0.483418
0.478759
0.462884
0.45972
0.485198
0.529134
0.485047
0.500539
0.450964
0.468204
0.540686
0.567783
0.487677
0.506842
0.487913
0.496363
0.399868
0.49132
0.487509
0.459783
0.464683
0.439672
0.451865
0.415488
0.514193
0.531728
0.430731
0.440351
0.439651
0.482664
0.520343
0.537971
0.535275
0.459905
0.543503
0.513692
0.48226
0.472261
0.454784
0.486215
0.447121
0.448839
0.409147
0.498598
0.459656
0.459057
0.507968
0.547105
0.483842
0.466918
0.595976
0.524915
0.416101
0.450685
0.494116
0.412211
0.512585
0.4885
0.474128
0.480241
0.561409
0.474719
0.571182
0.512248
0.487144
0.456904
0.547824
0.442561
0.51968
0.487758
0.509913
0.525661
0.42535
0.476057
0.511867
0.46073
0.523595
0.482571
0.484235
0.471091
0.498991
0.483774
0.472156
0.497733
0.51182
0.506596
0.499413
0.432891
0.462557
0.541706
0.463035
0.404897
0.529115
0.490558
0.507527
0.47382
0.491078
0.510676
0.435985
0.518949
0.448169
0.503078
0.427784
0.568949
0.575031
0.51612
0.443652
0.434487
0.50406
0.527062
0.457011
0.519366
0.48297
0.466905
0.473106
0.460807
0.430754
0.542613
0.540544
0.426388
0.523628
0.454513
0.487472
0.488762
0.4714
0.493013
0.490476
0.466507
0.469669
0.447548
0.404444
0.505884
0.545338
0.46692
0.495702
0.423597
0.41132
0.469323
0.507588
0.469238
0.558455
0.519817
0.522082
0.534787
0.452875
0.422263
0.400718
0.518538
0.49578
0.415651
0.462228
0.50821
0.476607
0.504682
0.513398
0.502639
0.498502
0.399574
0.519535
0.409903
0.482997
0.502884
0.480018
0.511687
0.480648
0.459084
0.423054
0.444829
0.523297
0.486526
0.487086
0.485268
0.503548
0.494244
0.447469
0.361148
0.487273
0.420379
0.515196
0.442723
0.498367
0.555931
0.532035
0.44085
0.442847
0.460461
0.465214
0.513309
0.564059
0.49173
0.474563
0.507205
0.492073
0.389837
0.506111
0.552079
0.489338
0.517717
0.437037
0.461114
0.462756
0.437734
0.486447
0.569261
0.501616
0.509798
0.484358
0.447971
0.504594
0.474465
0.46311
0.40618
0.413214
0.411211
0.478222
0.482749
0.449639
0.433644
0.425621
0.472342
0.355102
0.566128
0.502289
0.546634
0.491058
0.451002
0.448434
0.526695
0.550307
0.471531
0.448409
0.496244
0.485058
0.486975
0.493298
0.480549
0.508063
0.460753
0.455251
0.533891
0.518022
0.536994
0.518553
0.518659
0.454127
0.561931
0.552566
0.536276
0.378939
0.473152
0.533616
0.549519
0.488005
0.514149
0.477561
0.483601
0.456539
0.425383
0.510355
0.493727
0.476675
0.560035
0.510353
0.474843
0.483562
0.485336
0.444428
0.45602
0.45959
0.548209
0.463136
0.51955
0.478596
0.575587
0.447206
0.516425
0.49324
0.495686
0.4758
0.510257
0.505696
0.44096
0.500386
0.475235
0.537775
0.481422
0.479069
0.550062
0.533522
0.442865
0.516501
0.466465
0.510318
0.534199
0.469317
0.429366
0.517858
0.518451
0.500078
0.507135
0.513215
0.474308
0.550431
0.486382
0.440933
0.488885
0.47344
0.489713
0.449069
0.468286
0.452499
0.488277
0.526153
0.47072
0.486076
0.402029
0.504158
0.451978
0.509148
0.45319
0.453611
0.452811
0.426017
0.483686
0.444801
0.51197
0.49486
0.493398
0.486466
0.527717
0.527064
0.501735
0.527444
0.499345
0.496045
0.458289
0.454226
0.437837
0.558158
0.452473
0.478994
0.465034
0.526387
0.51052
0.508758
0.468266
0.402057
0.410685
0.481867
0.507658
0.437406
0.478323
0.457762
0.467892
0.480204
0.455822
0.444399
0.464172
0.524363
0.443201
0.525712
0.450869
0.423605
0.470395
0.471475
0.417684
0.451554
0.475083
0.487151
0.469686
0.490243
0.513513
0.512084
0.417849
0.478564
0.500496
0.487431
0.505412
0.44426
0.427549
0.513453
0.436248
0.457997
0.493672
0.456434
0.431218
0.510975
0.468182
0.479585
0.494711
0.460694
0.388799
0.496308
0.483494
0.498208
0.444086
0.549267
0.542918
0.466602
0.552566
0.529783
0.508582
0.486076
0.369977
0.484412
0.512853
0.466419
0.383183
0.486236
0.494937
0.464917
0.466285
0.473087
0.518977
0.469655
0.440195
0.537555
0.465582
0.507192
0.433686
0.445937
0.539844
0.492431
0.457211
0.478187
0.448549
0.449938
0.485637
0.445036
0.450415
0.459364
0.400282
0.500494
0.520852
0.504359
0.493383
0.543271
0.454084
0.511387
0.436313
0.429181
0.480511
0.534995
0.508276
0.455013
0.487284
0.387833
0.507467
0.565452
0.435447
0.452499
0.454622
0.496738
0.380025
0.517137
0.521324
0.503796
0.509533
0.502357
0.433855
0.49203
0.500344
0.492181
0.513974
0.463647
0.510806
0.452058
0.514724
0.497702
0.501152
0.489624
0.476952
0.52475
0.53847
0.515854
0.491241
0.459477
0.473892
0.406126
0.479992
0.449867
0.474863
0.494626
0.487335
0.523936
0.512406
0.453873
0.480246
0.472624
0.511206
0.474582
0.522238
0.528286
0.521035
0.503116
0.442156
0.457943
0.520312
0.538069
0.458819
0.365588
0.568239
0.463596
0.508387
0.505851
0.529347
0.477542
0.46313
0.482591
0.495032
0.57038
0.419545
0.442826
0.537853
0.481624
0.540649
0.513947
0.428849
0.474084
0.455561
0.457306
0.490462
0.479208
0.509207
0.418954
0.51265
0.497477
0.499327
0.431688
0.519963
0.490326
0.513669
0.519377
0.498696
0.507889
0.481695
0.522343
0.528078
0.530349
0.491031
0.478287
0.44315
0.516514
0.529219
0.480446
0.498482
0.441887
0.400018
0.424591
0.487436
0.562264
0.429628
0.524271
0.497151
0.554471
0.457208
0.454423
0.45456
0.514413
0.464928
0.490567
0.409996
0.47779
0.442172
0.523018
0.486302
0.462963
0.507516
0.468556
0.508551
0.52615
0.455429
0.514936
0.489916
0.508302
0.395839
0.472551
0.505416
0.490045
0.47633
0.497779
0.530875
0.471606
0.496144
0.491587
0.383513
0.446181
0.508395
0.521347
0.432646
0.491861
0.446994
0.556934
0.465176
0.486238
0.542006
0.543746
0.533918
0.517969
0.496084
0.514806
0.528725
0.477824
0.52127
0.495153
0.510728
0.50516
0.443856
0.4828
0.465632
0.526529
0.414528
0.385013
0.455949
0.477296
0.471705
0.510703
0.413286
0.376641
0.494241
0.491953
0.494949
0.47074
0.459051
0.489376
0.509453
0.506557
0.531405
0.493828
0.425023
0.456062
0.422251
0.465736
0.516375
0.451615
0.493734
0.436813
0.512955
0.49892
0.478505
0.449782
0.464928
0.470755
0.45596
0.433616
0.495911
0.500801
0.465242
0.499209
0.354711
0.504546
0.444865
0.40027
0.44403
0.459543
0.442406
0.467782
0.461432
0.504385
0.446031
0.484805
0.523758
0.409521
0.437579
0.502441
0.520456
0.524185
0.537416
0.425076
0.537344
0.456558
0.508779
0.490768
0.554319
0.405704
0.434215
0.420302
0.483862
0.516146
0.511763
0.49824
0.462849
0.509625
0.492079
0.484171
0.533197
0.514736
0.504542
0.480072
0.438451
0.455444
0.444191
0.533699
0.427729
0.459319
0.516951
0.430893
0.443457
0.514462
0.484181
0.506545
0.46733
0.512536
0.407609
0.522595
0.522293
0.468659
0.479533
0.475803
0.478748
0.452306
0.483693
0.544609
0.51321
0.407123
0.450033
0.412757
0.503831
0.487457
0.514195
0.451719
0.567149
0.45452
0.486248
0.506735
0.504264
0.552468
0.462033
0.548541
0.521126
0.507007
0.495095
0.453615
0.523757
0.480189
0.513485
0.418404
0.467992
0.502337
0.47094
0.519191
0.536765
0.54994
0.477084
0.529919
0.513996
0.510437
0.467422
0.487833
0.473849
0.503452
0.534757
0.422411
0.50403
0.47952
0.514178
0.449538
0.546508
0.500921
0.388198
0.501917
0.507349
0.530158
0.47093
0.471351
0.523576
0.532137
0.428296
0.487223
0.493826
0.501416
0.464325
0.533949
0.477703
0.542459
0.512989
0.413944
0.400021
0.481755
0.459945
0.515718
0.539005
0.440225
0.463655
0.499775
0.4793
0.40262
0.513054
0.473368
0.447826
0.47051
0.359242
0.480243
0.413795
0.498769
0.502897
0.529953
0.464193
0.515995
0.422688
0.505778
0.558062
0.499847
0.525238
0.446937
0.530772
0.48744
0.546992
0.470977
0.479986
0.42284
0.520966
0.44955
0.535817
0.510315
0.462963
0.513002
0.52382
0.447605
0.420101
0.555626
0.564188
0.530987
0.544867
0.540893
0.463872
0.519305
0.506509
0.465446
0.443917
0.432994
0.49112
0.49444
0.537527
0.587473
0.533792
0.461833
0.400698
0.588099
0.432342
0.481465
0.499299
0.449218
0.451965
0.494426
0.49232
0.469756
0.4943
0.479449
0.464061
0.489214
0.535387
0.524661
0.533582
0.518899
0.484279
0.469618
0.444046
0.507405
0.454247
0.456033
0.496348
0.552755
0.428659
0.51609
0.384309
0.543107
0.513384
0.483341
0.514653
0.498336
0.47067
0.487838
0.537531
0.452724
0.41373
0.519404
0.459396
0.514451
0.409272
0.465434
0.464275
0.450602
0.484867
0.520752
0.490119
0.485743
0.533918
0.478517
0.403887
0.475279
0.45475
0.478184
0.503895
0.426522
0.483261
0.506255
0.462008
0.473483
0.443372
0.504702
0.500587
0.510148
0.412533
0.480179
0.499898
0.558459
0.519431
0.535409
0.435914
0.424513
0.486383
0.474357
0.435228
0.500454
0.448174
0.559509
0.516587
0.53662
0.452063
0.477664
0.490248
0.485028
0.48682
0.495885
0.511129
0.459664
0.512489
0.50588
0.474238
0.501479
0.426308
0.560142
0.498251
0.45986
0.479573
0.460681
0.508947
0.438757
0.523743
0.50116
0.49008
0.539015
0.470915
0.546482
0.520257
0.467746
0.462524
0.440809
0.486807
0.519775
0.463856
0.510477
0.538298
0.43695
0.458894
0.448921
0.528994
0.412634
0.497882
0.471705
0.505588
0.512139
0.533165
0.418458
0.477846
0.562451
0.475461
0.50186
0.436522
0.49216
0.440913
0.501562
0.429228
0.478363
0.475517
0.433829
0.510339
0.425216
0.407769
0.523638
0.464718
0.536179
0.447434
0.477983
0.49939
0.497958
0.484342
0.504239
0.497861
0.462473
0.459462
0.474395
0.46928
0.514246
0.49633
0.466492
0.491671
0.465209
0.440865
0.567597
0.466645
0.530058
0.428271
0.460509
0.526936
0.471171
0.495674
0.460369
0.516509
0.555936
0.461316
0.562137
0.437023
0.480947
0.521853
0.443678
0.52123
0.485328
0.451345
0.500386
0.457952
0.408993
0.491197
0.510323
0.497806
0.467663
0.445169
0.46744
0.54619
0.515815
0.46044
0.506904
0.608454
0.468526
0.468674
0.479477
0.503721
0.487742
0.508539
0.498833
0.490325
0.484773
0.498319
0.515681
0.471199
0.479401
0.470176
0.461381
0.47568
0.529457
0.547599
0.509745
0.514356
0.467256
0.442728
0.481679
0.468475
0.547158
0.451735
0.534604
0.504037
0.524044
0.502078
0.50729
0.515221
0.46907
0.494693
0.481207
0.496064
0.468889
0.470222
0.475672
0.510045
0.474183
0.429901
0.560651
0.49382
0.480915
0.541333
0.485605
0.384334
0.509115
0.527685
0.476318
0.46421
0.457955
0.475678
0.490876
0.513524
0.50359
0.543307
0.510044
0.484013
0.507092
0.497628
0.49908
0.512542
0.50667
0.474073
0.527425
0.454048
0.479343
0.53564
0.478415
0.454543
0.416027
0.36445
0.345962
0.437761
0.421882
0.397213
0.502312
0.525529
0.452189
0.56099
0.505625
0.541339
0.49488
0.470513
0.464591
0.451834
0.518745
0.494189
0.453676
0.441055
0.487466
0.493715
0.460465
0.493911
0.457289
0.525251
0.514398
0.50844
0.523034
0.424188
0.508951
0.483282
0.421521
0.522924
0.445179
0.504993
0.522713
0.493336
0.501047
0.401591
0.47195
0.502095
0.504636
0.516977
0.490215
0.475467
0.494029
0.507752
0.501308
0.513063
0.513099
0.478365
0.504771
0.500107
0.49292
0.494451
0.467133
0.489628
0.42598
0.445594
0.453857
0.527336
0.485783
0.53479
0.447015
0.444972
0.460583
0.491366
0.443383
0.431999
0.484656
0.438592
0.487217
0.447622
0.526415
0.502421
0.54625
0.507978
0.458517
0.44851
0.489289
0.471453
0.49286
0.47013
0.505247
0.514321
0.463674
0.464724
0.525484
0.484014
0.506267
0.464815
0.416883
0.536264
0.476728
0.553693
0.514487
0.464907
0.552891
0.536525
0.526779
0.557879
0.530736
0.421329
0.484316
0.413365
0.410768
0.49984
0.478583
0.513499
0.479572
0.443791
0.489446
0.497312
0.491965
0.473189
0.580319
0.515059
0.551696
0.475902
0.435444
0.499342
0.50403
0.532477
0.475207
0.559633
0.501866
0.465016
0.448951
0.473292
0.450389
0.482411
0.494331
0.562054
0.47589
0.475373
0.514609
0.480802
0.495719
0.510878
0.515453
0.498897
0.477367
0.406559
0.518199
0.459951
0.512919
0.389012
0.451872
0.473607
0.544352
0.490056
0.478147
0.453214
0.415871
0.468605
0.469679
0.451855
0.435273
0.506135
0.536287
0.451668
0.442217
0.44362
0.456373
0.538151
0.473601
0.481792
0.470871
0.440303
0.418883
0.502492
0.466412
0.53895
0.462161
0.445812
0.457267
0.530438
0.469709
0.49579
0.486217
0.438725
0.47698
0.55392
0.527308
0.481365
0.509925
0.541319
0.389454
0.441629
0.421441
0.545257
0.482891
0.528329
0.458553
0.457052
0.505023
0.508384
0.503084
0.444807
0.528237
0.525244
0.347084
0.494887
0.521074
0.550957
0.5463
0.473769
0.544514
0.521027
0.500364
0.492922
0.462858
0.520095
0.479436
0.502863
0.455455
0.472717
0.503439
0.528823
0.478277
0.43299
0.483874
0.501253
0.455848
0.551972
0.467285
0.494983
0.52151
0.479638
0.491888
0.54897
0.513533
0.511268
0.510061
0.467346
0.469415
0.460401
0.517076
0.482222
0.463121
0.463441
0.477941
0.505591
0.449427
0.457674
0.474871
0.415392
0.420665
0.512951
0.403777
0.50225
0.514722
0.539031
0.498373
0.455254
0.505309
0.52674
0.577328
0.436973
0.541605
0.50844
0.549336
0.48286
0.484827
0.484134
0.500068
0.549391
0.439567
0.428329
0.520635
0.482095
0.459885
0.486073
0.489384
0.48082
0.450774
0.452384
0.445724
0.437621
0.562546
0.456093
0.464173
0.522972
0.547629
0.479663
0.479227
0.500099
0.507257
0.397449
0.425556
0.452129
0.461774
0.526342
0.53381
0.50173
0.517271
0.412353
0.515078
0.44009
0.447874
0.532844
0.529915
0.478731
0.488978
0.538724
0.477691
0.463568
0.493285
0.461698
0.53718
0.542187
0.446085
0.483798
0.492123
0.493053
0.472215
0.426012
0.404588
0.489128
0.540515
0.505129
0.47121
0.463327
0.517261
0.446608
0.498044
0.496373
0.393161
0.482839
0.503213
0.447336
0.504321
0.553113
0.448442
0.468432
0.508652
0.376708
0.460101
0.471594
0.464256
0.464339
0.527599
0.489978
0.484557
0.548044
0.471419
0.521155
0.490558
0.4717
0.511198
0.438464
0.499528
0.508072
0.412662
0.431773
0.469816
0.541602
0.510106
0.507872
0.516341
0.48018
0.487694
0.443694
0.546099
0.523388
0.571825
0.412633
0.479458
0.558765
0.499334
0.518961
0.539947
0.523568
0.473438
0.43034
0.506953
0.481199
0.548943
0.503475
0.550998
0.504892
0.461282
0.471055
0.426072
0.463854
0.45413
0.496374
0.509584
0.483402
0.481296
0.456392
0.523143
0.532068
0.513892
0.464978
0.563692
0.440838
0.541005
0.472228
0.472585
0.420002
0.492302
0.513886
0.524247
0.508748
0.457948
0.492465
0.521318
0.456494
0.422951
0.474992
0.511977
0.468834
0.440793
0.461021
0.507716
0.435121
0.433376
0.472268
0.494516
0.493485
0.482981
0.535116
0.504709
0.474358
0.504719
0.443691
0.474767
0.481926
0.427149
0.512662
0.481834
0.500316
0.526619
0.485277
0.534922
0.504345
0.513014
0.502121
0.540613
0.522594
0.533003
0.471727
0.449447
0.496469
0.416626
0.476697
0.502573
0.506789
0.50906
0.52209
0.470588
0.432128
0.51165
0.501217
0.475452
0.435758
0.480803
0.457178
0.504536
0.479981
0.506023
0.530976
0.523623
0.47152
0.441361
0.47424
0.466107
0.49228
0.500838
0.491337
0.498573
0.492157
0.500959
0.486642
0.479416
0.524019
0.466871
0.503143
0.484154
0.498599
0.457952
0.454556
0.473492
0.502357
0.497251
0.474623
0.486403
0.47364
0.414467
0.509119
0.527723
0.482927
0.454762
0.495623
0.50069
0.53555
0.454742
0.549015
0.469891
0.480206
0.478867
0.461177
0.476614
0.481316
0.465747
0.509209
0.503346
0.49343
0.512488
0.444944
0.496565
0.463098
0.436046
0.560837
0.544939
0.508854
0.468114
0.492828
0.394325
0.455132
0.499956
0.45536
0.538489
0.473931
0.441017
0.505591
0.431673
0.590805
0.53541
0.519084
0.545977
0.5423
0.446321
0.424608
0.438844
0.437231
0.485017
0.437748
0.462357
0.509509
0.474355
0.434839
0.508717
0.474828
0.428446
0.444605
0.457621
0.513021
0.496069
0.509713
0.457006
0.535978
0.46377
0.410479
0.460784
0.534022
0.425798
0.457116
0.518994
0.485116
0.471192
0.435967
0.474094
0.573836
0.398466
0.500268
0.465954
0.48521
0.452896
0.439469
0.475568
0.508056
0.479613
0.472356
0.479823
0.477221
0.466961
0.462337
0.562619
0.53424
0.42521
0.461765
0.447481
0.438725
0.443075
0.450568
0.491003
0.512017
0.483045
0.516941
0.468917
0.497267
0.490254
0.505312
0.496112
0.480542
0.522574
0.472889
0.473672
0.408096
0.436386
0.459083
0.449417
0.479608
0.458097
0.499075
0.47919
0.499812
0.511789
0.539497
0.4734
0.519753
0.484179
0.445083
0.430784
0.457306
0.470878
0.518324
0.384067
0.474157
0.425536
0.500812
0.521891
0.525834
0.513641
0.474646
0.4966
0.491728
0.521205
0.466348
0.43388
0.480866
0.480795
0.49542
0.493198
0.493705
0.499202
0.495824
0.492784
0.480613
0.502667
0.518244
0.458532
0.579193
0.382158
0.477173
0.482741
0.57224
0.537917
0.462718
0.508892
0.482798
0.497283
0.453116
0.488575
0.527767
0.506374
0.545163
0.479339
0.525703
0.474069
0.515061
0.476591
0.405682
0.465842
0.471228
0.477738
0.502509
0.508101
0.428292
0.447325
0.526899
0.4916
0.537538
0.47489
0.457153
0.522916
0.439433
0.471933
0.46772
0.482405
0.476981
0.546174
0.484603
0.521813
0.440333
0.425368
0.487235
0.515996
0.473719
0.483
0.500302
0.5705
0.48576
0.492779
0.507708
0.529339
0.507194
0.491306
0.490746
0.483154
0.420541
0.526926
0.512737
0.537775
0.532849
0.542401
0.476259
0.50193
0.49785
0.471321
0.47972
0.581338
0.475168
0.510488
0.466205
0.499791
0.459659
0.53885
0.45705
0.501862
0.424431
0.466876
0.523048
0.514782
0.435218
0.515415
0.475814
0.46467
0.434306
0.49797
0.518321
0.457123
0.440757
0.443585
0.500283
0.477286
0.462368
0.505007
0.494219
0.501922
0.451949
0.531648
0.520585
0.53663
0.467203
0.436049
0.493539
0.516213
0.371937
0.40787
0.498693
0.528428
0.452717
0.55647
0.437855
0.487473
0.515495
0.566055
0.461502
0.439208
0.406998
0.446994
0.548064
0.528175
0.468888
0.458007
0.526908
0.47056
0.43691
0.469833
0.479447
0.482215
0.476054
0.400673
0.461861
0.461938
0.439871
0.49531
0.463644
0.497605
0.425925
0.438833
0.510695
0.504462
0.489353
0.425268
0.511803
0.520583
0.475908
0.531047
0.523955
0.467217
0.520313
0.537858
0.485409
0.410177
0.499858
0.546667
0.46363
0.429208
0.507217
0.542672
0.445236
0.491941
0.477271
0.523191
0.503449
0.518728
0.51946
0.520007
0.488386
0.519884
0.506972
0.513356
0.512967
0.51176
0.531809
0.458
0.510294
0.511882
0.520854
0.489461
0.510808
0.439486
0.516457
0.451844
0.42399
0.498183
0.430121
0.495628
0.496549
0.450381
0.458745
0.505284
0.488188
0.504786
0.453284
0.475151
0.489833
0.490688
0.461841
0.459076
0.511754
0.511181
0.491516
0.53454
0.462718
0.482267
0.481292
0.468828
0.525105
0.503699
0.459406
0.526146
0.473979
0.474515
0.434229
0.472911
0.508366
0.462316
0.48368
0.467749
0.496445
0.512128
0.490349
0.51561
0.429419
0.469151
0.436262
0.506771
0.560694
0.443635
0.418293
0.458866
0.471811
0.491309
0.481817
0.515591
0.458864
0.465557
0.568913
0.462497
0.455435
0.438876
0.506933
0.554648
0.495378
0.486881
0.41694
0.524755
0.512022
0.469945
0.474436
0.512576
0.506265
0.458557
0.434309
0.500255
0.507691
0.558445
0.505746
0.461251
0.465708
0.486442
0.500977
0.566351
0.503367
0.547566
0.513124
0.54805
0.501301
0.492956
0.541738
0.466795
0.541294
0.484273
0.468424
0.521772
0.48543
0.450025
0.532674
0.503263
0.437318
0.514875
0.52227
0.521344
0.422651
0.49182
0.423272
0.442397
0.36683
0.458259
0.525418
0.489984
0.474302
0.534245
0.496804
0.510695
0.493884
0.461371
0.525907
0.503799
0.473938
0.480617
0.519032
0.492575
0.496823
0.481064
0.494668
0.407523
0.545761
0.447725
0.502965
0.493669
0.440407
0.473406
0.515142
0.498647
0.472907
0.452413
0.48863
0.536043
0.524105
0.518119
0.43937
0.512346
0.522575
0.490863
0.555595
0.488363
0.465715
0.485551
0.506156
0.473077
0.440727
0.532754
0.494549
0.459981
0.497137
0.513923
0.536255
0.464148
0.44891
0.485728
0.53944
0.46661
0.439007
0.491934
0.442253
0.451163
0.440134
0.459712
0.463584
0.451914
0.510121
0.481935
0.525418
0.420697
0.504297
0.422875
0.53737
0.50455
0.512345
0.524466
0.462069
0.468017
0.519489
0.403358
0.535073
0.492151
0.47844
0.51556
0.445218
0.477673
0.443419
0.500391
0.509139
0.497224
0.437127
0.494397
0.547387
0.487379
0.460761
0.47063
0.512812
0.510742
0.426944
0.452906
0.412322
0.464555
0.507644
0.489312
0.517351
0.412186
0.503164
0.429329
0.47972
0.542812
0.455266
0.521858
0.459632
0.515626
0.500546
0.505913
0.536026
0.538911
0.474709
0.468968
0.504771
0.48672
0.498175
0.517193
0.520454
0.525244
0.498191
0.421519
0.523683
0.539855
0.484385
0.490587
0.415766
0.541837
0.47252
0.488448
0.484342
0.48651
0.454709
0.489673
0.506716
0.475383
0.477321
0.449527
0.51933
0.499688
0.558774
0.492152
0.392282
0.508298
0.454288
0.488303
0.454409
0.495771
0.442511
0.492993
0.486873
0.53241
0.514073
0.501726
0.469985
0.444384
0.437527
0.467952
0.487344
0.402522
0.578773
0.406682
0.542288
0.512164
0.453843
0.445434
0.480713
0.447455
0.538944
0.517788
0.498185
0.497944
0.462547
0.54187
0.561435
0.486948
0.502484
0.516788
0.487538
0.465357
0.51938
0.482999
0.542167
0.527894
0.501031
0.529742
0.493079
0.457125
0.461935
0.377358
0.53963
0.471753
0.493293
0.510648
0.465502
0.430517
0.514194
0.502714
0.475576
0.447819
0.529748
0.503598
0.4138
0.501908
0.448417
0.437363
0.47852
0.490264
0.506662
0.495848
0.495966
0.485949
0.555405
0.415757
0.486896
0.546671
0.394281
0.507242
0.527113
0.455356
0.471896
0.524259
0.447974
0.49972
0.480352
0.500018
0.476077
0.552486
0.495458
0.524995
0.516986
0.494813
0.490481
0.487418
0.527035
0.473752
0.469607
0.472755
0.447723
0.483769
0.479797
0.499402
0.448614
0.526449
0.468862
0.50861
0.445653
0.457146
0.466311
0.481769
0.508298
0.564366
0.486639
0.494642
0.449293
0.502273
0.558147
0.47229
0.485152
0.503331
0.516428
0.505268
