0.018544
0.016206
0.051036
0.027868
0.016799
0.023805
0.032156
0.029918
0.023815
0.015206
0.017
0.025206
0.014328
0.025854
0.026713
0.009081
0.013428
0.025019
0.02324
0.020123
0.015546
0.02777
0.01208
0.01694
0.019138
0.017148
0.037455
0.021517
0.027005
0.026568
0.032072
0.039581
0.016003
0.056297
0.014164
0.035011
0.023455
0.030929
0.042631
0.024892
0.017094
0.019225
0.015815
0.027622
0.028604
0.024236
0.042091
0.04172
0.027553
0.018574
0.029845
0.087152
0.030665
0.019915
0.023635
0.019082
0.014341
0.014346
0.026823
0.015449
0.022931
0.016541
0.018198
0.016336
0.027411
0.016982
0.038618
0.024612
0.026666
0.01062
0.018963
0.017108
0.016379
0.019584
0.02753
0.047037
0.024836
0.015831
0.013277
0.017872
0.022636
0.036628
0.018348
0.018406
0.032893
0.011713
0.016204
0.007108
0.014287
0.014216
0.016147
0.016277
0.031236
0.025358
0.029341
0.0159
0.015088
0.014229
0.015998
0.035144
0.012551
0.010047
0.019816
0.030922
0.008979
0.020598
0.012866
0.01998
0.027337
0.018648
0.025372
0.017021
0.029341
0.022887
0.054372
0.0203
0.013796
0.022713
0.017661
0.022314
0.0181
0.016018
0.016255
0.029566
0.029185
0.036873
0.022388
0.020276
0.012243
0.010329
0.015092
0.01942
0.026023
0.02717
0.02554
0.014418
0.027426
0.02129
0.026473
0.01673
0.014015
0.041064
0.017301
0.019931
0.017411
0.015802
0.0162
0.014311
0.029826
0.018823
0.023492
0.030761
0.029101
0.05248
0.017856
0.02773
0.01394
0.025899
0.011065
0.013523
0.024001
0.014664
0.010037
0.015403
0.009841
0.007773
0.057489
0.007343
0.012732
0.025989
0.011718
0.017188
0.023459
0.013678
0.01744
0.029088
0.025841
0.062221
0.026352
0.024594
0.011577
0.0497
0.023323
0.01484
0.027601
0.015781
0.024269
0.024252
0.047345
0.014684
0.02576
0.013763
0.029616
0.014075
0.014233
0.013872
0.022345
0.013358
0.011526
0.011864
0.009016
0.02492
0.023593
0.027941
0.014236
0.026633
0.074727
0.030238
0.066897
0.02368
0.014287
0.012677
0.013143
0.04208
0.006375
0.036257
0.01711
0.019815
0.020731
0.02739
0.016656
0.018435
0.015282
0.013188
0.016469
0.02794
0.030816
0.020632
0.014092
0.047749
0.019125
0.015507
0.016248
0.014488
0.03883
0.011995
0.026421
0.018172
0.020242
0.013529
0.017756
0.01377
0.014243
0.017275
0.032275
0.016122
0.014607
0.018518
0.034668
0.018649
0.102723
0.005228
0.05076
0.027514
0.024078
0.0269
0.021834
0.015272
0.01442
0.054934
0.010692
0.016273
0.023193
0.013767
0.024577
0.016841
0.03036
0.01289
0.020884
0.01491
0.017604
0.01578
0.015214
0.017703
0.018632
0.032426
0.016322
0.01831
0.018347
0.013957
0.0103
0.015275
0.020228
0.029106
0.012167
0.014565
0.01611
0.012183
0.014679
0.021501
0.020694
0.035156
0.015332
0.022077
0.017344
0.016691
0.016672
0.020921
0.02316
0.014074
0.032475
0.013803
0.012929
0.013773
0.045877
0.024973
0.014882
0.045919
0.019327
0.021982
0.03177
0.048078
0.014959
0.02262
0.021018
0.018713
0.017911
0.01941
0.022496
0.04593
0.032743
0.031259
0.014186
0.03609
0.018546
0.024977
0.013177
0.012563
0.008997
0.024061
0.026119
0.015096
0.013697
0.015233
0.009061
0.01508
0.014881
0.024872
0.030054
0.011788
0.034578
0.019581
0.009131
0.041835
0.012426
0.00755
0.024385
0.013665
0.025996
0.020118
0.015255
0.019556
0.014406
0.015918
0.009835
0.008206
0.008522
0.013999
0.026339
0.005379
0.019397
0.011491
0.015271
0.019781
0.024589
0.007799
0.022459
0.015752
0.014606
0.01396
0.015786
0.018345
0.034553
0.026931
0.028767
0.012414
0.012463
0.016929
0.017272
0.03706
0.014559
0.022916
0.0098
0.01959
0.019174
0.035844
0.011558
0.017014
0.025611
0.015532
0.008568
0.022197
0.028135
0.029711
0.018833
0.015829
0.017172
0.0119
0.020323
0.023701
0.01493
0.014145
0.018368
0.018897
0.010506
0.015641
0.029393
0.016792
0.02031
0.017436
0.019386
0.01112
0.026595
0.013314
0.024591
0.014148
0.03809
0.008809
0.01497
0.015616
0.01408
0.01642
0.007661
0.019751
0.015109
0.012718
0.025759
0.012291
0.054917
0.022875
0.011926
0.008045
0.014454
0.024274
0.020797
0.067754
0.021614
0.025214
0.013405
0.006788
0.023451
0.016746
0.007461
0.043126
0.008278
0.010265
0.013481
0.010084
0.024074
0.01859
0.015955
0.025064
0.069661
0.00888
0.020483
0.015405
0.022781
0.046247
0.025969
0.017245
0.014645
0.048984
0.018791
0.028279
0.033597
0.012042
0.023918
0.013195
0.010393
0.015148
0.068215
0.021776
0.022942
0.016376
0.017403
0.018913
0.016078
0.024937
0.015134
0.025862
0.022575
0.013391
0.016528
0.0092
0.016366
0.014109
0.013541
0.039784
0.028101
0.006618
0.019507
0.025588
0.030237
0.019756
0.012454
0.024861
0.023058
0.027932
0.030184
0.013855
0.017916
0.021493
0.012862
0.026337
0.013134
0.009881
0.014145
0.008875
0.029649
0.020394
0.01247
0.010274
0.015839
0.010306
0.028329
0.016603
0.006326
0.011909
0.007462
0.012522
0.02179
0.017175
0.014869
0.016478
0.018148
0.049694
0.017747
0.010651
0.012436
0.00909
0.010259
0.018577
0.013001
0.017463
0.043365
0.014038
0.020091
0.011239
0.011115
0.016903
0.01577
0.01976
0.010631
0.008326
0.014081
0.019702
0.013176
0.015007
0.01682
0.005657
0.032095
0.014865
0.027219
0.026898
0.010829
0.07125
0.01543
0.015166
0.015388
0.014945
0.0215
0.022929
0.011846
0.015217
0.053903
0.012301
0.015782
0.021902
0.022005
0.014504
0.01394
0.023678
0.03124
0.008129
0.026504
0.014109
0.014936
0.008913
0.008126
0.015851
0.00524
0.013871
0.010968
0.042602
0.008452
0.020113
0.054568
0.013342
0.015716
0.05608
0.013686
0.010742
0.019055
0.044703
0.028521
0.015324
0.028538
0.03314
0.026055
0.006879
0.013162
0.018155
0.02397
0.019782
0.031558
0.014926
0.018769
0.014703
0.024495
0.014865
0.021276
0.009595
0.025332
0.021517
0.026102
0.017742
0.010101
0.012057
0.042915
0.018527
0.013067
0.014376
0.012282
0.017448
0.014936
0.014994
0.028751
0.044787
0.018498
0.029535
0.014925
0.018732
0.005945
0.014581
0.016292
0.016892
0.010985
0.034275
0.011988
0.00754
0.025561
0.020491
0.020902
0.015479
0.011239
0.009961
0.019627
0.043275
0.050437
0.016952
0.017354
0.018692
0.016798
0.016722
0.008013
0.012161
0.019035
0.048022
0.015514
0.044357
0.02017
0.028792
0.016148
0.010215
0.027933
0.011946
0.017395
0.019917
0.01564
0.00903
0.029704
0.018673
0.013467
0.014938
0.020751
0.026072
0.034001
0.02196
0.016085
0.04349
0.011211
0.02458
0.021642
0.023883
0.016222
0.024131
0.01648
0.009181
0.018211
0.014716
0.007692
0.021689
0.014606
0.011579
0.023785
0.016602
0.025179
0.016401
0.01693
0.014457
0.016028
0.007225
0.013353
0.015007
0.017156
0.015097
0.008506
0.007516
0.011835
0.017782
0.009174
0.020067
0.045095
0.00879
0.015253
0.031715
0.0069
0.063966
0.012771
0.008107
0.015663
0.009626
0.04357
0.021909
0.025013
0.016564
0.015903
0.012918
0.018448
0.01852
0.013282
0.020002
0.014232
0.00618
0.009101
0.019341
0.010999
0.014272
0.01054
0.023963
0.026874
0.014435
0.037129
0.01544
0.005743
0.028741
0.008611
0.019045
0.042777
0.004013
0.013529
0.010604
0.014594
0.020785
0.012141
0.023339
0.02631
0.01513
0.012181
0.019829
0.016875
0.011806
0.030442
0.012686
0.02439
0.012501
0.011065
0.027507
0.012036
0.021707
0.010484
0.024143
0.011165
0.014153
0.027664
0.007573
0.021798
0.026378
0.053636
0.044283
0.018356
0.015691
0.013723
0.015299
0.016676
0.018297
0.004588
0.011724
0.024339
0.035964
0.027689
0.013073
0.024454
0.024922
0.009731
0.009797
0.019511
0.019367
0.023476
0.033816
0.009932
0.036323
0.01454
0.017409
0.037641
0.017589
0.044907
0.0229
0.034551
0.035483
0.028702
0.055289
0.006519
0.052405
0.012088
0.011016
0.008822
0.010679
0.02484
0.020215
0.013709
0.009276
0.023515
0.008194
0.012116
0.024893
0.021541
0.013342
0.010897
0.013762
0.012351
0.017968
0.013051
0.025784
0.009299
0.021979
0.016389
0.017029
0.018127
0.007099
0.028662
0.024767
0.020693
0.013558
0.02718
0.042156
0.012104
0.012368
0.013383
0.017695
0.015178
0.049436
0.014942
0.016095
0.027023
0.013026
0.019026
0.044798
0.03188
0.043123
0.013201
0.017448
0.02642
0.026302
0.025518
0.013296
0.008267
0.014003
0.015809
0.009408
0.01961
0.010629
0.014641
0.016577
0.01552
0.011424
0.010173
0.010131
0.009267
0.014166
0.023897
0.006919
0.007784
0.020974
0.047221
0.039001
0.011134
0.007298
0.011037
0.015445
0.017054
0.034068
0.021601
0.00517
0.043485
0.018742
0.024788
0.011
0.018458
0.008943
0.02031
0.017653
0.044109
0.018374
0.014022
0.028197
0.014365
0.012123
0.014668
0.015593
0.018019
0.015138
0.017542
0.041521
0.011804
0.009493
0.016606
0.016385
0.010055
0.014235
0.025839
0.017343
0.014378
0.012188
0.01575
0.026485
0.014125
0.005855
0.026906
0.006484
0.012514
0.010139
0.010342
0.018724
0.031398
0.009708
0.02737
0.034998
0.016321
0.016006
0.04441
0.008637
0.014226
0.041461
0.011916
0.01469
0.01387
0.005503
0.02245
0.008816
0.018387
0.018111
0.026639
0.020605
0.010794
0.049161
0.016625
0.01687
0.009087
0.005144
0.028834
0.014779
0.012122
0.04535
0.02414
0.037069
0.00665
0.0084
0.026257
0.031129
0.025393
0.029402
0.029577
0.034399
0.020018
0.010241
0.029493
0.030749
0.015356
0.025395
0.011782
0.018017
0.025348
0.01511
0.032158
0.01432
0.018538
0.012017
0.021243
0.0111
0.01698
0.013575
0.021991
0.022313
0.018351
0.030719
0.00896
0.032948
0.01635
0.023547
0.017372
0.013492
0.017015
0.032302
0.016293
0.015763
0.009343
0.013805
0.022883
0.029226
0.012683
0.040832
0.005251
0.0206
0.021066
0.022596
0.010302
0.027682
0.008859
0.018195
0.056955
0.020243
0.014419
0.023842
0.027006
0.004805
0.005503
0.013464
0.005674
0.024925
0.010364
0.009214
0.017538
0.025047
0.017426
0.027007
0.028588
0.019038
0.018868
0.032745
0.011348
0.015623
0.005412
0.015158
0.011984
0.058016
0.023644
0.016498
0.006828
0.009959
0.015821
0.022371
0.006793
0.020956
0.012431
0.024222
0.021027
0.017912
0.011106
0.015424
0.010839
0.019813
0.014018
0.016332
0.012781
0.008754
0.006183
0.006735
0.012257
0.022195
0.034769
0.034474
0.016632
0.026792
0.006429
0.007897
0.02253
0.019701
0.042784
0.010785
0.018332
0.011148
0.023744
0.009938
0.022505
0.010764
0.014391
0.018269
0.020198
0.016231
0.010762
0.025777
0.020959
0.007152
0.017707
0.02756
0.006528
0.006738
0.012638
0.039701
0.015519
0.018039
0.03324
0.027075
0.009203
0.005171
0.013194
0.014635
0.017858
0.007417
0.034775
0.01003
0.017899
0.01741
0.02235
0.008427
0.025465
0.012232
0.02229
0.024859
0.007854
0.029474
0.009176
0.021799
0.017552
0.015081
0.024638
0.009672
0.083663
0.00964
0.013059
0.046853
0.018482
0.017626
0.022855
0.01282
0.010102
0.008429
0.011353
0.016955
0.039144
0.017067
0.020502
0.029067
0.024538
0.016554
0.008897
0.008983
0.025492
0.034687
0.01456
0.015144
0.024711
0.022839
0.01737
0.028957
0.008833
0.012785
0.010511
0.038519
0.019398
0.009429
0.020273
0.016248
0.015411
0.024557
0.014164
0.010979
0.011742
0.016062
0.018711
0.027112
0.015755
0.019883
0.014067
0.008637
0.019805
0.026364
0.013285
0.032749
0.010841
0.016328
0.013903
0.018262
0.026639
0.010934
0.010815
0.007003
0.026161
0.010522
0.01637
0.016554
0.014471
0.012442
0.013126
0.010749
0.019589
0.022385
0.020555
0.017534
0.020384
0.014798
0.012958
0.05524
0.012282
0.016971
0.023751
0.017995
0.008655
0.006144
0.006813
0.006072
0.013424
0.014856
0.00606
0.015202
0.018241
0.01437
0.016685
0.006716
0.006428
0.01053
0.017331
0.005782
0.038429
0.016594
0.011945
0.008093
0.006937
0.011636
0.018343
0.012894
0.020353
0.016682
0.007917
0.029758
0.029348
0.017068
0.015475
0.018171
0.011152
0.012117
0.028388
0.04073
0.030132
0.017288
0.023187
0.016531
0.009503
0.009974
0.0065
0.005532
0.008817
0.008718
0.032908
0.022723
0.009255
0.019445
0.018691
0.009098
0.024876
0.082381
0.0214
0.006729
0.015835
0.018119
0.006136
0.01229
0.00924
0.010102
0.007358
0.009961
0.009433
0.010492
0.012025
0.01982
0.006955
0.007544
0.016137
0.013264
0.014423
0.010809
0.02673
0.011664
0.018021
0.015302
0.014102
0.01467
0.007394
0.013762
0.006384
0.011644
0.031049
0.019521
0.034956
0.008887
0.010612
0.019827
0.020999
0.020802
0.022245
0.025276
0.008585
0.00637
0.014372
0.031207
0.017775
0.012663
0.011704
0.012409
0.006852
0.017342
0.019487
0.012973
0.011654
0.018872
0.015042
0.012816
0.016936
0.005553
0.044993
0.169151
0.012091
0.00489
0.010444
0.018567
0.007425
0.021002
0.013214
0.018
0.023412
0.008373
0.015495
0.01555
0.018624
0.028951
0.018593
0.01146
0.015067
0.019737
0.013556
0.009211
0.014433
0.026005
0.051066
0.010821
0.014553
0.018336
0.03007
0.023846
0.00516
0.015914
0.013311
0.028406
0.013416
0.017748
0.007649
0.012348
0.004734
0.006095
0.033363
0.016052
0.016047
0.019086
0.007067
0.028984
0.010799
0.010891
0.009255
0.013988
0.01217
0.012391
0.012502
0.021255
0.027582
0.01879
0.0059
0.028228
0.028092
0.007168
0.009949
0.012734
0.010951
0.012545
0.016595
0.005493
0.00966
0.004825
0.017048
0.008668
0.009903
0.011936
0.006343
0.017862
0.027111
0.012616
0.019375
0.013695
0.037264
0.008241
0.021695
0.017508
0.01705
0.010711
0.017069
0.021535
0.008742
0.007726
0.006777
0.018734
0.036972
0.046378
0.01309
0.013327
0.006589
0.019553
0.011413
0.008667
0.013734
0.016647
0.011352
0.012489
0.102632
0.012666
0.010008
0.006513
0.042562
0.010717
0.005357
0.016636
0.015693
0.012764
0.004291
0.008376
0.028506
0.025278
0.008093
0.009776
0.017739
0.016874
0.009601
0.015452
0.01715
0.014046
0.055471
0.006935
0.009204
0.00796
0.030866
0.020869
0.012412
0.011936
0.009617
0.009065
0.005051
0.008742
0.034085
0.009831
0.018367
0.011423
0.016698
0.013968
0.028711
0.017833
0.01275
0.018769
0.015845
0.014857
0.010983
0.008366
0.017815
0.017236
0.012732
0.010589
0.013418
0.006946
0.006943
0.013072
0.008839
0.018788
0.016266
0.018233
0.005834
0.0185
0.020895
0.012885
0.03772
0.028508
0.042961
0.032648
0.010518
0.025141
0.026196
0.035807
0.003891
0.011909
0.015121
0.013649
0.018898
0.014014
0.019326
0.015207
0.013454
0.008733
0.007818
0.012619
0.01747
0.010445
0.047101
0.020498
0.011553
0.055759
0.012531
0.013494
0.023757
0.017119
0.011825
0.013709
0.012298
0.010997
0.00396
0.010855
0.01809
0.015654
0.012186
0.018002
0.019583
0.016367
0.013277
0.011889
0.015686
0.014546
0.01006
0.036322
0.012424
0.01441
0.007306
0.03123
0.028408
0.031091
0.020123
0.009606
0.006497
0.016024
0.012065
0.012972
0.005704
0.025228
0.004539
0.006753
0.006098
0.006841
0.007891
0.010544
0.017961
0.007756
0.014131
0.015558
0.010842
0.023483
0.022346
0.018837
0.031634
0.005662
0.027762
0.013781
0.013717
0.01625
0.023348
0.007726
0.015557
0.030701
0.023664
0.019254
0.006264
0.020326
0.018719
0.020212
0.014553
0.015311
0.010798
0.014711
0.009363
0.009424
0.010444
0.030942
0.014672
0.012844
0.015111
0.022104
0.008396
0.02289
0.004648
0.066769
0.0062
0.012879
0.030015
0.010504
0.006007
0.004045
0.014673
0.013343
0.01507
0.020584
0.026411
0.025036
0.023774
0.00897
0.015706
0.030854
0.010935
0.013447
0.021211
0.013806
0.009125
0.010007
0.028894
0.001784
0.00988
0.014273
0.008893
0.015357
0.011206
0.017619
0.025514
0.01449
0.013907
0.021314
0.031717
0.035232
0.011737
0.024662
0.015472
0.011351
0.011729
0.017536
0.009309
0.014528
0.009842
0.006487
0.008739
0.025396
0.014276
0.011633
0.011599
0.016057
0.013287
0.012556
0.00749
0.014293
0.006844
0.013344
0.007596
0.01067
0.009696
0.010816
0.012932
0.015809
0.021719
0.017066
0.029288
0.008209
0.013129
0.025117
0.018206
0.008425
0.014983
0.01619
0.00995
0.022231
0.013485
0.019397
0.011851
0.022793
0.015695
0.016156
0.019534
0.009103
0.020214
0.010493
0.018762
0.027844
0.032439
0.008812
0.014441
0.01361
0.009288
0.008631
0.012565
0.01243
0.020479
0.005947
0.013042
0.013373
0.020901
0.058071
0.006086
0.023709
0.010138
0.026229
0.009839
0.013996
0.012881
0.014001
0.016526
0.022447
0.012109
0.012778
0.044442
0.007555
0.022689
0.009175
0.014897
0.03411
0.012105
0.011768
0.012944
0.021727
0.024072
0.00618
0.011282
0.025756
0.021466
0.036245
0.009594
0.013195
0.011216
0.009239
0.013135
0.015022
0.023184
0.010696
0.022856
0.006206
0.007711
0.03403
0.033469
0.007524
0.008018
0.007839
0.013416
0.007621
0.02258
0.019819
0.016774
0.04165
0.010113
0.022656
0.01791
0.019875
0.014064
0.022788
0.012165
0.023001
0.014154
0.01238
0.011855
0.005368
0.012656
0.028712
0.005065
0.020494
0.01225
0.010764
0.013026
0.018513
0.018858
0.006152
0.005686
0.013093
0.012347
0.060205
0.010238
0.007546
0.012741
0.007979
0.048048
0.031577
0.018555
0.023771
0.023611
0.011883
0.047007
0.026
0.007132
0.018678
0.026404
0.005891
0.011403
0.05731
0.010569
0.007598
0.007466
0.044195
0.010999
0.026678
0.01169
0.022482
0.00463
0.009551
0.003365
0.015562
0.010857
0.009903
0.006282
0.015568
0.017389
0.037606
0.01279
0.017476
0.016094
0.037365
0.018938
0.016021
0.021663
0.008158
0.013801
0.005486
0.01092
0.022714
0.004395
0.010771
0.008326
0.006532
0.010277
0.016729
0.012946
0.009451
0.016203
0.013282
0.003127
0.013082
0.014132
0.01098
0.030403
0.017396
0.009976
0.008206
0.007975
0.012971
0.008058
0.017513
0.012308
0.009725
0.015253
0.027064
0.009415
0.012424
0.00509
0.045066
0.045251
0.013945
0.017098
0.008823
0.017125
0.013612
0.041835
0.009395
0.012246
0.012345
0.020895
0.008961
0.007518
0.010849
0.009517
0.006403
0.025425
0.013805
0.025539
0.010374
0.015395
0.014793
0.007604
0.061194
0.014451
0.01528
0.011681
0.004163
0.046373
0.012934
0.006787
0.018784
0.012917
0.016202
0.011484
0.009775
0.01759
0.026268
0.017139
0.007316
0.011777
0.036958
0.009503
0.015542
0.0083
0.015341
0.005648
0.017203
0.015939
0.025248
0.031383
0.023734
0.024556
0.008774
0.008436
0.007492
0.007228
0.008445
0.007365
0.021094
0.006615
0.009525
0.01646
0.012154
0.013647
0.00703
0.01868
0.014227
0.014967
0.012561
0.006084
0.017205
0.014654
0.015583
0.005573
0.014751
0.022121
0.010516
0.014701
0.005246
0.004335
0.010892
0.010568
0.04424
0.014118
0.039499
0.017308
0.018916
0.023135
0.013567
0.00615
0.007657
0.006051
0.012186
0.009042
0.01495
0.029475
0.021524
0.011202
0.01898
0.010827
0.013987
0.041782
0.01875
0.008791
0.009212
0.006435
0.010904
0.008819
0.005511
0.007345
0.022719
0.017834
0.02055
0.030657
0.01659
0.019529
0.020761
0.010062
0.007064
0.014491
0.037276
0.013528
0.024046
0.021855
0.005785
0.022727
0.016221
0.012729
0.004563
0.014278
0.002861
0.028551
0.010224
0.029696
0.006756
0.011395
0.009238
0.007761
0.009394
0.022353
0.004622
0.039251
0.019182
0.018191
0.020828
0.012293
0.010085
0.018452
0.027071
0.012443
0.01543
0.017823
0.014202
0.02722
0.011663
0.019744
0.007036
0.005187
0.009846
0.013993
0.009137
0.012122
0.010911
0.025008
0.020634
0.007481
0.012029
0.009394
0.020902
0.006505
0.005164
0.014982
0.013542
0.007073
0.009289
0.005955
0.010076
0.01177
0.0121
0.005509
0.018928
0.014857
0.003559
0.028053
0.014609
0.015229
0.008692
0.007149
0.023894
0.011919
0.017181
0.013157
0.02634
0.022786
0.015944
0.019227
0.007055
0.013257
0.009848
0.013629
0.009312
0.021258
0.03428
0.016227
0.013815
0.008249
0.010538
0.008847
0.01633
0.011379
0.005945
0.007504
0.010049
0.008752
0.038273
0.007249
0.030054
0.011487
0.008227
0.008252
0.024802
0.02027
0.014249
0.033209
0.007
0.012125
0.018894
0.022416
0.012234
0.015472
0.023132
0.020495
0.010591
0.017965
0.015825
0.008141
0.011577
0.016516
0.023818
0.005994
0.025496
0.036946
0.033146
0.010285
0.023161
0.032203
0.024209
0.019931
0.011067
0.012747
0.013404
0.015068
0.012113
0.006477
0.024534
0.010675
0.028521
0.006177
0.008438
0.010655
0.011694
0.024515
0.010786
0.042084
0.00584
0.008729
0.01854
0.015174
0.005693
0.007272
0.01515
0.007243
0.013468
0.011385
0.026579
0.007935
0.005702
0.008961
0.005095
0.014957
0.011571
0.027919
0.018389
0.005661
0.016466
0.00621
0.010577
0.013682
0.030638
0.008447
0.018115
0.010229
0.005612
0.006641
0.044337
0.006189
0.010414
0.007608
0.010291
0.011908
0.030985
0.014162
0.018015
0.012409
0.005883
0.021941
0.01355
0.015396
0.010352
0.00312
0.015492
0.010874
0.017961
0.01306
0.010976
0.011553
0.02292
0.006242
0.01615
0.007751
0.006078
0.015858
0.029038
0.015522
0.01236
0.00945
0.019196
0.007069
0.014437
0.00702
0.020095
0.030468
0.0087
0.008325
0.004972
0.023146
0.011735
0.008867
0.009759
0.009982
0.007748
0.008474
0.009611
0.015276
0.035668
0.010772
0.017583
0.018912
0.011581
0.005317
0.007007
0.009038
0.007676
0.029374
0.005056
0.056423
0.014053
0.038741
0.009878
0.012659
0.012394
0.021238
0.014768
0.005555
0.022353
0.017634
0.009051
0.01104
0.01107
0.006356
0.011352
0.013182
0.009521
0.010474
0.018962
0.024186
0.012895
0.017723
0.013245
0.010178
0.034383
0.011177
0.009895
0.03251
0.015211
0.037047
0.029909
0.010407
0.01333
0.010506
0.021888
0.003241
0.019442
0.027086
0.019581
0.009052
0.009258
0.007921
0.006685
0.022877
0.01842
0.04772
0.01618
0.012091
0.0101
0.012096
0.01549
0.023348
0.007144
0.008129
0.066146
0.006475
0.012595
0.012395
0.017596
0.008431
0.019769
0.014807
0.009907
0.010091
0.006661
0.008385
0.013007
0.006378
0.023586
0.006611
0.010859
0.005352
0.028561
0.014629
0.02285
0.002879
0.037532
0.016499
0.031856
0.016615
0.010136
0.01071
0.01935
0.009953
0.005266
0.013696
0.016344
0.008521
0.009073
0.020002
0.01515
0.022671
0.009592
0.013615
0.03963
0.005715
0.013865
0.00596
0.009579
0.015008
0.013553
0.017772
0.012656
0.005237
0.014518
0.015491
0.007156
0.021629
0.024824
0.023912
0.010642
0.012228
0.015003
0.014476
0.011405
0.042957
0.012063
0.005488
0.011638
0.018142
0.021063
0.020452
0.018606
0.008245
0.015014
0.008371
0.008889
0.036957
0.011274
0.003833
0.010042
0.008737
0.006704
0.009998
0.004252
0.007013
0.014648
0.007237
0.026452
0.023032
0.011996
0.022739
0.028768
0.006453
0.019847
0.01978
0.009583
0.022015
0.011437
0.016779
0.017699
0.012941
0.012501
0.009356
0.010205
0.013704
0.016957
0.002827
0.013311
0.009178
0.014759
0.02275
0.009363
0.012578
0.019909
0.004572
0.035373
0.017307
0.020105
0.00618
0.030005
0.01783
0.00824
0.034816
0.009449
0.013933
0.007837
0.012983
0.009155
0.014167
0.004263
0.011068
0.014811
0.012088
0.015884
0.080697
0.029765
0.008571
0.004206
0.010753
0.021719
0.010496
0.019977
0.009444
0.021364
0.021353
0.009395
0.012193
0.013506
0.010133
0.004001
0.002758
0.005998
0.006771
0.00722
0.023925
0.01934
0.011021
0.014888
0.010262
0.013383
0.007509
0.021918
0.015385
0.009977
0.004973
0.023768
0.007422
0.01273
0.006217
0.016965
0.022074
0.005589
0.020873
0.007507
0.018899
0.014847
0.017708
0.018744
0.019381
0.005478
0.012361
0.010761
0.009774
0.023857
0.026393
0.014737
0.003542
0.010503
0.008422
0.009483
0.005894
0.012243
0.008972
0.020182
0.010679
0.007214
0.011414
0.019516
0.022206
0.022292
0.007117
0.008457
0.002428
0.022066
0.01675
0.027032
0.014495
0.006333
0.012344
0.013139
0.019411
0.020163
0.009985
0.002418
0.00823
0.010983
0.007616
0.007402
0.008969
0.010424
0.011419
0.011374
0.011678
0.006655
0.008828
0.014976
0.018467
0.015254
0.012733
0.006615
0.008551
0.010352
0.008974
0.00712
0.014029
0.004919
0.010297
0.007444
0.012209
0.008245
0.008972
0.005408
0.01006
0.005512
0.011726
0.022278
0.003741
0.011279
0.023842
0.013535
0.004823
0.020182
0.007178
0.01524
0.021052
0.021314
0.019232
0.008274
0.008186
0.012363
0.007785
0.012915
0.009324
0.021449
0.015589
0.01337
0.013803
0.00944
0.005205
0.00985
0.014416
0.012093
0.005695
0.020759
0.013524
0.003226
0.011654
0.012458
0.008314
0.008114
0.020154
0.019116
0.005462
0.010489
0.019311
0.017738
0.003702
0.006136
0.010895
0.008993
0.007367
0.004248
0.027539
0.016243
0.010942
0.008749
0.011235
0.010806
0.023621
0.014754
0.017235
0.016612
0.009881
0.00927
0.006134
0.005684
0.01219
0.009905
0.012783
0.010373
0.003767
0.022966
0.010577
0.03796
0.012041
0.005571
0.008151
0.010504
0.017034
0.00748
0.020656
0.008853
0.013319
0.010041
0.013323
0.009531
0.015331
0.015873
0.016927
0.023324
0.009076
0.016349
0.016964
0.002041
0.004084
0.010425
0.013667
0.020157
0.011681
0.007775
0.0063
0.013314
0.016531
0.024742
0.007603
0.006971
0.001813
0.026549
0.009313
0.012251
0.007649
0.026701
0.011266
0.008158
0.012175
0.009437
0.009817
0.009575
0.008554
0.016172
0.009659
0.005395
0.007661
0.01169
0.052342
0.012117
0.01637
0.01098
0.012542
0.007295
0.011888
0.009026
0.010503
0.004383
0.007256
0.006696
0.004182
0.013246
0.005916
0.014471
0.012057
0.014862
0.017054
0.005617
0.015017
0.006954
0.010283
0.01367
0.0121
0.006839
0.019351
0.014422
0.014577
0.012529
0.011371
0.016092
0.014684
0.0059
0.046365
0.012642
0.012315
0.010808
0.007126
0.007887
0.019881
0.010068
0.012929
0.013817
0.006394
0.022132
0.012967
0.019747
0.01211
0.011642
0.009071
0.023685
0.011517
0.006131
0.005645
0.011082
0.045351
0.010861
0.00938
0.011073
0.011058
0.012431
0.014642
0.009471
0.030375
0.011639
0.006277
0.014844
0.010502
0.011364
0.021914
0.009995
0.022515
0.012404
0.009003
0.020759
0.006853
0.015035
0.0142
0.013063
0.006184
0.005849
0.014505
0.003954
0.007816
0.025572
0.024252
0.003943
0.006096
0.008499
0.008185
0.009966
0.012064
0.028947
0.009835
0.010909
0.021944
0.00892
0.010007
0.020841
0.018421
0.026539
0.004569
0.008832
0.013399
0.01015
0.012219
0.030613
0.004078
0.008198
0.007485
0.013602
0.025242
0.038358
0.017332
0.007111
0.004787
0.01979
0.009152
0.008191
0.006036
0.00676
0.008497
0.009451
0.014121
0.032856
0.00827
0.014157
0.013551
0.009659
0.0134
0.018344
0.003223
0.012352
0.007294
0.004864
0.01211
0.02077
0.015883
0.002119
0.018849
0.00675
0.003669
0.026862
0.00641
0.020214
0.01538
0.007476
0.017109
0.033491
0.028073
0.008476
0.007438
0.01265
0.011535
0.020792
0.012117
0.004554
0.006774
0.012726
0.016429
0.010627
0.016914
0.023714
0.005903
0.014593
0.011848
0.014837
0.012589
0.029533
0.004586
0.015273
0.020631
0.006095
0.006133
0.006183
0.016358
0.027107
0.014768
0.010258
0.017397
0.011753
0.012122
0.02519
0.003146
0.016568
0.007866
0.018995
0.018561
0.023955
0.012178
0.011857
0.009189
0.011204
0.028636
0.026104
0.003922
0.011917
0.020904
0.012254
0.011606
0.021379
0.006569
0.008491
0.017311
0.005941
0.007587
0.0116
0.009135
0.011304
0.010663
0.011516
0.046686
0.014897
0.013691
0.014005
0.005823
0.011458
0.008263
0.003772
0.003353
0.009937
0.012757
0.018823
0.009458
0.030144
0.012034
0.026902
0.00595
0.007893
0.046174
0.006663
0.011974
0.016098
0.005564
0.009301
0.013797
0.018389
0.008585
0.003761
0.002358
0.016651
0.011653
0.020226
0.008998
0.013142
0.012431
0.007414
0.005264
0.006883
0.013751
0.006684
0.013127
0.019976
0.016872
0.016854
0.018183
0.009542
0.010145
0.010617
0.011415
0.009158
0.009347
0.014702
0.02133
0.0155
0.010669
0.009566
0.009269
0.014069
0.008694
0.023918
0.016792
0.010458
0.00783
0.012498
0.018194
0.006281
0.009937
0.002204
0.021765
0.008301
0.00552
0.011267
0.002813
0.017685
0.006496
0.022674
0.009716
0.014463
0.013038
0.007138
0.027752
0.008164
0.013742
0.018328
0.015318
0.03783
0.010651
0.016997
0.010807
0.016345
0.018936
0.007074
0.01255
0.00597
0.015675
0.030906
0.008104
0.034596
0.010246
0.00669
0.020096
0.003101
0.010197
0.015093
0.046058
0.015869
0.008282
0.013259
0.012955
0.009802
0.007976
0.012417
0.017306
0.01422
0.010611
0.01148
0.016617
0.014132
0.026477
0.014042
0.012259
0.007576
0.008687
0.0061
0.01948
0.025962
0.011866
0.005928
0.009269
0.01554
0.011968
0.008505
0.008297
0.014465
0.013844
0.013473
0.0098
0.009145
0.005647
0.011193
0.01061
0.005151
0.01452
0.004365
0.016157
0.009372
0.008413
0.014688
0.007577
0.006436
0.012847
0.007714
0.010613
0.0154
0.019257
0.009662
0.007792
0.045644
0.011287
0.004137
0.014711
0.00501
0.005218
0.008116
0.010033
0.011278
0.006652
0.016907
0.010763
0.011782
0.022393
0.026264
0.022597
0.008399
0.005552
0.00553
0.007802
0.007323
0.018839
0.005676
0.006931
0.03065
0.020805
0.009055
0.016377
0.020316
0.013039
0.005591
0.012478
0.007326
0.011603
0.005855
0.014917
0.005956
0.016419
0.009468
0.031024
0.012925
0.006112
0.018815
0.006719
0.015227
0.007366
0.007624
0.00501
0.016199
0.010533
0.010951
0.00759
0.012967
0.010026
0.002854
0.017822
0.005385
0.019099
0.036478
0.007454
0.025755
0.005593
0.021342
0.011211
0.011801
0.003631
0.007771
0.014309
0.009882
0.009054
0.009106
0.012394
0.00733
0.010624
0.012568
0.006112
0.008726
0.014675
0.016422
0.008703
0.008985
0.006732
0.016859
0.008073
0.022039
0.016134
0.008524
0.011616
0.009955
0.007283
0.00918
0.032365
0.015311
0.022506
0.00644
0.018089
0.012685
0.014118
0.014638
0.015233
0.006394
0.010536
0.01089
0.013962
0.013257
0.008213
0.028349
0.01291
0.068005
0.002998
0.013264
0.013777
0.015495
0.009319
0.007671
0.01742
0.015155
0.013344
0.003541
0.012871
0.002888
0.009518
0.010058
0.008654
0.017251
0.01507
0.028927
0.033419
0.009688
0.013259
0.010012
0.009115
0.018348
0.00769
0.004853
0.011028
0.008976
0.013218
0.014054
0.010722
0.013356
0.006198
0.027871
0.012563
0.010031
0.016781
0.012511
0.008872
0.020985
0.006078
0.006277
0.0074
0.019109
0.019036
0.026851
0.011441
0.013733
0.010423
0.010478
0.013191
0.017391
0.015286
0.02277
0.007399
0.01222
0.017681
0.010447
0.008077
0.01861
0.008189
0.009782
0.027923
0.006886
0.016425
0.026223
0.009968
0.029437
0.020654
0.010445
0.012006
0.005562
0.014564
0.009289
0.019259
0.033155
0.007476
0.007703
0.013491
0.014446
0.010174
0.011352
0.006311
0.02683
0.010681
0.006724
0.017128
0.007551
0.01245
0.020962
0.018453
0.010658
0.016449
0.002119
0.014796
0.019764
0.00629
0.008283
0.003695
0.02267
0.009049
0.015189
0.019055
0.01402
0.009079
0.014189
0.018557
0.018136
0.0117
0.01375
0.021907
0.025824
0.009519
0.014824
0.011333
0.010266
0.009956
0.010287
0.00405
0.0188
0.018333
0.027895
0.005918
0.008011
0.006048
0.003309
0.012829
0.00339
0.00903
0.011719
0.016638
0.007816
0.014647
0.002899
0.015824
0.002307
0.031659
0.014428
0.020214
0.009677
0.043632
0.007589
0.014696
0.017235
0.014033
0.005845
0.006355
0.004642
0.024978
0.011102
0.003344
0.01824
0.011862
0.007711
0.005885
0.016991
0.024468
0.006526
0.027491
0.006985
0.009541
0.009183
0.014373
0.005988
0.023538
0.005701
0.015599
0.015004
0.013377
0.018292
0.007548
0.031461
0.028021
0.015798
0.019635
0.005433
0.008925
0.008128
0.012859
0.005008
0.012673
0.022673
0.009833
0.013471
0.011906
0.008844
0.005325
0.009815
0.008285
0.020556
0.004938
0.01454
0.003521
0.012046
0.023494
0.027252
0.023628
0.025418
0.017668
0.021495
0.009393
0.009517
0.00578
0.00697
0.0467
0.023498
0.031681
0.011211
0.005095
0.011064
0.013786
0.014501
0.061701
0.010941
0.007962
0.006118
0.020284
0.011171
0.006935
0.015437
0.015328
0.018784
0.018062
0.016822
0.005428
0.010348
0.027704
0.00391
0.021679
0.005588
0.013905
0.009348
0.031737
0.005478
0.011507
0.021097
0.035447
0.019194
0.013678
0.022251
0.014144
0.021269
0.007033
0.035852
0.012243
0.008912
0.018131
0.008088
0.005454
0.004612
0.032107
0.010061
0.004727
0.034235
0.049163
0.001475
0.007064
0.01851
0.024978
0.012283
0.01467
0.006201
0.011912
0.006039
0.008625
0.004346
0.005555
0.030451
0.006343
0.012811
0.010436
0.007631
0.004407
0.009625
0.012193
0.006582
0.013299
0.008927
0.007533
0.009976
0.002998
0.012936
0.008195
0.017852
0.007281
0.013667
0.010419
0.008088
0.009209
0.010532
0.004761
0.011631
0.014711
0.006767
0.012264
0.012486
0.013422
0.008308
0.009915
0.011679
0.011523
0.008256
0.010696
0.009202
0.005397
0.028427
0.006289
0.019118
0.005466
0.011308
0.007382
0.014501
0.015853
0.006097
0.00693
0.016029
0.006503
0.00707
0.014605
0.015114
0.006395
0.028913
0.005751
0.062017
0.008527
0.007901
0.003939
0.015939
0.006973
0.026405
0.012042
0.012028
0.015285
0.007551
0.00563
0.006127
0.008608
0.017295
0.009038
0.030462
0.013957
0.0186
0.007969
0.00278
0.031321
0.004274
0.021223
0.012101
0.01108
0.01076
0.012314
0.014192
0.008826
0.016823
0.02319
0.02187
0.018875
0.011436
0.008851
0.003769
0.017493
0.012555
0.011078
0.004505
0.00767
0.01187
0.012846
0.016861
0.02129
0.013348
0.020353
0.010338
0.006579
0.005692
0.002655
0.015276
0.008284
0.008283
0.011221
0.01689
0.006103
0.010022
0.016186
0.034262
0.007627
0.010028
0.006596
0.011236
0.008573
0.011646
0.010651
0.00445
0.025539
0.009424
0.005578
0.007748
0.012268
0.02745
0.012576
0.022709
0.00899
0.01301
0.012396
0.019516
0.01299
0.01315
0.007096
0.008005
0.014382
0.020044
0.015381
0.008041
0.014782
0.014865
0.010111
0.029786
0.010431
0.012122
0.013581
0.005913
0.007444
0.012271
0.02598
0.00848
0.020857
0.007822
0.003766
0.007378
0.001846
0.016163
0.0076
0.008853
0.005739
0.005834
0.005904
0.022588
0.006595
0.008116
0.007755
0.022149
0.01413
0.004478
0.010439
0.015501
0.018978
0.021493
0.009732
0.004658
0.010207
0.016332
0.00568
0.004467
0.019276
0.013778
0.008085
0.017129
0.009893
0.010776
0.005639
0.005126
0.007654
0.008709
0.008357
0.010484
0.006738
0.013403
0.012781
0.010275
0.005896
0.0107
0.00644
0.017275
0.008501
0.0068
0.001896
0.010225
0.007227
0.009561
0.019624
0.01112
0.007163
0.008436
0.010757
0.020832
0.028189
0.006748
0.007636
0.021782
0.007051
0.00599
0.00656
0.01461
0.018148
0.016367
0.009969
0.005294
0.009157
0.025678
0.027726
0.00746
0.002728
0.029511
0.0054
0.005524
0.014214
0.01963
0.00543
0.013932
0.025209
0.002714
0.011885
0.006432
0.002478
0.012828
0.03111
0.010112
0.006802
0.003264
0.008919
0.006172
0.02321
0.012042
0.010829
0.007487
0.01089
0.027537
0.016097
0.011387
0.005469
0.013295
0.018753
0.011823
0.002534
0.003984
0.024125
0.009872
0.016779
0.008034
0.002568
0.010422
0.007427
0.006093
0.010418
0.022674
0.013322
0.007963
0.011713
0.016869
0.008991
0.018288
0.005514
0.010567
0.004874
0.031073
0.031223
0.008402
0.009017
0.012735
0.015744
0.008032
0.014017
0.007783
0.011839
0.009014
0.013907
0.011108
0.005213
0.00424
0.028243
0.005787
0.016455
0.006717
0.012168
0.023428
0.015053
0.005018
0.013639
0.008378
0.007051
0.014649
0.005259
0.005775
0.007381
0.009075
0.017445
0.023397
0.005389
0.008619
0.006299
0.026364
0.009628
0.006381
0.013127
0.013528
0.01103
0.00611
0.006341
0.006296
0.01664
0.013639
0.02252
0.028804
0.011409
0.027546
0.005388
0.006818
0.00683
0.019886
0.009454
0.023359
0.004383
0.030734
0.003568
0.006379
0.00942
0.006566
0.024024
0.015733
0.009394
0.005711
0.007282
0.005456
0.003342
0.004808
0.015848
0.018294
0.02696
0.021221
0.02789
0.013829
0.006607
0.008765
0.011204
0.012805
0.005683
0.011911
0.007552
0.025261
0.006945
0.02553
0.011182
0.008611
0.015704
0.020959
0.012112
0.012607
0.012763
0.011105
0.004801
0.005723
0.011242
0.012657
0.014448
0.004477
0.003932
0.021003
0.023336
0.018211
0.004202
0.014425
0.004607
0.008046
0.014888
0.018596
0.011529
0.009653
0.008515
0.010386
0.008713
0.004841
0.005159
0.008712
0.008471
0.014465
0.00772
0.007498
0.012193
0.014425
0.009671
0.005927
0.019634
0.003987
0.01058
0.013873
0.012918
0.01657
0.006356
0.003649
0.00614
0.007679
0.013006
0.003587
0.009222
0.015831
0.003898
0.008693
0.007664
0.03416
0.011786
0.005834
0.008407
0.004265
0.007396
0.003327
0.009381
0.008281
0.005374
0.0085
0.027003
0.007007
0.010109
0.007331
0.011651
0.019647
0.002356
0.009603
0.00461
0.009217
0.015057
0.015568
0.007604
0.016466
0.016465
0.005788
0.011054
0.007552
0.005964
0.012853
0.034913
0.003427
0.002248
0.016004
0.005758
0.009332
0.013428
0.011908
0.003219
0.0055
0.017875
0.019696
0.009822
0.010392
0.015983
0.025695
0.006135
0.008071
0.00871
0.022978
0.006005
0.012793
0.020689
0.015605
0.008789
0.016698
0.007507
0.008155
0.011257
0.007767
0.014572
0.010024
0.009908
0.010496
0.022812
0.013446
0.022297
0.008198
0.014479
0.011128
0.009083
0.006431
0.029994
0.004723
0.016718
0.012212
0.004416
0.004562
0.017621
0.005185
0.006897
0.009595
0.018921
0.007731
0.009259
0.016674
0.016755
0.007498
0.012929
0.013467
0.018715
0.019284
0.001839
0.013141
0.005163
0.012482
0.005443
0.014489
0.029666
0.011699
0.01453
0.01099
0.007976
0.022116
0.017417
0.006479
0.002716
0.008034
0.005419
0.007022
0.006568
0.010035
0.008536
0.015749
0.011833
0.008938
0.012766
0.010687
0.009367
0.020945
0.011107
0.009021
0.004601
0.008994
0.005935
0.015954
0.015666
0.007723
0.009929
0.024457
0.006403
0.013127
0.008079
0.005728
0.009874
0.00749
0.023203
0.011736
0.010427
0.012458
0.010419
0.028528
0.00468
0.006403
0.003061
0.010473
0.006141
0.015366
0.011235
0.023924
0.008334
0.009506
0.01339
0.005693
0.00716
0.013801
0.050939
0.01009
0.006343
0.015101
0.004611
0.022681
0.006748
0.008774
0.001805
0.007304
0.012357
0.006328
0.012602
0.014322
0.012884
0.008004
0.009103
0.005125
0.009218
0.010566
0.00567
0.010996
0.006279
0.013811
0.016799
0.006698
0.007709
0.018352
0.022177
0.009173
0.011957
0.014834
0.005673
0.004259
0.021358
0.018992
0.010023
0.012401
0.011711
0.008437
0.010136
0.008161
0.020034
0.006744
0.014543
0.004762
0.003367
0.011559
0.011075
0.006536
0.00748
0.016209
0.015308
0.008475
0.012744
0.006674
0.006429
0.009088
0.01504
0.009161
0.004585
0.01252
0.02447
0.007927
0.010531
0.017007
0.013559
0.00562
0.006099
0.01962
0.009933
0.008383
0.009171
0.005538
0.011228
0.013558
0.019661
0.005526
0.022687
0.00942
0.015792
0.007339
0.025789
0.003973
0.005964
0.042315
0.009614
0.008598
0.014515
0.050257
0.008348
0.013303
0.007114
0.003948
0.009158
0.024275
0.00726
0.008635
0.00802
0.021146
0.008759
0.012456
0.012692
0.010783
0.01011
0.006647
0.017475
0.003623
0.005456
0.005685
0.005727
0.005691
0.011082
0.004659
0.015944
0.008995
0.020107
0.002957
0.032355
0.003291
0.00942
0.009112
0.008036
0.006281
0.016374
0.008516
0.007548
0.006705
0.003712
0.00552
0.013915
0.022775
0.018452
0.002387
0.007214
0.007504
0.005964
0.004718
0.012918
0.013567
0.010051
0.013065
0.006605
0.008857
0.006304
0.009546
0.009172
0.014108
0.008767
0.003858
0.006166
0.00679
0.006299
0.004603
0.008898
0.027396
0.01959
0.007228
0.020896
0.022898
0.015525
0.005679
0.007308
0.004296
0.009285
0.019814
0.008962
0.006712
0.02129
0.00814
0.012347
0.012079
0.011581
0.006495
0.008184
0.008257
0.010041
0.010155
0.007297
0.014016
0.003191
0.006631
0.012251
0.006343
0.007889
0.006626
0.005486
0.035728
0.014137
0.022825
0.009094
0.016906
0.011653
0.013913
0.018746
0.008539
0.012418
0.011789
0.012566
0.015533
0.010945
0.00737
0.007858
0.010468
0.01768
0.003416
0.007266
0.004175
0.011917
0.007818
0.005866
0.008045
0.00966
0.004993
0.018244
0.007954
0.008426
0.006873
0.010399
0.007132
0.004955
0.017212
0.007913
0.010073
0.012479
0.018754
0.00744
0.027941
0.012831
0.013529
0.007631
0.009107
0.011856
0.010538
0.004969
0.018615
0.009051
0.006992
0.007063
0.006321
0.010998
0.003735
0.02136
0.008587
0.01063
0.003834
0.010614
0.005437
0.008685
0.013601
0.00704
0.017282
0.005216
0.009638
0.026401
0.006099
0.003018
0.00282
0.005939
0.010041
0.020536
0.00973
0.004345
0.010348
0.007242
0.010037
0.00601
0.010383
0.007469
0.00856
0.010715
0.007274
0.012188
0.011345
0.008626
0.014219
0.006462
0.012084
0.002814
0.013208
0.005139
0.0225
0.005402
0.01251
0.004977
0.016287
0.006608
0.005878
0.01707
0.011809
0.030523
0.015641
0.017038
0.009669
0.050291
0.009452
0.006862
0.004771
0.010873
0.030822
0.00852
0.005045
0.00853
0.013608
0.012739
0.00393
0.012523
0.015942
0.017435
0.01384
0.007314
0.015702
0.014482
0.014705
0.009042
0.01544
0.015636
0.020128
0.006271
0.010576
0.013087
0.005797
0.009119
0.00707
0.01236
0.007278
0.009623
0.020695
0.041733
0.002116
0.006729
0.003483
0.006904
0.017889
0.007116
0.023425
0.010853
0.00666
0.024122
0.018121
0.005824
0.005586
0.003923
0.004134
0.011034
0.007679
0.009638
0.005708
0.021143
0.006083
0.006799
0.01646
0.00264
0.006448
0.047072
0.007487
0.008923
0.023095
0.008645
0.017181
0.004512
0.012655
0.020684
0.012706
0.048557
0.006996
0.017109
0.006538
0.016918
0.003213
0.019582
0.014365
0.007769
0.006971
0.007623
0.01141
0.055163
0.014292
0.005568
0.01101
0.027571
0.0187
0.009048
0.014771
0.016353
0.015189
0.00888
0.011767
0.015495
0.006334
0.021637
0.006526
0.008393
0.016946
0.007884
0.008483
0.006257
0.008215
0.006459
0.011353
0.009781
0.009826
0.008512
0.025448
0.018042
0.008369
0.009527
0.010797
0.00751
0.013721
0.007991
0.015329
0.012576
0.018279
0.014431
0.004695
0.008941
0.002237
0.026024
0.01074
0.023915
0.00889
0.013868
0.003267
0.025592
0.003369
0.014056
0.005594
0.005752
0.012086
0.021605
0.024823
0.002888
0.011149
0.006975
0.005555
0.010217
0.021678
0.006103
0.011377
0.006611
0.010852
0.014801
0.009831
0.015211
0.005843
0.0203
0.008647
0.018543
0.012329
0.010168
0.008709
0.013068
0.003474
0.009447
0.010348
0.010897
0.009677
0.011797
0.003262
0.008084
0.011561
0.003446
0.013819
0.003645
0.004812
0.006384
0.009226
0.012926
0.015594
0.016464
0.010494
0.002419
0.020077
0.006998
0.010806
0.004253
0.011242
0.00507
0.006923
0.009144
0.004184
0.014839
0.003225
0.028625
0.021046
0.008423
0.017018
0.006609
0.003472
0.003844
0.013758
0.009164
0.00873
0.013079
0.002658
0.014609
0.004283
0.026164
0.019017
0.011542
0.009781
0.00929
0.018938
0.003551
0.021119
0.007198
0.008485
0.02748
0.006926
0.017026
0.014065
0.024455
0.018221
0.013126
0.016708
0.005498
0.008188
0.007818
0.005798
0.009477
0.007349
0.007071
0.011371
0.009231
0.012876
0.004663
0.01094
0.003838
0.007008
0.004286
0.020162
0.030576
0.015625
0.00478
0.013891
0.022316
0.012452
0.006404
0.038789
0.015189
0.011678
0.008915
0.011717
0.010686
0.004583
0.006959
0.005948
0.007022
0.009788
0.025554
0.00632
0.005824
0.011706
0.014536
0.011856
0.012547
0.013255
0.010329
0.00976
0.008246
0.011362
0.009499
0.023878
0.006231
0.011367
0.011395
0.010794
0.021147
0.01701
0.025025
0.014376
0.0091
0.007987
0.0068
0.018439
0.007882
0.009416
0.006847
0.006558
0.013785
0.008615
0.005732
0.018268
0.0164
0.010326
0.005152
0.009681
0.016133
0.014092
0.005669
0.046477
0.006053
0.004482
0.007532
0.015501
0.021274
0.016543
0.010077
0.010481
0.003185
0.012717
0.018897
0.005427
0.004559
0.012575
0.014238
0.008988
0.014552
0.00394
0.01945
0.012219
0.017617
0.012642
0.018597
0.005402
0.015614
0.001929
0.012859
0.002431
0.007936
0.017943
0.009077
0.00715
0.023218
0.011322
0.020327
0.005937
0.011331
0.0065
0.004881
0.008082
0.008431
0.011147
0.020879
0.018269
0.020361
0.008842
0.019779
0.009704
0.012158
0.022791
0.012296
0.004064
0.005053
0.007195
0.010363
0.00386
0.03424
0.010709
0.0059
0.003603
0.01407
0.011318
0.012143
0.024664
0.004156
0.017045
0.00836
0.021936
0.005606
0.005605
0.005743
0.007274
0.008886
0.010303
0.002242
0.019961
0.008509
0.011611
0.06276
0.012233
0.006109
0.012531
0.003923
0.009832
0.011163
0.005726
0.005838
0.014835
0.005456
0.010193
0.003591
0.020529
0.003293
0.003717
0.007898
0.009567
0.007811
0.016394
0.008758
0.00533
0.003712
0.010424
0.010245
0.006472
0.013426
0.016275
0.007274
0.017615
0.00932
0.002746
0.00398
0.017357
0.013305
0.008898
0.020039
0.012602
0.009432
0.002731
0.016379
0.030525
0.005602
0.005117
0.015472
0.014626
0.025066
0.010596
0.015653
0.009646
0.013573
0.024365
0.013659
0.010452
0.010123
0.002331
0.010099
0.019569
0.006805
0.011207
0.02026
0.006197
0.008439
0.011247
0.015401
0.009869
0.003214
0.009253
0.008863
0.02002
0.004907
0.023197
0.008271
0.006815
0.008276
0.02003
0.023564
0.012521
0.008481
0.011185
0.014842
0.009757
0.009408
0.011898
0.01703
0.018106
0.004675
0.006201
0.015378
0.019917
0.004382
0.002983
0.003795
0.006117
0.008271
0.003766
0.005164
0.005621
0.00706
0.007892
0.017388
0.016977
0.03185
0.022492
0.008638
0.013285
0.012201
0.003978
0.011409
0.012856
0.008338
0.02879
0.021238
0.008042
0.004707
0.010423
0.006142
0.018379
0.017041
0.007902
0.006605
0.019431
0.009496
0.005454
0.021146
0.011385
0.006828
0.01046
0.019967
0.003741
0.004719
0.014237
0.008739
0.003115
0.016171
0.007889
0.013077
0.019102
0.024491
0.017458
0.004966
0.005381
0.006945
0.009328
0.014316
0.009333
0.011694
0.010543
0.00248
0.029978
0.021397
0.004197
0.005324
0.004838
0.019261
0.008462
0.006399
0.015137
0.009685
0.011742
0.008463
0.011688
0.001899
0.00845
0.002387
0.001586
0.0076
0.008522
0.0172
0.002763
0.007388
0.01119
0.019031
0.004411
0.007632
0.015754
0.009583
0.008127
0.029027
0.017352
0.004119
0.007123
0.011477
0.009692
0.007291
0.006432
0.00817
0.010142
0.015815
0.019977
0.018684
0.026983
0.008879
0.004949
0.035996
0.003729
0.010909
0.004088
0.004328
0.011938
0.007489
0.012875
0.005602
0.006479
0.009545
0.008547
0.011915
0.00817
0.007822
0.0142
0.008089
0.018674
0.004825
0.015246
0.005299
0.013123
0.008083
0.01234
0.013394
0.010486
0.0043
0.005236
0.009258
0.007873
0.006894
0.010497
0.003597
0.014969
0.005789
0.00477
0.005545
0.009518
0.025153
0.009462
0.007136
0.004249
0.002671
0.00488
0.009559
0.007383
0.001975
0.004673
0.014555
0.002518
0.008695
0.008782
0.010518
0.009335
0.004655
0.006579
0.006744
0.010866
0.01413
0.003563
0.012991
0.004799
0.012325
0.009042
0.021263
0.022823
0.007459
0.007576
0.010669
0.011431
0.010587
0.006771
0.006128
0.026694
0.01982
0.01091
0.015543
0.013552
0.018688
0.01648
0.011204
0.00315
0.011263
0.016282
0.00636
0.013818
0.01169
0.008797
0.015765
0.002945
0.008672
0.014971
0.00587
0.006034
0.009337
0.012729
0.010389
0.010008
0.025088
0.011349
0.009829
0.005012
0.008976
0.005924
0.008152
0.013937
0.009871
0.007142
0.005508
0.014972
0.016653
0.00289
0.014147
0.003137
0.030143
0.012325
0.002498
0.006553
0.018415
0.009162
0.023957
0.004802
0.005019
0.012855
0.008297
0.003223
0.005804
0.013547
0.018077
0.010173
0.012935
0.00262
0.009296
0.012923
0.021491
0.013808
0.007749
0.016955
0.003104
0.006001
0.001371
0.007279
0.007063
0.007693
0.00374
0.007339
0.013077
0.011772
0.008639
0.015218
0.005641
0.013421
0.013774
0.006338
0.021023
0.011173
0.00558
0.010792
0.019884
0.006554
0.018508
0.016908
0.011837
0.014459
0.011811
0.008828
0.005941
0.006064
0.003627
0.004728
0.007807
0.012488
0.008519
0.025726
0.010818
0.00885
0.002487
0.005458
0.002255
0.007755
0.010536
0.010132
0.010661
0.004493
0.013009
0.004736
0.003018
0.002741
0.003711
0.010696
0.005255
0.004002
0.004157
0.010342
0.005417
0.005194
0.007875
0.006205
0.012146
0.00842
0.053623
0.003037
0.015741
0.003617
0.012337
0.021704
0.004539
0.008881
0.005607
0.007338
0.008413
0.033772
0.006059
0.046974
0.006605
0.008208
0.014879
0.030406
0.006642
0.00864
0.008898
0.017201
0.013469
0.022675
0.009092
0.007508
0.006616
0.007511
0.013392
0.006905
0.006704
0.004378
0.013555
0.006212
0.008808
0.00736
0.03122
0.041546
0.005976
0.00806
0.007068
0.001471
0.005453
0.024961
0.030036
0.006968
0.009088
0.00905
0.022894
0.006534
0.008257
0.027856
0.015452
0.007578
0.004235
0.016489
0.018822
0.008448
0.005788
0.031644
0.01053
0.008162
0.004722
0.01655
0.005319
0.010942
0.004456
0.036568
0.007111
0.017371
0.020844
0.008928
0.01045
0.010813
0.020505
0.004412
0.024609
0.014292
0.018272
0.013179
0.013577
0.007656
0.027071
0.025065
0.017546
0.010197
0.014928
0.010085
0.008236
0.015982
0.003675
0.009429
0.011174
0.006917
0.029119
0.016735
0.01307
0.009309
0.011299
0.004068
0.008124
0.008631
0.007774
0.005043
0.028289
0.058846
0.009158
0.00539
0.018886
0.035107
0.007345
0.027813
0.005619
0.027974
0.007647
0.021767
0.003438
0.008063
0.005775
0.025747
0.006085
0.005477
0.00599
0.012077
0.017164
0.020491
0.007477
0.009183
0.010407
0.005953
0.007427
0.007363
0.003184
0.035393
0.020658
0.019809
0.010773
0.010681
0.004074
0.007827
0.000831
0.009745
0.015348
0.013111
0.010517
0.004281
0.005529
0.009311
0.011053
0.01324
0.002195
0.008303
0.012751
0.022076
0.007089
0.006791
0.017662
0.007036
0.01003
0.006544
0.01044
0.002423
0.009244
0.006182
0.010754
0.004352
0.013699
0.002893
0.007074
0.008504
0.006601
0.011385
0.029539
0.005654
0.006133
0.007351
0.008156
0.012865
0.017292
0.023037
0.004032
0.009446
0.003201
0.005638
0.011161
0.01612
0.005931
0.007051
0.009155
0.014382
0.017188
0.015342
0.00655
0.006323
0.003292
0.008738
0.016216
0.003586
0.006344
0.012937
0.012712
0.017622
0.005747
0.002676
0.001298
0.014538
0.009079
0.030073
0.010985
0.010022
0.005841
0.018882
0.014311
0.004453
0.002471
0.033948
0.00576
0.033547
0.016776
0.034374
0.012078
0.012504
0.018492
0.018926
0.006614
0.003163
0.0138
0.006241
0.022876
0.010531
0.01021
0.006584
0.007581
0.010963
0.00723
0.013148
0.013729
0.01216
0.023174
0.00896
0.007647
0.01432
0.012112
0.003607
0.004268
0.007106
0.004877
0.010105
0.015571
0.009556
0.002848
0.002969
0.01482
0.013139
0.003953
0.01662
0.012414
0.016399
0.012649
0.010995
0.006566
0.02009
0.005797
0.011209
0.015609
0.011081
0.007307
0.024451
0.007749
0.010233
0.004127
0.006966
0.013083
0.007143
0.012385
0.00667
0.00374
0.013577
0.01596
0.011464
0.016135
0.010342
0.018459
0.006713
0.013617
0.011322
0.004529
0.007146
0.007736
0.00589
0.008242
0.011468
0.009576
0.014387
0.007023
0.03502
0.0846
0.008903
0.018703
0.005574
0.0119
0.037346
0.014198
0.002788
0.018679
0.018189
0.0188
0.029358
0.048623
0.019445
0.071817
0.007715
0.015654
0.007438
0.01564
0.00821
0.003692
0.003267
0.006891
0.011677
0.005347
0.067964
0.008537
0.001734
0.006531
0.008117
0.019785
0.017771
0.004585
0.003958
0.004382
0.023831
0.01139
0.0223
0.007362
0.021683
0.008525
0.005718
0.013906
0.010875
0.024722
0.014961
0.005434
0.015428
0.024975
0.013105
0.016182
0.004728
0.025661
0.003476
0.003946
0.007363
0.008077
0.018445
0.006757
0.00586
0.00955
0.009613
0.024303
0.01198
0.011355
0.004297
0.005857
0.009526
0.030923
0.001594
0.011105
0.007164
0.008474
0.008252
0.010211
0.011925
0.009248
0.00275
0.010488
0.009831
0.012907
0.004078
0.01315
0.005891
0.013086
0.018869
0.016114
0.007957
0.010791
0.007703
0.003863
0.013154
0.009492
0.007274
0.025952
0.022476
0.011901
0.006604
0.013631
0.001204
0.044576
0.01224
0.009457
0.012616
0.00303
0.025145
0.005499
0.00348
0.022891
0.003272
0.005554
0.008171
0.009048
0.008363
0.003528
0.004789
0.006186
0.00595
0.008496
0.019231
0.01321
0.012564
0.018354
0.012479
0.009641
0.005336
0.002081
0.028826
0.011343
0.003419
0.010255
0.005814
0.01016
0.006292
0.009623
0.017338
0.02243
0.004943
0.002767
0.015318
0.006691
0.021217
0.005465
0.010302
0.005442
0.006556
0.011738
0.016098
0.01412
0.003379
0.006183
0.007391
0.004252
0.00985
0.037739
0.014239
0.018115
0.025446
0.008799
0.006594
0.007083
0.019321
0.013564
0.028494
0.00829
0.003642
0.0079
0.020109
0.007781
0.013789
0.005586
0.016169
0.006953
0.012711
0.007988
0.004198
0.010885
0.007444
0.007981
0.011097
0.003674
0.011173
0.00709
0.012458
0.048378
0.022404
0.00212
0.010227
0.007408
0.038092
0.01018
0.023691
0.00919
0.009036
0.011799
0.026824
0.004
0.003281
0.014805
0.003099
0.009908
0.012061
0.007662
0.02169
0.010161
0.004429
0.002405
0.003317
0.01056
0.015296
0.009811
0.009203
0.015756
0.003754
0.008799
0.002798
0.011673
0.007743
0.020235
0.032694
0.02305
0.031458
0.002873
0.008556
0.005907
0.004288
0.044669
0.011277
0.010019
0.010503
0.012693
0.016559
0.030881
0.009499
0.003681
0.016172
0.015193
0.013685
0.008806
0.010384
0.004498
0.004562
0.026759
0.008704
0.057505
0.023862
0.020763
0.022193
0.007422
0.012713
0.002789
0.01085
0.004707
0.008189
0.014257
0.004092
0.008496
0.004573
0.004808
0.019063
0.016576
0.006443
0.008104
0.009333
0.004093
0.003532
0.03634
0.023235
0.003289
0.017448
0.013394
0.006638
0.025758
0.003297
0.014817
0.009434
0.005751
0.00429
0.007914
0.006075
0.010055
0.012308
0.008104
0.011195
0.005152
0.001766
0.005355
0.013971
0.010271
0.021864
0.013948
0.009012
0.010566
0.0256
0.00852
0.009646
0.006751
0.004034
0.009966
0.010078
0.003637
0.005116
0.004882
0.007257
0.03111
0.012333
0.002557
0.009754
0.004129
0.007502
0.049994
0.003847
0.008934
0.006933
0.027071
0.012114
0.002842
0.028951
0.002277
0.01753
0.017844
0.009749
0.027994
0.010675
0.015039
0.004765
0.015221
0.009945
0.010987
0.005926
0.013001
0.008655
0.004849
0.005745
0.011928
0.013144
0.008114
0.005408
0.02302
0.002081
0.006284
0.02262
0.019696
0.001867
0.014775
0.014613
0.010351
0.006138
0.003998
0.015817
0.002926
0.004961
0.031793
0.005289
0.008827
0.003201
0.006758
0.010221
0.009188
0.012753
0.011286
0.011405
0.016123
0.025509
0.003601
0.005398
0.0068
0.009189
0.004291
0.003595
0.004438
0.003545
0.010584
0.016048
0.007196
0.006236
0.009797
0.012117
0.025277
0.016365
0.012547
0.008751
0.008858
0.008253
0.011017
0.012719
0.003135
0.007067
0.010321
0.014822
0.002982
0.009617
0.010195
0.013412
0.01408
0.010471
0.007753
0.012743
0.009669
0.008119
0.018264
0.006869
0.004581
0.004025
0.005566
0.016599
0.021574
0.012279
0.019229
0.005796
0.004568
0.015368
0.007479
0.01996
0.00977
0.008523
0.0133
0.028367
0.015064
0.017484
0.011605
0.010932
0.020677
0.008823
0.014987
0.023237
0.009566
0.009241
0.018719
0.02067
0.009573
0.012172
0.026875
0.012244
0.004369
0.006467
0.039351
0.022031
0.005329
0.011934
0.008871
0.012699
0.01096
0.00813
0.005447
0.030316
0.003035
0.010056
0.002403
0.008321
0.00519
0.006953
0.004885
0.003819
0.015473
0.006245
0.003736
0.016339
0.009656
0.007049
0.002721
0.021028
0.002519
0.00514
0.006738
0.008368
0.023322
0.038842
0.013101
0.012741
0.009854
0.012181
0.003028
0.007526
0.004276
0.008406
0.015444
0.009019
0.012828
0.020196
0.015034
0.009798
0.037461
0.004259
0.010224
0.010795
0.012558
0.002555
0.016505
0.016756
0.009669
0.002109
0.00443
0.020362
0.022788
0.018692
0.016459
0.011792
0.006415
0.005699
0.007551
0.010298
0.035751
0.012248
0.008935
0.008281
0.005922
0.007313
0.006711
0.00603
0.008155
0.010238
0.013899
0.018338
0.017676
0.014704
0.010197
0.015002
0.006031
0.00182
0.011997
0.011962
0.009972
0.016353
0.021198
0.012919
0.02585
0.012998
0.003427
0.006187
0.006056
0.002745
0.015044
0.006034
0.007687
0.006183
0.004737
0.024514
0.015168
0.00228
0.008154
0.00545
0.004327
0.008059
0.005695
0.022466
0.01681
0.008884
0.003344
0.041323
0.015234
0.006092
0.008954
0.018463
0.008246
0.013812
0.003747
0.011895
0.016152
0.007896
0.007712
0.005551
0.002842
0.0024
0.019555
0.005498
0.03238
0.008071
0.005534
0.004321
0.003248
0.013288
0.022659
0.00532
0.009329
0.033388
0.00421
0.007344
0.014785
0.00999
0.01197
0.007171
0.042221
0.010947
0.009333
0.009464
0.007666
0.007823
0.005754
0.007901
0.009881
0.006855
0.002597
0.004822
0.0085
0.012684
0.00357
0.005919
0.00512
0.017918
0.005358
0.013664
0.015117
0.016836
0.005399
0.013706
0.006653
0.005479
0.011838
0.00999
0.016423
0.011412
0.012781
0.014615
0.008554
0.025545
0.005357
0.020739
0.010474
0.015263
0.007255
0.021026
0.008218
0.01232
0.007957
0.041878
0.029867
0.013037
0.032717
0.01172
0.031097
0.031926
0.006459
0.008057
0.006311
0.005236
0.010532
0.00466
0.019222
0.012071
0.010511
0.006131
0.017672
0.016547
0.020531
0.009199
0.003666
0.00906
0.018804
0.009032
0.025762
0.003822
0.01128
0.016064
0.011827
0.00515
0.015376
0.009585
0.019098
0.003347
0.006637
0.007445
0.004178
0.014263
0.00866
0.002641
0.019446
0.00829
0.010251
0.009558
0.004273
0.017541
0.009309
0.013835
0.016344
0.009644
0.013887
0.006624
0.008115
0.01343
0.037961
0.007349
0.02038
0.01503
0.011015
0.011084
0.013132
0.009621
0.0112
0.013948
0.025398
0.01033
0.011491
0.022721
0.010211
0.006441
0.008642
0.002425
0.005152
0.02772
0.00932
0.029819
0.011081
0.007129
0.012611
0.00455
0.005929
0.023022
0.021952
0.017162
0.016236
0.012277
0.010808
0.00997
0.006865
0.02628
0.009247
0.004401
0.003193
0.011791
0.005507
0.007424
0.005449
0.014477
0.007912
0.00712
0.021317
0.016262
0.010406
0.005634
0.009932
0.019356
0.004842
0.00336
0.014611
0.011847
0.026572
0.015977
0.006679
0.03323
0.005266
0.008557
0.003952
0.008641
0.014528
0.019363
0.016144
0.012177
0.004197
0.010253
0.009783
0.002292
0.019413
0.022041
0.005931
0.002452
0.00906
0.015359
0.013734
0.010453
0.021195
0.03161
0.007981
0.009071
0.00829
0.013911
0.002578
0.025977
0.014407
0.013046
0.005087
0.008205
0.010081
0.003702
0.002587
0.003067
0.006329
0.005583
0.007095
0.025535
0.012503
0.005283
0.004134
0.012716
0.01024
0.006446
0.004491
0.01133
0.013956
0.020909
0.007121
0.005317
0.007346
0.005432
0.008879
0.014326
0.012718
0.02769
0.008327
0.004301
0.010082
0.005691
0.020104
0.005346
0.006516
0.006686
0.00736
0.018884
0.007953
0.016262
0.021146
0.033845
0.018988
0.011553
0.011396
0.003345
0.017596
0.005048
0.003812
0.007047
0.012837
0.015802
0.002457
0.009675
0.018224
0.02782
0.002903
0.004512
0.00679
0.007434
0.062891
0.006917
0.006801
0.021985
0.015991
0.011616
0.008733
0.01015
0.011716
0.005063
0.006501
0.00864
0.006454
0.006294
0.00996
0.009552
0.031837
0.005615
0.012468
0.003355
0.015439
0.024273
0.012809
0.01523
0.027038
0.001725
0.016772
0.010286
0.016212
0.00834
0.002523
0.001941
0.00262
0.004163
0.021641
0.00759
0.007903
0.011959
0.005487
0.006958
0.003686
0.004492
0.005176
0.0061
0.010382
0.016153
0.01097
0.03785
0.01727
0.012158
0.009777
0.010093
0.007543
0.004002
0.009717
0.012945
0.008052
0.018331
0.055372
0.007528
0.0079
0.005754
0.013701
0.003945
0.009681
0.009597
0.005795
0.01521
0.048188
0.005324
0.014436
0.014107
0.024626
0.010694
0.010582
0.005072
0.004553
0.019653
0.007457
0.008452
0.001592
0.015105
0.029361
0.007248
0.009078
0.018047
0.005948
0.006176
0.011096
0.005499
0.008462
0.008571
0.012731
0.013273
0.008507
0.004909
0.005394
0.00639
0.016232
0.005051
0.017395
0.004418
0.00819
0.004685
0.011882
0.011934
0.015915
0.011476
0.040305
0.017985
0.007786
0.036098
0.009489
0.040001
0.001744
0.016915
0.010737
0.01151
0.01361
0.019213
0.010017
0.002217
0.002618
0.02686
0.006291
0.0051
0.006988
0.014163
0.005359
0.018617
0.010136
0.002436
0.008252
0.00527
0.00743
0.002726
0.014907
0.017676
0.008322
0.005895
0.030883
0.013228
0.013407
0.015209
0.019429
0.010323
0.011997
0.01131
0.007161
0.010688
0.00375
0.009234
0.008128
0.007937
0.013754
0.010908
0.007812
0.004869
0.004095
0.005297
0.006867
0.018127
0.009584
0.032909
0.012874
0.008883
0.003065
0.003901
0.004806
0.013389
0.012426
0.012209
0.016403
0.007675
0.004382
0.013837
0.015514
0.010162
0.010335
0.004538
0.012114
0.009371
0.004269
0.015968
0.014396
0.009102
0.02536
0.006765
0.002779
0.015352
0.01696
0.006222
0.006191
0.004411
0.00497
0.008865
0.011596
0.015576
0.010416
0.007305
0.00607
0.013568
0.008124
0.01056
0.017248
0.008987
0.007816
0.004424
0.00619
0.004328
0.020904
0.019603
0.004972
0.00264
0.013013
0.013667
0.004408
0.020526
0.003236
0.009776
0.003576
0.009246
0.022882
0.029746
0.003156
0.010625
0.005446
0.007511
0.009312
0.011906
0.021151
0.017769
0.006768
0.017112
0.003579
0.001256
0.008776
0.008911
0.006034
0.017559
0.007301
0.003466
0.011811
0.006178
0.003702
0.009227
0.009014
0.025039
0.009234
0.013544
0.01366
0.028849
0.00634
0.012636
0.017506
0.001098
0.001737
0.009987
0.054853
0.010558
0.031909
0.011385
0.028417
0.009572
0.02788
0.010317
0.003497
0.007775
0.003634
0.02526
0.00343
0.00286
0.007877
0.005755
0.005996
0.004151
0.019676
0.007624
0.012429
0.028353
0.011816
0.00755
0.011877
0.010106
0.013925
0.016491
0.017606
0.023334
0.008925
0.00585
0.023858
0.006664
0.00663
0.008011
0.009784
0.011421
0.014621
0.008141
0.005607
0.008612
0.005842
0.004352
0.010236
0.011094
0.011722
0.009008
0.001544
0.017406
0.01376
0.015118
0.004934
0.010465
0.008887
0.006472
0.052064
0.001729
0.005972
0.006505
0.017555
0.007231
0.016147
0.011819
0.003764
0.012348
0.007394
0.014801
0.009491
0.010171
0.005698
0.010595
0.005221
0.011596
0.008888
0.007784
0.004616
0.005629
0.015306
0.004872
0.004594
0.003564
0.02401
0.086116
0.011241
0.002182
0.007282
0.007337
0.012552
0.022293
0.008856
0.016951
0.003987
0.007657
0.005326
0.007406
0.001805
0.006465
0.006738
0.008641
0.015847
0.011646
0.013253
0.03731
0.007213
0.011431
0.00875
0.013117
0.004017
0.005128
0.013265
0.023941
0.005023
0.012811
0.02116
0.003717
0.011187
0.014286
0.029035
0.009115
0.007638
0.014703
0.010053
0.048735
0.007803
0.0281
0.001355
0.006692
0.007463
0.003529
0.035924
0.008324
0.011804
0.064375
0.013238
0.001742
0.009624
0.005098
0.011983
0.009899
0.010843
0.013607
0.011434
0.028947
0.008004
0.019739
0.030533
0.010675
0.005514
0.017137
0.009391
0.007779
0.007475
0.017581
0.016372
0.012913
0.002738
0.014126
0.003169
0.015105
0.007818
0.004595
0.032363
0.011023
0.017546
0.020734
0.004953
0.03
0.02693
0.002176
0.011571
0.012792
0.025906
0.002086
0.009903
0.009406
0.036145
0.007194
0.012069
0.011381
0.019325
0.010326
0.016009
0.005654
0.010818
0.004536
0.014922
0.014945
0.006378
0.007291
0.009853
0.011832
0.017876
0.002485
0.002859
0.011118
0.004096
0.008
0.011541
0.013061
0.00824
0.014595
0.030689
0.012319
0.013124
0.008957
0.004232
0.009454
0.017536
0.011025
0.003177
0.014637
0.014816
0.006398
0.023188
0.009514
0.025445
0.007417
0.028175
0.014256
0.005548
0.002243
0.011674
0.01989
0.008748
0.005983
0.003394
0.032392
0.003799
0.010193
0.007273
0.005792
0.001959
0.01435
0.01749
0.010129
0.006649
0.004752
0.036309
0.022838
0.031595
0.003771
0.008814
0.011753
0.002601
0.013654
0.011978
0.01481
0.01598
0.033101
0.016591
0.005839
0.021177
0.001362
0.010545
0.007959
0.032635
0.036393
0.006861
0.007973
0.006811
0.016841
0.007308
0.006557
0.00213
0.016667
0.006139
0.008326
0.01811
0.016316
0.036125
0.006439
0.008751
0.022783
0.014532
0.008539
0.010166
0.010056
0.01196
0.069546
0.025897
0.019635
0.031876
0.094081
0.006742
0.001745
0.012734
0.014173
0.00751
0.000737
0.010603
0.003407
0.017572
0.015576
0.0023
0.030809
0.004686
0.008845
0.019003
0.00321
0.008861
0.036055
0.011682
0.006575
0.010843
0.0155
0.006769
0.008547
0.006085
0.00369
0.009621
0.014498
0.007561
0.009992
0.008143
0.005132
0.006979
0.005358
0.015078
0.00353
0.015854
0.00281
0.0085
0.006903
0.068617
0.011261
0.019347
0.012121
0.002285
0.008644
0.014402
0.012385
0.015488
0.014888
0.003136
0.002022
0.00457
0.008727
0.023295
0.001041
0.001069
0.007614
0.013235
0.00296
0.007238
0.003798
0.012165
0.004158
0.01296
0.009944
0.019857
0.004533
0.007636
0.00563
0.020881
0.006994
0.010004
0.003566
0.010232
0.012913
0.019029
0.009801
0.011593
0.008699
0.016544
0.013841
0.012094
0.013666
0.076152
0.009693
0.010545
0.012661
0.012399
0.014229
0.005907
0.004945
0.015074
0.028219
0.013463
0.00566
0.00078
0.006132
0.008556
0.001775
0.002466
0.016864
0.004261
0.002958
0.002912
0.009779
0.007138
0.009452
0.006937
0.003408
0.026358
0.003588
0.004312
0.00837
0.015989
0.006347
0.011838
0.005388
0.008064
0.012573
0.008851
0.012761
0.005352
0.017362
0.009766
0.02065
0.020402
0.011255
0.005742
0.004791
0.011527
0.017814
0.007363
0.004485
0.023835
0.01547
0.020184
0.00825
0.006236
0.016493
0.009504
0.004489
0.005626
0.005043
0.004866
0.002962
0.006745
0.004719
0.002922
0.023246
0.00783
0.011927
0.017949
0.010889
0.012565
0.010684
0.010489
0.01085
0.007664
0.014389
0.004815
0.00844
0.00986
0.007062
0.038148
0.028448
0.014066
0.011456
0.00269
0.005155
0.01592
0.002581
0.003404
0.007512
0.033129
0.008467
0.019335
0.007657
0.019303
0.008798
0.002369
0.001701
0.004962
0.014247
0.029206
0.016026
0.004775
0.003616
0.008015
0.011521
0.006435
0.018417
0.02009
0.007374
0.002085
0.011976
0.001573
0.00948
0.006657
0.032743
0.014405
0.012118
0.015486
0.011951
0.005981
0.016853
0.017142
0.003979
0.010808
0.007122
0.012431
0.030519
0.021447
0.009496
0.006978
0.012901
0.010912
0.01326
0.008848
0.001473
0.010488
0.001625
0.003268
0.010519
0.00757
0.012791
0.008564
0.027024
0.013318
0.082939
0.007307
0.008967
0.021059
0.001067
0.00909
0.007242
0.008178
0.006151
0.006446
0.061564
0.037985
0.006081
0.002141
0.019482
0.0054
0.002995
0.010606
0.008765
0.003426
0.015948
0.004527
0.018486
0.003617
0.014294
0.007606
0.005718
0.006733
0.05203
0.009653
0.008354
0.014239
0.012924
0.016193
0.009502
0.007734
0.008159
0.009685
0.037557
0.01209
0.009424
0.007874
0.004874
0.010674
0.003925
0.014412
0.024366
0.011556
0.01794
0.016545
0.010209
0.017533
0.003223
0.010799
0.087985
0.014304
0.030361
0.012825
0.017068
0.041012
0.011446
0.015845
0.011409
0.014621
0.013036
0.008769
0.003456
0.023474
0.005442
0.001656
0.035555
0.018634
0.005628
0.008882
0.019538
0.010643
0.005702
0.018174
0.004545
0.003189
0.015734
0.007808
0.013518
0.091585
0.0061
0.005019
0.00749
0.004933
0.057818
0.006667
0.014788
0.005999
0.021716
0.039957
0.009006
0.006785
0.00735
0.007199
0.006211
0.006075
0.003879
0.016201
0.009895
0.012484
0.003384
0.005715
0.002965
0.007521
0.006824
0.006923
0.003059
0.023462
0.050394
0.00668
0.013959
0.01093
0.005475
0.007556
0.00481
0.010254
0.013453
0.009137
0.004734
0.00239
0.010483
0.011751
0.003971
0.031568
0.009376
0.02156
0.008566
0.008797
0.008663
0.011009
0.010019
0.013621
0.005268
0.005618
0.016149
0.0311
0.010773
0.006807
0.014815
0.022163
0.00872
0.003099
0.004657
0.006494
0.014993
0.012666
0.008083
0.006084
0.020219
0.009911
0.010305
0.003841
0.022472
0.008687
0.040277
0.016391
0.010093
0.009163
0.010663
0.001143
0.005592
0.019048
0.004712
0.012036
0.030243
0.008893
0.009841
0.034635
0.040902
0.001557
0.007375
0.005491
0.01305
0.009993
0.015048
0.01729
0.008136
0.005776
0.015265
0.002835
0.014377
0.005049
0.014834
0.033324
0.016792
0.033622
0.018741
0.015529
0.00528
0.005314
0.000937
0.009171
0.019981
0.010526
0.002874
0.006984
0.03023
0.022472
0.010688
0.007136
0.004995
0.009642
0.005343
0.009335
0.014144
0.00857
0.005368
0.0105
0.004837
0.023053
0.017327
0.026365
0.021148
0.008346
0.008243
0.007167
0.020605
0.013069
0.008323
0.007378
0.003495
0.017893
0.010193
0.006892
0.041185
0.018206
0.015329
0.007572
0.019346
0.016261
0.016912
0.019075
0.003363
0.039082
0.017841
0.010844
0.008862
0.004459
0.049197
0.044833
0.007509
0.016057
0.017503
0.009901
0.014007
0.009711
0.022208
0.013741
0.006393
0.009957
0.014165
0.007609
0.03343
0.001794
0.021923
0.021011
0.235948
0.041632
0.008298
0.03646
0.005666
0.004297
0.002042
0.001911
0.024285
0.005318
0.013682
0.023129
0.006609
0.010966
0.008149
0.003799
0.00769
0.024772
0.011571
0.010667
0.017105
0.015153
0.001367
0.024536
0.014821
0.046159
0.01828
0.010025
0.009289
0.016392
0.007691
0.012693
0.006281
0.025652
0.007496
0.01365
0.065082
0.014365
0.006046
0.026487
0.002214
0.001865
0.007938
0.006346
0.008137
0.01386
0.007632
0.003598
0.007231
0.008492
0.021074
0.032787
0.005126
0.021864
0.065258
0.006061
0.007055
0.002977
0.018811
0.005255
0.03493
0.01018
0.002945
0.014819
0.01232
0.00393
0.010201
0.001992
0.006329
0.004803
0.004275
0.002067
0.01393
0.006678
0.027712
0.005436
0.004538
0.002463
0.007368
0.018308
0.050531
0.017391
0.008905
0.020401
0.010552
0.03215
0.008815
0.00524
0.00113
0.002654
0.007362
0.016473
0.01246
0.006065
0.042565
0.018501
0.018365
0.024394
0.004686
0.005674
0.022956
0.019487
0.007937
0.008132
0.006943
0.0073
0.008312
0.01528
0.036864
0.00807
0.009787
0.007718
0.00845
0.009339
0.027045
0.019264
0.008406
0.007193
0.043403
0.0072
0.019926
0.004128
0.01979
0.004281
0.002712
0.00441
0.026774
0.003773
0.011142
0.004562
0.006315
0.021958
0.016923
0.013765
0.008819
0.015887
0.003407
0.128451
0.003075
0.007042
0.051368
0.050865
0.002718
0.002968
0.00916
0.006473
0.011879
0.00592
0.005831
0.007627
0.023484
0.014579
0.010076
0.017974
0.007653
0.023345
0.02816
0.007927
0.015407
0.007868
0.025108
0.009243
0.017537
0.011735
0.003085
0.010323
0.017022
0.015467
0.014334
0.007508
0.014685
0.033538
0.029938
0.01818
0.006736
0.006493
0.005982
0.005127
0.004415
0.009306
0.037354
0.008383
0.002029
0.003974
0.004019
0.015669
0.003723
0.006836
0.005291
0.007897
0.015421
0.012379
0.004267
0.0214
0.010353
0.0061
0.007075
0.013324
0.034863
0.009609
0.006352
0.008499
0.000476
0.010183
0.009564
0.002095
0.003191
0.016699
0.001275
0.012814
0.012735
0.018166
0.011467
0.004835
0.00159
0.003192
0.111752
0.009523
0.011216
0.001449
0.013421
0.006731
0.00465
0.006692
0.018139
0.004942
0.012414
0.007225
0.007253
0.007585
0.006406
0.007473
0.004411
0.011111
0.019083
0.00363
0.014879
0.014146
0.007921
0.005862
0.007454
0.014504
0.00677
0.002557
0.022035
0.004186
0.017028
0.001523
0.007484
0.012619
0.01416
0.048882
0.004555
0.026719
0.034183
0.007041
0.001706
0.005475
0.006391
0.011236
0.008327
0.024108
0.012099
0.000985
0.024913
0.002872
0.014889
0.006533
0.00613
0.011011
0.009368
0.018234
0.00832
0.012562
0.005646
0.006031
0.131454
0.010904
0.010042
0.009916
0.014516
0.036856
0.014129
0.017821
0.055701
0.007201
0.01335
0.003789
0.000721
0.013761
0.030658
0.006753
0.009899
0.015664
0.018984
0.019899
0.014174
0.009987
0.020785
0.003673
0.002699
0.003736
0.008429
0.012866
0.002176
0.021692
0.008716
0.005693
0.00482
0.005273
0.00552
0.031747
0.003805
0.003488
0.007348
0.098196
0.026654
0.029037
0.001882
0.01
0.003592
0.008374
0.004701
0.010429
0.002752
0.044168
0.009954
0.004749
0.043115
0.025813
0.016426
0.01619
0.005312
0.006278
0.003048
0.058626
0.012437
0.001541
0.016424
0.00426
0.005348
0.010315
0.018816
0.055766
0.025423
0.005085
0.006936
0.004383
0.008416
0.001601
0.003297
0.007417
0.014342
0.004816
0.017752
0.012154
0.055569
0.004289
0.015162
0.016652
0.006893
0.017356
0.010205
0.002666
0.006184
0.036981
0.009824
0.004014
0.026526
0.012043
0.004174
0.011178
0.009184
0.007591
0.023362
0.008973
0.006474
0.006366
0.009562
0.008808
0.010122
0.014481
0.008231
0.00181
0.011786
0.015039
0.022057
0.006401
0.035305
0.019659
0.028579
0.013943
0.032124
0.009833
0.002626
0.002719
0.007481
0.00114
0.005782
0.007364
0.00181
0.010025
0.019895
0.006278
0.007251
0.008641
0.005473
0.037217
0.034645
0.014994
0.013814
0.079165
0.01437
0.019416
0.005864
0.064673
0.007485
0.015355
0.002863
0.015808
0.010557
0.014767
0.008814
0.004954
0.002008
0.009031
0.027953
0.009814
0.018125
0.013706
0.061586
0.006422
0.002792
0.010848
0.002891
0.012369
0.006544
0.012735
0.023767
0.0101
0.003274
0.029124
0.018973
0.010952
0.009403
0.020972
0.002102
0.013855
0.01458
0.002325
0.044527
0.010379
0.003294
0.014285
0.006576
0.009784
0.03593
0.002578
0.003054
0.004241
0.011939
0.055611
0.010129
0.014591
0.004791
0.004013
0.061498
0.004525
0.014136
0.011201
0.003107
0.018539
0.002005
0.011334
0.011942
0.020409
0.005822
0.008928
0.01794
0.009845
0.025335
0.004483
0.017648
0.009364
0.044427
0.003459
0.023724
0.004859
0.006618
0.016907
0.007958
0.016098
0.003438
0.004807
0.005255
0.0059
0.004551
0.006568
0.012261
0.009286
0.001131
0.005665
0.03139
0.010951
0.037431
0.007266
0.001044
0.035989
0.018133
0.012462
0.010697
0.009413
0.017613
0.006064
0.004963
0.012652
0.012928
0.012381
0.005587
0.015456
0.004696
0.018781
0.011523
0.004401
0.007843
0.055235
0.008545
0.015279
0.00521
0.003579
0.004021
0.020746
0.008557
0.006932
0.018208
0.005444
0.041986
0.006884
0.012424
0.015559
0.003234
0.007414
0.00424
0.013706
0.007294
0.014794
0.007047
0.028884
0.015079
0.020034
0.008863
0.004326
0.010437
0.004104
0.003779
0.017024
0.012024
0.011064
0.006036
0.017816
0.013564
0.004147
0.013707
0.01909
0.026383
0.017811
0.017214
0.005684
0.040121
0.02021
0.034446
0.007581
0.003418
0.006621
0.00579
0.019373
0.012334
0.013484
0.002194
0.001913
0.031122
0.005288
0.007307
0.002537
0.005096
0.014807
0.001697
0.018772
0.00116
0.012188
0.023874
0.006421
0.015555
0.005223
0.023911
0.006089
0.006719
0.02031
0.015058
0.009981
0.023766
0.036978
0.017001
0.014112
0.00548
0.005038
0.016885
0.013468
0.014912
0.013683
0.015512
0.009783
0.013377
0.011919
0.019184
0.012343
0.016226
0.016951
0.0136
0.030783
0.006958
0.006259
0.005285
0.017103
0.007389
0.012747
0.01158
0.010992
0.038621
0.002649
0.010189
0.003479
0.009979
0.031019
0.014587
0.003785
0.025547
0.004193
0.019312
0.005336
0.028798
0.007321
0.003257
0.020489
0.005696
0.002156
0.010502
0.005231
0.010385
0.007823
0.03763
0.064287
0.047366
0.006242
0.006825
0.02032
0.009528
0.016873
0.00395
0.007767
0.007378
0.010183
0.008325
0.026361
0.020247
0.007254
0.005805
0.004456
0.010543
0.010624
0.031237
0.053359
0.008928
0.003812
0.005374
0.011171
0.002247
0.029075
0.01514
0.003059
0.01829
0.022571
0.011776
0.030481
0.005657
0.010411
0.008556
0.019064
0.023767
0.017946
0.007951
0.022591
0.011524
0.001386
0.01528
0.005865
0.053668
0.015931
0.020687
0.027263
0.009021
0.007167
0.006331
0.003555
0.002326
0.008862
0.011033
0.02438
0.008786
0.008615
0.01166
0.00679
0.006823
0.019909
0.054456
0.047406
0.00826
0.004078
0.00684
0.004996
0.00587
0.028551
0.008383
0.021113
0.003478
0.013782
0.012774
0.008149
0.001869
0.023264
0.022364
0.003563
0.03082
0.014631
0.001704
0.009588
0.015399
0.006821
0.001804
0.012154
0.024405
0.00931
0.022784
0.015122
0.004337
0.001324
0.007468
0.005877
0.003681
0.005694
0.011378
0.007831
0.009471
0.009405
0.035802
0.014575
0.01437
0.031106
0.025432
0.024322
0.016535
0.017466
0.011489
0.006781
0.003402
0.007279
0.006874
0.00875
0.001471
0.006454
0.010395
0.019382
0.006505
0.021891
0.049024
0.007005
0.032572
0.00889
0.008451
0.031236
0.007443
0.058136
0.005837
0.021776
0.009924
0.014534
0.002239
0.020077
0.035776
0.010501
0.006207
0.005053
0.007067
0.023893
0.007255
0.003502
0.014391
0.009113
0.01091
0.002363
0.014649
0.003501
0.016659
0.013606
0.074531
0.005527
0.007512
0.019055
0.008792
0.005109
0.005164
0.014103
0.026263
0.02793
0.007714
0.007657
0.009432
0.00315
0.001817
0.003029
0.023617
0.006156
0.015201
0.017919
0.007352
0.006767
0.006232
0.007399
0.006827
0.031831
0.010113
0.003914
0.008476
0.00458
0.006809
0.004993
0.012966
0.029922
0.003293
0.009981
0.010029
0.014664
0.020012
0.01301
0.011729
0.031972
0.00393
0.006456
0.009315
0.010794
0.002705
0.015875
0.007687
0.011346
0.022539
0.039046
0.017937
0.010836
0.006899
0.009537
0.008663
0.002926
0.013183
0.005427
0.009964
0.009458
0.027882
0.006352
0.055891
0.002291
0.010746
0.009784
0.004879
0.004887
0.004812
0.015876
0.005454
0.011343
0.014943
0.029912
0.017771
0.011825
0.009919
0.025019
0.00412
0.024569
0.006066
0.0213
0.004825
0.020516
0.023036
0.00824
0.007683
0.00396
0.034655
0.003854
0.005439
0.00686
0.013501
0.068556
0.023944
0.003664
0.003359
0.005893
0.013173
0.002157
0.013498
0.022575
0.011039
0.009523
0.013443
0.0241
0.026968
0.005377
0.010362
0.011232
0.014661
0.004092
0.009788
0.019573
0.008342
0.003107
0.004578
0.007764
0.013792
0.008474
0.012124
0.016621
0.017663
0.011773
0.007031
0.002383
0.007168
0.011048
0.010625
0.004809
0.008665
0.020676
0.009427
0.040992
0.001831
0.044604
0.006641
0.006965
0.010304
0.006211
0.01065
0.02583
0.007269
0.016731
0.009446
0.003743
0.004895
0.005668
0.003317
0.014954
0.025459
0.199426
0.005527
0.017355
0.014736
0.00156
0.010356
0.016382
0.009931
0.008979
0.007026
0.005561
0.003101
0.028527
0.0098
0.010935
0.002534
0.007221
0.006469
0.002672
0.043216
0.006877
0.006565
0.011432
0.01131
0.007062
0.025803
0.002502
0.008684
0.028677
0.006145
0.012375
0.006125
0.010048
0.006084
0.023778
0.009235
0.013029
0.003464
0.009365
0.007553
0.015699
0.014424
0.006031
0.004303
0.004721
0.005482
0.008092
0.009205
0.012911
0.01031
0.002061
0.02925
0.010787
0.002544
0.014121
0.003119
0.020353
0.002233
0.003523
0.004695
0.009241
0.011837
0.049237
0.004086
0.009946
0.006031
0.002777
0.0434
0.029889
0.013903
0.00938
0.007272
0.028714
0.006263
0.048861
0.01997
0.00781
0.015653
0.029412
0.026758
0.007382
0.041178
0.010972
0.013588
0.010729
0.00349
0.014143
0.003998
0.005347
0.016947
0.006705
0.010515
0.010515
0.015781
0.019571
0.007111
0.003778
0.002202
0.010434
0.009215
0.014045
0.006737
0.013873
0.009607
0.01072
0.009994
0.009468
0.013333
0.033182
0.006576
0.014679
0.020714
0.026038
0.008419
0.01079
0.015185
0.024396
0.006141
0.017966
0.006531
0.004326
0.012122
0.009051
0.011514
0.020152
0.047027
0.006199
0.003593
0.006863
0.039379
0.013871
0.000619
0.025984
0.002489
0.016274
0.013264
0.007743
0.029239
0.010366
0.031052
0.007742
0.00441
0.005866
0.013393
0.001306
0.017873
0.001506
0.043816
0.012444
0.006373
0.002931
0.03057
0.00466
0.001814
0.038331
0.003718
0.005238
0.020583
0.038194
0.0088
0.001668
0.028497
0.004491
0.008134
0.007664
0.020389
0.005622
0.005852
0.006732
0.024534
0.00503
0.00976
0.000355
0.134432
0.040484
0.008447
0.015624
0.020685
0.008882
0.011997
0.004516
0.006563
0.014522
0.036407
0.004707
0.028197
0.021811
0.012135
0.020927
0.007366
0.030804
0.034378
0.017722
0.005626
0.065279
0.042552
0.005098
0.009003
0.017851
0.010164
0.017358
0.006242
0.012225
0.010166
0.031403
0.009302
0.017275
0.00793
0.036827
0.011533
0.024329
0.015827
0.0017
0.007521
0.009684
0.030826
0.005186
0.002953
0.020356
0.002676
0.001354
0.005244
0.006055
0.006965
0.041625
0.005081
0.005553
0.013715
0.011302
0.004344
0.01355
0.005523
0.006578
0.00993
0.035472
0.012622
0.003823
0.01698
0.005641
0.017961
0.06575
0.001169
0.020898
0.008692
0.009566
0.002113
0.004491
0.002643
0.009345
0.020284
0.002142
0.004561
0.002741
0.067523
0.020933
0.00548
0.009901
0.008624
0.012957
0.005282
0.004972
0.010108
0.007786
0.021455
0.016336
0.007175
0.004985
0.001949
0.028462
0.013886
0.015898
0.001081
0.015105
0.003038
0.004989
0.020103
0.008172
0.007618
0.007205
0.005441
0.011792
0.00992
0.020381
0.022671
0.008044
0.015978
0.009619
0.002344
0.011431
0.007141
0.007054
0.006512
0.002553
0.013548
0.002489
0.005975
0.031618
0.004809
0.023173
0.00395
0.002208
0.004377
0.005438
0.00296
0.00977
0.017103
0.005498
0.003862
0.01211
0.008333
0.009208
0.010543
0.023376
0.00658
0.005968
0.004119
0.023285
0.024663
0.017914
0.014013
0.018369
0.007906
0.011759
0.010061
0.022137
0.014253
0.019627
0.004875
0.009933
0.053135
0.005503
0.017616
0.004538
0.049039
0.016456
0.015622
0.007525
0.00798
0.048427
0.014706
0.007452
0.015131
0.011647
0.032886
0.00468
0.025682
0.012573
0.021669
0.026574
0.017322
0.012844
0.029053
0.004321
0.003961
0.013332
0.045024
0.012909
0.0362
0.00649
0.015702
0.008529
0.023269
0.006804
0.003661
0.001693
0.007104
0.007167
0.007413
0.009958
0.054536
0.004112
0.014036
0.014737
0.023315
0.028312
0.025248
0.00457
0.003936
0.005375
0.010171
0.011337
0.007435
0.016805
0.019402
0.039778
0.023661
0.016386
0.00694
0.001947
0.007745
0.008793
0.004817
0.027405
0.008588
0.021174
0.016601
0.024207
0.020749
0.019595
0.016019
0.011798
0.033181
0.010928
0.005662
0.00998
0.004008
0.011743
0.008277
0.02217
0.012634
0.008171
0.002664
0.015033
0.027828
0.011551
0.005277
0.018668
0.001871
0.031767
0.002385
0.001668
0.002557
0.003266
0.09608
0.013419
0.019641
0.009688
0.015676
0.040554
0.055712
0.011424
0.080927
0.005888
0.005685
0.012006
0.010171
0.004777
0.01848
0.003642
0.017338
0.028414
0.044644
0.045922
0.002063
0.027324
0.01048
0.008763
0.071203
0.004561
0.002882
0.004426
0.007905
0.031624
0.009784
0.018159
0.009872
0.020113
0.050216
0.003412
0.04702
0.01253
0.005127
0.019987
0.014576
0.00621
0.003788
0.014661
0.013983
0.011963
0.029081
0.016563
0.001305
0.00414
0.026381
0.010764
0.004043
0.002482
0.012706
0.030695
0.011769
0.012222
0.040284
0.042882
0.007197
0.031562
0.181418
0.038669
0.014849
0.004118
0.013843
0.004149
0.009303
0.028655
0.008322
0.020526
0.020137
0.007402
0.002574
0.00381
0.013184
0.007682
0.015261
0.022186
0.011829
0.023714
0.016471
0.001662
0.020437
0.038157
0.011541
0.002999
0.001766
0.018286
0.014267
0.014281
0.01966
0.003638
0.0034
0.025309
0.003123
0.004549
0.003175
0.010053
0.008537
0.006217
0.023724
0.00649
0.03334
0.002703
0.018266
0.002462
0.012926
0.035092
0.031314
0.003642
0.00248
0.005328
0.003457
0.007611
0.004364
0.010036
0.024485
0.015303
0.011249
0.02918
0.020312
0.005477
0.035162
0.005
0.015035
0.024557
0.005788
0.007342
0.002778
0.01214
0.014482
0.006324
0.008546
0.014109
0.003992
0.010413
0.005658
0.005353
0.058863
0.017257
0.01852
0.035515
0.011763
0.014056
0.020508
0.018857
0.005065
0.004809
0.004737
0.015364
0.009497
0.002223
0.010858
0.019031
0.005058
0.022295
0.021381
0.007227
0.020832
0.026882
0.010082
0.009858
0.026959
0.009509
0.015829
0.009748
0.002366
0.005626
0.016094
0.005001
0.003329
0.031442
0.009648
0.003969
0.000311
0.009525
0.011479
0.01568
0.00299
0.009372
0.020229
0.038367
0.025959
0.010552
0.010607
0.006626
0.051028
0.097056
0.011985
0.017082
0.010485
0.010942
0.016432
0.019015
0.003475
0.007171
0.02042
0.003037
0.017558
0.002958
0.011995
0.007722
0.002429
0.014652
0.002514
0.002232
0.004617
0.013199
0.046114
0.00855
0.031388
0.003567
0.028356
0.003852
0.001705
0.008371
0.020743
0.004606
0.004053
0.024127
0.011524
0.011523
0.022539
0.002104
0.004831
0.013003
0.049807
0.015215
0.018994
0.027097
0.016927
0.03701
0.047254
0.011488
0.004067
0.007789
0.002862
0.016821
0.008952
0.015809
0.01502
0.01036
0.010578
0.00688
0.024937
0.025339
0.00836
0.007232
0.007814
0.004507
0.011726
0.006317
0.048839
0.002647
0.007736
0.003762
0.013673
0.006219
0.033655
0.007995
0.021364
0.013133
0.028059
0.014157
0.002748
0.014867
0.006137
0.001693
0.009574
0.007934
0.006618
0.017852
0.013526
0.010928
0.010874
0.005455
0.001669
0.00944
0.010574
0.016046
0.00187
0.284024
0.019309
0.013899
0.008886
0.009367
0.021666
0.01677
0.015334
0.036103
0.015075
0.005045
0.010162
0.008792
0.036529
0.013468
0.002701
0.001199
0.181634
0.034619
0.025413
0.002115
0.011055
0.002405
0.006338
0.010026
0.009358
0.003626
0.011019
0.0049
0.249988
0.010672
0.020603
0.019172
0.019044
0.006089
0.00675
0.011257
0.044412
0.007691
0.041989
0.012704
0.01461
0.007088
0.022955
0.055277
0.004881
0.023254
0.008329
0.077251
0.041829
0.001037
0.004795
0.07255
0.006116
0.008841
0.009697
0.003963
0.014023
0.005361
0.004496
0.058569
0.006665
0.022855
0.008345
0.008994
0.003044
0.058008
0.00961
0.010573
0.023195
0.012177
0.00738
0.016598
0.009619
0.006878
0.03507
0.019088
0.07178
0.065196
0.012411
0.005657
0.004429
0.006288
0.057921
0.003833
0.002817
0.009433
0.006392
0.003118
0.014464
0.037638
0.033447
0.007108
0.004321
0.011723
0.004508
0.087021
0.008629
0.009821
0.015548
0.010136
0.03631
0.008761
0.000319
0.023368
0.006297
0.024725
0.003519
0.012837
0.020438
0.010749
0.019698
0.035676
0.016777
0.020039
0.0085
0.026645
0.007587
0.001155
0.015258
0.003262
0.005888
0.019543
0.001904
0.006941
0.011072
0.02009
0.044603
0.009182
0.006446
0.007633
0.006028
0.010244
0.013475
0.026481
0.019015
0.017136
0.047406
0.009429
0.0089
0.013564
0.004081
0.012781
0.00472
0.004225
0.006739
0.019808
0.004465
0.032443
0.003384
0.026223
0.016155
0.005094
0.001565
0.018399
0.017579
0.006183
0.014382
0.011071
0.007389
0.00732
0.007477
0.066766
0.001219
0.026533
0.015203
0.013473
0.002338
0.009427
0.025777
0.004194
0.001628
0.01896
0.032973
0.001249
0.011096
0.015378
0.028515
0.014437
0.010852
0.123899
0.005922
0.010297
0.012973
0.042757
0.016814
0.016681
0.009139
0.004318
0.003536
0.013568
0.009161
0.012958
0.005615
0.141966
0.004707
0.019041
0.035464
0.002482
0.004781
0.003998
0.022153
0.005
0.009977
0.012139
0.035957
0.0154
0.090563
0.006317
0.013156
0.013699
0.010081
0.013593
0.002905
0.019612
0.008284
0.005912
0.00674
0.021411
0.011444
0.016215
0.014135
0.030589
0.078619
0.006828
0.042156
0.031165
0.041516
0.003364
0.002917
0.008808
0.003163
0.018175
0.030814
0.00813
0.008253
0.00935
0.006511
0.016273
0.008248
0.034033
0.02114
0.012345
0.007687
0.014609
0.006938
0.002405
0.007377
0.006651
0.004922
0.023954
0.026314
0.010623
0.008359
0.023067
0.010744
0.013871
0.008749
0.013961
0.014976
0.013241
0.00612
0.009386
0.006697
0.005749
0.006791
0.004584
0.002382
0.016457
0.012501
0.039815
0.003372
0.025015
0.028052
0.009861
0.002435
0.00494
0.005929
0.005896
0.12698
0.005804
0.010254
0.007338
0.00779
0.003545
0.006554
0.020591
0.023558
0.00593
0.022139
0.034455
0.005518
0.01782
0.001992
0.035986
0.043272
0.00707
0.003243
0.025997
0.019478
0.013509
0.024198
0.006494
0.021297
0.005247
0.0038
0.004402
0.005226
0.006467
0.011402
0.011234
0.05097
0.012728
0.003482
0.04526
0.026752
0.010896
0.003455
0.038294
0.003933
0.010524
0.008774
0.004529
0.011854
0.024846
0.010368
0.015183
0.004144
0.011467
0.085854
0.00252
0.006656
0.00487
0.006752
0.004069
0.005993
0.025979
0.021935
0.008424
0.026657
0.021041
0.025933
0.008422
0.016486
0.004412
0.007589
0.012491
0.010353
0.00248
0.0191
0.005293
0.045607
0.006995
0.095662
0.006892
0.002653
0.008163
0.002867
0.015318
0.003768
0.001642
0.013275
0.001842
0.007656
0.028855
0.034999
0.030195
0.007146
0.019731
0.001265
0.02737
0.014862
0.009681
0.005386
0.000851
0.008308
0.016264
0.043353
0.006829
0.023096
0.002559
0.040753
0.003738
0.005628
0.013753
0.005441
0.003703
0.007097
0.005827
0.013565
0.013241
0.030058
0.00287
0.010514
0.006114
0.041677
0.005272
0.071007
0.004653
0.013103
0.004977
0.017072
0.006467
0.008446
0.025991
0.005679
0.011374
0.011628
0.001792
0.0225
0.005917
0.022799
0.085175
0.016684
0.00554
0.021079
0.011317
0.066232
0.012389
0.003625
0.017399
0.013397
0.019002
0.088492
0.011329
0.047681
0.00446
0.106886
0.004702
0.009199
0.022115
0.013164
0.002137
0.023081
0.01529
0.034485
0.001369
0.053825
0.001375
0.00601
0.057285
0.002276
0.007429
0.020646
0.039146
0.018295
0.006578
0.003255
0.00407
0.013857
0.080352
0.016883
0.002275
0.006643
0.002623
0.01713
0.006136
0.029297
0.005625
0.026422
0.006647
0.018794
0.008393
0.009425
0.014346
0.001638
0.06613
0.007439
0.003732
0.008495
0.018232
0.001071
0.013129
0.026609
0.019953
0.007955
0.033789
0.006221
0.033936
0.013124
0.002378
0.010637
0.010827
0.012414
0.026752
0.036339
0.021653
0.039391
0.02432
0.049422
0.018235
0.030161
0.002738
0.058895
0.028729
0.019037
0.00613
0.01641
0.003732
0.006874
0.063145
0.016392
0.019398
0.017398
0.014195
0.005855
0.009273
0.032243
0.006716
0.006537
0.027405
0.009477
0.005805
0.009625
0.038002
0.005715
0.008292
0.031721
0.006855
0.005181
0.005313
0.015979
0.02287
0.027629
0.026263
0.015805
0.010522
0.012813
0.057774
0.01877
0.015539
0.006778
0.005642
0.014729
0.06303
0.035283
0.025827
0.026863
0.028609
0.01768
0.019269
0.010921
0.006301
0.002663
0.002248
0.003577
0.018941
0.031965
0.002748
0.023067
0.015689
0.015678
0.008783
0.061662
0.007948
0.029936
0.002186
0.050568
0.003709
0.006147
0.065315
0.020354
0.006181
0.016585
0.001984
0.011738
0.01062
0.010904
0.010414
0.018606
0.029143
0.031588
0.014004
0.002324
0.016643
0.016358
0.141708
0.008144
0.041874
0.004479
0.003301
0.00871
0.005586
0.15472
0.027013
0.002898
0.016682
0.011607
0.01164
0.016356
0.006786
0.180106
0.027924
0.021814
0.003756
0.006009
0.009427
0.03807
0.009068
0.006878
0.004805
0.005578
0.010811
0.004874
0.00342
0.005717
0.008947
0.042728
0.023421
0.015387
0.011338
0.009268
0.01701
0.034361
0.030111
0.071194
0.023244
0.024839
0.016666
0.010114
0.006108
0.021597
0.004194
0.095661
0.004131
0.010184
0.010719
0.007527
0.007191
0.031177
0.046535
0.076344
0.020768
0.053492
0.021486
0.017041
0.009646
0.014972
0.014243
0.037611
0.0015
0.003588
0.034909
0.126174
0.012423
0.021096
0.006998
0.061334
0.01215
0.005954
0.010189
0.033835
0.040457
0.004952
0.074746
0.000636
0.028154
0.021229
0.001943
0.026134
0.073945
0.022352
0.018985
0.061104
0.010695
0.008197
0.001784
0.029808
0.006076
0.003423
0.004217
0.005923
0.008272
0.007874
0.056
0.023499
0.010755
0.022915
0.004579
0.004316
0.031494
0.006412
0.024031
0.030416
0.006887
0.014919
0.005201
0.001519
0.004295
0.009059
0.094684
0.011924
0.013134
0.005338
0.046566
0.005899
0.007828
0.017991
0.025958
0.095213
0.107614
0.017862
0.017867
0.021186
0.046313
0.001778
0.005614
0.016167
0.01394
0.004119
0.010017
0.013069
0.023998
0.001444
0.023291
0.001621
0.013641
0.007154
0.09911
0.008084
0.005204
0.023708
0.024759
0.047228
0.013234
0.006046
0.010914
0.005542
0.006764
0.020463
0.003849
0.002658
0.005247
0.019122
0.003944
0.002987
0.041765
0.061106
0.003316
0.012103
0.002972
0.042587
0.021236
0.023027
0.003995
0.01017
0.0114
0.024837
0.040847
0.046585
0.007645
0.023284
0.012373
0.022956
0.003546
0.013226
0.012907
0.022007
0.002754
0.003691
0.015849
0.004306
0.011617
0.017072
0.009675
0.032141
0.204325
0.003864
0.01552
0.006317
0.010914
0.024132
0.015731
0.045998
0.007294
0.006516
0.002633
0.0088
0.012982
0.006777
0.006056
0.00615
0.004445
0.024739
0.027829
0.007393
0.050902
0.012152
0.003882
0.019246
0.008676
0.003216
0.007153
0.022788
0.007488
0.006588
0.016234
0.003339
0.001883
0.109354
0.017676
0.014788
0.008321
0.004127
0.017083
0.020428
0.013012
0.036226
0.037678
0.012185
0.008414
0.006828
0.006434
0.014837
0.010486
0.100805
0.002816
0.020565
0.000592
0.023294
0.010327
0.010334
0.007217
0.010424
0.003962
0.023291
0.01397
0.005221
0.016628
0.012694
0.003539
0.049826
0.014817
0.087853
0.013833
0.019559
0.004089
0.007824
0.021393
0.026323
0.00789
0.007486
0.036186
0.008252
0.016074
0.001251
0.009856
0.007531
0.126939
0.037084
0.035272
0.011997
0.006653
0.004717
0.029564
0.047309
0.047705
0.02902
0.002002
0.003566
0.015967
0.010995
0.007927
0.011754
0.003228
0.006701
0.01176
0.016762
0.005872
0.017715
0.022733
0.006924
0.002418
0.01139
0.021065
0.065634
0.001539
0.00453
0.03292
0.130801
0.020404
0.00914
0.014966
0.005344
0.003335
0.099913
0.009214
0.02008
0.011775
0.008272
0.014148
0.004185
0.060176
0.012244
0.020821
0.017666
0.014476
0.209497
0.011224
0.002172
0.00769
0.016783
0.075803
0.005009
0.037891
0.056693
0.018748
0.008179
0.012453
0.003844
0.008751
0.071559
0.003224
0.014405
0.003745
0.016712
0.002015
0.017415
0.015903
0.031224
0.018004
0.0055
0.035401
0.007454
0.032083
0.00249
0.041593
0.032949
0.005404
0.002071
0.052883
0.013027
0.023723
0.025782
0.023569
0.016349
0.014156
0.010281
0.014397
0.04626
0.004958
0.008598
0.010789
0.003387
0.036079
0.003786
0.010704
0.021194
0.015578
0.010078
0.003684
0.009932
0.005106
0.007105
0.011747
0.002078
0.002513
0.002485
0.005117
0.009053
0.016258
0.035086
0.006913
0.011182
0.01803
0.003909
0.029018
0.0094
0.008035
0.008752
0.01882
0.012422
0.004806
0.040767
0.025046
0.00335
0.024464
0.013372
0.00548
0.001354
0.009134
0.00936
0.003953
0.003173
0.015754
0.005593
0.002994
0.014143
0.004169
0.019817
0.009222
0.002807
0.067621
0.003199
0.01105
0.002976
0.001667
0.019688
0.066326
0.007301
0.004816
0.00299
0.004803
0.012043
0.009066
0.131215
0.005431
0.020173
0.008158
0.035259
0.009351
0.008561
0.01386
0.047525
0.030214
0.02204
0.011649
0.009368
0.045467
0.012218
0.009507
0.044828
0.054326
0.004182
0.04594
0.002282
0.010004
0.004464
0.165447
0.014089
0.006437
0.003757
0.004369
0.051444
0.023638
0.001623
0.026834
0.015252
0.007553
0.006415
0.007085
0.010236
0.007079
0.040694
0.041473
0.010285
0.005826
0.002107
0.002949
0.007891
0.007216
0.013085
0.03403
0.005899
0.007637
0.029989
0.003155
0.009901
0.008655
0.02306
0.003168
0.012285
0.014985
0.027426
0.006095
0.009104
0.042997
0.01056
0.073649
0.012548
0.035867
0.011128
0.004326
0.00279
0.177595
0.016478
0.000723
0.194346
0.008927
0.302273
0.006789
0.017145
0.079051
0.027857
0.007846
0.021037
0.061596
0.004641
0.004601
0.018056
0.014032
0.001576
0.055839
0.010448
0.009808
0.011053
0.005026
0.003891
0.006052
0.025588
0.017005
0.008722
0.014258
0.022116
0.040856
0.008835
0.004646
0.019374
0.035524
0.026912
0.109756
0.002375
0.015282
0.0111
0.011453
0.003833
0.002023
0.003963
0.005168
0.020173
0.004548
0.009455
0.031051
0.017636
0.012407
0.007341
0.008221
0.014777
0.080918
0.00647
0.016903
0.044152
0.004354
0.013193
0.010569
0.027581
0.032673
0.050741
0.007957
0.029008
0.007481
0.007607
0.093946
0.022814
0.013254
0.02887
0.076758
0.01939
0.004429
0.021418
0.020179
0.01806
0.009646
0.055258
0.024731
0.008259
0.033389
0.00589
0.025081
0.007704
0.008051
0.001381
