0.034204
0.039305
0.026993
0.030714
0.021252
0.030351
0.024138
0.027149
0.097976
0.030486
0.081709
0.077015
0.022472
0.033243
0.028747
0.029732
0.02736
0.029317
0.039681
0.03232
0.078247
0.028583
0.030499
0.068019
0.026756
0.070969
0.0319
0.04227
0.093574
0.031383
0.055084
0.027126
0.054166
0.032619
0.029052
0.056666
0.025497
0.052639
0.050653
0.031586
0.059983
0.032046
0.042113
0.049228
0.083674
0.026749
0.064965
0.060114
0.029712
0.023668
0.026815
0.025878
0.025924
0.026075
0.04301
0.056483
0.040417
0.063393
0.033964
0.023532
0.028433
0.06635
0.053266
0.029412
0.023252
0.030143
0.02471
0.022871
0.031105
0.035738
0.062104
0.029301
0.043198
0.035907
0.032399
0.062454
0.036039
0.03445
0.050552
0.098009
0.028868
0.023712
0.023806
0.028556
0.029489
0.032077
0.023168
0.02952
0.028801
0.033337
0.085195
0.027519
0.04811
0.028501
0.026027
0.032336
0.030359
0.021158
0.027726
0.050977
0.024866
0.035
0.030757
0.031383
0.023746
0.03475
0.038847
0.026837
0.025891
0.028369
0.024437
0.032138
0.022759
0.025889
0.024785
0.040598
0.027738
0.025856
0.036016
0.033735
0.030349
0.026279
0.112799
0.019415
0.028717
0.021795
0.022241
0.054205
0.019958
0.028718
0.032446
0.02882
0.026444
0.049566
0.073955
0.030983
0.097274
0.025796
0.027381
0.011726
0.035306
0.080398
0.053207
0.029357
0.040606
0.043355
0.032387
0.028401
0.029198
0.048859
0.029501
0.040828
0.042635
0.024699
0.026613
0.026293
0.032775
0.030173
0.052896
0.049558
0.029111
0.030219
0.02546
0.018353
0.0264
0.02092
0.060388
0.074335
0.024014
0.033163
0.052385
0.029211
0.036871
0.041933
0.025536
0.028432
0.063269
0.022333
0.033889
0.030481
0.018693
0.044873
0.043876
0.025494
0.029732
0.042522
0.030131
0.027641
0.052223
0.032727
0.028519
0.053869
0.037609
0.051042
0.043143
0.028387
0.037933
0.062504
0.011378
0.037049
0.030793
0.025552
0.033689
0.033974
0.044655
0.029794
0.034039
0.039005
0.047348
0.028651
0.022196
0.030354
0.054082
0.029392
0.025948
0.04263
0.047493
0.0571
0.042198
0.054864
0.028357
0.026488
0.025674
0.027624
0.027947
0.038661
0.026663
0.029673
0.054194
0.031408
0.033623
0.049573
0.040038
0.023851
0.04851
0.028693
0.030841
0.060449
0.059015
0.033337
0.030853
0.031669
0.029722
0.023209
0.050736
0.043254
0.026862
0.031946
0.055208
0.031862
0.02787
0.030462
0.042532
0.027976
0.199833
0.035447
0.032252
0.031245
0.022644
0.027032
0.030096
0.023492
0.03416
0.023526
0.034572
0.032097
0.037416
0.027458
0.026392
0.0077
0.028929
0.057757
0.018968
0.032839
0.022914
0.032004
0.082705
0.020095
0.032588
0.022262
0.027437
0.029576
0.019087
0.031851
0.039402
0.028662
0.062706
0.040875
0.059337
0.027819
0.034363
0.18969
0.032654
0.031033
0.023535
0.030955
0.064893
0.082656
0.027295
0.028834
0.030625
0.029659
0.008364
0.019572
0.021824
0.029821
0.034334
0.034389
0.044203
0.029011
0.028013
0.023515
0.030361
0.035021
0.031655
0.045564
0.030756
0.049384
0.027598
0.027194
0.046634
0.030672
0.032087
0.031649
0.038742
0.031967
0.063144
0.03134
0.031973
0.012298
0.025775
0.0308
0.027419
0.046303
0.033922
0.029481
0.066513
0.041534
0.019352
0.031745
0.152647
0.017041
0.031415
0.026826
0.034868
0.0491
0.032589
0.023437
0.03511
0.028239
0.027879
0.036132
0.02501
0.024427
0.03033
0.018192
0.023449
0.029134
0.055842
0.04655
0.032143
0.036092
0.034978
0.030914
0.022541
0.022626
0.040584
0.046501
0.039243
0.02002
0.083075
0.024011
0.053946
0.017621
0.043541
0.058874
0.032191
0.020659
0.024942
0.046322
0.036854
0.028839
0.022448
0.042868
0.030967
0.034556
0.025151
0.068278
0.055951
0.039246
0.005322
0.031149
0.014266
0.03932
0.033953
0.08129
0.02044
0.037406
0.051136
0.021957
0.037533
0.057708
0.028871
0.060551
0.030876
0.021111
0.020704
0.033579
0.049885
0.040009
0.029091
0.095574
0.037295
0.032528
0.012738
0.031996
0.027498
0.034844
0.027738
0.06336
0.058134
0.040801
0.034804
0.007046
0.020874
0.012567
0.02615
0.050014
0.029816
0.027321
0.061758
0.02735
0.046565
0.017613
0.026602
0.026396
0.027927
0.022936
0.032325
0.117538
0.027166
0.025084
0.022618
0.032019
0.022915
0.011725
0.043875
0.049613
0.037073
0.050624
0.017083
0.022935
0.043616
0.046169
0.035492
0.026
0.029301
0.063173
0.076298
0.044959
0.024198
0.056023
0.047328
0.030559
0.042461
0.024778
0.037243
0.028429
0.040893
0.027821
0.066062
0.032935
0.035245
0.055163
0.026938
0.013922
0.029723
0.039428
0.030687
0.045883
0.026192
0.042852
0.121392
0.028199
0.028765
0.055724
0.044824
0.030393
0.021662
0.031431
0.068872
0.125698
0.019906
0.037327
0.042909
0.03674
0.041927
0.011901
0.042308
0.047227
0.036848
0.043777
0.051956
0.060594
0.029764
0.032428
0.031207
0.038451
0.035171
0.03084
0.029984
0.022428
0.019584
0.025057
0.059678
0.017013
0.024479
0.029572
0.038559
0.044977
0.058328
0.053663
0.061674
0.039067
0.031197
0.040784
0.033319
0.020268
0.037035
0.030514
0.037636
0.040817
0.054673
0.032938
0.033519
0.017802
0.0338
0.038922
0.017286
0.015112
0.020744
0.029315
0.025498
0.032742
0.029263
0.029803
0.027325
0.054664
0.021208
0.027846
0.031828
0.022774
0.016035
0.052703
0.05155
0.029943
0.02324
0.023815
0.042349
0.043694
0.01518
0.039011
0.016624
0.026748
0.021064
0.042577
0.053505
0.010353
0.019429
0.028104
0.029931
0.028849
0.03778
0.023818
0.031166
0.027954
0.056743
0.031602
0.021604
0.036163
0.032073
0.026693
0.025322
0.021166
0.084795
0.009869
0.022354
0.031361
0.036472
0.0288
0.074656
0.032972
0.031411
0.026008
0.015801
0.022026
0.026441
0.024473
0.048503
0.054014
0.036718
0.014696
0.017487
0.028835
0.04961
0.031977
0.026544
0.037074
0.155178
0.009685
0.021876
0.018394
0.029819
0.023931
0.046084
0.016919
0.035478
0.026703
0.053898
0.020334
0.020884
0.01755
0.061009
0.025973
0.01347
0.023869
0.032715
0.041545
0.043228
0.031163
0.0239
0.024228
0.053324
0.02748
0.036992
0.045052
0.015898
0.018797
0.029002
0.041404
0.017949
0.019622
0.036837
0.028121
0.021741
0.018419
0.027724
0.030413
0.033735
0.029174
0.026097
0.015782
0.038931
0.0298
0.11611
0.027633
0.030189
0.01788
0.026911
0.027192
0.011927
0.05446
0.029855
0.029163
0.044174
0.028412
0.02266
0.055498
0.031301
0.111517
0.05757
0.024743
0.030976
0.026598
0.007371
0.015861
0.055547
0.017267
0.0238
0.032825
0.040132
0.032558
0.034199
0.029329
0.026203
0.028069
0.02945
0.052173
0.041804
0.068198
0.017849
0.03953
0.03136
0.026576
0.024103
0.023051
0.027573
0.022646
0.026442
0.028526
0.030728
0.028427
0.020855
0.052087
0.024597
0.033763
0.03238
0.038472
0.011786
0.059019
0.021661
0.027328
0.030487
0.030064
0.073771
0.021916
0.026308
0.032745
0.026636
0.027367
0.039055
0.056524
0.020405
0.03825
0.026406
0.030943
0.047522
0.033174
0.033119
0.015887
0.119548
0.034734
0.024497
0.026216
0.029358
0.018812
0.019357
0.031447
0.086352
0.015445
0.0282
0.03036
0.021192
0.024472
0.013484
0.028656
0.021683
0.071022
0.043811
0.052388
0.02184
0.007329
0.025306
0.02986
0.021749
0.051541
0.025208
0.025663
0.021944
0.02508
0.028812
0.00588
0.074772
0.029761
0.038889
0.004489
0.044554
0.02442
0.008127
0.03825
0.032436
0.053558
0.031126
0.033863
0.026689
0.015925
0.031256
0.06101
0.024511
0.031441
0.014439
0.025364
0.07946
0.03609
0.021546
0.031611
0.02716
0.040664
0.056038
0.027667
0.029427
0.039266
0.021721
0.015792
0.024919
0.011081
0.059953
0.036907
0.02291
0.024439
0.043305
0.03742
0.022767
0.046456
0.025761
0.021008
0.036399
0.014228
0.019171
0.029068
0.039057
0.032702
0.026052
0.025759
0.011272
0.038962
0.021186
0.057788
0.07802
0.029651
0.02099
0.018626
0.027634
0.046176
0.02441
0.015302
0.02573
0.026796
0.032224
0.014928
0.01455
0.027598
0.024947
0.061791
0.039078
0.039878
0.032959
0.008914
0.016133
0.016189
0.027746
0.019887
0.022315
0.063771
0.029035
0.022831
0.034288
0.03431
0.054188
0.037019
0.017505
0.079156
0.044953
0.020683
0.017231
0.03161
0.008979
0.036901
0.02553
0.014101
0.018639
0.027536
0.038864
0.026839
0.044571
0.022618
0.024973
0.032914
0.095825
0.017948
0.030693
0.014075
0.026769
0.036497
0.037615
0.031415
0.013766
0.045771
0.030473
0.048849
0.032692
0.027046
0.018342
0.029157
0.054356
0.02693
0.054551
0.025977
0.031986
0.03533
0.011266
0.015118
0.048188
0.013108
0.02664
0.022823
0.056312
0.039072
0.034119
0.018874
0.024159
0.040138
0.021493
0.051004
0.028651
0.015635
0.028352
0.016768
0.053327
0.034802
0.031952
0.029625
0.032568
0.095807
0.033339
0.032821
0.044995
0.02496
0.03095
0.035693
0.042938
0.021841
0.009747
0.011291
0.034369
0.009373
0.026394
0.028721
0.06161
0.034272
0.040926
0.036013
0.025093
0.030119
0.025754
0.026452
0.017139
0.031377
0.032703
0.030661
0.027528
0.046649
0.018974
0.043947
0.033356
0.043675
0.02107
0.05203
0.060638
0.032807
0.00937
0.026933
0.077713
0.024751
0.026306
0.064627
0.075524
0.02364
0.032681
0.048389
0.066936
0.026475
0.059762
0.011081
0.037546
0.021565
0.052743
0.013084
0.028147
0.014646
0.021401
0.023892
0.037758
0.05457
0.052254
0.034377
0.027191
0.027577
0.028462
0.008959
0.05801
0.0345
0.088621
0.065743
0.04008
0.045754
0.053296
0.024192
0.037227
0.020536
0.03363
0.033791
0.038055
0.023907
0.005666
0.021264
0.029647
0.013737
0.045869
0.028933
0.072896
0.09949
0.020999
0.02702
0.018819
0.030746
0.077002
0.034066
0.032092
0.029854
0.030212
0.026077
0.021903
0.043328
0.036095
0.036322
0.024986
0.030262
0.063982
0.032958
0.019668
0.037273
0.032492
0.091863
0.059136
0.016338
0.023673
0.020517
0.027812
0.032152
0.018732
0.016187
0.012256
0.047755
0.037441
0.028393
0.02398
0.027867
0.024455
0.043212
0.011605
0.068218
0.007999
0.019215
0.030534
0.011257
0.031607
0.062405
0.012688
0.024435
0.005978
0.017333
0.017502
0.033112
0.033107
0.059611
0.02645
0.024019
0.064942
0.02455
0.024571
0.019373
0.020027
0.02463
0.032931
0.054942
0.018299
0.084516
0.017373
0.108228
0.02191
0.040461
0.0284
0.036733
0.024961
0.062483
0.045581
0.028265
0.013471
0.020893
0.010821
0.039743
0.062587
0.028352
0.030776
0.031967
0.059551
0.024569
0.037372
0.004125
0.019874
0.021181
0.016317
0.011906
0.023986
0.032447
0.100482
0.010773
0.033479
0.079957
0.029034
0.049756
0.019445
0.041729
0.027196
0.028214
0.041471
0.01861
0.070677
0.042839
0.027819
0.03256
0.030721
0.071996
0.058179
0.006627
0.070217
0.02024
0.057485
0.03526
0.040062
0.034706
0.028605
0.013316
0.033628
0.036158
0.024587
0.01162
0.104963
0.028748
0.007274
0.037055
0.007802
0.052783
0.021174
0.024224
0.03153
0.011947
0.022522
0.030416
0.055636
0.056779
0.015848
0.012739
0.020356
0.03499
0.02449
0.034654
0.032526
0.009679
0.016031
0.027962
0.029018
0.018453
0.02963
0.012297
0.007866
0.05637
0.019113
0.033638
0.019241
0.022354
0.018525
0.0144
0.068556
0.051275
0.012284
0.036828
0.022721
0.039182
0.031458
0.00636
0.027314
0.029638
0.026363
0.029909
0.072151
0.025469
0.025586
0.033372
0.033428
0.023857
0.035658
0.012627
0.027076
0.028302
0.032345
0.008864
0.020377
0.021468
0.0373
0.032829
0.025064
0.043784
0.029037
0.021151
0.030885
0.03416
0.0113
0.035343
0.025699
0.016382
0.025898
0.030659
0.020713
0.01733
0.023234
0.032048
0.025702
0.017675
0.016626
0.032172
0.027377
0.020828
0.017822
0.019824
0.014556
0.030302
0.014616
0.015793
0.028788
0.03462
0.011175
0.060931
0.046087
0.05055
0.02628
0.019182
0.024219
0.008345
0.038801
0.035838
0.035047
0.013579
0.049619
0.012775
0.020766
0.113254
0.063957
0.057966
0.023831
0.033248
0.044366
0.07903
0.039241
0.078269
0.01987
0.023112
0.02994
0.022963
0.024598
0.030903
0.052235
0.117451
0.007516
0.055463
0.012384
0.012732
0.014538
0.073624
0.031144
0.041593
0.018779
0.021386
0.020525
0.028796
0.033224
0.003328
0.033801
0.045125
0.054675
0.014432
0.026951
0.020497
0.027849
0.03015
0.02062
0.039267
0.028867
0.038884
0.03117
0.049176
0.011485
0.009793
0.029967
0.027591
0.023063
0.015164
0.042374
0.04104
0.02624
0.014427
0.034588
0.030586
0.069995
0.02587
0.029812
0.026662
0.021653
0.093911
0.036076
0.013588
0.038766
0.02088
0.04242
0.029833
0.026115
0.045379
0.055676
0.010921
0.00421
0.015206
0.055358
0.028532
0.035338
0.032665
0.0075
0.029442
0.019233
0.025425
0.025617
0.036526
0.017391
0.029284
0.011649
0.020225
0.008377
0.022936
0.028791
0.027291
0.018224
0.04454
0.010317
0.019013
0.042903
0.043254
0.020133
0.024679
0.031931
0.039145
0.018221
0.030749
0.009791
0.052493
0.009847
0.03219
0.01274
0.026805
0.007035
0.019344
0.03067
0.011611
0.02677
0.053353
0.026258
0.069134
0.012923
0.032678
0.03152
0.031193
0.031683
0.053846
0.023526
0.038718
0.073107
0.014638
0.020852
0.027202
0.009529
0.016179
0.033311
0.009405
0.029053
0.014114
0.011124
0.032614
0.029775
0.024549
0.00238
0.031586
0.046307
0.038594
0.019614
0.057645
0.064209
0.024312
0.052641
0.027604
0.036275
0.049607
0.012082
0.023617
0.026071
0.03646
0.026936
0.032176
0.028351
0.016924
0.043904
0.014065
0.014794
0.026816
0.037685
0.010954
0.059762
0.005846
0.031688
0.081946
0.019512
0.042616
0.037609
0.015385
0.060642
0.031228
0.027993
0.020335
0.0176
0.016742
0.023072
0.034183
0.054206
0.004985
0.022805
0.045635
0.023007
0.070037
0.028408
0.005491
0.026814
0.005282
0.028484
0.051336
0.029048
0.009758
0.125839
0.029848
0.028892
0.015272
0.015696
0.054625
0.013878
0.07116
0.023241
0.028506
0.019229
0.011017
0.047459
0.019446
0.027243
0.076079
0.035943
0.02959
0.017401
0.035702
0.036524
0.022378
0.060384
0.102607
0.023644
0.040931
0.060799
0.028316
0.04841
0.044377
0.022015
0.006984
0.087171
0.052515
0.034357
0.045895
0.004469
0.029618
0.02381
0.037136
0.015211
0.034205
0.018317
0.028619
0.02061
0.076037
0.018025
0.023323
0.008058
0.066456
0.041073
0.011102
0.028988
0.038121
0.054918
0.021228
0.046336
0.028543
0.036008
0.024357
0.028307
0.058814
0.065146
0.032219
0.042884
0.010737
0.016784
0.009055
0.0078
0.035114
0.02256
0.024251
0.024782
0.006014
0.029952
0.025148
0.011883
0.027721
0.035382
0.025546
0.077269
0.029671
0.011265
0.043112
0.070601
0.021901
0.004675
0.012409
0.02693
0.035307
0.010256
0.039411
0.051143
0.113943
0.008783
0.010807
0.036474
0.010128
0.035704
0.018149
0.044483
0.044125
0.021948
0.017778
0.011999
0.030764
0.026694
0.017476
0.015397
0.020146
0.029834
0.049069
0.006969
0.014927
0.011237
0.012974
0.006085
0.028931
0.01202
0.010562
0.055667
0.048543
0.057581
0.028409
0.00281
0.017052
0.029622
0.009093
0.044006
0.01541
0.004035
0.013892
0.031853
0.033713
0.039732
0.014514
0.049393
0.037269
0.017184
0.046198
0.109505
0.039253
0.023401
0.032666
0.014694
0.024235
0.034649
0.020421
0.017151
0.021192
0.027354
0.025341
0.01919
0.124857
0.030035
0.024417
0.026094
0.011123
0.084593
0.019229
0.026514
0.030835
0.043961
0.006018
0.029099
0.030859
0.036017
0.040881
0.024504
0.019422
0.038626
0.030224
0.027629
0.031302
0.030138
0.059788
0.01829
0.018132
0.025121
0.022649
0.008847
0.01984
0.02872
0.022692
0.087677
0.026271
0.049515
0.013703
0.02938
0.02805
0.010603
0.029776
0.042552
0.036066
0.034907
0.067327
0.037043
0.039264
0.06637
0.021079
0.026857
0.025959
0.022166
0.02444
0.012957
0.067278
0.029707
0.009443
0.019373
0.087066
0.056858
0.01621
0.02905
0.042807
0.02314
0.014718
0.026263
0.024832
0.027854
0.025063
0.065896
0.013012
0.050312
0.022117
0.018468
0.118771
0.031777
0.033768
0.019225
0.011719
0.011649
0.027527
0.020007
0.035122
0.01609
0.064971
0.029561
0.035698
0.038667
0.023843
0.012166
0.046566
0.020794
0.007527
0.046492
0.017575
0.047477
0.054978
0.033642
0.014942
0.018108
0.036247
0.028313
0.018032
0.041379
0.068973
0.032557
0.024355
0.027017
0.009086
0.02823
0.023199
0.106911
0.027502
0.043439
0.019688
0.034258
0.131114
0.021548
0.007335
0.019653
0.026698
0.073656
0.0076
0.014659
0.032822
0.019075
0.028621
0.057383
0.036307
0.039825
0.015422
0.034961
0.02842
0.048498
0.011671
0.010288
0.027357
0.035207
0.022323
0.020561
0.072646
0.026047
0.023003
0.046938
0.042777
0.05267
0.042417
0.032569
0.053066
0.017512
0.013626
0.027175
0.017537
0.038561
0.024552
0.035224
0.014257
0.028416
0.034833
0.013212
0.013337
0.024507
0.031168
0.031571
0.046532
0.032838
0.035675
0.047604
0.022834
0.028415
0.016027
0.004958
0.008103
0.065917
0.023834
0.067498
0.093526
0.02029
0.025781
0.030754
0.046547
0.047663
0.020133
0.019293
0.027196
0.007676
0.028635
0.040759
0.017335
0.005033
0.050175
0.032264
0.037927
0.006638
0.034744
0.041588
0.039615
0.048463
0.05907
0.0229
0.024897
0.018858
0.022648
0.005048
0.019224
0.01607
0.066914
0.037676
0.022568
0.022776
0.080733
0.046487
0.011407
0.031395
0.024409
0.014735
0.097686
0.015143
0.015961
0.014739
0.039169
0.034208
0.023753
0.030581
0.010095
0.032349
0.042789
0.050918
0.031404
0.056754
0.020829
0.037341
0.056859
0.027996
0.043107
0.089423
0.028958
0.013439
0.011593
0.05226
0.04615
0.10272
0.042272
0.004942
0.035804
0.04515
0.032724
0.079677
0.036008
0.026958
0.027915
0.039853
0.033993
0.022722
0.036752
0.020697
0.034512
0.023921
0.023249
0.056309
0.01531
0.025237
0.023892
0.13004
0.033777
0.049198
0.028399
0.06157
0.003379
0.010793
0.026454
0.013968
0.049972
0.038433
0.028352
0.027507
0.031973
0.031296
0.072194
0.026915
0.038963
0.012917
0.039164
0.029139
0.059996
0.008312
0.03786
0.021429
0.021314
0.003212
0.046353
0.028981
0.012441
0.01721
0.010646
0.030626
0.028162
0.062669
0.035297
0.015439
0.01278
0.067285
0.043779
0.026172
0.044963
0.015313
0.02246
0.029863
0.006403
0.022132
0.007455
0.023131
0.007605
0.052822
0.027463
0.053027
0.062716
0.031224
0.045216
0.024854
0.035435
0.01901
0.061157
0.023468
0.014376
0.038178
0.031315
0.025638
0.055439
0.028787
0.026757
0.021145
0.029019
0.028593
0.042636
0.009767
0.015729
0.034583
0.029133
0.071532
0.043738
0.051559
0.026858
0.008539
0.015994
0.006669
0.013052
0.054447
0.022134
0.01765
0.023036
0.05957
0.033976
0.043759
0.028087
0.03195
0.102198
0.013791
0.007613
0.017049
0.069224
0.024488
0.053159
0.028197
0.002047
0.007825
0.033622
0.007507
0.021302
0.008856
0.016315
0.05916
0.01624
0.05498
0.068569
0.022359
0.11809
0.021222
0.01571
0.010899
0.023864
0.009671
0.026637
0.023231
0.031679
0.040906
0.02461
0.106561
0.025
0.031077
0.01249
0.016983
0.049307
0.016791
0.066119
0.006815
0.02058
0.010068
0.019549
0.027974
0.0305
0.048302
0.022676
0.028088
0.028466
0.039634
0.017819
0.034688
0.009611
0.00868
0.049451
0.033392
0.034664
0.015959
0.026786
0.040444
0.046695
0.013287
0.018939
0.056866
0.014389
0.023714
0.031622
0.029892
0.06078
0.070754
0.038806
0.013425
0.022911
0.01381
0.014768
0.006968
0.054962
0.019022
0.024642
0.025731
0.03187
0.029903
0.0437
0.034183
0.083856
0.010247
0.016847
0.021963
0.007529
0.070188
0.007959
0.014069
0.011252
0.048201
0.038808
0.035341
0.030962
0.068312
0.029948
0.013539
0.017303
0.021122
0.015062
0.029823
0.024007
0.013629
0.003783
0.02665
0.006013
0.084067
0.013534
0.023574
0.022523
0.012109
0.041581
0.055877
0.040004
0.042089
0.016957
0.02206
0.020438
0.084538
0.083308
0.006913
0.010123
0.082616
0.020721
0.010121
0.029021
0.025972
0.022024
0.035694
0.032821
0.049908
0.025371
0.012773
0.029715
0.025799
0.013067
0.01661
0.108247
0.041282
0.028521
0.030688
0.043544
0.050673
0.03291
0.044912
0.008081
0.002551
0.030205
0.049533
0.025736
0.016248
0.01977
0.044905
0.041146
0.009297
0.043977
0.01332
0.026128
0.010076
0.044757
0.030823
0.00892
0.029517
0.025008
0.030243
0.001683
0.012525
0.037041
0.011612
0.012639
0.065
0.041856
0.028233
0.016348
0.038158
0.026363
0.049802
0.026835
0.029243
0.025384
0.06355
0.052164
0.002074
0.019817
0.017137
0.013905
0.036456
0.018438
0.032966
0.009252
0.026497
0.053756
0.03388
0.013028
0.074333
0.004355
0.007003
0.024122
0.058732
0.026461
0.073944
0.027201
0.030055
0.008317
0.012426
0.065291
0.03327
0.104544
0.030978
0.03074
0.011692
0.033901
0.009343
0.024562
0.012598
0.004843
0.04998
0.007181
0.018645
0.020032
0.031909
0.019901
0.048046
0.064631
0.00856
0.030674
0.005798
0.033211
0.022531
0.008283
0.044487
0.001385
0.048879
0.02339
0.013763
0.019518
0.024647
0.10625
0.053675
0.063965
0.087494
0.012133
0.026066
0.027894
0.010582
0.029581
0.038111
0.029861
0.041332
0.02907
0.022337
0.058417
0.048092
0.033732
0.058362
0.049183
0.012123
0.066895
0.029673
0.028626
0.041262
0.006047
0.047503
0.041479
0.021985
0.021347
0.011416
0.003581
0.076008
0.018924
0.043147
0.005036
0.016161
0.010545
0.019467
0.041144
0.017945
0.04427
0.032207
0.074262
0.030123
0.008452
0.0427
0.009028
0.035087
0.004608
0.025427
0.043091
0.037199
0.030933
0.023821
0.005152
0.009666
0.008741
0.004561
0.037214
0.061653
0.014696
0.027388
0.012893
0.019487
0.051293
0.063052
0.055073
0.026261
0.032295
0.006506
0.019496
0.049153
0.012654
0.022139
0.01853
0.014192
0.010668
0.049371
0.020915
0.021275
0.004725
0.012944
0.013895
0.026183
0.045009
0.033554
0.09154
0.006414
0.033561
0.107207
0.014238
0.015374
0.031639
0.029568
0.01654
0.019831
0.025901
0.017803
0.008029
0.011183
0.048394
0.067075
0.023518
0.034447
0.02692
0.031163
0.015877
0.008819
0.015628
0.046191
0.006926
0.008591
0.030949
0.034056
0.010278
0.023796
0.022785
0.029024
0.031746
0.006056
0.00869
0.030465
0.018764
0.053332
0.075565
0.054385
0.030274
0.042026
0.013978
0.013536
0.040996
0.010953
0.020053
0.03828
0.01834
0.002752
0.037667
0.006428
0.043227
0.019156
0.044788
0.025722
0.060003
0.039122
0.066051
0.013714
0.005508
0.051639
0.07107
0.013956
0.024036
0.005254
0.011296
0.046817
0.027395
0.119101
0.050579
0.025934
0.037837
0.024027
0.005063
0.023959
0.043542
0.067004
0.029088
0.014551
0.072698
0.050306
0.031327
0.019169
0.013326
0.027769
0.056834
0.01586
0.017736
0.027743
0.055483
0.020436
0.004953
0.0132
0.029109
0.032923
0.023273
0.037844
0.003462
0.009534
0.088799
0.027679
0.07008
0.018882
0.02959
0.005076
0.037489
0.032584
0.018979
0.069348
0.022142
0.02657
0.008312
0.026107
0.022506
0.051324
0.039974
0.041466
0.004576
0.011359
0.010839
0.050989
0.009578
0.1217
0.01098
0.028569
0.010527
0.043338
0.029844
0.03866
0.031254
0.049006
0.037039
0.011766
0.014083
0.02382
0.044194
0.030625
0.07029
0.013587
0.018561
0.032295
0.044902
0.016781
0.01718
0.029893
0.016333
0.014552
0.029325
0.05675
0.005316
0.078295
0.03488
0.021583
0.051027
0.040292
0.009178
0.038117
0.02358
0.029486
0.023807
0.037042
0.013064
0.040971
0.049484
0.010257
0.043869
0.038224
0.013166
0.059068
0.042587
0.079837
0.031796
0.026184
0.010421
0.047247
0.005432
0.035515
0.01026
0.016134
0.004959
0.043494
0.033478
0.014998
0.025242
0.009065
0.028945
0.005449
0.019208
0.050327
0.023193
0.068904
0.020387
0.036775
0.011597
0.020739
0.005579
0.017558
0.036615
0.061484
0.069042
0.039912
0.009055
0.017855
0.027779
0.058943
0.030702
0.008942
0.0116
0.023821
0.026233
0.020085
0.013705
0.009573
0.033539
0.060939
0.082956
0.01797
0.0154
0.044125
0.015534
0.01758
0.016719
0.102462
0.053312
0.011027
0.030548
0.023554
0.029359
0.024228
0.030915
0.003631
0.021703
0.034865
0.02924
0.015476
0.023271
0.040495
0.028747
0.03081
0.04056
0.025139
0.013887
0.019392
0.053835
0.054435
0.046684
0.012888
0.001932
0.024034
0.142405
0.022548
0.032912
0.013108
0.128396
0.017755
0.008805
0.001275
0.063876
0.028215
0.025588
0.051971
0.024788
0.015693
0.010235
0.077991
0.052325
0.027192
0.030965
0.026527
0.012067
0.025771
0.032253
0.013077
0.016567
0.021396
0.035748
0.018557
0.024985
0.047615
0.015498
0.029923
0.024034
0.039885
0.054346
0.016423
0.023651
0.034715
0.160756
0.043669
0.012634
0.040999
0.026645
0.01946
0.054135
0.025761
0.008312
0.010616
0.012935
0.015219
0.032783
0.025663
0.038882
0.005274
0.030605
0.010948
0.010274
0.0254
0.029491
0.008331
0.035111
0.00735
0.046591
0.011605
0.057489
0.007357
0.034932
0.007626
0.005357
0.036132
0.007163
0.017628
0.018462
0.03152
0.031386
0.04631
0.038709
0.056159
0.009399
0.028121
0.030735
0.028207
0.00861
0.005922
0.011765
0.011653
0.029914
0.035714
0.022573
0.05467
0.010152
0.005553
0.02127
0.055115
0.13991
0.031761
0.034373
0.003443
0.012433
0.033511
0.026436
0.024387
0.041017
0.024266
0.037484
0.031285
0.016892
0.025658
0.017159
0.003494
0.08412
0.033454
0.063432
0.019832
0.00798
0.02531
0.04443
0.02568
0.060003
0.01073
0.03471
0.015861
0.013361
0.054249
0.041766
0.011456
0.012837
0.017311
0.019527
0.004024
0.033348
0.052396
0.019826
0.019716
0.033474
0.038886
0.012094
0.024229
0.0547
0.040265
0.016208
0.009521
0.023177
0.046326
0.006897
0.021791
0.015478
0.028317
0.003786
0.0187
0.035759
0.016762
0.019015
0.146103
0.051997
0.016644
0.015125
0.005674
0.003111
0.020211
0.028068
0.030086
0.008991
0.01749
0.019417
0.010792
0.028227
0.023508
0.018676
0.002449
0.043421
0.004783
0.016873
0.065615
0.019227
0.011265
0.007076
0.018443
0.030776
0.007037
0.00694
0.050111
0.012774
0.05031
0.052143
0.028704
0.020994
0.071482
0.017251
0.057709
0.012045
0.017402
0.026024
0.027481
0.0297
0.107714
0.016836
0.017877
0.022796
0.073453
0.024764
0.034851
0.009142
0.037715
0.020264
0.019927
0.036717
0.028841
0.028415
0.026233
0.013455
0.02674
0.020194
0.054443
0.015947
0.062527
0.02736
0.037684
0.01148
0.010671
0.027978
0.011038
0.005003
0.032617
0.002052
0.028055
0.019353
0.087804
0.052126
0.029671
0.104264
0.03748
0.031056
0.018457
0.035739
0.011806
0.013699
0.018127
0.005234
0.054006
0.054215
0.043608
0.00877
0.008497
0.011856
0.020266
0.013667
0.018934
0.059676
0.044914
0.059644
0.035191
0.010331
0.01863
0.017169
0.025882
0.009962
0.007801
0.037637
0.003012
0.018019
0.020192
0.018146
0.091192
0.017738
0.008589
0.02929
0.023007
0.080041
0.043438
0.028697
0.020799
0.029247
0.02622
0.035738
0.030089
0.010841
0.054552
0.03589
0.015128
0.01143
0.003089
0.015407
0.014789
0.028286
0.031746
0.060757
0.013268
0.048074
0.033783
0.012232
0.035167
0.023676
0.026279
0.004344
0.041803
0.037449
0.055245
0.046259
0.016781
0.054763
0.016989
0.024537
0.035182
0.021289
0.038275
0.020109
0.002715
0.015417
0.029394
0.050244
0.063478
0.004896
0.052399
0.024081
0.043671
0.029396
0.163508
0.024196
0.025415
0.028597
0.043236
0.025346
0.064022
0.018675
0.076833
0.055623
0.052915
0.020904
0.011472
0.013973
0.017347
0.020371
0.080589
0.025293
0.035774
0.015136
0.014248
0.036591
0.063438
0.036643
0.047171
0.009274
0.006229
0.047325
0.037147
0.027732
0.03406
0.00315
0.016167
0.037608
0.078965
0.040068
0.054634
0.007447
0.03113
0.036824
0.157133
0.056148
0.038876
0.027325
0.040333
0.059104
0.02306
0.071919
0.037956
0.029752
0.01255
0.01722
0.01294
0.015754
0.005247
0.007133
0.013422
0.039083
0.036435
0.023421
0.021932
0.016431
0.018322
0.044237
0.029577
0.022105
0.029974
0.004854
0.056174
0.072583
0.031038
0.047627
0.042016
0.031578
0.03308
0.05146
0.010821
0.033006
0.006387
0.047398
0.02409
0.016497
0.008474
0.008485
0.065573
0.022456
0.006405
0.042065
0.015483
0.016781
0.080985
0.033276
0.023316
0.034374
0.030614
0.011593
0.126726
0.028353
0.021837
0.007308
0.068892
0.034309
0.024203
0.015107
0.051866
0.025825
0.030917
0.009027
0.078289
0.006752
0.013814
0.001363
0.079117
0.0486
0.026895
0.007617
0.047559
0.035155
0.022486
0.038772
0.004034
0.042789
0.018313
0.014213
0.103339
0.025386
0.023077
0.045291
0.040799
0.009748
0.027833
0.023468
0.011947
0.020297
0.020543
0.073422
0.008953
0.04382
0.019582
0.028991
0.009118
0.003844
0.004193
0.030272
0.007322
0.03182
0.060612
0.02591
0.066193
0.024792
0.006764
0.012632
0.016477
0.052547
0.088065
0.012946
0.025848
0.087064
0.012104
0.036067
0.070412
0.031282
0.01469
0.017631
0.00567
0.029198
0.007509
0.015872
0.03635
0.041737
0.020068
0.065348
0.03666
0.030365
0.01327
0.012303
0.052815
0.006779
0.004003
0.025002
0.026927
0.008965
0.023202
0.014705
0.013125
0.034422
0.029951
0.021861
0.005606
0.006605
0.017048
0.018182
0.018048
0.014327
0.012307
0.020931
0.008196
0.023024
0.017114
0.022985
0.025568
0.000899
0.048531
0.045764
0.020931
0.060566
0.100239
0.013469
0.034628
0.011701
0.016438
0.052728
0.005311
0.011051
0.035179
0.053363
0.006003
0.01277
0.022886
0.074451
0.012675
0.011133
0.022324
0.039499
0.002223
0.035058
0.015062
0.087151
0.038261
0.002788
0.030805
0.010796
0.027538
0.012515
0.0149
0.046669
0.018379
0.058518
0.01251
0.045317
0.005447
0.020979
0.009537
0.007112
0.064815
0.042363
0.022186
0.020229
0.010675
0.045733
0.014973
0.020949
0.083512
0.02013
0.035565
0.010856
0.017334
0.011623
0.005759
0.018454
0.055996
0.138299
0.029626
0.074824
0.05327
0.011632
0.018849
0.024834
0.046327
0.032225
0.032301
0.018231
0.043093
0.03104
0.093785
0.014757
0.012051
0.030269
0.00464
0.023753
0.028136
0.067203
0.044579
0.030665
0.032096
0.016168
0.020988
0.005797
0.004468
0.097823
0.024167
0.031502
0.11466
0.015418
0.032771
0.001825
0.014869
0.028397
0.027131
0.009628
0.013128
0.007304
0.013627
0.010303
0.019458
0.011534
0.09017
0.034322
0.016486
0.002149
0.022803
0.049158
0.051582
0.013243
0.002865
0.013683
0.02058
0.022339
0.01246
0.046555
0.036087
0.048508
0.014087
0.003313
0.036798
0.040998
0.013988
0.035832
0.032012
0.018238
0.05455
0.073202
0.026784
0.009346
0.01605
0.04066
0.006506
0.018502
0.022832
0.144625
0.018487
0.023587
0.006111
0.010214
0.011563
0.04628
0.052372
0.037932
0.022277
0.018628
0.019015
0.031832
0.127897
0.002501
0.03764
0.020438
0.031237
0.031984
0.026801
0.033378
0.023414
0.078646
0.019316
0.004271
0.013762
0.012822
0.027527
0.036396
0.054509
0.011507
0.056651
0.003265
0.022193
0.013793
0.029644
0.042235
0.054454
0.127782
0.049243
0.020739
0.031252
0.017707
0.015274
0.01936
0.077758
0.061909
0.03421
0.070946
0.01118
0.014917
0.006951
0.065755
0.052444
0.028513
0.013428
0.004406
0.017612
0.009436
0.016934
0.032139
0.015877
0.060072
0.017693
0.018058
0.026105
0.030041
0.016046
0.003452
0.020249
0.025356
0.069723
0.029808
0.007933
0.054672
0.005899
0.006568
0.007226
0.009059
0.008727
0.034272
0.041263
0.01031
0.019147
0.003672
0.042919
0.017896
0.008636
0.025918
0.01166
0.03345
0.022218
0.015472
0.021532
0.044139
0.049359
0.016376
0.018231
0.025171
0.012749
0.020726
0.080978
0.001676
0.048706
0.134405
0.044212
0.0204
0.020442
0.015892
0.002474
0.00689
0.021909
0.017453
0.015575
0.029093
0.01771
0.006903
0.016604
0.050791
0.016864
0.025606
0.046189
0.001014
0.036581
0.03498
0.025816
0.017947
0.124438
0.014659
0.054671
0.023669
0.032542
0.052599
0.02385
0.02136
0.01437
0.01147
0.038508
0.10155
0.051369
0.041229
0.011627
0.010923
0.030722
0.034486
0.018567
0.03925
0.006887
0.013585
0.040357
0.033814
0.023528
0.020195
0.020801
0.044568
0.013115
0.013077
0.020954
0.011233
0.031793
0.009865
0.047618
0.03529
0.010507
0.005547
0.027874
0.025287
0.012878
0.017199
0.015402
0.018075
0.023926
0.031432
0.019626
0.149037
0.019622
0.092238
0.025928
0.027843
0.043381
0.031227
0.01318
0.047853
0.012801
0.017376
0.022917
0.045789
0.024591
0.118336
0.063567
0.006184
0.018035
0.031233
0.010182
0.007158
0.0236
0.013554
0.023741
0.014108
0.016266
0.0234
0.005518
0.041774
0.021584
0.015104
0.022039
0.045962
0.002307
0.025005
0.017336
0.024862
0.023329
0.011747
0.074512
0.027196
0.013991
0.008219
0.02044
0.023438
0.005276
0.04263
0.052499
0.013919
0.009589
0.040415
0.005079
0.014219
0.005816
0.009384
0.028913
0.009369
0.010285
0.066961
0.043332
0.064498
0.042611
0.080386
0.007895
0.064641
0.016586
0.058967
0.013048
0.022693
0.012315
0.016507
0.017318
0.040832
0.031846
0.026437
0.008396
0.009629
0.015252
0.025643
0.029031
0.023923
0.019444
0.029474
0.065963
0.02347
0.010927
0.033503
0.009427
0.011393
0.054258
0.060814
0.008047
0.013488
0.118616
0.035823
0.063122
0.019554
0.000609
0.007164
0.027099
0.029453
0.031748
0.023186
0.018313
0.011631
0.005214
0.019286
0.029223
0.060838
0.023169
0.013475
0.073128
0.021831
0.048891
0.010161
0.011749
0.03235
0.014099
0.014595
0.021647
0.052807
0.018636
0.021209
0.046874
0.021298
0.004938
0.054482
0.018011
0.027705
0.002662
0.014788
0.022522
0.016257
0.043862
0.088586
0.04046
0.048818
0.046687
0.015074
0.06615
0.014071
0.015093
0.047438
0.029703
0.026386
0.011173
0.034265
0.039414
0.020964
0.064198
0.037268
0.032874
0.010929
0.002494
0.059724
0.090429
0.012175
0.122163
0.031913
0.01075
0.014494
0.014825
0.008495
0.125569
0.005684
0.062493
0.045389
0.013586
0.025647
0.025224
0.047233
0.042229
0.080418
0.02849
0.021708
0.007545
0.080936
0.006733
0.016136
0.005997
0.012996
0.077311
0.005399
0.007106
0.051208
0.00258
0.072231
0.063572
0.025144
0.023521
0.005195
0.006036
0.006305
0.018043
0.015749
0.099726
0.017646
0.037761
0.026303
0.02294
0.008459
0.025841
0.023027
0.014363
0.120939
0.050485
0.036663
0.035494
0.019203
0.028603
0.006438
0.007805
0.017563
0.013551
0.041
0.011662
0.062908
0.010748
0.001803
0.019668
0.010319
0.033097
0.064733
0.035228
0.020933
0.044186
0.027758
0.007462
0.025915
0.02637
0.076485
0.015499
0.02554
0.03552
0.033077
0.11024
0.028586
0.018439
0.036938
0.053715
0.016654
0.060118
0.016309
0.017937
0.028315
0.01453
0.009482
0.041139
0.013846
0.069667
0.044496
0.01472
0.036726
0.03208
0.049245
0.039843
0.02512
0.112816
0.076488
0.011825
0.017316
0.095703
0.025319
0.018874
0.089547
0.021748
0.029188
0.00929
0.034857
0.044793
0.00655
0.025753
0.032321
0.034744
0.039542
0.024316
0.029058
0.047278
0.057939
0.034504
0.030496
0.012315
0.009712
0.050776
0.041211
0.021552
0.015297
0.052419
0.105092
0.032391
0.089911
0.010744
0.11025
0.010448
0.002379
0.053127
0.041999
0.007696
0.02199
0.000415
0.042775
0.13238
0.078866
0.04022
0.118015
0.05113
0.004014
0.016915
0.033926
0.014907
0.012552
0.027341
0.015492
0.033784
0.027213
0.077391
0.004831
0.026612
0.034191
0.004102
0.029851
0.047545
0.02905
0.021296
0.016619
0.015495
0.006152
0.046026
0.045844
0.047545
0.094637
0.043889
0.050897
0.009157
0.012919
0.020248
0.045866
0.044627
0.049846
0.066898
0.008235
0.017303
0.026164
0.06538
0.034749
0.012681
0.014966
0.039497
0.071628
0.00857
0.019215
0.114428
0.035568
0.01395
0.01127
0.034276
0.006768
0.017125
0.046731
0.003851
0.018991
0.027949
0.010094
0.028003
0.031805
0.011967
0.039877
0.002823
0.047471
0.011165
0.022822
0.007051
0.067441
0.022899
0.119864
0.057656
0.004392
0.021112
0.047484
0.022013
0.007438
0.031812
0.034793
0.046373
0.027982
0.005837
0.026032
0.025199
0.007306
0.0342
0.058842
0.136281
0.017284
0.024876
0.028197
0.015323
0.012114
0.036756
0.002803
0.011081
0.014904
0.011292
0.067513
0.044456
0.023896
0.018153
0.00989
0.032627
0.007001
0.030052
0.049233
0.00226
0.019873
0.015215
0.00367
0.049966
0.020928
0.041421
0.000497
0.044298
0.020257
0.013115
0.024439
0.078467
0.039349
0.023213
0.042914
0.023242
0.081557
0.017416
0.031365
0.008523
0.065295
0.032054
0.001821
0.035273
0.020404
0.040425
0.073234
0.028839
0.02015
0.038407
0.055759
0.006704
0.012704
0.019076
0.024822
0.005467
0.004827
0.002658
0.012326
0.00248
0.012542
0.046656
0.032341
0.041326
0.013041
0.011309
0.010183
0.040618
0.03491
0.014869
0.026032
0.018504
0.026694
0.141074
0.060757
0.014307
0.070479
0.006024
0.012958
0.028453
0.023672
0.024553
0.014982
0.028207
0.061571
0.00562
0.102544
0.02146
0.024497
0.027224
0.042174
0.035891
0.031396
0.036107
0.034356
0.00619
0.021852
0.010976
0.234541
0.080238
0.027627
0.013578
0.003486
0.01615
0.013255
0.010394
0.046919
0.030408
0.020941
0.024405
0.036431
0.026583
0.040938
0.043177
0.013696
0.028034
0.006272
0.015758
0.013805
0.026203
0.027946
0.048216
0.115379
0.025437
0.026595
0.090862
0.044254
0.002865
0.033429
0.017155
0.009985
0.022936
0.029628
0.027294
0.012101
0.072022
0.033606
0.007184
0.009815
0.030126
0.111291
0.010683
0.082516
0.04029
0.00539
0.017722
0.03845
0.004944
0.004653
0.037153
0.045149
0.026152
0.003574
0.02089
0.028238
0.05312
0.023797
0.026047
0.04792
0.029391
0.049762
0.060759
0.079854
0.033458
0.028358
0.027238
0.013602
0.184592
0.019654
0.042044
0.069541
0.028766
0.005023
0.104536
0.005225
0.074582
0.054808
0.028241
0.00945
0.029093
0.009951
0.013695
0.00323
0.051104
0.019863
0.011904
0.020882
0.005499
0.015892
0.034754
0.012424
0.009912
0.013575
0.008925
0.008248
0.00917
0.041107
0.024114
0.025996
0.0663
0.037028
0.010091
0.015943
0.016265
0.044454
0.009313
0.028844
0.029538
0.00946
0.003119
0.016906
0.095394
0.112645
0.022147
0.011437
0.026999
0.100068
0.042441
0.017544
0.038437
0.008027
0.035887
0.036274
0.029662
0.140854
0.082851
0.007522
0.005146
0.069809
0.036371
0.094964
0.051539
0.234387
0.062506
0.025818
0.00914
0.063396
0.051011
0.010088
0.02015
0.023191
0.073308
0.019326
0.001124
0.044858
0.03855
0.033929
0.0292
0.023472
0.013956
0.019917
0.02714
0.007896
0.01196
0.048709
0.075816
0.006998
0.016594
0.006658
0.016981
0.030478
0.005132
0.05633
0.039055
0.128075
0.066116
0.022939
0.026543
0.032313
0.003984
0.02007
0.006562
0.053026
0.056999
0.017292
0.016563
0.047067
0.038828
0.007255
0.027535
0.002873
0.068161
0.035307
0.003797
0.020768
0.003709
0.032372
0.023589
0.017006
0.028073
0.0535
0.01379
0.079997
0.01373
0.026727
0.055821
0.014026
0.008842
0.023085
0.026876
0.025824
0.032156
0.050916
0.019612
0.020887
0.008139
0.028736
0.025518
0.035797
0.05247
0.006234
0.056733
0.018724
0.029397
0.007647
0.088273
0.046069
0.01765
0.020909
0.055854
0.041715
0.039305
0.032992
0.012952
0.01537
0.028103
0.017483
0.051036
0.049178
0.006259
0.049559
0.052026
0.006576
0.017396
0.021466
0.014008
0.056693
0.004749
0.013887
0.006507
0.004246
0.052166
0.029733
0.02897
0.059792
0.057958
0.030982
0.036036
0.022862
0.032485
0.033102
0.016603
0.026898
0.014413
0.034012
0.066872
0.107616
0.056254
0.073433
0.129272
0.024138
0.034823
0.038588
0.175805
0.050246
0.018689
0.106692
0.024597
0.012094
0.188538
0.021045
0.010349
0.037381
0.028932
0.030176
0.02425
0.00749
0.025482
0.069584
0.016714
0.061935
0.062068
0.009823
0.053036
0.045747
0.017558
0.036046
0.013031
0.023481
0.020251
0.017587
0.060285
0.007136
0.027624
0.075835
0.028622
0.052938
0.155231
0.004972
0.075935
0.026704
0.02202
0.009353
0.018684
0.025173
0.014736
0.016873
0.019459
0.034472
0.069728
0.021987
0.027508
0.017169
0.026397
0.042891
0.051331
0.00901
0.168364
0.061415
0.076032
0.084559
0.067524
0.077887
0.038663
0.01315
0.031581
0.015326
0.01049
0.035429
0.015848
0.044817
0.053948
0.032531
0.018227
0.043064
0.041451
0.006172
0.004074
0.028928
0.003725
0.003612
0.019273
0.021964
0.039634
0.103085
0.018376
0.010543
0.02214
0.025657
0.051764
0.06918
0.062949
0.010135
0.05603
0.038524
0.033117
0.028631
0.021726
0.006516
0.011205
0.02985
0.039048
0.004301
0.03478
0.126403
0.022405
0.09462
0.024425
0.006016
0.012222
0.011006
0.01341
0.032723
0.008804
0.009495
0.035499
0.159012
0.044584
0.005548
0.031085
0.012968
0.059614
0.057351
0.053695
0.09905
0.047085
0.006827
0.105426
0.093519
0.008723
0.000307
0.014982
0.006803
0.029947
0.041053
0.016913
0.032316
0.01317
0.018831
0.047024
0.003593
0.074945
0.012235
0.074858
0.014946
0.038699
0.046802
0.016942
0.006095
0.001887
0.057247
0.0201
0.016476
0.038076
0.018696
0.022677
0.030583
0.016521
0.139476
0.181057
0.013887
0.006145
0.04986
0.021427
0.005795
0.060647
0.022423
0.147773
0.041133
0.001545
0.064209
0.013649
0.028406
0.016902
0.018488
0.009783
0.079928
0.063016
0.01131
0.033619
0.016509
0.038725
0.014783
0.048601
0.012877
0.032496
0.134449
0.013351
0.03478
0.045968
0.035567
0.008089
0.040622
0.020142
0.018624
0.042451
0.059424
0.00955
0.003402
0.036937
0.002847
0.011872
0.008882
0.033389
0.033132
0.036489
0.043897
0.015747
0.061708
0.072857
0.005791
0.074333
0.075351
0.019149
0.00692
0.035849
0.007476
0.048977
0.02081
0.021239
0.00524
0.025816
0.058928
0.021725
0.10106
0.025109
0.106104
0.085678
0.031804
0.009863
0.050828
0.004776
0.041334
0.020198
0.047214
0.026981
0.02416
0.091681
0.034275
0.010106
0.056138
0.038009
0.004753
0.019764
0.099643
0.003513
0.035075
0.045568
0.027282
0.003649
0.010809
0.027546
0.005761
0.01171
0.033311
0.011986
0.012764
0.007049
0.021041
0.168282
0.01687
0.02924
0.028084
0.016685
0.017305
0.115045
0.020902
0.012108
0.009799
0.02463
0.035967
0.020472
0.045542
0.043056
0.006395
0.042298
0.024866
0.003025
0.010247
0.113738
0.031506
0.076255
0.033561
0.019566
0.001467
0.006148
0.054026
0.003204
0.048097
0.048397
0.034546
0.011613
0.052206
0.042189
0.076611
0.019355
0.264128
0.059399
0.034658
0.095492
0.012388
0.184329
0.028056
0.008632
0.021756
0.028543
0.08981
0.04633
0.026314
0.01308
0.022408
0.039866
0.018472
0.039143
0.040105
0.033115
0.038471
0.021695
0.008873
0.155291
0.028026
0.005254
0.009717
0.025553
0.015175
0.018958
0.01554
0.011298
0.004492
0.019601
0.012163
0.010931
0.050777
0.003351
0.027335
0.076192
0.001506
0.023561
0.0247
0.030028
0.078155
0.031861
0.055691
0.048551
0.021796
0.019928
0.014701
0.056991
0.042758
0.040212
0.0176
0.011996
0.008069
0.040707
0.042713
0.001234
0.012449
0.053911
0.024989
0.098771
0.010845
0.015463
0.161658
0.026405
0.040176
0.030094
0.027413
0.002908
0.034842
0.021043
0.005028
0.010391
0.014074
0.001968
0.016927
0.023774
0.051525
0.025811
0.070785
0.033663
0.005378
0.080102
0.047277
0.073121
0.007429
0.024588
0.063085
0.021565
0.005772
0.029024
0.033931
0.010946
0.008024
0.023822
0.02105
0.019218
0.023237
0.004403
0.001221
0.04623
0.052551
0.019258
0.015781
0.024141
0.006812
0.146266
0.005526
0.011245
0.004962
0.009704
0.02128
0.054874
0.027413
0.040434
0.055893
0.030955
0.023898
0.011608
0.013973
0.006893
0.054702
0.031131
0.099521
0.021476
0.050372
0.003201
0.024857
0.027033
0.049493
0.054287
0.007567
0.04932
0.034354
0.02662
0.024565
0.01946
0.022497
0.015886
0.052522
0.014217
0.016484
0.125348
0.004095
0.037013
0.04151
0.012331
0.03856
0.095715
0.027559
0.00614
0.082794
0.043118
0.055476
0.036085
0.011166
0.016625
0.000438
0.014012
0.032038
0.009736
0.020923
0.075691
0.026468
0.011222
0.008623
0.04796
0.020153
0.10605
0.00513
0.030705
0.010992
0.001666
0.087718
0.016652
0.136873
0.014419
0.011382
0.048123
0.117318
0.055573
0.005881
0.050307
0.012439
0.023141
0.031306
0.018733
0.01613
0.081057
0.014949
0.009016
0.021698
0.035843
0.051948
0.012398
0.031391
0.007064
0.027601
0.030431
0.010289
0.042266
0.04059
0.023824
0.015435
0.032757
0.004784
0.007616
0.010385
0.035095
0.043609
0.010227
0.104778
0.010159
0.020575
0.004456
0.022882
0.031294
0.030554
0.047237
0.01078
0.040736
0.01095
0.033701
0.030291
0.045316
0.017015
0.028894
0.007138
0.007847
0.032311
0.0645
0.009024
0.009894
0.006643
0.009813
0.013752
0.052406
0.029668
0.048186
0.049449
0.014596
0.024008
0.000853
0.105958
0.025157
0.005015
0.008482
0.0452
0.056386
0.024009
0.073579
0.188347
0.002728
0.023363
0.01826
0.00458
0.005898
0.006618
0.018155
0.08159
0.004429
0.069532
0.042442
0.001494
0.103186
0.112873
0.040313
0.034903
0.082392
0.025293
0.025748
0.031978
0.020988
0.011857
0.088837
0.053475
0.01746
0.006769
0.035263
0.101741
0.000951
0.031178
0.02723
0.050739
0.015695
0.054992
0.00346
0.00585
0.037924
0.051702
0.012951
0.073956
0.044802
0.01478
0.066164
0.323914
0.125187
0.032111
0.054865
0.030304
0.058126
0.056409
0.021971
0.050884
0.021014
0.015516
0.121051
0.019978
0.010196
0.017242
0.043653
0.019211
0.038894
0.001493
0.018023
0.076184
0.065607
0.015374
0.002816
0.008757
0.005622
0.031872
0.021815
0.034349
0.019777
0.003656
0.010414
0.016771
0.009292
0.002241
0.022354
0.020558
0.03088
0.047988
0.040884
0.019443
0.030586
0.047629
0.032675
0.005087
0.014293
0.014743
0.010376
0.075559
0.084376
0.036108
0.0382
0.100778
0.013852
0.031874
0.10918
0.005019
0.014429
0.020639
0.020166
0.024304
0.042212
0.048996
0.099284
0.040631
0.050432
0.035526
0.002896
0.004513
0.064876
0.027555
0.018617
0.035577
0.012524
0.040754
0.026537
0.031101
0.013361
0.123522
0.015302
0.047728
0.015042
0.013336
0.025239
0.063594
0.016096
0.049398
0.025487
0.067821
0.010061
0.016585
0.024156
0.053971
0.005189
0.017911
0.020817
0.030487
0.028725
0.065624
0.065367
0.020414
0.020283
0.086612
0.225489
0.043442
0.037992
0.002693
0.087072
0.041145
0.167483
0.047311
0.01554
0.266158
0.057786
0.044898
0.014658
0.026444
0.072761
0.020684
0.005922
0.022537
0.010712
0.144842
0.046696
0.003321
0.002154
0.010129
0.038288
0.003823
0.076608
0.1069
0.027883
0.096103
0.051771
0.017415
0.056941
0.018757
0.007339
0.006896
0.110374
0.009082
0.006732
0.145992
0.006482
0.045745
0.124944
0.006355
0.026619
0.054177
0.005115
0.029656
0.018859
0.024602
0.072388
0.00743
0.070569
0.016188
0.024408
0.005352
0.054343
0.101508
0.042162
0.019311
0.023481
0.035973
0.107918
0.181666
0.055863
0.007309
0.040187
0.04042
0.014796
0.056021
0.079047
0.026812
0.003671
0.02585
0.12018
0.059245
0.015934
0.060373
0.13525
0.052242
0.039352
0.088918
0.012211
0.005706
0.058542
0.038108
0.037513
0.01464
0.11417
0.006637
0.006082
0.036005
0.00796
0.04035
0.025128
0.002367
0.082057
0.025281
0.424018
0.048222
0.004045
0.067207
0.069483
0.094
0.018444
0.045087
0.020206
0.017802
0.025759
0.034952
0.08865
0.008354
0.014104
0.025737
0.037914
0.041619
0.016106
0.181708
0.012571
0.03172
0.007002
0.022358
0.008465
0.062356
0.035365
0.037998
0.011004
0.038226
0.005066
0.014641
0.026709
0.07632
0.028417
0.039177
0.107282
0.155745
0.030912
0.007886
0.010001
0.014287
0.009695
0.03089
0.060598
0.069447
0.012682
0.058675
0.035496
0.042788
0.006241
0.020824
0.019402
0.014457
0.045632
0.018977
0.121504
0.027891
0.019212
0.02765
0.007179
0.063038
0.01581
0.011014
0.009338
0.020484
0.189965
0.022542
0.009475
0.015443
0.008806
0.032001
0.047343
0.046139
0.020359
0.033935
0.047174
0.023364
0.007299
0.061251
0.066603
0.018634
0.01471
0.022099
0.070083
0.020163
0.004134
0.099147
0.059649
0.018288
0.034171
0.041575
0.045558
0.008768
0.041334
0.021077
0.045381
0.04513
0.010485
0.070659
0.110624
0.015838
0.052597
0.009076
0.011857
0.022466
0.039958
0.003497
0.016915
0.088783
0.0855
0.021054
0.019593
0.021774
0.052814
0.17077
0.030676
0.146387
0.039853
0.003822
0.36667
0.058384
0.032781
0.172307
0.017268
0.005856
0.027977
0.025154
0.03799
0.039902
0.102705
0.126177
0.022462
0.056731
0.01529
0.013016
0.020717
0.026439
0.017127
0.088798
0.338536
0.228799
0.014573
0.039362
0.07695
0.028901
0.01968
0.069982
0.005252
0.179874
0.157538
0.054945
0.014916
0.080016
0.007394
0.006799
0.055599
0.010421
0.014345
0.104226
0.011464
0.041887
0.074973
0.053901
0.113685
0.013154
0.004846
0.072729
0.042278
0.010951
0.025737
0.062952
0.002958
0.029868
0.054294
0.141236
0.055388
0.070495
0.014571
0.067867
0.108948
0.220295
0.072532
0.096954
0.012465
0.0286
0.014444
0.174495
0.057423
0.024871
0.01277
0.013829
0.046267
0.004505
0.004939
0.057871
0.008453
0.011691
0.056444
0.037847
0.008234
0.047251
0.049255
0.012986
0.04335
0.022949
0.023406
0.026892
0.05236
0.005915
0.061037
0.024537
0.040949
0.074982
0.008059
0.042434
0.099071
0.022277
0.033711
0.061581
0.034198
0.007635
0.022199
0.010876
0.082878
0.020986
0.099733
0.01486
0.004796
0.05323
0.020378
0.01398
0.008752
0.060048
0.013563
0.057189
0.091543
0.004296
0.033966
0.014983
0.008999
0.017019
0.001129
0.021388
0.028855
0.062555
0.074983
0.098339
0.010301
0.020487
0.00808
0.010905
0.019378
0.080678
0.017316
0.01468
0.05103
0.037601
0.076755
0.015122
0.077022
0.024085
0.039947
0.024285
0.036963
0.137971
0.013097
0.02278
0.04727
0.051483
0.020832
0.069627
0.053396
0.007262
0.093909
0.010468
0.020443
0.084625
0.001922
0.00799
0.02574
0.066006
0.003705
0.066353
0.032639
0.008234
0.008175
0.008661
0.001586
0.009773
0.147204
0.027243
0.005285
0.042082
0.052662
0.065201
0.087922
0.056586
0.044499
0.12704
0.028894
0.020966
0.013841
0.009043
0.103816
0.013509
0.142136
0.009379
0.148174
0.012353
0.036278
0.059067
0.092086
0.057858
0.020559
0.021355
0.04414
0.060707
0.009325
0.052734
0.028473
0.019768
0.020399
0.042373
0.01305
0.028553
0.021443
0.065284
0.049114
0.010751
0.027374
0.00072
0.010164
0.038974
0.002223
0.050014
0.023903
0.018078
0.133761
0.002343
0.013448
0.019444
0.056588
0.021942
0.022644
0.013941
0.002985
0.033551
0.113302
0.036714
0.139331
0.068797
0.074119
0.039819
0.005869
0.024194
0.069248
0.049502
0.005226
0.005852
0.030907
0.060273
0.037214
0.0576
0.129461
0.023849
0.05031
0.008163
0.010005
0.015267
0.019083
0.051748
0.045877
0.026979
0.052381
0.028306
0.012309
0.023262
0.015571
0.07712
0.006314
0.06515
0.040101
0.018613
0.044308
0.01483
0.009657
0.021787
0.086601
0.010063
0.051165
0.061069
0.02025
0.002532
0.012116
0.053676
0.037872
0.057894
0.013308
0.028218
0.017993
0.062893
0.03993
0.124831
0.024659
0.01534
0.021272
0.006174
0.086868
0.056452
0.024042
0.046842
0.011361
0.027992
0.027917
0.00408
0.023222
0.013242
0.074098
0.017458
0.003763
0.004046
0.030463
0.005018
0.050142
0.025543
0.011417
0.039076
0.019517
0.058279
0.022544
0.049792
0.006819
0.078478
0.050886
0.074464
0.020088
0.027321
0.130354
0.088035
0.032405
0.01408
0.048011
0.071549
0.083465
0.021226
0.008927
0.039569
0.034139
0.063098
0.009244
0.018291
0.016299
0.055835
0.033974
0.010352
0.032373
0.220441
0.076408
0.057034
0.020006
0.125744
0.006037
0.034489
0.00185
0.009704
0.04774
0.010698
0.004228
0.208594
0.088933
0.020958
0.006868
0.057531
0.025615
0.006371
0.021727
0.037182
0.015389
0.01571
0.004979
0.004559
0.008878
0.013629
0.034016
0.064199
0.026373
0.046039
0.246807
0.006721
0.02006
0.014449
0.154142
0.03211
0.004448
0.05577
0.014468
0.056026
0.073776
0.007999
0.005924
0.017374
0.018335
0.04889
0.016082
0.054211
0.09139
0.058711
0.022232
0.004162
0.030198
0.047071
0.088455
0.100078
0.040137
0.027829
0.073061
0.034076
0.010203
0.236848
0.023991
0.027332
0.013565
0.066817
0.02665
0.002008
0.018381
0.076361
0.069164
0.007515
0.018701
0.044089
0.063247
0.010966
0.029827
0.052211
0.0071
0.039394
0.04519
0.01797
0.002479
0.091176
0.110798
0.079916
0.051434
0.297583
0.023379
0.007017
0.03667
0.00837
0.042366
0.007316
0.064024
0.011186
0.008669
0.070401
0.237041
0.023465
0.040087
0.142452
0.011682
0.239954
0.004909
0.018226
0.00217
0.120253
0.021929
0.01916
0.050967
0.034274
0.073907
0.057785
0.010679
0.013702
0.045728
0.036558
0.00647
0.108645
0.015591
0.092195
0.000613
0.027213
0.29281
0.029922
0.010618
0.00399
0.096672
0.058191
0.016839
0.035434
0.016066
0.070441
0.013947
0.117544
0.003078
0.023321
0.007002
0.034273
0.003782
0.011621
0.066591
0.02283
0.014344
0.056905
0.060215
0.019456
0.041527
0.055677
0.015737
0.167898
0.024275
0.006615
0.047297
0.001357
0.08295
0.006861
0.048542
0.009352
0.034066
0.044733
0.026461
0.008138
0.080377
0.00689
0.00439
0.00764
0.018409
0.23097
0.044294
0.043793
0.017698
0.078021
0.041354
0.024307
0.244557
0.003941
0.073785
0.069537
0.056169
0.006982
0.031058
0.007278
0.046065
0.06304
0.011069
0.004029
0.008527
0.067613
0.005863
0.007514
0.030872
0.002866
0.029156
0.008034
0.003679
0.083944
0.013547
0.008484
0.005007
0.311263
0.014864
0.024729
0.054005
0.026369
0.001319
0.003154
0.01329
0.055444
0.041091
0.014796
0.003694
0.024791
0.039529
0.015356
0.052682
0.01562
0.004565
0.041517
0.025102
0.030493
0.009317
0.009885
0.07295
0.017186
0.022496
0.01458
0.061035
0.043358
0.017694
0.002405
0.003443
0.095092
0.004531
0.026643
0.157451
0.089461
0.010737
0.035069
0.062976
0.009665
0.009481
0.007826
0.038563
0.023686
0.069623
0.025974
0.040143
0.074535
0.252862
0.026997
0.030708
0.0073
0.079198
0.049653
0.071622
0.013576
0.024916
0.066511
0.012897
0.041999
0.000985
0.084076
0.166802
0.00856
0.018779
0.138517
0.006037
0.022085
0.022695
0.009502
0.006946
0.06503
0.078148
0.164848
0.057818
0.014679
0.101323
0.013475
0.02921
0.005603
0.022247
0.011963
0.051356
0.089006
0.040654
0.026146
0.019858
0.030021
0.005023
0.209303
0.01995
0.036134
0.031622
0.005558
0.014968
0.435544
0.078408
0.023578
0.028939
0.044185
0.126599
0.008946
0.097754
0.04009
0.043385
0.019609
0.013688
0.046474
0.054776
0.085879
0.077986
0.038958
0.003824
0.042136
0.050429
0.016104
0.004189
0.056885
0.003615
0.306744
0.045133
0.006568
0.059284
0.024157
0.120127
0.017086
0.050361
0.143646
0.006955
0.136191
0.031936
0.014458
0.049078
0.028078
0.017832
0.005608
0.028542
0.214062
0.005399
0.009506
0.011997
0.010614
0.008936
0.029052
0.015114
0.028234
0.082949
0.043299
0.306402
0.012544
0.002822
0.029685
0.049737
0.017737
0.013816
0.168361
0.01354
0.013289
0.017641
0.013181
0.026681
0.017453
0.013002
0.042711
0.009362
0.027909
0.005192
0.019962
0.138711
0.028863
0.066688
0.17307
0.002042
0.050118
0.053274
0.011372
0.033909
0.003724
0.05532
0.064439
0.010598
0.012763
0.021962
0.00333
0.109244
0.034647
0.042259
0.03933
0.011038
0.023818
0.049215
0.045011
0.257597
0.034314
0.02839
0.031821
0.120144
0.013906
0.036041
0.007067
0.055975
0.007542
0.019146
0.01276
0.022888
0.017044
0.015993
0.003661
0.085513
0.038033
0.008835
0.030317
0.018897
0.01415
0.007399
0.006173
0.057501
0.007269
0.010324
0.029205
0.008671
0.003379
0.035259
0.038928
0.017546
0.005203
0.011357
0.104124
0.027459
0.03643
0.026277
0.018281
0.056284
0.036862
0.463145
0.059214
0.033106
0.026617
0.103908
0.0462
0.027313
0.043266
0.008713
0.010706
0.003677
0.105933
0.02038
0.043934
0.009821
0.00235
0.006655
0.039389
0.040574
0.041128
0.03433
0.012677
0.017399
0.027659
0.03429
0.019978
0.041642
0.010296
0.038819
0.001341
0.05365
0.02813
0.083692
0.013243
0.006127
0.054404
0.035967
0.011787
0.025043
0.025418
0.014132
0.006249
0.043363
0.007858
0.062435
0.018889
0.081383
0.025035
0.056751
0.075135
0.095202
0.008772
0.004061
0.138967
0.052851
0.004671
0.018468
0.086392
0.014174
0.154106
0.023775
0.017937
0.060891
0.080307
0.0641
0.041581
0.006822
0.029541
0.052472
0.009223
0.087332
0.005551
0.018213
0.178982
0.041851
0.031398
0.045769
0.019289
0.043486
0.015191
0.009844
0.043349
0.004838
0.040503
0.019992
0.022423
0.028465
0.026392
0.023139
0.0958
0.096716
0.047147
0.009265
0.009177
0.010543
0.151153
0.132449
0.022636
0.013501
0.126167
0.038073
0.039724
0.016259
0.09551
0.064947
0.026418
0.005324
0.066767
0.015742
0.067337
0.048694
0.078952
0.242009
0.015554
0.022671
0.435771
0.03263
0.032966
0.005804
0.005432
0.107889
0.006415
0.012078
0.057854
0.100978
0.015008
0.022991
0.009016
0.073031
0.13725
0.005981
0.01026
0.244737
0.007272
0.006447
0.021655
0.046714
0.008435
0.04774
0.064883
0.072151
0.018815
0.079726
0.117529
0.136265
0.002428
0.012846
0.177569
0.004548
0.049896
0.006453
0.018394
0.027087
0.048517
0.002251
0.029091
0.14374
0.035293
0.00095
0.021109
0.031175
0.008328
0.038042
0.009792
0.106252
0.004719
0.066546
0.000805
0.036484
0.013244
0.067447
0.063821
0.00402
0.109249
0.146112
0.008686
0.111582
0.057851
0.115285
0.011697
0.002605
0.041981
0.030262
0.021745
0.106167
0.058691
0.046068
0.098776
0.025734
0.203755
0.011545
0.109546
0.033012
0.556298
0.013194
0.037655
0.029158
0.048656
0.043834
0.033681
0.00423
0.024405
0.19554
0.029501
0.004411
0.057749
0.09154
0.396366
0.033305
0.030296
0.013251
0.022411
0.055292
0.054233
0.020493
0.043655
0.100371
0.011736
0.021669
0.009747
0.011192
0.072817
0.014758
0.007643
0.006235
0.072842
0.068922
0.021933
0.024833
0.020493
0.025241
0.483001
0.086582
0.104074
0.056019
0.085206
0.002325
0.034972
0.001996
0.021321
0.209957
0.001799
0.001859
0.095966
0.009358
0.042315
0.008463
0.03723
0.047502
0.065572
0.002781
0.001972
0.004673
0.063511
0.016331
0.002299
0.00062
0.014722
0.003103
0.041339
0.037712
0.169188
0.024547
0.041583
0.016172
0.085459
0.122195
0.022911
0.021898
0.01747
0.404719
0.040519
0.009568
0.039038
0.005693
0.008409
0.133228
0.026373
0.012003
0.034691
0.020825
0.015594
0.086828
0.108325
0.00736
0.045931
0.065748
0.075179
0.068235
0.005793
0.025658
0.070946
0.097351
0.002721
0.010999
0.027669
0.155466
0.015656
0.015872
0.06338
0.042093
0.220836
0.102712
0.010236
0.03477
0.145421
0.262924
0.006978
0.036929
0.077109
0.0278
0.004104
0.019487
0.001589
0.012222
0.012733
0.021712
0.108488
0.276443
0.022458
0.108687
0.088716
0.06802
0.024071
0.009866
0.009066
0.001291
0.034191
0.024652
0.001975
0.026781
0.046397
0.12844
0.007675
0.003088
0.022349
0.131765
0.047771
0.014229
0.014223
0.005888
0.122444
0.046785
0.022199
0.065906
0.028669
0.067973
0.01904
0.018929
0.10264
0.08764
0.130433
0.00553
0.023401
0.027653
0.03018
0.026811
0.056386
0.291992
0.045972
0.059761
0.155563
0.097516
0.05
0.00246
0.004573
0.185923
0.002894
0.217764
0.1011
0.017107
0.009372
0.055427
0.03411
0.116176
0.033783
0.05076
0.21215
0.005875
0.125058
0.041681
0.050489
0.033776
0.004244
0.240898
0.044116
0.024305
0.012815
0.047239
0.030418
0.096161
0.03797
0.126308
0.15066
0.025112
0.018207
0.158957
0.088808
0.025805
0.087784
0.060135
0.096569
0.03525
0.01833
0.03204
0.016994
0.024697
0.018523
0.023653
0.085011
0.013513
0.014463
0.021051
0.004448
0.105574
0.076181
0.100876
0.039692
0.048486
0.01434
0.198594
0.019796
0.003882
0.032989
0.03544
0.003126
0.193604
0.003407
0.011271
0.010874
0.07331
0.02276
0.029607
0.003051
0.000683
0.079221
0.01468
0.044652
0.033551
0.04458
0.259864
0.018678
0.002989
0.001107
0.128156
0.036209
0.029334
0.065335
0.00263
0.003948
0.064132
0.150559
0.048744
0.007029
0.002021
0.005196
0.04228
0.06083
0.061642
0.269521
0.011288
0.001479
0.009773
0.125048
0.012844
0.038217
0.066388
0.173155
0.010999
0.026157
0.03249
0.002814
0.043602
0.22391
0.014493
0.007866
0.018238
0.126189
0.067737
0.025907
0.10424
0.026508
0.148423
0.05446
0.00467
0.12175
0.052428
0.043236
0.001565
0.005564
0.060759
0.050544
0.112152
0.067526
0.065408
0.030936
0.003292
0.022979
0.040914
0.147608
0.027613
0.062074
0.121867
0.043382
0.274846
0.036586
0.006782
0.003937
0.014057
0.042891
0.050352
0.07062
0.035561
0.010326
0.038312
0.018655
0.030491
0.01067
0.06093
0.048808
0.029619
0.05165
0.02496
0.139302
0.003106
0.070074
0.020161
0.081356
0.031762
0.026135
0.002262
0.149473
0.00515
0.016708
0.00619
0.129617
0.154254
0.06343
0.00306
0.224939
0.015538
0.203271
0.009119
0.046068
0.028149
0.135044
0.222243
0.096192
0.040878
0.014129
0.001425
0.062633
0.045955
0.063935
0.018622
0.130119
0.011592
0.007912
0.007168
0.011342
0.013852
0.024703
0.033696
0.014878
0.102179
0.028284
0.002893
0.02348
0.034713
0.006425
0.007485
0.079452
0.096976
0.006115
0.02085
0.211539
0.051093
0.10016
0.068912
0.010258
0.01325
0.010916
0.027859
0.009276
0.021356
0.010693
0.093455
0.077045
0.045749
0.044318
0.048043
0.135356
0.008057
0.023721
0.049456
0.039405
0.052286
0.042946
0.049485
0.092777
0.094564
0.093891
0.037228
0.010561
0.009459
0.090955
0.007
0.070913
0.018527
0.009462
0.053609
0.014526
0.078236
0.015142
0.011094
0.02074
0.02784
0.00164
0.012752
0.092717
0.022279
0.020922
0.012885
0.033078
0.014546
0.038064
0.004728
0.040562
0.002075
0.077067
0.043455
0.021727
0.005936
0.037714
0.007191
0.051017
0.006847
0.162961
0.001469
0.021831
0.004808
0.002927
0.005208
0.010925
0.013372
0.018047
0.128763
0.003448
0.166118
0.039204
0.070716
0.013851
0.107118
0.073786
0.083672
0.025154
0.046499
0.034136
0.007796
0.003629
0.029289
0.041208
0.011721
0.02551
0.034989
0.003358
0.00267
0.007633
0.014563
0.016363
0.082624
0.041089
0.015133
0.000412
0.021729
0.00535
0.032232
0.175521
0.035772
0.026495
0.085996
0.375678
0.018025
0.003939
0.066278
0.016953
0.16515
0.028835
0.023849
0.172732
0.084983
0.175023
0.10352
0.011075
0.035022
0.005564
0.038758
0.015908
0.024637
0.041454
0.009476
0.020428
0.032262
0.10896
0.098883
0.022909
0.078792
0.010718
0.0209
0.035929
0.038618
0.203944
0.045702
0.132701
0.4055
0.010956
0.113629
0.136146
0.027582
0.001275
0.291525
0.040749
0.009608
0.025463
0.015747
0.041651
0.037014
0.036565
0.034526
0.106171
0.046131
0.159224
0.061852
0.015823
0.002187
0.063529
0.01269
0.029081
0.140068
0.089584
0.039153
0.071457
0.029406
0.004936
0.049581
0.080316
0.012873
0.051581
0.060634
0.0081
0.403242
0.000387
0.049599
0.007503
0.04731
0.094156
0.051005
0.033095
0.041135
0.076211
0.008061
0.087873
0.067628
0.33395
0.013278
0.02139
0.003828
0.010318
0.008468
0.012522
0.005577
0.007163
0.401971
0.005967
0.005831
0.02593
0.007908
0.004183
0.061691
0.103072
0.083277
0.012071
0.024883
0.008532
0.044135
0.019265
0.003779
0.015493
0.087826
0.061212
0.02388
0.305674
0.012618
0.194291
0.055138
0.010702
0.02313
0.097849
0.029351
0.075164
0.03396
0.061581
0.00722
0.020546
0.076432
0.091509
0.036676
0.015347
0.017666
0.004739
0.031184
0.025874
0.041316
0.06936
0.065515
0.002894
0.01798
0.554759
0.026502
0.053959
0.003128
0.001803
0.019723
0.076264
0.015165
0.023923
0.035692
0.000314
0.418855
0.368456
0.046434
0.052651
0.008073
0.023319
0.044932
0.065609
0.11054
0.002107
0.089978
0.038239
0.019681
0.001968
0.254667
0.021519
0.001845
0.07915
0.025414
0.238364
0.005053
0.07886
0.041996
0.051204
0.013735
0.025523
0.005105
0.673739
0.065942
0.090679
0.023921
0.019462
0.028529
0.045152
0.010883
0.213768
0.101986
0.012701
0.008578
0.42238
0.024635
0.024308
0.050265
0.007105
0.042377
0.016827
0.01926
0.003333
0.139831
0.062798
0.077292
0.229752
0.038092
0.020034
0.022565
0.008738
0.009334
0.017256
0.020214
0.048104
0.01433
0.049272
0.025795
0.069039
0.050779
0.008759
0.007746
0.011766
0.057262
0.579281
0.053842
0.021916
0.091919
0.132146
0.022951
0.000149
0.011091
0.029898
0.015617
0.002107
0.028576
0.021058
0.008858
0.024887
0.19733
0.006275
0.101741
0.100525
0.029342
0.005589
0.096366
0.045948
0.012501
0.089454
0.019871
0.247861
0.038496
0.313834
0.062457
0.006695
0.146003
0.086816
0.08695
0.105309
0.012576
0.035217
0.236352
0.014588
0.020036
0.040472
0.001416
0.034427
0.020349
0.073897
0.053447
0.006531
0.026408
0.038107
0.070375
0.069688
0.011493
0.008117
0.055948
0.005762
0.072391
0.019047
0.035043
0.010436
0.021948
0.017371
0.044807
0.060121
0.015192
0.016574
0.006467
0.282348
0.02637
0.009223
0.027386
0.078988
0.112183
0.008167
0.013306
0.009012
0.090821
0.02874
0.085549
0.007552
0.08102
0.034021
0.040114
0.048399
0.020204
0.000527
0.013276
0.014667
0.115721
0.040003
0.013848
0.01162
0.041988
0.053075
0.085348
0.178095
0.008814
0.040524
0.010257
0.052927
0.042844
0.20066
0.002188
0.02543
0.019683
0.041022
0.003113
0.034232
0.007217
0.010982
0.008118
0.039215
0.009752
0.113284
0.003246
0.006987
0.023466
0.014194
0.004695
0.197073
0.017478
0.121962
0.018342
0.01123
0.011633
0.026791
0.023675
0.006405
0.015563
0.028146
0.305802
0.003128
0.049084
0.036347
0.007283
0.209593
0.035125
0.016269
0.027084
0.106236
0.041048
0.022511
0.061007
0.036924
0.021493
0.002996
0.013514
0.115208
0.008943
0.013809
0.056173
0.010361
0.081066
0.011848
0.015718
0.015884
0.015035
0.003918
0.002192
0.132107
0.006374
0.020265
0.010735
0.06267
0.023986
0.002147
0.005701
0.085223
0.013449
0.143632
0.170582
0.008854
0.087024
0.024907
0.08537
0.013573
0.035851
0.185903
0.045006
0.044787
0.005393
0.175708
0.052651
0.008517
0.100108
0.046985
0.050092
0.011883
0.04218
0.014714
0.018512
0.045114
0.002902
0.039026
0.019269
0.003479
0.056477
0.085588
0.086724
0.031644
0.033495
0.00188
0.005371
0.011278
0.059754
0.018515
0.034512
0.054879
0.029165
0.003921
0.033937
0.006656
0.021317
0.042478
0.070344
0.095839
0.02816
0.113384
0.021099
0.024372
0.023784
0.081536
0.005825
0.002196
0.01972
0.035666
0.098643
0.002334
0.249486
0.049747
0.14015
0.02054
0.061082
0.161209
0.003732
0.00495
0.014914
0.400022
0.011889
0.007323
0.125295
0.039315
0.120455
0.075396
0.001859
0.017168
0.010068
0.147998
0.0249
0.380278
0.127268
0.104146
0.082902
0.019104
0.05997
0.041835
0.033146
0.099901
0.001274
0.054349
0.010632
0.019345
0.264922
0.002988
0.008836
0.140018
0.012979
0.040539
0.010575
0.021125
0.001775
0.017707
0.003919
0.036115
0.014785
0.036788
0.095929
0.000514
0.021355
0.148183
0.018477
0.00338
0.021846
0.027005
0.013203
0.014267
0.072678
0.009972
0.024365
0.128975
0.052319
0.022317
0.031972
0.003841
0.196216
0.132266
0.00526
0.037769
0.019925
0.004624
0.012499
0.209034
0.017918
0.025673
0.092551
0.015542
0.024537
0.004501
0.080547
0.020387
0.015692
0.015695
0.001107
0.002541
0.002772
0.00021
0.04019
0.028572
0.017325
0.017781
0.108653
0.087019
0.105907
0.055916
0.004941
0.0416
0.001759
0.226792
0.071979
0.017797
0.087135
0.203105
0.034344
0.086393
0.004201
0.05826
0.092943
0.003419
0.003403
0.03648
0.003225
0.01036
0.022401
0.008695
0.002987
0.20808
0.019251
0.00156
0.021825
0.158475
0.000777
0.162652
0.061233
0.032412
0.010072
0.006718
0.015182
0.016632
0.252501
0.037409
0.129325
0.009527
0.049327
0.005177
0.15025
0.030007
0.039579
0.067459
0.007153
0.004391
0.007026
0.326805
0.017807
0.030877
0.244961
0.00045
0.037726
0.001638
0.017395
0.034376
0.003167
0.03262
0.026032
0.028529
0.004961
0.014165
0.006524
0.027851
0.008418
0.276214
0.108469
0.051682
0.020068
0.020368
0.010142
0.013693
0.028854
0.06585
0.082824
0.056343
0.010501
0.066187
0.001974
0.007731
0.040771
0.021998
0.005679
0.079768
0.026457
0.026761
0.363665
0.004515
0.010638
0.016039
0.009143
0.026224
0.229097
0.012766
0.007198
0.124758
0.042324
0.040496
0.020551
0.026001
0.092513
0.003974
0.278338
0.022124
0.0628
0.000916
0.064373
0.005307
0.023109
0.016435
0.018088
0.256594
0.072085
0.014524
0.067154
0.021531
0.013908
0.014674
0.007187
0.012485
0.247951
0.029049
0.053828
0.153992
0.076897
0.035043
0.0146
0.07247
0.182
0.009065
0.02614
0.360734
0.053761
0.041256
0.240577
0.023886
0.103246
0.137065
0.027619
0.048961
0.020887
0.09786
0.270667
0.112997
0.028992
0.434779
0.000236
0.00552
0.041406
0.010305
0.082334
0.012713
0.074027
0.05727
0.018296
0.003089
0.042816
0.264351
0.001338
0.533186
0.023475
0.008084
0.046092
0.014545
0.123701
0.125458
0.135387
0.054776
0.052847
0.030076
0.01283
0.142921
0.053115
0.171818
0.029386
0.053245
0.024867
0.174647
0.096476
0.017922
0.017977
0.004582
0.022099
0.030718
0.229723
0.006833
0.028014
0.010752
0.147435
0.078181
0.012972
0.098591
0.005773
0.078848
0.021459
0.006518
0.119503
0.014629
0.244724
0.010152
0.312562
0.01103
0.001869
0.013757
0.119109
0.000898
0.002305
0.048019
0.034405
0.157279
0.171202
0.159696
0.011705
0.004557
0.023783
0.100144
0.071488
0.020396
0.058332
0.039891
0.067205
0.111731
0.323646
0.031764
0.001769
0.017667
0.066953
0.073389
0.059714
0.05366
0.046769
0.006041
0.021903
0.05607
0.008354
0.156358
0.067259
0.036899
0.009249
0.012974
0.022931
0.002121
0.242293
0.001854
0.081444
0.027394
0.002214
0.002673
0.023153
0.265958
0.042912
0.039399
0.002779
0.008847
0.222963
0.004934
0.002793
0.013054
0.012421
0.002534
0.007184
0.016984
0.030191
0.008686
0.048639
0.025049
0.155068
0.031455
0.027748
0.04346
0.066074
0.022033
0.001838
0.213952
0.212663
0.061615
0.008366
0.015783
0.077015
0.004642
0.010284
0.045101
0.413996
0.0141
0.042852
0.003098
0.531673
0.004259
0.018312
0.060047
0.018774
0.027108
0.025587
0.045243
0.035966
0.004951
0.001852
0.02419
0.002957
0.23536
0.022349
0.00562
0.096772
0.078649
0.035709
0.005997
0.047595
0.034983
0.03268
0.511306
0.005362
0.014618
0.08274
0.052705
0.012178
0.02751
0.010286
0.018025
0.039995
0.032252
0.019588
0.09814
0.072065
0.048835
0.183215
0.066563
0.267135
0.021608
0.036705
0.023403
0.003274
0.010546
0.016496
0.053659
0.060555
0.040341
0.058444
0.006628
0.015887
0.163396
0.25143
0.154437
0.108801
0.114321
0.505053
0.046881
0.007386
0.015891
0.009796
0.002022
0.031296
0.409738
0.09243
0.01249
0.047492
0.013009
0.0121
0.122413
0.338133
0.028801
0.000941
0.05466
0.131571
0.016826
0.025002
0.056168
0.024831
0.027647
0.02856
0.073869
0.008336
0.030078
0.059293
0.038619
0.116268
0.081222
0.053109
0.02019
0.016425
0.022651
0.048667
0.026318
0.139796
0.059013
0.00164
0.082618
0.015352
0.029597
0.009733
0.105064
0.006097
0.027294
0.050101
0.023242
0.007616
0.062711
0.009727
0.405506
0.28308
0.140637
0.014051
0.021626
0.003329
0.006439
0.009366
0.040936
0.054794
0.598133
0.024417
0.006691
0.01276
0.017467
0.028036
0.180853
0.163376
0.002512
0.022254
0.001543
0.005659
0.056632
0.476333
0.39987
0.088911
0.120635
0.01469
0.291449
0.25918
0.040859
0.031062
0.033835
0.019935
0.009194
0.017684
0.000737
0.021855
0.189026
0.006361
0.050332
0.001834
0.015654
0.005314
0.005356
0.048063
0.145253
0.134183
0.124811
0.011297
0.02362
0.06425
0.304995
0.025548
0.003584
0.015885
0.007302
0.002586
0.126632
0.040883
0.163358
0.01562
0.003921
0.034202
0.002841
0.016868
0.005321
0.187907
0.01521
0.000655
0.0392
0.016087
0.038383
0.008137
0.044771
0.013188
0.014782
0.003047
0.036368
0.085131
0.055025
0.011631
0.027719
0.01245
0.058869
0.050221
0.105179
0.004614
0.043733
0.018775
0.011017
0.039473
0.044941
0.03542
0.027722
0.002599
0.003997
0.196107
0.041641
0.000252
0.017849
0.001944
0.134599
0.00201
0.002103
0.05081
0.121593
0.037177
0.017272
0.045042
0.000677
0.00406
0.080124
0.144353
0.116161
0.079571
0.032241
0.027176
0.110326
0.026914
0.009653
0.044399
0.005507
0.019003
0.005851
0.039901
0.183576
0.045404
0.13628
0.001297
0.006253
0.009108
0.029069
0.016974
0.012455
0.008165
0.135599
0.023096
0.092213
0.044304
0.028124
0.006992
0.042746
0.007817
0.065466
0.0371
0.007278
0.003046
0.119386
0.047523
0.04083
0.017847
0.026495
0.529926
0.002993
0.221721
0.020411
0.001134
0.313027
0.042305
0.171573
0.104777
0.298957
0.068869
0.013218
0.027647
0.006235
0.000524
0.002808
0.22173
0.035144
0.007868
0.063533
0.053192
0.076258
0.050808
0.068468
0.006226
0.010974
0.029482
0.049314
0.025151
0.005035
0.187978
0.039798
0.067021
0.054385
0.002808
0.080725
0.055298
0.023579
0.02949
0.021865
0.013221
0.192925
0.012075
0.353599
0.043047
0.010319
0.010405
0.024262
0.103112
0.002597
0.13867
0.00444
0.035882
0.0161
0.31669
0.013607
0.023368
0.072284
0.004448
0.022106
0.035908
0.007138
0.017148
0.010641
0.007173
0.103098
0.188911
0.149616
0.032315
0.021202
0.037171
0.094396
0.019976
0.071775
0.043995
0.024439
0.021867
0.03728
0.00675
0.044018
0.029589
0.001396
0.024512
0.120144
0.274268
0.000238
0.003717
0.000336
0.030062
0.05634
0.065049
0.049549
0.023462
0.006451
0.043676
0.003291
0.024641
0.212732
0.126262
0.010028
0.022634
0.066549
0.004497
0.02445
0.102197
0.026929
0.008559
0.016337
0.017898
0.138717
0.148433
0.05491
0.018651
0.02139
0.013337
0.008752
0.007747
0.469083
0.062175
0.000866
0.032786
0.035983
0.005582
0.007401
0.005103
0.054629
0.007305
0.034491
0.015443
0.316002
0.005735
0.00473
0.040682
0.004874
0.038595
0.005432
0.012209
0.059783
0.070138
0.004026
0.092776
0.075913
0.025534
0.044391
0.011778
0.067628
0.019553
0.025451
0.015575
0.052163
0.10164
0.073373
0.010029
0.029389
0.033731
0.060121
0.015891
0.062728
0.022847
0.105515
0.047553
0.042639
0.667405
0.004822
0.001814
0.063589
0.042148
0.0166
0.001001
0.050296
0.013899
0.014548
0.094092
0.009349
0.07355
0.002044
0.029947
0.027974
0.657723
0.005243
0.093621
0.010333
0.008712
0.077724
0.040877
0.011941
0.156147
0.440261
0.008287
0.015648
0.127613
0.068172
0.016743
0.012456
0.098962
0.031381
0.013976
0.102213
0.009592
0.038263
0.015897
0.007693
0.036734
0.018835
0.194619
0.156557
0.031689
0.024167
0.009839
0.215712
0.04013
0.015866
0.014766
0.020668
0.009975
0.017308
0.003867
0.011575
0.067445
0.00016
0.001029
0.042945
0.006705
0.062258
0.828331
0.013834
0.004349
0.007484
0.299814
0.019185
0.134482
0.017318
0.009105
0.028108
0.147589
0.062146
0.010188
0.054975
0.014998
0.119532
0.151761
0.027709
0.005874
0.1624
0.088704
0.009689
0.013292
0.027238
0.005282
0.036001
0.313201
0.081571
0.006211
0.023121
0.036795
0.020982
0.007273
0.536518
0.240448
0.006471
0.111167
0.021845
0.321045
0.048914
0.038474
0.014705
0.020401
0.019791
0.089286
0.018676
0.053257
0.089072
0.071801
0.037163
0.015736
0.016928
0.010349
0.012001
0.085528
0.476871
0.005219
0.007341
0.489091
0.010011
0.006159
0.107582
0.004205
0.06578
0.002426
0.031611
0.065978
0.003304
0.058454
0.002237
0.011879
0.025115
0.005333
0.030361
0.083225
0.030972
0.006568
0.010712
0.00664
0.009561
0.037167
0.034477
0.194347
0.064659
0.190366
0.019262
0.030101
0.013784
0.287092
0.193952
0.002358
0.004987
0.033082
0.003923
0.040059
0.008726
0.040113
0.066684
0.025424
0.122986
0.01784
0.148396
0.002879
0.004501
0.04029
0.012528
0.036218
0.006097
0.002572
0.055173
0.001338
0.104707
0.052946
0.421928
0.267059
0.041624
0.009059
0.380001
0.002383
0.075802
0.014581
0.044228
0.373068
0.052148
0.006875
0.153937
0.014743
0.063485
0.07495
0.149513
0.000367
0.027835
0.066274
0.096688
0.0195
0.026192
0.009926
0.019994
0.003132
0.041419
0.124209
0.075987
0.084339
0.057549
0.009094
0.008419
0.012165
0.016372
0.09629
0.033632
0.002593
0.013666
0.793279
0.003504
0.040534
0.022159
0.125759
0.012441
0.003514
0.036822
0.048051
0.003047
0.002951
0.106171
0.214813
0.003267
0.004103
0.009661
0.256474
0.002042
0.028839
0.010914
0.002249
0.075494
0.077558
0.797826
0.187384
0.003841
0.015133
0.081673
0.091385
0.003975
0.003612
0.005205
0.038906
0.026323
0.030384
0.01365
0.001644
0.002062
0.570991
0.008346
0.006696
0.035873
0.018932
0.006777
0.00681
0.008919
0.004454
0.131654
0.018073
0.211319
0.035774
0.105344
0.046058
0.020503
0.38417
0.036643
0.016402
0.035118
0.090647
0.025597
0.008462
0.041426
0.018559
0.014128
0.008416
0.037437
0.016047
0.005702
0.007098
0.271569
0.007516
0.002903
0.000912
0.059256
0.004649
0.215601
0.111004
0.026911
0.058893
0.018054
0.005852
0.174601
0.034214
0.012711
0.069956
0.022149
0.203973
0.05534
0.012304
0.007488
0.007304
0.007662
0.028945
0.043579
0.023059
0.006942
0.010915
0.196052
0.02223
0.059581
0.001199
0.012913
0.002747
0.641529
0.015469
0.035441
0.048375
0.021818
0.002164
0.024209
0.075419
0.029648
0.001047
0.000472
0.00811
0.028858
0.003103
0.053848
0.010388
0.000804
0.030993
0.120765
0.094153
0.248536
0.353101
0.016459
0.026203
0.022786
0.371929
0.047356
0.005238
0.042302
0.014773
0.009795
0.093919
0.354969
0.062198
0.000882
0.075703
0.01617
0.008527
0.176123
0.739368
0.00478
0.454646
0.139059
0.021225
0.014618
0.041982
0.094981
0.273432
0.001583
0.108561
0.014102
0.113661
0.311841
0.00763
0.0031
0.015189
0.011343
0.058293
0.056399
0.261918
0.03341
0.126578
0.191454
0.282791
0.00146
0.024125
0.040306
0.01426
0.036156
0.007107
0.005102
0.032529
0.010685
0.104469
0.010742
0.000915
0.100168
0.08604
0.035259
0.12155
0.144927
0.017141
0.223455
0.098135
0.054225
0.055711
0.033868
0.000787
0.039699
0.057247
0.247155
0.003192
0.265026
0.028962
0.02821
0.046439
0.029451
0.001454
0.223914
0.018134
0.16254
0.020097
0.019425
0.045001
0.028656
0.045668
0.010041
0.009172
0.700786
0.002647
0.035847
0.000246
0.408615
0.01171
0.05451
0.004921
0.00895
0.021332
0.035243
0.006887
0.005496
0.02641
0.054584
0.151616
0.014094
0.001899
0.192136
0.02858
0.018973
0.152993
0.003359
0.015791
0.279728
0.000414
0.023107
0.101525
0.009494
0.014348
0.006045
0.036902
0.123777
0.020072
0.436744
0.008539
0.282813
0.29611
0.641439
0.01489
0.121211
0.008107
0.03309
0.005358
0.08573
0.081644
0.010375
0.28122
0.017077
0.011634
0.458744
0.017634
0.010709
0.671477
0.008008
0.018496
0.047241
0.043429
0.685985
0.20527
0.008954
0.026556
0.106373
0.005632
0.026944
0.033342
0.001089
0.211062
0.073926
0.006496
0.21037
0.009542
0.000966
0.007068
0.166552
0.076802
0.081967
0.235584
0.029797
0.011263
0.066528
0.022958
0.068823
0.119821
0.027386
0.001087
0.05208
0.409069
0.01538
0.044584
0.007596
0.014452
0.073623
0.002777
0.505865
0.034253
0.005483
0.027984
0.027249
0.002533
0.006022
0.071533
0.003475
0.036309
0.001806
0.053506
0.044945
0.001818
0.001436
0.031951
0.018714
0.00795
0.011327
0.086095
0.004212
0.03975
0.008076
0.043472
0.040072
0.004248
0.004407
0.02337
0.375962
0.061785
0.03137
0.036328
0.214816
0.026
0.018228
0.03048
0.075916
0.032299
0.074888
0.021321
0.034118
0.044175
0.005251
0.000752
0.051081
0.009086
0.005831
0.023205
0.048413
0.030021
0.121438
0.021111
0.001948
0.042096
0.143056
0.054255
0.006705
0.059198
0.00489
0.004722
0.036218
0.003261
0.020738
0.005567
0.023228
0.07139
0.000772
0.029527
0.00988
0.016452
0.140433
0.074625
0.004691
0.029087
0.122819
0.650582
0.020907
0.273358
0.00286
0.153988
0.18045
0.118396
0.427639
0.000524
0.016475
0.004131
0.163955
0.115657
0.013957
0.120403
0.008615
0.056758
0.005831
0.014555
0.053987
0.011023
0.635893
0.065158
0.039457
0.045779
0.009358
0.156587
0.024265
0.455592
0.004246
0.003875
0.059862
0.017134
0.007008
0.031683
0.613732
0.424329
0.093064
0.00148
0.006982
0.024893
0.171205
0.000759
0.001814
0.007417
0.111346
0.466938
0.008107
0.190279
0.075835
0.009634
0.232974
0.010643
0.051076
0.013798
0.024618
0.169537
0.050654
0.003826
0.015059
0.03548
0.010953
0.078503
0.085422
0.005018
0.054767
0.023393
0.003313
0.010111
0.029164
0.023299
0.123945
0.06828
0.172688
0.117594
0.034313
0.004427
0.047286
0.003925
0.009557
0.753753
0.027234
0.058608
0.026665
0.013216
0.067327
0.038334
0.340429
0.066054
0.1837
0.003003
0.005753
0.090735
0.027399
0.099909
0.06415
0.020892
0.042571
0.145248
0.02064
0.045333
0.002415
0.061465
0.180766
0.103269
0.114217
0.190558
0.090572
0.002883
0.002725
0.005485
0.000258
0.027567
0.04922
0.284811
0.061339
0.017702
0.042317
0.032836
0.076722
0.002991
0.018844
0.033077
0.008836
0.082454
0.014151
0.056189
0.038216
0.156438
0.001935
0.087192
0.005606
0.000929
0.009728
0.002453
0.194754
0.001191
0.023878
0.001783
0.027778
0.008139
0.021459
0.062991
0.015691
0.026174
0.624352
0.138763
0.002782
0.002025
0.002433
0.049018
0.004581
0.055428
0.00292
0.068626
0.32162
0.129473
0.071774
0.626542
0.032707
0.016586
0.056322
0.006418
0.010547
0.458702
0.039907
0.012242
0.008169
0.000239
0.076272
0.010917
0.033183
0.005147
0.006548
0.409394
0.026821
0.897748
0.065297
0.059036
0.386989
0.002215
0.002872
0.102715
0.299299
0.046862
0.00861
0.002571
0.00665
0.004366
0.026811
0.005635
0.046489
0.009615
0.017694
0.005141
0.249062
0.112604
0.014602
0.211197
0.029696
0.07669
0.003412
0.004321
0.097115
0.018224
0.046858
0.003645
0.021514
0.053359
0.003438
0.012148
0.288986
0.022621
0.250014
0.397113
0.015603
0.108766
0.017219
0.002955
0.017274
0.000748
0.090406
0.009256
0.114686
0.009355
0.017536
0.002359
0.013225
0.000889
0.029746
0.000225
0.007809
0.000828
0.030953
0.154168
0.361772
0.011202
0.106488
0.153103
0.006633
0.007245
0.041181
0.037733
0.011624
0.266893
0.008341
0.118396
0.17962
0.406214
0.028509
0.02106
0.090217
0.024182
0.071128
0.178733
0.005403
0.004265
0.528537
0.009931
0.003983
0.042654
0.198311
0.000793
0.010859
0.017747
0.034756
0.088835
0.002084
0.02747
0.133025
0.022693
0.007772
0.322452
0.014403
0.234187
0.059268
0.015282
0.03817
0.020799
0.032379
0.190898
0.288542
0.007162
0.433577
0.063128
0.003851
0.175059
0.004234
0.030257
0.324168
0.004064
0.107497
0.061153
0.061554
0.001736
0.016759
0.326934
0.042455
0.052333
0.040393
0.050126
0.232176
0.003118
0.184955
0.068707
0.00769
0.000398
0.075078
0.099838
0.004091
0.05744
0.02009
0.144369
0.002318
0.248184
0.033621
0.451314
0.092455
0.003695
0.001439
0.036593
0.056657
0.00378
0.076915
0.016559
0.297381
0.164375
0.011935
0.017911
0.002585
0.020808
0.069561
0.007331
0.001556
0.005071
0.426014
0.114524
0.009713
0.042025
0.515258
0.037402
0.228347
0.009013
0.012165
0.014046
0.022519
0.036682
0.005446
0.077399
0.008867
0.052548
0.005173
0.031737
0.000338
0.048482
0.01125
0.004148
0.034339
0.003772
0.004697
0.143087
0.006541
0.104137
0.073721
0.013465
0.070763
0.061135
0.046252
0.079216
0.035534
0.062299
0.074247
0.062684
0.067869
0.026182
0.009878
0.00911
0.011244
0.006811
0.091624
0.241417
0.056614
0.001437
0.010691
0.004567
0.01142
0.059763
0.119295
0.083255
0.116778
0.020324
0.036046
0.005352
0.031522
0.038424
0.016205
0.680598
0.02693
0.013394
0.65057
0.049787
0.053914
0.003477
0.001846
0.001674
0.098196
0.10037
0.41914
0.014541
0.002163
0.0297
0.072386
0.050793
0.011646
0.00488
0.00556
0.077557
0.026757
0.014439
0.633602
0.008267
0.56484
0.189567
0.060132
0.590568
0.064252
0.018093
0.009539
0.008178
0.010867
0.003565
0.437033
0.002646
0.012861
0.111572
0.010985
0.024482
0.053475
0.184188
0.060193
0.031765
0.078059
0.194233
0.031308
0.023065
0.125082
0.005563
0.001281
0.011796
0.0118
0.006553
0.082645
0.040763
0.296439
0.100988
0.090682
0.003933
0.004714
0.002859
0.042145
0.240346
0.029499
0.148037
0.010701
0.009525
0.038928
0.091633
0.071778
0.011591
0.080489
0.372285
0.00355
0.011977
0.129742
0.629467
0.400181
0.011337
0.000669
0.073636
0.01208
0.012593
0.017481
0.074693
0.038687
0.015241
0.125381
0.042106
0.193316
0.533022
0.116589
0.168986
0.009034
0.067069
0.004126
0.185461
0.084948
0.030363
0.048194
0.01123
0.002621
0.018023
0.178304
0.010771
0.24267
0.000517
0.004306
0.177554
0.011264
0.050434
0.011681
0.232427
0.012219
0.042924
0.037035
0.024947
0.070965
0.042357
0.168369
0.085095
0.006014
0.029517
0.124819
0.061731
0.183946
0.022734
0.102199
0.014249
0.128639
0.051128
0.181395
0.002145
0.333085
0.185597
0.006814
0.037985
0.004884
0.055772
0.63126
0.148006
0.195626
0.021554
0.04083
0.015831
0.02277
0.118384
0.015968
0.01008
0.003223
0.044113
0.024913
0.032517
0.024262
0.244002
0.00337
0.047567
0.167205
0.009612
0.009855
0.465616
0.057882
0.477869
0.015642
0.048245
0.021261
0.012067
0.130293
0.15497
0.031672
0.003296
0.143583
0.01937
0.007356
0.317956
0.151823
0.050681
0.105173
0.061601
0.074779
0.094587
0.322667
0.027447
0.023117
0.026538
0.008936
0.154472
0.110711
0.056923
0.027262
0.04692
0.013844
0.007721
0.035259
0.088543
0.359116
0.067865
0.026735
0.223361
0.009641
0.012486
0.05813
0.033566
0.101989
0.000555
0.004297
0.038704
0.001529
0.005592
0.203926
0.044399
0.074249
0.003832
0.065841
0.005404
0.108815
0.004896
0.085941
0.008198
0.746836
0.310389
0.019591
0.006961
0.034916
0.046439
0.015574
0.507601
0.047114
0.025206
0.044332
0.054862
0.068873
0.028012
0.122861
0.003342
0.04087
0.511093
0.012042
0.004312
0.009146
0.152024
0.014463
0.077125
0.072079
0.095423
0.060968
0.022422
0.036901
0.006011
0.017917
0.030465
0.048418
0.106399
0.047628
0.006249
0.002399
0.158837
0.126972
0.000546
0.009029
0.46681
0.025879
0.003938
0.053828
0.016684
0.021323
0.542996
0.003362
0.059894
0.007537
0.021005
0.164106
0.213288
0.309055
0.012239
0.080716
0.593552
0.010382
0.086819
0.004115
0.462154
0.015768
0.043629
0.002809
0.012559
0.306761
0.067146
0.003566
0.102555
0.156337
0.021978
0.140251
0.281799
0.044147
0.0089
0.004951
0.116083
0.243608
0.008698
0.021458
0.09278
0.01555
0.028051
0.013488
0.003614
0.010863
0.009275
0.005875
0.275502
0.340998
0.012009
0.268061
0.003236
0.084641
0.153202
0.125292
0.043692
0.010153
0.04271
0.00042
0.065697
0.182059
0.405941
0.440921
0.084235
0.039929
0.235256
0.002541
0.043808
0.010187
0.006831
0.054514
0.019377
0.080444
0.06067
0.002397
0.658639
0.025505
0.006141
0.049919
0.770883
0.016882
0.029888
0.011964
0.108583
0.006756
0.009055
0.00283
0.094611
0.025505
0.13645
0.035207
0.021243
0.003512
0.033431
0.018545
0.012012
0.007741
0.00485
0.000942
0.161061
0.035512
0.260915
0.003022
0.350831
0.008023
0.004855
0.008509
0.439968
0.04395
0.01147
0.02784
0.062813
0.066728
0.012214
0.027445
0.009619
0.002587
0.277269
0.062558
0.014242
0.240389
0.148528
0.001676
0.086881
0.00146
0.195627
0.172198
0.002599
0.005637
0.099024
0.00517
0.018387
0.003243
0.105104
0.010308
0.265696
0.028938
0.035445
0.001777
0.207076
0.038685
0.082416
0.009287
0.136565
0.024377
0.033837
0.011546
0.015656
0.062336
0.419946
0.009105
0.078296
0.048762
0.017906
0.166976
0.165053
0.007083
0.024961
0.008779
0.097342
0.025567
0.002204
0.050633
0.019318
0.765215
0.008615
0.099302
0.00059
0.289057
0.071297
0.007822
0.029725
0.021834
0.012879
0.012091
0.012613
0.136905
0.001888
0.017874
0.007535
0.001945
0.007777
0.029392
0.11162
0.037091
0.005756
0.039337
0.036434
0.106224
0.01719
0.591341
0.122824
0.052758
0.16212
0.02244
0.011878
0.009335
0.122785
0.000604
0.029491
0.066301
0.031094
0.035456
0.076174
0.130752
0.003804
0.019814
0.105976
0.456683
0.025578
0.012306
0.009365
0.081601
0.018441
0.001644
0.092048
0.155309
0.047421
0.024643
0.009422
0.337081
0.316934
0.004565
0.047507
0.057745
0.214091
0.017173
0.088871
0.000454
0.004759
0.000946
0.008317
0.105659
0.02473
0.010138
0.082797
0.075022
0.006059
0.11769
0.011496
0.216444
0.011733
0.003322
0.16318
0.022093
0.002322
0.008798
0.150205
0.003915
0.023383
0.01651
0.124678
0.045952
0.011373
0.081081
0.182535
0.003288
0.020756
0.005248
0.014092
0.027295
0.087257
0.070009
0.002797
0.003372
0.050802
0.003636
0.183866
0.016978
0.20348
0.001642
0.193115
0.050982
0.00209
0.074433
0.00335
0.030363
0.005838
0.015974
0.472017
0.011998
0.036342
0.029472
0.08798
0.095075
0.004333
0.06026
0.364906
0.27203
0.007905
0.01231
0.026322
0.002258
0.044667
0.013714
0.066873
0.002377
0.332415
0.054283
0.065627
0.120842
0.010099
0.011253
0.046001
0.043362
0.020027
0.035565
0.032207
0.031082
0.009351
0.020459
0.002278
0.034979
0.001958
0.164139
0.010641
0.115047
0.015916
0.028254
0.100002
0.039199
0.423525
0.205649
0.08845
0.092947
0.013417
0.015737
0.001785
0.033716
0.166548
0.039002
0.520108
0.049712
0.029266
0.014436
0.001149
0.004886
0.056851
0.02872
0.55237
0.029728
0.245944
0.00831
0.057092
0.117142
0.019985
0.62311
0.159214
0.155266
0.031419
0.015261
0.038722
0.007119
0.03202
0.007931
0.586062
0.005495
0.177893
0.01486
0.034154
0.150418
0.11118
0.030004
0.08041
0.144871
0.006701
0.279877
0.00995
0.121835
0.118227
0.002801
0.021812
0.011566
0.045778
0.115524
0.040473
0.01529
0.055236
0.000237
0.007532
0.584023
0.087351
0.002975
0.058422
0.08082
0.32441
0.008118
0.381647
0.014934
0.022922
0.003819
0.007762
0.205478
0.010732
0.000724
0.011843
0.001671
0.732833
0.004635
0.009298
0.540038
0.035866
0.020771
0.105655
0.029209
0.000201
0.003194
0.033586
0.148786
0.075487
0.335184
0.08025
0.066878
0.044968
0.202414
0.076613
0.030851
0.029604
0.030969
0.017992
0.271193
0.072722
0.011011
0.33458
0.180508
0.061727
0.18788
0.026903
0.324318
0.020386
0.05628
0.087014
0.025483
0.022193
0.004511
0.023856
0.005001
0.08635
0.016456
0.070371
0.001242
0.070656
0.228452
0.100429
0.034467
0.00128
0.215825
0.061978
0.011874
0.001859
0.072229
0.06406
0.012301
0.186836
0.003095
0.011969
0.123286
0.020798
0.441591
0.006939
0.030928
0.193498
0.417367
0.017164
0.002394
0.020777
0.10987
0.017897
0.320644
0.000319
0.035111
0.122727
0.086838
0.328271
0.006759
0.001682
0.036282
0.013348
0.000544
0.009224
0.012499
0.044938
0.395727
0.007164
0.017873
0.014912
0.779498
0.032838
0.279101
0.792594
0.009847
0.070699
0.063316
0.018465
0.010266
0.023345
0.004582
0.004413
0.026889
0.025588
0.202838
0.025923
0.178486
0.006235
0.020114
0.003324
0.045121
0.009505
0.007556
0.103299
0.081471
0.000813
0.021218
0.017891
0.033642
0.180384
0.122337
0.036324
0.047456
0.482357
0.228393
0.229695
0.290082
0.028336
0.000974
0.025601
0.005161
0.225908
0.302798
0.00675
0.000149
0.021458
0.004241
0.053711
0.020192
0.129442
0.35153
0.005855
0.005483
0.044934
0.013988
0.28406
0.015561
0.442935
0.004017
0.184193
0.02456
0.010457
0.015667
0.028258
0.016197
0.000347
0.00452
0.246077
0.115576
0.039397
0.00602
0.114343
0.001475
0.004087
0.090984
0.064806
0.128448
0.093986
0.208884
0.007319
0.001589
0.271617
0.021543
0.051306
0.101696
0.695448
0.486979
0.058913
0.320127
0.003779
0.202878
0.003131
0.087824
0.286984
0.002479
0.085817
0.213589
0.021067
0.191794
0.56642
0.005924
0.11221
0.029278
0.044948
0.039164
0.009809
0.044646
0.536173
0.193143
0.002109
0.012637
0.012428
0.001367
0.024156
0.0614
0.296747
0.006535
0.001037
0.027622
0.092386
0.087266
0.258936
0.081975
0.031417
0.011194
0.009201
0.021332
0.405237
0.047377
0.000952
0.306605
0.151046
0.123035
0.014866
0.025254
0.034131
0.001828
0.259208
0.036167
0.726901
0.14268
0.007265
0.231766
0.638889
0.093427
0.183718
0.073066
0.019949
0.814938
0.010533
0.198806
0.016978
0.080135
0.123113
0.237743
0.010264
0.002675
0.158355
0.021807
0.001529
0.034331
0.003493
0.005909
0.004344
0.002511
0.65234
0.129081
0.030856
0.003531
0.006413
0.047051
0.028285
0.035331
0.00405
0.093029
0.008894
0.007485
0.036246
0.306931
0.008401
0.064071
0.039825
0.189728
0.013555
0.385199
0.063913
0.162238
0.000609
0.009693
0.088656
0.057225
0.002303
0.008234
0.025938
0.005072
0.144039
0.118681
0.021183
0.000644
0.309195
0.206689
0.158209
0.016176
0.03968
0.012954
0.267231
0.003052
0.00342
0.047448
0.007609
0.009667
0.008043
0.008741
0.003123
0.028347
0.05858
0.013254
0.017419
0.015018
0.101726
0.075689
0.171296
0.001672
0.075139
0.015874
0.045464
0.739799
0.121394
0.001959
0.002752
0.190874
0.009515
0.381925
0.024129
0.053141
0.041241
0.035618
0.872548
0.013604
0.005653
0.006053
0.021713
0.398908
0.002679
0.065823
0.480834
0.018853
0.042929
0.183841
0.109772
0.335526
0.089992
0.004992
0.021457
0.006633
0.160881
0.05411
0.011265
0.007452
0.002798
0.401966
0.357484
0.005575
0.019669
0.239252
0.214056
0.150012
0.331051
0.087831
0.030619
0.020501
0.581452
0.027269
0.085647
0.363536
0.271467
0.000328
0.073527
0.0095
0.010901
0.079197
0.221904
0.308602
0.012663
0.35346
0.011021
0.052149
0.003482
0.644188
0.002927
0.003045
0.016339
0.092769
0.013952
0.277461
0.152465
0.017224
0.041544
0.021902
0.01394
0.660554
0.004849
0.073485
0.549002
0.053553
0.039667
0.052113
0.993933
0.053842
0.06979
0.006995
0.208717
0.036165
0.69509
0.200301
0.002888
0.008418
0.057894
0.73444
0.001405
0.033172
0.004811
0.047303
0.164233
0.024301
0.025958
0.058656
0.018521
0.524056
0.100662
0.041502
0.090119
0.129133
0.000988
0.074246
0.00669
0.021236
0.02215
0.360663
0.045829
0.14039
0.001796
0.002185
0.128011
0.021005
0.005511
0.064387
0.003086
0.013424
0.040408
0.017585
0.006786
0.025505
0.051695
0.021159
0.02419
0.002573
0.284495
0.006483
0.530242
0.034162
0.022405
0.12734
0.250833
0.005187
0.177089
0.001313
0.004488
0.003941
0.000976
0.348863
0.02651
0.271463
0.003211
0.013781
0.491241
0.028239
0.000692
0.427789
0.008868
0.339417
0.003361
0.039535
0.295419
0.066438
0.060497
0.140256
0.055262
0.022573
0.296144
0.072934
0.005109
0.008737
0.004425
0.037334
0.131233
0.075062
0.020813
0.001075
0.028797
0.027386
0.008459
0.006783
0.046721
0.007314
0.198462
0.219044
0.003857
0.028357
0.537157
0.005463
0.111065
0.102475
0.01142
0.091757
0.001614
0.011287
0.005198
0.10582
0.000625
0.017383
0.013468
0.63648
0.236905
0.020744
0.00735
0.084513
0.093992
0.016628
0.057388
0.031771
0.10697
0.217009
0.000879
0.696896
0.375099
0.2307
0.582131
0.054312
0.43812
0.003517
0.067419
0.053447
0.946586
0.008828
0.051525
0.291335
0.046104
0.026473
0.108166
0.007665
0.10881
0.008978
0.578972
0.000634
0.02827
0.021565
0.083931
0.155341
0.281628
0.00682
0.011996
0.004326
0.051063
0.0557
0.077878
0.237918
0.065843
0.021402
0.182629
0.842439
0.003364
0.00963
0.26368
0.000417
0.006159
0.017319
0.003272
0.001781
0.08902
0.03957
0.115394
0.09332
0.000246
0.038871
0.160637
0.033939
0.176481
0.002023
0.347828
0.007276
0.001629
0.058901
0.001774
0.012884
0.031742
0.016144
0.002457
0.046984
0.020375
0.626126
0.004789
0.046755
0.007545
0.026526
0.001269
0.650391
0.103211
0.008272
0.003457
0.014659
0.02044
0.260371
0.201438
0.066498
0.120662
0.077069
0.014297
0.176711
0.013082
0.035545
0.800968
0.011402
0.24701
0.097442
0.001415
0.004838
0.005695
0.28406
0.005011
0.050748
0.004934
0.010538
0.049579
0.028027
0.064767
0.101893
0.003118
0.559352
0.290304
0.123163
