0.97654
0.995618
0.615766
0.32742
0.885827
0.982184
0.838845
0.917743
0.988737
0.983074
0.928289
0.987187
0.999472
0.991449
0.97826
0.99188
0.954685
0.999094
0.930708
0.996521
0.872705
0.505831
0.990742
0.99959
0.999986
0.957096
0.986153
0.952316
0.458737
0.834128
0.917457
0.996717
0.994787
0.823188
0.82492
0.98012
0.84659
0.665555
0.976469
0.79299
0.665377
0.902769
0.967785
0.990111
0.988279
0.985559
0.722832
0.868134
0.999058
0.962805
0.99607
0.448996
0.992607
0.187987
0.143717
0.99499
0.995994
0.998257
0.904085
0.987949
0.462122
0.986362
0.909951
0.503953
0.976785
0.970077
0.995994
0.936819
0.899555
0.98084
0.99221
0.99408
0.907617
0.913641
0.99057
0.764253
0.041972
0.91271
0.99923
0.995183
0.978305
0.991272
0.975181
0.894549
0.955233
0.997303
0.97499
0.997218
0.967705
0.974825
0.999543
0.99918
0.973288
0.999933
0.897133
0.966557
0.98208
0.001594
0.956828
0.988732
0.996946
0.999443
0.789817
0.991234
0.98854
0.988358
0.218143
0.686101
0.954631
0.494306
0.996927
0.934435
0.999692
0.94433
0.993326
0.921376
0.722217
0.942083
0.946145
0.998943
0.857301
0.999014
0.977783
0.982113
0.980135
0.955998
0.489922
0.861002
0.999825
0.385044
0.997314
0.947775
0.332774
0.998117
0.853847
0.993237
0.999623
0.775115
0.963704
0.982897
0.958599
0.957443
0.997441
0.808363
0.9553
0.999224
0.075166
0.997417
0.57704
0.629238
0.918756
0.989185
0.843259
0.954309
0.917993
0.932182
0.998279
0.953127
0.861168
0.987965
0.998903
0.992828
0.99167
0.938577
0.882081
0.974679
0.932223
0.994191
0.762829
0.923369
0.986901
0.82314
0.999214
0.887357
0.655156
0.958682
0.99842
0.551761
0.103586
0.977743
0.948052
0.250179
0.966732
0.981794
0.231983
0.997037
0.991124
0.780491
0.857204
0.311237
0.995396
0.897764
0.99816
0.001544
0.993475
0.997214
0.999684
0.114797
0.892281
0.009692
0.949476
0.993129
0.838275
0.981072
0.944235
0.943853
0.998081
0.277128
0.04749
0.804284
0.99826
0.770579
0.73087
0.461544
0.02993
0.958776
0.848889
0.98316
0.788811
0.934174
0.36195
0.993915
0.990104
0.98212
0.908761
0.800628
0.031302
0.001028
0.984333
0.999825
0.822433
0.032147
0.222503
0.001165
0.985587
0.734055
0.697029
0.966536
0.934111
0.724293
0.978752
0.966656
0.969772
0.850292
0.020623
0.510665
0.998411
0.999905
0.986116
0.525701
0.792586
0.917704
0.971218
0.998219
0.779546
0.051715
0.998691
0.974464
0.999316
0.99939
0.994204
0.306075
0.795413
0.999472
0.530224
0.994929
0.98914
0.9989
0.998426
0.979297
0.997018
0.959602
0.998769
0.878077
0.631713
0.933507
0.951762
0.905827
0.967014
0.122866
0.018772
0.560159
0.139361
0.004136
0.980444
0.997853
0.994157
0.870329
0.989012
0.032093
0.004474
0.947994
0.981674
0.550281
0.000254
0.540089
0.685527
0.685536
0.98772
1.000058
0.10668
0.915834
0.764013
0.045207
0.002184
0.983656
0.973145
0.946645
0.999756
0.893332
0.630101
0.828307
0.958015
0.977501
0.651229
0.374044
0.789351
0.982404
0.575068
0.008277
0.994692
0.813153
0.988719
0.992652
0.670855
0.966182
0.450392
0.937626
0.616728
0.999879
0.663004
0.010898
0.997929
0.966412
0.002586
0.998598
0.965366
0.997872
0.955408
0.514954
0.876951
0.993143
0.818489
0.809835
0.995258
0.991604
0.956006
0.116996
0.836264
0.297747
0.972333
0.819222
0.163525
0.028103
0.999664
0.998877
0.9846
0.994909
0.9232
0.846654
0.999203
0.118684
1.00008
0.107836
0.767322
0.985123
0.513885
0.888378
0.000878
0.328071
0.894892
0.998336
0.96206
0.826151
0.335888
0.991229
0.999281
0.9925
0.819929
0.199061
0.247003
0.779594
0.231213
1.00009
0.927422
0.538041
0.720657
0.996505
0.99581
0.999407
0.992738
0.569267
0.999742
0.976744
0.220485
0.852857
0.985059
0.858717
0.746626
0.601379
0.47397
0.54765
0.038187
0.050397
0.975026
0.979915
0.962131
0.405235
0.998766
0.98851
0.398596
0.510273
0.914354
0.975894
0.980349
0.001734
0.893271
0.997262
0.629584
0.098321
0.982793
0.626025
1.000046
0.03279
0.58183
0.362891
0.936698
0.849226
0.987723
0.219438
0.997944
0.986577
0.329831
0.573826
0.996628
0.078834
0.907816
0.747144
0.783007
0.97451
0.960897
0.408521
0.99969
0.978239
0.891835
0.42985
0.992301
0.236928
0.997956
0.001303
0.871335
0.991623
0.461712
0.973631
0.003329
0.991028
0.936548
0.895048
0.504694
0.320278
0.773149
0.973701
0.9994
0.930435
0.012343
0.902692
0.121196
0.430101
0.663596
0.964657
0.87379
0.002247
1.000003
0.157285
0.914126
0.967278
0.819303
0.101032
0.846201
0.953382
0.004228
0.941592
0.996014
0.993046
0.90453
0.91842
0.039343
0.003197
0.99616
0.203643
0.000762
0.999804
0.134569
0.934617
0.716429
0.993788
0.682146
0.851131
0.751115
0.999635
0.037786
0.013703
0.883684
0.766402
0.998465
0.966906
0.020266
0.999646
0.993726
0.02823
0.029146
0.997426
0.956811
0.016508
0.96084
0.999382
0.849201
0.016555
0.667847
0.000468
0.987346
0.951065
0.951982
0.874155
0.943071
0.31925
0.990656
0.016793
0.900964
0.9993
0.690874
0.345305
0.067278
0.998949
0.99162
0.945767
0.796205
0.002824
0.950959
0.804541
0.914004
0.017229
0.999892
0.964702
0.988982
0.956145
0.082681
0.998224
0.971287
0.992583
0.576635
0.363024
0.740334
0.951506
0.000789
0.019835
0.999906
0.001667
0.998436
0.044352
0.065884
0.003627
0.990982
0.000712
0.005306
0.974943
0.695091
0.727486
0.914259
0.797732
0.848879
0.056212
0.962153
0.828637
0.001058
0.976555
0.901923
0.966213
0.696768
0.965258
0.868075
0.775698
0.70147
0.196533
0.533412
0.82947
0.000781
0.996904
0.838623
0.593266
0.000669
0.000398
0.128751
0.952927
1.0
0.968769
0.9977
0.002625
0.889324
0.996527
0.993695
0.823139
0.671994
0.779004
0.984777
0.089935
0.999522
0.878681
0.209832
0.798856
0.060052
0.148903
0.763591
0.980002
0.90516
0.472262
0.917665
0.970128
0.09223
0.992897
1.000016
0.019876
0.00067
0.588144
0.3893
0.91433
0.993783
0.000639
0.997691
0.955019
0.888418
0.331973
1.000016
0.972518
0.956304
0.03717
0.998703
0.99608
0.002903
0.511598
0.483599
0.356153
0.004521
0.004741
0.001535
0.000122
0.046925
0.876424
0.002289
0.000409
0.329422
0.915784
0.997375
0.758251
0.564881
0.956367
0.995557
0.951865
0.905929
0.003324
0.00058
0.066717
0.880986
0.846654
0.810579
0.021198
0.99228
0.995993
0.000437
0.641736
0.084129
0.832315
0.39159
0.975975
0.453362
0.563085
0.002531
0.996249
0.986099
0.084635
0.540872
0.028188
0.924672
0.992717
0.972783
0.958857
0.569151
0.954178
0.006862
0.96214
0.908025
0.365143
0.997532
0.762996
0.900057
0.98565
0.973858
0.004509
0.813725
0.988642
0.008997
0.974961
0.016577
0.914187
0.005875
0.928673
0.585523
0.820335
0.084662
0.867885
0.992482
0.113879
0.000841
0.167822
0.323308
0.999677
0.000174
0.308844
0.005451
0.471875
0.520953
0.099268
0.017339
0.027284
0.002794
0.498992
0.06443
0.957638
0.018954
0.001665
0.999178
0.193839
0.804155
0.043009
0.911759
0.005578
0.000273
0.330261
0.000231
0.40575
0.903338
0.000185
0.913977
0.00143
0.727914
0.847599
0.989125
0.999957
0.047567
0.076934
0.079383
0.905099
0.992192
0.311852
0.999069
0.046999
0.004637
0.00404
0.162604
0.001444
0.000164
0.930516
0.001177
0.001561
0.991638
0.206659
0.460838
0.68004
0.996827
0.804276
0.327794
0.018055
0.861323
0.000566
0.420902
0.088045
0.9498
0.453993
0.369629
0.895937
0.686145
0.633019
0.891317
0.89784
0.005111
0.042024
0.00401
0.131763
0.023529
0.023437
0.785399
0.436328
0.033914
0.015446
0.996198
1.000047
0.026219
0.677265
0.519791
0.920914
0.004294
0.011088
0.902008
0.544313
0.003589
0.996627
0.998724
0.884776
0.000632
0.947916
0.010336
0.000359
0.80572
0.105955
0.780962
0.830558
0.053345
0.692972
0.944706
0.027733
0.001294
0.064304
0.999973
0.254793
0.850748
0.639871
0.587806
0.980751
0.349206
0.980089
0.795151
0.986728
0.982108
0.016615
0.11954
0.987696
0.445466
0.62837
0.06293
0.990868
0.023663
0.408854
0.853242
0.015861
0.005045
0.911771
0.000258
0.340269
0.861738
0.996603
0.015954
0.984798
0.983985
0.018032
0.86836
0.005076
0.045705
0.024564
0.101002
0.976326
0.147758
0.848753
0.987483
0.981667
0.84569
0.26854
0.937243
0.269685
0.00107
0.001077
0.745994
0.957049
0.384022
0.341966
0.01784
0.993037
0.911512
0.411527
0.107072
0.237809
0.000284
0.957574
0.992292
0.956636
0.974026
0.041536
0.059095
0.334137
0.870433
0.967934
0.000218
0.696647
0.52496
0.920488
0.000482
0.548102
0.003129
0.001783
0.999951
0.585034
0.983139
0.999765
0.008692
0.86
0.478744
0.013692
0.000253
0.248493
0.169957
0.99902
0.05463
0.774352
0.151904
0.180874
0.017657
0.033579
0.000517
0.002811
0.715249
0.227003
0.99845
0.141589
0.317588
0.970922
0.004865
0.978703
0.564689
0.960825
0.007889
0.000923
0.042993
0.144099
0.083245
0.343891
0.995644
0.554868
0.992471
0.631199
0.901663
0.919249
0.020916
0.962892
0.986251
0.534778
0.028082
0.850886
0.478029
0.075377
0.920328
0.000959
0.972258
0.998165
0.928075
0.011015
0.945751
0.941753
0.767397
0.068736
0.354389
0.080748
0.054433
0.709596
0.00768
0.472948
0.005261
0.984486
0.973689
0.01653
0.015501
0.930308
0.000672
0.923159
0.998083
0.001409
0.984765
0.394025
0.004393
0.302307
0.009139
0.000674
0.495985
0.976982
0.991018
0.002304
0.000196
0.999025
0.959638
0.82118
0.010517
0.993669
0.196645
0.983385
0.830241
0.661587
0.000318
0.031552
0.998777
0.000113
0.400478
0.0856
0.029787
0.004363
0.982882
0.10872
0.902575
0.974958
0.0069
0.998961
0.005798
0.001489
0.015321
0.995383
0.8285
0.000541
0.003021
0.984856
0.697606
0.020576
0.069538
0.244993
0.858255
0.000153
0.007056
0.998336
0.558749
0.408369
0.538776
0.998843
0.980467
0.873165
0.492245
0.949418
0.98368
0.645292
0.921476
0.259509
0.688033
0.98899
0.001629
0.716123
0.968278
0.443274
0.846434
0.000266
0.928658
0.0427
0.000545
0.007525
0.962625
0.006635
0.04264
0.001171
0.116953
0.973604
0.878397
0.021891
0.944561
0.994335
0.452262
0.616282
0.022585
0.191954
0.521332
0.042291
0.007566
0.457707
0.21722
0.999545
0.821874
0.928882
0.895182
0.526949
0.707967
0.092802
0.222973
0.049442
0.040468
0.993398
0.423561
0.947897
0.996842
0.970948
0.019094
0.017515
0.985548
0.000214
0.601005
0.000268
0.914038
0.934849
0.14382
0.326918
0.00363
0.999539
0.90531
0.994842
0.000263
0.009962
0.530826
0.264131
0.070397
0.056634
0.039269
0.992665
0.004957
0.904049
0.069557
0.156833
0.03216
0.020156
0.872392
0.007598
0.860701
0.356951
0.016151
0.698493
0.790629
0.014329
0.997046
0.902963
0.979844
0.004212
0.015902
0.990935
0.011026
0.000178
0.172437
0.997675
0.994476
0.098326
0.007193
0.96452
0.029909
0.687717
0.000621
0.927342
0.977363
0.989488
0.968281
0.001434
0.009394
0.118983
0.141312
0.049693
0.995043
0.000667
0.006118
0.230312
0.201414
0.036637
0.637225
0.034378
0.920742
0.977622
0.43395
0.915582
0.997626
0.000411
0.996593
0.941687
0.0641
0.002039
0.006566
0.027394
0.990534
0.025941
0.993476
0.858809
0.971705
0.065825
0.794465
0.993648
0.00048
0.010267
0.004921
0.004064
0.954788
0.777893
0.856174
0.559725
0.122957
0.152394
0.001754
0.048451
0.660592
0.80229
0.966116
0.00091
0.991674
0.008634
0.051995
0.997271
0.256491
0.321958
0.945175
0.296073
0.377506
0.009639
0.075863
0.258243
0.035205
0.021486
0.932388
0.870596
0.250818
1.000064
0.121763
0.206279
0.001378
0.81063
0.00451
0.465443
0.898489
0.02439
0.00177
0.998497
0.998371
0.004658
0.148811
0.004503
0.844881
0.060385
0.428493
0.253723
0.036054
0.961179
0.034791
0.631474
0.917588
0.859091
0.933349
0.94488
0.073954
0.030267
0.190408
0.280903
0.10513
0.632994
0.106354
0.761406
0.18027
0.456091
0.031256
0.000937
0.974126
0.009993
0.00094
0.794087
0.959214
0.000689
0.128901
0.417027
0.999797
0.007282
0.75157
0.439348
0.874495
0.019236
0.00021
0.086566
0.37368
0.009634
0.885734
0.250208
0.262357
0.001585
0.017183
0.110241
0.01124
0.477851
0.796034
0.026452
0.070909
0.966043
0.025749
0.115452
0.155937
0.008501
0.000139
0.660344
0.849767
0.998468
0.519519
0.118067
0.63293
0.963346
0.00748
0.944479
0.202873
0.454647
0.506711
0.000277
0.003642
0.172226
0.901016
0.147032
0.019861
0.213881
0.821874
0.933314
0.000749
0.047043
0.995707
0.095385
0.983189
0.000148
0.272188
0.888574
0.038813
0.990399
0.676517
0.04089
0.064619
0.963205
0.008052
0.138892
0.035437
0.863059
0.272862
0.234636
0.962451
0.541495
0.329627
0.142139
0.879161
0.560888
0.26108
0.006665
0.927679
0.285429
0.970643
0.023743
0.03449
0.604341
0.95111
0.210256
0.553075
0.933696
0.34902
0.958346
0.329437
0.139259
0.552214
0.013646
0.006069
0.844413
0.001256
0.978113
0.179818
0.979295
0.499527
0.000123
0.057499
0.766641
0.00757
0.939506
0.999513
0.002123
0.002542
0.027116
0.011649
0.085483
0.020296
0.002076
0.971805
0.990609
0.018291
0.003654
0.125455
0.733637
0.034181
0.958336
0.145185
0.029967
0.027645
0.090305
0.978489
0.983429
0.037849
0.155153
0.108262
0.935957
0.012158
0.584775
0.193767
0.000546
0.006302
0.103912
0.870734
0.001363
0.023976
0.060929
0.039238
0.002306
0.397847
0.022965
0.548474
0.005812
0.279156
0.28367
0.268403
0.001274
0.019678
0.954633
0.891331
0.037604
0.01985
0.314607
0.015683
0.115667
0.949243
0.059468
0.974158
0.94918
0.92433
0.75846
0.823033
0.240489
0.052817
0.000289
0.504522
0.907887
0.002215
0.980422
0.659905
0.000246
0.041403
0.017049
0.982962
0.95476
0.002
0.000346
0.04804
0.955493
0.21058
0.002006
0.306916
0.015201
0.442418
0.000652
0.00036
0.011483
0.254616
0.902502
0.908531
0.972904
0.021631
0.020675
0.030224
0.036296
0.02978
0.000725
0.002456
0.573042
0.011409
0.071542
0.152723
0.064021
0.99848
0.062636
0.572219
0.206766
0.48265
0.016268
0.040133
0.000362
0.508028
0.936039
0.017276
0.002116
0.964921
0.991274
0.075228
0.95784
0.928851
0.082657
0.867135
0.000994
0.34089
0.95336
0.013972
0.909105
0.257941
0.450604
0.90747
0.999733
0.001863
0.006569
0.586987
0.059015
0.09274
0.023507
0.003157
0.000668
0.999717
0.006599
0.11062
0.47032
0.035998
0.942008
0.943708
0.559737
0.005943
0.906006
0.022019
0.654785
0.763659
0.003377
0.017397
0.025423
0.090079
0.326543
0.015352
0.321736
0.115168
0.000104
0.218431
0.803006
0.000232
0.856991
0.001202
0.501809
0.004135
0.011381
0.015585
0.212496
0.014736
0.000187
0.002365
0.127355
0.874508
0.006468
0.910933
0.834163
0.439133
0.393226
0.94811
0.158658
0.897462
0.599957
0.060525
0.84021
0.000152
0.005838
0.296061
0.993206
0.955296
0.987905
0.972817
0.896193
0.014504
0.024346
0.01102
0.000698
0.071181
0.578925
0.935493
0.101386
0.755998
0.145451
0.535944
0.286718
0.51344
0.005609
0.977381
0.021639
0.729207
0.287318
0.950861
0.988717
0.003339
0.385253
0.973896
0.77065
0.015658
0.014597
0.204896
0.665799
0.186578
0.191219
0.03568
0.182473
0.804879
0.42119
0.002405
0.003354
0.406739
0.001186
0.320959
0.091036
0.939207
0.006697
0.985557
0.130998
0.0027
0.089786
0.998374
0.219514
0.038953
0.182033
0.999349
0.021325
0.022806
0.973874
0.014914
0.093543
0.522774
0.624304
0.993061
0.037814
0.984786
0.213901
0.831813
0.959369
0.007114
0.000486
0.004461
0.010251
0.043667
0.305619
0.989753
0.001062
0.24277
0.99928
0.426677
0.001888
0.266017
0.998813
0.004348
0.005365
0.001251
0.213423
0.010038
0.001307
0.993782
0.003103
0.023896
0.98813
0.979336
0.039764
0.998406
0.018078
0.249925
0.000328
0.846271
0.000718
0.069798
0.052198
0.976838
0.049927
0.981647
0.000115
0.603947
0.525754
0.045776
0.198422
0.66699
0.749683
0.539047
0.4782
0.1682
0.302319
0.996745
0.948872
0.940449
0.005308
0.690629
0.011752
0.865877
0.000783
0.053711
0.016533
0.996138
0.000113
0.014906
0.025623
0.033698
0.001076
0.266959
0.007533
0.000623
0.003392
0.018457
0.181401
0.49676
0.932152
0.002878
0.013777
0.999205
0.545987
0.007119
0.730778
0.001078
0.585767
0.245387
0.13626
0.002565
0.110219
0.048699
0.795513
0.011155
0.402724
0.004091
0.452651
0.054809
0.759757
0.865768
0.01624
0.041427
0.035453
0.340622
0.970419
0.012273
0.839916
0.217678
0.816654
0.508847
0.081878
0.003349
0.485093
0.000258
0.113488
0.143042
0.104373
0.289275
0.134263
0.067098
0.99742
0.634598
0.344841
0.756989
0.841451
0.000971
0.006269
0.337503
0.0042
0.997973
0.003429
0.002826
0.270481
0.004737
0.009296
0.834924
0.508858
0.012725
0.022867
0.984111
0.042504
0.010127
0.002649
0.846039
0.000709
0.935863
0.00041
0.652254
0.000239
0.007089
0.907585
0.001648
0.977012
0.872877
0.169435
0.002748
0.998553
0.44766
0.91442
0.365565
0.582436
0.002557
0.033132
0.00835
0.353986
0.831835
0.006725
0.002714
0.006498
0.456236
0.942935
0.383075
0.000373
0.158225
0.863692
0.229466
0.17553
0.000285
0.020938
0.066947
0.979611
0.006842
0.028513
0.109925
0.013931
0.000112
0.028893
0.10283
0.000329
0.061299
0.716715
0.176696
0.730206
0.997269
0.959756
0.02799
0.572767
0.557232
0.004222
0.530018
0.004229
0.235873
0.074314
0.000329
0.017815
0.081958
0.001051
0.015712
0.9952
0.11174
0.021664
0.000307
0.055882
0.00169
0.000564
0.940346
0.797655
0.004392
0.016606
0.003864
0.666199
0.19132
0.002539
0.986417
0.117883
0.031335
0.427717
0.715536
0.82168
0.010128
0.999779
0.000121
0.280755
0.088992
0.065999
0.988314
0.000278
0.94164
0.00814
0.35555
0.323987
0.963214
0.900938
0.115435
0.004211
0.001803
0.945897
0.381814
0.001315
0.081037
0.004912
0.038568
0.224731
0.009779
0.675242
0.067298
0.431465
0.996068
0.000846
0.000204
0.01019
0.993867
0.029069
0.0534
0.147585
0.000434
0.657711
0.003222
0.076881
0.326551
0.011164
0.930476
0.023904
0.834435
0.000808
0.457542
0.005215
0.917332
0.998607
0.055437
0.002556
0.051727
0.895946
0.001816
0.778067
0.013799
0.788486
0.01249
0.015251
0.694876
0.011283
0.011779
0.476322
0.352951
0.020809
0.954175
0.000765
0.992459
0.928587
0.00816
0.998363
0.019011
0.026611
0.000457
0.202595
0.005108
0.307578
0.651066
0.78353
0.025789
0.004019
0.067264
0.779127
0.013538
0.003649
0.606151
0.001746
0.032411
0.016633
0.006599
0.000982
0.000917
0.987772
0.896165
0.310541
0.033967
0.109201
0.132249
0.143755
0.006297
0.011551
0.063571
0.092349
0.00026
0.789169
0.247016
0.758922
0.980606
0.000415
0.002298
0.071812
0.334215
0.129043
0.004858
0.2792
0.208228
0.707987
0.985545
0.120686
0.997767
0.023313
0.302594
0.109964
0.892394
0.003682
0.907778
0.012209
0.022306
0.950925
0.00781
0.98038
0.100631
0.000598
0.461167
0.412545
0.017131
0.582453
0.002411
0.247847
0.902307
0.277349
0.642882
0.127672
0.01249
0.000152
0.22597
0.433289
0.06405
0.903852
0.004969
0.001072
0.000778
0.022902
0.885254
0.032274
0.649559
0.040419
0.13134
0.025102
0.000532
0.967495
0.000119
0.110309
0.000231
0.061031
0.026949
0.408697
0.122811
0.846596
0.033662
0.03742
0.001687
0.002527
0.76637
0.208781
0.02393
0.752339
0.005228
0.11173
0.065112
0.511151
0.085144
0.45419
0.000702
0.000591
0.06393
0.014669
0.200451
0.009415
0.192925
0.069685
0.035115
0.262555
0.035578
0.44643
0.087096
0.261687
0.000665
0.853625
0.000428
0.026257
0.019623
0.000691
0.631599
0.910351
0.002974
0.826512
0.135089
0.025148
0.013804
0.000468
0.025448
0.713621
0.839858
0.115611
0.043302
0.005022
0.01058
0.010682
0.001793
0.918441
0.000794
0.004121
0.016478
0.100837
0.000287
0.194824
0.992066
0.030195
0.000235
0.056446
0.001001
0.352464
0.000228
0.054584
0.726431
0.049771
0.967274
0.028938
0.001884
0.001443
0.241107
0.010623
0.426587
0.481426
0.249365
0.184259
0.000915
0.00017
0.017902
0.000256
0.019923
0.427765
0.922749
0.005498
0.00339
0.000658
0.001725
0.995827
0.001827
0.955309
0.685702
0.000441
0.015767
0.89981
0.127481
0.029598
0.001169
0.197896
0.03865
0.745079
0.003967
0.175679
0.907392
0.018039
0.70144
0.007223
0.023032
0.020855
0.031407
0.075735
0.011121
0.010709
0.066432
0.255569
0.035819
0.054194
0.022059
0.005016
0.059411
0.067565
0.033451
0.00766
0.544302
0.047389
0.098015
0.371919
0.249384
0.143346
0.256355
0.589761
0.000132
0.018517
0.920466
0.049059
0.069205
0.386727
0.092475
0.204471
0.982601
0.00109
0.283789
0.054487
0.020187
0.108553
0.028538
0.730078
0.003527
0.03597
0.990878
0.390255
0.083329
0.035299
0.975513
0.988462
0.008133
0.911274
0.004833
0.058111
0.002786
0.00172
0.000193
0.404929
0.843728
0.284564
0.006021
0.038156
0.863086
0.632467
0.026302
0.000568
0.021212
0.069927
0.973946
0.03453
0.782677
0.221328
0.963396
0.849456
0.003644
0.673865
0.004347
0.156403
0.521442
0.131992
0.756393
0.89201
0.82762
0.001793
0.002639
0.110166
0.003217
0.037808
0.20413
0.002105
0.865825
0.000269
0.013984
0.01642
0.00692
0.02806
0.690808
0.949437
0.001041
0.676188
0.001582
0.002299
0.105789
0.013899
0.008797
0.738755
0.003845
0.000448
0.068256
0.48391
0.848163
0.00199
0.000876
0.004044
0.001753
0.00015
0.007823
0.003607
0.002405
0.253784
0.462354
0.162043
0.157308
0.64414
0.268619
0.354546
0.085408
0.29484
0.082052
0.689835
0.010647
0.900636
0.005708
0.675367
0.001446
0.314224
0.004781
0.602631
0.018176
0.78535
0.982761
0.44667
0.382834
0.000171
0.009305
0.817855
0.01378
0.01149
0.094431
0.085289
0.004127
0.381123
0.040801
0.016629
0.43503
0.033829
0.01154
0.850204
0.047903
0.002521
0.104732
0.023506
0.550126
0.003469
0.313817
0.353168
0.001091
0.018505
0.00122
0.01081
0.006489
0.000107
0.001174
0.005689
0.037835
0.010027
0.003346
0.737695
0.835423
0.000622
0.006559
0.026501
0.030873
0.026594
0.008932
0.00028
0.00304
0.260255
0.965235
0.033094
0.094524
0.877842
0.014898
0.002502
0.107823
0.866214
0.088973
0.297244
0.569405
0.033548
0.003595
0.039386
0.000703
0.002919
0.004127
0.885246
0.167179
0.011581
0.178823
0.013268
0.889773
0.004609
0.630792
0.117179
0.00416
0.09606
0.028053
0.767061
0.000202
0.042467
0.003327
0.105343
0.156053
0.000134
0.906481
0.001332
0.001958
0.621388
0.005454
0.050462
0.064152
0.535727
0.533896
0.010564
0.705824
0.033422
0.997931
0.000673
0.793033
0.046088
0.996492
0.052872
0.008165
0.010025
0.001228
0.47967
0.046398
0.024055
0.887405
0.007113
0.01771
0.000563
0.6588
0.928881
0.448779
0.013456
0.153173
0.17621
0.002704
0.001034
0.008243
0.257208
0.281088
0.058109
0.00115
0.015553
0.691901
0.008357
0.000424
0.182043
0.062869
0.002745
0.804059
0.537944
0.001945
0.000835
0.325008
0.951326
0.919062
0.986657
0.988687
0.431693
0.010826
0.078176
0.001348
0.209451
0.023923
0.999123
0.253658
0.21753
0.829787
0.003222
0.0018
0.023284
0.12255
0.896828
0.000568
0.888662
0.976132
0.725514
0.233926
0.692006
0.000692
0.152728
0.013279
0.835523
0.016762
0.364552
0.720471
0.024562
0.034859
0.001547
0.463738
0.001915
0.235481
0.000779
0.10441
0.011224
0.191083
0.001209
0.549429
0.019789
0.008337
0.053348
0.069883
0.206577
0.002548
0.962177
0.396229
0.891287
0.002607
0.099826
0.796951
0.00026
0.621303
0.204302
0.893128
0.027722
0.003631
0.211307
0.025134
0.002323
0.167051
0.230462
0.013281
0.765284
0.010484
0.140476
0.002893
0.175683
0.533045
0.061564
0.010366
0.287765
0.167749
0.309482
0.000186
0.958468
0.984823
0.000274
0.757127
0.052009
0.813935
0.027838
0.000278
0.960389
0.114173
0.010658
0.999124
0.002957
0.000239
0.005925
0.193016
0.275264
0.034534
0.000766
0.002532
0.006283
0.021473
0.000381
0.247492
0.672083
0.002902
0.000206
0.816277
0.000817
0.001951
0.015478
0.649158
0.005551
0.006527
0.000255
0.026307
0.04553
0.00113
0.604979
0.213179
0.001834
0.005954
0.020045
0.125995
0.018305
0.031348
0.978504
0.003837
0.446535
0.025346
0.000694
0.803519
0.752138
0.023497
0.021437
0.834184
0.058469
0.033733
0.660229
0.450114
0.001285
0.12841
0.32947
0.982978
0.001589
0.091225
0.163926
0.000732
0.4794
0.010747
0.353987
0.469896
0.989883
0.014523
0.020205
0.726288
0.320465
0.987336
0.009882
0.363611
0.000993
0.989394
0.115261
0.000418
0.786024
0.007447
0.002765
0.053894
0.001429
0.013569
0.136915
0.157796
0.26594
0.03557
0.875829
0.459742
0.006851
0.802403
0.00074
0.001406
0.00209
0.000358
0.002692
0.343402
0.000641
0.014964
0.727592
0.002479
0.010767
0.078281
0.029439
0.24923
0.031956
0.095113
0.005151
0.015849
0.107227
0.621484
0.050242
0.000734
0.300042
0.023949
0.29225
0.006174
0.206922
0.026626
0.026014
0.002179
0.092374
0.085793
0.07516
0.000145
0.178599
0.376218
0.030335
0.00187
0.43902
0.002688
0.575911
0.039724
0.000175
0.164476
0.592063
0.023765
0.011045
0.904692
0.970575
0.005481
0.554551
0.001478
0.006372
0.006024
0.271134
0.892409
0.025381
0.273328
0.444536
0.001288
0.736635
0.159117
0.464359
0.579077
0.048601
0.873591
0.906592
0.0207
0.031217
0.00949
0.002818
0.008822
0.00087
0.27318
0.032474
0.866716
0.164788
0.885251
0.101092
0.408934
0.02122
0.958048
0.000207
0.027068
0.081268
0.048481
0.075382
0.114511
0.001074
0.731091
0.616143
0.084055
0.688372
0.632831
0.158074
0.17901
0.001301
0.000155
0.003027
0.061311
0.001531
0.003969
0.10026
0.278142
0.007904
0.803252
0.000206
0.846921
0.749428
0.07605
0.14324
0.989933
0.002523
0.027217
0.003744
0.483692
0.797535
0.001487
0.900218
0.32297
0.014952
0.012181
0.001942
0.276546
0.000899
0.008098
0.041371
0.955551
0.004495
0.535947
0.895324
0.000825
0.004377
0.19009
0.003173
0.687825
0.640494
0.00018
0.000497
0.096809
0.192171
0.386709
0.025012
0.670672
0.221891
0.063077
0.000197
0.000291
0.750286
0.003296
0.985776
0.037974
0.230841
0.134654
0.108011
0.074082
0.058483
0.143211
0.98962
0.001469
0.32673
0.614556
0.008607
0.996475
0.490174
0.019403
0.082697
0.689718
0.0299
0.077471
0.080106
0.045236
0.013919
0.242446
0.070403
0.008296
0.028706
0.957525
0.020359
0.881954
0.058001
0.084318
0.395616
0.057784
0.016099
0.645192
0.049697
0.014992
0.003274
0.002435
0.002873
0.023004
0.005351
0.001847
0.012761
0.857365
0.157558
0.015928
0.012252
0.953082
0.864781
0.061627
0.059166
0.071708
0.134929
0.767648
0.680649
0.000219
0.489341
0.011922
0.526743
0.286266
0.774999
0.157469
0.397687
0.030209
0.000431
0.156468
0.018798
0.970116
0.661763
0.004743
0.000601
0.021124
0.024979
0.12755
0.631191
0.643268
0.008312
0.009521
0.024953
0.990674
0.659408
0.290658
0.012303
0.000363
0.298739
0.066933
0.269786
0.086366
0.952962
0.131719
0.002395
0.002983
0.767414
0.962357
0.588782
0.049403
0.008749
0.00013
0.308203
0.049351
0.001746
0.03543
0.538311
0.812744
0.010004
0.188143
0.001795
0.566888
0.007514
0.020388
0.011089
0.000785
0.003028
0.003102
0.00616
0.951841
0.000211
0.508901
0.352494
0.345236
0.088054
0.0494
0.007524
0.160267
0.055988
0.006383
0.125904
0.954954
0.005021
0.023014
0.000143
0.244615
0.120752
0.980258
0.004317
0.009664
0.003694
0.037746
0.004901
0.007042
0.25912
0.540692
0.406957
0.002645
0.049408
0.642964
0.001047
0.138129
0.100553
0.981468
0.994656
0.07002
0.132405
0.632697
0.258404
0.96795
0.339636
0.011139
0.006378
0.227189
0.005366
0.314813
0.000992
0.010349
0.787039
0.515435
0.240727
0.000997
0.00056
0.030485
0.060258
0.987703
0.00014
0.166371
0.093394
0.760343
0.010574
0.002284
0.081327
0.002931
0.983072
0.993294
0.00027
0.163898
0.057046
0.752469
0.541503
0.519215
0.026547
0.009672
0.028531
0.034413
0.00122
0.230679
0.799547
0.671091
0.193528
0.232546
0.28268
0.494427
0.959832
0.623774
0.458383
0.056133
0.01876
0.019661
0.112706
0.000163
0.47099
0.064718
0.559752
0.123258
0.101223
0.335178
0.458036
0.776621
0.474473
0.037382
0.3742
0.999005
0.014316
0.028669
0.178611
0.006113
0.030327
0.136329
0.430507
0.047481
0.347484
0.107041
0.931073
0.151345
0.107825
0.062544
0.007554
0.001831
0.007976
0.084425
0.004996
0.050663
0.249516
0.080405
0.000221
0.26573
0.000717
0.010718
0.002635
0.54871
0.000573
0.020235
0.000553
0.021371
0.002328
0.034366
0.036698
0.000352
0.014716
0.468606
0.001901
0.233295
0.269681
0.761331
0.003717
0.752557
0.505922
0.009408
0.000307
0.011618
0.461131
0.00337
0.009097
0.003572
0.982717
0.055425
0.066817
0.014988
0.002898
0.022715
0.000171
0.013665
0.006833
0.072835
0.029764
0.132643
0.005152
0.008066
0.017139
0.053529
0.001843
0.001086
0.000117
0.001607
0.014878
0.000304
0.004457
0.874555
0.396924
0.01142
0.191162
0.983983
0.00065
0.003624
0.000412
0.001386
0.738624
0.323853
0.95543
0.005288
0.004591
0.013685
0.000618
0.000269
0.053855
0.029686
0.861812
0.000445
0.048594
0.039247
0.016778
0.003989
0.017466
0.074615
0.09673
0.167356
0.116657
0.003255
0.784488
0.000792
0.03789
0.977017
0.262603
0.001389
0.008863
0.134738
0.416261
0.015375
0.9255
0.132248
0.002261
0.000526
0.001867
0.001967
0.46252
0.000146
0.027501
0.246256
0.075194
0.273532
0.100006
0.034893
0.348898
0.989078
0.013671
0.055112
0.201347
0.188578
0.005212
0.417008
0.264584
0.000171
0.001296
0.063825
0.150328
0.042721
0.001123
0.000367
0.029387
0.002853
0.003111
0.000218
0.400186
0.050504
0.727869
0.003147
0.031065
0.158156
0.140441
0.068838
0.87938
0.005661
0.277116
0.074973
0.007815
0.069165
0.008317
0.0003
0.53685
0.076083
0.018514
0.003182
0.069311
0.019826
0.062252
0.082793
0.40278
0.067202
0.00544
0.005293
0.004437
0.705718
0.009254
0.000315
0.002923
0.214362
0.001959
0.082537
0.327686
0.491386
0.006611
0.118354
0.042255
0.005614
0.195437
0.618593
0.012097
0.000439
0.000637
0.537996
0.001705
0.000747
0.636806
0.001718
0.038356
0.001553
0.008047
0.51956
0.075747
0.010357
0.159413
0.663932
0.018654
0.377899
0.010352
0.963004
0.08694
0.020753
0.455524
0.001134
0.00152
0.912447
0.987556
0.929317
0.1661
0.042365
0.000188
0.620116
0.233363
0.001042
0.789674
0.016869
0.009313
0.035355
0.598043
0.90845
0.067441
0.000154
0.001251
0.001362
0.117072
0.819371
0.000133
0.054566
0.675889
0.459368
0.000766
0.209269
0.028748
0.003416
0.013198
0.074561
0.000308
0.01863
0.007249
0.001245
0.017037
0.095602
0.039915
0.024578
0.601587
0.023372
0.989936
0.97874
0.218765
0.002327
0.028287
0.001464
0.304952
0.437707
0.008941
0.677306
0.000866
0.00377
0.308595
0.128852
0.134393
0.685884
0.45525
0.486785
0.281843
0.000619
0.000384
0.998658
0.00168
0.964019
0.066884
0.445762
0.00875
0.00627
0.035491
0.059895
0.011228
0.008295
0.281471
0.000209
0.048235
0.636859
0.000921
0.158657
0.000571
0.128113
0.000372
0.010305
0.937042
0.004677
0.001074
0.045191
0.04974
0.004433
0.056828
0.131995
0.949712
0.11976
0.003784
0.949656
0.021835
0.02318
0.121245
0.021272
0.747401
0.005998
0.610463
0.009187
0.562388
0.021599
0.198206
0.258453
0.085467
0.729013
0.116622
0.000134
0.000698
0.969278
0.024854
0.712784
0.112692
0.673646
0.029718
0.000943
0.175623
0.057749
0.312344
0.010971
0.326482
0.00034
0.00241
0.000957
0.314568
0.015022
0.006454
0.159908
0.000862
0.856357
0.092148
0.02267
0.006875
0.638353
0.560132
0.839223
0.071518
0.020103
0.018515
0.09206
0.247948
0.009845
0.004927
0.00349
0.022955
0.995892
0.061625
0.037615
0.646933
0.000664
0.006068
0.001912
0.003133
0.396436
0.223164
0.000772
0.043454
0.002742
0.332476
0.809035
0.009125
0.000814
0.024739
0.040792
0.001586
0.262672
0.09141
0.001139
0.181818
0.000156
0.178521
0.000505
0.00035
0.047387
0.004731
0.317934
0.099013
0.035003
0.00905
0.006039
0.002501
0.003354
0.016247
0.076987
0.063114
0.018377
0.206425
0.000428
0.003989
0.086511
0.009665
0.027397
0.099327
0.527678
0.99899
0.52259
0.081996
0.291278
0.003405
0.870463
0.019873
0.613115
0.566302
0.110745
0.092437
0.851393
0.893679
0.680189
0.019538
0.004628
0.042276
0.999862
0.04967
0.051456
0.977561
0.672143
0.025097
0.003036
0.116316
0.942104
0.466874
0.13459
0.017129
0.677883
0.803283
0.140781
0.001402
0.009125
0.420821
0.834834
0.000838
0.000599
0.19203
0.009273
0.019344
0.076305
0.000254
0.422475
0.520345
0.000228
0.533908
0.8004
0.223513
0.441451
0.061252
0.002433
0.010587
0.526176
0.009688
0.032607
0.259396
0.414405
0.000152
0.751447
0.074583
0.061706
0.762302
0.010571
0.00085
0.052206
0.002107
0.160631
0.150445
0.569599
0.803233
0.054096
0.001068
0.007149
0.001043
0.031063
0.000216
0.393754
0.001926
0.39177
0.219923
0.940239
0.986306
0.173438
0.220008
0.052577
0.091255
0.014526
0.859317
0.365512
0.018151
0.069939
0.034945
0.005317
0.015614
0.001099
0.20614
0.236757
0.180408
0.230069
0.199022
0.23973
0.025474
0.625511
0.133706
0.028987
0.000741
0.307418
0.003006
0.756586
0.166637
0.001195
0.790159
0.233098
0.216999
0.001568
0.012894
0.005288
0.984744
0.335173
0.01018
0.054932
0.089693
0.165371
0.134179
0.023965
0.000531
0.47612
0.031811
0.086144
0.0218
0.90385
0.030325
0.064736
0.022478
0.000991
0.003055
0.32341
0.218706
0.050598
0.000863
0.055755
0.150892
0.023016
0.007782
0.011583
0.05678
0.008356
0.001616
0.003571
0.947582
0.000865
0.001774
0.057987
0.025337
0.238452
0.007179
0.06027
0.013405
0.061127
0.002544
0.416178
0.287787
0.023814
0.066687
0.050698
0.003924
0.350783
0.015822
0.02046
0.187296
0.009238
0.000339
0.016261
0.030689
0.032961
0.036935
0.001525
0.046343
0.21362
0.079896
0.62396
0.038371
0.003242
0.269426
0.002246
0.016678
0.000912
0.070151
0.002896
0.008482
0.087507
0.279772
0.539865
0.010481
0.000215
0.063972
0.536443
0.013793
0.006901
0.00881
0.006307
0.000178
0.011551
0.77616
0.019078
0.002935
0.00223
0.014275
0.043844
0.234231
0.133836
0.000907
0.392756
0.065969
0.001514
0.077248
0.002021
0.927963
0.318621
0.108776
0.076017
0.239282
0.059468
0.027633
0.006522
0.000416
0.00418
0.114302
0.235177
0.011601
0.110918
0.93938
0.0376
0.019294
0.886374
0.526497
0.005126
0.001803
0.006252
0.295565
0.008217
0.00364
0.00045
0.00279
0.011004
0.005521
0.152059
0.000519
0.009593
0.056857
0.210763
0.030732
0.00398
0.141894
0.010114
0.777583
0.221313
0.076581
0.652993
0.001849
0.001664
0.000872
0.023372
0.072994
0.001188
0.005709
0.123076
0.032118
0.004825
0.098383
0.001615
0.973439
0.021189
0.001188
0.094935
0.211537
0.850023
0.042522
0.176763
0.000746
0.908589
0.357811
0.020947
0.98311
0.044238
0.023803
0.003414
0.017297
0.112785
0.07186
0.058637
0.56616
0.000292
0.010357
0.229389
0.99196
0.079896
0.03839
0.28829
0.209344
0.010122
0.07514
0.126302
0.114392
0.002197
0.572844
0.000303
0.835574
0.03153
0.112408
0.177871
0.000386
0.005995
0.030667
0.010012
0.037077
0.026069
0.972024
0.091772
0.028226
0.943363
0.009909
0.079756
0.130648
0.463092
0.237837
0.00202
0.550685
0.734707
0.017529
0.04876
0.060237
0.023674
0.856577
0.021908
0.002749
0.015313
0.004024
0.205835
0.032138
0.000671
0.014023
0.009806
0.018487
0.00118
0.017398
0.182435
0.244337
0.583264
0.012237
0.018879
0.252508
0.023355
0.107554
0.449837
0.115711
0.004565
0.773139
0.0067
0.11636
0.013559
0.072464
0.277811
0.045586
0.889501
0.01446
0.781119
0.152047
0.001217
0.053341
0.000659
0.326683
0.065471
0.001662
0.315871
0.418448
0.014479
0.010483
0.743444
0.889415
0.209771
0.075467
0.036005
0.00428
0.000849
0.863031
0.000345
0.018514
0.009398
0.004808
0.695517
0.001044
0.011407
0.000148
0.038512
0.385568
0.119041
0.986577
0.06258
0.012401
0.463383
0.4736
0.517691
0.000669
0.088682
0.000839
0.086871
0.279972
0.055223
0.799272
0.178625
0.310557
0.420322
0.096857
0.019169
0.685045
0.046418
0.000391
0.136538
0.68336
0.17058
0.226242
0.256189
0.006745
0.107168
0.005687
0.128653
0.002793
0.122621
0.430025
0.153135
0.612318
0.001415
0.682666
0.112098
0.11258
0.738456
0.008308
0.033129
0.036507
0.021126
0.005806
0.047306
0.97536
0.036099
0.147127
0.005583
0.00196
0.83753
0.001458
0.017446
0.001376
0.024424
0.005944
0.033618
0.001102
0.577465
0.514871
0.0108
0.056686
0.002318
0.352721
0.002788
0.000178
0.146346
0.000865
0.626714
0.000347
0.074988
0.000366
0.772458
0.107499
0.009407
0.065166
0.171421
0.00371
0.000722
0.002356
0.000343
0.314326
0.00061
0.024585
0.02416
0.003852
0.122994
0.493813
0.390945
0.077588
0.00084
0.000939
0.055067
0.005249
0.01449
0.005876
0.129999
0.048979
0.00886
0.91811
0.006213
0.008523
0.954034
0.089153
0.101974
0.001912
0.013734
0.940163
0.074417
0.000281
0.003003
0.055131
0.073558
0.024145
0.002156
0.355444
0.017398
0.035256
0.397616
0.098176
0.108117
0.915942
0.000126
0.012245
0.028337
0.049805
0.601196
0.040122
0.001368
0.759309
0.009787
0.003453
0.005807
0.036945
0.154559
0.025222
0.613906
0.262314
0.030944
0.825709
0.208437
0.215169
0.012654
0.837152
0.087045
0.08938
0.715531
0.000453
0.037248
0.00537
0.962917
0.854547
0.995496
0.783043
0.407488
0.55945
0.010104
0.001662
0.001888
0.044819
0.097331
0.003506
0.014333
0.05951
0.228517
0.652485
0.012448
0.02327
0.007602
0.234721
0.036035
0.002396
0.141829
0.069253
0.00035
0.416749
0.015025
0.937057
0.000689
0.254103
0.824907
0.014144
0.020599
0.644819
0.045239
0.11447
0.774976
0.000479
0.388794
0.999255
0.00719
0.033346
0.992107
0.090867
0.054056
0.208253
0.027956
0.00595
0.000156
0.006867
0.055831
0.002193
0.042393
0.905903
0.001677
0.033838
0.007278
0.052565
0.792023
0.076931
0.369288
0.001227
0.865969
0.061338
0.574887
0.005102
0.037124
0.342925
0.063645
0.003665
0.022923
0.004204
0.150453
0.027754
0.440925
0.012945
0.070879
0.012612
0.052294
0.00371
0.007924
0.021434
0.155411
0.040495
0.1897
0.994429
0.922728
0.000694
0.034081
0.001577
0.03161
0.005323
0.011407
0.117873
0.015617
0.300863
0.020295
0.001022
0.209474
0.000589
0.002259
0.081004
0.494641
0.629697
0.019643
0.01259
0.026881
0.603785
0.906548
0.005291
0.259198
0.571384
0.007356
0.02108
0.407175
0.05965
0.000179
0.078716
0.003366
0.171807
0.063655
0.089131
0.018576
0.113708
0.006883
0.059935
0.043677
0.03237
0.40815
0.019723
0.912291
0.213191
0.004726
0.325653
0.844391
0.000505
0.925268
0.004825
0.002782
0.001914
0.010899
0.005962
0.00762
0.008078
0.001381
0.005359
0.017021
0.158988
0.039211
0.9866
0.976538
0.007974
0.031212
0.004369
0.004801
0.901564
0.269381
0.113377
0.126984
0.004507
0.009891
0.024416
0.001364
0.028819
0.080077
0.01516
0.011884
0.000893
0.068223
0.000185
0.004237
0.00043
0.014722
0.009965
0.453075
0.0259
0.003309
0.128984
0.010658
0.001403
0.01164
0.040175
0.154599
0.040178
0.039612
0.687831
0.001896
0.024146
0.046096
0.001242
0.005019
0.84784
0.00014
0.251669
0.003455
0.015176
0.034014
0.00184
0.565684
0.004561
0.000575
0.001357
0.511229
0.80539
0.458297
0.027744
0.528902
0.013015
0.005868
0.490022
0.216644
0.207308
0.081784
0.04557
0.063876
0.043026
0.091107
0.009473
0.013651
0.377778
0.269819
0.001104
0.009298
0.010175
0.031909
0.516155
0.981775
0.032849
0.939879
0.002771
0.001052
0.057906
0.006295
0.002842
0.000258
0.431657
0.931442
0.072496
0.009107
0.005716
0.007634
0.00136
0.480508
0.005181
0.000351
0.010448
0.002557
0.056541
0.269864
0.000545
0.001885
0.017699
0.017601
0.023508
0.045978
0.297053
0.863977
0.350471
0.00047
0.975609
0.28663
0.859163
0.016301
0.108655
0.932815
0.283998
0.056081
0.022007
0.716177
0.102701
0.002595
0.024811
0.995594
0.038374
0.836847
0.0074
0.007674
0.052311
0.148713
0.093255
0.572487
0.104858
0.09015
0.974643
0.018129
0.323451
0.005923
0.145071
0.000816
0.220303
0.018576
0.024682
0.018565
0.451459
0.000518
0.557144
0.002113
0.6561
0.00796
0.314321
0.439708
0.204841
0.005872
0.258612
0.00124
0.002697
0.009791
0.042282
0.021422
0.496119
0.784229
0.465274
0.968307
0.000589
0.003047
0.062485
0.994507
0.01477
0.279528
0.994134
0.763607
0.109578
0.000258
0.022339
0.616441
0.008987
0.004642
0.002093
0.002098
0.768061
0.012255
0.000358
0.005305
0.777365
0.022378
0.93352
0.150661
0.034408
0.415243
0.001588
0.068387
0.003052
0.090527
0.271903
0.024137
0.005202
0.267605
0.050405
0.000783
0.922416
0.163352
0.029564
0.010207
0.995074
0.030189
0.209707
0.00019
0.332039
0.000678
0.414595
0.001044
0.003315
0.000281
0.000378
0.001726
0.015553
0.068007
0.062305
0.04008
0.550765
0.420755
0.017054
0.103721
0.616938
0.193581
0.92609
0.004422
0.00066
0.043827
0.233507
0.906398
0.926612
0.940868
0.016856
0.003976
0.521025
0.870584
0.001575
0.518494
0.023903
0.000577
0.002848
0.120256
0.008185
0.017356
0.013366
0.006511
0.974532
0.012393
0.099115
0.014703
0.005698
0.000632
0.000744
0.629553
0.999526
0.001681
0.000693
0.380546
0.005228
0.00617
0.061186
0.001521
0.013358
0.239982
0.648815
0.64654
0.115862
0.771209
0.670058
0.565545
0.004572
0.473787
0.211734
0.01266
0.018423
0.856492
0.996403
0.088377
0.057166
0.005226
0.020025
0.001753
0.11303
0.341679
0.081209
0.005781
0.004294
0.069535
0.193127
0.000597
0.062665
0.003559
0.000694
0.001508
0.009222
0.121722
0.677883
0.248286
0.00879
0.000725
0.002252
0.050221
0.00017
0.949677
0.00169
0.049601
0.047184
0.004223
0.388891
0.970501
0.030589
0.040662
0.000492
0.003436
0.148046
0.005731
0.349775
0.000147
0.012648
0.018349
0.004856
0.62142
0.001013
0.017425
0.000731
0.006719
0.464039
0.011538
0.145052
0.012627
0.060169
0.019048
0.11077
0.004733
0.006229
0.004042
0.011253
0.154338
0.001421
0.029007
0.012477
0.017628
0.005479
0.001383
0.01425
0.013076
0.211604
0.289338
0.286972
0.007006
0.205476
0.054937
0.061496
0.013042
0.555307
0.030562
0.039522
0.00317
0.000203
0.006366
0.163195
0.859413
0.010082
0.163172
0.990608
0.003196
0.835804
0.141967
0.055506
0.031171
0.007117
0.076377
0.03303
0.016758
0.007675
0.165033
0.017948
0.008106
0.026879
0.8178
0.008264
0.042165
0.015411
0.662733
0.026731
0.233171
0.00036
0.026525
0.003115
0.000555
0.003336
0.241763
0.784182
0.005007
0.849535
0.90395
0.707525
0.012017
0.00352
0.259317
0.993737
0.004232
0.685852
0.388275
0.000115
0.031387
0.530506
0.993143
0.370101
0.013377
0.001517
0.001053
0.000632
0.001079
0.010578
0.001597
0.273111
0.060486
0.007068
0.067773
0.229822
0.011888
0.010713
0.738308
0.086891
0.001787
0.004736
0.00028
0.013772
0.019524
0.058983
0.037503
0.008544
0.009041
0.111873
0.50438
0.041076
0.000886
0.016708
0.017702
0.742019
0.001591
0.02825
0.958006
0.447345
0.004042
0.002023
0.000756
0.007596
0.034577
0.014098
0.000406
0.000733
0.012571
0.123887
0.021427
0.021669
0.061165
0.000365
0.050689
0.02233
0.022215
0.404474
0.41727
0.035395
0.143855
0.122301
0.014265
0.652925
0.042573
0.005709
0.005456
0.07644
0.85932
0.196012
0.005122
0.004973
0.992669
0.711062
0.010046
0.01493
0.004691
0.283632
0.001726
0.345119
0.958311
0.597643
0.162693
0.002139
0.09575
0.010137
0.039799
0.85913
0.977437
0.010555
0.051491
0.010878
0.064329
0.001621
0.159681
0.983077
0.108612
0.022243
0.067754
0.00288
0.005855
0.010106
0.067183
0.724788
0.036933
0.044395
0.007029
0.154293
0.054473
0.000137
0.001589
0.950391
0.009476
0.725527
0.017315
0.005542
0.023483
0.002356
0.006127
0.818114
0.050391
0.001552
0.063078
0.000833
0.033428
0.003089
0.0014
0.516021
0.298904
0.004362
0.913727
0.037673
0.002462
0.015835
0.098671
0.021293
0.0016
0.65052
0.00363
0.955233
0.001481
0.003295
0.006374
0.115895
0.012444
0.378018
0.00338
0.003631
0.19186
0.39088
0.2653
0.274698
0.000101
0.010314
0.031805
0.971947
0.766879
0.870746
0.433102
0.021898
0.0002
0.002863
0.227898
0.019409
0.110441
0.004125
0.423967
0.030065
0.011397
0.903901
0.000209
0.00094
0.025046
0.509702
0.020421
0.10155
0.953319
0.004891
0.038095
0.85197
0.03478
0.070653
0.486837
0.00384
0.026169
0.043962
0.049122
0.003832
0.090294
0.610428
0.012994
0.00088
0.009559
0.006387
0.774522
0.044859
0.029296
0.020301
0.422296
0.037623
0.98997
0.061947
0.000972
0.018307
0.804733
0.004085
0.00074
0.002522
0.866119
0.101604
0.460483
0.017248
0.731147
0.068726
0.001218
0.001156
0.002851
0.172419
0.000399
0.039515
0.154301
0.002764
0.04287
0.001266
0.000702
0.278232
0.002674
0.010502
0.038323
0.080137
0.919406
0.482961
0.004169
0.060803
0.001541
0.011536
0.462438
0.427158
0.003291
0.435758
0.011695
0.016431
0.983362
0.730369
0.049987
0.105724
0.002049
0.040086
0.03758
0.000281
0.12665
0.927207
0.947829
0.587835
0.018121
0.363153
0.007021
0.001062
0.013599
0.014279
0.002424
0.016703
0.017246
0.004168
0.960655
0.022695
0.019307
0.07413
0.110627
0.000332
0.995807
0.130955
0.931377
0.620973
0.828627
0.02028
0.024764
0.005051
0.114892
0.887602
0.002959
0.779067
0.01612
0.005412
0.627027
0.175013
0.993646
0.082743
0.00789
0.026503
0.036422
0.000592
0.160485
0.036993
0.591808
0.016168
0.121315
0.116888
0.150097
0.188631
0.559303
0.029336
0.394363
0.002117
0.004285
0.00091
0.005845
0.029642
0.01418
0.800004
0.17982
0.000661
0.247311
0.064546
0.021268
0.385188
0.515135
0.001255
0.014255
0.033994
0.94034
0.000192
0.018256
0.001589
0.998574
0.944194
0.014479
0.001994
0.002851
0.775177
0.025618
0.028473
0.001487
0.472363
0.761123
0.000898
0.628709
0.001174
0.000125
0.062495
0.001042
0.000643
0.109213
0.001418
0.001374
0.043136
0.993819
0.000973
0.091037
0.010175
0.020915
0.004763
0.107025
0.386926
0.066191
0.001356
0.0104
0.009792
0.004987
0.002081
0.001989
0.070282
0.002973
0.077826
0.000159
0.004942
0.519228
0.002413
0.69986
0.005758
0.000686
0.008483
0.014064
0.145588
0.011729
0.002919
0.044451
0.000159
0.009726
0.004267
0.006306
0.443339
0.000764
0.001699
0.917523
0.000627
0.163002
0.105828
0.000255
0.008542
0.073624
0.027345
0.35132
0.940574
0.750496
0.006738
0.030642
0.000197
0.006755
0.340524
0.000548
0.020092
0.039582
0.899776
0.011084
0.239117
0.000505
0.001935
0.34815
0.049531
0.265856
0.01437
0.002483
0.033448
0.010211
0.009635
0.006106
0.138727
0.000655
0.959517
0.111214
0.112708
0.006846
0.978499
0.000326
0.246983
0.000753
0.608148
0.013053
0.020704
0.1868
0.00089
0.089703
0.483176
0.037824
0.000392
0.010847
0.003341
0.000352
0.165948
0.001433
0.008685
0.038406
0.011519
0.0658
0.187957
0.053111
0.730718
0.003786
0.128959
0.011801
0.017016
0.000725
0.02983
0.005985
0.000151
0.00166
0.759158
0.057432
0.002714
0.014626
0.036734
0.446915
0.402706
0.026545
0.233517
0.322952
0.2946
0.492699
0.041766
0.328515
0.006693
0.643991
0.021474
0.995383
0.100402
0.133347
0.011083
0.059406
0.000851
0.730503
0.31525
0.10225
0.007678
0.029967
0.003601
0.179299
0.041698
0.477365
0.000283
0.001048
0.025197
0.000316
0.785988
0.001999
0.012226
0.003101
0.017653
0.001223
0.00679
0.00165
0.002681
0.002076
0.038493
0.028645
0.019958
0.015569
0.343066
0.025882
0.000216
0.004128
0.032173
0.274222
0.057863
0.000755
0.944389
0.00384
0.002295
0.053448
0.010717
0.04759
0.000694
0.006739
0.051143
0.120765
0.133089
0.008429
0.00935
0.068307
0.071729
0.271399
0.027303
0.974138
0.320834
0.007588
0.039901
0.141012
0.00102
0.058501
0.00349
0.037319
0.00898
0.026096
0.003305
0.915941
0.026637
0.005042
0.011409
0.829306
0.032307
0.007402
0.079508
0.000298
0.936305
0.063352
0.25706
0.498032
0.888783
0.287223
0.001793
0.001525
0.002344
0.145817
0.005377
0.003624
0.010905
0.909947
0.000806
0.144911
0.000275
0.342393
0.000253
0.233108
0.995242
0.092748
0.07648
0.530866
0.004859
0.917475
0.016764
0.001723
0.326237
0.042939
0.033714
0.007198
0.033896
0.677855
0.00013
0.007535
0.723761
0.007231
0.043127
0.005842
0.015604
0.095141
0.000128
0.99729
0.00085
0.09557
0.005009
0.237052
0.360202
0.001418
0.020365
0.002263
0.012814
0.007245
0.018966
0.226471
0.29395
0.0037
0.000845
0.003135
0.989619
0.04786
0.008504
0.02513
0.092916
0.194529
0.006242
0.098435
0.452578
0.354655
0.060038
0.000981
0.000278
0.277252
0.257149
0.027454
0.003413
0.932009
0.466945
0.022682
0.436239
0.218987
0.018551
0.005205
0.852701
0.006743
0.013099
0.986509
0.774482
0.008603
0.01183
0.135681
0.757484
0.341635
0.046358
0.00367
0.000239
0.009771
0.590356
0.79835
0.034771
0.019669
0.558314
0.009994
0.211985
0.570733
0.011228
0.005265
0.037944
0.00317
0.004311
0.466447
0.062895
0.85949
0.296538
0.095518
0.196241
0.003384
0.290571
0.867114
0.000271
0.395528
0.470648
0.460402
0.006722
0.003248
0.001971
0.637116
0.878265
0.212666
0.207079
0.629012
0.006304
0.066079
0.006069
0.000472
0.092214
0.002093
0.136282
0.000104
0.00492
0.170406
0.066261
0.778656
0.0012
0.186611
0.18868
0.102637
0.152559
0.003531
0.019509
0.035988
0.595292
0.000263
0.014686
0.964059
0.001697
0.004884
0.000244
0.107611
0.00202
0.003161
0.000475
0.072188
0.001879
0.180059
0.442732
0.85508
0.00033
0.001759
0.701062
0.374473
0.108578
0.02258
0.004828
0.017804
0.000367
0.026408
0.07772
0.144574
0.007669
0.032219
0.007525
0.014362
0.170858
0.838102
0.05984
0.003307
0.061574
0.164724
0.075223
0.272861
0.001662
0.274041
0.009987
0.00016
0.004519
0.850328
0.023074
0.007655
0.04179
0.016573
0.034743
0.003815
0.040753
0.606062
0.004808
0.248236
0.003288
0.003024
0.142778
0.000746
0.017711
0.002805
0.003102
0.046269
0.422906
0.093706
0.033351
0.646562
0.151163
0.112915
0.002064
0.943677
0.108835
0.021257
0.01451
0.073994
0.280582
0.0022
0.000893
0.012677
0.001542
0.558787
0.724299
0.935114
0.000602
0.002868
0.229372
0.043571
0.062325
0.330827
0.092061
0.948101
0.00901
0.000431
0.494616
0.909986
0.003492
0.299277
0.812021
0.071082
0.001512
0.010992
0.008714
0.00262
0.002453
0.657469
0.020858
0.009038
0.613413
0.003559
0.003264
0.69026
0.02702
0.941367
0.043589
0.099443
0.987874
0.841918
0.043911
0.000803
0.043007
0.134938
0.110077
0.002159
0.032199
0.000259
0.454449
0.00134
0.042243
0.030126
0.000765
0.001038
0.999819
0.178512
0.001319
0.099503
0.005625
0.026499
0.075271
0.088217
0.020155
0.984025
0.006794
0.086617
0.065071
0.243192
0.015573
0.000275
0.016046
0.002848
0.087837
0.080606
0.795472
0.00217
0.101368
0.01466
0.125061
0.021826
0.03229
0.004744
0.026702
0.160959
0.92932
0.683408
0.167542
0.890846
0.002224
0.389817
0.363646
0.28579
0.48223
0.000604
0.009528
0.00932
0.189203
0.22609
0.058303
0.006907
0.010881
0.002255
0.002491
0.079607
0.159966
0.000451
0.099859
0.003296
0.85992
0.096771
0.126649
0.071642
0.146206
0.337105
0.942598
0.011876
0.001692
0.132306
0.286874
0.180089
0.322904
0.024215
0.003541
0.307047
0.010629
0.052885
0.016305
0.185774
0.000788
0.252772
0.016543
0.09935
0.934356
0.001254
0.072319
0.00492
0.093959
0.000948
0.082379
0.987039
0.007845
0.000387
0.825068
0.001163
0.00024
0.198096
0.035905
0.046648
0.902414
0.029478
0.001133
0.370406
0.122496
0.000204
0.038521
0.584136
0.013089
0.8826
0.150465
0.004845
0.024419
0.007973
0.05985
0.066541
0.031664
0.006862
0.904069
0.002311
0.015026
0.000798
0.336639
0.003422
0.388465
0.197804
0.097509
0.543518
0.000413
0.00869
0.000972
0.006909
0.868798
0.170271
0.001583
0.004312
0.713401
0.961161
0.016403
0.907982
0.013061
0.000165
0.091282
0.69713
0.00196
0.328469
0.114351
0.000322
0.012775
0.000548
0.013128
0.000549
0.159729
0.167548
0.045905
0.104771
0.002018
0.003291
0.929437
0.007476
0.16848
0.002717
0.281174
0.025689
0.019727
0.001277
0.374946
0.308547
0.002633
0.011083
0.001198
0.003054
0.025632
0.036339
0.008304
0.994373
0.002456
0.073917
0.016451
0.430114
0.053753
0.040385
0.687059
0.032634
0.454684
0.001837
0.003399
0.006996
0.181885
0.039689
0.001616
0.008743
0.003983
0.024921
0.001412
0.02008
0.00533
0.001518
0.009135
0.162958
0.004051
0.001809
0.304723
0.007389
0.384018
0.004223
0.001081
0.002423
0.162537
0.39085
0.466517
0.069097
0.00882
0.070354
0.045249
0.018022
0.000653
0.01622
0.008143
0.102914
0.720813
0.269374
0.0004
0.020628
0.115353
0.988151
0.718926
0.013728
0.006703
0.251905
0.027596
0.002248
0.014531
0.983402
0.024024
0.994917
0.034346
0.144915
0.702403
0.072139
0.001766
0.005252
0.112435
0.609391
0.131359
0.006872
0.168572
0.000589
0.000968
0.167906
0.972562
0.91165
0.00057
0.208322
0.150851
0.002745
0.265943
0.601481
0.011016
0.286678
0.000178
0.232135
0.472247
0.011592
0.519627
0.070754
0.687976
0.23634
0.054193
0.154811
0.173683
0.140091
0.244836
0.000211
0.40976
0.014702
0.000725
0.00334
0.057929
0.00301
0.340223
0.05425
0.044464
0.008968
0.049897
0.410739
0.800336
0.180668
0.128488
0.005058
0.265652
0.000266
0.77575
0.754408
0.759718
0.255983
0.003323
0.01117
0.000334
0.001076
0.715307
0.000463
0.966836
0.005062
0.099454
0.625855
0.049748
0.682418
0.623995
0.165765
0.001693
0.005806
0.215907
0.012363
0.141371
0.369211
0.000451
0.762085
0.02862
0.140101
0.878274
0.000634
0.443051
0.025757
0.000166
0.018301
0.016292
0.390379
0.002556
0.002182
0.002664
0.008039
0.781551
0.003145
0.972756
0.893245
0.555823
0.012407
0.967223
0.356653
0.108642
0.00046
0.774946
0.001168
0.631784
0.849077
0.001016
0.146273
0.566962
0.921608
0.008159
0.001517
0.00362
0.461378
0.659318
0.001564
0.115539
0.737092
0.02874
0.165182
0.002998
0.979642
0.108888
0.005446
0.107358
0.111251
0.608227
0.355973
0.394749
0.021826
0.81865
0.013817
0.010667
0.127766
0.055488
0.084463
0.001403
0.00132
0.004161
0.12623
0.213871
0.794248
0.000432
0.075664
0.444345
0.012787
0.00188
0.00836
0.653209
0.784522
0.374784
0.007904
0.198202
0.155522
0.000425
0.990648
0.0013
0.03932
0.150534
0.02701
0.000309
0.095751
0.248376
0.000338
0.826021
0.002435
0.00398
0.108066
0.352905
0.014659
0.017766
0.015595
0.007607
0.711001
0.005505
0.236268
0.107453
0.045116
0.143149
0.019191
0.028826
0.475493
0.004582
0.00268
0.009378
0.859615
0.562005
0.000367
0.000256
0.010457
0.432152
0.009442
0.137262
0.278703
0.005132
0.86476
0.012828
0.117576
0.82
0.024093
0.010007
0.004476
0.007227
0.001669
0.992371
0.003203
0.000262
0.056531
0.808089
0.00601
0.01763
0.02354
0.005708
0.000668
0.010571
0.000913
0.0166
0.782134
0.130087
0.657425
0.305211
0.000184
0.00012
0.002412
0.236845
0.729622
0.263532
0.002255
0.296033
0.0054
0.069264
0.359906
0.259278
0.000572
0.003445
0.004051
0.132464
0.844682
0.025982
0.007122
0.001803
0.439656
0.007277
0.167105
0.002821
0.103922
0.007459
0.000908
0.07176
0.181899
0.28946
0.001134
0.706616
0.975022
0.008211
0.125378
0.013916
0.746831
0.013957
0.00042
0.02585
0.106492
0.025387
0.540938
0.144616
0.002844
0.015907
0.070926
0.921988
0.010444
0.000341
0.674192
0.000498
0.344869
0.009603
0.000354
0.005218
0.00037
0.138664
0.01888
0.035992
0.16071
0.795211
0.000497
0.021401
0.037215
0.174127
0.064992
0.092092
0.040108
0.409431
0.022611
0.013301
0.018656
0.994301
0.188826
0.047602
0.00027
0.270391
0.008715
0.007223
0.006866
0.85986
0.024367
0.199628
0.001826
0.000331
0.025067
0.785484
0.001568
0.009369
0.008049
0.005451
0.022946
0.001318
0.222352
0.222815
0.001591
0.053283
0.160613
0.006969
0.269354
0.009169
0.006319
0.000739
0.434836
0.029053
0.000252
0.000925
0.057419
0.015574
0.00296
0.099609
0.001623
0.00077
0.001519
0.516936
0.003833
0.001691
0.006973
0.152212
0.325677
0.000716
0.023652
0.013305
0.02033
0.008227
0.000317
0.019383
0.920263
0.03227
0.026499
0.00927
0.953798
0.009764
0.003788
0.918661
0.012496
0.002133
0.00918
0.083213
0.012856
0.000361
0.266961
0.157295
0.136184
0.250413
0.002295
0.351185
0.017856
0.001066
0.848247
0.33169
0.026319
0.075192
0.001994
0.083004
0.000429
0.018843
0.0186
0.952974
0.260969
0.153038
0.004403
0.013587
0.00066
0.004408
0.037033
0.2389
0.084547
0.000238
0.023018
0.220642
0.005731
0.059473
0.006504
0.001742
0.007992
0.053611
0.710354
0.001304
0.013511
0.000127
0.501233
0.014112
0.068628
0.007472
0.019938
0.041301
0.06944
0.253413
0.012945
0.03301
0.063017
0.086106
0.093262
0.095293
0.039826
0.007717
0.078871
0.084713
0.0039
0.086999
0.00165
0.955203
0.028335
0.662083
0.017326
0.166081
0.330314
0.000337
0.000676
0.032072
0.014192
0.032397
0.319537
0.102267
0.075019
0.696554
0.070583
0.296159
0.131491
0.001746
0.001428
0.006995
0.098502
0.01141
0.001592
0.151466
0.004874
0.000714
0.006647
0.014867
0.010095
0.068316
0.055735
0.019736
0.365482
0.278258
0.884943
0.042663
0.02145
0.94174
0.001118
0.118871
0.004765
0.924488
0.228542
0.064961
0.791718
0.010432
0.00065
0.000326
0.042789
0.185623
0.894326
0.008803
0.094872
0.077726
0.014533
0.987501
0.084735
0.012417
0.092675
0.000833
0.071093
0.043634
0.002007
0.751855
0.121261
0.335003
0.799893
0.003932
0.003801
0.874072
0.002829
0.984268
0.073398
0.017039
0.055766
0.261004
0.416984
0.043195
0.034796
0.000439
0.310916
0.117519
0.102719
0.011918
0.403886
0.297725
0.000328
0.866644
0.011718
0.898354
0.78869
0.037713
0.031554
0.051248
0.578917
0.002036
0.684729
0.005839
0.067672
0.004036
0.083512
0.000311
0.031228
0.099217
0.007028
0.880723
0.000819
0.214879
0.025985
0.979527
0.00948
0.384191
0.375075
0.006878
0.026459
0.017084
0.156524
0.261306
0.340898
0.501911
0.084298
0.003396
0.004156
0.865874
0.411063
0.00033
0.966423
0.020055
0.233895
0.082088
0.412624
0.843484
0.001637
0.007378
0.010878
0.732722
0.127091
0.079168
0.013926
0.010714
0.019804
0.000653
0.054457
0.002426
0.005566
0.073317
0.024636
0.08157
0.031133
0.042034
0.007453
0.000179
0.000903
0.515452
0.031208
0.038789
0.026469
0.6216
0.063476
0.22234
0.055022
0.159512
0.487666
0.001446
0.241385
0.000681
0.803392
0.241026
0.042747
0.10702
0.012087
0.000152
0.169496
0.13233
0.01744
0.000347
0.264755
0.154707
0.000622
0.006563
0.076014
0.003049
0.015133
0.203322
0.000904
0.022949
0.000802
0.105317
0.99471
0.014683
0.028812
0.058018
0.01055
0.049738
0.003018
0.578822
0.000132
0.416321
0.19668
0.741444
0.653863
0.000753
0.969625
0.008895
0.952823
0.640198
0.09674
0.234194
0.019015
0.060085
0.558578
0.000776
0.142608
0.009886
0.797824
0.000913
0.01719
0.127129
0.124315
0.007032
0.008101
0.00285
0.089907
0.00058
0.030077
0.009472
0.65722
0.155891
0.992761
0.001184
0.091808
0.938779
0.019336
0.002614
0.009046
0.056547
0.016585
0.083285
0.269696
0.165029
0.040822
0.036126
0.033992
0.213553
0.086278
0.979313
0.179478
0.027391
0.000401
0.926089
0.008896
0.204025
0.717535
0.001001
0.815107
0.00429
0.105606
0.000483
0.008649
0.059005
0.212958
0.009325
0.023605
0.000598
0.598646
0.044138
0.741118
0.00336
0.031072
0.375776
0.1987
0.116583
0.000913
0.104608
0.010047
0.172133
0.339121
0.001297
0.357667
0.000244
0.009797
0.037743
0.785134
0.010827
0.001851
0.135281
0.058666
0.62327
0.810268
0.023635
0.971231
0.010791
0.057334
0.081778
0.012283
0.166699
0.055753
0.015588
0.000191
0.040865
0.00416
0.011188
0.0026
0.703454
0.126328
0.002323
0.011038
0.312573
0.057731
0.790262
0.101253
0.009131
0.79975
0.102294
0.000466
0.009602
0.071029
0.013773
0.042994
0.000357
0.004509
0.682915
0.002483
0.004356
0.001316
0.104536
0.000406
0.082385
0.585338
0.236378
0.008655
0.113417
0.020586
0.010022
0.217223
0.397381
0.004437
0.000624
0.05968
0.061012
0.096073
0.083871
0.062944
0.000317
0.060178
0.009269
0.139706
0.001781
0.10575
0.007123
0.002735
0.001187
0.610964
0.002333
0.04175
0.17321
0.000719
0.056546
0.011085
0.000653
0.028647
0.000164
0.075816
0.412526
0.082288
0.452577
0.563077
0.148406
0.014811
0.221228
0.001526
0.430452
0.002844
0.005974
0.616186
0.641183
0.055037
0.991474
0.933189
0.110823
0.056112
0.020483
0.149704
0.049626
0.221892
0.005652
0.207325
0.004978
0.000403
0.657818
0.104369
0.351884
0.077405
0.029133
0.051788
0.216247
0.040603
0.003131
0.0192
0.000512
0.383329
0.03807
0.029964
0.001603
0.395638
0.179711
0.740196
0.989904
0.016516
0.250831
0.002644
0.073633
0.111005
0.801933
0.003585
0.012246
0.994635
0.659306
0.026779
0.000175
0.001154
0.000547
0.220732
0.000267
0.007149
0.871004
0.026088
0.271472
0.002185
0.792142
0.128799
0.081681
0.000562
0.000469
0.013093
0.180272
0.605627
0.047392
0.002044
0.684254
0.008946
0.002503
0.026545
0.000289
0.000767
0.180963
0.047695
0.425309
0.002203
0.018094
0.060178
0.030919
0.013128
0.373466
0.059751
0.012058
0.815386
0.001608
0.197647
0.991682
0.297463
0.004226
0.007175
0.002031
0.990438
0.215449
0.525867
0.002024
0.300924
0.567955
0.165021
0.008794
0.002968
0.000562
0.01418
0.004445
0.357342
0.023386
0.005821
0.423466
0.006176
0.981562
0.00815
0.031976
0.001523
0.102723
0.455238
0.130851
0.008358
0.000424
0.702408
0.003479
0.011256
0.003741
0.000992
0.00037
0.993665
0.125682
0.770692
0.04918
0.001037
0.089008
0.001717
0.051775
0.14635
0.979339
0.873293
0.012669
0.313956
0.001941
0.021902
0.570192
0.298488
0.006716
0.096976
0.526203
0.010356
0.014304
0.025306
0.01758
0.007554
0.83404
0.905326
0.086134
0.251608
0.004693
0.471783
0.003528
0.008158
0.023225
0.006822
0.342346
0.005706
0.007194
0.026204
0.038405
0.000372
0.002594
0.245448
0.011261
0.978677
0.044686
0.007586
0.017695
0.35051
0.007412
0.954479
0.001535
0.031262
0.004534
0.0153
0.011435
0.00035
0.903354
0.001333
0.457559
0.899336
0.054568
0.007725
0.791619
0.007935
0.078841
0.003981
0.195551
0.331731
0.003921
0.009153
0.089598
0.052439
0.000829
0.002619
0.248509
0.012074
0.005026
0.610802
0.002156
0.068866
0.046082
0.000442
0.238661
0.110846
0.001606
0.002887
0.867474
0.479274
0.822091
0.158273
0.002648
0.018082
0.026385
0.910137
0.014998
0.001438
0.256018
0.000742
0.179365
0.914454
0.518791
0.132906
0.134756
0.015532
0.001806
0.005999
0.98039
0.002551
0.060625
0.001908
0.030757
0.000489
0.004111
0.149272
0.347607
0.106102
0.002134
0.031149
0.000127
0.130095
0.000198
0.0006
0.003349
0.001911
0.016992
0.14407
0.149572
0.005141
0.001789
0.008229
0.30389
0.002389
0.626734
0.487202
0.002317
0.087931
0.10296
0.005689
0.042875
0.002747
0.666132
0.114872
0.015419
0.003911
0.693683
0.24545
0.249932
0.986423
0.145725
0.0589
0.005933
0.030744
0.001224
0.028197
0.049969
0.003654
0.011476
0.013495
0.013798
0.967275
0.933995
0.006657
0.006812
0.06002
0.001903
0.219531
0.000802
0.417309
0.005404
0.159046
0.00055
0.000446
0.018232
0.000158
0.128184
0.854972
0.503731
0.003373
0.228105
0.367927
0.929915
0.194449
0.001143
0.051783
0.046324
0.114877
0.00928
0.254884
0.008728
0.856133
0.054366
0.091154
0.057724
0.989441
0.000406
0.095668
0.259389
0.003396
0.041663
0.001211
0.027201
0.885252
0.003244
0.200854
0.003977
0.017088
0.003801
0.139849
0.011075
0.010383
0.007163
0.442056
0.000156
0.311139
0.034399
0.464743
0.00021
0.049572
0.000464
0.995031
0.010991
0.015256
0.578478
0.022918
0.01044
0.022731
0.046673
0.0018
0.010335
0.017563
0.030908
0.001451
0.011481
0.11557
0.073861
0.003878
0.308278
0.004513
0.76731
0.021605
0.093229
0.332487
0.004656
0.242389
0.232634
0.066601
0.088821
0.016917
0.107786
0.01058
0.010497
0.045346
0.015203
0.060478
0.001598
0.235448
0.211166
0.000933
0.275881
0.023431
0.0106
0.006807
0.295488
0.595875
0.004995
0.191234
0.074234
0.016529
0.122425
0.009466
0.002879
0.88934
0.010989
0.000581
0.000244
0.114508
0.012111
0.094218
0.003858
0.002996
0.210795
0.097434
0.255374
0.106362
0.001386
0.930204
0.002074
0.004288
0.010174
0.156859
0.001208
0.004311
0.720511
0.029276
0.294062
0.323899
0.14838
0.045493
0.495928
0.243053
0.076733
0.08684
0.011541
0.85662
0.05938
0.987718
0.068617
0.901258
0.002456
0.771319
0.002828
0.144693
0.015368
0.140581
0.027801
0.140674
0.939747
0.019519
0.061109
0.000282
0.07982
0.003589
0.367994
0.072787
0.163406
0.146099
0.166213
0.504888
0.268086
0.066093
0.991715
0.060417
0.002249
0.039793
0.002134
0.987735
0.000544
0.0166
0.961897
0.033523
0.137663
0.022954
0.380167
0.112919
0.000132
0.022184
0.000814
0.016502
0.045748
0.894372
0.016763
0.016102
0.339322
0.039188
0.055891
0.06161
0.168159
0.268265
0.006102
0.003543
0.352826
0.124774
0.240417
0.201936
0.207041
0.407079
0.161553
0.019262
0.009182
0.012574
0.001391
0.006983
0.592214
0.13723
0.012336
0.067777
0.040132
0.000862
0.126732
0.029822
0.59943
0.047732
0.00557
0.002484
0.462217
0.001971
0.460299
0.001249
0.993223
0.06792
0.00863
0.011904
0.026251
0.333564
0.682184
0.074095
0.163752
0.029813
0.830363
0.001381
0.050917
0.652313
0.000252
0.029997
0.011845
0.001656
0.003559
0.199032
0.072684
0.095473
0.00359
0.379466
0.487499
0.017227
0.268169
0.01017
0.384243
0.227807
0.042258
0.066332
0.055844
0.052052
0.001717
0.558853
0.000194
0.00934
0.33551
0.001071
0.967529
0.001118
0.031918
0.031549
0.115
0.008902
0.000639
0.00837
0.013172
0.31302
0.035179
0.009248
0.002405
0.009454
0.057182
0.157559
0.077284
0.00435
0.001744
0.680946
0.105908
0.002021
0.550371
0.073399
0.154782
0.040084
0.595118
0.847784
0.996811
0.000237
0.123886
0.425224
0.019959
0.058721
0.002061
0.019172
0.013448
0.002787
0.063537
0.004511
0.002321
0.76515
0.391216
0.000305
0.064134
0.20039
0.145689
0.787175
0.049848
0.133801
0.183747
0.129039
0.013906
0.530467
0.019376
0.45743
0.005544
0.00308
0.110705
0.967612
0.243856
0.054835
0.001492
0.037358
0.036885
0.008745
0.637622
0.0067
0.037677
0.17654
0.308611
0.446977
0.785993
0.003915
0.157239
0.278954
0.02984
0.838648
0.088174
0.225217
0.317882
0.017831
0.001003
0.068298
0.210031
0.034332
0.002428
0.03236
0.114078
0.208812
0.681501
0.420894
0.472764
0.0087
0.001697
0.129329
0.027108
0.650013
0.074352
0.006724
0.003678
0.049204
0.241336
0.072167
0.016056
0.005847
0.063925
0.020032
0.230282
0.989594
0.382333
0.0026
0.796787
0.990418
0.277392
0.002216
0.000168
0.018731
0.034424
0.853869
0.143245
0.001289
0.501794
0.94849
0.136062
0.004033
0.008184
0.012336
0.010085
0.013985
0.108332
0.02842
0.002031
0.944107
0.113857
0.102928
0.625234
0.009732
0.01809
0.030077
0.000178
0.00015
0.003523
0.000205
0.058251
0.032649
0.000562
0.088027
0.945316
0.179677
0.234785
0.698661
0.70567
0.012034
0.059792
0.028123
0.001175
0.132295
0.033552
0.000445
0.986363
0.095044
0.000533
0.015507
0.521173
0.040954
0.012094
0.243939
0.168271
0.216889
0.001196
0.082442
0.035618
0.197425
0.009355
0.015259
0.016844
0.000336
0.103699
0.028194
0.037656
0.571872
0.009323
0.009525
0.386002
0.037082
0.052279
0.210091
0.632829
0.01282
0.001204
0.008894
0.019969
0.156776
0.455329
0.002176
0.006212
0.060128
0.0003
0.007213
0.000684
0.083801
0.239378
0.017366
0.002499
0.226918
0.005237
0.342488
0.014693
0.000329
0.042603
0.271514
0.007945
0.429888
0.011581
0.045442
0.02267
0.950045
0.983486
0.069683
0.000488
0.001486
0.004456
0.032018
0.47222
0.002144
0.01397
0.021942
0.024249
0.000609
0.012967
0.035636
0.701048
0.893514
0.01046
0.087174
0.00027
0.613026
0.001772
0.004864
0.001579
0.029409
0.011355
0.181854
0.000972
0.080539
0.025871
0.733557
0.012833
0.01005
0.005372
0.009618
0.165605
0.02116
0.164163
0.72957
0.013275
0.001049
0.011468
0.484544
0.752913
0.014635
0.309345
0.005946
0.000979
0.04443
0.003591
0.074153
0.003314
0.007919
0.001989
0.087303
0.019509
0.003296
0.00038
0.100597
0.000342
0.803136
0.155651
0.0064
0.328269
0.003139
0.008347
0.030998
0.686276
0.009527
0.12388
0.000871
0.560327
0.744371
0.000485
0.113612
0.172801
0.027916
0.915686
0.155148
0.002935
0.006369
0.003056
0.747437
0.117777
0.565463
0.53134
0.006091
0.047015
0.003614
0.000727
0.17279
0.001124
0.122624
0.953884
0.065757
0.197295
0.125084
0.000714
0.494741
0.006879
0.087072
0.277707
0.852244
0.082379
0.003439
0.118608
0.067681
0.144922
0.046376
0.0039
0.459336
0.536073
0.017558
0.000455
0.003511
0.000257
0.000364
0.142086
0.456055
0.242646
0.031474
0.98454
0.968435
0.003482
0.00706
0.218418
0.017787
0.00374
0.046206
0.991968
0.035749
0.008146
0.615909
0.916233
0.003097
0.002124
0.000693
0.005188
0.026833
0.865302
0.913696
0.050035
0.282734
0.017059
0.01609
0.755497
0.055175
0.134507
0.524693
0.027459
0.000485
0.627993
0.027904
0.016476
0.797272
0.047435
0.009468
0.185049
0.076879
0.000764
0.214001
0.004486
0.015485
0.178899
0.047596
0.001015
0.062796
0.000692
0.094957
0.023495
0.004835
0.00034
0.231601
0.000706
0.017214
0.194261
0.00189
0.291084
0.044596
0.001237
0.003142
0.161939
0.033998
0.035007
0.008562
0.03457
0.002615
0.006122
0.013424
0.046447
0.404573
0.091533
0.087285
0.451197
0.002096
0.242029
0.086799
0.005848
0.203829
0.010067
0.052041
0.910057
0.004412
0.080265
0.124207
0.498887
0.06323
0.036748
0.918141
0.038214
0.471629
0.975556
0.00096
0.015852
0.167046
0.144227
0.025219
0.026284
0.14447
0.217403
0.057057
0.00306
0.987923
0.992022
0.237737
0.001779
0.043138
0.22284
0.041483
0.975598
0.000646
0.002774
0.093283
0.723347
0.253796
0.032689
0.020134
0.015606
0.957856
0.021222
0.00734
0.05332
0.064089
0.00533
0.000587
0.583783
0.002274
0.000764
0.878436
0.017396
0.014585
0.020856
0.168132
0.246647
0.000861
0.002999
0.180915
0.001166
0.041992
0.014849
0.054904
0.009099
0.023375
0.457715
0.067939
0.921406
0.00225
0.096238
0.133879
0.000937
0.206853
0.37165
0.031982
0.011639
0.02138
0.001485
0.00811
0.020035
0.040683
0.309967
0.003448
0.104109
0.007344
0.026568
0.954423
0.11834
0.062003
0.036943
0.308482
0.021401
0.302093
0.650498
0.050604
0.02527
0.188633
0.008589
0.231608
0.000717
0.267899
0.906934
0.759943
0.170631
0.019532
0.122043
0.005505
0.479041
0.196892
0.006155
0.362955
0.007665
0.323895
0.273806
0.99788
0.004069
0.001356
0.999631
0.992523
0.000697
0.088259
0.00037
0.353093
0.086513
0.006507
0.009603
0.003356
0.003607
0.020934
0.1983
0.033841
0.035326
0.7376
0.00351
0.058822
0.18073
0.058036
0.057155
0.205161
0.683264
0.922118
0.583827
0.004412
0.465977
0.002782
0.052607
0.455363
0.10756
0.002546
0.63322
0.002385
0.024548
0.156673
0.202839
0.196154
0.564344
0.001362
0.088446
0.000203
0.294666
0.8891
0.013772
0.004168
0.10447
0.179328
0.031227
0.684053
0.610666
0.95723
0.680566
0.018161
0.02806
0.873878
0.611071
0.005175
0.489322
0.302586
0.345062
0.036352
0.00409
0.009308
0.014777
0.96891
0.003526
0.018557
0.004099
0.020991
0.08891
0.006483
0.04791
0.108305
0.07758
0.033913
0.568291
0.54465
0.009766
0.012121
0.574461
0.001372
0.007931
0.357623
0.000608
0.000594
0.235419
0.243267
0.007068
0.05819
0.099035
0.588581
0.221643
0.050477
0.019082
0.003421
0.001235
0.002026
0.570702
0.000643
0.000308
0.00441
0.149295
0.011406
0.001987
0.34262
0.007771
0.012922
0.014399
0.00058
0.009998
0.005419
0.00694
0.011719
0.807612
0.176471
0.151641
0.996835
0.692816
0.004235
0.86686
0.113468
0.018365
0.001177
0.120534
0.104207
0.000502
0.101735
0.008052
0.012329
0.010027
0.834352
0.006846
0.124891
0.010724
0.271746
0.004392
0.99611
0.002703
0.003675
0.022971
0.809396
0.000347
0.024462
0.253445
0.002999
0.000805
0.00095
0.046096
0.329202
0.055852
0.679903
0.116254
0.003247
0.005392
0.12462
0.007386
0.777488
0.003351
0.000882
0.027237
0.668809
0.032251
0.052941
0.126252
0.002516
0.864682
0.026824
0.004351
0.021804
0.001568
0.007148
0.959602
0.078734
0.000281
0.77594
0.003198
0.009251
0.096722
0.831482
0.145266
0.001107
0.081893
0.000225
0.207289
0.053823
0.526921
0.37513
0.034197
0.811136
0.715151
0.005342
0.528761
0.014837
0.830811
0.003273
0.000416
0.003326
0.931582
0.010278
0.000748
0.045716
0.810351
0.721613
0.19756
0.1994
0.913463
0.136222
0.014396
0.170125
0.002466
0.000531
0.451034
0.462007
0.000138
0.001201
0.006028
0.046222
0.070832
0.091736
0.12669
0.39635
0.105854
0.357923
0.003907
0.250546
0.007535
0.227334
0.618595
0.18605
0.032782
0.184272
0.119953
0.029964
0.162436
0.00418
0.000382
0.747226
0.169032
0.018516
0.105342
0.001183
0.15631
0.98323
0.0254
0.006254
0.008102
0.872315
0.002111
0.008754
0.660688
0.345973
0.0007
0.000854
0.009329
0.108883
0.248819
0.013608
0.037262
0.012144
0.044749
0.038752
0.445014
0.002196
0.277336
0.1317
0.044489
0.064342
0.005991
0.189935
0.01258
0.127753
0.442329
0.024407
0.000283
0.540615
0.003304
0.563613
0.888118
0.003814
0.003842
0.238412
0.634252
0.004004
0.000252
0.626194
0.004941
0.08238
0.005653
0.011933
0.027952
0.026525
0.002333
0.003902
0.998878
0.016151
0.005955
0.565601
0.989746
0.832182
0.207618
0.044798
0.00041
0.030042
0.951391
0.001757
0.621889
0.046237
0.255187
0.001813
0.223357
0.223432
0.245435
0.299158
0.010788
0.193059
0.00539
0.02172
0.007975
0.007592
0.858353
0.005908
0.017491
0.076447
0.359294
0.70527
0.077539
0.00035
0.02771
0.031514
0.000304
0.008752
0.003531
0.00042
0.045417
0.002837
0.054414
0.529455
0.082039
0.177539
0.047424
0.336678
0.011284
0.0071
0.413827
0.237556
0.017754
0.03627
0.384028
0.000864
0.016076
0.003747
0.001726
0.94589
0.009176
0.000615
0.019512
0.959117
0.057088
0.020929
0.012528
0.302146
0.761098
0.918284
0.381586
0.002557
0.013554
0.790737
0.000369
0.015972
0.892725
0.001277
0.006306
0.00017
0.006014
0.020987
0.001659
0.124502
0.191977
0.011117
0.245468
0.969266
0.006519
0.378536
0.31062
0.00063
0.077444
0.004237
0.044296
0.027438
0.082652
0.679566
0.108887
0.054054
0.974042
0.876926
0.104629
0.001585
0.005235
0.945952
0.396218
0.001477
0.61843
0.005913
0.025591
0.952348
0.272433
0.149353
0.057509
0.212936
0.087653
0.305789
0.000742
0.01211
0.004104
0.002056
0.026628
0.05663
0.001085
0.208792
0.004217
0.755179
0.002415
0.10899
0.03554
0.095222
0.241666
0.05212
0.968285
0.076582
0.379269
0.00419
0.094732
0.128404
0.006149
0.085146
0.050352
0.133389
0.019199
0.067163
0.108496
0.760348
0.022851
0.002556
0.041757
0.982403
0.109538
0.062456
0.37477
0.024223
0.114946
0.082638
0.00362
0.036424
0.28008
0.497882
0.030603
0.007722
0.0004
0.00854
0.177189
0.973127
0.000407
0.591318
0.00039
0.306071
0.010882
0.986491
0.305557
0.083816
0.066623
0.050432
0.038904
0.080474
0.224096
0.18632
0.084735
0.002847
0.271136
0.65437
0.000629
0.023378
0.039552
0.000367
0.018673
0.60835
0.04698
0.003108
0.721102
0.03483
0.019856
0.015368
0.270286
0.005332
0.404467
0.872606
0.083927
0.021047
0.316142
0.006319
0.00672
0.515099
0.95151
0.004134
0.436448
0.007031
0.019477
0.232056
0.035913
0.106862
0.807313
0.028208
0.013514
0.005128
0.059993
0.002491
0.038205
0.005639
0.028994
0.047445
0.023548
0.006001
0.053843
0.405187
0.051169
0.060583
0.101376
0.663364
0.082475
0.007268
0.000608
0.090848
0.056767
0.000464
0.842634
0.361691
0.033427
0.192129
0.000789
0.02123
0.050757
0.12707
0.194067
0.003334
0.001743
0.012142
0.008432
0.016045
0.014399
0.000704
0.002622
0.000692
0.002572
0.266978
0.002809
0.278341
0.01652
0.036187
0.001059
0.000514
0.080374
0.032602
0.000463
0.136739
0.081563
0.056062
0.123349
0.007916
0.002092
0.9747
0.976589
0.282806
0.589138
0.005132
0.002137
0.000169
0.308037
0.086573
0.011876
0.039671
0.000265
0.000449
0.004556
0.010594
0.983928
0.000315
0.840635
0.001486
0.00419
0.313365
0.081343
0.015972
0.978393
0.000576
0.000442
0.001057
0.002833
0.836881
0.068304
0.006702
0.678895
0.624107
0.114171
0.013165
0.235856
0.0022
0.003077
0.000955
0.005796
0.040521
0.011094
0.020923
0.194824
0.001758
0.086979
0.005094
0.942128
0.585793
0.000202
0.003658
0.005052
0.001121
0.003748
0.861978
0.003619
0.092481
0.036381
0.095209
0.11701
0.083318
0.808661
0.009567
0.001458
0.20674
0.001809
0.000868
0.018854
0.378586
0.003631
0.001049
0.259541
0.003541
0.594034
0.028752
0.003732
0.045756
0.088483
0.010663
0.008122
0.003888
0.019417
0.051012
0.046853
0.965969
0.085537
0.000441
0.012788
0.003711
0.001213
0.002162
0.017201
0.955939
0.330402
0.118988
0.021895
0.52372
0.050795
0.015818
0.00321
0.125017
0.002073
0.3185
0.072129
0.021225
0.552928
0.000214
0.010489
0.000149
0.000475
0.001573
0.21165
0.984427
0.987379
0.061865
0.096242
0.007358
0.588778
0.00719
0.264934
0.063588
0.014768
0.056549
0.022226
0.781266
0.710973
0.000405
0.247901
0.494018
0.388709
0.033463
0.01461
0.974777
0.135716
0.19301
0.136765
0.010621
0.021132
0.039113
0.000681
0.054023
0.11472
0.00676
0.002893
0.038777
0.011614
0.021555
0.206197
0.887411
0.160105
0.001691
0.063815
0.337317
0.282009
0.09573
0.00635
0.806097
0.072365
0.000587
0.28326
0.000834
0.628453
0.008575
0.97261
0.005001
0.000244
0.016392
0.00467
0.017201
0.113299
0.425776
0.002286
0.002978
0.068801
0.03971
0.1414
0.133092
0.007658
0.206261
0.178184
0.435295
0.20171
0.025397
0.036482
0.024142
0.29807
0.066079
0.000847
0.948584
0.013338
0.00515
0.000601
0.015526
0.007777
0.096988
0.003231
0.003316
0.009681
0.001665
0.017693
0.001014
0.837332
0.660031
0.286175
0.003169
0.058635
0.276708
0.436651
0.009952
0.936026
0.281161
0.000762
0.078624
0.0141
0.00176
0.061286
0.983223
0.220002
0.00406
0.003143
0.953269
0.010029
0.002122
0.090448
0.879444
0.665586
0.971097
0.197624
0.024339
0.417299
0.006654
0.265762
0.001585
0.130852
0.050747
0.869246
0.217877
0.02092
0.158035
0.005987
0.001907
0.045483
0.107924
0.655268
0.15106
0.00929
0.0006
0.006137
0.00084
0.190461
0.006651
0.148253
0.100302
0.067884
0.000637
0.165603
0.845473
0.11844
0.018394
0.312479
0.017176
0.000555
0.00113
0.001896
0.281329
0.960101
0.990267
0.56233
0.001902
0.000363
0.0011
0.063058
0.000908
0.14183
0.159023
0.018868
0.086173
0.02343
0.030713
0.044434
0.095961
0.007032
0.953559
0.090863
0.130252
0.039332
0.042967
0.004767
0.199017
0.000835
0.003521
0.066463
0.022441
0.016621
0.004011
0.015629
0.043997
0.004492
0.011309
0.000952
0.050395
0.055265
0.000189
0.002329
0.003729
0.672589
0.768773
0.002034
0.002597
0.773787
0.014277
0.488286
0.000426
0.514262
0.968375
0.100434
0.094081
0.202937
0.003619
0.671377
0.207716
0.054721
0.026723
0.004489
0.073791
0.000969
0.885051
0.01163
0.145373
0.017356
0.005554
0.051113
0.017123
0.464365
0.001122
0.000664
0.741196
0.005
0.169596
0.306856
0.00513
0.001212
0.000168
0.680298
0.014842
0.092805
0.862403
0.042421
0.044748
0.015773
0.002422
0.002554
0.085017
0.283109
0.095608
0.022603
0.015376
0.015449
0.005826
0.162475
0.314323
0.133545
0.003672
0.004412
0.00027
0.000734
0.023033
0.041198
0.012473
0.028979
0.068872
0.045419
0.08211
0.186738
0.602667
0.030286
0.059672
0.03874
0.001308
0.018479
0.041984
0.010404
0.000744
0.949606
0.02634
0.147248
0.367517
0.007149
0.000925
0.006519
0.06432
0.306086
0.309191
0.038415
0.680909
0.098298
0.000842
0.362266
0.002208
0.16574
0.00323
0.417685
0.236264
0.000344
0.016755
0.834714
0.014351
0.008509
0.036503
0.650018
0.000183
0.083885
0.212392
0.017856
0.176246
0.001627
0.838316
0.004944
0.046734
0.009178
0.013226
0.023656
0.072322
0.660744
0.284353
0.659145
0.000363
0.098351
0.015568
0.007296
0.016694
0.000125
0.119087
0.016524
0.082922
0.13859
0.105676
0.973875
0.001788
0.006581
0.616615
0.75186
0.87377
0.000397
0.076886
0.996269
0.149047
0.696785
0.188935
0.818306
0.529119
0.98063
0.780614
0.016373
0.619358
0.053722
0.049259
0.024135
0.002511
0.287202
0.000911
0.318096
0.010774
0.774325
0.01095
0.071472
0.809449
0.003645
0.021614
0.002278
0.352842
0.196446
0.032257
0.976851
0.000232
0.351781
0.014983
0.019135
0.441469
0.101494
0.02366
0.403678
0.01612
0.994754
0.174191
0.828436
0.018896
0.015343
0.349736
0.164167
0.425131
0.000267
0.973844
0.000965
0.094552
0.001292
0.006042
0.014798
0.000204
0.000679
0.088984
0.896145
0.012375
0.027231
0.985711
0.078608
0.011697
0.148301
0.190501
0.000296
0.074698
0.848798
0.114323
0.029345
0.82125
0.039378
0.055101
0.051452
0.025975
0.250204
0.002179
0.881268
0.199749
0.00226
0.023723
0.918895
0.099656
0.043199
0.453608
0.000353
0.008292
0.006269
0.88285
0.001066
0.21051
0.006554
0.016096
0.022866
0.001647
0.204711
0.011617
0.001937
0.004664
0.059541
0.010862
0.011305
0.543788
0.044808
0.000602
0.005667
0.01162
0.012084
0.816105
0.229414
0.013
0.031027
0.031799
0.036487
0.017043
0.000564
0.343656
0.005442
0.037722
0.290669
0.868552
0.001967
0.596707
0.063652
0.019753
0.017068
0.000391
0.002432
0.001702
0.000543
0.006175
0.988839
0.149023
0.016933
0.126475
0.004187
0.000556
0.070022
0.019024
0.93052
0.058963
0.020746
0.118381
0.000988
0.007597
0.007813
0.026102
0.6003
0.003691
0.056935
0.005872
0.02069
0.000693
0.006594
0.003515
0.071111
0.007138
0.025891
0.558928
0.310983
0.018356
0.000905
0.026318
0.001143
0.877465
0.015849
0.998508
0.000586
0.000107
0.830983
0.012775
0.11209
0.927664
0.156326
0.001731
0.00016
0.383173
0.238781
0.004587
0.790078
0.207709
0.001069
0.955726
0.014837
0.283667
0.087584
0.001657
0.048159
0.000196
0.381174
0.968713
0.982068
0.16871
0.0058
0.001093
0.004455
0.00406
0.004603
0.430306
0.001188
0.00045
0.078342
0.079897
0.00222
0.034436
0.000632
0.130929
0.017602
0.10243
0.766318
0.441731
0.344864
0.0523
0.009842
0.040092
0.024191
0.014995
0.001318
0.016403
0.003475
0.042022
0.012051
0.002762
0.080247
0.000824
0.006255
0.035697
0.009045
0.014054
0.10979
0.975304
0.016262
0.913118
0.978296
0.002758
0.734916
0.053088
0.42308
0.020318
0.000175
0.000137
0.005972
0.051712
0.16017
0.131161
0.48722
0.000341
0.173525
0.01415
0.577861
0.089299
0.08452
0.017474
0.000178
0.752635
0.917101
0.01698
0.000247
0.022006
0.014298
0.026411
0.997628
0.000718
0.046605
0.115754
0.002976
0.01894
0.020277
0.405835
0.002925
0.091582
0.026401
0.197578
0.001287
0.877076
0.627839
0.006233
0.000461
0.006639
0.59951
0.874612
0.210536
0.067436
0.038922
0.903795
0.186219
0.000419
0.011851
0.999018
0.337589
0.139042
0.052838
0.115925
0.008369
0.003604
0.037672
0.059755
0.028198
0.00789
0.000753
0.046037
0.002271
0.469482
0.015756
0.014798
0.000719
0.004265
0.403599
0.027072
0.005272
0.000162
0.062678
0.04656
0.861267
0.128195
0.004652
0.329496
0.000467
0.000935
0.004326
0.002153
0.047102
0.093435
0.169734
0.231619
0.975871
0.014424
0.072447
0.08076
0.010776
0.009087
0.016811
0.040644
0.030781
0.840398
0.95209
0.121049
0.001359
0.000441
0.051458
0.018026
0.003873
0.002988
0.002634
0.119749
0.126496
0.141309
0.046889
0.000655
0.058536
0.205879
0.145327
0.406167
0.777322
0.542343
0.017492
0.000545
0.174984
0.001611
0.094511
0.177222
0.001787
0.091407
0.001159
0.38105
0.016224
0.062671
0.016715
0.96945
0.000824
0.291565
0.097365
0.000906
0.466823
0.003414
0.000127
0.048851
0.426411
0.003276
0.00043
0.961289
0.029358
0.014484
0.574568
0.142847
0.002339
0.021581
0.00237
0.003569
0.004523
0.433058
0.000259
0.000742
0.002822
0.31672
0.452449
0.004628
0.02675
0.000276
0.003501
0.033832
0.010836
0.087647
0.008983
0.809971
0.012963
0.088249
0.005718
0.358074
0.000302
0.013124
0.000627
0.000779
0.961594
0.226817
0.075429
0.969128
0.049261
0.004042
0.010165
0.043588
0.185673
0.222664
0.001061
0.040507
0.002059
0.437128
0.818234
0.133393
0.067948
0.298795
0.146653
0.067323
0.51352
0.054826
0.013843
0.010676
0.020048
0.001145
0.030683
0.015832
0.001614
0.051492
0.000256
0.938712
0.940795
0.013953
0.036424
0.95266
0.061515
0.46116
0.043354
0.587188
0.583503
0.044875
0.016389
0.076819
0.162865
0.004251
0.444816
0.160768
0.674104
0.08408
0.004268
0.007348
0.127899
0.509103
0.011706
0.000939
0.001644
0.679901
0.717041
0.817938
0.228065
0.072271
0.092398
0.009945
0.008361
0.007032
0.184351
0.000839
0.866505
0.005637
0.400737
0.06096
0.257229
0.167759
0.008296
0.552788
0.001754
0.077555
0.068637
0.000194
0.004612
0.733069
0.01791
0.003629
0.280396
0.989508
0.792733
0.219301
0.004028
0.061932
0.906626
0.363225
0.019838
0.005571
0.007676
0.036569
0.010566
0.034059
0.026357
0.010854
0.010316
0.001611
0.029802
0.877229
0.001882
0.036706
0.069878
0.045006
0.160623
0.000371
0.706834
0.738933
0.008597
0.001086
0.210727
0.957364
0.393943
0.3403
0.007749
0.139877
0.02936
0.00227
0.008406
0.017717
0.080302
0.045637
0.007449
0.00684
0.000622
0.067203
0.17569
0.003121
0.264976
0.032473
0.002027
0.35705
0.89279
0.024545
0.022206
0.106568
0.306724
0.989267
0.038791
0.096016
0.014783
0.867872
0.294106
0.278579
0.010022
0.001498
0.027075
0.014851
0.00093
0.958988
0.01666
0.001061
0.141583
0.000288
0.561039
0.005333
0.00849
0.518884
0.030578
0.770521
0.037726
0.000431
0.177334
0.010893
0.003296
0.007938
0.013622
0.00075
0.196581
0.904255
0.018723
0.20951
0.003759
0.013689
0.02217
0.015131
0.025398
0.147887
0.167223
0.007322
0.002439
0.001777
0.09034
0.010764
0.603335
0.669357
0.151957
0.607123
0.063812
0.000216
0.673189
0.083097
0.000518
0.010996
0.016049
0.005077
0.402321
0.013151
0.655262
0.011531
0.014409
0.010309
0.578706
0.99676
0.000259
0.049671
0.185631
0.034406
0.002656
0.002843
0.890286
0.217939
0.00021
0.003097
0.019964
0.002364
0.006853
0.898947
0.000281
0.631076
0.004672
0.016122
0.013972
0.00044
0.470427
0.353511
0.354596
0.94547
0.047637
0.311031
0.995395
0.314061
0.913784
0.000603
0.008643
0.979948
0.978525
0.007043
0.038005
0.648769
0.82364
0.13116
0.943807
0.763695
0.043704
0.000168
0.009451
0.011402
0.008006
0.004526
0.681102
0.001703
0.100541
0.015719
0.236057
0.661321
0.000274
0.006701
0.100579
0.493883
0.07569
0.025157
0.936484
0.003989
0.001851
0.028111
0.323025
0.002185
0.006779
0.027272
0.803648
0.214607
0.002668
0.351881
0.014233
0.665067
0.001492
0.00053
0.016856
0.267979
0.005938
0.953469
0.995548
0.028136
0.063212
0.008043
0.031314
0.118792
0.004505
0.623712
0.982666
0.056647
0.341543
0.075803
0.052352
0.140242
0.013361
0.179957
0.012936
0.009215
0.003679
0.03399
0.943617
0.008746
0.92245
0.046399
0.041022
0.149397
0.016372
0.462463
0.076602
0.000307
0.721756
0.095642
0.00051
0.063019
0.586507
0.001646
0.017226
0.068142
0.00109
0.035117
0.040037
0.031001
0.00042
0.193401
0.017855
0.000541
0.428887
0.221294
0.227088
0.002952
0.000595
0.023503
0.221019
0.002424
0.001326
0.000686
0.002461
0.147283
0.026577
0.005244
0.006581
0.087135
0.014212
0.013706
0.145511
0.010387
0.913062
0.002713
0.041778
0.109769
0.009308
0.882039
0.005471
0.096913
0.187347
0.854406
0.449079
0.004668
0.377543
0.259906
0.46729
0.06004
0.00157
0.012597
0.003112
0.010629
0.063459
0.798719
0.028257
0.70076
0.002413
0.325663
0.017276
0.006749
0.005947
0.027494
0.982344
0.041348
0.001651
0.818653
0.026239
0.078252
0.515815
0.45903
0.000392
0.478042
0.000413
0.118897
0.024893
0.000309
0.001053
0.001496
0.470645
0.000992
0.011361
0.954416
0.982766
0.159534
0.000671
0.554065
0.009596
0.022999
0.004852
0.754818
0.989095
0.105242
0.045496
0.001046
0.107111
0.036063
0.001324
0.005567
0.005898
0.01606
0.000129
0.087167
0.055589
0.113062
0.249713
0.001116
0.058472
0.084406
0.278208
0.010946
0.026906
0.038576
0.015146
0.000654
0.045155
0.42109
0.002714
0.279899
0.787835
0.085053
0.00022
0.312966
0.000857
0.002096
0.75868
0.022918
0.209892
0.009975
0.187999
0.002827
0.00922
0.046729
0.03524
0.426992
0.221203
0.000797
0.202035
0.225161
0.016007
0.335356
0.209224
0.020827
0.002214
0.358928
0.002889
0.140769
0.002785
0.005436
0.003651
0.808195
0.002994
0.10705
0.044961
0.008502
0.003784
0.971081
0.001211
0.742851
0.036468
0.023883
0.996225
0.958699
0.052135
0.001042
0.323816
0.04359
0.022108
0.16909
0.019673
0.985342
0.093182
0.002423
0.057944
0.967032
0.054128
0.028826
0.000726
0.26821
0.029247
0.09794
0.034317
0.077426
0.012303
0.420958
0.000778
0.000568
0.504196
0.971222
0.069591
0.084466
0.001214
0.945329
0.72131
0.013951
0.005808
0.05344
0.144671
0.245037
0.126581
0.015858
0.00989
0.000282
0.000468
0.388602
0.004235
0.004099
0.029277
0.12421
0.027861
0.036478
0.003316
0.14593
0.085264
0.801372
0.816459
0.011225
0.007054
0.529912
0.001333
0.302396
0.001286
0.064386
0.339047
0.373464
0.000232
0.04242
0.006846
0.00076
0.000262
0.496023
0.14755
0.01306
0.000189
0.003777
0.362532
0.070177
0.015778
0.004171
0.053712
0.032178
0.430926
0.107101
0.000921
0.000522
0.024297
0.000397
0.002564
0.012819
0.00638
0.051112
0.547423
0.012554
0.214736
0.393734
0.004004
0.640643
0.85514
0.28704
0.015784
0.566431
0.005538
0.000875
0.042248
0.86879
0.002394
0.001675
0.000532
0.073518
0.047858
0.74787
0.102124
0.011377
0.283712
0.028636
0.279037
0.000191
0.000807
0.011679
0.075165
0.029215
0.208599
0.021178
0.001501
0.008172
0.018709
0.39728
0.004079
0.003382
0.007245
0.016115
0.002254
0.050596
0.026648
0.000837
0.364242
0.131596
0.047143
0.005214
0.234708
0.019534
0.016021
0.025722
0.007743
0.003117
0.006157
0.090772
0.002278
0.198668
0.033509
0.65025
0.000438
0.912537
0.008146
0.000318
0.022294
0.003184
0.006354
0.047656
0.974085
0.017987
0.000436
0.394278
0.002434
0.617013
0.025701
0.003154
0.079152
0.128103
0.008471
0.155032
0.065392
0.003676
0.047137
0.285934
0.011114
0.002196
0.090697
0.064219
0.038794
0.013668
0.920819
0.005083
0.001171
0.860224
0.01031
0.012305
0.046464
0.139853
0.75496
0.000742
0.68255
0.231573
0.031682
0.002433
0.011501
0.188243
0.015076
0.003515
0.120554
0.966038
0.011707
0.038145
0.066549
0.065369
0.106554
0.002677
0.001938
0.014704
0.006116
0.005174
0.102031
0.000994
0.001799
0.436767
0.125226
0.035393
0.038491
0.0246
0.013796
0.428445
0.033906
0.002199
0.005897
0.001997
0.125339
0.063647
0.013912
0.423974
0.00093
0.009211
0.109282
0.002078
0.00175
0.021425
0.036479
0.988059
0.97709
0.012771
0.571725
0.00591
0.028981
0.763389
0.885636
0.000421
0.0021
0.057719
0.029321
0.341266
0.001595
0.076743
0.003773
0.054105
0.061648
0.001602
0.005224
0.165543
0.580214
0.025117
0.008522
0.063089
0.742886
0.007193
0.058813
0.008644
0.025607
0.189465
0.00215
0.889126
0.691626
0.054272
0.605715
0.470453
0.00588
0.02275
0.310239
0.000558
0.020806
0.002357
0.68928
0.010561
0.516224
0.067678
0.00574
0.02619
0.001572
0.767865
0.037187
0.105109
0.043659
0.997479
0.260925
0.014908
0.026352
0.025235
0.482802
0.011025
0.065418
0.255945
0.498634
0.016089
0.07154
0.002107
0.032594
0.750095
0.509484
0.997992
0.112583
0.295919
0.016137
0.015737
0.021715
0.002231
0.000905
0.005935
0.029264
0.006356
0.877619
0.156114
0.042028
0.121012
0.004949
0.225998
0.267092
0.011939
0.087421
0.003495
0.39916
0.00112
0.023772
0.028743
0.851981
0.006218
0.00031
0.02701
0.714229
0.000198
0.950256
0.000141
0.247554
0.000274
0.008552
0.296712
0.001653
0.000764
0.081072
0.003804
0.002228
0.023283
0.003736
0.061553
0.681437
0.287575
0.001233
0.341415
0.081533
0.107579
0.011279
0.004695
0.020915
0.010538
0.002163
0.001968
0.711553
0.049165
0.000987
0.000198
0.194274
0.558146
0.726229
0.137968
0.001228
0.009904
0.069866
0.003841
0.007709
0.375954
0.49994
0.019382
0.002261
0.257978
0.000254
0.370056
0.368401
0.198371
0.013632
0.000506
0.796292
0.009034
0.589488
0.006351
0.023663
0.225868
0.039081
0.038203
0.395276
0.111036
0.005714
0.002511
0.171018
0.0187
0.007046
0.013414
0.555217
0.079917
0.032307
0.000195
0.012286
0.271791
0.248728
0.028817
0.040823
0.005703
0.146367
0.167966
0.958763
0.016941
0.00791
0.008765
0.09447
0.00669
0.824089
0.003951
0.349207
0.002717
0.001773
0.008904
0.981706
0.018089
0.046333
0.378155
0.150504
0.042112
0.724358
0.052381
0.834298
0.000237
0.592916
0.101557
0.65333
0.869796
0.683592
0.011959
0.00077
0.038491
0.16626
0.024308
0.006165
0.028199
0.209424
0.656392
0.013103
0.00144
0.424914
0.134819
0.85845
0.672461
0.003648
0.013334
0.873195
0.013955
0.007344
0.012043
0.093077
0.000868
0.005664
0.000158
0.274902
0.033035
0.458667
0.00208
0.101752
0.767398
0.005746
0.000827
0.04769
0.002686
0.257928
0.078719
0.028091
0.002933
0.023697
0.026565
0.167128
0.024484
0.155622
0.271469
0.003919
0.001557
0.016517
0.026705
0.008333
0.053716
0.227126
0.082662
0.001135
0.046454
0.029335
0.035763
0.159146
0.006348
0.424549
0.002128
0.041172
0.040018
0.123934
0.008655
0.021582
0.057586
0.527676
0.737862
0.118498
0.01215
0.948642
0.000783
0.001952
0.741206
0.003017
0.020339
0.876806
0.69675
0.945641
0.202242
0.469817
0.770856
0.940834
0.001303
0.01068
0.006914
0.000231
0.120958
0.134407
0.002865
0.01468
0.920224
0.456058
0.093032
0.005445
0.582614
0.003345
0.00243
0.019982
0.265986
0.006856
0.004226
0.003544
0.004309
0.001601
0.999398
0.191552
0.005859
0.015266
0.020991
0.193955
0.003886
0.002903
0.107331
0.990661
0.00391
0.029303
0.005433
0.007761
0.025653
0.005134
0.012816
0.082827
0.047755
0.247556
0.015657
0.276045
0.009148
0.033995
0.02074
0.00054
0.095252
0.735498
0.945383
0.105067
0.863739
0.342942
0.022323
0.319148
0.947749
0.040543
0.483304
0.002062
0.722921
0.136244
0.036485
0.479833
0.00317
0.028586
0.048475
0.769176
0.022279
0.843988
0.001121
0.002839
0.001526
0.000748
0.80592
0.010176
0.01289
0.001462
0.062718
0.326128
0.002284
0.076862
0.019386
0.014919
0.006641
0.310117
0.175044
0.011156
0.037989
0.012477
0.97109
0.016574
0.736149
0.018421
0.000389
0.04364
0.069441
0.784104
0.04181
0.000616
0.057928
0.115042
0.134486
0.564116
0.004119
0.002827
0.936763
0.000352
0.19772
0.02399
0.047125
0.38813
0.080155
0.000582
0.003795
0.014748
0.00048
0.00049
0.554
0.913671
0.003241
0.026199
0.000505
0.001626
0.160615
0.357209
0.01605
0.007398
0.036411
0.689781
0.643783
0.000417
0.581078
0.002157
0.014825
0.045746
0.005006
0.144282
0.870313
0.008696
0.00287
0.020991
0.002831
0.000493
0.996284
0.007917
0.096192
0.151667
0.005865
0.041027
0.875684
0.085055
0.014872
0.000552
0.002917
0.001354
