0.984202
0.889542
0.383462
0.643277
0.994255
0.905148
0.979203
0.999823
0.961741
0.57326
0.984221
0.966006
0.903633
0.848718
0.866172
0.986869
0.339589
0.536336
0.420125
0.954726
0.976369
0.985094
0.966995
0.939784
0.867538
0.995331
0.973779
0.837449
0.76916
0.774235
0.206218
0.882914
0.981212
0.543352
0.999278
0.99314
0.887824
0.999546
0.993456
0.996082
0.701205
0.998448
0.488745
0.749896
0.997086
0.36005
0.027592
0.550248
0.996449
0.983754
0.999941
0.957197
0.726536
0.996905
0.734073
0.995929
0.880236
0.982812
0.000946
0.984887
0.259995
0.999777
0.96203
0.999194
0.21254
0.068164
0.99934
0.201783
0.489875
0.983367
0.849337
0.955141
0.996085
0.816084
0.499034
0.986966
0.085864
0.954995
0.828664
0.25295
0.922139
0.595899
0.192388
0.994341
0.948781
0.010286
0.999628
0.995886
0.898651
0.962774
0.993563
0.485232
0.943488
0.837753
0.975122
0.561446
0.423688
0.001476
0.997492
0.496004
0.990594
0.887028
0.988526
0.982233
0.01227
0.257907
0.996933
0.987346
0.996803
0.063437
0.980946
0.00136
0.959313
0.991654
0.292559
0.694382
0.022072
0.843433
0.994736
0.978927
0.855239
0.998068
0.998338
0.941109
0.99819
0.989808
0.954304
0.006991
0.82779
0.997217
0.968196
0.98395
0.023523
0.821205
0.987595
0.947793
0.991927
0.858732
0.00098
0.986475
0.499057
0.001038
0.911509
0.887618
0.996577
0.999248
0.979065
0.066396
0.962983
0.999883
0.995402
0.005928
0.998401
0.964313
0.97494
0.998153
0.243819
0.104044
0.894356
0.978335
0.987061
0.995949
0.543355
0.838877
0.306919
0.898469
0.969743
0.997264
0.031961
0.838922
0.132027
0.30857
0.985675
0.806318
0.631263
0.993782
0.985284
0.865303
0.984664
0.872905
0.852074
0.897159
0.924327
0.99003
0.999594
0.89537
0.849717
0.767519
0.988488
0.967805
0.327543
0.997484
0.998516
0.660122
0.471436
0.960136
0.88599
0.916661
0.785292
0.388199
0.60945
0.751524
0.867453
0.513455
0.945834
0.997988
0.353592
0.994708
0.864153
0.000631
0.836955
0.647418
0.999453
0.81516
0.011233
0.349509
0.991623
0.962732
0.934139
0.000729
0.999849
0.01983
0.677458
0.229725
0.008117
0.98853
0.702781
0.007005
0.006628
0.036119
0.795931
0.920253
0.640068
0.505058
0.383917
0.511595
0.999659
0.855176
0.002285
0.931027
0.101639
0.767746
0.896438
0.992209
0.002643
0.181495
0.930529
0.954244
0.926552
0.023951
0.919018
0.993902
0.000137
0.038324
0.95281
0.986539
0.016093
0.88977
0.778379
0.026097
0.533357
0.990758
0.453732
0.002486
0.119133
0.983228
0.878463
0.451798
0.98201
0.245171
0.065593
0.930239
0.342045
0.491739
0.060437
0.998668
0.075539
0.98592
0.045181
0.002443
0.98356
0.986581
0.851539
0.000306
0.970996
0.01766
0.983912
0.970644
0.114002
0.936154
0.039848
0.99177
0.113167
0.766694
0.800983
0.963491
0.19492
0.977002
0.031038
0.37892
0.167634
0.931521
0.933876
0.996932
0.598633
0.823645
0.027304
0.000264
0.050322
0.950775
0.002888
0.507687
0.592248
0.999313
0.545476
0.010565
0.972637
0.799579
0.001542
0.412204
0.987046
0.996547
0.946796
0.879441
0.940914
0.476994
0.979644
0.134118
0.838084
0.066013
0.005625
0.99021
0.90202
0.09724
0.992515
0.102927
0.932755
0.080944
0.373276
0.000272
0.779699
0.82443
0.995487
0.22653
0.287781
0.976604
0.305015
0.914756
0.18004
0.240644
0.310052
0.997306
0.003874
0.997816
0.766364
0.148963
0.997913
0.1981
0.520516
0.990361
0.0714
0.244503
0.03501
0.908184
0.95972
0.000429
0.966208
1.000063
0.964667
0.703323
0.003567
0.979992
0.961232
0.874005
0.093814
0.00493
0.017792
0.88294
0.679397
0.999217
0.071696
0.997027
0.001919
0.999262
0.005157
0.990714
0.615121
0.075088
0.056454
0.816218
0.034072
0.980574
0.349995
0.477906
0.056668
0.00834
0.998675
0.000388
0.006224
0.535986
0.950134
0.021578
0.997907
0.007083
0.008212
0.998497
0.536576
0.215126
0.002292
0.05415
0.496089
0.003929
0.875243
0.999576
0.000202
0.510324
0.026178
0.807306
0.010911
0.729881
0.146608
0.913139
0.00023
0.000578
0.973597
0.026286
0.056007
0.794239
0.755825
0.648006
0.375357
0.987967
0.151727
0.62103
0.000473
0.513701
0.139042
0.416229
0.987635
0.52029
0.020616
0.184566
0.757157
0.007999
0.686635
0.913207
0.974956
0.117987
0.994206
0.033237
0.009689
0.99176
0.030861
0.349632
0.380291
0.042002
0.895401
0.103547
0.642537
0.052864
0.014332
0.367903
0.729146
0.000461
0.897365
0.261091
0.144178
0.934625
0.994105
0.021606
0.963825
0.98116
0.028516
0.995319
0.925397
0.845151
0.364875
0.553823
0.961641
0.773649
0.977353
0.010825
0.548443
0.410733
0.030917
0.003174
0.033701
0.001155
0.943814
0.934593
0.000307
0.966377
0.003911
0.60005
0.079128
0.926117
0.052764
0.982679
0.975335
0.356773
0.999378
0.001748
0.163141
0.991839
0.854812
0.000558
0.834038
0.774232
0.042209
0.184829
0.968618
0.848692
0.020825
0.273527
0.96792
0.070317
0.002554
0.973586
0.014869
0.064268
0.028359
0.999107
0.025192
0.653707
0.557667
0.055938
0.012313
0.992978
0.004766
0.001068
0.002028
0.016694
0.993461
0.429118
0.932565
0.924352
0.000332
0.018277
0.694472
0.000758
0.999324
0.892291
0.157347
0.878991
0.037557
0.898858
0.985497
0.366857
0.003971
0.90072
0.002179
0.000694
0.000467
0.004612
0.147972
0.951332
0.952149
0.032852
0.462084
0.473259
0.993186
0.182748
0.12487
0.010352
0.794422
0.975494
0.996567
0.969322
0.03593
0.001578
0.884291
0.040208
0.410099
0.900282
0.998169
0.07247
0.102342
0.105149
0.950536
0.229138
0.230694
0.016874
0.003895
0.954844
0.998368
0.708437
0.865882
0.092085
0.319535
0.474225
0.958477
0.880783
0.968821
0.982154
0.523846
0.000257
0.964077
0.00823
0.924146
0.383584
0.002934
0.115482
0.819412
0.022868
0.015751
0.145866
0.725333
0.000123
0.983717
0.697682
0.853976
0.082914
0.249995
0.004923
0.750576
0.956781
0.016327
0.975901
0.009808
0.744135
0.892413
0.027641
0.466528
0.020132
0.925882
0.999308
0.037001
0.999106
0.560059
0.994627
0.0288
0.023139
0.935379
0.995997
0.197314
0.002711
0.727437
0.860365
0.011399
0.071703
0.986578
0.002965
0.066608
0.896942
0.553126
0.958536
0.007234
0.592594
0.547815
0.557734
0.425245
0.249303
0.746151
0.000442
0.878292
0.295435
0.354806
0.005152
0.030859
0.059676
0.013872
0.921745
0.594
0.934699
0.07829
0.020225
0.862827
0.035346
0.426124
0.041378
0.001892
0.001924
0.053503
0.03129
0.689992
0.000627
0.173328
0.008357
0.691946
0.726217
0.070814
0.133891
0.00184
0.001978
0.016929
0.027331
0.99164
0.750054
0.566261
0.008389
0.652098
0.001
0.608058
0.177986
0.006701
0.999473
0.085727
0.955599
0.192528
0.088277
0.001988
0.797831
0.774562
0.009276
0.158026
0.020117
0.004598
0.064865
0.91085
0.111259
0.973479
0.003074
0.114792
0.002144
0.571782
0.540804
0.242079
0.005918
0.815804
0.0003
0.981542
0.029624
0.035643
0.393251
0.884815
0.999346
0.001021
0.074701
0.006316
0.984171
0.827946
0.024864
0.629007
0.903053
0.011831
0.746281
0.071808
0.000189
0.000984
0.904945
0.124656
0.579596
0.694339
0.002838
0.09429
0.805474
0.306642
0.854996
0.45842
0.078167
0.31402
0.997656
0.002486
0.640293
0.911034
0.004593
0.657751
0.377966
0.000441
0.392587
0.108126
0.010326
0.002815
0.924258
0.382971
0.095104
0.148806
0.000968
0.983483
0.433369
0.889579
0.134703
0.227552
0.533994
0.083574
0.211626
0.121654
0.197459
0.907911
0.714579
0.004226
0.96168
0.939682
0.003235
0.270019
0.160157
0.202049
0.657951
0.209354
1.000091
0.013627
0.425182
0.849838
0.001827
0.000815
0.004612
0.124673
0.970011
0.278518
0.002543
0.80485
0.313641
0.380048
0.035679
0.109401
0.000442
0.837488
0.955449
0.010773
0.215269
0.184089
0.004168
0.001433
0.880941
0.887862
0.478363
0.704317
0.429589
0.005919
0.772095
0.099834
0.935314
0.000573
0.033812
0.042337
0.975549
0.149979
0.114076
0.016299
0.00038
0.963479
0.003273
0.89891
0.02891
0.001536
0.421406
0.31803
0.314796
0.488268
0.00086
0.000575
0.988272
0.021012
0.659439
0.998685
0.148125
0.628724
0.001063
0.000353
0.466873
0.960655
0.967349
0.000552
0.455079
0.972946
0.004595
0.189837
0.059516
0.257451
0.415765
0.035442
0.000315
0.88649
0.937523
0.969296
0.832203
0.943802
0.775101
0.357989
0.000421
0.186865
0.093963
0.171944
0.342731
0.213811
0.938444
0.012447
0.013264
0.464926
0.689064
0.994483
0.04948
0.133337
0.477163
0.930741
0.983628
0.231876
0.004725
0.515198
0.007835
0.307883
0.918107
0.156121
0.009793
0.673309
0.105648
0.154041
0.394708
0.225536
0.001088
0.000188
0.009548
0.00153
0.997771
0.482761
0.286937
0.014202
0.008317
0.044627
0.048132
0.044452
0.686527
0.266299
0.013152
0.914285
0.009639
0.108036
0.932172
0.100028
0.005091
0.019139
0.066969
0.975128
0.018428
0.046664
0.434755
0.000131
0.561607
0.823283
0.004152
0.52557
0.990362
0.620205
0.213716
0.458391
0.012604
0.09609
0.654536
0.070207
0.004353
0.068524
0.943532
0.000842
0.23786
0.028572
0.000384
0.289316
0.049775
0.951604
0.021176
0.000661
0.018214
0.488176
0.038218
0.173095
0.015242
0.005812
0.997434
0.9068
0.104542
0.043072
0.024255
0.00423
0.982582
0.999985
0.022577
0.971999
0.237573
0.988507
0.017127
0.005927
0.823902
0.011387
0.013302
0.168283
0.958651
0.103449
0.949757
0.008112
0.174502
0.0004
0.004411
0.253053
0.317684
0.037357
0.025944
0.199129
0.452553
0.179039
0.151403
0.655229
0.879996
0.555353
0.330123
0.002531
0.233661
0.922972
0.945255
0.129139
0.056617
0.28959
0.01389
0.412914
0.430759
0.001552
0.99474
0.503853
0.009298
0.000985
0.000123
0.00329
0.000465
0.000582
0.984914
0.002423
0.231997
0.044341
0.001617
0.05395
0.041151
0.969095
0.004117
0.045048
0.069107
0.003332
0.967961
0.284903
0.534739
0.175836
0.583286
0.551676
0.055069
0.423411
0.172393
0.759926
0.011361
0.002391
0.003409
0.814718
0.000679
0.021805
0.000777
0.319021
0.046979
0.049132
0.698952
0.308615
0.983814
0.0019
0.726936
0.902237
0.158498
0.606719
0.368403
0.037771
0.64928
0.613255
0.018842
0.231661
0.019456
0.584843
0.001015
0.000436
0.494721
0.534668
0.344683
0.558339
0.078404
0.001908
0.082112
0.005116
0.095579
0.032269
0.000104
0.794741
0.84866
0.998921
0.004023
0.114402
0.112799
0.00995
0.019688
0.044981
0.601219
0.539048
0.02509
0.036186
0.005343
0.031048
0.831141
0.007801
0.029156
0.644707
0.072293
0.01225
0.758796
0.328887
0.012408
0.955313
0.001387
0.815623
0.959257
0.07231
0.000334
0.007244
0.459588
0.601249
0.959909
0.130568
0.025795
0.001333
0.965705
0.003568
0.008186
0.414255
0.878262
0.008445
0.644599
0.245863
0.157458
0.001682
0.864003
0.000812
0.130878
0.033929
0.122758
0.144116
0.001143
0.001543
0.046174
0.964601
0.003648
0.000713
0.048736
0.000533
0.011507
0.003214
0.606761
0.965339
0.011847
0.094631
0.000975
0.007991
0.05362
0.764134
0.451492
0.148889
0.024306
0.104189
0.029398
0.999515
0.001647
0.124949
0.145158
0.006128
0.01833
0.016333
0.000534
0.029781
0.008296
0.713844
0.003098
0.036686
0.171653
0.040144
0.248345
0.796389
0.001587
0.120823
0.000262
0.237032
0.182707
0.000775
0.810409
0.040293
0.02076
0.567625
0.016152
0.108932
0.052605
0.000326
0.16615
0.24459
0.039328
0.095132
0.322663
0.448755
0.021074
0.00188
0.005908
0.000169
0.252564
0.001055
0.002458
0.297097
0.536002
0.998191
0.763168
0.486421
0.180011
0.913852
0.135077
0.0104
0.364698
0.004978
0.014114
0.518443
0.000441
0.964749
0.108273
0.013442
0.002196
0.82609
0.023522
0.105305
0.372973
0.047843
0.995166
0.000781
0.102265
0.970622
0.078529
0.904353
0.904402
0.002861
0.020391
0.00718
0.030942
0.823182
0.985273
0.000701
0.260052
0.031742
0.002081
0.291268
0.656018
0.021806
0.575903
0.003918
0.000175
0.897238
0.001623
0.084165
0.044931
0.057316
0.000317
0.172787
0.005966
0.430957
0.039691
0.870305
0.014399
0.1802
0.028589
0.589285
0.00029
0.0999
0.017838
0.00737
0.355679
0.23204
0.015179
0.748091
0.946604
0.40371
0.691417
0.046393
0.001419
0.902579
0.042853
0.981241
0.66735
0.000345
0.002215
0.002018
0.107692
0.090431
0.028125
0.966023
0.050164
0.017696
0.000629
0.037314
0.018018
0.418639
0.286785
0.986917
0.377178
0.074878
0.003022
0.011869
0.387043
0.995753
0.269839
0.105609
0.899675
0.997236
0.0914
0.008402
0.015977
0.776582
0.070241
0.027124
0.958472
0.060832
0.17277
0.119587
0.057249
0.020296
0.067989
0.668972
0.004719
0.038131
0.245228
0.204841
0.81566
0.351819
0.003658
0.000516
0.673783
0.766052
0.157806
0.011026
0.155623
0.006299
0.002053
0.834266
0.000395
0.666716
0.045892
0.002646
0.038337
0.252315
0.086243
0.680098
0.000747
0.519205
0.128236
0.480039
0.550358
0.352237
0.007977
0.033951
0.123206
0.007565
0.992133
0.029982
0.471907
0.677231
0.066767
0.501619
0.001427
0.423247
0.001823
0.091251
0.023545
0.262671
0.081548
0.996137
0.000852
0.804273
0.028003
0.036545
0.023935
0.002371
0.362398
0.002316
0.002868
0.013037
0.191227
0.038963
0.780226
0.745459
0.000353
0.005447
0.007613
0.011649
0.000616
0.147817
0.000522
0.627622
0.478539
0.076879
0.088213
0.736955
0.0459
0.506479
0.135612
0.231638
0.41373
0.170091
0.576666
0.010605
0.003515
0.005292
0.638097
0.590448
0.909955
0.000139
0.022393
0.4655
0.66945
0.015894
0.224722
0.018995
0.044973
0.004968
0.236132
0.484753
0.061883
0.000742
0.226203
0.022772
0.042685
0.259053
0.207446
0.394824
0.094785
0.00061
0.816558
0.438325
0.1605
0.000249
0.23689
0.503539
0.014712
0.047243
0.147045
0.237
0.183858
0.013066
0.010177
0.003839
0.171799
0.000152
0.100683
0.192389
0.778377
0.992524
0.167666
0.19706
0.072736
0.005167
0.266174
0.035712
0.763444
0.877239
0.326442
0.000912
0.986447
0.239549
0.002031
0.467322
0.000513
0.394243
0.002305
0.481717
0.000371
0.012659
0.844251
0.022259
0.002262
0.233081
0.000166
0.930759
0.131374
0.437823
0.391424
0.001253
0.002129
0.95294
0.243502
0.001032
0.213689
0.036977
0.02411
0.010369
0.359737
0.00402
0.009115
0.02539
0.007819
0.14329
0.03409
0.78993
0.001071
0.000807
0.330716
0.116551
0.687352
0.002166
0.002331
0.000552
0.768929
0.298555
0.012235
0.151485
0.009885
0.036364
0.142289
0.000501
0.00484
0.390651
0.128423
0.034386
0.268119
0.004412
0.013764
0.055698
0.001906
0.0142
0.013146
0.124646
0.004872
0.864697
0.402086
0.164796
0.00018
0.001849
0.030809
0.004367
0.290218
0.007463
0.904304
0.23553
0.000179
0.820922
0.007067
0.499588
0.887229
0.004543
0.020045
0.048116
0.057129
0.003655
0.18126
0.127356
0.74794
0.006615
0.523011
0.205583
0.051361
0.081169
0.419027
0.000992
0.10904
0.016372
0.121014
0.981211
0.000744
0.012492
0.061192
0.192761
0.766566
0.090976
0.873313
0.184301
0.001221
0.031951
0.484833
0.010213
0.633191
0.01494
0.003204
0.000125
0.00489
0.003135
0.005337
0.0543
0.036684
0.000101
0.265703
0.004576
0.805331
0.000668
0.008789
0.023917
0.055088
0.056077
0.152557
0.672074
0.013313
0.160644
0.593828
0.830344
0.002746
0.001233
0.000158
0.897348
0.98278
0.06889
0.004107
0.36341
0.816301
0.00111
0.28088
0.032017
0.16701
0.700539
0.004358
0.003313
0.000183
0.010851
0.035422
0.001365
0.000753
0.074473
0.104866
0.000763
0.000393
0.002693
0.001944
0.068076
0.847086
0.013319
0.029386
0.001838
0.004858
0.000933
0.29719
0.94602
0.019669
0.012527
0.027416
0.461817
0.057893
0.012503
0.000476
0.000691
0.001654
0.650739
0.022816
0.583179
0.011203
0.897695
0.094656
0.055105
0.006806
0.043787
0.067126
0.002384
0.983997
0.001673
0.012902
0.023749
0.224146
0.008364
0.041842
0.777275
0.889536
0.090459
0.005614
0.156599
0.269195
0.045887
0.965604
0.66927
0.662236
0.03664
0.001012
0.499762
0.006842
0.949934
0.607455
0.000781
0.009961
0.877139
0.73895
0.01693
0.587189
0.049609
0.000715
0.003643
0.705001
0.002294
0.128434
0.000711
0.299295
0.002144
0.002152
0.090705
0.780599
0.880304
0.143679
0.004573
0.177194
0.806594
0.00023
0.126478
0.003179
0.458087
0.98905
0.039142
0.000247
0.069536
0.427113
0.456518
0.048668
0.016223
0.019034
0.973406
0.184058
0.030179
0.876423
0.079551
0.401389
0.008841
0.932392
0.000395
0.001728
0.000196
0.914067
0.024251
0.002616
0.002888
0.000525
0.39713
0.105473
0.000802
0.234571
0.035011
0.723607
0.011196
0.001162
0.014208
0.015241
0.548009
0.149012
0.081481
0.928865
0.238281
0.018903
0.001368
0.057064
0.004688
0.538706
0.214017
0.673583
0.250774
0.00633
0.514723
0.022636
0.662855
0.086009
0.291978
0.101046
0.068289
0.373807
0.089781
0.211781
0.00605
0.001668
0.001394
0.034284
0.005318
0.102907
0.000554
0.998037
0.548621
0.943578
0.001769
0.04083
0.092192
0.135882
0.006032
0.081631
0.164938
0.027711
0.012977
0.01332
0.195654
0.150904
0.088186
0.022216
0.025995
0.221644
0.886012
0.000394
0.126851
0.003306
0.136336
0.021276
0.003799
0.295048
0.178145
0.067907
0.100864
0.487138
0.131954
0.431373
0.024058
0.000929
0.036157
0.919695
0.101503
0.89149
0.005558
0.019114
0.757196
0.506496
0.220404
0.001018
0.003214
0.248312
0.271859
0.163302
0.033844
0.30519
0.346313
0.103186
0.10827
0.006225
0.000984
0.009509
0.002502
0.07636
0.000638
0.012578
0.002774
0.084425
0.410188
0.715442
0.026089
0.061728
0.28709
0.014335
0.003868
0.937455
0.004017
0.030776
0.011365
0.032981
0.612769
0.16853
0.000285
0.959418
0.000874
0.002202
0.00196
0.749062
0.967137
0.011137
0.002038
0.039999
0.283637
0.312295
0.002714
0.019417
0.001836
0.025551
0.000639
0.664058
0.002014
0.019776
0.095062
0.749516
0.106939
0.000145
0.194603
0.911846
0.996637
0.00178
0.095345
0.001067
0.000791
0.583353
0.000137
0.004873
0.107177
0.004194
0.00262
0.073052
0.000634
0.08771
0.593403
0.792362
0.034292
0.146221
0.363372
0.002222
0.252495
0.055278
0.317046
0.008115
0.988616
0.01601
0.094638
0.982252
0.105694
0.004751
0.324889
0.103722
0.004504
0.000747
0.011509
0.161025
0.001248
0.000599
0.004461
0.005414
0.189783
0.002914
0.037985
0.00377
0.037891
0.001627
0.042636
0.006137
0.008444
0.028702
0.360697
0.933954
0.949811
0.955392
0.11218
0.050818
0.000497
0.000703
0.003034
0.020867
0.020409
0.108877
0.002307
0.005688
0.006189
0.017455
0.294722
0.353892
0.013346
0.009572
0.001408
0.411523
0.008347
0.001889
0.002911
0.988952
0.030676
0.092356
0.004263
0.003794
0.011945
0.612832
0.01807
0.227136
0.00154
0.724415
0.020134
0.591593
0.098833
0.27937
0.77166
0.1131
0.000752
0.01192
0.043455
0.033221
0.428382
0.023048
0.005261
0.069357
0.005784
0.844035
0.001624
0.13678
0.895367
0.005195
0.002356
0.915843
0.000205
0.079246
0.042276
0.05911
0.000987
0.000536
0.109859
0.061292
0.95894
0.005865
0.002399
0.146585
0.000213
0.00188
0.003446
0.002196
0.000858
0.316063
0.018368
0.009348
0.002838
0.425955
0.268924
0.025467
0.005044
0.006896
0.072198
0.072228
0.779479
0.042662
0.014336
0.001896
0.194401
0.003889
0.003564
0.019027
0.118084
0.020496
0.08046
0.028089
0.467174
0.01318
0.000867
0.825286
0.558624
0.116868
0.001179
0.050523
0.004527
0.004734
0.037795
0.006908
0.586831
0.186458
0.011969
0.152307
0.142981
0.319954
0.945827
0.018296
0.372454
0.007116
0.01378
0.419905
0.022628
0.015104
0.119221
0.003256
0.034097
0.510785
0.294697
0.94417
0.686545
0.015894
0.282511
0.033476
0.463549
0.002425
0.000454
0.227203
0.000848
0.097215
0.895801
0.347352
0.677161
0.026949
0.069651
0.502644
0.513509
0.84326
0.375299
0.037489
0.015783
0.060861
0.001226
0.001575
0.02377
0.002642
0.020168
0.8896
0.027877
0.372097
0.792116
0.170394
0.009468
0.000243
0.526001
0.009365
0.002255
0.268887
0.786261
0.003752
0.565451
0.036133
0.716317
0.125199
0.161947
0.684396
0.125526
0.552518
0.022828
0.000229
0.001641
0.518158
0.003956
0.798671
0.005861
0.061471
0.526328
0.021926
0.051827
0.002554
0.026078
0.039147
0.021432
0.067314
0.024151
0.115682
0.009183
0.028305
0.000803
0.019157
0.129333
0.000881
0.046411
0.006018
0.008034
0.005323
0.006435
0.028565
0.18365
0.674461
0.064099
0.446072
0.034572
0.014823
0.295352
0.676143
0.027216
0.001067
0.590783
0.003545
0.075662
0.107441
0.008712
0.109378
0.103453
0.016365
0.005867
0.094741
0.00026
0.00587
0.000533
0.010912
0.230742
0.362798
0.802114
0.001289
0.005472
0.000877
0.883471
0.000906
0.033622
0.226499
0.967447
0.84389
0.000361
0.183985
0.26986
0.000824
0.001554
0.580184
0.530333
0.004042
0.000806
0.000175
0.000846
0.014102
0.025725
0.537686
0.989706
0.099044
0.082876
0.046973
0.913864
0.025143
0.006931
0.003132
0.069029
0.143008
0.00057
0.301273
0.366967
0.002995
0.034384
0.145177
0.042148
0.004973
0.280714
0.239402
0.260071
0.056025
0.144027
0.018336
0.213389
0.824647
0.022594
0.000961
0.03315
0.090619
0.434151
0.042891
0.645029
0.003912
0.054531
0.243677
0.403697
0.090586
0.566097
0.027545
0.002936
0.868277
0.000541
0.097153
0.072322
0.003858
0.155493
0.096586
0.121644
0.015725
0.254079
0.001781
0.007567
0.006628
0.398594
0.029477
0.108196
0.943185
0.223092
0.004633
0.03679
0.001352
0.979043
0.313485
0.001088
0.007208
0.038798
0.007251
0.079782
0.041715
0.040299
0.997057
0.816783
0.39959
0.002218
0.055309
0.200436
0.971061
0.328191
0.000316
0.000346
0.321269
0.091598
0.375108
0.029081
0.075718
0.003853
0.000638
0.003261
0.073622
0.353421
0.024902
0.000782
0.768095
0.166738
0.003326
0.022746
0.402564
0.005455
0.000648
0.01759
0.315796
0.000241
0.020699
0.068889
0.302861
0.905691
0.005776
0.000611
0.002048
0.028242
0.093462
0.001325
0.02285
0.209132
0.018265
0.034641
0.035006
0.348141
0.018231
0.0618
0.028305
0.000635
0.000588
0.034533
0.185738
0.001351
0.083459
0.009919
0.136298
0.010599
0.680201
0.142196
0.842962
0.429124
0.03709
0.073425
0.00114
0.167091
0.049794
0.109657
0.877499
0.059582
0.002489
0.170265
0.004436
0.027088
0.02793
0.024555
0.013048
0.050817
0.009113
0.049218
0.003814
0.001291
0.00252
0.008564
0.006935
0.025855
0.005382
0.93026
0.016293
0.085836
0.001203
0.083331
0.015449
0.001039
0.004636
0.407172
0.015567
0.673596
0.020557
0.000784
0.015144
0.032489
0.029365
0.125947
0.101634
0.799035
0.055448
0.064793
0.002295
0.006524
0.087133
0.000792
0.039199
0.002493
0.442613
0.025692
0.03131
0.014537
0.744332
0.046746
0.030423
0.003748
0.000516
0.029919
0.082903
0.895281
0.002626
0.527172
0.013322
0.112526
0.034109
0.016139
0.01194
0.076974
0.005631
0.087315
0.001596
0.10188
0.000429
0.319171
0.003233
0.004597
0.15522
0.021478
0.05145
0.43468
0.997368
0.000368
0.028738
0.064004
0.004658
0.038135
0.970317
0.022969
0.001152
0.004452
0.100315
0.031021
0.000557
0.501919
0.001763
0.064419
0.025242
0.000875
0.640765
0.001598
0.003157
0.014235
0.865919
0.132137
0.030325
0.008652
0.925377
0.000175
0.006513
0.362721
0.042851
0.32287
0.040264
0.037295
0.001379
0.008335
0.007867
0.013562
0.00464
0.180105
0.104582
0.03211
0.003456
0.001322
0.735199
0.002547
0.137503
0.004904
0.824209
0.140535
0.000856
0.006752
0.575256
0.00961
0.424861
0.284629
0.309899
0.107925
0.9511
0.013775
0.003325
0.000273
0.923867
0.000804
0.357214
0.000813
0.072411
0.074271
0.676051
0.045292
0.002805
0.050737
0.643493
0.009187
0.916257
0.110452
0.018447
0.538253
0.122425
0.000216
0.003939
0.001868
0.010109
0.003951
0.0175
0.151097
0.013362
0.024131
0.638875
0.027033
0.026818
0.034068
0.640722
0.007984
0.326705
0.013315
0.565445
0.55626
0.952018
0.108319
0.007163
0.004203
0.144781
0.00763
0.328513
0.010419
0.789131
0.121772
0.208664
0.001968
0.874506
0.020143
0.001664
0.664944
0.050257
0.947386
0.238336
0.000477
0.019491
0.603664
0.001536
0.165146
0.508506
0.202964
0.010043
0.007363
0.000643
0.062226
0.129204
0.031523
0.005068
0.039489
0.897168
0.287503
0.128081
0.018515
0.236517
0.076181
0.008604
0.919513
0.018541
0.00018
0.000538
0.015827
0.875986
0.837783
0.007881
0.001316
0.033489
0.560851
0.095213
0.558953
0.010328
0.917402
0.006198
0.249665
0.055659
0.001086
0.597151
0.032579
0.020072
0.304011
0.122317
0.266493
0.001664
0.010781
0.608466
0.000561
0.041813
0.019757
0.000851
0.014015
0.274746
0.471307
0.003858
0.000821
0.777331
0.14869
0.011965
0.000902
0.010161
0.002285
0.018425
0.000577
0.59515
0.050629
0.25203
0.009501
0.001189
0.00824
0.046942
0.397166
0.164778
0.009587
0.000912
0.273243
0.209226
0.035893
0.024317
0.000533
0.00468
0.008475
0.000562
0.308963
0.010072
0.004456
0.005368
0.007581
0.454674
0.022724
0.084321
0.006475
0.024719
0.874969
0.032272
0.249973
0.044614
0.107187
0.062433
0.008754
0.011811
0.009976
0.842136
0.001639
0.068991
0.373855
0.535376
0.005469
0.968224
0.080304
0.011863
0.002151
0.002921
0.024066
0.00094
0.001586
0.364695
0.905565
0.009773
0.000772
0.018924
0.004508
0.031167
0.126738
0.009169
0.04793
0.008953
0.001255
0.035008
0.000533
0.582806
0.005766
0.002851
0.009592
0.015412
0.008201
0.062332
0.232762
0.005327
0.035228
0.019611
0.012078
0.033448
0.046043
0.037273
0.000816
0.021183
0.009455
0.122702
0.004728
0.000685
0.321889
0.677203
0.581739
0.180495
0.004581
0.001434
0.038327
0.818589
0.000514
0.005184
0.000267
0.002505
0.001531
0.054841
0.538789
0.224427
0.001343
0.023843
0.036494
0.017822
0.401866
0.908108
0.01917
0.009222
0.005164
0.189274
0.192528
0.01159
0.080428
0.005489
0.010891
0.248877
0.068075
0.002742
0.882812
0.017589
0.013657
0.198809
0.006999
0.001576
0.728851
0.078604
0.001237
0.090981
0.51411
0.014189
0.001119
0.001203
0.004675
0.027583
0.003327
0.006047
0.020012
0.071023
0.964756
0.001061
0.959971
0.621972
0.002133
0.140976
0.149643
0.557502
0.067338
0.107054
0.010872
0.000497
0.179922
0.063468
0.215945
0.006502
0.199358
0.12059
0.082728
0.840908
0.013904
0.000847
0.009634
0.013798
0.081629
0.001393
0.000629
0.002522
0.117588
0.004739
0.003803
0.012813
0.024285
0.084164
0.095473
0.003839
0.023435
0.000747
0.453929
0.399579
0.591004
0.014004
0.006289
0.823749
0.766474
0.000868
0.001005
0.014429
0.000786
0.000377
0.219058
0.671798
0.022862
0.127025
0.080532
0.527957
0.000518
0.01216
0.003926
0.03036
0.001763
0.005639
0.079567
0.009906
0.998981
0.00108
0.000365
0.937584
0.011031
0.002952
0.118962
0.265463
0.081496
0.065974
0.001827
0.001346
0.441355
0.013283
0.005164
0.331544
0.009423
0.001886
0.001513
0.000466
0.003389
0.008735
0.001183
0.836506
0.432804
0.197453
0.011228
0.548478
0.233285
0.07614
0.18708
0.830816
0.523649
0.068935
0.647681
0.003247
0.118253
0.22085
0.021427
0.435355
0.349061
0.379128
0.001461
0.011381
0.09713
0.652628
0.126447
0.001381
0.000725
0.002059
0.001495
0.060258
0.130424
0.030994
0.29182
0.83439
0.000609
0.255738
0.00162
0.470884
0.001006
0.401028
0.260156
0.004607
0.006173
0.018945
0.011171
0.006982
0.114994
0.003484
0.008951
0.872061
0.029795
0.013714
0.005267
0.027514
0.784508
0.027387
0.000445
0.54849
0.000412
0.057437
0.009483
0.804498
0.727097
0.002142
0.02969
0.24519
0.010558
0.958842
0.062781
0.000512
0.762527
0.836301
0.008296
0.308463
0.918004
0.75824
0.033884
0.005247
0.004199
0.000663
0.003814
0.000497
0.192128
0.005845
0.000907
0.014676
0.009987
0.362388
0.00021
0.409182
0.323347
0.022334
0.276737
0.03615
0.378211
0.003299
0.279583
0.916341
0.010131
0.01192
0.262835
0.572999
0.003724
0.012304
0.00776
0.497354
0.002748
0.111481
0.021941
0.017146
0.097859
0.005949
0.973583
0.929081
0.069758
0.873968
0.265572
0.000609
0.027734
0.329191
0.49179
0.876025
0.303619
0.079907
0.296669
0.000412
0.000413
0.244325
0.262213
0.030849
0.936195
0.726039
0.203046
0.635515
0.000209
0.122217
0.012264
0.041415
0.024603
0.026603
0.827546
0.025772
0.000199
0.674934
0.763955
0.904214
0.249602
0.012409
0.003474
0.000857
0.013158
0.281659
0.102762
0.281842
0.082225
0.007092
0.936075
0.97678
0.006211
0.024458
0.696174
0.009577
0.328496
0.043984
0.571494
0.019837
0.876217
0.216743
0.708053
0.00385
0.069773
0.952514
0.967758
0.000792
0.150569
0.013353
0.059106
0.028973
0.13582
0.028443
0.020731
0.002163
0.675599
0.28277
0.145899
0.970794
0.904708
0.007474
0.005712
0.93592
0.000483
0.919546
0.141741
0.27877
0.014073
0.123392
0.001907
0.049965
0.008136
0.149101
0.001344
0.973651
0.004984
0.206956
0.009305
0.212293
0.993221
0.091935
0.012657
0.013691
0.00293
0.011185
0.351276
0.488587
0.028974
0.055181
0.058414
0.001713
0.032026
0.002498
0.000728
0.000939
0.320997
0.002256
0.07846
0.001396
0.159875
0.020175
0.055058
0.048324
0.008991
0.040361
0.001821
0.488755
0.008177
0.026473
0.003677
0.009607
0.001894
0.001128
0.000697
0.008001
0.357506
0.035824
0.07977
0.219318
0.006057
0.554034
0.856292
0.042821
0.981839
0.002185
0.003889
0.118693
0.267168
0.37947
0.09303
0.001572
0.083708
0.005037
0.014376
0.005529
0.00181
0.022888
0.891107
0.858522
0.298933
0.499194
0.031023
0.012292
0.048265
0.034666
0.00384
0.000235
0.6644
0.004166
0.2105
0.01409
0.646191
0.448933
0.008607
0.000205
0.204153
0.501052
0.001827
0.019918
0.899944
0.000782
0.895034
0.070378
0.13672
0.00093
0.392692
0.273956
0.208898
0.934041
0.00677
0.524452
0.964176
0.35858
0.022476
0.155254
0.1302
0.293375
0.071518
0.130289
0.102595
0.089876
0.042348
0.014299
0.036625
0.689767
0.066855
0.021449
0.745522
0.048315
0.003463
0.879049
0.014948
0.013818
0.310778
0.024639
0.036412
0.003397
0.463734
0.081922
0.032535
0.104959
0.000859
0.042873
0.124031
0.566461
0.000335
0.46453
0.038062
0.764455
0.567444
0.028139
0.004451
0.04503
0.048823
0.036629
0.143268
0.001115
0.033594
0.004191
0.819212
0.822538
0.038755
0.808111
0.008074
0.018639
0.153439
0.001221
0.002755
0.063706
0.012492
0.000195
0.887053
0.955594
0.215103
0.027366
0.367451
0.34784
0.001109
0.002837
0.00065
0.040656
0.02658
0.008171
0.011841
0.138971
0.85004
0.245698
0.886708
0.010761
0.059564
0.094288
0.065232
0.002169
0.003198
0.000861
0.130099
0.005546
0.001169
0.001648
0.298221
0.53826
0.000955
0.004635
0.081081
0.001975
0.516042
0.007699
0.067307
0.024057
0.004985
0.584238
0.000281
0.032923
0.015868
0.000497
0.000646
0.00088
0.132798
0.849401
0.488191
0.569863
0.640527
0.002586
0.652771
0.000857
0.006282
0.000807
0.023839
0.001257
0.205251
0.007492
0.172139
0.029574
0.018471
0.006665
0.021697
0.059584
0.23546
0.594471
0.187646
0.040746
0.023511
0.504021
0.275603
0.00122
0.371109
0.202143
0.966412
0.953272
0.002684
0.720519
0.93783
0.08023
0.019964
0.93007
0.032568
0.01142
0.015387
0.376217
0.020953
0.660481
0.006642
0.025157
0.00315
0.002167
0.260862
0.694124
0.242576
0.001922
0.000186
0.534063
0.294882
0.039357
0.001042
0.09888
0.010728
0.006559
0.41805
0.076836
0.000262
0.084815
0.653104
0.413515
0.163012
0.727827
0.044646
0.000896
0.908883
0.036302
0.836078
0.008516
0.003436
0.993894
0.073581
0.927095
0.084812
0.000228
0.019778
0.030322
0.144894
0.009147
0.460192
0.014048
0.004425
0.181247
0.69209
0.002135
0.264748
0.491472
0.159995
0.378644
0.394972
0.851531
0.242874
0.984188
0.006869
0.001302
0.007888
0.034784
0.000518
0.015338
0.037287
0.033113
0.029001
0.043816
0.00074
0.00067
0.006509
0.001537
0.020298
0.004654
0.777015
0.007777
0.288865
0.918292
0.081826
0.26014
0.003881
0.019394
0.006587
0.034282
0.055974
0.004219
0.102369
0.319747
0.010922
0.000197
0.002584
0.070049
0.000263
0.110429
0.001212
0.950734
0.023368
0.203942
0.734854
0.002886
0.035963
0.017801
0.007021
0.010671
0.202579
0.000878
0.05271
0.429549
0.089425
0.01647
0.877593
0.037045
0.126369
0.00125
0.007498
0.003252
0.001801
0.029477
0.473638
0.000617
0.08587
0.034095
0.009268
0.44963
0.009517
0.00183
0.738426
0.002287
0.00124
0.030996
0.709897
0.894558
0.668683
0.438807
0.116195
0.021101
0.010476
0.276093
0.016582
0.141453
0.001681
0.267
0.363052
0.001418
0.447744
0.00443
0.000513
0.127582
0.605526
0.214616
0.145458
0.005859
0.346952
0.163398
0.000728
0.921352
0.010759
0.009766
0.034521
0.000728
0.969031
0.012404
0.704624
0.020604
0.005321
0.04274
0.007596
0.17849
0.475767
0.008401
0.177725
0.065124
0.521917
0.030199
0.1278
0.001299
0.530919
0.009104
0.883067
0.005249
0.001958
0.525349
0.055924
0.708961
0.004321
0.00105
0.709579
0.003502
0.065058
0.000757
0.007832
0.001793
0.04865
0.001864
0.005687
0.057836
0.388191
0.974759
0.005908
0.088675
0.123085
0.001635
0.275717
0.305879
0.071774
0.012953
0.103405
0.013485
0.152748
0.016255
0.243562
0.120247
0.06582
0.088169
0.000627
0.52382
0.00138
0.284933
0.002272
0.023787
0.012433
0.00659
0.427232
0.556028
0.006702
0.890051
0.001882
0.0023
0.01583
0.486385
0.042212
0.053735
0.321805
0.142163
0.000293
0.003136
0.005314
0.000353
0.952256
0.000906
0.629507
0.011144
0.040924
0.424672
0.057249
0.032747
0.001175
0.071136
0.210036
0.468192
0.001026
0.267266
0.121595
0.353172
0.099704
0.370237
0.03824
0.977235
0.005247
0.00688
0.021364
0.489878
0.931843
0.001446
0.078315
0.47
0.747686
0.329028
0.051585
0.001803
0.167298
0.032095
0.016718
0.006021
0.000539
0.045018
0.009762
0.498107
0.778391
0.003991
0.228122
0.109569
0.001075
0.000758
0.359399
0.003499
0.003022
0.021755
0.005737
0.961092
0.000588
0.039045
0.001601
0.009827
0.020447
0.238084
0.012297
0.060819
0.061831
0.029176
0.633047
0.124474
0.001748
0.164187
0.959413
0.000538
0.113261
0.092806
0.34768
0.001594
0.526306
0.012255
0.017798
0.007235
0.014263
0.785702
0.001057
0.025383
0.01095
0.037087
0.181908
0.025009
0.063403
0.002089
0.056345
0.057149
0.037292
0.255341
0.003675
0.001807
0.056858
0.001274
0.019864
0.59192
0.00174
0.009754
0.030309
0.251271
0.063683
0.005976
0.755497
0.144658
0.012345
0.024265
0.001588
0.664983
0.003427
0.09898
0.001562
0.592579
0.001345
0.413888
0.008887
0.00319
0.119705
0.002655
0.00833
0.076888
0.338774
0.001645
0.003216
0.133348
0.053529
0.005181
0.015046
0.414045
0.020482
0.017381
0.371533
0.089229
0.009454
0.054405
0.000631
0.001379
0.280583
0.253687
0.604181
0.028225
0.328822
0.000982
0.418792
0.002296
0.031229
0.00698
0.016704
0.043379
0.004597
0.025803
0.920282
0.038554
0.003214
0.002669
0.00455
0.001157
0.054418
0.888026
0.003687
0.002976
0.011191
0.340878
0.011965
0.198029
0.001389
0.091292
0.104322
0.947531
0.290264
0.019633
0.005678
0.001119
0.000531
0.287364
0.003068
0.501473
0.027775
0.215364
0.431302
0.083402
0.022831
0.001491
0.003237
0.177828
0.795718
0.064008
0.001696
0.022654
0.037678
0.029154
0.000443
0.087213
0.730747
0.006666
0.128878
0.123077
0.009925
0.051478
0.038523
0.108509
0.248992
0.82829
0.014727
0.00328
0.486065
0.00648
0.834939
0.002688
0.657797
0.00172
0.000487
0.26631
0.005797
0.267055
0.056608
0.010809
0.674066
0.000303
0.542252
0.5273
0.002271
0.985498
0.072666
0.455951
0.21054
0.074312
0.040232
0.97209
0.028344
0.034851
0.027376
0.057886
0.19087
0.016758
0.930987
0.731556
0.321785
0.003006
0.644745
0.341029
0.003126
0.41515
0.061659
0.029222
0.006903
0.914901
0.960557
0.087084
0.015765
0.060178
0.09689
0.431627
0.031344
0.615927
0.849386
0.022595
0.024186
0.000932
0.189777
0.0038
0.351313
0.000797
0.135118
0.000434
0.652647
0.131105
0.027999
0.000679
0.017324
0.628706
0.056914
0.111367
0.991953
0.753257
0.001001
0.502491
0.196923
0.716189
0.050673
0.001437
0.03429
0.269995
0.008039
0.133214
0.242697
0.010081
0.001703
0.000628
0.001304
0.39203
0.001586
0.004013
0.082915
0.011398
0.00404
0.017847
0.963402
0.000546
0.001087
0.071114
0.000713
0.59302
0.00428
0.547771
0.010262
0.073793
0.901118
0.012659
0.440741
0.732711
0.549533
0.004882
0.0018
0.120021
0.001006
0.801741
0.155303
0.410049
0.003694
0.112743
0.953904
0.072258
0.002028
0.01413
0.001993
0.916531
0.090514
0.746842
0.000617
0.185176
0.716787
0.04394
0.575016
0.038842
0.016028
0.007474
0.010473
0.722685
0.004605
0.002506
0.050535
0.007445
0.038973
0.188065
0.003801
0.279895
0.089449
0.982727
0.006483
0.618377
0.001254
0.001656
0.31156
0.773198
0.353484
0.426555
0.272901
0.004835
0.089576
0.977275
0.011573
0.002258
0.019087
0.027671
0.004509
0.030988
0.02504
0.033212
0.002608
0.049392
0.887624
0.197415
0.181454
0.964696
0.881326
0.020392
0.002052
0.883406
0.01046
0.24373
0.000639
0.002628
0.215135
0.228993
0.00155
0.016757
0.25704
0.250904
0.006369
0.057368
0.155861
0.902559
0.115616
0.001242
0.00029
0.410028
0.189639
0.014425
0.005483
0.546252
0.186708
0.001232
0.001724
0.118151
0.001984
0.123413
0.063048
0.656769
0.083021
0.061219
0.000266
0.39404
0.062129
0.033536
0.000524
0.068783
0.010053
0.002422
0.101772
0.454007
0.003487
0.043614
0.001523
0.002938
0.012591
0.028228
0.21081
0.02372
0.001736
0.194762
0.021932
0.239156
0.00757
0.483536
0.082737
0.658411
0.73777
0.008374
0.018973
0.603165
0.009209
0.019313
0.000348
0.075506
0.005739
0.082493
0.000423
0.434521
0.011908
0.095876
0.000827
0.114915
0.000292
0.564571
0.026401
0.97398
0.047134
0.022136
0.012733
0.008251
0.051483
0.026381
0.001497
0.012615
0.001446
0.412299
0.563774
0.113203
0.000699
0.989191
0.003304
0.004876
0.00491
0.00238
0.184337
0.003847
0.037105
0.007483
0.04652
0.02144
0.000604
0.016966
0.131406
0.362243
0.623398
0.015527
0.65611
0.114237
0.348218
0.635173
0.07884
0.01754
0.022
0.060738
0.016841
0.001038
0.835189
0.04066
0.117963
0.269278
0.007694
0.001382
0.295279
0.079146
0.000424
0.002494
0.065619
0.00153
0.006567
0.039888
0.060497
0.120249
0.000629
0.001216
0.142859
0.124665
0.004261
0.007437
0.185556
0.043285
0.005723
0.01211
0.022529
0.308179
0.55093
0.612969
0.788323
0.012134
0.282716
0.028355
0.004243
0.001297
0.022723
0.00078
0.00055
0.00166
0.045594
0.142893
0.046241
0.003354
0.219403
0.016831
0.027899
0.011398
0.003085
0.172979
0.003094
0.321516
0.013346
0.000485
0.120021
0.157998
0.200849
0.27314
0.092395
0.000193
0.118218
0.000673
0.029605
0.16412
0.337198
0.719407
0.45114
0.987598
0.002335
0.001797
0.003221
0.00872
0.003715
0.156106
0.038936
0.001013
0.001501
0.048427
0.140906
0.087147
0.002066
0.002036
0.004095
0.000369
0.071486
0.35516
0.07787
0.053506
0.144516
0.002926
0.721433
0.362719
0.002331
0.009504
0.002847
0.026699
0.139167
0.000479
0.360954
0.02647
0.000633
0.683331
0.000522
0.015
0.001756
0.460642
0.016204
0.092453
0.176459
0.395795
0.397588
0.168905
0.219629
0.001047
0.04287
0.024502
0.310709
0.004458
0.000348
0.645933
0.612344
0.01547
0.716808
0.001221
0.956761
0.01566
0.00238
0.015812
0.563874
0.35602
0.000115
0.382417
0.011086
0.002192
0.966768
0.337047
0.159506
0.785302
0.185136
0.377737
0.320277
0.010142
0.007255
0.00201
0.070055
0.190155
0.032166
0.099682
0.315728
0.00113
0.01224
0.002684
0.008048
0.003751
0.09788
0.057509
0.030317
0.001509
0.071304
0.007529
0.969935
0.03716
0.001121
0.815468
0.962657
0.003699
0.003664
0.019444
0.013477
0.407288
0.028393
0.642913
0.00065
0.036469
0.89428
0.001058
0.58736
0.004236
0.008807
0.915269
0.008166
0.715859
0.019582
0.011328
0.00243
0.000996
0.014179
0.202261
0.228533
0.029332
0.932274
0.009934
0.000666
0.002102
0.000376
0.65499
0.21681
0.92356
0.187718
0.152224
0.824037
0.005646
0.970795
0.204895
0.882148
0.019727
0.091886
0.003903
0.002166
0.070486
0.092456
0.146798
0.018072
0.001507
0.00032
0.002685
0.001518
0.869974
0.014154
0.168524
0.042109
0.001724
0.047516
0.005727
0.027396
0.015594
0.263383
0.000555
0.000679
0.006656
0.629324
0.02616
0.013576
0.00293
0.347562
0.00114
0.96271
0.189275
0.458593
0.122014
0.036247
0.82572
0.347292
0.453181
0.041317
0.092289
0.125923
0.336982
0.033514
0.025651
0.010262
0.296933
0.103369
0.030952
0.063775
0.052328
0.000538
0.158809
0.010147
0.03289
0.470003
0.007912
0.712765
0.006316
0.001994
0.000503
0.103693
0.008267
0.397664
0.602793
0.128685
0.05391
0.115168
0.026477
0.343002
0.015692
0.19929
0.005517
0.015887
0.258088
0.018034
0.904586
0.09478
0.541165
0.012699
0.001833
0.000863
0.008688
0.013552
0.586903
0.252575
0.000791
0.040497
0.000296
0.070672
0.00633
0.007245
0.000217
0.682281
0.014051
0.113164
0.004681
0.260119
0.006178
0.00824
0.422352
0.218441
0.007311
0.185258
0.199003
0.070118
0.794034
0.010677
0.140286
0.860514
0.022499
0.005336
0.08338
0.378099
0.000286
0.011711
0.01707
0.108818
0.000232
0.01896
0.494428
0.001202
0.001352
0.000507
0.006754
0.036499
0.043442
0.207519
0.000733
0.003442
0.01875
0.068167
0.434477
0.860559
0.350506
0.001402
0.750328
0.001207
0.006521
0.106883
0.023776
0.416234
0.043074
0.023991
0.000285
0.001686
0.869727
0.995935
0.128662
0.27602
0.003117
0.92714
0.014179
0.001157
0.070011
0.192063
0.003801
0.723227
0.001439
0.930496
0.038174
0.045072
0.007452
0.002948
0.002093
0.000325
0.691395
0.002367
0.072366
0.036608
0.038113
0.500105
0.066329
0.015722
0.378088
0.001114
0.103853
0.008889
0.986238
0.793106
0.002562
0.000581
0.289347
0.051702
0.462631
0.263311
0.257257
0.738753
0.221554
0.753347
0.357753
0.422816
0.021274
0.18884
0.060173
0.013442
0.93615
0.003404
0.000625
0.682782
0.140495
0.304112
0.003151
0.898828
0.654693
0.182891
0.056591
0.023099
0.110213
0.03723
0.000385
0.201805
0.173777
0.64237
0.01389
0.888072
0.053933
0.012495
0.92795
0.993418
0.012344
0.05176
0.000653
0.02505
0.013444
0.002078
0.00045
0.0135
0.048812
0.008267
0.000275
0.0366
0.731881
0.046324
0.590571
0.08636
0.645078
0.026686
0.001128
0.001511
0.303158
0.341168
0.012457
0.913028
0.049318
0.183607
0.063077
0.378829
0.028534
0.016196
0.005256
0.002741
0.144543
0.016473
0.194314
0.092563
0.350579
0.065593
0.99827
0.01468
0.057256
0.000492
0.234594
0.021388
0.003584
0.013759
0.003211
0.005176
0.692689
0.024543
0.119782
0.043004
0.645574
0.742598
0.000427
0.000572
0.964841
0.014245
0.797055
0.920388
0.023582
0.807809
0.091229
0.003263
0.000456
0.28658
0.006634
0.234512
0.010869
0.001393
0.102513
0.227877
0.001104
0.11772
0.672681
0.028347
0.027033
0.011717
0.070861
0.002389
0.000408
0.010087
0.003967
0.003743
0.011865
0.787406
0.708812
0.101521
0.007822
0.024457
0.017009
0.015284
0.052716
0.035897
0.002512
0.139736
0.000542
0.00201
0.04204
0.40398
0.09871
0.046563
0.018009
0.041881
0.01523
0.002941
0.003431
0.063322
0.010749
0.619783
0.0053
0.015942
0.01141
0.01113
0.06154
0.068081
0.250489
0.521757
0.001047
0.001944
0.077439
0.00065
0.928235
0.087984
0.00153
0.499711
0.004105
0.112604
0.061674
0.99166
0.003694
0.559698
0.03376
0.108991
0.003354
0.01405
0.00108
0.353544
0.245959
0.330996
0.148392
0.149027
0.002248
0.553873
0.12812
0.068806
0.03641
0.00281
0.003351
0.04695
0.014144
0.791907
0.001026
0.05655
0.012785
0.992993
0.001845
0.030191
0.003342
0.013063
0.010384
0.017703
0.266415
0.015157
0.028854
0.027753
0.844774
0.000813
0.051236
0.041851
0.346593
0.893461
0.121303
0.235599
0.032168
0.358032
0.00619
0.001019
0.019318
0.444631
0.48964
0.301467
0.002853
0.004377
0.397022
0.072028
0.002104
0.010018
0.079876
0.499521
0.744742
0.124004
0.019514
0.005935
0.565051
0.600063
0.055263
0.061906
0.005084
0.013067
0.00242
0.250909
0.935661
0.000598
0.002766
0.131883
0.294589
0.003084
0.000225
0.048055
0.060344
0.267985
0.007942
0.032425
0.19719
0.019449
0.032854
0.865605
0.015919
0.081638
0.954252
0.040746
0.077609
0.013631
0.01091
0.000516
0.069481
0.734821
0.003413
0.002229
0.522509
0.000495
0.005037
0.003358
0.00303
0.013451
0.659605
0.011927
0.681733
0.245221
0.004574
0.012012
0.594456
0.014712
0.069384
0.765527
0.663396
0.016741
0.579574
0.006917
0.000518
0.902903
0.018823
0.02397
0.074196
0.128528
0.000502
0.000941
0.049234
0.011846
0.16059
0.007708
0.027515
0.141897
0.313433
0.003606
0.004895
0.014765
0.353687
0.529336
0.010291
0.002642
0.00239
0.895876
0.000857
0.653451
0.105494
0.871268
0.367929
0.398164
0.086723
0.010512
0.000786
0.038209
0.377421
0.787548
0.056472
0.405024
0.004026
0.20361
0.707753
0.012679
0.730099
0.055189
0.038715
0.111122
0.217199
0.035637
0.294835
0.010984
0.122038
0.021257
0.001344
0.001524
0.598193
0.089585
0.462294
0.334306
0.000282
0.001563
0.006284
0.586016
0.878471
0.02478
0.231719
0.037571
0.010667
0.059435
0.008866
0.873364
0.104432
0.608407
0.472958
0.017683
0.00871
0.020435
0.052275
0.002011
0.160581
0.041975
0.00084
0.033036
0.06154
0.019753
0.076282
0.028401
0.170005
0.626867
0.929239
0.013809
0.049881
0.071227
0.00622
0.00877
0.172733
0.987566
0.035807
0.375305
0.525134
0.059308
0.034797
0.340532
0.00121
0.151812
0.270366
0.055265
0.001804
0.001832
0.030191
0.002291
0.002127
0.055063
0.002548
0.686646
0.000196
0.005007
0.000798
0.031232
0.975607
0.040018
0.160833
0.00154
0.072844
0.661372
0.892266
0.002238
0.011921
0.892638
0.000738
0.754113
0.143084
0.125333
0.024211
0.638407
0.70532
0.000182
0.637555
0.000801
0.002704
0.246602
0.733388
0.008798
0.853077
0.943348
0.003589
0.043062
0.019219
0.941045
0.096947
0.555724
0.003052
0.002609
0.001025
0.020104
0.021578
0.000214
0.005885
0.008916
0.974319
0.006856
0.000247
0.012118
0.018505
0.001035
0.781543
0.063621
0.601175
0.468919
0.005343
0.000411
0.061123
0.048332
0.003507
0.002888
0.368789
0.115975
0.679995
0.000949
0.113311
0.024864
0.020885
0.120846
0.823628
0.005831
0.050203
0.821125
0.001789
0.014124
0.01246
0.883823
0.005475
0.008321
0.069336
0.179548
0.003463
0.215886
0.006169
0.00529
0.022751
0.014735
0.069437
0.009386
0.083345
0.005445
0.000624
0.028158
0.194317
0.02964
0.000578
0.014098
0.001664
0.113386
0.012251
0.966604
0.002601
0.972141
0.007914
0.332943
0.002977
0.091074
0.038977
0.223898
0.000879
0.00314
0.001402
0.053417
0.000219
0.015197
0.033278
0.018435
0.621616
0.003615
0.65809
0.037442
0.860708
0.009847
0.111346
0.973016
0.852779
0.075712
0.10756
0.932721
0.39712
0.980089
0.005005
0.849341
0.092804
0.014864
0.075118
0.020758
0.120849
0.024787
0.137513
0.88297
0.000836
0.083644
0.928903
0.001044
0.097648
0.026764
0.012237
0.032663
0.306526
0.024532
0.95929
0.042627
0.016854
0.99298
0.461468
0.00355
0.386466
0.014086
0.226221
0.001813
0.059655
0.138617
0.024348
0.064887
0.000446
0.207465
0.016765
0.000831
0.000326
0.000717
0.177316
0.000231
0.846845
0.095944
0.003806
0.00146
0.003055
0.95038
0.03973
0.99917
0.079394
0.33347
0.08551
0.016248
0.560316
0.009612
0.055262
0.000272
0.006416
0.030465
0.174527
0.56582
0.003055
0.01051
0.01261
0.024038
0.032288
0.093465
0.006439
0.589738
0.401772
0.011947
0.003919
0.014613
0.069853
0.010437
0.020194
0.000782
0.000409
0.711935
0.000524
0.053725
0.141768
0.027041
0.08671
0.605644
0.388902
0.003308
0.023224
0.006693
0.729549
0.02167
0.002214
0.234817
0.066096
0.036431
0.068184
0.444995
0.178212
0.085615
0.902108
0.227661
0.780235
0.024115
0.201103
0.965889
0.030044
0.520826
0.704454
0.00034
0.009065
0.025273
0.245081
0.002268
0.922701
0.00274
0.197423
0.697403
0.003419
0.603982
0.006051
0.017546
0.282108
0.86135
0.369378
0.003203
0.137112
0.551055
0.230745
0.000515
0.625357
0.001726
0.084148
0.016806
0.008855
0.220835
0.045361
0.116849
0.101553
0.001046
0.000243
0.003171
0.001644
0.172108
0.646926
0.419055
0.049209
0.003544
0.012774
0.001735
0.000504
0.061685
0.009874
0.002618
0.014651
0.007231
0.536733
0.000847
0.067257
0.001684
0.773011
0.658798
0.015779
0.569645
0.848474
0.018039
0.469291
0.294908
0.026203
0.029751
0.000261
0.02851
0.000899
0.035683
0.006105
0.028002
0.049937
0.000612
0.048263
0.004258
0.904445
0.254568
0.006535
0.051861
0.241155
0.066677
0.981374
0.028806
0.407721
0.099742
0.908134
0.002823
0.156265
0.9771
0.189888
0.0059
0.293422
0.188269
0.039383
0.006175
0.013185
0.017701
0.000713
0.010374
0.46203
0.008475
0.014904
0.094155
0.004899
0.826058
0.000515
0.002789
0.339554
0.243317
0.069889
0.279373
0.037332
0.00408
0.027648
0.018957
0.923943
0.007057
0.015039
0.000709
0.000507
0.91363
0.025165
0.004027
0.14143
0.001148
0.004063
0.521658
0.047638
0.003288
0.056933
0.607366
0.952525
0.883515
0.628229
0.022033
0.0474
0.018047
0.010837
0.004093
0.075535
0.022384
0.001139
0.000931
0.031073
0.022595
0.074266
0.00038
0.031313
0.109076
0.984609
0.210007
0.00044
0.107768
0.998154
0.008633
0.776969
0.005319
0.10193
0.002726
0.017334
0.583144
0.034823
0.280267
0.051746
0.001438
0.027884
0.083732
0.00224
0.000673
0.001256
0.038753
0.001634
0.259516
0.267335
0.68796
0.004138
0.033623
0.901046
0.002913
0.162432
0.000473
0.000744
0.056412
0.000867
0.008312
0.978722
0.646336
0.957863
0.030541
0.000688
0.089113
0.298462
0.233938
0.026079
0.271715
0.038658
0.008112
0.014835
0.001379
0.041937
0.046454
0.3051
0.208501
0.755039
0.980342
0.145529
0.081397
0.000806
0.000687
0.004238
0.16075
0.000808
0.022767
0.048045
0.006636
0.043354
0.891194
0.091185
0.838628
0.894979
0.006225
0.003976
0.062007
0.000926
0.002885
0.00921
0.088323
0.860505
0.00035
0.0781
0.573603
0.044027
0.000901
0.000665
0.020394
0.659127
0.004705
0.326213
0.01231
0.029448
0.008091
0.051602
0.504238
0.851664
0.160261
0.863794
0.001414
0.05477
0.002315
0.001437
0.00018
0.014234
0.523345
0.089324
0.075603
0.047665
0.175799
0.013792
0.891751
0.257673
0.000858
0.000203
0.830299
0.002709
0.371948
0.952029
0.009846
0.004041
0.719626
0.015724
0.248107
0.066538
0.314345
0.523965
0.00072
0.000784
0.005535
0.760714
0.215712
0.422257
0.180632
0.024319
0.009955
0.014367
0.010245
0.001817
0.991441
0.029035
0.259077
0.012567
0.025762
0.080053
0.616415
0.00049
0.925705
0.002496
0.002201
0.05347
0.170126
0.160178
0.002571
0.001606
0.00044
0.011441
0.001373
0.076666
0.502269
0.130694
0.280764
0.002262
0.132585
0.00296
0.023968
0.000194
0.155938
0.467481
0.037798
0.220733
0.002363
0.292769
0.995932
0.005109
0.011132
0.004051
0.03484
0.113927
0.193992
0.003613
0.002383
0.00894
0.008956
0.444115
0.00299
0.36809
0.221842
0.280334
0.173769
0.000425
0.001403
0.003607
0.070571
0.004909
0.072725
0.169192
0.052248
0.091061
0.026381
0.144581
0.990772
0.608325
0.964244
0.017602
0.252441
0.219233
0.23181
0.507667
0.023279
0.000467
0.004654
0.007555
0.000918
0.021653
0.435685
0.209594
0.000741
0.031689
0.007209
0.072557
0.02515
0.019379
0.629917
0.302153
0.012367
0.097901
0.002623
0.378169
0.014101
0.003075
0.688247
0.036138
0.033508
0.000261
0.001896
0.037653
0.126517
0.005954
0.02169
0.190289
0.20966
0.373902
0.428563
0.855232
0.681694
0.152548
0.870614
0.000726
0.18829
0.140805
0.404451
0.417749
0.13038
0.057477
0.509116
0.000993
0.042825
0.354592
0.015602
0.001722
0.632826
0.039935
0.052994
0.001521
0.283278
0.077136
0.020401
0.271174
0.013736
0.029303
0.017406
0.054341
0.238058
0.003388
0.001837
0.057322
0.741724
0.001448
0.22892
0.006954
0.358327
0.272672
0.013987
0.000587
0.092366
0.003505
0.206439
0.172694
0.043853
0.001203
0.111467
0.170091
0.029179
0.873416
0.117197
0.002888
0.052043
0.350992
0.207595
0.453317
0.468677
0.072655
0.03017
0.115908
0.170865
0.424828
0.074665
0.202357
0.001902
0.981959
0.698547
0.000808
0.325798
0.000995
0.009976
0.0935
0.997349
0.00267
0.001986
0.61352
0.010004
0.0011
0.002668
0.006508
0.028367
0.402516
0.330995
0.251078
0.000556
0.065601
0.108255
0.062829
0.933263
0.005191
0.011553
0.002457
0.010586
0.035616
0.24432
0.875843
0.157026
0.025596
0.002203
0.195594
0.046851
0.51879
0.028227
0.000592
0.237175
0.563107
0.010091
0.10893
0.050308
0.007055
0.025041
0.047931
0.059003
0.000969
0.059241
0.003638
0.270386
0.018367
0.038288
0.000695
0.096239
0.044871
0.757436
0.907079
0.970602
0.001436
0.000857
0.002416
0.059459
0.002337
0.650484
0.151914
0.090992
0.811475
0.967354
0.00147
0.001253
0.013775
0.002574
0.011372
0.003229
0.705309
0.001062
0.01004
0.11054
0.030503
0.009191
0.014954
0.001203
0.914556
0.009184
0.004392
0.780633
0.048727
0.603956
0.989534
0.003111
0.010156
0.045213
0.876868
0.001991
0.009214
0.01653
0.008897
0.010674
0.016111
0.998852
0.00669
0.073833
0.158727
0.336037
0.930624
0.497684
0.091331
0.020545
0.001199
0.015724
0.099207
0.140267
0.00569
0.610828
0.020641
0.169973
0.624176
0.322017
0.110309
0.062878
0.119448
0.60975
0.035175
0.000812
0.015072
0.002606
0.595261
0.401009
0.015446
0.003897
0.000169
0.000997
0.001487
0.039972
0.004583
0.051509
0.722285
0.136527
0.003224
0.050449
0.29014
0.029248
0.031595
0.018605
0.048654
0.235433
0.000419
0.30293
0.010423
0.006242
0.004012
0.012622
0.021312
0.087147
0.219
0.000583
0.02523
0.800661
0.012146
0.076821
0.012789
0.007144
0.033839
0.000556
0.004528
0.002898
0.024058
0.046977
0.001239
0.002459
0.019642
0.004117
0.045
0.036801
0.015341
0.105931
0.101641
0.00044
0.093082
0.064537
0.005365
0.042906
0.028357
0.001715
0.697494
0.000591
0.023924
0.005807
0.008302
0.002542
0.064839
0.005434
0.001762
0.007518
0.000725
0.789791
0.148536
0.000992
0.346303
0.908346
0.001384
0.00675
0.879678
0.040523
0.003019
0.149633
0.134544
0.248431
0.29781
0.978757
0.001451
0.008107
0.00275
0.028755
0.694436
0.526304
0.234298
0.005508
0.018034
0.000252
0.145756
0.001569
0.023098
0.053964
0.697367
0.57719
0.042336
0.24974
0.916322
0.056891
0.00061
0.005029
0.896301
0.011315
0.200469
0.007429
0.798423
0.004963
0.60584
0.002932
0.087285
0.13128
0.050064
0.109258
0.629649
0.923869
0.001313
0.018413
0.008385
0.007411
0.027455
0.945229
0.615313
0.01902
0.26446
0.15206
0.008344
0.625137
0.004484
0.078928
0.010681
0.362749
0.078012
0.013431
0.000318
0.004237
0.002905
0.031668
0.060058
0.023202
0.145299
0.003858
0.459893
0.065692
0.683756
0.035553
0.003758
0.019774
0.994632
0.033478
0.866369
0.116419
0.001067
0.06098
0.000139
0.006504
0.125961
0.013023
0.046467
0.056777
0.10147
0.517166
0.059262
0.042692
0.020286
0.65859
0.882791
0.889507
0.003214
0.000862
0.488019
0.860895
0.0165
0.308513
0.039428
0.155868
0.00137
0.083989
0.057038
0.002202
0.005563
0.071826
0.000709
0.028403
0.556063
0.002262
0.002979
0.002432
0.000543
0.013918
0.536159
0.759561
0.099419
0.002961
0.010311
0.973062
0.001948
0.40748
0.450648
0.439104
0.02446
0.000831
0.001234
0.307032
0.005909
0.145578
0.000946
0.010221
0.004578
0.419521
0.028245
0.481827
0.004376
0.011415
0.003617
0.000752
0.527562
0.000578
0.061295
0.236807
0.366543
0.033829
0.043111
0.008246
0.000347
0.030715
0.113065
0.971531
0.014943
0.041514
0.029582
0.173983
0.018362
0.096576
0.047172
0.728929
0.692548
0.278869
0.242435
0.024317
0.011418
0.008496
0.155405
0.45027
0.112042
0.015627
0.847357
0.002474
0.000407
0.13144
0.014687
0.11299
0.000683
0.013057
0.892916
0.978242
0.017101
0.827275
0.112251
0.021953
0.008244
0.002082
0.010776
0.044908
0.023216
0.126098
0.031041
0.380977
0.063303
0.778992
0.007806
0.007176
0.009985
0.136143
0.493574
0.000511
0.054106
0.076215
0.001277
0.000427
0.228008
0.154898
0.071971
0.000159
0.679088
0.859654
0.041363
0.802
0.084018
0.022495
0.002875
0.098717
0.000463
0.012871
0.096291
0.200054
0.024116
0.153686
0.007025
0.01965
0.835431
0.375761
0.023071
0.051204
0.015783
0.00084
0.001096
0.448302
0.000355
0.436175
0.662921
0.035208
0.00485
0.249291
0.005227
0.373419
0.07229
0.002991
0.198158
0.025797
0.972411
0.000352
0.961135
0.307534
0.002865
0.086017
0.000205
0.287558
0.003699
0.030354
0.009652
0.114601
0.00181
0.003978
0.000619
0.247733
0.030255
0.006079
0.003826
0.319946
0.067547
0.00883
0.004027
0.052915
0.56719
0.008952
0.566809
0.270263
0.002904
0.011448
0.123277
0.393628
0.030335
0.264611
0.3137
0.194931
0.007887
0.081059
0.000615
0.309978
0.00824
0.049429
0.054753
0.021544
0.064064
0.009377
0.08441
0.168253
0.085275
0.047948
0.654043
0.002119
0.136487
0.003546
0.193551
0.002817
0.000407
0.012767
0.048327
0.005493
0.000549
0.019997
0.005733
0.237111
0.001235
0.011168
0.456378
0.017506
0.009493
0.026964
0.65947
0.271951
0.115457
0.001658
0.1386
0.00183
0.17866
0.025665
0.013944
0.042574
0.036209
0.025008
0.00809
0.089493
0.032642
0.315099
0.044679
0.001984
0.976908
0.012256
0.475959
0.000838
0.001978
0.039343
0.374495
0.002919
0.0041
0.119273
0.000938
0.016057
0.006198
0.003518
0.055146
0.464622
0.506459
0.006635
0.002318
0.001564
0.831691
0.7524
0.773773
0.002165
0.032653
0.922535
0.380656
0.204725
0.376802
0.053707
0.037983
0.038751
0.004435
0.002267
0.131341
0.577464
0.000312
0.057593
0.004257
0.018297
0.030311
0.00163
0.229295
0.008211
0.026955
0.000399
0.005484
0.754966
0.000335
0.001411
0.000224
0.533369
0.165744
0.893969
0.00428
0.429187
0.005475
0.486593
0.343445
0.773222
0.011342
0.00304
0.221701
0.900173
0.048697
0.021642
0.010812
0.001498
0.569742
0.03129
0.747509
0.118175
0.030721
0.355344
0.007896
0.002775
0.865644
0.023583
0.854265
0.000507
0.996627
0.935113
0.00209
0.038045
0.052601
0.394239
0.896959
0.257215
0.075402
0.139398
0.001088
0.031854
0.080897
0.000374
0.01181
0.361513
0.674923
0.070088
0.564247
0.010031
0.028817
0.002331
0.003855
0.007856
0.496945
0.059829
0.076802
0.236489
0.001917
0.002531
0.695158
0.076355
0.061032
0.782985
0.010865
0.032956
0.267512
0.133965
0.011444
0.27355
0.027512
0.090035
0.000394
0.003057
0.000314
0.000243
0.114364
0.468143
0.001241
0.048734
0.00146
0.001884
0.048076
0.017178
0.45985
0.023792
0.061736
0.002288
0.882044
0.016184
0.962205
0.492134
0.000219
0.032865
0.006677
0.004104
0.006083
0.009864
0.000226
0.007763
0.135747
0.81516
0.000434
0.046569
0.004221
0.59863
0.772206
0.589082
0.154869
0.00027
0.001843
0.042996
0.00442
0.101713
0.224325
0.356655
0.994568
0.071224
0.00074
0.069141
0.003203
0.002227
0.014539
0.012043
0.000954
0.00035
0.928754
0.0007
0.042618
0.724772
0.000805
0.319236
0.100943
0.032636
0.087898
0.298281
0.001492
0.351018
0.993294
0.000515
0.020657
0.58998
0.000892
0.001065
0.000913
0.140419
0.56826
0.007283
0.612899
0.007059
0.046902
0.061887
0.040157
0.003142
0.01665
0.024818
0.850084
0.004581
0.862367
0.455627
0.455573
0.006279
0.428241
0.095647
0.915106
0.007977
0.002794
0.008488
0.004242
0.033098
0.024196
0.00186
0.237076
0.748914
0.394327
0.183932
0.067336
0.002869
0.112329
0.008061
0.003375
0.125951
0.009102
0.0017
0.721217
0.009153
0.403517
0.092196
0.214869
0.021666
0.005743
0.029754
0.659545
0.005357
0.003518
0.579647
0.277305
0.015749
0.0864
0.001352
0.022958
0.14641
0.183635
0.927288
0.006425
0.096245
0.002618
0.028877
0.069357
0.002338
0.793261
0.9733
0.000214
0.01309
0.001745
0.165035
0.013023
0.021616
0.069288
0.01998
0.042537
0.092301
0.627718
0.098481
0.068401
0.033587
0.086075
0.099188
0.001598
0.010411
0.455454
0.045442
0.004425
0.007779
0.006533
0.00036
0.000523
0.028053
0.002578
0.05913
0.002432
0.012627
0.001878
0.057046
0.058819
0.450459
0.010712
0.003658
0.05314
0.047569
0.081054
0.025988
0.018898
0.04657
0.801878
0.010367
0.922018
0.42779
0.35276
0.009514
0.10653
0.212866
0.00193
0.001332
0.90494
0.189625
0.008947
0.000814
0.023905
0.001391
0.008601
0.004911
0.040643
0.01747
0.400885
0.000774
0.99638
0.006418
0.654473
0.012587
0.000339
0.168159
0.094235
0.00131
0.833452
0.186736
0.081401
0.243443
0.05925
0.019745
0.414957
0.748393
0.068784
0.015134
0.007375
0.013108
0.004079
0.035756
0.028547
0.041611
0.018731
0.056231
0.104183
0.008038
0.669944
0.210812
0.018783
0.05446
0.003634
0.26528
0.004167
0.051211
0.000328
0.007632
0.014809
0.014209
0.423775
0.028705
0.011396
0.005328
0.018072
0.002536
0.095737
0.010863
0.413078
0.978562
0.000535
0.023607
0.000599
0.009201
0.597442
0.885601
0.006469
0.004673
0.008338
0.950031
0.028829
0.005881
0.068643
0.01606
0.000976
0.728114
0.176911
0.005562
0.002763
0.099642
0.365425
0.091916
0.079223
0.711723
0.030326
0.002656
0.024126
0.00086
0.778872
0.006013
0.398579
0.188205
0.946046
0.930673
0.045874
0.342561
0.996092
0.019433
0.001306
0.001479
0.045927
0.031881
0.405
0.000616
0.299286
0.649878
0.001029
0.034434
0.003958
0.052304
0.524499
0.311747
0.001514
0.010768
0.061093
0.077233
0.001613
0.01473
0.008949
0.040107
0.006716
0.035481
0.000251
0.265397
0.004075
0.032838
0.03104
0.00841
0.236665
0.185844
0.081205
0.148347
0.013152
0.129016
0.04345
0.38885
0.003009
0.010802
0.001606
0.388028
0.033886
0.992934
0.310379
0.814596
0.000432
0.00593
0.455953
0.285489
0.832093
0.000666
0.655472
0.002614
0.009806
0.004079
0.968988
0.067398
0.314321
0.001105
0.56825
0.026001
0.005209
0.548924
0.020204
0.023335
0.002326
0.005376
0.211956
0.022118
0.066923
0.005388
0.001401
0.142268
0.006544
0.120459
0.023793
0.001627
0.927131
0.00368
0.087508
0.021206
0.740766
0.018344
0.937769
0.009846
0.001207
0.004067
0.854791
0.022006
0.028707
0.974302
0.001603
0.436115
0.223316
0.002498
0.001549
0.008032
0.032983
0.027571
0.000908
0.024985
0.892414
0.980979
0.005645
0.336642
0.044694
0.053175
0.001822
0.000456
0.036432
0.118049
0.198128
0.019917
0.001496
0.010198
0.008184
0.040521
0.014958
0.047506
0.017726
0.002467
0.321598
0.601116
0.007054
0.001788
0.000402
0.775085
0.002337
0.004577
0.046635
0.00549
0.085888
0.058448
0.000315
0.265208
0.130406
0.1091
0.001294
0.045869
0.001594
0.011553
0.0839
0.684826
0.148596
0.596235
0.000718
0.96929
0.00168
0.950784
0.000259
0.074053
0.004689
0.005692
0.111703
0.032097
0.272094
0.001718
0.302781
0.016786
0.040588
0.199032
0.000931
0.461469
0.111538
0.453618
0.638658
0.005438
0.001273
0.094344
0.000363
0.007228
0.019904
0.872978
0.097621
0.030288
0.000709
0.005884
0.865883
0.091603
0.030642
0.066701
0.000201
0.031078
0.000365
0.107276
0.462029
0.00677
0.406151
0.002203
0.031401
0.046077
0.000732
0.293666
0.00408
0.001509
0.002337
0.442755
0.034918
0.898063
0.765363
0.13339
0.315056
0.673437
0.685216
0.025165
0.073337
0.001846
0.006447
0.923824
0.006908
0.005945
0.001339
0.991755
0.000158
0.380283
0.001188
0.002354
0.003402
0.008766
0.003277
0.224333
0.038342
0.779826
0.014225
0.04106
0.014783
0.819153
0.0019
0.00091
0.00657
0.574409
0.020594
0.002243
0.005453
0.025461
0.017599
0.000971
0.086286
0.008156
0.041394
0.004986
0.911128
0.007451
0.590211
0.449665
0.005917
0.018986
0.632568
0.017547
0.00196
0.002224
0.050307
0.221994
0.002336
0.123415
0.013552
0.155137
0.004508
0.227908
0.000219
0.073017
0.313751
0.072517
0.939559
0.014301
0.003881
0.125596
0.000652
0.087994
0.028824
0.007311
0.06719
0.005614
0.00145
0.022866
0.546558
0.765433
0.045931
0.030892
0.306468
0.803162
0.253655
0.000262
0.000733
0.001245
0.405711
0.599143
0.044676
0.043287
0.099156
0.000203
0.284459
0.003447
0.098944
0.702579
0.275066
0.068394
0.494838
0.00431
0.088444
0.001296
0.048872
0.01132
0.00139
0.093097
0.030166
0.004687
0.003517
0.981925
0.386782
0.005494
0.806585
0.450697
0.001468
0.118715
0.88446
0.086058
0.002165
0.004849
0.991262
0.000229
0.057641
0.51999
0.001902
0.100383
0.085294
0.157671
0.322656
0.103176
0.027037
0.005678
0.595948
0.014136
0.093537
0.002731
0.021637
0.101158
0.447778
0.142407
0.020674
0.002967
0.057146
0.010479
0.076115
0.002007
0.768357
0.272892
0.009759
0.051433
0.642315
0.000348
0.011865
0.025622
0.032159
0.033928
0.002407
0.931838
0.997647
0.023246
0.010328
0.077267
0.178795
0.025974
0.067239
0.9876
0.027334
0.000468
0.00319
0.009926
0.121321
0.387108
0.001522
0.616409
0.12543
0.918192
0.75141
0.001317
0.013004
0.001285
0.499654
0.001398
0.12227
0.000503
0.33407
0.046918
0.980263
0.042139
0.002264
0.112361
0.058903
0.018955
0.113169
0.060292
0.000307
0.979731
0.013871
0.000876
0.344741
0.57336
0.00552
0.430778
0.152241
0.219521
0.340866
0.000464
0.003311
0.000464
0.018156
0.182373
0.927855
0.962699
0.355138
0.000556
0.104821
0.895042
0.136365
0.290746
0.583262
0.001322
0.818231
0.018459
0.000377
0.009488
0.016495
0.003344
0.000727
0.005135
0.715686
0.218048
0.047788
0.066897
0.015234
0.917433
0.025523
0.014658
0.183587
0.134936
0.004134
0.519718
0.008131
0.021695
0.061344
0.000326
0.001003
0.000533
0.702993
0.004513
0.00199
0.071403
0.000347
0.179733
0.006564
0.878575
0.000982
0.30904
0.00031
0.075287
0.122036
0.007082
0.779805
0.011107
0.013331
0.989108
0.259677
0.938918
0.015916
0.123845
0.054024
0.016333
0.688449
0.11405
0.009413
0.002494
0.002965
0.001186
0.000336
0.003041
0.009799
0.077121
0.154725
0.014279
0.016155
0.612652
0.104434
0.661518
0.854577
0.995463
0.043168
0.013227
0.184018
0.207049
0.077663
0.01377
0.274268
0.601415
0.013081
0.051556
0.026027
0.003843
0.082579
0.000272
0.335621
0.000282
0.93435
0.033572
0.000607
0.451094
0.048686
0.02833
0.014413
0.021508
0.005987
0.088607
0.030276
0.245237
0.015753
0.652115
0.071738
0.001388
0.004688
0.005783
0.017529
0.004462
0.684184
0.244453
0.004705
0.22176
0.022025
0.012423
0.325451
0.004137
0.003124
0.001283
0.569092
0.281758
0.01165
0.002658
0.017675
0.017762
0.119657
0.001328
0.1818
0.002193
0.341906
0.723356
0.043424
0.702617
0.051928
0.002246
0.22535
0.000569
0.056396
0.314797
0.966106
0.077011
0.099224
0.01565
0.509394
0.002046
0.013769
0.003665
0.434001
0.059223
0.036392
0.165853
0.000562
0.000513
0.000409
0.066922
0.005989
0.064983
0.000592
0.008131
0.082399
0.543394
0.156571
0.006782
0.436833
0.042198
0.036071
0.054972
0.402382
0.000432
0.1179
0.009739
0.014308
0.149882
0.96632
0.423413
0.689446
0.000884
0.03623
0.231571
0.250891
0.636743
0.015484
0.002604
0.141066
0.03725
0.935151
0.225363
0.007964
0.038401
0.35705
0.000261
0.021482
0.01021
0.616627
0.154799
0.156049
0.034952
0.00134
0.005098
0.030735
0.242779
0.000904
0.016988
0.057779
0.006788
0.923025
0.010674
0.002829
0.981588
0.009471
0.012067
0.027771
0.008341
0.017309
0.002943
0.013234
0.598179
0.029452
0.001636
0.003174
0.030675
0.001396
0.012579
0.003321
0.315685
0.00094
0.147881
0.210952
0.76632
0.002948
0.00075
0.071792
0.063395
0.092294
0.206586
0.123451
0.00759
0.004414
0.010734
0.10183
0.997513
0.055266
0.023992
0.01862
0.14406
0.085655
0.062096
0.000522
0.136127
0.005113
0.000463
0.001387
0.019085
0.035486
0.001146
0.029888
0.002696
0.603299
0.058657
0.142355
0.00431
0.921115
0.005583
0.001316
0.083516
0.010543
0.003293
0.061883
0.007964
0.031429
0.002336
0.001545
0.215605
0.000323
0.081584
0.170799
0.020747
0.617532
0.026027
0.400128
0.022326
0.17819
0.000908
0.031011
0.649031
0.696181
0.925665
0.348648
0.71651
0.005812
0.021954
0.021533
0.001949
0.004426
0.122008
0.039438
0.002067
0.000512
0.003532
0.005388
0.006941
0.336331
0.71208
0.159039
0.011225
0.001739
0.240263
0.046214
0.005766
0.394211
0.014797
0.433708
0.199244
0.051603
0.945826
0.149869
0.003313
0.003933
0.051368
0.038721
0.020728
0.028591
0.000464
0.008782
0.016152
0.004659
0.803286
0.00076
0.000326
0.007865
0.073506
0.000411
0.118637
0.001689
0.004982
0.00358
0.003589
0.009312
0.676549
0.014441
0.818597
0.001084
0.556509
0.043107
0.018196
0.365992
0.001829
0.783952
0.200033
0.023191
0.040581
0.00228
0.001393
0.015376
0.022119
0.002461
0.123757
0.02003
0.014894
0.420709
0.001932
0.002165
0.862915
0.083551
0.967247
0.091572
0.002135
0.003484
0.972144
0.022898
0.177514
0.776069
0.004221
0.359045
0.106566
0.101055
0.571234
0.056522
0.004225
0.021705
0.011232
0.008263
0.010065
0.000831
0.017468
0.052509
0.022029
0.399464
0.580523
0.484798
0.94133
0.020508
0.01263
0.007506
0.974923
0.047125
0.137319
0.000554
0.001049
0.3526
0.145266
0.215281
0.07221
0.475949
0.67524
0.042664
0.02563
0.440124
0.612756
0.008523
0.028331
0.002135
0.006751
0.134826
0.000382
0.417077
0.973178
0.063717
0.167264
0.090497
0.056736
0.000604
0.00223
0.029594
0.167665
0.004833
0.000895
0.009165
0.002695
0.018537
0.002384
0.006172
0.206277
0.098883
0.056172
0.178108
0.046474
0.012965
0.001281
0.85863
0.008431
0.180739
0.015595
0.287201
0.724237
0.036429
0.026568
0.001166
0.019546
0.007186
0.128096
0.21697
0.371944
0.063782
0.062954
0.015698
0.468176
0.140008
0.157846
0.005872
0.056133
0.485762
0.312098
0.017873
0.001342
0.120417
0.046749
0.000289
0.018675
0.194017
0.236487
0.341985
0.00153
0.056811
0.073828
0.016072
0.640393
0.026802
0.921085
0.016979
0.000216
0.002137
0.008142
0.005947
0.000384
0.082237
0.019549
0.877273
0.004025
0.43413
0.161408
0.006142
0.000971
0.109106
0.756168
0.004173
0.014461
0.029623
0.323914
0.346448
0.158285
0.006822
0.072404
0.029273
0.000502
0.110042
0.017806
0.006284
0.346245
0.010927
0.003442
0.001616
0.090131
0.035059
0.942235
0.005164
0.010217
0.699262
0.040103
0.115578
0.006434
0.078303
0.003868
0.008411
0.062099
0.058364
0.002726
0.071136
0.010104
0.017586
0.000298
0.661785
0.083249
0.003622
0.003126
0.000401
0.003481
0.499908
0.855769
0.057248
0.001747
0.923009
0.002344
0.001803
0.259746
0.048549
0.295784
0.100028
0.010678
0.298618
0.789267
0.087109
0.010398
0.431598
0.080707
0.051225
0.000465
0.054156
0.118007
0.283802
0.134415
0.616728
0.002124
0.010678
0.308061
0.284721
0.167061
0.032785
0.002096
0.053411
0.025231
0.643902
0.134525
0.033077
0.041196
0.938734
0.969434
0.000731
0.151141
0.035134
0.00227
0.434534
0.002845
0.01649
0.002438
0.001069
0.095324
0.213049
0.088976
0.016401
0.006113
0.317631
0.000241
0.322715
0.234423
0.050776
0.225661
0.010396
0.217723
0.103544
0.003737
0.000286
0.040776
0.070623
0.095289
0.128993
0.003558
0.051789
0.271288
0.097075
0.003031
0.006307
0.096055
0.271138
0.166172
0.134712
0.013654
0.100304
0.900194
0.021638
0.287708
0.004226
0.008081
0.567607
0.91475
0.003406
0.0125
0.000394
0.001054
0.55779
0.000941
0.068934
0.008885
0.088956
0.078249
0.87051
0.707686
0.032395
0.018934
0.005882
0.627486
0.004636
0.001157
0.152797
0.500911
0.014691
0.132754
0.477126
0.028278
0.016479
0.008404
0.012917
0.163746
0.00083
0.908884
0.000751
0.049488
0.012591
0.201339
0.035081
0.005542
0.023832
0.035565
0.072117
0.907126
0.00144
0.003065
0.791282
0.382136
0.50415
0.004541
0.047305
0.004028
0.005949
0.045359
0.006364
0.005764
0.79651
0.077923
0.033161
0.215845
0.010649
0.210847
0.006711
0.20522
0.012386
0.060655
0.005039
0.199391
0.887654
0.009672
0.25023
0.000845
0.026717
0.025538
0.150153
0.659743
0.453475
0.337326
0.000718
0.002467
0.704334
0.2466
0.000397
0.018408
0.005957
0.928557
0.002028
0.29348
0.203809
0.433969
0.012999
0.211183
0.014976
0.947579
0.036705
0.00398
0.042913
0.001994
0.017543
0.08164
0.280302
0.279961
0.00572
0.426533
0.088557
0.137301
0.031289
0.028036
0.132159
0.49991
0.2676
0.950611
0.01031
0.000382
0.010651
0.055648
0.685977
0.000409
0.386377
0.000959
0.40947
0.177266
0.000656
0.007019
0.177658
0.244927
0.004545
0.014172
0.99347
0.113301
0.025443
0.967792
0.006288
0.003137
0.591144
0.000193
0.01086
0.050129
0.083522
0.002152
0.020548
0.762042
0.004723
0.149554
0.002991
0.096937
0.006321
0.005533
0.058022
0.000345
0.20877
0.111094
0.927842
0.027816
0.305016
0.01918
0.13012
0.004147
0.060029
0.129185
0.583461
0.658623
0.00137
0.015892
0.015152
0.902594
0.093659
0.004036
0.156937
0.115478
0.045561
0.317065
0.042212
0.919555
0.02512
0.788992
0.08096
0.046946
0.420538
0.125018
0.023535
0.004666
0.091139
0.423373
0.071246
0.64413
0.004767
0.754655
0.010983
0.011913
0.005861
0.040343
0.014047
0.002444
0.166648
0.006054
0.117874
0.008532
0.00891
0.000615
0.001263
0.003799
0.002439
0.659292
0.010216
0.004529
0.020216
0.006786
0.001397
0.861844
0.193002
0.008116
0.001943
0.755845
0.722826
0.049483
0.013036
0.000295
0.307688
0.112881
0.99412
0.008252
0.109188
0.073459
0.003649
0.035508
0.001428
0.05452
0.001113
0.98514
0.285341
0.007261
0.001578
0.050435
0.453241
0.001587
0.958845
0.38249
0.384352
0.421809
0.001341
0.562142
0.008635
0.010663
0.977166
0.001821
0.03974
0.009678
0.060862
0.523406
0.47954
0.339928
0.943282
0.01511
0.011149
0.689864
0.005925
0.012153
0.139151
0.112072
0.474007
0.411236
0.124508
0.354485
0.138057
0.18506
0.24716
0.009069
0.042509
0.061688
0.008796
0.00155
0.046513
0.882382
0.007106
0.012888
0.000802
0.563476
0.008287
0.001053
0.002873
0.011355
0.982842
0.000507
0.019997
0.558562
0.745133
0.385076
0.026783
0.167849
0.170285
0.455686
0.145331
0.146229
0.038994
0.047853
0.440981
0.006374
0.988403
0.293564
0.000884
0.159499
0.003097
0.001854
0.02663
0.00445
0.765026
0.699793
0.056843
0.008083
0.005515
0.00237
0.003481
0.271984
0.00122
0.942609
0.010467
0.087271
0.000567
0.13619
0.000999
0.011803
0.216382
0.32699
0.04824
0.023548
0.072962
0.021213
0.02038
0.005516
0.054871
0.020779
0.407465
0.522964
0.237339
0.003578
0.049014
0.00514
0.808707
0.008177
0.935125
0.041287
0.013973
0.005369
0.662992
0.005872
0.812096
0.037259
0.003864
0.004921
0.260208
0.260127
0.717923
0.046707
0.002794
0.000406
0.804289
0.086612
0.050569
0.071121
0.047058
0.615091
0.063454
0.490477
0.060577
0.005227
0.305938
0.001836
0.000439
0.006921
0.0139
0.18009
0.026523
0.116072
0.009012
0.004239
0.011
0.029588
0.71054
0.688084
0.096442
0.005226
0.000471
0.000326
0.001827
0.006897
0.18285
0.238868
0.000521
0.015598
0.005202
0.003157
0.004452
0.002823
0.670079
0.879702
0.053457
0.801329
0.406169
0.270891
0.038609
0.011421
0.041451
0.993258
0.002484
0.305794
0.431998
0.007018
0.001524
0.098325
0.006151
0.785743
0.119131
0.98442
0.15818
0.000203
0.106159
0.116753
0.010607
0.001571
0.002275
0.000802
0.105816
0.857737
0.096126
0.520339
0.016115
0.004888
0.082107
0.009812
0.000272
0.245456
0.675696
0.001014
0.053135
0.144282
0.215401
0.113589
0.369795
0.037784
0.000691
0.002798
0.740871
0.007545
0.001494
0.047199
0.049507
0.533945
0.106441
0.000495
0.014189
0.5289
0.091247
0.63812
0.010411
0.013822
0.163939
0.799931
0.050491
0.468365
0.208549
0.289459
0.000555
0.020204
0.037357
0.003596
0.003214
0.000599
0.026497
0.065629
0.470672
0.000914
0.001899
0.019995
0.035696
0.003969
0.261844
0.16289
0.001319
0.000253
0.013976
0.336175
0.011375
0.037657
0.035817
0.005731
0.06806
0.900547
0.558238
0.098833
0.922465
0.011833
0.432994
0.016931
0.877805
0.000764
0.013406
0.026
0.06781
0.002072
0.106974
0.274349
0.013994
0.004984
0.049905
0.011742
0.011283
0.003086
0.01091
0.009208
0.214405
0.067188
0.009602
0.014475
0.659349
0.201252
0.04578
0.052891
0.260548
0.40378
0.027409
0.001129
0.600242
0.00106
0.001747
0.000566
0.001226
0.077695
0.000719
0.274293
0.401124
0.395878
0.007987
0.006132
0.234949
0.065904
0.010039
0.002883
0.320946
0.145953
0.769091
0.025174
0.150088
0.047423
0.000394
0.066835
0.018377
0.131728
0.708539
0.711527
0.385696
0.376607
0.00505
0.02355
0.026195
0.00343
0.077221
0.357249
0.145973
0.032047
0.000782
0.686076
0.001369
0.008175
0.003147
0.037381
0.886714
0.002614
0.980518
0.037419
0.173846
0.040623
0.233202
0.004166
0.265377
0.011068
0.013942
0.05333
0.14333
0.316397
0.960853
0.100988
0.014399
0.002411
0.769799
0.18798
0.337189
0.27945
0.008151
0.403007
0.019785
0.105792
0.651481
0.949397
0.092582
0.059036
0.981004
0.002471
0.00053
0.017474
0.012142
0.003413
0.014545
0.019786
0.004434
0.002233
0.429296
0.051137
0.037114
0.020658
0.00326
0.524208
0.693319
0.127051
0.039712
0.484671
0.069839
0.280846
0.001117
0.021237
0.035551
0.36111
0.055362
0.001939
0.006479
0.005243
0.012454
0.000911
0.012594
0.002289
0.005486
0.002554
0.061807
0.112264
0.006445
0.006931
0.019337
0.169166
0.034709
0.312277
0.070138
0.928849
0.000359
0.000542
0.006307
0.843328
0.860366
0.968903
0.045053
0.392887
0.758031
0.00816
0.248045
0.002007
0.386799
0.000282
0.140672
0.000511
0.199119
0.603312
0.003316
0.351272
0.008811
0.280358
0.058797
0.036402
0.010998
0.000731
0.010858
0.01678
0.158012
0.094115
0.001705
0.055168
0.000555
0.00247
0.003068
0.872672
0.038571
0.012981
0.179269
0.984645
0.519508
0.97141
0.978884
0.407993
0.007056
0.017258
0.006308
0.00502
0.413766
0.034449
0.126915
0.008684
0.00067
0.02975
0.034811
0.001257
0.428853
0.253366
0.065829
0.006174
0.015375
0.07459
0.989486
0.018221
0.359666
0.001439
0.094109
0.003124
0.644617
0.657207
0.993492
0.002814
0.041719
0.00043
0.137527
0.00889
0.043528
0.011167
0.827544
0.04608
0.193506
0.201617
0.013177
0.003805
0.007497
0.685207
0.001169
0.525557
0.738785
0.423458
0.199246
0.000391
0.353005
0.00053
0.010122
0.05327
0.190435
0.016804
0.798938
0.002791
0.003297
0.43623
0.155205
0.055633
0.078168
0.118951
0.000648
0.043863
0.000566
0.985554
0.005822
0.083428
0.021104
0.010417
0.001241
0.353251
0.00484
0.064144
0.018015
0.001351
0.153207
0.317007
0.025006
0.116696
0.092461
0.002931
0.009927
0.006526
0.166478
0.00141
0.615442
0.005544
0.003808
0.885888
0.011305
0.0006
0.012148
0.785312
0.172482
0.08609
0.007531
0.986669
0.70196
0.010793
0.092364
0.012667
0.014144
0.935222
0.016278
0.005904
0.009248
0.140733
0.145952
0.490268
0.556025
0.165151
0.000372
0.145191
0.00257
0.002522
0.011608
0.041404
0.048179
0.03239
0.003636
0.147982
0.000564
0.004708
0.00198
0.22667
0.060166
0.003279
0.063142
0.000878
0.138037
0.977631
0.000894
0.032634
0.001354
0.023181
0.188953
0.066111
0.427601
0.030973
0.003511
0.021258
0.636909
0.800906
0.457618
0.002191
0.238053
0.003841
0.006541
0.006249
0.821094
0.01657
0.619843
0.035918
0.000531
0.976648
0.001495
0.087506
0.169079
0.000514
0.007308
0.582431
0.043928
0.006348
0.043919
0.029782
0.956867
0.045122
0.058818
0.00449
0.271442
0.10913
0.000655
0.241652
0.031947
0.006555
0.015476
0.92932
0.100148
0.001034
0.174317
0.037999
0.088159
0.348867
0.002065
0.98296
0.00265
0.000372
0.008911
0.019103
0.172041
0.141586
0.013997
0.044593
0.013015
0.044314
0.003856
0.299872
0.008782
0.385374
0.045228
0.813578
0.985011
0.00632
0.007206
0.556988
0.275152
0.003684
0.006247
0.039584
0.006157
0.015437
0.001279
0.000742
0.07196
0.500374
0.945522
0.004455
0.945545
0.004395
0.150661
0.004558
0.087403
0.061403
0.013236
0.009195
0.601267
0.024548
0.017981
0.053995
0.383867
0.067979
0.048873
0.056603
0.059555
0.006956
0.185654
0.054297
0.044582
0.002368
0.000501
0.207433
0.005188
0.847979
0.000793
0.393112
0.180104
0.012141
0.014173
0.993146
0.004189
0.003353
0.33785
0.214987
0.002676
0.002883
0.20097
0.004774
0.129302
0.036348
0.011262
0.906293
0.030336
0.62665
0.10211
0.40988
0.004658
0.767456
0.045213
0.002379
0.000537
0.018948
0.054657
0.079988
0.085508
0.002907
0.021887
0.226164
0.003646
0.000939
0.001053
0.306707
0.034941
0.020132
0.050953
0.001632
0.103262
0.002457
0.759561
0.025259
0.088526
0.354045
0.440944
0.433677
0.432052
0.002714
0.03097
0.058554
0.038603
0.772477
0.001862
0.146373
0.100488
0.112459
0.434864
0.345435
0.798962
0.942404
0.201448
0.128143
0.107124
0.007273
0.004752
0.011861
0.24078
0.001135
0.005294
0.000464
0.053711
0.003598
0.032668
0.005051
0.003718
0.138693
0.00119
0.103391
0.006806
0.030021
0.011699
0.725761
0.022708
0.004491
0.029284
0.092445
0.526667
0.122152
0.000792
0.063215
0.01961
0.555936
0.148574
0.001629
0.009191
0.050419
0.017562
0.004339
0.024204
0.233974
0.006854
0.192189
0.004022
0.002227
0.132073
0.046655
0.033234
0.240865
0.016764
0.012087
0.020699
0.927131
0.048061
0.005207
0.152029
0.113331
0.007184
0.876699
0.006192
0.847762
0.973424
0.482317
0.399701
0.001602
0.302544
0.004161
0.275629
0.188203
0.071864
0.01251
0.10231
0.040884
0.001856
0.051867
0.001221
0.000592
0.59208
0.030996
0.005012
0.061951
0.007863
0.006001
0.000448
0.073742
0.180141
0.000575
0.686928
0.001765
0.00693
0.918702
0.401628
0.005477
0.002478
0.417116
0.616551
0.147179
0.034508
0.019243
0.225301
0.004879
0.673547
0.053286
0.003905
0.024876
0.020861
0.797965
0.004432
0.318614
0.491303
0.056582
0.602969
0.194294
0.125652
0.001611
0.330094
0.011551
0.049364
0.534584
0.037503
0.005121
0.892158
0.816703
0.380544
0.429309
0.061679
0.521211
0.002257
0.692843
0.000817
0.065727
0.035351
0.090728
0.30581
0.015722
0.031481
0.098285
0.008465
0.002678
0.210161
0.746245
0.030485
0.034732
0.00853
0.000981
0.041204
0.730691
0.018195
0.745657
0.001477
0.000467
0.002728
0.007176
0.010311
0.00142
0.026978
0.055249
0.113037
0.170723
0.779269
0.064616
0.005483
0.00479
0.892663
0.000982
0.172201
0.039012
0.060775
0.187602
0.997151
0.078412
0.006517
0.039292
0.103302
0.082534
0.000799
0.014226
0.016807
0.009268
0.003036
0.152705
0.017666
0.002176
0.221161
0.034036
0.028338
0.0005
0.045568
0.135006
0.517926
0.276681
0.004447
0.134393
0.044537
0.080347
0.048058
0.053503
0.012167
0.030107
0.0669
0.018686
0.031773
0.083344
0.053405
0.01952
0.037776
0.606849
0.877534
0.053123
0.845262
0.040549
0.062685
0.113214
0.601126
0.042497
0.012926
0.051354
0.771134
0.433722
0.775054
0.00966
0.25683
0.733567
0.074877
0.015037
0.035995
0.764602
0.001406
0.014772
0.019882
0.825251
0.028674
0.001082
0.73674
0.008605
0.000929
0.809076
0.000863
0.610186
0.050966
0.642663
0.152254
0.028612
0.005008
0.00144
0.001201
0.105344
0.007433
0.07607
0.387271
0.817359
0.526933
0.135166
0.52565
0.010668
0.008995
0.341626
0.016236
0.365162
0.009334
0.138327
0.044814
0.004736
0.008201
0.011897
0.00061
0.008206
0.00076
0.748602
0.459184
0.072266
0.002044
0.033914
0.00669
0.008139
0.019492
0.72474
0.295385
0.261664
0.15223
0.864667
0.001654
0.446785
0.427373
0.059936
0.581624
0.369953
0.031082
0.066003
0.084937
0.001297
0.015753
0.023047
0.000949
0.25451
0.132731
0.036116
0.001153
0.012773
0.858969
0.931494
0.001876
0.009318
0.057694
0.261491
0.107059
0.02381
0.124993
0.000464
0.111816
0.423096
0.174951
0.00018
0.016092
0.115317
0.955769
0.004309
0.00029
0.053326
0.225182
0.351816
0.021621
0.026127
0.95721
0.057328
0.001255
0.001086
0.010666
0.000888
0.737162
0.332529
0.000497
0.98441
0.031949
0.029458
0.008531
0.806684
0.553714
0.646287
0.303615
0.001348
0.40686
0.582889
0.148038
0.016474
0.928123
0.000205
0.007606
0.18681
0.000382
0.223452
0.247124
0.002345
0.007253
0.005716
0.081249
0.069929
0.052744
0.005022
0.01493
0.002629
0.002171
0.282975
0.054606
0.857454
0.082196
0.074541
0.034678
0.6909
0.958721
0.074796
0.054197
0.019391
0.026319
0.038797
0.042139
0.00446
0.000622
0.303095
0.172838
0.050554
0.001465
0.000403
0.454328
0.005353
0.001043
0.021767
0.001454
0.00504
0.033863
0.847874
0.371088
0.001138
0.091271
0.1218
0.190258
0.000866
0.001635
0.00684
0.00351
0.172536
0.011471
0.028853
0.055175
0.024794
0.960414
0.000492
0.007498
0.000147
0.004921
0.82275
0.376213
0.718189
0.03082
0.024559
0.012262
0.008051
0.213911
0.836471
0.000734
0.423598
0.220856
0.355397
0.006636
0.003687
0.002881
0.004855
0.07684
0.055589
0.039072
0.066413
0.346413
0.056493
0.002367
0.029908
0.811125
0.000415
0.199905
0.333559
0.000729
0.868831
0.062071
0.009355
0.079849
0.01771
0.00345
0.502159
0.002439
0.000257
0.049092
0.014829
0.604408
0.936436
0.847721
0.001017
0.465847
0.000611
0.028752
0.020807
0.002468
0.386157
0.002718
0.331667
0.020144
0.177999
0.02389
0.002005
0.272996
0.009824
0.042634
0.018493
0.029097
0.027597
0.00068
0.216273
0.0721
0.137923
0.019559
0.033154
0.000186
0.396262
0.000536
0.028993
0.051138
0.013977
0.366892
0.098784
0.000278
0.034169
0.016861
0.028798
0.002053
0.888325
0.723709
0.000602
0.427577
0.096777
0.028733
0.000732
0.92824
0.03104
0.003481
0.044542
0.075746
0.359313
0.485474
0.168519
0.053408
0.015099
0.063368
0.005772
0.001959
0.000858
0.041096
0.918096
0.012603
0.018102
0.14493
0.948358
0.219316
0.067575
0.001063
0.655083
0.192128
0.13727
0.84545
0.013062
0.901133
0.006781
0.156765
0.018767
0.068761
0.291141
0.033883
0.020751
0.030689
0.027817
0.021521
0.61673
0.040942
0.010571
0.507451
0.010411
0.029753
0.825349
0.965578
0.562647
0.034057
0.004557
0.021726
0.042234
0.054293
0.022544
0.872613
0.991442
0.967165
0.355217
0.077889
0.336714
0.014064
0.027507
0.849228
0.002816
0.008527
0.25633
0.003482
0.000648
0.920077
0.062636
0.067835
0.461965
0.936747
0.146072
0.067281
0.003085
0.839107
0.978453
0.008658
0.118189
0.477079
0.000443
0.415445
0.285355
0.349649
0.199742
0.793079
0.008877
0.162006
0.532118
0.032915
0.023996
0.12361
0.045963
0.96054
0.001011
0.283085
0.012147
0.030707
0.019957
0.001867
0.363391
0.073175
0.005686
0.148909
0.032501
0.686955
0.026656
0.039393
0.003949
0.22034
0.011175
0.146664
0.634437
0.000424
0.02766
0.32424
0.075716
0.687969
0.000527
0.069314
0.530629
0.489283
0.001128
0.016918
0.49631
0.022507
0.626321
0.012388
0.021738
0.029138
0.00122
0.026841
0.148688
0.030096
0.246813
0.001702
0.965942
0.319991
0.91135
0.000227
0.001163
0.002583
0.08031
0.025099
0.007677
0.375729
0.012926
0.004544
0.001689
0.096946
0.882652
0.00344
0.111824
0.016836
0.499334
0.252544
0.144126
0.000434
0.018888
0.112891
0.080169
0.026971
0.453132
0.033384
0.376967
0.027656
0.000783
0.050184
0.791221
0.0018
0.13708
0.005408
0.196678
0.000371
0.623863
0.00582
0.073065
0.983396
0.001852
0.001504
0.001467
0.001321
0.00091
0.013718
0.507073
0.298136
0.008549
0.05305
0.045496
0.587165
0.011784
0.429901
0.000324
0.41502
0.063795
0.067416
0.651619
0.099845
0.00998
0.004288
0.03795
0.087022
0.639862
0.028736
0.035847
0.689459
0.004308
0.001701
0.31519
0.297103
0.001678
0.008681
0.003559
0.728182
0.002886
0.11967
0.370073
0.001725
0.044061
0.176749
0.000429
0.001251
0.014717
0.971259
0.020962
0.299301
0.095262
0.748734
0.260416
0.030754
0.004627
0.044448
0.16878
0.116579
0.014284
0.746088
0.004855
0.866008
0.095545
0.115371
0.150455
0.008423
0.009632
0.001068
0.017366
0.000497
0.003118
0.002119
0.012285
0.018172
0.022925
0.013456
0.003709
0.859145
0.019663
0.008984
0.000288
0.020551
0.002307
0.067382
0.260062
0.000261
0.005251
0.016784
0.022755
0.921727
0.000931
0.62494
0.014699
0.192812
0.472002
0.01019
0.266585
0.000897
0.111133
0.008472
0.003461
0.562594
0.185698
0.006047
0.040877
0.02951
0.172343
0.051812
0.000376
0.001662
0.410476
0.290177
0.127378
0.011183
0.009442
0.097218
0.000401
0.037528
0.816104
0.001082
0.00075
0.429096
0.057128
0.003371
0.074274
0.02957
0.269419
0.062371
0.015527
0.036312
0.031092
0.886046
0.010298
0.048264
0.050256
0.004142
0.002143
0.148653
0.001185
0.391744
0.009497
0.015314
0.029918
0.073071
0.481627
0.01606
0.149205
0.1844
0.001721
0.00095
0.170778
0.001894
0.310485
0.044735
0.623933
0.91832
0.056874
0.012759
0.001254
0.032821
0.028842
0.052333
0.009111
0.68278
0.522025
0.001977
0.066954
0.894667
0.001327
0.014053
0.251223
0.002451
0.445568
0.180389
0.00529
0.011607
0.003925
0.553685
0.007722
0.038412
0.066739
0.148296
0.268202
0.153833
0.027808
0.001382
0.357594
0.063789
0.963249
0.388067
0.034866
0.167128
0.927022
0.006502
0.821436
0.996691
0.294162
0.0415
0.09695
0.874993
0.005064
0.914722
0.120211
0.000486
0.052636
0.000518
0.11604
0.993991
0.011631
0.177913
0.85384
0.015479
0.003695
0.378167
0.86456
0.008035
0.041872
0.002882
0.375939
0.004567
0.015798
0.586044
0.03547
0.481278
0.000622
0.018183
0.021362
0.001348
0.213239
0.001959
0.000402
0.661065
0.621552
0.000352
0.016693
0.630445
0.174919
0.065427
0.151496
0.005311
0.002608
0.113345
0.008615
0.105935
0.053852
0.002106
0.014136
0.97944
0.000691
0.002198
0.001579
0.0041
0.11594
0.025058
0.023211
0.173945
0.011918
0.009094
0.031822
0.052783
0.007417
0.236938
0.00589
0.002299
0.827937
0.239871
0.229954
0.023346
0.73607
0.401648
0.067014
0.012144
0.38906
0.003955
0.204023
0.025753
0.076843
0.834809
0.273794
0.05898
0.016786
0.096036
0.027241
0.003947
0.000734
0.007996
0.001314
0.027711
0.023585
0.539212
0.980309
0.023047
0.027481
0.000974
0.03932
0.026362
0.006325
0.035875
0.06739
0.002985
0.165784
0.687076
0.016874
0.130119
0.00439
0.001369
0.003096
0.198858
0.022832
0.023117
0.742816
0.625128
0.001779
0.91363
0.08208
0.001339
0.053151
0.018483
0.90616
0.460243
0.331347
0.039747
0.019355
0.013254
0.000629
0.188009
0.719185
0.003565
0.784595
0.959657
0.01219
0.73067
0.941868
0.00597
0.004481
0.002391
0.033371
0.755226
0.144485
0.023223
0.077507
0.038633
0.065084
0.16614
0.272015
0.873185
0.05374
0.798205
0.111033
0.213767
0.022575
0.000939
0.142079
0.086389
0.020927
0.602573
0.189386
0.023257
0.000608
0.021437
0.000238
0.991014
0.31801
0.192121
0.18074
0.001296
0.036225
0.601373
0.002574
0.001217
0.33465
0.474318
0.024557
0.001735
0.016482
0.090535
0.286075
0.162609
0.022189
0.99658
0.003224
0.238698
0.05572
0.523592
0.699566
0.599694
0.001065
0.075344
0.452003
0.147376
0.311806
0.015644
0.432399
0.904639
0.00171
0.000284
0.333225
0.017424
0.459021
0.863114
0.087115
0.785712
0.043666
0.854454
0.072678
0.074006
0.849574
0.547789
0.066068
0.03174
0.011286
0.064833
0.000328
0.097768
0.835104
0.228052
0.021094
0.08253
0.091688
0.548842
0.001036
0.474582
0.040422
0.003359
0.339541
0.704327
0.328211
0.001116
0.907013
0.351186
0.597881
0.010771
0.003571
0.194767
0.000938
0.000484
0.158393
0.850566
0.000489
0.215556
0.013032
0.000361
0.560548
0.092993
0.002279
0.025901
0.940065
0.879396
0.010252
0.000731
0.047823
0.633185
0.040731
0.01871
0.357212
0.987288
0.032262
0.016376
0.034905
0.025647
0.853817
0.021146
0.80758
0.338107
0.011363
0.001874
0.002677
0.001196
0.007605
0.015411
0.013033
0.129888
0.006585
0.240784
0.655225
0.021077
0.018498
0.020723
0.276022
0.016849
0.000749
0.008546
0.005647
0.013744
0.132825
0.025231
0.000955
0.00433
0.246443
0.058245
0.000453
0.980195
0.003846
0.54286
0.519718
0.006408
0.026271
0.012727
0.040189
0.00067
0.044799
0.930231
0.298581
0.025648
0.008761
0.015132
0.003113
0.000911
0.000479
0.009063
0.010001
0.424941
0.111101
0.400903
0.001097
0.002216
0.004064
0.430743
0.001024
0.868513
0.136146
0.001274
0.000212
0.276135
0.376066
0.008002
0.265562
0.406909
0.000678
0.406674
0.405932
0.000252
0.006849
0.020671
0.02403
0.499759
0.01752
0.025835
0.00053
0.002631
0.005943
0.889608
0.006731
0.65977
0.248524
0.760248
0.016111
0.188165
0.001244
0.947313
0.057593
0.960358
0.000946
0.716274
0.176279
0.079126
0.052134
0.607947
0.910728
0.023638
0.948714
0.000769
0.0523
0.001674
0.009516
0.069947
0.138447
0.008131
0.017437
0.010726
0.707386
0.035684
0.001698
0.322499
0.260555
0.319286
0.00072
0.000292
0.001818
0.000135
0.040091
0.233306
0.041111
0.000825
0.009982
0.001047
0.018702
0.054447
0.016687
0.756043
0.102767
0.279375
0.008667
0.000198
0.691365
0.232502
0.025185
0.396875
0.036529
0.002786
0.01555
0.004264
0.013624
0.170085
0.095765
0.000576
0.006771
0.024071
0.023895
0.000756
0.112145
0.114021
0.020463
0.020972
0.490678
0.001289
0.003138
0.00225
0.021956
0.771425
0.241392
0.017439
0.197581
0.020557
0.007757
0.952346
0.731562
0.414508
0.488905
0.062185
0.000453
0.971865
0.018891
0.000256
0.986576
0.261998
0.035142
0.021496
0.075927
0.054131
0.095846
0.276082
0.18881
0.095155
0.00614
0.70181
0.017799
0.823275
0.015439
0.678988
0.161428
0.007951
0.073552
0.225074
0.917674
0.000667
0.003987
0.040164
0.001874
0.013005
0.081909
0.062722
0.007455
0.030144
0.000628
0.216968
0.000664
0.212164
0.004265
0.972223
0.060263
0.748964
0.002385
0.007872
0.002266
0.34246
0.187155
0.26888
0.750226
0.001992
0.232273
0.012982
0.007632
0.104244
0.998558
0.00058
0.121682
0.03698
0.694297
0.002551
0.021209
0.026298
0.089748
0.510365
0.010438
0.013108
0.003277
0.00054
0.000783
0.004179
0.008373
0.020387
0.178021
0.85144
0.018374
0.007632
0.250801
0.024192
0.15506
0.566198
0.187846
0.54981
0.001776
0.018466
0.790574
0.669846
0.014128
0.000486
0.003384
0.034221
0.212084
0.01043
0.074593
0.009473
0.031212
0.00567
0.712354
0.034907
0.013231
0.104059
0.05953
0.001187
0.030275
0.014604
0.273649
0.093606
0.071331
0.579201
0.005596
0.005502
0.158398
0.428316
0.013989
0.000266
0.54458
0.051133
0.235851
0.961403
0.508083
0.895583
0.016689
0.431515
0.752005
0.00256
0.617632
0.410299
0.385833
0.007078
0.165091
0.013535
0.022891
0.654363
0.2753
0.077731
0.000408
0.133195
0.035977
0.070681
0.001635
0.148382
0.077306
0.02342
0.584655
0.079189
0.020994
0.118661
0.719841
0.9724
0.759964
0.355818
0.006477
0.445032
0.023283
0.86597
0.155987
0.986639
0.897876
0.899158
0.183288
0.006598
0.031303
0.965622
0.001781
0.01211
0.002796
0.005173
0.000783
0.171313
0.01791
0.000468
0.842443
0.997703
0.00231
0.016812
0.192759
0.145875
0.172277
0.000582
0.707143
0.270421
0.877174
0.010092
0.889078
0.33959
0.000645
0.005413
0.718942
0.119962
0.000861
0.989019
0.075762
0.000165
0.96252
0.312357
0.317604
0.082696
0.044532
0.172838
0.001915
0.23239
0.402241
0.247637
0.000458
0.004763
0.013622
0.002412
0.002022
0.01655
0.048541
0.000798
0.950624
0.125185
0.001599
0.111452
0.72344
0.003563
0.114143
0.002759
0.00041
0.151708
0.001346
0.011803
0.144035
0.368512
0.659078
0.014116
0.088866
0.226859
0.574719
0.025213
0.00274
0.372878
0.026523
0.002478
0.066756
0.027118
0.00216
0.002673
0.002641
0.003545
0.133164
0.025506
0.132196
0.00136
0.346902
0.0186
0.103853
0.018982
0.063597
0.004634
0.097496
0.472015
0.32328
0.019014
