0.895989
0.949537
0.50315
0.246706
0.693227
0.832369
0.534604
0.711783
0.93423
0.836939
0.837636
0.930237
0.990214
0.931622
0.897773
0.958305
0.883136
0.979163
0.736356
0.980463
0.72193
0.300521
0.838294
0.992567
0.995288
0.7184
0.922495
0.712925
0.204811
0.665378
0.641847
0.964654
0.938773
0.55763
0.676129
0.799093
0.706511
0.322859
0.914261
0.551599
0.471376
0.755414
0.849572
0.907667
0.941708
0.923325
0.651353
0.623886
0.976167
0.832196
0.917352
0.344213
0.931286
0.177787
0.09971
0.963571
0.986902
0.974572
0.672846
0.833867
0.280103
0.937491
0.819472
0.363965
0.917287
0.87594
0.903011
0.663431
0.736441
0.818566
0.938364
0.940607
0.695313
0.817605
0.908335
0.579537
0.192846
0.6856
0.973406
0.9758
0.824403
0.932744
0.937533
0.814158
0.830563
0.949824
0.924359
0.9558
0.853201
0.813605
0.988826
0.984513
0.784375
0.990275
0.677313
0.808267
0.922106
0.013804
0.811676
0.978973
0.957871
0.983785
0.691098
0.812383
0.902286
0.890541
0.188612
0.372796
0.786614
0.264458
0.970158
0.714232
0.993794
0.835213
0.978241
0.884016
0.596909
0.776964
0.880539
0.990316
0.841981
0.97105
0.907538
0.895618
0.862942
0.839298
0.24054
0.667044
0.979015
0.487526
0.936017
0.799854
0.259308
0.975344
0.771574
0.960299
0.996335
0.558962
0.831558
0.811917
0.756125
0.822596
0.961156
0.56795
0.799291
0.970814
0.106737
0.983593
0.476658
0.70487
0.66464
0.78832
0.604134
0.844505
0.866889
0.802188
0.968317
0.934274
0.628207
0.933699
0.983854
0.933425
0.901128
0.870383
0.750054
0.816137
0.784963
0.9148
0.433168
0.757879
0.895548
0.555103
0.989478
0.615209
0.443564
0.848616
0.958842
0.587961
0.175229
0.872237
0.878431
0.272081
0.789943
0.834955
0.124552
0.969035
0.90528
0.575445
0.768195
0.483156
0.942418
0.667753
0.949475
0.006052
0.937874
0.966917
0.98125
0.282504
0.645074
0.05541
0.765906
0.942795
0.622034
0.904609
0.812339
0.787411
0.993422
0.236876
0.094061
0.567512
0.971915
0.536652
0.582103
0.417471
0.072866
0.850507
0.660348
0.862997
0.484068
0.707386
0.40474
0.942909
0.933535
0.910492
0.912772
0.706491
0.081451
0.002872
0.932605
0.990047
0.604088
0.108159
0.190811
0.006562
0.864315
0.665423
0.550299
0.761185
0.729507
0.502912
0.81376
0.880605
0.762572
0.773054
0.067743
0.503958
0.900646
0.996283
0.90607
0.405883
0.614387
0.69554
0.962469
0.974655
0.55956
0.093139
0.982823
0.845305
0.967182
0.994794
0.963152
0.212634
0.627099
0.990722
0.616974
0.939536
0.942667
0.972583
0.988296
0.839385
0.913286
0.875139
0.991143
0.713067
0.379274
0.784731
0.905489
0.690319
0.870151
0.279463
0.055313
0.651155
0.145683
0.027579
0.898404
0.975529
0.921956
0.863185
0.90407
0.096225
0.013984
0.73509
0.78106
0.346473
0.00088
0.507023
0.681145
0.840946
0.966042
0.996263
0.20824
0.808765
0.648175
0.057926
0.011321
0.94805
0.837025
0.822293
0.996325
0.702982
0.383475
0.538168
0.80355
0.902223
0.418206
0.460942
0.585874
0.849966
0.415074
0.032769
0.963204
0.583298
0.855205
0.923371
0.488689
0.805901
0.305646
0.719471
0.389223
0.990427
0.341434
0.021544
0.994162
0.909471
0.007729
0.976283
0.741239
0.989488
0.828776
0.351586
0.623122
0.862786
0.515911
0.487108
0.960516
0.955361
0.738188
0.52561
0.63844
0.24711
0.79869
0.565784
0.260992
0.079858
0.980465
0.972968
0.911847
0.966664
0.646722
0.628815
0.98677
0.147329
0.999395
0.241268
0.630591
0.851627
0.362896
0.709308
0.00455
0.53649
0.652479
0.933548
0.850731
0.953329
0.200485
0.966012
0.989981
0.942672
0.657139
0.52936
0.191188
0.757858
0.221364
0.999678
0.665925
0.480153
0.667357
0.905041
0.955276
0.985096
0.959194
0.371811
0.994309
0.912564
0.349437
0.557217
0.889913
0.693024
0.528421
0.279081
0.407833
0.411927
0.087951
0.087297
0.93022
0.878221
0.749032
0.402657
0.960823
0.9337
0.526446
0.407261
0.787979
0.853084
0.851666
0.009105
0.919219
0.946498
0.409183
0.049954
0.946788
0.54738
0.996056
0.05505
0.587725
0.175864
0.770504
0.699407
0.888086
0.218915
0.966341
0.953669
0.644603
0.328922
0.976063
0.229401
0.719543
0.741544
0.785114
0.933137
0.84351
0.409571
0.98648
0.876785
0.799127
0.256155
0.930916
0.141973
0.986962
0.002812
0.846273
0.886093
0.496355
0.785001
0.022232
0.774756
0.738244
0.724796
0.734784
0.321693
0.603153
0.886262
0.977879
0.741325
0.031087
0.702354
0.16798
0.413374
0.517466
0.880023
0.857945
0.003379
0.996134
0.252676
0.702517
0.809714
0.646153
0.237782
0.45705
0.864726
0.010993
0.835123
0.966022
0.903848
0.96822
0.945976
0.045278
0.008695
0.981614
0.345033
0.001604
0.993629
0.091768
0.663733
0.400927
0.91517
0.771682
0.935417
0.545588
0.991499
0.07272
0.057261
0.655651
0.827981
0.984434
0.791072
0.156589
0.993044
0.960094
0.077437
0.079456
0.956408
0.690544
0.044006
0.88684
0.952511
0.579477
0.031167
0.728685
0.001368
0.871951
0.853605
0.718716
0.808615
0.799553
0.33954
0.949901
0.052677
0.73499
0.991007
0.527626
0.325741
0.277258
0.971242
0.968794
0.966377
0.644815
0.012061
0.842439
0.662915
0.743882
0.025047
0.993992
0.891339
0.940071
0.819262
0.101345
0.969943
0.883375
0.906521
0.666981
0.182047
0.492133
0.775164
0.003018
0.033171
0.992512
0.005288
0.993736
0.103824
0.137574
0.00538
0.956697
0.004802
0.007322
0.906076
0.518642
0.692635
0.715884
0.633732
0.772869
0.065751
0.780162
0.480968
0.001365
0.818207
0.729697
0.770309
0.42353
0.719002
0.807286
0.659849
0.452424
0.074
0.619303
0.563867
0.000761
0.906962
0.674428
0.838294
0.001572
0.000786
0.257095
0.75926
0.992119
0.923116
0.936247
0.026219
0.60831
0.958629
0.876711
0.881323
0.790327
0.480972
0.943395
0.138062
0.976257
0.719875
0.221246
0.745032
0.081028
0.12405
0.619206
0.903762
0.611294
0.669823
0.80312
0.909221
0.180623
0.949552
0.992466
0.172941
0.003758
0.427595
0.257583
0.682683
0.908933
0.001609
0.967396
0.978503
0.931884
0.171106
0.993484
0.889491
0.776273
0.048557
0.977828
0.950839
0.016453
0.397416
0.639121
0.32892
0.016242
0.008572
0.006046
0.000797
0.057861
0.608617
0.005968
0.001362
0.436933
0.924627
0.963164
0.902064
0.416699
0.817279
0.930547
0.750068
0.642585
0.006638
0.001338
0.088301
0.815202
0.612888
0.50194
0.054273
0.948573
0.959084
0.002468
0.51967
0.200478
0.668496
0.325472
0.901646
0.40285
0.682312
0.01837
0.940396
0.897768
0.12211
0.330651
0.097516
0.755968
0.879243
0.897037
0.732427
0.464397
0.869394
0.021856
0.900259
0.681795
0.228808
0.963773
0.774043
0.768833
0.910347
0.923607
0.007999
0.489064
0.940802
0.026374
0.848295
0.145857
0.747778
0.012387
0.666323
0.336131
0.562638
0.259644
0.644625
0.927531
0.095918
0.005484
0.313299
0.198439
0.989964
0.000444
0.466013
0.02504
0.298192
0.324826
0.229654
0.060254
0.088163
0.048314
0.536221
0.081099
0.754385
0.053757
0.002673
0.989396
0.309275
0.608733
0.043722
0.881369
0.013445
0.001331
0.352846
0.001155
0.307321
0.830914
0.000383
0.538899
0.001132
0.611417
0.750118
0.940044
0.997671
0.047945
0.197988
0.124453
0.520086
0.933064
0.486819
0.98659
0.057431
0.024308
0.016539
0.169375
0.004084
0.000565
0.775471
0.008616
0.005692
0.949831
0.23506
0.650197
0.485157
0.944729
0.673854
0.463183
0.040736
0.671987
0.014382
0.698276
0.404762
0.618347
0.517721
0.634627
0.930481
0.458474
0.638266
0.791098
0.624301
0.014746
0.147577
0.007902
0.176962
0.191928
0.068075
0.790752
0.319017
0.098534
0.049738
0.909589
0.9987
0.066468
0.468754
0.509583
0.700286
0.007592
0.02622
0.562729
0.867579
0.011161
0.947974
0.990789
0.787856
0.002394
0.91952
0.025363
0.000751
0.630783
0.122937
0.519886
0.701175
0.065558
0.619756
0.941974
0.04845
0.019169
0.235015
0.995719
0.222893
0.554317
0.546974
0.778323
0.821414
0.316197
0.875867
0.883601
0.870343
0.935667
0.064327
0.275631
0.956081
0.392244
0.466252
0.098054
0.883262
0.053063
0.439725
0.751074
0.03522
0.010266
0.638309
0.002031
0.242785
0.70416
0.950137
0.059813
0.952543
0.884399
0.04817
0.429548
0.020235
0.155951
0.133578
0.341439
0.983477
0.344439
0.562011
0.969047
0.922889
0.58504
0.200257
0.792217
0.33352
0.00255
0.005437
0.543573
0.768428
0.552702
0.530211
0.025183
0.962311
0.810508
0.413446
0.154398
0.311643
0.00067
0.787558
0.971243
0.817418
0.877332
0.049184
0.151017
0.246258
0.726603
0.841265
0.002321
0.518113
0.665388
0.668994
0.001727
0.295704
0.003188
0.007941
0.9937
0.502437
0.930356
0.990668
0.012363
0.654043
0.451679
0.052381
0.001171
0.423236
0.257248
0.99758
0.106675
0.699336
0.421297
0.178586
0.033371
0.034859
0.001974
0.006761
0.479976
0.172103
0.989053
0.169072
0.292862
0.815194
0.012557
0.910007
0.453721
0.887595
0.012899
0.00253
0.070823
0.186832
0.257086
0.543614
0.874026
0.475537
0.83426
0.72091
0.746514
0.901348
0.050354
0.864022
0.874161
0.56093
0.087316
0.786087
0.588108
0.18686
0.715935
0.001799
0.887519
0.972703
0.791077
0.036398
0.75525
0.750212
0.616769
0.151559
0.28574
0.182634
0.055738
0.623375
0.004277
0.583689
0.01334
0.868365
0.863073
0.084317
0.03511
0.744861
0.004574
0.792292
0.956237
0.002063
0.845396
0.666737
0.013611
0.268251
0.029242
0.004276
0.440107
0.859933
0.972831
0.004406
0.000243
0.990637
0.626322
0.870946
0.05375
0.939531
0.201562
0.891644
0.817983
0.412624
0.001265
0.104814
0.949118
0.000125
0.312571
0.227064
0.061388
0.020609
0.968312
0.111998
0.802036
0.88043
0.028489
0.989786
0.020773
0.003894
0.038953
0.980593
0.775655
0.001023
0.016173
0.931145
0.943988
0.029014
0.063119
0.193932
0.610067
0.00029
0.012299
0.965477
0.330581
0.392191
0.391728
0.987147
0.896161
0.846038
0.332167
0.709681
0.938283
0.623934
0.857921
0.565738
0.457593
0.928407
0.004487
0.690818
0.926266
0.768623
0.708621
0.001813
0.655108
0.037432
0.002072
0.006626
0.806758
0.014073
0.075523
0.008711
0.229538
0.854534
0.873626
0.03528
0.87946
0.940678
0.521735
0.468982
0.105767
0.148777
0.662353
0.071597
0.023729
0.621816
0.360365
0.967706
0.773089
0.745654
0.629077
0.291333
0.469431
0.254883
0.244337
0.152746
0.05403
0.919622
0.335033
0.768243
0.963047
0.838251
0.020262
0.061064
0.928464
0.000599
0.583641
0.000291
0.744916
0.748095
0.401244
0.605316
0.017837
0.993752
0.881432
0.956233
0.000972
0.020538
0.373103
0.192349
0.100859
0.311763
0.127976
0.962681
0.006173
0.547894
0.090439
0.136633
0.05575
0.084558
0.787693
0.009119
0.83437
0.541733
0.059835
0.843468
0.558244
0.039455
0.973395
0.770706
0.906883
0.005758
0.013381
0.902061
0.047415
0.000336
0.074494
0.97331
0.938627
0.18152
0.021527
0.840343
0.04448
0.482424
0.005376
0.788631
0.824725
0.930709
0.823654
0.002774
0.056285
0.1201
0.474104
0.079913
0.935451
0.001541
0.012497
0.257332
0.281713
0.107909
0.858907
0.115808
0.66762
0.886728
0.521418
0.736819
0.959451
0.00177
0.949369
0.803739
0.055614
0.009448
0.02448
0.06751
0.918394
0.027771
0.943732
0.610138
0.928932
0.144537
0.569369
0.887137
0.001079
0.041643
0.005327
0.013825
0.79096
0.821871
0.806678
0.490703
0.265883
0.123163
0.010466
0.074649
0.451522
0.603942
0.775937
0.001365
0.949596
0.049082
0.084457
0.995304
0.450453
0.211276
0.92846
0.301977
0.391921
0.039951
0.089595
0.258591
0.041901
0.121749
0.818247
0.436974
0.258699
0.994401
0.3503
0.263483
0.005449
0.400011
0.020192
0.32628
0.766757
0.018198
0.008758
0.992604
0.960076
0.016771
0.274614
0.020192
0.771204
0.148947
0.478162
0.361875
0.05661
0.752554
0.12531
0.247911
0.817946
0.662715
0.713361
0.782275
0.103459
0.028207
0.508478
0.38677
0.10348
0.427065
0.221232
0.762532
0.237653
0.539365
0.083417
0.006634
0.820527
0.032433
0.007753
0.75443
0.899346
0.00084
0.099433
0.649531
0.996963
0.027789
0.597788
0.479126
0.703976
0.014403
0.00055
0.097301
0.334783
0.028677
0.761389
0.388406
0.347921
0.001887
0.031185
0.243283
0.023698
0.325363
0.937665
0.04786
0.15192
0.94573
0.091301
0.171973
0.14548
0.022727
0.000227
0.760685
0.833545
0.977344
0.805522
0.106009
0.268548
0.837772
0.01273
0.72726
0.21663
0.279437
0.403154
0.000505
0.007768
0.168551
0.720645
0.225343
0.08173
0.216079
0.78535
0.766949
0.002375
0.13839
0.974639
0.163522
0.978688
0.000562
0.342092
0.843247
0.114982
0.971518
0.406576
0.18119
0.139625
0.941944
0.071451
0.256228
0.032596
0.911484
0.363408
0.118531
0.817743
0.649024
0.483334
0.148606
0.836369
0.508841
0.449623
0.010736
0.624364
0.155834
0.864975
0.036896
0.075874
0.533315
0.748335
0.382191
0.613039
0.787084
0.272117
0.972483
0.251807
0.184822
0.551712
0.030408
0.029198
0.551499
0.00775
0.956497
0.254576
0.964293
0.397714
0.000194
0.100016
0.465708
0.005745
0.8571
0.991735
0.011485
0.006584
0.020878
0.012979
0.050459
0.032372
0.004974
0.879714
0.900757
0.027316
0.008502
0.197009
0.636899
0.083082
0.895045
0.502975
0.033252
0.03573
0.215064
0.801148
0.963504
0.110086
0.173696
0.117716
0.94719
0.033454
0.453541
0.447373
0.001432
0.029348
0.112617
0.893225
0.003416
0.07102
0.105742
0.102062
0.007414
0.242018
0.062566
0.534832
0.04489
0.1799
0.192759
0.315732
0.005805
0.036416
0.91305
0.651833
0.071575
0.031714
0.312781
0.029102
0.152957
0.860603
0.104173
0.903568
0.866543
0.688096
0.591256
0.78223
0.411129
0.055993
0.001827
0.698161
0.68528
0.008691
0.848184
0.36386
0.000583
0.094259
0.054239
0.972756
0.814418
0.004161
0.000528
0.044924
0.787172
0.374718
0.019109
0.165752
0.071998
0.307274
0.004057
0.000523
0.078769
0.328129
0.647685
0.688203
0.948514
0.065632
0.018902
0.161209
0.06275
0.028274
0.003689
0.02877
0.284062
0.069557
0.084435
0.157183
0.138785
0.981013
0.073269
0.626649
0.393103
0.377554
0.032925
0.101044
0.000958
0.381723
0.715459
0.06153
0.012503
0.731468
0.98379
0.106869
0.802476
0.792234
0.094027
0.794566
0.001756
0.264511
0.751807
0.020777
0.858366
0.375594
0.316676
0.754293
0.985904
0.007726
0.027181
0.562626
0.084639
0.394944
0.067944
0.003985
0.002467
0.9827
0.009381
0.175444
0.435724
0.106898
0.820447
0.947707
0.455586
0.018177
0.680708
0.019417
0.788828
0.789454
0.011145
0.026156
0.057936
0.180427
0.240288
0.017375
0.258119
0.220076
0.000135
0.238956
0.559093
0.001062
0.581715
0.005287
0.651421
0.008267
0.018147
0.010433
0.366229
0.029208
0.0006
0.020126
0.071288
0.819096
0.024014
0.724066
0.617021
0.233683
0.504955
0.865045
0.189424
0.889095
0.457581
0.177982
0.750805
0.000458
0.018332
0.285927
0.921085
0.926891
0.990369
0.837658
0.766623
0.069134
0.03422
0.033134
0.002022
0.106179
0.243711
0.935642
0.241122
0.880941
0.207967
0.66686
0.197295
0.354211
0.030266
0.870602
0.039082
0.475722
0.460976
0.797481
0.976935
0.007779
0.326981
0.951799
0.733869
0.050104
0.021931
0.290203
0.31999
0.34317
0.252089
0.116741
0.245062
0.560571
0.600442
0.00378
0.007822
0.416879
0.003878
0.269828
0.153058
0.806344
0.018663
0.884601
0.294428
0.004101
0.18241
0.952871
0.315619
0.053426
0.130914
0.989372
0.062098
0.058027
0.880424
0.014486
0.21385
0.395018
0.340888
0.980967
0.054359
0.924901
0.425948
0.602413
0.956192
0.015134
0.001495
0.010953
0.019572
0.111949
0.497779
0.909484
0.005742
0.305899
0.967496
0.221088
0.006401
0.400348
0.962996
0.016723
0.012925
0.006828
0.229149
0.012164
0.003802
0.962046
0.020869
0.247043
0.975928
0.957205
0.040971
0.978726
0.026899
0.28257
0.000322
0.628099
0.003976
0.102665
0.34451
0.815427
0.062038
0.924105
0.000259
0.699013
0.51555
0.072693
0.233481
0.765429
0.818616
0.508771
0.335119
0.322745
0.385335
0.988023
0.926674
0.781126
0.00621
0.598743
0.031687
0.814632
0.003735
0.114822
0.029627
0.973329
0.000119
0.039541
0.084724
0.060089
0.00701
0.524665
0.026548
0.002227
0.005362
0.037341
0.159489
0.233413
0.916683
0.008757
0.053582
0.970021
0.547108
0.016358
0.768768
0.008452
0.602797
0.379107
0.199698
0.002282
0.192882
0.099514
0.79108
0.013059
0.655679
0.020268
0.339285
0.098993
0.759542
0.685211
0.031586
0.096752
0.170281
0.185824
0.936978
0.016283
0.770455
0.312993
0.605657
0.361574
0.064338
0.004886
0.483219
0.000931
0.439692
0.319225
0.141775
0.257317
0.39889
0.12451
0.955806
0.540867
0.358519
0.444674
0.836311
0.008366
0.014655
0.577197
0.025119
0.963585
0.007346
0.005263
0.299474
0.020105
0.020323
0.949578
0.389755
0.023422
0.037395
0.942009
0.171883
0.030877
0.022585
0.857825
0.001715
0.805948
0.002525
0.651913
0.001501
0.017319
0.71301
0.008919
0.876921
0.444459
0.202597
0.005589
0.975707
0.62576
0.752533
0.24199
0.713345
0.005692
0.045332
0.051556
0.387007
0.917505
0.013157
0.007198
0.012954
0.265523
0.891448
0.320482
0.000775
0.202775
0.829524
0.304712
0.252163
0.001136
0.049489
0.080087
0.925656
0.015201
0.081187
0.084445
0.030555
0.000116
0.078588
0.068919
0.002361
0.156342
0.445475
0.089068
0.806938
0.959832
0.910199
0.081282
0.595809
0.594786
0.015452
0.698114
0.019232
0.174201
0.181972
0.000847
0.070204
0.051346
0.011458
0.096174
0.986299
0.163519
0.045832
0.000485
0.275653
0.005553
0.007018
0.852273
0.65372
0.006735
0.045885
0.012286
0.447673
0.190295
0.006636
0.944686
0.146215
0.09884
0.450827
0.833343
0.840029
0.018299
0.995181
0.000177
0.258653
0.069203
0.161099
0.922332
0.002976
0.814741
0.009821
0.575867
0.466105
0.804579
0.730027
0.074277
0.003931
0.001689
0.843476
0.519844
0.001811
0.113591
0.007832
0.071749
0.18653
0.020726
0.43469
0.138331
0.511193
0.941323
0.002994
0.001226
0.013732
0.883337
0.085366
0.102954
0.135248
0.002485
0.650261
0.006933
0.118983
0.221434
0.016221
0.703015
0.061269
0.651618
0.003393
0.424159
0.01701
0.708575
0.995698
0.06728
0.011211
0.072631
0.894793
0.004784
0.74764
0.02835
0.656684
0.040922
0.073154
0.519158
0.049469
0.021116
0.57166
0.4792
0.023593
0.713955
0.004668
0.98531
0.829006
0.015054
0.995227
0.072109
0.037507
0.002511
0.669577
0.017109
0.298594
0.49577
0.727267
0.043884
0.013481
0.086588
0.62854
0.028877
0.030229
0.70626
0.006308
0.042656
0.019949
0.011005
0.004624
0.001065
0.905673
0.669596
0.322097
0.048524
0.111655
0.20408
0.199314
0.022586
0.025461
0.088524
0.21603
0.000682
0.722631
0.290798
0.893757
0.804099
0.005222
0.013561
0.127688
0.157929
0.393355
0.007636
0.148102
0.188736
0.709375
0.933789
0.15558
0.977922
0.048722
0.440355
0.095064
0.939428
0.018008
0.872898
0.017168
0.026159
0.91615
0.030315
0.878653
0.333463
0.001921
0.407565
0.541808
0.054075
0.231557
0.00664
0.226851
0.879203
0.445318
0.648389
0.218096
0.023542
0.000471
0.207857
0.568358
0.245348
0.745597
0.008685
0.003115
0.00465
0.060791
0.939537
0.209865
0.465746
0.124572
0.073913
0.136489
0.00188
0.935507
0.00024
0.249825
0.001033
0.094553
0.048862
0.404891
0.183973
0.513456
0.083542
0.044085
0.003949
0.011822
0.802066
0.287563
0.070885
0.673814
0.009252
0.199459
0.118792
0.561202
0.071149
0.420985
0.003065
0.002912
0.11506
0.034244
0.225713
0.019387
0.163077
0.235899
0.075953
0.370859
0.193628
0.455728
0.143675
0.306785
0.001673
0.674381
0.001133
0.040336
0.02317
0.002069
0.815217
0.624455
0.005704
0.548008
0.203174
0.064599
0.032505
0.00281
0.121254
0.58979
0.827311
0.306352
0.095228
0.025922
0.047613
0.025084
0.00674
0.789579
0.002225
0.012493
0.018617
0.14802
0.001633
0.453462
0.957029
0.036568
0.001074
0.078009
0.003814
0.595994
0.001049
0.097166
0.416261
0.031818
0.906157
0.083778
0.002356
0.002591
0.266999
0.022901
0.481338
0.350618
0.188065
0.239279
0.005383
0.000813
0.034099
0.000737
0.031204
0.365965
0.877566
0.009566
0.011454
0.004887
0.00449
0.945889
0.009385
0.932686
0.602321
0.002087
0.034973
0.847899
0.367787
0.07515
0.004203
0.253955
0.0742
0.476873
0.014327
0.129374
0.872159
0.027745
0.669158
0.018289
0.033397
0.084317
0.149499
0.097802
0.034623
0.047265
0.146615
0.213617
0.048289
0.12529
0.042542
0.019381
0.111741
0.106786
0.07513
0.019567
0.375117
0.076692
0.210167
0.197139
0.150214
0.367577
0.389043
0.594768
0.00103
0.017646
0.780634
0.052229
0.09736
0.402989
0.111871
0.108075
0.978908
0.001658
0.337298
0.051444
0.045066
0.118483
0.038631
0.558467
0.007146
0.072047
0.955934
0.497255
0.118036
0.104335
0.883026
0.857482
0.026352
0.912734
0.009354
0.073125
0.006034
0.004669
0.000747
0.31475
0.870496
0.595054
0.012578
0.075804
0.858315
0.475246
0.057313
0.0013
0.026726
0.084503
0.967699
0.057596
0.559924
0.100514
0.817524
0.753214
0.019292
0.718147
0.016802
0.452955
0.579338
0.211896
0.680335
0.853715
0.550168
0.008745
0.004474
0.170232
0.009094
0.033321
0.183041
0.009119
0.729409
0.001219
0.026687
0.027239
0.014807
0.065172
0.621324
0.85707
0.003398
0.858316
0.013817
0.00213
0.278055
0.015146
0.038727
0.3654
0.011829
0.002036
0.058699
0.484748
0.691687
0.003946
0.00579
0.015111
0.008035
0.000282
0.018261
0.015115
0.009656
0.356285
0.511674
0.244963
0.241876
0.769393
0.414662
0.530918
0.380185
0.583315
0.065896
0.564452
0.01328
0.812667
0.018856
0.688841
0.002912
0.210526
0.010552
0.589733
0.06638
0.625707
0.939293
0.641164
0.431542
0.001181
0.015051
0.617875
0.020399
0.010641
0.064286
0.211678
0.01997
0.175915
0.095984
0.026448
0.276465
0.03621
0.019781
0.561735
0.079796
0.00395
0.110377
0.052407
0.576506
0.004655
0.195804
0.670967
0.005203
0.046254
0.006962
0.024996
0.017814
0.000117
0.005777
0.021432
0.072706
0.070111
0.033075
0.533
0.852558
0.002612
0.016845
0.057804
0.046829
0.079742
0.033857
0.00537
0.010658
0.284801
0.782785
0.033346
0.245615
0.739152
0.088048
0.002844
0.021391
0.827268
0.164751
0.404949
0.394392
0.013408
0.012289
0.052032
0.003829
0.00864
0.009679
0.693536
0.286542
0.035759
0.198215
0.018794
0.643586
0.005395
0.447199
0.040444
0.002754
0.154107
0.021305
0.743239
0.000453
0.190802
0.014274
0.16134
0.529066
0.000289
0.89434
0.004946
0.008836
0.530532
0.009064
0.085549
0.138971
0.693497
0.332873
0.020431
0.737244
0.034126
0.976123
0.004125
0.647584
0.123996
0.998157
0.116055
0.02351
0.019423
0.002375
0.406514
0.093216
0.039818
0.85296
0.036193
0.055428
0.00062
0.492428
0.959448
0.58655
0.042109
0.210283
0.326207
0.005224
0.00264
0.026673
0.198753
0.407231
0.116407
0.003065
0.027955
0.681862
0.035769
0.00068
0.224752
0.070801
0.012161
0.758458
0.439669
0.007694
0.004036
0.349905
0.696899
0.907614
0.870653
0.944688
0.351859
0.036142
0.115786
0.002665
0.327767
0.019094
0.981269
0.314175
0.351338
0.816008
0.011698
0.005861
0.029872
0.181265
0.810893
0.000648
0.763674
0.752099
0.669307
0.285172
0.675751
0.006037
0.161608
0.038091
0.857048
0.04784
0.451286
0.680804
0.039961
0.069384
0.010741
0.461377
0.005474
0.17785
0.004577
0.195734
0.026522
0.23517
0.009453
0.549443
0.067119
0.055597
0.083296
0.232673
0.461063
0.014629
0.849191
0.251809
0.850077
0.008935
0.087686
0.646987
0.001335
0.788346
0.368293
0.81633
0.045146
0.005141
0.284569
0.055718
0.0084
0.196006
0.317401
0.034848
0.659928
0.004531
0.347772
0.006766
0.289524
0.583574
0.130156
0.028837
0.395494
0.154216
0.296188
0.001151
0.869889
0.902846
0.006184
0.592573
0.179125
0.840832
0.086745
0.000271
0.864322
0.131468
0.025546
0.986617
0.003961
0.003633
0.012804
0.161659
0.435193
0.068777
0.003122
0.005941
0.018714
0.086328
0.003807
0.511896
0.384203
0.008933
0.001164
0.599616
0.005015
0.00575
0.054473
0.700089
0.011191
0.042528
0.000347
0.050566
0.100888
0.01104
0.693377
0.258352
0.008181
0.024605
0.026867
0.127729
0.036031
0.05199
0.919162
0.003834
0.308869
0.074085
0.008574
0.715141
0.553712
0.054692
0.053474
0.82326
0.081553
0.019756
0.504915
0.395447
0.00807
0.331252
0.301881
0.951922
0.002623
0.077771
0.092126
0.002692
0.344195
0.030767
0.744132
0.266603
0.957267
0.021547
0.033981
0.657529
0.234156
0.959935
0.035107
0.305613
0.001334
0.955135
0.079799
0.00216
0.630338
0.027944
0.01074
0.086507
0.004137
0.050591
0.132731
0.28006
0.331372
0.055729
0.621727
0.566366
0.020995
0.783678
0.002609
0.010432
0.005938
0.001553
0.007498
0.539202
0.002173
0.035934
0.71879
0.002626
0.032369
0.340536
0.051122
0.135462
0.168045
0.103425
0.013107
0.04664
0.107257
0.629757
0.095532
0.005382
0.350134
0.055627
0.395808
0.011096
0.345492
0.060577
0.036488
0.006116
0.11958
0.102108
0.100074
0.000535
0.164255
0.349327
0.028972
0.003091
0.471184
0.006914
0.46871
0.100689
0.000286
0.164679
0.528881
0.059792
0.036345
0.754899
0.861007
0.01386
0.308633
0.005832
0.027363
0.019518
0.219735
0.72947
0.037455
0.321332
0.476528
0.006369
0.692034
0.307532
0.60011
0.530922
0.054686
0.879827
0.803899
0.052291
0.057922
0.010951
0.015399
0.026118
0.001361
0.391097
0.033805
0.478656
0.218179
0.784546
0.093206
0.227074
0.027328
0.964627
0.0012
0.030306
0.098518
0.048062
0.096972
0.300562
0.00365
0.887357
0.683386
0.200683
0.444677
0.768586
0.156873
0.142636
0.012849
0.000268
0.020118
0.077756
0.00572
0.009825
0.335867
0.357134
0.044699
0.737184
0.000263
0.842937
0.417275
0.129097
0.225246
0.868776
0.005784
0.119217
0.00489
0.461409
0.46931
0.008473
0.466593
0.216613
0.049045
0.023721
0.004048
0.166651
0.001463
0.04326
0.084499
0.917423
0.01123
0.402541
0.828303
0.003686
0.007837
0.159037
0.010718
0.856167
0.753912
0.000772
0.000942
0.134526
0.244757
0.399882
0.088152
0.692849
0.333805
0.148054
0.000791
0.000775
0.655622
0.012609
0.937888
0.049052
0.161002
0.199186
0.222288
0.069406
0.135003
0.427177
0.981237
0.005816
0.308748
0.570991
0.011798
0.948645
0.458222
0.069126
0.268326
0.466893
0.075022
0.105341
0.096565
0.184159
0.022926
0.248664
0.086323
0.012221
0.061544
0.796682
0.01807
0.855193
0.122542
0.107308
0.532724
0.061514
0.03394
0.558183
0.067472
0.042749
0.005144
0.015264
0.015652
0.042738
0.009599
0.004087
0.037096
0.795185
0.260102
0.023898
0.042424
0.924242
0.947104
0.080026
0.073141
0.061066
0.281129
0.640843
0.49501
0.000496
0.583244
0.01234
0.574631
0.482262
0.543714
0.235463
0.497538
0.056261
0.001573
0.170539
0.035011
0.936307
0.805514
0.017569
0.002786
0.040883
0.059357
0.149191
0.574891
0.505798
0.008832
0.024581
0.046703
0.912503
0.560422
0.265895
0.023813
0.001075
0.287649
0.068953
0.212938
0.125752
0.845122
0.288879
0.006076
0.003551
0.810462
0.830292
0.603869
0.092777
0.013247
0.000913
0.321708
0.087972
0.004677
0.057504
0.343914
0.850418
0.013308
0.225364
0.005894
0.381815
0.014927
0.054532
0.014873
0.002965
0.014388
0.002659
0.008726
0.949655
0.000506
0.840131
0.396973
0.308021
0.145807
0.117867
0.053775
0.20721
0.108641
0.008961
0.285568
0.881792
0.016619
0.043995
0.000622
0.186719
0.170542
0.983167
0.005358
0.022355
0.013199
0.104398
0.012468
0.020774
0.464386
0.663941
0.492746
0.007693
0.109155
0.502898
0.007109
0.246438
0.152024
0.936933
0.967859
0.066998
0.116237
0.6983
0.267656
0.810664
0.267622
0.043772
0.024752
0.190405
0.017383
0.309631
0.002028
0.026495
0.627773
0.454646
0.316125
0.002264
0.002767
0.050154
0.156981
0.972931
0.001012
0.195403
0.125384
0.69834
0.048916
0.013888
0.081339
0.007479
0.981489
0.991826
0.000728
0.225901
0.050483
0.877647
0.593209
0.336608
0.04872
0.018125
0.028684
0.039422
0.003433
0.370023
0.708308
0.413308
0.240666
0.507619
0.29953
0.496995
0.940517
0.641176
0.337625
0.076096
0.087711
0.058587
0.260482
0.000143
0.499876
0.057542
0.71053
0.187662
0.126642
0.392464
0.42927
0.813226
0.49322
0.031073
0.466079
0.988283
0.025111
0.063778
0.225269
0.007187
0.041257
0.110198
0.482703
0.12839
0.815449
0.084952
0.886808
0.156362
0.107201
0.077796
0.023695
0.005475
0.021305
0.177353
0.029195
0.155205
0.180527
0.149046
0.001198
0.304693
0.001847
0.022806
0.010413
0.742466
0.001077
0.086213
0.002027
0.025362
0.006929
0.111893
0.032484
0.001028
0.030612
0.405706
0.002485
0.303342
0.176947
0.573926
0.009473
0.867976
0.497237
0.024109
0.002067
0.018825
0.435861
0.014287
0.021885
0.004001
0.930459
0.075586
0.14268
0.015066
0.007293
0.082639
0.000484
0.033944
0.018965
0.077514
0.061478
0.252692
0.005605
0.022144
0.046706
0.032908
0.009618
0.007083
0.000111
0.00458
0.028847
0.000624
0.010748
0.810463
0.35386
0.017273
0.150297
0.976156
0.002621
0.020808
0.000534
0.004255
0.720776
0.515918
0.926187
0.009148
0.012416
0.035696
0.001397
0.000923
0.082773
0.071826
0.874354
0.004203
0.098615
0.067962
0.033352
0.00801
0.020738
0.088801
0.103941
0.176844
0.186432
0.015651
0.626726
0.004452
0.061782
0.90339
0.364247
0.002817
0.017942
0.241219
0.46223
0.049181
0.910346
0.34949
0.003774
0.00116
0.009666
0.004813
0.168979
0.000305
0.053014
0.139224
0.221681
0.31219
0.061924
0.044315
0.261784
0.97968
0.025491
0.03898
0.20192
0.368156
0.017795
0.362127
0.344481
0.000517
0.007448
0.127769
0.245703
0.055602
0.003481
0.002084
0.058536
0.027343
0.003557
0.000327
0.672963
0.054637
0.717445
0.008099
0.07771
0.21138
0.241266
0.2201
0.769562
0.015148
0.475358
0.051385
0.010255
0.237848
0.019042
0.001052
0.498303
0.094407
0.049543
0.009301
0.130048
0.05696
0.055012
0.065338
0.58151
0.145148
0.005491
0.027952
0.009906
0.68632
0.022847
0.003294
0.013834
0.209101
0.00608
0.165518
0.234137
0.540486
0.012828
0.118084
0.110768
0.0142
0.173783
0.448943
0.012052
0.001886
0.001687
0.638833
0.006054
0.006604
0.325825
0.007179
0.115051
0.003542
0.019372
0.583922
0.230501
0.030465
0.347745
0.675126
0.034163
0.332054
0.011046
0.94318
0.189184
0.064827
0.428804
0.009439
0.005971
0.708343
0.961259
0.7062
0.114537
0.096276
0.000681
0.532298
0.202354
0.005775
0.555802
0.067895
0.027149
0.087826
0.501784
0.878615
0.064704
0.000224
0.003755
0.003338
0.255117
0.587576
0.000654
0.073441
0.475448
0.181347
0.003153
0.186757
0.054535
0.008443
0.026247
0.202678
0.000668
0.015709
0.026014
0.006391
0.029317
0.154832
0.096796
0.060338
0.832228
0.030964
0.97317
0.963904
0.314513
0.017605
0.047899
0.004012
0.329515
0.273231
0.046264
0.365643
0.002646
0.003288
0.404605
0.144294
0.31663
0.801751
0.306352
0.257672
0.360996
0.000979
0.000623
0.991573
0.007928
0.877568
0.052649
0.601138
0.030493
0.005076
0.118752
0.098322
0.011382
0.013924
0.162796
0.000371
0.148963
0.479625
0.002712
0.131721
0.001831
0.169856
0.001986
0.013251
0.690412
0.022579
0.002209
0.091391
0.068886
0.017222
0.077769
0.230757
0.851879
0.118422
0.012231
0.974306
0.046792
0.118188
0.377732
0.027957
0.776597
0.007195
0.699423
0.02522
0.446368
0.052638
0.231267
0.333213
0.10004
0.867691
0.129543
0.000164
0.001333
0.914309
0.051985
0.493959
0.188562
0.691563
0.041976
0.001483
0.163636
0.03988
0.663374
0.020988
0.279394
0.000723
0.010182
0.001727
0.451705
0.029106
0.008048
0.224039
0.004503
0.922879
0.075289
0.13236
0.006715
0.431355
0.416779
0.498913
0.173277
0.030379
0.036971
0.070087
0.191008
0.026327
0.009892
0.009923
0.101971
0.98073
0.072874
0.036517
0.579948
0.001339
0.020097
0.007567
0.015166
0.323225
0.368881
0.002845
0.030969
0.003641
0.526354
0.695177
0.017951
0.000726
0.023883
0.081638
0.00254
0.465685
0.177084
0.000863
0.324561
0.000424
0.205549
0.001147
0.000863
0.128251
0.01067
0.324176
0.125257
0.053447
0.029301
0.024562
0.008376
0.0095
0.028382
0.0775
0.102457
0.026818
0.302606
0.001202
0.011056
0.272435
0.017465
0.050599
0.097446
0.519754
0.995744
0.631552
0.115175
0.120743
0.011474
0.677318
0.024623
0.761991
0.684726
0.121981
0.07247
0.575086
0.796337
0.651726
0.022076
0.018808
0.073413
0.996961
0.159257
0.042853
0.959512
0.706185
0.031058
0.009322
0.131183
0.907008
0.697061
0.102023
0.029596
0.671492
0.946932
0.137633
0.002082
0.033817
0.668772
0.658314
0.003973
0.005985
0.293735
0.048653
0.043431
0.236366
0.001167
0.36011
0.424678
0.000272
0.595567
0.826594
0.244984
0.166857
0.051473
0.007778
0.024343
0.3773
0.013834
0.178735
0.323308
0.351544
0.00052
0.770355
0.054776
0.060607
0.476169
0.052135
0.008844
0.137537
0.00688
0.171168
0.189879
0.640129
0.936982
0.127056
0.002588
0.00819
0.004257
0.084867
0.000627
0.435364
0.020256
0.576199
0.261133
0.937255
0.958979
0.093731
0.369423
0.152235
0.104545
0.020888
0.805635
0.523883
0.033339
0.061971
0.058768
0.013053
0.019877
0.002442
0.324995
0.160954
0.141116
0.240343
0.116792
0.215553
0.023971
0.801106
0.288408
0.049432
0.00232
0.267615
0.016206
0.726304
0.155116
0.002215
0.805081
0.220959
0.105999
0.005407
0.030583
0.019254
0.883028
0.352225
0.025053
0.132329
0.203519
0.185569
0.236073
0.036072
0.002777
0.460796
0.041882
0.108482
0.058772
0.875125
0.11078
0.059239
0.041366
0.003706
0.011093
0.500002
0.258879
0.069202
0.003561
0.107363
0.189871
0.024191
0.040606
0.031869
0.078896
0.018915
0.0031
0.007421
0.931794
0.00431
0.006023
0.094964
0.034294
0.410358
0.015714
0.040526
0.023729
0.101245
0.014552
0.259264
0.329937
0.088444
0.147285
0.068479
0.004314
0.371992
0.010103
0.050048
0.086291
0.036286
0.000555
0.048906
0.04501
0.025791
0.087066
0.005383
0.058672
0.21913
0.192517
0.435779
0.04907
0.007128
0.204844
0.020562
0.077964
0.00186
0.128027
0.01042
0.014712
0.094613
0.515425
0.232902
0.022405
0.000408
0.080037
0.410022
0.031359
0.014684
0.020908
0.013842
0.000221
0.023102
0.718802
0.021496
0.007273
0.004545
0.0316
0.116343
0.190795
0.394575
0.003608
0.239829
0.170669
0.0095
0.173945
0.005069
0.866313
0.28886
0.219217
0.126241
0.349436
0.06416
0.061274
0.013746
0.003183
0.013411
0.15969
0.166768
0.039275
0.184747
0.935167
0.058267
0.059752
0.778977
0.506373
0.022733
0.002303
0.019773
0.444552
0.017378
0.006759
0.002649
0.008409
0.101898
0.010115
0.131839
0.000933
0.010435
0.153241
0.162133
0.020463
0.015837
0.181683
0.02569
0.841867
0.26882
0.089934
0.595896
0.006639
0.002918
0.006315
0.059721
0.172358
0.00275
0.020178
0.117366
0.091951
0.026808
0.105675
0.005593
0.944031
0.024009
0.003828
0.176146
0.114139
0.745184
0.060097
0.228336
0.001671
0.90613
0.474498
0.047163
0.915929
0.089484
0.039143
0.0079
0.019344
0.080011
0.050988
0.150349
0.572744
0.001348
0.024411
0.421143
0.977987
0.086209
0.103739
0.354856
0.1079
0.012204
0.057043
0.275595
0.168809
0.004428
0.508386
0.001439
0.707003
0.022006
0.153956
0.302646
0.000601
0.010581
0.054719
0.009748
0.044339
0.067088
0.814737
0.067911
0.042397
0.926205
0.046227
0.159501
0.14171
0.367126
0.182365
0.012471
0.459007
0.82231
0.129043
0.050854
0.11989
0.087063
0.491527
0.051156
0.004047
0.02302
0.017709
0.260217
0.075939
0.002932
0.025893
0.026637
0.033599
0.002526
0.047066
0.250368
0.50127
0.510135
0.036137
0.020084
0.409073
0.023596
0.262937
0.549961
0.151338
0.016852
0.771063
0.019275
0.168178
0.029569
0.084613
0.484088
0.077359
0.751445
0.01986
0.635143
0.115912
0.004064
0.053206
0.002437
0.266859
0.056211
0.012128
0.269869
0.47275
0.017936
0.028192
0.791045
0.851864
0.240758
0.283333
0.086535
0.007662
0.003849
0.910413
0.000825
0.025848
0.035473
0.014203
0.412139
0.00137
0.021485
0.000488
0.019567
0.418809
0.144106
0.930321
0.055167
0.021933
0.309507
0.570404
0.719191
0.001127
0.083801
0.003768
0.091521
0.271433
0.058334
0.795129
0.149063
0.279211
0.520585
0.112767
0.018092
0.430435
0.051557
0.002987
0.2485
0.665707
0.467528
0.197057
0.309894
0.020458
0.071149
0.004214
0.289427
0.005947
0.288761
0.210095
0.415487
0.75519
0.005061
0.489972
0.110342
0.2104
0.708837
0.012388
0.060511
0.047882
0.043258
0.034764
0.109142
0.887366
0.093221
0.093964
0.021604
0.003495
0.793465
0.002373
0.056738
0.009071
0.020412
0.015955
0.04701
0.002171
0.698303
0.407583
0.023358
0.052548
0.006694
0.464835
0.004683
0.000716
0.276409
0.001755
0.482905
0.00389
0.15964
0.002148
0.78567
0.106248
0.015458
0.14354
0.230543
0.012734
0.00206
0.003569
0.00064
0.548303
0.000731
0.030061
0.016584
0.006926
0.183419
0.424689
0.704623
0.084865
0.003365
0.006908
0.062023
0.014554
0.029626
0.032947
0.315942
0.123442
0.028124
0.889131
0.007029
0.010029
0.949765
0.133259
0.130333
0.007145
0.036028
0.879926
0.109092
0.00187
0.012008
0.10431
0.251475
0.015168
0.006445
0.237192
0.024326
0.04294
0.395506
0.151711
0.070066
0.680927
0.000403
0.017606
0.05396
0.059175
0.719373
0.078385
0.005564
0.453433
0.020797
0.013536
0.02228
0.049162
0.185907
0.047254
0.671057
0.46768
0.060181
0.695451
0.291218
0.226326
0.028467
0.902412
0.142863
0.146765
0.667101
0.001783
0.059926
0.022582
0.763297
0.895715
0.97304
0.898534
0.315429
0.501806
0.024294
0.003874
0.004074
0.091928
0.104162
0.007981
0.032818
0.060449
0.248795
0.808626
0.03686
0.067545
0.023383
0.517971
0.034335
0.002235
0.134449
0.142498
0.000631
0.400747
0.045214
0.941322
0.000763
0.262873
0.761857
0.045801
0.037455
0.541211
0.0537
0.249578
0.7168
0.002182
0.535798
0.995605
0.013922
0.043671
0.977753
0.075203
0.061136
0.252369
0.068727
0.01276
0.000193
0.02793
0.177651
0.005433
0.086545
0.936151
0.002285
0.056095
0.043924
0.10182
0.815452
0.072937
0.449639
0.003438
0.750556
0.146645
0.397476
0.014014
0.106965
0.269763
0.053805
0.004264
0.026707
0.00685
0.108251
0.023686
0.462768
0.023382
0.158211
0.017093
0.05699
0.008096
0.019644
0.073925
0.203359
0.076847
0.324117
0.953174
0.851041
0.00654
0.057952
0.001704
0.044381
0.007361
0.036156
0.137956
0.031761
0.452671
0.029656
0.004605
0.208343
0.001583
0.011184
0.101106
0.488775
0.593922
0.026873
0.018956
0.055068
0.453708
0.824139
0.006265
0.445129
0.510492
0.028989
0.100906
0.41535
0.062088
0.000222
0.151343
0.01285
0.330965
0.101015
0.050037
0.033009
0.201739
0.020518
0.038692
0.14379
0.064092
0.341363
0.049047
0.726638
0.250423
0.018465
0.324242
0.686952
0.005064
0.831644
0.015635
0.002729
0.010432
0.010594
0.016932
0.010756
0.014959
0.005486
0.010163
0.031643
0.072889
0.129852
0.953943
0.939943
0.029866
0.026889
0.011728
0.005433
0.945245
0.249007
0.20377
0.178662
0.007802
0.022863
0.033322
0.005434
0.053219
0.125558
0.026316
0.042086
0.004779
0.082408
0.000892
0.013213
0.000484
0.038716
0.006817
0.367567
0.047363
0.007949
0.213506
0.018656
0.002688
0.024459
0.093781
0.116764
0.128067
0.071721
0.420319
0.009932
0.037424
0.056356
0.001398
0.009987
0.722806
0.000221
0.579429
0.009886
0.021271
0.052381
0.006395
0.466855
0.017595
0.002189
0.002866
0.45511
0.773621
0.385186
0.053518
0.514771
0.022042
0.008704
0.626515
0.412438
0.255126
0.066564
0.117106
0.139595
0.045092
0.092508
0.018595
0.0405
0.291228
0.318257
0.007021
0.02409
0.019572
0.036103
0.383943
0.952552
0.075924
0.882622
0.003246
0.0034
0.123372
0.014995
0.009985
0.000654
0.333559
0.952609
0.098453
0.027818
0.0108
0.025565
0.003685
0.43719
0.009044
0.000724
0.008444
0.018782
0.039707
0.285259
0.001038
0.01007
0.028065
0.107516
0.053545
0.045545
0.354973
0.799283
0.204422
0.000307
0.978989
0.254478
0.640774
0.016652
0.241587
0.793082
0.230074
0.088874
0.039325
0.767618
0.174827
0.022027
0.028897
0.958195
0.054776
0.525094
0.021447
0.009137
0.044497
0.141069
0.11448
0.519509
0.078307
0.127066
0.91612
0.046513
0.404065
0.021024
0.093748
0.002929
0.208094
0.031852
0.021652
0.061091
0.34591
0.00174
0.406507
0.009112
0.712995
0.013499
0.259888
0.511399
0.191091
0.010113
0.155416
0.003318
0.00611
0.022959
0.048609
0.02603
0.739173
0.614589
0.508468
0.947149
0.001538
0.012505
0.102728
0.941349
0.05858
0.265988
0.976803
0.511233
0.171432
0.000398
0.039924
0.717119
0.01339
0.007499
0.008505
0.005262
0.830144
0.058998
0.001409
0.008057
0.699253
0.031028
0.783539
0.205006
0.075952
0.178815
0.00778
0.056006
0.016719
0.091888
0.282377
0.049791
0.005644
0.460238
0.08589
0.00229
0.853939
0.163897
0.061387
0.03775
0.990885
0.080626
0.30124
0.001479
0.380166
0.003147
0.322252
0.0039
0.010254
0.00069
0.001175
0.002837
0.043267
0.185922
0.095995
0.091415
0.448409
0.593114
0.031436
0.0602
0.763072
0.207145
0.937674
0.011099
0.001963
0.04842
0.286959
0.693753
0.862739
0.775336
0.08063
0.006617
0.552226
0.766927
0.010472
0.519316
0.049205
0.004925
0.009261
0.216946
0.015939
0.032351
0.016462
0.019645
0.972608
0.017678
0.083362
0.031885
0.015452
0.002381
0.003776
0.509434
0.997029
0.007242
0.005126
0.305293
0.010325
0.015775
0.067195
0.005154
0.023792
0.265433
0.483079
0.659776
0.18844
0.555087
0.614936
0.487381
0.007375
0.518917
0.084186
0.019998
0.044533
0.787537
0.984533
0.162682
0.03663
0.014016
0.056866
0.005822
0.154949
0.286965
0.095182
0.005829
0.018825
0.159697
0.186736
0.003668
0.117912
0.006063
0.002501
0.002725
0.012771
0.085223
0.367786
0.443717
0.034488
0.001859
0.006199
0.078684
0.000228
0.84568
0.004177
0.094983
0.170224
0.010485
0.64428
0.932643
0.013579
0.081623
0.001023
0.006562
0.128847
0.017328
0.153659
0.000275
0.036998
0.058447
0.003362
0.572266
0.008511
0.027691
0.00145
0.017965
0.585177
0.039213
0.386707
0.026973
0.101846
0.035718
0.194152
0.012044
0.012513
0.006882
0.013249
0.168474
0.003923
0.033735
0.037728
0.034306
0.019456
0.00386
0.067322
0.03252
0.226553
0.250162
0.442551
0.022699
0.261478
0.054815
0.089268
0.01526
0.554366
0.049858
0.057402
0.00981
0.000524
0.010899
0.224379
0.684717
0.022224
0.117745
0.976339
0.015294
0.781902
0.109941
0.061344
0.023717
0.023901
0.197786
0.061709
0.024019
0.012121
0.20006
0.039285
0.027344
0.037707
0.668232
0.039439
0.169366
0.036924
0.655198
0.048796
0.289397
0.002742
0.050577
0.013343
0.001119
0.005808
0.304028
0.788994
0.014884
0.841411
0.848893
0.833193
0.015342
0.014318
0.421779
0.974515
0.007227
0.857216
0.31071
0.00014
0.157444
0.29184
0.960841
0.349124
0.019425
0.001666
0.003994
0.002201
0.002651
0.011155
0.004675
0.456513
0.181492
0.014766
0.131095
0.287625
0.033622
0.014982
0.702408
0.215187
0.007454
0.009393
0.000152
0.032282
0.041826
0.066029
0.049066
0.014226
0.02465
0.12694
0.279898
0.105017
0.000868
0.026617
0.038981
0.886423
0.006764
0.049815
0.955128
0.45696
0.02919
0.004685
0.004219
0.021
0.085892
0.022647
0.001368
0.002855
0.020096
0.164406
0.047063
0.028323
0.04724
0.001603
0.085252
0.020829
0.039188
0.478306
0.384645
0.106643
0.273782
0.25536
0.047419
0.525107
0.025694
0.011388
0.010515
0.131455
0.676809
0.251957
0.002592
0.014942
0.947318
0.748055
0.020575
0.019809
0.01069
0.323368
0.003777
0.471333
0.866362
0.534429
0.296952
0.010638
0.130071
0.007882
0.07045
0.68611
0.96905
0.017756
0.101573
0.022733
0.093975
0.003196
0.148464
0.91931
0.145009
0.0339
0.179764
0.004669
0.012324
0.028242
0.051206
0.601492
0.035149
0.046095
0.017153
0.315637
0.092106
0.000191
0.002979
0.960038
0.025285
0.684433
0.028424
0.018594
0.045167
0.004832
0.010079
0.750879
0.104032
0.003789
0.058282
0.001238
0.056473
0.002053
0.00503
0.618248
0.255651
0.015944
0.806763
0.174347
0.013896
0.036479
0.152234
0.045376
0.002227
0.632495
0.017598
0.929222
0.00701
0.004483
0.0274
0.138818
0.026975
0.382827
0.012468
0.009374
0.403848
0.36103
0.307095
0.511389
0.000112
0.029633
0.028352
0.977575
0.491791
0.855147
0.358613
0.042993
0.000457
0.013067
0.236712
0.057571
0.142611
0.015855
0.442063
0.074066
0.034048
0.869412
0.001028
0.003455
0.048259
0.427065
0.085859
0.165241
0.945233
0.014804
0.062584
0.910531
0.070078
0.069963
0.520686
0.010833
0.036658
0.111572
0.162763
0.012542
0.14234
0.72528
0.02255
0.001427
0.037025
0.021843
0.851997
0.110799
0.087977
0.061445
0.502634
0.109335
0.976347
0.096197
0.007612
0.022657
0.727064
0.004496
0.001085
0.00233
0.645921
0.059335
0.360146
0.013154
0.794934
0.131758
0.003046
0.004287
0.004798
0.23151
0.001104
0.029228
0.157653
0.006591
0.153223
0.002266
0.002379
0.396424
0.008958
0.022346
0.040632
0.140133
0.839888
0.392344
0.008482
0.076874
0.002425
0.016349
0.624159
0.426775
0.007866
0.604046
0.015341
0.01533
0.965749
0.687754
0.047824
0.152241
0.006079
0.12385
0.043811
0.000407
0.314011
0.953358
0.898253
0.654954
0.04024
0.372325
0.010557
0.004427
0.021711
0.01913
0.005389
0.066634
0.053601
0.01364
0.823254
0.062047
0.017317
0.206107
0.135285
0.00051
0.987209
0.107045
0.821194
0.57982
0.757491
0.05665
0.044448
0.008763
0.217051
0.913934
0.006835
0.911415
0.027323
0.015013
0.347581
0.153403
0.980365
0.155942
0.005066
0.03912
0.05905
0.001762
0.215755
0.024331
0.317465
0.075422
0.088881
0.396063
0.1758
0.28152
0.389155
0.061322
0.424208
0.006135
0.006029
0.004976
0.022729
0.058707
0.017385
0.589372
0.213055
0.002648
0.290333
0.161448
0.053889
0.479851
0.434425
0.005322
0.039389
0.059572
0.835593
0.000311
0.034981
0.004074
0.991334
0.87522
0.053579
0.006419
0.004973
0.723296
0.090812
0.023133
0.002547
0.57498
0.800525
0.002703
0.266457
0.004193
0.000354
0.081556
0.002511
0.002344
0.148716
0.008172
0.002182
0.083281
0.981181
0.002542
0.1662
0.026533
0.048243
0.007303
0.112983
0.49682
0.089752
0.013431
0.01958
0.014962
0.011078
0.00336
0.003945
0.109143
0.007437
0.068001
0.00082
0.007548
0.661547
0.00659
0.60973
0.018674
0.003948
0.012683
0.024258
0.106723
0.030888
0.013265
0.085237
0.000851
0.022628
0.009121
0.039512
0.475247
0.004521
0.002665
0.921632
0.001527
0.202264
0.223089
0.002092
0.018142
0.077479
0.049471
0.316137
0.846658
0.742127
0.014657
0.107824
0.000538
0.02666
0.264994
0.001664
0.033008
0.034853
0.943201
0.032159
0.36687
0.000966
0.007392
0.169299
0.087178
0.385474
0.056054
0.009736
0.080108
0.012717
0.042014
0.012546
0.123852
0.001797
0.931869
0.121229
0.133264
0.028189
0.878166
0.000701
0.259102
0.001407
0.682558
0.025194
0.026416
0.174015
0.006229
0.120942
0.523647
0.053391
0.002794
0.031709
0.006961
0.001187
0.128758
0.004813
0.016381
0.04418
0.070807
0.082557
0.207911
0.038366
0.526318
0.009295
0.164334
0.042503
0.038808
0.001771
0.107546
0.032465
0.000544
0.005673
0.752023
0.048117
0.017204
0.032668
0.042313
0.354042
0.522628
0.080009
0.251779
0.411995
0.4559
0.540675
0.100738
0.199579
0.010306
0.764503
0.062783
0.994029
0.108639
0.205892
0.018931
0.110854
0.003239
0.560607
0.241808
0.241394
0.006852
0.028573
0.007155
0.201009
0.074454
0.485547
0.000761
0.002583
0.064702
0.000755
0.598327
0.008168
0.025615
0.012525
0.029631
0.003627
0.006147
0.0023
0.008705
0.004076
0.055304
0.063385
0.022655
0.032429
0.27235
0.05088
0.000722
0.012273
0.058526
0.514772
0.081157
0.002411
0.917749
0.007825
0.00425
0.09427
0.063877
0.119062
0.001407
0.007575
0.045003
0.247343
0.144231
0.010495
0.019648
0.115955
0.075117
0.318406
0.063109
0.903908
0.639452
0.029518
0.052738
0.110647
0.001404
0.07186
0.01313
0.126339
0.027325
0.068115
0.006697
0.889205
0.015974
0.017436
0.031404
0.953927
0.042988
0.028223
0.119935
0.002803
0.815211
0.056363
0.286084
0.665001
0.824024
0.311403
0.012566
0.003088
0.009893
0.277428
0.033942
0.018024
0.013523
0.898588
0.001222
0.222149
0.001196
0.413003
0.000481
0.206794
0.990482
0.13195
0.077867
0.506557
0.015824
0.721905
0.032173
0.004466
0.298905
0.06862
0.090037
0.023443
0.036136
0.693991
0.000239
0.015266
0.716741
0.008257
0.043533
0.009721
0.040753
0.143753
0.000359
0.976214
0.001224
0.156164
0.018005
0.315109
0.529949
0.00566
0.025692
0.003566
0.01476
0.017595
0.037776
0.321234
0.339158
0.007002
0.003288
0.010449
0.988982
0.100206
0.014499
0.052524
0.259256
0.230978
0.028933
0.146078
0.701127
0.331966
0.041665
0.001871
0.001331
0.403803
0.218421
0.054047
0.005951
0.865467
0.288764
0.056283
0.363827
0.208735
0.049647
0.006213
0.865693
0.018457
0.0373
0.98633
0.598781
0.006919
0.050786
0.167464
0.688919
0.290795
0.146907
0.007213
0.000764
0.010989
0.543748
0.694293
0.149773
0.037127
0.360125
0.029983
0.124253
0.523515
0.040811
0.011396
0.04015
0.004234
0.01013
0.32036
0.122713
0.880703
0.34971
0.09041
0.171202
0.002813
0.30143
0.856386
0.001399
0.430807
0.421592
0.39832
0.020118
0.019685
0.004687
0.592073
0.895068
0.308187
0.243572
0.76368
0.018932
0.121277
0.019479
0.001126
0.182034
0.003988
0.213327
0.000111
0.022362
0.244731
0.089804
0.717931
0.003943
0.242195
0.170181
0.077475
0.228091
0.008122
0.10302
0.077919
0.708083
0.000945
0.032888
0.900879
0.012683
0.010861
0.000339
0.14706
0.004635
0.008097
0.001527
0.07475
0.002986
0.28106
0.532789
0.845356
0.002057
0.005337
0.855431
0.374618
0.199603
0.020871
0.011105
0.039131
0.00174
0.045168
0.195613
0.211432
0.009847
0.047077
0.017207
0.03891
0.309133
0.91893
0.103579
0.009157
0.061821
0.231685
0.102161
0.225425
0.003265
0.18032
0.011524
0.000456
0.003562
0.88411
0.022293
0.015073
0.081478
0.059211
0.024011
0.005979
0.101261
0.548548
0.014537
0.517232
0.007309
0.011182
0.14191
0.002478
0.080675
0.025874
0.005324
0.091275
0.604883
0.055401
0.058601
0.406321
0.148995
0.105764
0.008359
0.965176
0.133325
0.059335
0.038656
0.03031
0.320831
0.006755
0.00343
0.028992
0.003208
0.605589
0.841919
0.773782
0.000829
0.012377
0.419958
0.079133
0.061521
0.266924
0.090165
0.944037
0.016463
0.001567
0.383212
0.769317
0.007537
0.17029
0.757984
0.066535
0.002308
0.025722
0.016865
0.008743
0.008762
0.790533
0.035255
0.033635
0.484002
0.011566
0.007706
0.663851
0.051528
0.840264
0.094456
0.122723
0.946878
0.779094
0.055706
0.001918
0.054238
0.331991
0.084329
0.007672
0.076099
0.000768
0.580598
0.003457
0.119389
0.03509
0.002084
0.010109
0.998407
0.240056
0.003133
0.189315
0.006163
0.044325
0.065166
0.11248
0.023326
0.951884
0.00898
0.069062
0.150326
0.350727
0.019292
0.000488
0.030707
0.006982
0.163208
0.056532
0.542385
0.008131
0.098394
0.030329
0.17179
0.042503
0.056176
0.013903
0.012338
0.164502
0.708155
0.820015
0.119377
0.784929
0.007634
0.358826
0.397311
0.415349
0.249393
0.001202
0.019671
0.013131
0.188471
0.419102
0.204764
0.022585
0.038748
0.006002
0.005013
0.104995
0.422013
0.003019
0.120539
0.004254
0.771083
0.210911
0.127859
0.10869
0.152827
0.276169
0.926379
0.013787
0.004472
0.101434
0.298085
0.298377
0.288054
0.056033
0.012233
0.183537
0.026459
0.042278
0.068027
0.205112
0.001664
0.358712
0.03503
0.157824
0.936316
0.001883
0.160966
0.009806
0.18039
0.000679
0.189152
0.970188
0.04845
0.001044
0.826527
0.00554
0.00119
0.301043
0.040413
0.129506
0.898401
0.029045
0.002
0.402066
0.17856
0.000251
0.052546
0.651903
0.015538
0.883493
0.218713
0.012723
0.048912
0.014043
0.051648
0.026153
0.042454
0.014221
0.925066
0.006746
0.032943
0.006916
0.365798
0.010814
0.209513
0.311624
0.120552
0.481728
0.001616
0.02211
0.007699
0.014962
0.840963
0.284846
0.004725
0.020159
0.758021
0.959345
0.045404
0.821995
0.022515
0.000363
0.082878
0.507956
0.003629
0.229348
0.219574
0.003581
0.011553
0.002142
0.040733
0.001877
0.136438
0.280445
0.05516
0.128834
0.013436
0.006868
0.928518
0.024764
0.350628
0.008596
0.455053
0.026908
0.024948
0.004849
0.198412
0.252658
0.004161
0.065584
0.004892
0.006945
0.081954
0.040404
0.027853
0.975147
0.007613
0.097159
0.022488
0.30729
0.050603
0.053285
0.395114
0.047167
0.34706
0.009245
0.006827
0.021204
0.319999
0.084431
0.004423
0.016868
0.003196
0.041571
0.003497
0.039934
0.007438
0.002557
0.029636
0.233542
0.00524
0.004926
0.338915
0.006953
0.461582
0.007705
0.003085
0.008437
0.287867
0.245649
0.355829
0.037459
0.023798
0.1267
0.045523
0.036005
0.001944
0.039354
0.033734
0.094395
0.697749
0.20314
0.00162
0.076503
0.232484
0.971062
0.900755
0.043086
0.019681
0.227613
0.051724
0.007553
0.035693
0.936175
0.08355
0.931286
0.031774
0.322199
0.770051
0.074128
0.005123
0.007173
0.153171
0.486049
0.195097
0.021914
0.200809
0.001919
0.001849
0.126229
0.964498
0.83451
0.001886
0.31047
0.187871
0.004888
0.259127
0.697768
0.04466
0.437618
0.000581
0.223262
0.459789
0.018453
0.614889
0.144913
0.492406
0.216773
0.072039
0.170975
0.174448
0.218724
0.309516
0.000502
0.23877
0.030125
0.003437
0.01213
0.06491
0.009845
0.362072
0.073726
0.060681
0.020171
0.089304
0.365169
0.873545
0.28067
0.158867
0.011527
0.468791
0.001241
0.823363
0.557101
0.809912
0.2248
0.007634
0.008865
0.001786
0.002492
0.615292
0.000892
0.960066
0.016252
0.06284
0.466884
0.086483
0.610042
0.427803
0.222284
0.004873
0.027648
0.176165
0.028454
0.298119
0.535549
0.001389
0.657873
0.057693
0.247256
0.759502
0.002334
0.299118
0.062772
0.000891
0.009101
0.028408
0.333421
0.007367
0.007184
0.005857
0.020596
0.797923
0.008709
0.975024
0.795392
0.525925
0.027253
0.923522
0.420819
0.106056
0.004735
0.9286
0.001389
0.678984
0.833549
0.00204
0.220492
0.222178
0.835209
0.019243
0.003892
0.011585
0.573628
0.715564
0.003837
0.126657
0.668404
0.030609
0.261965
0.008452
0.979745
0.127102
0.019312
0.21763
0.175299
0.366386
0.472039
0.418606
0.037932
0.820739
0.013559
0.04676
0.237169
0.050147
0.068529
0.003099
0.001675
0.010495
0.05917
0.269179
0.857449
0.001123
0.141498
0.500445
0.034465
0.013803
0.020944
0.577819
0.778193
0.344683
0.017574
0.22463
0.135177
0.001538
0.955018
0.002789
0.070779
0.210963
0.039723
0.001916
0.09933
0.364678
0.001514
0.53024
0.003667
0.01131
0.147488
0.510638
0.036257
0.051438
0.048835
0.018173
0.777456
0.012888
0.219247
0.124219
0.053447
0.102766
0.036763
0.082082
0.587226
0.011326
0.009876
0.028945
0.798373
0.460268
0.000797
0.000384
0.01111
0.637976
0.022667
0.228718
0.204394
0.030084
0.867483
0.01384
0.140067
0.780333
0.034336
0.021044
0.009552
0.013918
0.002295
0.972656
0.006505
0.001262
0.085997
0.828715
0.009118
0.022153
0.043153
0.009147
0.001902
0.028942
0.002482
0.050492
0.736735
0.144066
0.551355
0.173346
0.000368
0.000209
0.008223
0.265552
0.54005
0.310028
0.007221
0.183752
0.017271
0.141521
0.483508
0.488906
0.001694
0.007449
0.008818
0.234118
0.704275
0.030338
0.016296
0.00511
0.237845
0.017599
0.142409
0.006624
0.117064
0.014363
0.00077
0.081418
0.184398
0.520324
0.006976
0.676262
0.952141
0.012759
0.29473
0.021726
0.613747
0.037908
0.000864
0.054506
0.159663
0.026746
0.595344
0.308252
0.023015
0.045153
0.08403
0.955332
0.013832
0.001004
0.535333
0.002306
0.397816
0.058424
0.00132
0.011609
0.001004
0.09352
0.019372
0.031291
0.166089
0.684215
0.000537
0.047917
0.022206
0.290461
0.056468
0.099836
0.046863
0.432837
0.057056
0.012713
0.030035
0.989006
0.220355
0.139395
0.001344
0.314648
0.014091
0.012634
0.009912
0.764402
0.061663
0.31098
0.001718
0.001312
0.067735
0.827349
0.002767
0.030849
0.009121
0.015869
0.049295
0.002748
0.259352
0.466068
0.001609
0.135045
0.263163
0.01548
0.243818
0.020591
0.017974
0.001752
0.416041
0.050816
0.000596
0.001955
0.093327
0.015498
0.003771
0.111145
0.00134
0.004688
0.007459
0.669002
0.010316
0.004439
0.00974
0.062603
0.18961
0.003511
0.073015
0.010347
0.077011
0.004932
0.00134
0.030115
0.876344
0.021866
0.048401
0.021634
0.932351
0.013669
0.007651
0.873189
0.051662
0.014238
0.018314
0.217728
0.022888
0.001186
0.308897
0.150245
0.227718
0.212252
0.007777
0.281423
0.046516
0.00139
0.762104
0.403284
0.038694
0.105355
0.003669
0.148259
0.001671
0.022252
0.054697
0.973392
0.409507
0.299145
0.005677
0.010485
0.003312
0.018436
0.091431
0.24349
0.137672
0.000745
0.050424
0.196461
0.00933
0.070793
0.023839
0.004486
0.021196
0.052562
0.741689
0.013538
0.021881
0.000119
0.567608
0.051481
0.098279
0.026244
0.039497
0.062969
0.133884
0.272198
0.021192
0.046965
0.115998
0.134348
0.090471
0.20774
0.05611
0.024003
0.056555
0.089053
0.009465
0.18606
0.00508
0.902212
0.050241
0.578291
0.025614
0.149606
0.304247
0.001186
0.001942
0.031227
0.039992
0.060002
0.594233
0.137049
0.104974
0.748755
0.214319
0.354616
0.127316
0.002021
0.001344
0.010819
0.091574
0.01624
0.005636
0.249389
0.027109
0.001747
0.015377
0.046
0.008471
0.171204
0.12564
0.026846
0.615477
0.233691
0.913284
0.137572
0.056702
0.749136
0.004681
0.079343
0.015384
0.841833
0.212547
0.326066
0.816666
0.045067
0.002027
0.000432
0.034878
0.271427
0.911997
0.018194
0.102652
0.164143
0.016682
0.96588
0.14535
0.052606
0.121243
0.002534
0.13334
0.026033
0.00333
0.834862
0.244575
0.36765
0.690594
0.008813
0.004837
0.819412
0.006216
0.952337
0.110781
0.051939
0.059226
0.24995
0.390037
0.05847
0.097767
0.00064
0.265285
0.161841
0.099195
0.049848
0.264638
0.427692
0.00053
0.908073
0.033552
0.790543
0.618879
0.083799
0.054328
0.059895
0.593127
0.003115
0.831881
0.0237
0.096581
0.010617
0.066661
0.000394
0.022032
0.101958
0.025526
0.683444
0.001525
0.335862
0.037767
0.967754
0.021464
0.524852
0.494547
0.019647
0.062428
0.021407
0.10018
0.231251
0.272207
0.684259
0.128687
0.00938
0.010308
0.730795
0.391832
0.000873
0.970035
0.051538
0.240141
0.090406
0.516574
0.872988
0.007438
0.00896
0.03026
0.65399
0.104353
0.218352
0.012951
0.072746
0.057149
0.001276
0.041918
0.003847
0.010721
0.142825
0.037795
0.240755
0.049241
0.081784
0.009744
0.000871
0.008862
0.568654
0.052229
0.045327
0.076433
0.44512
0.098817
0.193674
0.083162
0.191629
0.606705
0.002372
0.148632
0.001276
0.874304
0.335552
0.070397
0.090826
0.027147
0.000375
0.17316
0.089533
0.017885
0.001546
0.20467
0.182222
0.004242
0.006926
0.091407
0.011821
0.03113
0.3066
0.002576
0.029553
0.005728
0.143679
0.987396
0.015785
0.058162
0.071022
0.013296
0.02542
0.007183
0.622952
0.000315
0.350612
0.313234
0.860606
0.705153
0.002399
0.95647
0.019327
0.947289
0.39775
0.105276
0.317498
0.08114
0.105914
0.483017
0.002839
0.089204
0.034192
0.684368
0.003055
0.049122
0.24995
0.126984
0.018547
0.023548
0.006585
0.113048
0.002677
0.087555
0.011334
0.715085
0.163635
0.990245
0.002983
0.073925
0.871589
0.028056
0.008363
0.009671
0.080773
0.039939
0.182844
0.347651
0.101422
0.112134
0.099171
0.02828
0.604362
0.091132
0.949801
0.164388
0.06031
0.000534
0.903279
0.053267
0.546755
0.639206
0.001254
0.665865
0.013504
0.076851
0.002015
0.013185
0.107191
0.21938
0.014738
0.026158
0.002389
0.45513
0.120415
0.621071
0.006764
0.080361
0.409685
0.216989
0.146783
0.003187
0.051196
0.031122
0.082989
0.377183
0.001748
0.386745
0.00084
0.013436
0.051236
0.562365
0.023653
0.003062
0.112008
0.074912
0.512665
0.817184
0.075703
0.980895
0.021442
0.095481
0.092968
0.015669
0.248108
0.112347
0.026969
0.000455
0.09835
0.017628
0.017482
0.00572
0.711263
0.086157
0.001888
0.013618
0.237662
0.067911
0.664873
0.149618
0.022857
0.847239
0.136899
0.002562
0.019334
0.075181
0.031933
0.143913
0.001357
0.011319
0.678623
0.004436
0.014736
0.005344
0.077976
0.003741
0.141349
0.556369
0.244607
0.019206
0.228947
0.011672
0.015702
0.224863
0.255678
0.014074
0.001417
0.095155
0.082103
0.139027
0.084707
0.054836
0.00071
0.084036
0.050596
0.095751
0.003828
0.14456
0.010007
0.004806
0.003588
0.580461
0.00562
0.121134
0.089976
0.001296
0.059484
0.010232
0.002195
0.032246
0.000441
0.145866
0.587644
0.075657
0.471117
0.645505
0.264533
0.028133
0.362457
0.006646
0.453779
0.007884
0.028968
0.560918
0.417539
0.08348
0.987711
0.888857
0.172649
0.029603
0.027687
0.109758
0.090812
0.23108
0.005658
0.260265
0.011103
0.001638
0.565424
0.252911
0.318572
0.125244
0.032197
0.103198
0.173801
0.066111
0.010609
0.029433
0.000595
0.346096
0.025011
0.100167
0.003948
0.398165
0.116333
0.796613
0.956421
0.076783
0.232654
0.002473
0.117738
0.147027
0.50794
0.013181
0.032615
0.896424
0.359196
0.041163
0.00035
0.002973
0.002734
0.204926
0.000853
0.01055
0.847401
0.101228
0.378038
0.008997
0.932042
0.187252
0.185514
0.00129
0.001532
0.028958
0.163996
0.754225
0.098623
0.007332
0.451632
0.036631
0.002549
0.038393
0.000531
0.003786
0.13153
0.050669
0.411209
0.008804
0.051765
0.116947
0.05382
0.032058
0.370956
0.036622
0.023359
0.762871
0.004792
0.15684
0.955103
0.340408
0.006927
0.018343
0.005765
0.981059
0.356727
0.611805
0.003812
0.302155
0.591879
0.264599
0.013243
0.008997
0.000963
0.021755
0.010063
0.377371
0.020611
0.005854
0.463386
0.014473
0.943067
0.027313
0.109148
0.002213
0.105401
0.325376
0.179508
0.012195
0.001359
0.525171
0.003451
0.025395
0.010628
0.005324
0.001089
0.982078
0.138275
0.658909
0.077395
0.003047
0.086276
0.003185
0.244344
0.269112
0.942622
0.757643
0.026667
0.548211
0.002931
0.016433
0.585989
0.451755
0.013779
0.186477
0.569813
0.030289
0.02445
0.03432
0.039245
0.033869
0.703598
0.856129
0.121472
0.306619
0.006599
0.488042
0.01061
0.021757
0.027088
0.007986
0.439882
0.016617
0.011107
0.027444
0.134144
0.002323
0.00567
0.123276
0.021152
0.950312
0.062551
0.015759
0.041167
0.22341
0.021143
0.957785
0.009307
0.060425
0.021088
0.033723
0.031409
0.001158
0.769135
0.004678
0.49019
0.928151
0.080702
0.021697
0.865638
0.01293
0.215085
0.012426
0.316044
0.585166
0.004942
0.018964
0.089791
0.107534
0.003344
0.003863
0.256581
0.027443
0.010679
0.306446
0.005197
0.099617
0.071368
0.001996
0.260251
0.169625
0.004528
0.016182
0.86608
0.275152
0.804243
0.211593
0.00708
0.021399
0.049849
0.767596
0.021658
0.003268
0.300689
0.002701
0.136273
0.878318
0.560108
0.196278
0.259642
0.023136
0.00804
0.011238
0.922107
0.00685
0.078102
0.007082
0.072012
0.001674
0.005775
0.214624
0.316398
0.084625
0.008867
0.051467
0.000369
0.145631
0.000219
0.001886
0.013513
0.006968
0.032933
0.131526
0.04748
0.012113
0.005035
0.012009
0.233715
0.001922
0.499675
0.448836
0.003718
0.131375
0.275825
0.015807
0.036613
0.017774
0.610543
0.078563
0.028878
0.018339
0.581098
0.162709
0.198741
0.97215
0.118378
0.105994
0.010023
0.023012
0.005023
0.098749
0.031468
0.007171
0.006536
0.014079
0.012795
0.974612
0.905297
0.007475
0.006855
0.115309
0.00367
0.428834
0.002959
0.397608
0.009362
0.219605
0.006364
0.00127
0.035004
0.000234
0.080961
0.797323
0.513666
0.0071
0.247935
0.288686
0.857095
0.232222
0.004793
0.024572
0.093214
0.127421
0.017624
0.428904
0.019753
0.695275
0.162155
0.03593
0.064535
0.956287
0.002914
0.132155
0.215356
0.006388
0.103488
0.005334
0.041957
0.882768
0.007292
0.287771
0.008386
0.026834
0.010417
0.213322
0.044429
0.017502
0.040134
0.574258
0.000282
0.352205
0.022505
0.566077
0.000419
0.022634
0.000983
0.982574
0.026248
0.029426
0.337302
0.054011
0.028197
0.0737
0.063941
0.007209
0.025931
0.058204
0.052229
0.003228
0.04873
0.145571
0.081966
0.00523
0.205274
0.008326
0.741912
0.054343
0.276878
0.254691
0.00928
0.1395
0.24436
0.206617
0.159199
0.030981
0.164896
0.05642
0.024491
0.06043
0.039038
0.036003
0.004692
0.488694
0.20226
0.003183
0.439986
0.02552
0.05292
0.007908
0.233247
0.432685
0.005661
0.226107
0.083919
0.03084
0.168618
0.035
0.011321
0.85468
0.026416
0.001918
0.001021
0.095271
0.062309
0.236134
0.012352
0.009803
0.177015
0.138733
0.382871
0.134835
0.003581
0.788314
0.01981
0.009634
0.022734
0.216951
0.001835
0.006082
0.456884
0.086968
0.397904
0.472514
0.112478
0.064361
0.563538
0.414299
0.123393
0.049675
0.012937
0.740732
0.071819
0.946661
0.143855
0.807506
0.005796
0.467889
0.013149
0.156362
0.038647
0.120251
0.03383
0.137178
0.911305
0.031479
0.098963
0.002195
0.081851
0.020742
0.295364
0.074434
0.10913
0.18668
0.150605
0.432324
0.373528
0.122315
0.961775
0.152268
0.010969
0.06051
0.007186
0.96133
0.000718
0.015156
0.892675
0.041411
0.227052
0.073204
0.569249
0.18292
0.000184
0.022097
0.00769
0.029417
0.0727
0.880868
0.034325
0.060001
0.532911
0.070046
0.174377
0.049806
0.293893
0.225435
0.015881
0.010681
0.587979
0.081632
0.198545
0.308186
0.108373
0.227254
0.189502
0.038578
0.010991
0.010274
0.006559
0.006571
0.622493
0.282777
0.032374
0.126596
0.100943
0.003128
0.112837
0.026119
0.579206
0.056872
0.012122
0.001478
0.358419
0.003791
0.298873
0.001763
0.973797
0.123658
0.018704
0.029812
0.061727
0.520601
0.786772
0.067934
0.176786
0.029668
0.785411
0.004913
0.115493
0.650039
0.000354
0.039113
0.037242
0.001832
0.008974
0.241963
0.117203
0.131901
0.006338
0.28452
0.420702
0.030733
0.330041
0.021478
0.371407
0.322449
0.041648
0.135542
0.162004
0.06688
0.008418
0.531836
0.000397
0.009889
0.229335
0.005381
0.871501
0.000507
0.049091
0.039263
0.122889
0.013692
0.002408
0.025477
0.025067
0.425907
0.065772
0.018515
0.003175
0.012703
0.118727
0.195497
0.176385
0.016388
0.002714
0.628938
0.173926
0.003468
0.293331
0.100991
0.14237
0.045708
0.537162
0.724631
0.986833
0.000916
0.133156
0.307398
0.0679
0.073201
0.006334
0.029009
0.009161
0.012001
0.090171
0.009696
0.006014
0.708313
0.463885
0.001007
0.080846
0.217804
0.148339
0.853199
0.040793
0.109656
0.209758
0.129195
0.050993
0.670905
0.026136
0.417705
0.008055
0.011405
0.210373
0.949677
0.239779
0.128752
0.005042
0.060211
0.079063
0.016249
0.659787
0.01684
0.073357
0.344632
0.104748
0.282974
0.656673
0.018777
0.156327
0.440215
0.075795
0.652511
0.076036
0.272072
0.136161
0.030481
0.002572
0.125812
0.225716
0.074212
0.021212
0.05004
0.21758
0.310863
0.680918
0.322157
0.263767
0.020142
0.003376
0.131931
0.050158
0.476854
0.056067
0.021425
0.014961
0.068913
0.240902
0.085956
0.02995
0.007604
0.05178
0.025504
0.075842
0.880948
0.527617
0.011437
0.711879
0.960547
0.53619
0.005679
0.000334
0.036238
0.071972
0.821544
0.120564
0.006472
0.640077
0.953344
0.209123
0.008022
0.021364
0.033933
0.02377
0.018613
0.09421
0.069655
0.006115
0.895857
0.245232
0.090689
0.816126
0.015228
0.06765
0.045956
0.000238
0.000653
0.009424
0.000402
0.064067
0.065537
0.000991
0.079521
0.888308
0.201559
0.409275
0.811885
0.698727
0.014374
0.133394
0.044782
0.001412
0.220518
0.046848
0.000686
0.943194
0.111689
0.001604
0.016088
0.437491
0.084621
0.032025
0.292588
0.27166
0.232928
0.003927
0.131543
0.034851
0.205947
0.031549
0.020488
0.031353
0.000922
0.127483
0.044388
0.18507
0.606378
0.023603
0.025892
0.32741
0.045989
0.028468
0.134533
0.401959
0.032099
0.002362
0.017834
0.056439
0.209646
0.25055
0.009259
0.010653
0.046456
0.000859
0.020882
0.002078
0.082483
0.496292
0.056642
0.00694
0.365736
0.018278
0.310779
0.026527
0.000737
0.056439
0.230518
0.013584
0.409564
0.023649
0.043504
0.064702
0.88608
0.929798
0.034192
0.000584
0.004687
0.010913
0.052229
0.602033
0.003695
0.040234
0.023596
0.074005
0.001657
0.049632
0.02898
0.551567
0.840099
0.009922
0.079428
0.000399
0.8311
0.004636
0.010969
0.001618
0.027614
0.028009
0.274196
0.004417
0.168298
0.083773
0.71811
0.022779
0.030782
0.023583
0.046453
0.14017
0.019797
0.13138
0.614793
0.03496
0.008901
0.020988
0.49138
0.575741
0.019428
0.368958
0.011287
0.001508
0.146907
0.008587
0.105756
0.007319
0.011273
0.003835
0.111777
0.026353
0.008631
0.000669
0.124241
0.00135
0.662852
0.3147
0.013388
0.230372
0.013816
0.007164
0.046188
0.679389
0.027423
0.157386
0.005012
0.54261
0.578648
0.002065
0.179741
0.167261
0.027989
0.868276
0.148849
0.008141
0.01574
0.005623
0.708037
0.080848
0.514686
0.431159
0.009885
0.111426
0.006937
0.002702
0.166162
0.0065
0.115559
0.944516
0.078818
0.245765
0.180224
0.003534
0.485635
0.014617
0.066297
0.297359
0.687232
0.089378
0.006518
0.146379
0.107303
0.271506
0.080875
0.019906
0.373509
0.540932
0.021063
0.004327
0.016857
0.002142
0.00062
0.084464
0.326236
0.111553
0.075795
0.956126
0.936205
0.012934
0.016421
0.323792
0.047942
0.00603
0.051519
0.954079
0.064224
0.004992
0.475923
0.850545
0.005264
0.00667
0.007074
0.010065
0.052687
0.812759
0.929774
0.085006
0.238735
0.021748
0.024342
0.803621
0.089299
0.319281
0.437223
0.032809
0.00175
0.746627
0.040856
0.074986
0.726493
0.083958
0.021793
0.143277
0.152688
0.001668
0.071628
0.011668
0.03166
0.192384
0.047868
0.001968
0.04652
0.002857
0.110878
0.032073
0.017804
0.000574
0.394312
0.001736
0.040782
0.183735
0.006435
0.536904
0.074317
0.003484
0.005517
0.349512
0.102956
0.045153
0.011028
0.057143
0.004557
0.008788
0.01714
0.037563
0.497016
0.104437
0.122918
0.367312
0.00453
0.213219
0.106355
0.020169
0.393761
0.01571
0.058543
0.930746
0.006122
0.119938
0.148809
0.298391
0.080837
0.065634
0.92803
0.084196
0.622438
0.870604
0.001891
0.034044
0.119654
0.109699
0.089925
0.032358
0.216164
0.338016
0.047941
0.004488
0.946117
0.987049
0.356321
0.006397
0.065273
0.164917
0.067208
0.93561
0.001285
0.008056
0.071379
0.608345
0.22107
0.054799
0.068504
0.031609
0.93156
0.045121
0.014132
0.15083
0.099571
0.007267
0.00255
0.788646
0.011324
0.002073
0.816334
0.026341
0.016799
0.044391
0.205348
0.275899
0.001224
0.005272
0.206104
0.001752
0.05951
0.037216
0.092456
0.02207
0.028116
0.582847
0.086193
0.910473
0.008106
0.106694
0.084354
0.002335
0.198997
0.391346
0.067677
0.01129
0.056624
0.00289
0.019937
0.024531
0.106693
0.523087
0.007607
0.066066
0.037493
0.100298
0.902185
0.270914
0.068942
0.062208
0.423474
0.046655
0.25059
0.774137
0.041957
0.037745
0.226954
0.01973
0.158978
0.002776
0.246869
0.842161
0.491922
0.370579
0.031937
0.114853
0.018153
0.284518
0.130712
0.021564
0.503841
0.009398
0.38483
0.333606
0.986206
0.010237
0.010357
0.997735
0.980374
0.002358
0.189125
0.000888
0.319594
0.044451
0.010738
0.017304
0.02357
0.004758
0.040878
0.343716
0.073466
0.071054
0.643264
0.003911
0.126388
0.427812
0.150434
0.069747
0.223887
0.59325
0.932816
0.499749
0.02085
0.474535
0.004436
0.197052
0.339068
0.249395
0.003815
0.598599
0.007618
0.035309
0.611616
0.122879
0.136234
0.496109
0.002669
0.078898
0.00035
0.343578
0.802492
0.027618
0.013376
0.118863
0.257062
0.049511
0.779512
0.624908
0.92288
0.733946
0.020384
0.040392
0.847169
0.512438
0.018074
0.516334
0.215308
0.273301
0.049297
0.00589
0.015916
0.021232
0.868484
0.021666
0.02869
0.026299
0.038431
0.109035
0.009233
0.08345
0.132771
0.142938
0.194248
0.379346
0.353317
0.014137
0.009507
0.750721
0.004621
0.019583
0.386711
0.000984
0.001402
0.275995
0.237386
0.023451
0.18581
0.251803
0.611127
0.229134
0.042971
0.016102
0.008908
0.001722
0.003943
0.593418
0.00047
0.002528
0.017409
0.202826
0.028836
0.00577
0.368886
0.010451
0.011025
0.034501
0.002429
0.012091
0.023668
0.026958
0.021701
0.696065
0.270658
0.204985
0.971536
0.801542
0.012387
0.645703
0.082281
0.015899
0.004959
0.110135
0.082669
0.001195
0.08304
0.019635
0.01628
0.029041
0.866415
0.030487
0.086706
0.022912
0.157209
0.022239
0.973696
0.006567
0.011512
0.019806
0.841467
0.000874
0.025257
0.21551
0.002535
0.001382
0.001535
0.130236
0.186924
0.128813
0.63898
0.112846
0.005575
0.013665
0.123927
0.014169
0.839106
0.004065
0.002953
0.032182
0.693377
0.025002
0.073967
0.127621
0.008213
0.876335
0.039664
0.007059
0.048752
0.004444
0.00936
0.89007
0.077877
0.00217
0.776533
0.002194
0.03241
0.09406
0.614729
0.141247
0.004418
0.121922
0.000312
0.141425
0.075101
0.458983
0.550811
0.064414
0.675513
0.872006
0.031919
0.439971
0.024552
0.736191
0.009321
0.00103
0.007823
0.944061
0.020583
0.002375
0.050166
0.700435
0.906227
0.166182
0.363262
0.850376
0.29614
0.020531
0.151739
0.006877
0.001771
0.821293
0.461151
0.000807
0.001696
0.009597
0.127322
0.060324
0.167324
0.133384
0.369819
0.12935
0.186332
0.003975
0.194833
0.020457
0.281297
0.594981
0.216654
0.079649
0.189024
0.187387
0.038301
0.204442
0.007594
0.001254
0.544545
0.338754
0.023954
0.095012
0.003086
0.106331
0.965827
0.01639
0.006911
0.067465
0.885185
0.003691
0.014423
0.579412
0.208639
0.002247
0.00849
0.016671
0.191592
0.11141
0.026139
0.088239
0.028409
0.038989
0.064339
0.408791
0.004385
0.443475
0.341907
0.054005
0.121368
0.016818
0.158534
0.02768
0.213668
0.292185
0.04323
0.000718
0.601205
0.008717
0.537295
0.822824
0.009497
0.010763
0.19231
0.455333
0.016651
0.000363
0.64185
0.011034
0.146033
0.008816
0.040635
0.05275
0.033261
0.014413
0.009944
0.989885
0.04783
0.018067
0.337653
0.964365
0.894495
0.321624
0.048773
0.001816
0.029511
0.927556
0.001963
0.727922
0.101521
0.290159
0.005411
0.108555
0.303669
0.348786
0.259428
0.019851
0.226392
0.020758
0.022195
0.02933
0.011866
0.86259
0.00809
0.055592
0.072534
0.279807
0.773891
0.149065
0.00057
0.068495
0.066776
0.00035
0.025259
0.009776
0.000859
0.046071
0.00577
0.099953
0.519905
0.098547
0.163339
0.041525
0.287711
0.013663
0.017722
0.391612
0.279156
0.024793
0.028531
0.526219
0.001895
0.022727
0.00776
0.005753
0.896461
0.016158
0.002058
0.033534
0.897394
0.066862
0.041833
0.04916
0.548019
0.511653
0.8962
0.256112
0.007677
0.018048
0.53924
0.001437
0.05196
0.662934
0.003727
0.007813
0.000442
0.017294
0.046331
0.007764
0.1566
0.138033
0.017861
0.228742
0.935656
0.014182
0.29131
0.199471
0.000695
0.083768
0.009735
0.061944
0.066935
0.149607
0.593672
0.161411
0.05825
0.92766
0.837938
0.242367
0.002574
0.018441
0.820349
0.39807
0.004406
0.730271
0.009605
0.0215
0.892895
0.314997
0.210293
0.083065
0.35386
0.13858
0.357996
0.006647
0.013804
0.008446
0.005232
0.043594
0.085932
0.004376
0.233913
0.008568
0.754934
0.012259
0.15439
0.093342
0.151782
0.371859
0.062444
0.85514
0.139874
0.684857
0.011696
0.077933
0.158657
0.01034
0.063682
0.151509
0.19689
0.021732
0.170594
0.147709
0.786703
0.033151
0.004286
0.04647
0.995642
0.080287
0.125153
0.470903
0.039967
0.286178
0.060318
0.009019
0.134733
0.302019
0.318854
0.044393
0.025125
0.00115
0.024519
0.153556
0.904658
0.00198
0.728054
0.000975
0.314143
0.027851
0.96886
0.272602
0.088844
0.084278
0.078027
0.034574
0.087994
0.30668
0.264452
0.114804
0.006019
0.203443
0.762532
0.001318
0.047347
0.089882
0.002558
0.035373
0.400736
0.063568
0.007621
0.548647
0.042494
0.018305
0.014522
0.294626
0.019337
0.565025
0.73872
0.205835
0.036462
0.174712
0.004843
0.013976
0.602565
0.957896
0.009579
0.310966
0.00605
0.030639
0.271192
0.037677
0.101474
0.762443
0.057185
0.029352
0.012761
0.148416
0.003169
0.079078
0.033257
0.025413
0.069928
0.0412
0.008023
0.07404
0.559312
0.06374
0.136698
0.233087
0.555887
0.19328
0.016572
0.001463
0.109256
0.067777
0.00331
0.712916
0.164723
0.085988
0.190594
0.0018
0.023411
0.08313
0.251621
0.208599
0.008801
0.0026
0.052057
0.024237
0.013381
0.039462
0.002246
0.003099
0.000579
0.004516
0.259252
0.005104
0.184822
0.026021
0.045421
0.002853
0.000621
0.115658
0.027026
0.001503
0.253822
0.085827
0.112277
0.126456
0.014342
0.003659
0.924704
0.973813
0.568396
0.365263
0.009333
0.008084
0.00055
0.445141
0.178252
0.0461
0.03805
0.000479
0.001428
0.010393
0.017785
0.919016
0.000582
0.882588
0.002599
0.007257
0.550406
0.186396
0.060401
0.976113
0.00109
0.002886
0.001207
0.013401
0.796078
0.088204
0.012096
0.457974
0.501328
0.102738
0.020714
0.136321
0.005467
0.008283
0.00341
0.018758
0.045006
0.027692
0.027977
0.213006
0.005556
0.188515
0.011618
0.902971
0.618501
0.000753
0.015088
0.011021
0.003981
0.010472
0.883271
0.00528
0.095829
0.095795
0.090745
0.205481
0.065853
0.878927
0.018405
0.003929
0.311986
0.007904
0.004286
0.049958
0.339157
0.005959
0.002046
0.311319
0.006145
0.504738
0.061182
0.003255
0.088715
0.078009
0.019621
0.023533
0.002993
0.038429
0.035363
0.065674
0.931518
0.112179
0.001691
0.021797
0.008879
0.004791
0.005772
0.022871
0.866545
0.507147
0.117968
0.047911
0.285524
0.078427
0.023371
0.005953
0.111062
0.006729
0.226848
0.063794
0.023668
0.753993
0.00057
0.009563
0.000564
0.000894
0.003093
0.18164
0.970543
0.943714
0.134856
0.252257
0.014085
0.544461
0.014111
0.243433
0.089339
0.019914
0.075313
0.036472
0.630355
0.734753
0.000653
0.148897
0.535131
0.281414
0.046622
0.05462
0.952234
0.296806
0.321145
0.195787
0.012366
0.024775
0.046145
0.002434
0.071973
0.134973
0.015817
0.010148
0.095857
0.01682
0.021986
0.345298
0.801176
0.093651
0.012401
0.102724
0.482445
0.462121
0.091673
0.012108
0.710233
0.268745
0.002241
0.197298
0.002884
0.650425
0.02219
0.955325
0.007584
0.000718
0.040194
0.009881
0.034804
0.200414
0.327235
0.005825
0.006868
0.092597
0.03633
0.16979
0.170351
0.026033
0.122759
0.222595
0.295694
0.118589
0.028851
0.079932
0.019757
0.198937
0.078491
0.00373
0.942886
0.027082
0.016166
0.000725
0.021132
0.041325
0.157654
0.006035
0.011141
0.009636
0.005665
0.036101
0.002104
0.848927
0.466326
0.298221
0.007084
0.079082
0.26616
0.511334
0.025398
0.951872
0.310647
0.004052
0.159005
0.035928
0.004841
0.08014
0.967036
0.328982
0.012119
0.00703
0.924562
0.02535
0.006954
0.114954
0.901516
0.717583
0.962145
0.373796
0.022489
0.611878
0.01219
0.272276
0.005513
0.102231
0.058491
0.883651
0.282049
0.019499
0.247667
0.007451
0.002368
0.037939
0.218919
0.495127
0.3776
0.022903
0.001014
0.015116
0.004926
0.226225
0.015526
0.116327
0.261563
0.076118
0.002339
0.169099
0.803228
0.154665
0.029415
0.244119
0.023919
0.00115
0.002625
0.007939
0.363074
0.859046
0.976892
0.422521
0.00564
0.002122
0.002305
0.208613
0.002993
0.286704
0.305335
0.030429
0.128716
0.039754
0.022727
0.049628
0.128229
0.014574
0.958413
0.074307
0.228746
0.049493
0.044916
0.00826
0.12134
0.002161
0.00401
0.085556
0.0359
0.016122
0.007251
0.051201
0.073228
0.008656
0.023537
0.002158
0.108622
0.068605
0.000271
0.007169
0.006165
0.677362
0.818845
0.003303
0.011935
0.69805
0.040042
0.2598
0.001264
0.551914
0.897948
0.110159
0.095053
0.19808
0.007363
0.697026
0.113057
0.065599
0.035817
0.024551
0.129154
0.001757
0.932623
0.02964
0.351104
0.043772
0.015055
0.088667
0.015654
0.449387
0.002354
0.001206
0.495069
0.011305
0.304483
0.178128
0.01142
0.00239
0.000221
0.472892
0.029856
0.148759
0.813637
0.059685
0.068612
0.017552
0.003229
0.009942
0.172097
0.184052
0.114091
0.065964
0.020884
0.032578
0.011311
0.202632
0.236935
0.307419
0.008731
0.012909
0.000527
0.00264
0.031178
0.047715
0.037601
0.045454
0.065233
0.087262
0.144523
0.26269
0.752954
0.030871
0.107402
0.051766
0.004534
0.033793
0.07342
0.016911
0.001301
0.891471
0.023886
0.281909
0.338438
0.028132
0.001549
0.009641
0.12808
0.500455
0.402197
0.042235
0.771377
0.168801
0.004095
0.2398
0.006758
0.195659
0.008816
0.556297
0.538774
0.000759
0.011122
0.723534
0.016555
0.027349
0.020873
0.655123
0.00068
0.093031
0.296821
0.021084
0.181746
0.00473
0.60685
0.009279
0.047032
0.018156
0.019691
0.018666
0.116726
0.58904
0.221051
0.654747
0.000907
0.074003
0.038973
0.010541
0.040076
0.000166
0.212118
0.099144
0.10473
0.307753
0.068878
0.949628
0.004992
0.00741
0.783181
0.485764
0.704363
0.001016
0.055796
0.994359
0.251614
0.472582
0.153437
0.840313
0.533548
0.957219
0.676606
0.030375
0.507177
0.038535
0.028486
0.027546
0.00943
0.240054
0.003325
0.351143
0.017799
0.588474
0.024618
0.082353
0.890994
0.00853
0.044072
0.0058
0.545188
0.170288
0.022162
0.964456
0.000346
0.327465
0.015774
0.029722
0.509265
0.092771
0.022718
0.435091
0.038448
0.981241
0.196155
0.735398
0.047006
0.017043
0.580347
0.169387
0.421997
0.000209
0.95527
0.005544
0.111819
0.007106
0.014077
0.015414
0.000931
0.002724
0.064952
0.91584
0.03462
0.024613
0.914118
0.086245
0.019912
0.111622
0.206898
0.000191
0.057582
0.751871
0.212909
0.03807
0.803969
0.027833
0.084597
0.08077
0.061516
0.280057
0.009391
0.91286
0.219829
0.014963
0.039204
0.880699
0.1887
0.089139
0.638256
0.001268
0.012972
0.021969
0.7534
0.00982
0.222777
0.018165
0.018812
0.039602
0.002926
0.249014
0.011594
0.001442
0.008858
0.095582
0.014458
0.022859
0.377099
0.054861
0.0016
0.01711
0.032044
0.033946
0.745364
0.173232
0.018378
0.086128
0.065415
0.029578
0.037578
0.001178
0.237254
0.009512
0.098075
0.277891
0.765782
0.006747
0.588132
0.10786
0.052048
0.034587
0.00218
0.007518
0.010079
0.002213
0.01245
0.968836
0.12358
0.037631
0.300032
0.011579
0.001066
0.097354
0.04062
0.817623
0.108986
0.018106
0.134111
0.004054
0.012306
0.012129
0.054778
0.49909
0.006094
0.066446
0.01407
0.042584
0.003122
0.017102
0.008773
0.051817
0.020323
0.024311
0.420198
0.555063
0.029899
0.002766
0.084517
0.002229
0.861027
0.033829
0.990238
0.00116
0.000123
0.662418
0.011306
0.269119
0.926837
0.145678
0.004055
0.000304
0.364857
0.304657
0.009532
0.783649
0.212175
0.001969
0.868795
0.043844
0.232889
0.126457
0.002114
0.050502
0.000608
0.202119
0.884686
0.979411
0.259533
0.01058
0.005064
0.00557
0.01073
0.009351
0.496735
0.001947
0.003878
0.100163
0.092125
0.010138
0.025085
0.002629
0.123444
0.030883
0.101445
0.791973
0.399156
0.226256
0.061856
0.029857
0.031592
0.028035
0.040803
0.032852
0.020826
0.010007
0.104286
0.031526
0.010365
0.098634
0.003688
0.014719
0.100238
0.025779
0.024819
0.153757
0.972988
0.037152
0.87384
0.975758
0.007138
0.670589
0.054123
0.370319
0.04171
0.000446
0.000625
0.022545
0.038097
0.279184
0.273949
0.33689
0.000582
0.383049
0.015092
0.604773
0.119161
0.13077
0.021069
0.000306
0.874287
0.917833
0.030723
0.000717
0.036896
0.023101
0.032165
0.982521
0.001811
0.0794
0.313513
0.01049
0.044103
0.034173
0.257954
0.01426
0.128279
0.04501
0.395033
0.0055
0.770868
0.596164
0.02312
0.002902
0.026168
0.573828
0.858644
0.248709
0.052954
0.042151
0.919179
0.187144
0.001474
0.036754
0.988711
0.41805
0.194604
0.149601
0.20455
0.010326
0.017297
0.032511
0.094382
0.021768
0.019276
0.003224
0.192535
0.006433
0.532841
0.02397
0.033812
0.003529
0.009347
0.432247
0.063315
0.022061
0.000238
0.065498
0.077169
0.844398
0.229803
0.011209
0.549909
0.000527
0.001487
0.011997
0.014728
0.102347
0.143228
0.14135
0.33416
0.952112
0.046293
0.068756
0.248173
0.014504
0.029184
0.013174
0.061256
0.059117
0.837307
0.940846
0.101774
0.006369
0.001296
0.038216
0.026269
0.006632
0.010249
0.005734
0.100638
0.153079
0.145385
0.084055
0.00402
0.090906
0.203316
0.119755
0.259682
0.668933
0.72655
0.034236
0.004357
0.245535
0.003127
0.123656
0.155714
0.003445
0.216524
0.004094
0.348072
0.051269
0.080152
0.047471
0.935039
0.00135
0.29886
0.134181
0.000987
0.302291
0.007143
0.000213
0.093025
0.270597
0.006699
0.001283
0.92909
0.02571
0.013384
0.696477
0.193513
0.003803
0.019739
0.008239
0.00571
0.007191
0.328144
0.000763
0.00628
0.008506
0.305978
0.467921
0.019375
0.058878
0.001211
0.008032
0.023779
0.018237
0.061786
0.011455
0.799257
0.023097
0.159729
0.015416
0.29337
0.000578
0.01107
0.0023
0.004378
0.918938
0.294456
0.117964
0.922156
0.052465
0.01361
0.023165
0.085135
0.392111
0.244928
0.003589
0.066538
0.00669
0.450633
0.770919
0.313855
0.105662
0.281834
0.194826
0.081012
0.200934
0.071418
0.019329
0.02137
0.025366
0.008642
0.053177
0.0488
0.008556
0.03654
0.000806
0.971085
0.878848
0.026163
0.061508
0.973087
0.116342
0.445329
0.102263
0.391076
0.558603
0.117216
0.051128
0.122606
0.19441
0.008904
0.42832
0.16212
0.537995
0.062359
0.002704
0.016529
0.099416
0.566827
0.02955
0.002952
0.007366
0.535642
0.65222
0.715859
0.368931
0.058762
0.07016
0.01665
0.025269
0.015907
0.307165
0.004926
0.844216
0.007769
0.530197
0.077359
0.172846
0.131125
0.031796
0.60754
0.005596
0.117018
0.07581
0.000305
0.013663
0.637709
0.023414
0.002961
0.368314
0.982292
0.680019
0.169001
0.005836
0.076926
0.921445
0.324129
0.039098
0.012769
0.020355
0.133692
0.03402
0.040845
0.044513
0.022559
0.026057
0.005073
0.058999
0.864104
0.0051
0.080593
0.078856
0.054371
0.147981
0.000543
0.745891
0.673942
0.018655
0.003973
0.303493
0.935419
0.548352
0.277486
0.007196
0.312194
0.02896
0.006473
0.012712
0.0226
0.110649
0.043691
0.023998
0.013534
0.00276
0.187657
0.159776
0.013894
0.244563
0.029358
0.006214
0.233198
0.808869
0.033935
0.022406
0.06621
0.350568
0.983728
0.048031
0.095283
0.025522
0.926018
0.253829
0.243343
0.014946
0.001771
0.048942
0.017531
0.003677
0.898423
0.04074
0.004648
0.417689
0.00058
0.397875
0.007638
0.013526
0.590156
0.041544
0.842933
0.033102
0.001222
0.186055
0.011967
0.006047
0.024551
0.044435
0.00234
0.228998
0.816026
0.033004
0.146715
0.006651
0.023515
0.049731
0.023101
0.080419
0.171756
0.178997
0.017073
0.006022
0.005122
0.164749
0.020089
0.699795
0.632048
0.155395
0.519775
0.084506
0.000442
0.510854
0.073524
0.002335
0.0316
0.042263
0.02079
0.441803
0.017276
0.613071
0.022522
0.03417
0.012181
0.53538
0.988696
0.000763
0.056005
0.211526
0.153771
0.006573
0.005545
0.667105
0.149174
0.000308
0.011452
0.044573
0.005554
0.019622
0.833242
0.000681
0.577714
0.008058
0.01691
0.017227
0.000751
0.374018
0.372344
0.290855
0.948234
0.035256
0.232797
0.979648
0.237845
0.843435
0.002342
0.016591
0.972669
0.958431
0.02646
0.051298
0.602467
0.774476
0.153486
0.909428
0.791638
0.080333
0.000753
0.012326
0.040606
0.009314
0.010931
0.712613
0.004322
0.151513
0.049675
0.226602
0.621134
0.000441
0.007918
0.300459
0.577544
0.126962
0.027008
0.946537
0.018402
0.002917
0.066606
0.474511
0.003898
0.020521
0.025002
0.663942
0.168698
0.003689
0.198501
0.022226
0.479499
0.003265
0.00065
0.030491
0.094091
0.009632
0.940139
0.977003
0.038287
0.041102
0.0202
0.041326
0.104298
0.01042
0.704271
0.911548
0.148731
0.219539
0.088413
0.064202
0.114674
0.017788
0.293316
0.048175
0.020903
0.017269
0.02395
0.894269
0.026136
0.853844
0.095074
0.041335
0.425295
0.018135
0.329874
0.04379
0.001144
0.726266
0.113221
0.002027
0.084818
0.504759
0.004045
0.021164
0.063412
0.007443
0.031222
0.135262
0.030031
0.001003
0.219174
0.057139
0.001096
0.315257
0.253477
0.136421
0.016953
0.000849
0.024036
0.153333
0.004212
0.005287
0.001757
0.005247
0.242507
0.046861
0.024366
0.097418
0.181108
0.023724
0.015695
0.099536
0.022035
0.841111
0.010004
0.043328
0.237454
0.012968
0.884631
0.007315
0.088424
0.256716
0.60032
0.478694
0.00838
0.553973
0.302765
0.486043
0.083
0.007061
0.028864
0.008199
0.024249
0.040658
0.641254
0.045494
0.723341
0.014211
0.501834
0.029638
0.009629
0.02329
0.031936
0.944327
0.117995
0.002004
0.638342
0.043867
0.065541
0.500171
0.265282
0.0022
0.510752
0.00143
0.221985
0.02325
0.000649
0.001581
0.004492
0.485376
0.002259
0.034757
0.845728
0.935268
0.234973
0.002812
0.705147
0.013943
0.056361
0.018142
0.558362
0.982722
0.090685
0.087479
0.001827
0.121403
0.035634
0.004717
0.020528
0.011985
0.03843
0.000231
0.063959
0.091281
0.062234
0.282611
0.003008
0.074648
0.156425
0.288691
0.017431
0.036296
0.062989
0.043108
0.001917
0.126354
0.347609
0.00825
0.240465
0.766986
0.117565
0.000839
0.57401
0.002126
0.004649
0.57736
0.018577
0.333172
0.014015
0.1649
0.002684
0.00893
0.062556
0.05678
0.273118
0.270242
0.002097
0.214956
0.315647
0.055499
0.461534
0.255708
0.044386
0.005103
0.371688
0.006866
0.162052
0.00638
0.007124
0.003429
0.630054
0.004589
0.165497
0.031754
0.015272
0.008857
0.916327
0.00284
0.324213
0.051603
0.025141
0.969822
0.976389
0.101149
0.002051
0.257824
0.099401
0.013475
0.317359
0.040228
0.935615
0.080917
0.005524
0.042247
0.939726
0.106024
0.073081
0.000851
0.205921
0.03107
0.109581
0.032835
0.096232
0.024022
0.363701
0.004191
0.000997
0.532193
0.853123
0.173031
0.108214
0.00257
0.896736
0.846147
0.01417
0.011392
0.043606
0.160697
0.244495
0.158447
0.047653
0.008166
0.000397
0.000838
0.385902
0.010915
0.015276
0.086233
0.192109
0.04481
0.080782
0.003325
0.117672
0.230296
0.703631
0.680654
0.019224
0.023899
0.521614
0.001543
0.17871
0.002898
0.131745
0.377247
0.599082
0.001038
0.086425
0.010473
0.002144
0.000554
0.305069
0.231647
0.026679
0.000428
0.007712
0.27179
0.269035
0.049017
0.012096
0.055245
0.036099
0.364919
0.141067
0.001988
0.00118
0.018885
0.001748
0.008722
0.022759
0.025079
0.081584
0.364713
0.047561
0.20561
0.383332
0.005343
0.568858
0.829156
0.25681
0.027744
0.810507
0.011058
0.001138
0.069143
0.957583
0.005364
0.006488
0.00096
0.152091
0.12043
0.478892
0.119702
0.035812
0.215555
0.048118
0.198629
0.000407
0.00165
0.012147
0.177544
0.052854
0.32569
0.03344
0.004788
0.017617
0.01947
0.527119
0.013556
0.006775
0.013848
0.038329
0.009868
0.084917
0.036346
0.003054
0.454395
0.215051
0.036735
0.011627
0.283241
0.043137
0.047164
0.025335
0.013855
0.007524
0.00779
0.137869
0.004613
0.403588
0.055626
0.626085
0.001711
0.921763
0.023607
0.001824
0.036089
0.009762
0.005867
0.066078
0.981712
0.018413
0.003542
0.403467
0.005113
0.3616
0.023415
0.004501
0.094192
0.196896
0.023925
0.32985
0.105241
0.006609
0.111181
0.261165
0.027872
0.004229
0.11616
0.09681
0.086826
0.027798
0.863279
0.010598
0.006898
0.845133
0.018083
0.022215
0.056019
0.063133
0.849752
0.003668
0.502865
0.222542
0.071646
0.014311
0.017204
0.271107
0.034723
0.009372
0.227534
0.914803
0.026013
0.100994
0.162428
0.101197
0.083152
0.005302
0.004082
0.022332
0.020878
0.009707
0.106118
0.003044
0.010823
0.665012
0.059749
0.073701
0.072539
0.064439
0.059514
0.351596
0.033882
0.008169
0.017147
0.004289
0.165359
0.077438
0.043277
0.488919
0.003588
0.043277
0.190899
0.006219
0.005988
0.049133
0.085734
0.970959
0.958546
0.028404
0.380893
0.014436
0.02875
0.76006
0.793288
0.000728
0.001532
0.102752
0.054322
0.249887
0.003984
0.106954
0.004235
0.055607
0.11208
0.003148
0.014168
0.186102
0.422798
0.04548
0.040093
0.050613
0.501682
0.018843
0.056101
0.032729
0.048695
0.5088
0.004831
0.855245
0.504871
0.110338
0.577168
0.479131
0.016312
0.064378
0.271631
0.001979
0.024687
0.007014
0.574665
0.035462
0.473035
0.075253
0.021085
0.096717
0.007934
0.788027
0.093277
0.311197
0.073166
0.973234
0.217142
0.032111
0.034889
0.043085
0.681193
0.017386
0.138581
0.238407
0.48793
0.04671
0.128743
0.006518
0.110925
0.674834
0.386539
0.987731
0.098035
0.264777
0.054682
0.034787
0.028898
0.005925
0.002455
0.015334
0.054497
0.01143
0.824497
0.199114
0.075067
0.20069
0.015269
0.364103
0.385516
0.067459
0.084454
0.00649
0.218373
0.002028
0.063683
0.036605
0.728575
0.014777
0.002518
0.079715
0.474599
0.000443
0.940846
0.00026
0.276434
0.000568
0.031655
0.300303
0.00524
0.002464
0.054756
0.007601
0.01011
0.048933
0.003574
0.118011
0.676744
0.347704
0.005784
0.400176
0.067677
0.20414
0.033911
0.00813
0.046312
0.015336
0.008027
0.004328
0.617713
0.074145
0.003798
0.000457
0.377384
0.627368
0.819551
0.25353
0.003967
0.022427
0.097765
0.009993
0.011255
0.336001
0.576179
0.028627
0.004201
0.245064
0.000438
0.179127
0.39708
0.246876
0.037508
0.001662
0.776203
0.030331
0.267531
0.014103
0.018203
0.418537
0.070104
0.076094
0.305861
0.133984
0.006652
0.012419
0.104433
0.020927
0.01086
0.019282
0.38973
0.12298
0.153614
0.000567
0.029911
0.384287
0.316967
0.031496
0.07316
0.013057
0.11906
0.182801
0.942598
0.023639
0.027422
0.013848
0.127356
0.024634
0.642776
0.011691
0.171709
0.005017
0.0028
0.025864
0.969905
0.040957
0.057452
0.336206
0.104152
0.055233
0.795262
0.049948
0.759725
0.00038
0.49953
0.106497
0.802103
0.885843
0.60559
0.029607
0.003549
0.070976
0.255121
0.036585
0.006373
0.029202
0.124997
0.587774
0.013876
0.004149
0.239513
0.159052
0.685893
0.867595
0.004978
0.028419
0.659515
0.026145
0.024096
0.014232
0.096063
0.002051
0.02904
0.000411
0.25965
0.068906
0.369755
0.00393
0.067411
0.650775
0.009968
0.002591
0.162449
0.003732
0.327731
0.073088
0.015065
0.009763
0.030611
0.030923
0.175516
0.060271
0.220245
0.401903
0.008279
0.007814
0.034074
0.061314
0.011739
0.08355
0.280815
0.153055
0.001797
0.055609
0.153212
0.033921
0.144029
0.018985
0.475127
0.002654
0.044786
0.047505
0.118488
0.015063
0.01405
0.128266
0.372649
0.499265
0.113112
0.027131
0.909718
0.002241
0.003852
0.803332
0.005924
0.054028
0.802409
0.79446
0.874381
0.171645
0.539018
0.629759
0.825464
0.003996
0.022257
0.014097
0.000442
0.07916
0.085402
0.007377
0.037882
0.873722
0.504279
0.217551
0.007904
0.676896
0.011898
0.008009
0.030556
0.434023
0.019446
0.006356
0.00525
0.004723
0.005215
0.979162
0.287139
0.011222
0.066564
0.024356
0.132083
0.013818
0.007509
0.120172
0.941807
0.017697
0.023163
0.005745
0.025829
0.039951
0.009337
0.023833
0.11422
0.092234
0.173001
0.025772
0.293103
0.028883
0.039268
0.033837
0.000928
0.071073
0.730407
0.641559
0.133584
0.903984
0.248673
0.02453
0.216391
0.959369
0.045197
0.386949
0.006697
0.500463
0.269028
0.04821
0.509354
0.022598
0.040668
0.057138
0.579877
0.02264
0.607276
0.003325
0.032295
0.002787
0.004039
0.637262
0.012986
0.01735
0.002143
0.095527
0.130697
0.005595
0.149079
0.029899
0.036522
0.015161
0.393174
0.242452
0.027957
0.084901
0.021735
0.897485
0.075286
0.666377
0.038824
0.000916
0.049983
0.121379
0.587086
0.062574
0.002882
0.123474
0.11809
0.111355
0.677032
0.006362
0.008844
0.823528
0.000738
0.196094
0.051969
0.058472
0.439089
0.067421
0.002023
0.017319
0.024828
0.002298
0.004286
0.538078
0.8952
0.005591
0.051572
0.001725
0.001523
0.13081
0.476688
0.028999
0.015002
0.070911
0.607128
0.673831
0.001569
0.537952
0.002631
0.027333
0.035119
0.017896
0.182411
0.92632
0.012685
0.007375
0.061726
0.004778
0.001612
0.979896
0.020081
0.171311
0.149323
0.018003
0.067401
0.827085
0.088352
0.030171
0.001566
0.010152
0.002739
