0.999894
0.027154
0.01678
0.021638
0.021234
0.023583
0.008159
0.048305
0.015948
0.057158
0.010209
0.000101
0.000101
0.032191
0.02846
0.000101
0.011818
0.02328
0.000101
0.035795
0.029761
0.089214
0.0194
0.043865
0.029607
0.075168
0.063131
0.003481
0.024361
0.020893
0.021811
0.031712
0.007502
0.00017
0.00233
0.000157
0.021791
0.000101
0.01302
0.020801
0.047273
0.049099
0.00017
0.000101
0.005855
0.015449
0.004287
0.000169
0.034242
0.002804
0.01518
0.008541
0.000164
0.052284
0.010103
0.017021
0.103763
0.025658
0.044828
0.023925
0.007026
0.000729
0.031499
0.003876
0.017703
0.016043
0.015711
0.098948
0.016242
0.011038
0.000159
0.00081
0.027086
0.01625
0.000101
0.016017
0.000562
0.006374
0.017501
0.010471
0.049324
0.000959
0.04411
0.008541
0.020923
0.019999
0.00691
0.026513
0.032107
0.014987
0.000168
0.015948
0.039251
0.012992
0.037465
0.008305
0.014553
0.000816
0.04563
0.028567
0.017488
0.035825
0.007098
0.024222
0.033003
0.016973
0.01074
1.0001
0.023508
0.037985
0.004909
0.028523
0.000749
0.039056
0.000101
0.043332
0.033153
0.006243
0.040642
0.114015
0.001609
0.018403
0.08418
0.020957
0.001925
0.001418
0.008581
0.030772
0.029475
0.009561
0.024859
0.009989
0.023791
0.024502
0.021295
0.018833
0.289535
0.034012
0.000152
0.015602
0.018452
0.031398
0.042763
0.027404
0.028636
0.000168
0.017689
0.008159
0.028399
0.027558
0.035983
0.008683
0.004452
0.000144
0.000163
0.00075
0.02171
0.000883
0.03315
0.023068
0.000164
0.027082
0.011656
0.007764
0.00061
0.015086
0.003175
0.010818
0.017786
0.055768
0.046472
0.199952
0.047384
0.040144
0.002469
0.037522
0.015543
0.023102
0.021377
0.000916
0.03726
0.021234
0.000888
0.000158
0.034334
0.03008
0.043608
0.030378
0.048641
0.017703
0.002312
0.000657
0.005163
0.005012
0.035455
0.017501
0.020942
0.030627
0.04459
0.047466
0.054798
0.002344
0.00276
0.054985
0.038011
0.000164
0.002419
0.000384
0.005431
0.000101
0.000101
0.036745
0.021101
0.06765
0.033757
0.000101
0.000162
0.022455
0.017501
0.008464
0.001959
0.007194
0.014742
0.027907
0.032139
0.019524
0.026457
0.034026
0.000799
0.005681
0.01822
0.028179
0.027481
0.00017
0.000137
0.003267
0.043119
0.008541
0.029417
0.056927
0.000713
0.000166
0.040994
0.012629
0.00017
0.00446
0.0256
0.000858
0.025311
0.041712
0.002523
0.026181
0.061351
0.000816
0.031735
0.000166
0.00017
0.024884
0.023515
0.015948
0.010972
0.045412
0.001959
0.010263
0.004909
0.032103
0.033734
0.000151
0.013303
0.013335
0.001441
0.067686
0.049321
0.017501
0.020423
0.021234
0.019766
0.06465
0.019856
0.000156
0.044391
0.029604
0.00017
0.003417
0.030133
0.065337
0.000168
0.000101
0.001175
0.001954
0.014125
0.043055
0.000101
0.000749
0.000576
0.01341
0.010263
0.023709
0.012635
0.038106
0.008918
0.000796
0.035848
0.027776
0.075386
0.000146
0.017501
0.002085
0.040881
0.018833
0.028234
0.007963
0.055232
0.04206
0.019448
0.079919
0.000161
0.008758
0.014243
0.014987
0.04166
0.000681
0.104996
0.041607
0.047502
0.038304
0.037486
0.002414
0.017501
0.047282
0.029447
0.025864
0.044459
0.012779
0.033635
0.000101
0.000501
0.016348
0.006596
0.062322
0.006645
0.013025
0.035816
0.035973
0.011086
0.019752
0.048184
0.009583
0.951052
0.047063
0.116594
0.054407
0.069903
0.587502
0.077725
0.087682
0.027446
0.119981
0.001069
0.083975
0.169028
0.079367
0.074629
0.328376
0.087369
0.037025
0.427412
0.078791
0.079156
0.13849
0.22081
0.034431
0.076946
0.269052
0.213486
0.064504
0.689249
0.011744
0.136835
0.010149
0.072904
0.073092
0.060753
0.024821
0.038007
0.034113
0.024588
0.148954
0.101043
0.255257
0.029775
0.189784
0.14948
0.071243
0.080666
0.23197
0.081064
0.153496
0.080385
0.07961
0.21866
0.01164
0.182625
0.071874
0.138934
0.065933
0.033006
0.10657
0.138079
0.078097
0.061297
0.025725
0.282506
0.064672
0.93437
0.109717
0.121342
0.187477
0.065982
0.216965
0.286876
0.104298
0.119707
0.19771
0.088694
0.094086
0.089819
0.063736
0.947009
0.063446
0.119275
0.150806
0.135883
0.08759
0.101938
0.080793
0.140055
0.07725
0.149893
0.172082
0.060792
0.07961
0.067026
0.011127
0.124672
0.078625
0.055991
0.001069
0.019263
0.074293
0.070037
0.12796
0.115763
0.049349
0.024917
0.137916
0.192214
0.129161
0.075178
0.091639
0.213749
0.179623
0.070465
0.128963
0.059176
0.242505
0.059372
0.034945
0.011127
0.118165
0.071313
0.145424
0.037447
0.10907
0.07268
0.647
0.063304
0.100395
0.061397
0.116512
0.048708
0.078942
0.100035
0.841325
0.598306
0.046255
0.086263
0.070227
0.065509
0.07713
0.063433
0.052587
0.200565
0.098807
0.067599
0.070487
0.079789
0.242681
0.04603
0.022274
0.171376
0.07961
0.050447
0.135994
0.145908
0.077394
0.151358
0.144363
0.091104
0.08266
0.114513
0.099762
0.10391
0.257806
0.142713
0.137225
0.127026
0.435433
0.127487
0.074617
0.174499
0.053399
0.067215
0.115131
0.198497
0.208529
0.372363
0.107853
0.082031
0.054504
0.031012
0.144427
0.083203
0.047731
0.078227
0.054742
0.070225
0.110198
0.302843
0.084989
0.049802
0.074031
0.192582
0.116687
0.145533
0.118661
0.11052
0.083265
0.078468
0.059026
0.001069
0.089535
0.038007
0.255804
0.121702
0.086486
0.130764
0.080948
0.087535
0.235635
0.073542
0.2346
0.037254
0.930898
0.088094
0.056918
0.511225
0.817171
0.072716
0.090342
0.11689
0.017413
0.034945
0.098391
0.069933
0.063377
0.072044
0.084489
0.088056
0.109428
0.443296
0.020489
0.082862
0.090081
0.078888
0.003067
0.059663
0.066736
0.068717
0.085103
0.087044
0.17747
0.111088
0.039161
0.070702
0.08004
0.218672
0.079479
0.069792
0.086721
0.088631
0.137002
0.003067
0.077196
0.151067
0.074119
0.424502
0.003067
0.003067
0.128905
0.029458
0.072289
0.071608
0.003067
0.099182
0.088872
0.090682
0.090003
0.090396
0.086766
0.074256
0.055883
0.073198
0.076689
0.003067
0.081293
0.068393
0.088056
0.069613
0.028967
0.117267
0.07057
0.085507
0.072477
0.095367
0.083454
0.085972
0.379374
0.003067
0.05936
0.086471
0.359302
0.020489
0.088631
0.087918
0.159699
0.086783
0.083026
0.015901
0.001393
0.08575
0.524467
0.027529
0.091925
0.099759
0.044965
0.023207
0.055209
0.088056
0.088056
0.031046
0.088631
0.088225
0.061559
0.07558
0.079787
0.071787
0.025012
0.003067
0.103286
0.086135
0.035194
0.051137
0.027529
0.003067
0.086795
0.084728
0.085036
0.09571
0.055538
0.090079
0.087308
0.073978
0.144469
0.079338
0.070749
0.106507
0.007004
0.007276
0.008218
0.006303
0.007241
0.000678
0.006119
0.007522
0.007762
0.00646
0.009859
0.654799
0.002671
0.006042
0.007141
0.008298
0.009291
0.006359
0.007958
0.005891
0.009039
0.007404
0.006022
0.005464
0.007535
0.00969
0.013433
0.009832
0.005834
0.007818
0.005454
0.007288
0.011369
0.00772
0.004244
0.006471
0.006264
0.007581
0.008138
0.007191
0.007382
0.007669
0.007852
0.007319
0.006246
0.010024
0.007008
0.00786
0.003706
0.008975
0.006021
0.007699
0.007431
0.007694
0.006639
0.008213
0.004386
0.00264
0.010406
0.007703
0.011469
0.00715
0.002894
0.002548
0.005667
0.006782
0.00583
0.007086
0.007858
0.006212
0.005992
0.007888
0.005577
0.006388
0.005233
0.005568
0.007496
0.007482
0.006536
0.007122
0.008299
0.00916
0.006513
0.008531
0.009755
0.004697
0.007246
0.007936
0.002894
0.006297
0.007377
0.006704
0.007424
0.007003
0.007467
0.008532
0.008324
0.007949
0.004495
0.008186
0.007905
0.005579
0.009511
0.004568
0.007742
0.006844
0.00865
0.006688
0.008491
0.007648
0.008363
0.004302
0.007374
0.007727
0.000678
0.006418
0.006963
0.00808
0.011916
0.010134
0.006467
0.007628
0.007931
0.00653
0.00472
0.00594
0.00689
0.0067
0.006886
0.007621
0.006841
0.008241
0.007897
0.007399
0.00709
0.009948
0.010012
0.007604
0.003235
0.006446
0.007152
0.014818
0.007865
0.00986
0.006435
0.005066
0.009576
0.007089
0.007208
0.008045
0.006268
0.006431
0.009999
0.006406
0.002845
0.007471
0.006343
0.005651
0.006493
0.00498
0.00684
0.006653
0.00759
0.007668
0.002557
0.005454
0.007385
0.003917
0.005454
0.012251
0.007096
0.006775
0.00187
0.000105
0.009276
0.048135
0.010029
0.006285
0.010769
0.007028
0.00971
0.010769
0.006841
0.009187
0.009356
0.008647
0.00758
0.008647
0.000452
0.010029
0.005155
0.009374
0.008128
0.004357
0.009116
0.008028
0.000452
0.005952
0.01083
0.008791
0.00758
0.008661
0.011168
0.007217
0.000452
0.000452
0.004807
0.005579
0.008062
0.347871
0.19171
0.166524
0.000187
0.060466
0.205251
0.167159
0.198119
0.00018
0.091345
0.156117
0.036761
0.318077
0.065476
0.003291
0.0001
0.028367
0.200407
0.084024
0.271629
0.31803
0.395084
0.0001
0.118605
0.043025
0.258323
0.123838
0.020374
0.22574
0.355018
0.066939
0.155334
0.029629
0.002742
0.347286
0.078176
0.158926
0.112359
0.12357
0.010401
0.181462
0.01199
0.169422
0.110108
0.083075
0.215821
0.245912
0.050982
0.181116
0.000703
0.242956
0.172488
0.205705
0.123995
0.038442
0.186862
0.129167
0.19012
0.202169
0.043673
0.039964
0.219663
0.143694
0.138403
0.181912
0.073008
0.20926
0.197479
0.145281
0.068131
0.176776
0.199928
0.185178
0.140222
0.087774
0.157728
0.068291
0.111996
0.039926
0.189319
0.116017
0.155176
0.165533
0.041961
0.203035
0.175123
0.145368
0.144174
0.157069
0.011764
0.039453
0.006018
0.149484
0.137826
0.179567
0.105805
0.180827
0.222068
0.113298
0.189287
0.000737
0.181195
0.019375
0.133512
0.096819
0.184497
0.00093
0.179037
0.184531
0.059466
0.214427
0.05943
0.018244
0.205954
0.19738
0.173269
0.152596
0.064793
0.299978
0.141636
0.030843
0.219682
0.192918
0.206272
0.212904
0.209281
0.000466
0.027304
0.162707
0.125127
0.155077
0.000186
0.189413
0.300293
0.054531
0.000832
0.266667
0.112748
0.00017
0.15168
0.200217
0.182063
0.002545
0.080537
0.155609
0.244848
0.060319
0.067091
0.116657
0.062543
0.000188
0.13628
0.192106
0.171627
0.052775
0.205971
0.274895
0.021881
0.139562
0.073969
0.159321
0.002203
0.012195
0.23063
0.175054
0.039656
0.125495
0.068876
0.18606
0.000101
0.244337
0.243447
0.124788
0.069654
0.430378
0.000185
0.152706
0.035698
0.232769
0.178041
0.201971
0.117804
0.248142
0.179242
0.254097
0.120556
0.203301
0.180217
0.05209
0.979023
0.317183
0.012451
0.111308
0.067505
0.060407
0.050801
0.123165
0.020642
0.04294
0.11959
0.0001
0.217673
0.240702
0.217501
0.219229
0.187519
0.198169
0.015484
0.317784
0.00093
0.159622
0.206967
0.16686
0.286118
0.182303
0.031943
0.129879
0.22707
0.269563
0.144578
0.081804
0.183624
0.210904
0.0001
0.186074
0.124509
0.226106
0.175776
0.225625
0.179533
0.379804
0.126235
0.170033
0.21438
0.13749
0.178968
0.206795
0.004572
0.041817
0.133953
0.4405
0.179291
0.092675
0.127103
0.025972
0.093367
0.171744
0.043565
0.152308
0.0001
0.217003
0.002118
0.225004
0.163141
0.077978
0.005357
0.060288
0.207549
0.028187
0.202081
0.167089
0.002962
0.217053
0.251336
0.178971
0.126765
0.01824
0.163262
0.065836
0.371452
0.211922
0.138705
0.005738
0.105812
0.171851
0.239989
0.169665
0.335173
0.128317
0.217839
0.000101
0.100745
0.095739
0.284334
0.098608
0.146353
0.206021
0.161506
0.224289
0.215647
0.09134
0.175794
0.161698
0.202357
0.145498
0.178949
0.286231
0.033689
0.000935
0.120225
0.139227
0.134836
0.133246
0.290543
0.000747
0.12731
0.034297
0.019455
0.300012
0.18482
0.0001
0.144377
0.000187
0.156924
0.292436
0.237357
0.180799
0.110936
0.20266
0.179305
0.208623
0.298637
0.052669
0.114878
0.01512
0.247338
0.221786
0.12276
0.000101
0.152463
0.264193
0.259843
0.134053
0.185948
0.187994
0.243209
0.175237
0.000101
0.084903
0.303567
0.227378
0.323324
0.24425
0.011554
0.015548
0.089015
0.164072
0.179932
0.041765
0.165535
0.179879
0.129147
0.019001
0.074529
0.209059
0.059373
0.000181
0.000185
0.007554
0.190599
0.21405
0.19993
0.202876
0.238295
0.180068
0.245744
0.0001
0.003693
0.002782
0.110131
0.063913
0.173162
0.042717
0.191046
0.000101
0.165203
0.161056
0.24434
0.236038
0.249962
0.0001
0.341225
0.110141
0.171168
0.164506
0.167053
0.238647
0.198288
0.213994
0.132955
0.086617
0.109833
0.164673
0.209657
0.170765
0.16566
0.191746
0.095278
0.116367
0.002921
0.126771
0.007006
0.232567
0.156439
0.208915
0.006836
0.153108
0.181217
0.220669
0.189567
0.137399
0.303247
0.113041
0.167663
0.133889
0.131381
0.234683
0.214542
0.149686
0.173141
0.131874
0.213425
0.195083
0.162776
0.370527
0.135509
0.282424
0.152025
0.158545
0.121669
0.000101
0.275212
0.194716
0.221246
0.187377
0.215026
0.21029
0.198829
0.284519
0.179611
0.118142
0.228098
0.385866
0.16409
0.139986
0.181736
0.033277
0.208695
0.16937
0.290568
0.002483
0.23348
0.201279
0.207675
0.141847
0.115221
0.438522
0.000174
0.00241
0.184937
0.136289
0.168042
0.408035
0.179439
0.354523
0.330502
0.000151
0.123917
0.045992
0.099611
0.267832
0.240668
0.043673
0.291125
0.181159
0.205879
0.010973
0.252535
0.261716
0.151194
0.363916
0.267967
0.193181
0.180372
0.146771
0.098283
0.164349
0.000837
0.057064
0.074455
0.0001
0.032735
0.163075
0.103763
0.263253
0.244771
0.137274
0.143546
0.000101
0.000101
0.212966
0.056502
0.117175
0.242176
0.105756
0.019498
0.137102
0.030843
0.1813
0.245737
0.136953
0.116926
0.253781
0.196585
0.201277
0.022397
0.119302
0.211823
0.010055
0.167511
0.176466
0.001039
0.095635
0.142775
0.364221
0.2363
0.053918
0.207057
0.10921
0.263617
0.21859
0.264705
0.169207
0.165521
0.000101
0.302991
0.201585
0.165673
0.079621
0.189316
0.134824
0.147988
0.136471
0.034977
0.230301
0.090298
0.001984
0.025901
0.14621
0.027969
0.252397
0.223214
0.184508
0.169434
0.119732
0.12469
0.205269
0.172763
0.195113
0.00148
0.204718
0.119466
0.19305
0.298469
0.146535
0.01842
0.265535
0.010621
0.139343
0.565438
0.0001
0.199777
0.18813
0.270079
0.165555
0.243061
0.350382
0.220021
0.000848
0.23563
0.003037
0.027785
0.105816
0.262457
0.197145
0.071063
0.234519
0.266948
0.062041
0.19344
0.003101
0.246453
0.209144
0.095672
0.01515
0.182378
0.044578
0.156899
0.25903
0.239606
0.229221
0.132092
0.004337
0.067989
0.154418
0.073846
0.242559
0.134851
0.249232
0.42604
0.013936
0.191772
0.137628
0.290901
0.000705
0.292908
0.239044
0.238879
0.166324
0.234742
0.209723
0.09337
0.088173
0.141686
0.18607
0.00613
0.319015
0.26033
0.094893
0.239826
0.118611
0.048844
0.167696
0.213909
0.152851
0.132917
0.101376
0.204928
0.332023
0.146764
0.429172
0.155754
0.147807
0.136188
0.286322
0.178258
0.120125
0.165576
0.074862
0.314683
0.000174
0.179354
0.227736
0.361699
0.148173
0.240671
0.011826
0.253315
0.227348
0.342157
0.064546
0.228949
0.000101
0.252442
0.0001
0.145008
0.028474
0.179245
0.090845
0.218706
0.126629
0.319566
0.173494
0.222613
0.207109
0.148106
0.122425
0.273258
0.389234
0.102786
0.230409
0.79667
0.145534
0.002569
0.152623
0.0001
0.172151
0.291174
0.298026
0.126291
0.000188
0.182662
0.22338
0.272046
0.27098
0.294412
0.106674
0.311026
0.071836
0.133704
0.243601
0.174928
0.216155
0.046206
0.192631
0.192918
0.050639
0.198116
0.238314
0.160672
0.151448
0.003245
0.178418
0.176622
0.250905
0.240261
0.267119
0.250082
0.143058
0.174689
0.23167
0.268806
0.135276
0.189379
0.236048
0.363651
0.251564
0.161721
0.188206
0.137658
0.264396
0.000186
0.265831
0.12967
0.2859
0.016383
0.141817
0.119681
0.199545
0.139061
0.24449
0.190392
0.130987
0.16427
0.018364
0.084702
0.181755
0.156146
0.165265
0.253626
0.075888
0.189694
0.151356
0.154108
0.119637
0.000305
0.155106
0.140808
0.008143
0.209396
0.236115
0.003291
0.078767
0.152195
0.128909
0.262274
0.203199
0.436802
0.005765
0.195375
0.409827
0.159571
0.183113
0.199133
0.040862
0.187984
0.139803
0.197621
0.142816
0.194542
0.107417
0.171144
0.092065
0.130041
0.213583
0.136759
0.15059
0.194591
1.000099
0.160885
0.176041
0.526747
0.309013
0.190569
0.000101
0.209286
0.318113
0.000186
0.183857
0.162863
0.052681
0.01724
0.123706
0.198335
0.048049
0.012853
0.301034
0.294424
0.129629
0.269554
0.164202
0.251565
0.037133
0.272931
0.043643
0.002351
0.172453
0.000831
0.250136
0.217283
0.210023
0.203064
0.747381
0.177283
0.188107
0.170889
0.1562
0.098156
0.155596
0.245029
0.093186
0.146744
0.13952
0.279471
0.320313
0.018652
0.194462
0.220058
0.104339
0.170848
0.217925
0.140208
0.123925
0.058279
0.253036
0.17072
0.262209
0.166741
0.183414
0.137454
0.27064
0.133449
0.057599
0.061607
0.188564
0.200827
0.180886
0.143591
0.141426
0.000101
0.083457
0.192032
0.165277
0.006382
0.000163
0.199253
0.000718
0.167696
0.0993
0.163579
0.205864
0.171766
0.301728
0.137324
0.233369
0.057731
0.127623
0.124953
0.134744
0.009192
0.003291
0.001631
0.267284
0.133376
0.135881
0.135857
0.212664
0.369671
0.093209
0.163193
0.29564
0.215322
0.043156
0.169442
0.163678
0.201588
0.007257
0.205136
0.261571
0.161089
0.131564
0.001807
0.205904
0.216075
0.334099
0.122449
0.048408
0.252857
0.262961
0.104958
0.317627
0.218616
0.101931
0.189299
0.167637
0.130613
0.159739
0.24697
0.036547
0.12694
0.189818
0.120475
0.14874
0.164636
0.250741
0.062721
0.064107
0.180414
0.213106
0.290639
0.165308
0.284162
0.21731
0.089575
0.063815
0.266761
0.124416
0.253859
0.0001
0.376338
0.132299
0.229108
0.008006
0.233147
0.037639
0.184195
0.186466
0.102277
0.296056
0.201101
0.22296
0.231563
0.143783
0.168928
0.145735
0.145376
0.19343
0.039707
0.000101
0.005235
0.000672
0.239866
0.178934
0.16952
0.084864
0.197031
0.200661
0.251526
0.190777
0.019016
0.30541
0.196407
0.195865
0.06496
0.111533
0.268518
0.188308
0.146759
0.026708
0.1188
0.253369
0.133919
0.180714
0.204297
0.194197
0.214726
0.237203
0.144768
0.127277
0.122399
0.171156
0.024319
0.341117
0.098712
0.008142
0.135575
0.047464
0.262251
0.234768
0.219267
0.031188
0.182197
0.179431
0.257616
0.089049
0.062725
0.191734
0.157912
0.167552
0.042833
0.100957
0.11183
0.040774
0.269697
0.208642
0.285538
1.0001
0.030246
0.04479
0.01273
0.065601
0.990372
0.947687
0.050136
0.109128
0.039732
0.019176
0.043615
0.002654
0.640495
0.141371
0.050116
0.024729
0.915063
0.010118
0.03881
0.088636
0.011227
0.012576
0.047226
0.030172
0.000672
0.990217
0.04957
0.076476
0.956627
0.012395
0.991279
0.027487
0.152041
0.991073
0.103731
0.088374
0.005831
0.011789
0.063589
0.013024
0.628633
0.079973
0.085288
0.00791
0.039236
0.03565
0.108203
0.049955
0.0044
0.989332
0.122969
0.073839
0.019
0.968018
0.000106
0.035558
0.000359
0.043952
0.978165
0.066464
0.060696
0.004062
0.043391
0.043683
0.007827
0.017481
0.976633
0.052638
0.032977
0.013945
0.992892
0.980697
0.996634
0.909552
0.021313
0.035464
0.126101
0.025288
0.052674
0.022607
0.995143
0.047335
0.063915
0.000718
0.787648
0.057956
0.03488
0.035492
0.060684
0.070672
0.048769
0.052797
0.927888
0.048522
0.332379
0.003892
0.049359
0.062078
0.040014
0.015214
0.007129
0.008529
0.00167
0.019215
0.005547
0.058288
0.009935
0.942666
0.0026
0.046528
0.02872
0.05435
0.032279
0.095316
0.047913
0.08838
0.028403
0.989334
0.06598
0.155095
0.974164
0.007592
0.035064
0.020772
0.96517
0.131771
0.107177
0.89686
0.0064
0.09192
0.976014
0.005113
0.978967
0.633365
0.265406
0.009749
0.045652
0.026095
0.007241
0.082163
0.099215
0.182421
0.052076
0.425477
0.023302
0.063729
0.992668
0.328056
0.046032
0.069844
0.83222
0.988132
0.01372
0.004244
0.012726
0.14877
0.960452
0.013449
0.126962
0.132921
0.993221
0.955653
0.030428
0.026534
0.678863
0.99549
0.0001
0.005567
0.220218
0.022092
0.885327
0.796481
0.033164
0.794628
0.154099
0.993869
0.027573
0.990952
0.040583
0.016654
0.980164
0.005489
0.920897
0.016876
0.038358
0.52283
0.009804
0.002452
0.063135
0.137012
0.98587
0.985071
0.011352
0.00076
0.0437
0.961791
0.787501
0.027367
0.21795
0.943939
0.010635
0.018297
0.797983
0.062931
0.164375
0.990028
0.01661
0.031151
0.942226
0.882936
0.995187
0.969415
0.102791
0.059165
0.108407
0.098516
0.048958
0.009891
0.993686
0.085067
0.184632
0.066979
0.082039
0.0572
0.03241
0.142476
0.982545
0.972834
0.021376
0.997047
0.105882
0.059258
0.03769
0.032325
0.011678
0.073393
0.109196
0.991148
0.067746
0.026627
0.150041
0.946558
0.050257
0.042031
0.04465
0.008998
0.045151
0.033138
0.045026
0.015186
0.02642
0.170349
0.687708
0.006079
0.001767
0.000221
0.088861
0.028039
0.06533
0.991286
0.039433
0.115563
0.002387
0.104193
0.005129
0.000221
0.19163
0.11169
0.023663
0.005368
0.140215
0.987404
0.016887
0.016826
0.158991
0.992199
0.162052
0.967341
0.069041
0.040648
0.015735
0.090164
0.0001
0.089295
0.025564
0.045661
0.206494
0.972835
0.991104
0.046533
0.09953
0.000735
0.010995
0.996769
0.024
0.005122
0.029812
0.22068
0.043867
0.838027
0.304798
0.024742
0.048606
0.761494
0.017149
0.995622
0.00112
0.993172
0.032369
0.035471
0.12034
0.131505
0.046952
0.038157
0.003616
0.037449
0.995403
0.000974
0.0398
0.042001
0.997342
0.011584
0.042146
0.045972
0.638118
0.017214
0.036246
0.994608
0.09743
0.03075
0.035221
0.994623
0.00541
0.07495
0.124895
0.022271
0.010412
0.110326
0.007289
0.003775
0.934823
0.084717
0.011642
0.003391
0.921902
0.010931
0.029827
0.025598
0.712208
0.005939
0.004415
0.078932
0.01158
0.99906
0.081499
0.140922
0.0001
0.017632
0.983635
0.025799
0.070073
0.023462
0.988006
0.921922
0.018284
0.972501
0.135669
0.033033
0.01061
0.144892
0.19004
0.058143
0.045648
0.030718
0.037672
0.008351
0.185696
0.98787
0.013955
0.167536
0.038349
0.101361
0.021271
0.030974
0.038994
0.020467
0.929113
0.526227
0.011806
0.137356
0.00666
0.03821
0.009643
0.466245
0.85038
0.935815
0.9938
0.017479
0.013522
0.01627
0.095458
0.023475
0.056499
0.010234
0.042721
0.034716
0.127244
0.024688
0.005293
0.039707
0.985558
0.992267
0.080921
0.983946
0.127041
0.175177
0.633672
0.043027
0.990107
0.085212
0.167458
0.787644
0.042105
0.177073
0.041526
0.092383
0.983315
0.99417
0.036954
0.03442
0.060828
0.105796
0.034955
0.037345
0.9992
0.910897
0.028804
0.005922
0.092465
0.967665
0.120963
0.98068
0.033339
0.976217
0.016685
0.00189
0.895116
0.013584
0.049585
0.023898
0.966608
0.064499
0.050286
0.028647
0.031301
0.066677
0.993286
0.942681
0.040384
0.085465
0.013974
0.969054
0.002488
0.980032
0.075676
0.05329
0.025761
0.00016
0.9795
0.000104
0.003677
0.238483
0.050007
0.833458
0.020415
0.002357
0.043687
0.030947
0.054756
0.165287
0.009997
0.07999
0.98141
0.039763
0.045032
0.111768
0.065363
0.017596
0.025714
0.016942
0.020152
0.963498
0.027135
0.033529
0.143099
0.922955
0.98068
0.995612
0.038936
0.045509
0.025493
0.985745
0.028304
0.033368
0.070419
0.534525
0.093977
0.062267
0.008676
0.001273
0.959949
0.011045
0.033726
0.017148
0.004337
0.989723
0.104702
0.877156
0.001286
0.021016
0.888828
0.050678
0.029926
0.089365
0.00189
0.04138
0.010948
0.036188
0.000497
0.000111
0.009082
0.024521
0.064079
0.949245
0.052624
0.038295
0.016855
0.01523
0.108966
0.008574
0.014557
0.002448
0.021513
0.005953
0.0001
0.093731
0.050831
0.968375
0.119272
0.195452
0.123882
0.995309
0.045333
0.012955
0.724247
0.963684
0.795334
0.0001
0.131005
0.075143
0.029944
0.0304
0.089654
0.008454
0.464362
0.153628
0.029256
0.029
0.000215
0.946684
0.00023
0.667689
0.803512
0.028721
0.01061
0.046208
0.368612
0.020304
0.120376
0.98186
0.002086
0.046103
0.865874
0.017257
0.033234
0.08927
0.170922
0.984422
0.073496
0.054729
0.018618
0.910346
0.001435
0.618275
0.994732
0.090814
0.117079
0.147762
0.148377
0.106644
0.022214
0.006054
0.018137
0.073128
0.001969
0.024994
0.032415
0.960351
0.839929
0.006776
0.021552
0.000733
0.028157
0.986298
0.000728
0.004353
0.049242
0.018117
0.019924
0.358954
0.095642
0.020862
0.014859
0.029467
0.050885
0.056785
0.835626
0.037138
0.000104
0.994753
0.998748
0.025948
0.003915
0.859816
0.050247
0.006134
0.954151
0.950118
0.931226
0.449247
0.975352
0.183073
0.122142
0.72789
0.026234
0.040107
0.961777
0.993381
0.923751
0.016148
0.407866
0.989113
0.000718
0.027175
0.106013
0.008257
0.0001
0.029505
0.024391
0.007728
0.917437
0.299065
0.819995
0.011608
0.026102
0.960613
0.517478
0.001687
0.017874
0.080044
0.048892
0.008543
0.039288
0.989953
0.027409
0.071602
0.072255
0.993453
0.215026
0.113512
0.988227
0.081323
0.00023
0.0001
0.092158
0.181168
0.006448
0.98317
0.990556
0.993332
0.041038
0.993263
0.013544
0.058121
0.992591
0.080332
0.035247
0.0451
0.994781
0.02521
0.002751
0.022875
0.987731
0.083417
0.109672
0.027728
0.955939
0.049764
0.002557
0.0198
0.707619
0.989529
0.988676
0.038382
0.040003
0.031531
0.133523
0.975293
0.496717
0.003892
0.040543
0.001687
0.016218
0.042487
0.029553
0.964786
0.038147
0.05686
0.018362
0.122273
0.094264
0.032488
0.049879
0.759005
0.051563
0.045593
0.119776
0.029073
0.004173
0.030467
0.064627
0.915702
0.969259
0.020291
0.048324
0.037273
0.056395
0.041055
0.100913
0.062132
0.061332
0.089438
0.081207
0.07423
0.053057
0.081541
0.098054
0.061073
0.005395
0.062213
0.047849
0.078633
0.07049
0.091984
0.046218
0.0179
0.099767
0.06908
0.06396
0.037148
0.098451
0.051361
0.022725
0.055014
0.036198
0.023814
0.079138
0.078422
0.000296
0.001628
0.059004
0.096386
0.016257
0.048233
0.043316
0.075891
0.034475
0.043545
0.04863
0.05675
0.056252
0.000107
0.043595
0.087393
0.031309
0.056738
0.028567
0.028702
0.066624
0.058858
0.058611
0.000254
0.068477
0.113325
0.065646
0.074865
0.108332
0.067115
0.005395
0.000193
0.021476
0.134202
0.01255
0.040698
0.030542
0.080703
0.091137
0.14125
0.055656
0.01464
0.042207
0.077204
0.048578
0.002291
0.041393
0.105094
0.067925
0.000107
0.079582
0.119533
0.077641
0.029024
0.05785
0.01991
0.025519
0.094535
0.068715
0.087108
0.064259
0.007974
0.062331
0.123897
0.092203
0.066654
0.089943
0.086581
0.053145
0.026058
0.052553
0.047635
0.086642
0.083919
0.061771
0.02651
0.005081
0.056274
0.023195
0.051904
0.037306
0.078753
0.077825
0.006414
0.060402
0.005872
0.090458
0.104834
0.039804
0.093351
0.082869
0.101629
0.059735
0.065564
0.075989
0.106962
0.075002
0.000106
0.049489
0.013283
0.025537
0.000296
0.101298
0.038436
0.062477
0.073485
0.051596
0.000214
0.013756
0.086591
0.015113
0.009947
0.055388
0.012811
0.013656
0.077527
0.06134
0.000268
0.0462
0.079214
0.005533
0.057574
0.075183
0.000107
0.07081
0.016141
0.003148
0.040411
0.053192
0.040543
0.027182
0.04549
0.061259
0.005395
0.046691
0.025175
0.082705
0.082801
0.060656
0.040086
0.04206
0.063148
0.085963
0.016151
0.058735
0.078405
0.03597
0.001922
0.137042
0.06119
0.082599
0.0001
0.064055
0.056806
0.047378
0.053832
0.026796
0.051688
0.0864
0.047557
0.058607
0.012434
0.072392
0.067496
0.000598
0.046666
0.000105
0.043723
0.038297
0.000203
0.0302
0.080642
0.120484
0.084805
0.093397
0.086824
0.09004
0.051151
0.094738
0.052771
0.077186
0.082805
0.090051
0.072011
0.072145
0.024018
0.106963
0.018916
0.047224
0.078145
0.083572
0.017673
0.040422
0.004605
0.001911
0.023448
0.065315
0.034666
0.060048
0.100396
0.040006
0.061734
0.012961
0.086231
0.012237
0.068215
0.067786
0.010413
0.005487
0.015882
0.091913
0.009903
0.012878
0.097817
0.082396
0.093185
0.054595
0.039239
0.089288
0.085582
0.078749
0.071171
0.08235
0.065639
0.104054
0.093296
0.031661
0.046563
0.079789
0.085785
0.072754
0.000275
0.040075
0.06435
0.09044
0.021626
0.096351
0.09533
0.068053
0.01464
0.077136
0.081169
0.034622
0.053107
0.027152
0.078226
0.078815
0.04631
0.076109
0.074473
0.022603
0.015847
0.094366
0.111214
0.074667
0.085633
0.030984
0.043987
0.069152
0.072284
0.141431
0.000244
0.052239
0.031474
0.08799
0.100392
0.033973
0.080634
0.05206
0.096061
0.022086
0.058457
0.000834
0.048446
0.033762
0.108584
0.040154
0.036658
0.081513
0.057112
0.001127
0.052107
0.081132
0.071046
0.000269
0.069363
0.05714
0.065079
0.051991
0.001696
0.04176
0.042866
0.053083
0.048487
0.0695
0.102815
0.047641
0.080983
0.071959
0.023492
0.068148
0.084152
0.077259
0.084219
0.030287
0.070311
0.037572
0.000237
0.082206
0.098075
0.086443
0.111403
0.001922
0.065563
0.076954
0.000103
0.04018
0.047068
0.036261
0.072138
0.09036
0.025379
0.050954
0.062474
0.016045
0.050318
0.092633
0.057802
0.128878
0.102709
0.061544
0.085309
0.060461
0.024936
0.082051
0.104579
0.097803
0.031683
0.069976
0.011024
0.0001
0.047906
0.094809
0.074875
0.097299
0.065146
0.000296
0.100952
0.040166
0.064191
0.052779
0.039747
0.039446
0.003233
0.01419
0.068474
0.062466
0.036362
0.082695
0.036134
0.107242
0.076452
0.023876
0.092619
0.006414
0.08992
0.053474
0.027951
0.002802
0.091819
0.036079
0.07388
0.025347
0.07452
0.066867
0.041018
0.029155
0.033444
0.032078
0.072247
0.0001
0.094546
0.081645
0.006414
0.050893
0.105133
0.11419
0.096606
0.06662
0.064928
0.066466
0.114884
0.021461
0.10024
0.070238
0.075033
0.099463
0.012892
0.079141
0.124243
0.005395
0.016075
0.030857
0.004906
0.035005
0.082929
0.07307
0.077055
0.020614
0.067103
0.134833
0.057995
0.04537
0.098773
0.031488
0.072966
0.097752
0.072519
0.036189
0.033771
0.089297
0.016861
0.079363
0.078517
0.071476
0.107605
0.084551
0.074315
0.08838
0.075593
0.001104
0.018512
0.060789
0.066603
0.000104
0.013951
0.006414
0.022708
0.059485
0.031549
0.01464
0.087262
0.015285
0.000104
0.059726
0.11201
0.085589
0.050037
0.05615
0.101735
0.029835
0.067876
0.00105
0.038584
0.086459
0.073335
0.003148
0.054589
0.07877
0.096877
0.026103
0.095403
0.021454
0.122177
0.027066
0.027453
0.031683
0.074779
0.006393
0.051412
0.004774
0.111615
0.038563
0.023276
0.008618
0.063004
0.037309
0.096194
0.069059
0.038366
0.045086
0.091728
0.082047
0.080857
0.004359
0.060825
0.080799
0.072511
0.089063
0.01464
0.01464
0.085013
0.0001
0.082367
0.095596
0.054216
0.07728
0.077663
0.041006
0.026595
0.066652
0.029944
0.06024
0.032429
0.081708
0.083407
0.007755
0.102822
0.035381
0.030062
0.095593
0.011914
0.055368
0.063121
0.040104
0.060849
0.081935
0.037913
0.047239
0.025353
0.060611
0.060495
0.059847
0.112715
0.051775
0.00968
0.004061
0.018512
0.075784
0.071149
0.064913
0.052101
0.051404
0.07187
0.051819
0.085928
0.002598
0.05312
0.03179
0.0001
0.076952
0.105395
0.121215
0.063092
0.005858
0.049669
0.054938
0.059704
0.071843
0.083113
0.047744
0.037973
0.041783
0.032582
0.043238
0.033411
0.074783
0.09341
0.028954
0.045806
0.019535
0.088406
0.082109
0.023783
0.072135
0.125539
0.065964
0.080836
0.068907
0.050945
0.074557
0.048447
0.14276
0.070653
0.070391
0.011129
0.083406
0.000106
0.017171
0.003538
0.003089
0.07006
0.058912
0.093371
0.073356
0.044825
0.079032
0.065508
0.061099
0.119466
0.017779
0.000103
0.047825
0.076877
0.062725
0.045791
0.079422
0.065528
0.046303
0.005935
0.124475
0.024769
0.079435
0.047067
0.096871
0.05977
0.072456
0.073941
0.085365
0.052591
0.059545
0.109293
0.070198
0.061881
0.002335
0.04092
0.046251
0.01533
0.054426
0.002593
0.025157
0.039934
0.06066
0.047646
0.029921
0.056157
0.008286
0.064286
0.050431
0.12509
0.086221
0.013951
0.005319
0.105656
0.060277
0.03385
0.104353
0.048331
0.048289
0.100024
0.086724
0.075756
0.008562
0.011171
0.079031
0.009478
0.050155
0.016384
0.080216
0.035979
0.065926
0.098677
0.034444
0.083643
0.086302
0.075013
0.080624
0.089588
0.023668
0.098137
0.089554
0.022571
0.085888
0.018512
0.065555
0.041325
0.028423
0.018315
0.033817
0.099717
0.043364
0.090308
0.130459
0.066605
0.097274
0.112208
0.014168
0.016325
0.095245
0.003027
0.034613
0.009903
0.034666
0.046165
0.000232
0.01297
0.057076
0.078808
0.04465
0.038788
0.063259
0.051623
0.044725
0.069165
0.109181
0.071389
0.101952
0.015682
0.00787
0.045453
0.061139
0.045263
0.043116
0.06614
0.075086
0.097871
0.120633
0.011899
0.05433
0.061999
0.01297
0.039184
0.081386
0.042059
0.031706
0.089654
0.000106
0.000104
0.033906
0.038946
0.083884
0.094268
0.000279
0.033717
0.059033
0.06629
0.09704
0.015329
0.074913
0.060294
0.036686
0.062243
0.047388
0.007768
0.019997
0.118203
0.016384
0.013006
0.001701
0.042685
0.055089
0.006047
0.08099
0.110427
0.070878
0.007285
1.000078
0.012094
0.004482
0.032906
0.001245
0.02766
0.013555
0.000845
0.001914
0.006092
0.001389
0.0197
0.019969
0.007431
0.0001
0.006805
0.0001
0.012959
0.023217
0.058933
0.000821
0.010611
0.008277
0.017378
0.002312
0.008692
0.0124
0.019022
0.010037
0.016527
0.00016
0.017232
0.017093
0.008979
0.011857
0.008072
0.011774
0.010025
0.014712
0.009454
0.001366
0.011494
0.008995
0.010998
0.008017
0.007174
0.007193
0.006922
0.009532
0.016256
0.008326
0.01938
0.000783
0.010845
0.010837
0.002898
0.009815
0.000354
0.072057
0.012087
0.011036
0.009406
0.01254
0.014043
0.057639
0.002666
0.005164
0.003436
0.016064
0.026552
0.00342
0.015515
0.011455
0.011979
0.015233
0.005415
0.001444
0.017193
0.004889
0.007984
0.007893
0.013787
0.010645
0.003886
0.033986
0.003826
0.008017
0.009122
0.052407
0.018033
0.009545
0.015962
0.020525
0.003582
0.003902
0.008898
0.00771
0.012747
0.011585
0.006728
0.000397
0.014977
0.005104
0.04568
0.006617
0.01523
0.004238
0.000811
0.033241
0.012202
0.007319
0.002813
0.010792
0.025419
0.004738
0.001483
0.020421
0.01283
0.011276
0.013451
0.013608
0.020092
0.014163
0.000163
0.016668
0.008995
0.008887
0.010229
0.000328
0.004347
0.008622
0.020158
0.013462
0.0001
0.01138
0.002297
0.011248
0.006153
0.000181
0.018259
0.060936
0.009337
0.010037
0.004185
0.007074
0.000204
0.00434
0.027128
0.003008
0.02071
0.011452
0.000363
0.000113
0.015235
0.009559
0.017397
0.024387
0.005989
0.008659
0.035755
0.000179
0.005168
0.019846
0.00209
0.011769
0.00987
0.002417
0.032062
0.016428
0.000768
0.002695
0.010206
0.034458
0.010709
0.023344
0.012455
0.008995
0.003857
0.011102
0.007834
0.018755
0.009765
0.000392
0.008028
0.005534
0.006063
0.01002
0.009503
0.01869
0.003558
0.008545
0.017044
0.021984
0.00635
0.003703
0.00121
0.07719
0.013166
0.011696
0.014757
0.000747
0.006519
0.005962
0.018743
0.004615
0.011216
0.013523
0.007135
0.010349
0.008558
0.002948
0.012697
0.008995
0.0001
0.038303
0.00223
0.000363
0.00387
0.009468
0.011313
0.007764
0.007159
0.00491
0.001338
0.001302
0.013391
0.007047
0.004652
0.001401
0.002808
0.013375
0.004583
0.001847
0.009855
0.003649
0.022844
0.000361
0.047798
0.008609
0.000783
0.065923
0.000636
0.009173
0.023538
0.003203
0.004105
0.008664
0.081838
0.008057
0.000322
0.01312
0.000113
0.000188
0.017284
0.000163
0.046072
0.014538
0.000732
0.008995
0.009554
0.009222
0.010583
0.000209
0.001847
0.009883
0.016206
0.006278
0.000116
0.020828
0.013502
0.012667
0.009091
0.0001
0.01504
0.016307
0.001895
0.014611
0.013821
0.006943
0.002225
0.000163
0.01391
0.013212
0.005557
0.036137
0.018137
0.004775
0.001196
0.013851
0.008012
0.001497
0.01626
0.0001
0.013309
0.018522
0.000116
0.000201
0.020937
0.007912
0.004038
0.016834
0.01889
0.009744
0.016007
0.019662
0.00086
0.013851
0.000163
0.001449
0.000118
0.015649
0.0001
0.001342
0.036365
0.001534
0.011965
0.014283
0.002494
0.00186
0.076333
0.011134
0.023426
0.012633
0.008743
0.012393
0.007826
0.005178
0.017377
0.000251
0.00451
0.004332
0.012847
0.006122
0.004228
0.002144
0.002629
0.006653
0.012311
0.004526
0.013053
0.003755
0.006248
0.012191
0.008466
0.000378
0.018262
0.007402
0.005006
0.008733
0.010872
0.000826
0.003886
0.003347
0.019444
0.014837
0.008235
0.025981
0.01851
0.000545
0.004515
0.054434
0.0001
0.009971
0.020149
0.000208
0.007864
0.013067
0.02061
0.000714
0.001421
0.000117
0.000117
0.010619
0.018969
0.000205
0.002153
0.001847
0.002919
0.007403
0.000211
0.005421
0.006329
0.007697
0.0001
0.016057
0.0167
0.008449
0.02072
0.01903
0.017096
0.002311
0.012541
0.022164
0.174648
0.012213
0.004222
0.016962
0.001709
0.014471
0.015712
0.010911
0.026599
0.000664
0.005592
0.014901
0.019959
0.002285
0.000753
0.008686
0.000118
0.009108
0.001266
0.000845
0.011639
0.068515
0.01053
0.0001
0.000114
0.007705
0.0001
0.005593
0.013619
0.001259
0.014968
0.018637
0.010968
0.005981
0.001847
0.000332
0.010482
0.014928
0.012776
0.016729
0.01422
0.002735
0.018732
0.018401
0.008622
0.000117
0.002776
0.067885
0.004174
0.000114
0.003594
0.010427
0.000361
0.008995
0.01454
0.000118
0.039508
0.0008
0.005371
0.005437
0.000668
0.013132
0.007606
0.00112
0.004252
0.006478
0.011576
0.000401
0.010071
0.001956
0.018397
0.002828
0.018133
0.009948
0.002067
0.00297
0.02337
0.01484
0.002103
0.012047
0.000364
0.001847
0.009625
0.006707
0.002352
0.012473
0.002338
0.009784
0.023359
0.005962
0.010408
0.017762
0.000116
0.002215
0.021145
0.000874
0.017702
0.016052
0.000167
0.007965
0.022485
0.012676
0.003259
0.015958
0.00373
0.0001
0.00095
0.007006
0.033874
0.000378
0.004513
0.00177
0.000113
0.024184
0.005795
0.021091
0.000378
0.01721
0.072273
0.008178
0.012379
0.018565
0.000383
0.000382
0.000374
0.000192
0.015255
0.010799
0.00315
0.000117
0.011285
0.003252
0.043363
0.001437
0.009446
0.000368
0.020248
0.010502
0.02299
0.013347
0.001023
0.021859
0.010359
0.002061
0.0001
0.009069
0.007134
0.001091
0.00031
0.007792
0.102565
0.007967
0.009354
0.003421
0.00113
0.007551
0.008358
0.003733
0.007697
0.010876
0.006672
0.003484
0.005025
0.007345
0.00873
0.008548
0.006431
0.008581
0.009655
0.006474
0.008702
0.003733
0.007121
0.006156
0.008211
0.005029
0.003484
0.006672
0.00113
0.008376
0.00113
0.008421
0.003733
0.005981
0.008944
0.00113
0.006672
0.008674
0.007273
0.007899
0.007669
0.008703
0.00113
0.009839
0.00113
0.006672
0.008296
0.00779
0.003635
0.003733
0.010241
0.013338
0.003484
0.00504
0.003088
0.00113
0.003626
0.005895
0.007496
