1.000027
0.005465
0.003663
0.004211
0.008801
0.00707
0.005177
0.013435
0.011385
0.038014
0.001404
0.001695
0.001695
0.005424
0.006758
0.001695
0.00183
0.004804
0.001695
0.026322
0.008585
0.054255
0.004137
0.060454
0.005157
0.152887
0.047245
0.001692
0.005662
0.004793
0.003208
0.009287
0.003402
0.003102
0.002343
0.001571
0.004913
0.001695
0.00279
0.003457
0.02145
0.026493
0.003102
0.001695
0.001888
0.002428
0.002324
0.002618
0.008593
0.007389
0.002513
0.002791
0.002106
0.028737
0.002292
0.001981
0.097811
0.004214
0.116932
0.003513
0.001288
0.002049
0.005915
0.0011
0.007189
0.002249
0.001949
0.07473
0.005174
0.001872
0.001711
0.002614
0.004316
0.003225
0.001695
0.002199
0.001789
0.002899
0.006393
0.001319
0.012059
0.005079
0.015412
0.002791
0.004061
0.003308
0.002734
0.003752
0.011407
0.008514
0.002591
0.011385
0.009165
0.004291
0.008869
0.005771
0.00327
0.002886
0.014315
0.011434
0.010383
0.007886
0.003103
0.002345
0.007272
0.002447
0.002018
1.0001
0.004622
0.010298
0.003797
0.010469
0.002248
0.009985
0.001695
0.021083
0.009081
0.002267
0.012578
0.15701
0.002003
0.003626
0.045849
0.002639
0.00219
0.001225
0.002455
0.007696
0.005023
0.002654
0.005547
0.003374
0.004386
0.004735
0.002771
0.004156
0.178869
0.014077
0.001448
0.003276
0.003624
0.005705
0.012949
0.016465
0.007021
0.002591
0.002723
0.005177
0.005514
0.007107
0.011191
0.002351
0.002433
0.001201
0.00197
0.002459
0.003416
0.003798
0.007516
0.004252
0.001805
0.004701
0.002896
0.002968
0.001272
0.00219
0.004194
0.004455
0.003748
0.014923
0.022199
0.696672
0.016671
0.046451
0.00416
0.022867
0.002078
0.008853
0.004268
0.0057
0.008111
0.008801
0.004193
0.001437
0.009165
0.006412
0.014858
0.005568
0.023453
0.007189
0.00242
0.001358
0.007453
0.004424
0.007245
0.006393
0.003262
0.007622
0.034834
0.018434
0.030834
0.002669
0.003067
0.03294
0.00867
0.002106
0.002242
0.001001
0.001167
0.001695
0.001695
0.007687
0.003237
0.022072
0.010787
0.001695
0.001793
0.00777
0.006393
0.007041
0.002073
0.001478
0.0025
0.00395
0.006195
0.006485
0.006146
0.015897
0.002112
0.002063
0.015759
0.005737
0.004347
0.003102
0.001143
0.001664
0.014476
0.002791
0.00472
0.039766
0.001646
0.002297
0.010185
0.005103
0.003102
0.002848
0.00365
0.00279
0.004064
0.011879
0.001124
0.006261
0.046296
0.002886
0.005854
0.002297
0.003102
0.004336
0.003747
0.011385
0.004627
0.016471
0.002073
0.003984
0.003797
0.005874
0.006623
0.001425
0.001665
0.007075
0.001757
0.063545
0.021951
0.006393
0.003291
0.008801
0.002548
0.071736
0.007269
0.001512
0.018367
0.007355
0.003102
0.002088
0.007591
0.026473
0.002609
0.001695
0.000995
0.001643
0.001775
0.01562
0.001695
0.002248
0.001581
0.002247
0.003984
0.003208
0.00171
0.009369
0.002018
0.002841
0.007355
0.005122
0.030293
0.001296
0.006393
0.002548
0.006464
0.004156
0.010528
0.001902
0.051555
0.014728
0.002928
0.03753
0.00156
0.002164
0.001918
0.008514
0.01407
0.001589
0.12041
0.014935
0.011851
0.009389
0.011561
0.002905
0.006393
0.027557
0.005085
0.004252
0.017714
0.003541
0.008008
0.001695
0.001153
0.005499
0.001518
0.026991
0.00211
0.001695
0.008383
0.011761
0.002125
0.002905
0.016562
0.002949
0.999285
0.004525
0.023655
0.007548
0.008114
0.639869
0.013116
0.034684
0.006542
0.019532
0.002644
0.023151
0.038851
0.018529
0.010936
0.526542
0.020734
0.001951
0.592254
0.020408
0.020652
0.049413
0.170976
0.001959
0.011499
0.414831
0.114251
0.004775
0.877592
0.004162
0.084549
0.00249
0.007456
0.007463
0.004081
0.004492
0.005568
0.002039
0.005244
0.024408
0.018178
0.267429
0.002043
0.073676
0.018133
0.00992
0.024336
0.176396
0.015516
0.109072
0.016608
0.014207
0.141602
0.00414
0.067931
0.008213
0.052711
0.005235
0.002986
0.013504
0.06149
0.017056
0.005474
0.005293
0.460121
0.008463
0.997725
0.016321
0.007248
0.068891
0.008426
0.104023
0.026126
0.011967
0.161916
0.095315
0.018888
0.012259
0.007454
0.008646
0.860357
0.005471
0.034265
0.136789
0.089088
0.007396
0.027063
0.005604
0.120193
0.027213
0.126596
0.04165
0.004884
0.014207
0.003834
0.00327
0.039004
0.013599
0.006201
0.002644
0.001909
0.004873
0.009819
0.011094
0.029191
0.013396
0.004161
0.066749
0.08058
0.027887
0.013731
0.007798
0.171283
0.05431
0.007746
0.040648
0.009842
0.226206
0.004657
0.004604
0.00327
0.020715
0.007409
0.018422
0.004975
0.017461
0.008149
0.704723
0.007864
0.011028
0.006643
0.022425
0.006632
0.016107
0.015446
0.997302
0.674746
0.003399
0.01639
0.014119
0.009567
0.011334
0.00616
0.004152
0.08715
0.068412
0.008456
0.008745
0.031072
0.198288
0.006751
0.002849
0.225835
0.014207
0.003807
0.067002
0.115693
0.009523
0.148043
0.106947
0.01258
0.012868
0.02091
0.011809
0.011447
0.365196
0.100645
0.071629
0.026652
0.543935
0.031555
0.01108
0.047485
0.003616
0.006514
0.037516
0.093752
0.104911
0.3156
0.027462
0.006329
0.004323
0.002125
0.074822
0.051615
0.005247
0.006725
0.003982
0.007804
0.027037
0.41959
0.020357
0.003646
0.004108
0.075721
0.019496
0.124421
0.037109
0.01734
0.020779
0.019866
0.005806
0.002644
0.020197
0.005568
0.274571
0.020154
0.030201
0.072773
0.021742
0.008728
0.180735
0.014372
0.178886
0.002214
0.878936
0.02377
0.005235
0.241133
0.185576
0.007893
0.006912
0.023306
0.001652
0.004604
0.039286
0.006349
0.00416
0.005551
0.012381
0.015866
0.082916
0.55761
0.005375
0.011092
0.018408
0.012648
0.002871
0.004517
0.005991
0.005377
0.01358
0.005779
0.045377
0.093587
0.002754
0.004316
0.009137
0.190167
0.01073
0.005735
0.014557
0.016653
0.015352
0.002871
0.008584
0.023095
0.007535
0.597324
0.002871
0.002871
0.026516
0.001944
0.006352
0.006544
0.002871
0.012732
0.016885
0.026157
0.025781
0.020963
0.017428
0.008033
0.003725
0.007623
0.008463
0.002871
0.011802
0.005744
0.015866
0.004847
0.007073
0.110929
0.006767
0.01334
0.006486
0.009127
0.011665
0.016148
0.838702
0.002871
0.00507
0.014228
0.305979
0.005375
0.016653
0.018447
0.025202
0.007312
0.011041
0.002076
0.005681
0.013402
0.380676
0.001734
0.023088
0.039641
0.002564
0.001838
0.00383
0.015866
0.015866
0.002361
0.016653
0.016141
0.004479
0.008284
0.009037
0.006696
0.003708
0.002871
0.016949
0.013854
0.002394
0.002439
0.001734
0.002871
0.014507
0.005927
0.013753
0.02928
0.003463
0.022142
0.015162
0.008798
0.015399
0.01035
0.006456
0.000355
0.000342
0.000344
0.000273
0.000282
0.000277
0.000293
0.000304
0.000338
0.000298
0.000334
0.000411
0.02039
0.000287
0.00029
0.000304
0.000274
0.000326
0.000282
0.000318
0.000314
0.000273
0.000591
0.000359
0.000335
0.000287
0.000269
0.000332
0.000267
0.000291
0.000281
0.000344
0.000316
0.000347
0.000313
0.000313
0.000292
0.000299
0.000299
0.000273
0.000295
0.000302
0.000325
0.000985
0.000325
0.000326
0.000269
0.000287
0.000296
0.000403
0.000278
0.000308
0.000287
0.000322
0.000277
0.000314
0.000279
0.000284
0.000289
0.000314
0.000285
0.000453
0.000309
0.000289
0.000288
0.000309
0.000318
0.000725
0.000313
0.000293
0.000293
0.000285
0.000289
0.000305
0.000325
0.000333
0.000323
0.000319
0.000297
0.000329
0.000309
0.000274
0.000278
0.000768
0.0003
0.000267
0.000374
0.0003
0.000478
0.000289
0.001017
0.000288
0.000303
0.000306
0.000327
0.000321
0.000302
0.000272
0.000293
0.000287
0.000274
0.000305
0.000281
0.000267
0.000303
0.000275
0.000338
0.000282
0.000295
0.000273
0.000276
0.000292
0.000397
0.000293
0.000444
0.000293
0.000278
0.00035
0.0008
0.000355
0.000268
0.000345
0.000274
0.000282
0.000351
0.000677
0.000284
0.000295
0.000342
0.000338
0.000284
0.000325
0.000291
0.000428
0.00032
0.000272
0.000267
0.000396
0.00031
0.000708
0.000291
0.000344
0.000364
0.000277
0.000342
0.000304
0.00032
0.000278
0.000311
0.000309
0.00027
0.000341
0.000351
0.000266
0.000426
0.00029
0.0003
0.000317
0.000314
0.000334
0.000309
0.000305
0.000341
0.000313
0.000281
0.000342
0.000344
0.000304
0.000284
0.000344
0.001275
0.002574
0.000844
0.000654
0.002261
0.000883
0.008054
0.000985
0.000869
0.001631
0.000913
0.001105
0.001631
0.000707
0.001094
0.001188
0.000957
0.000856
0.000957
0.000688
0.000985
0.000724
0.000906
0.000986
0.000527
0.001069
0.000788
0.000688
0.000896
0.001355
0.000851
0.000856
0.000829
0.001158
0.000745
0.000688
0.000688
0.000757
0.000812
0.000963
0.806197
0.110115
0.043209
0.015002
0.016489
0.148903
0.03647
0.136775
0.019114
0.02525
0.052781
0.004403
0.391497
0.080862
0.028724
0.00619
0.03967
0.130727
0.016493
0.100033
0.299897
0.941275
0.00619
0.017208
0.011498
0.111539
0.026841
0.018118
0.224964
0.504377
0.006473
0.051383
0.019232
0.013082
0.296266
0.019754
0.048111
0.021189
0.029134
0.00543
0.088224
0.01589
0.075878
0.075059
0.01604
0.150357
0.212
0.019197
0.095118
0.003624
0.445117
0.11631
0.127745
0.027834
0.019131
0.066449
0.032284
0.125123
0.091732
0.072656
0.04229
0.127246
0.045678
0.024629
0.14336
0.076125
0.052839
0.12231
0.068515
0.012242
0.108268
0.177617
0.107652
0.024802
0.035992
0.040522
0.005723
0.04568
0.014786
0.061274
0.023869
0.068566
0.109871
0.055526
0.274059
0.043174
0.061029
0.032
0.032144
0.010637
0.009849
0.008626
0.025738
0.021043
0.131418
0.054016
0.095416
0.291363
0.017571
0.145181
0.007113
0.088529
0.006511
0.035134
0.101536
0.100061
0.037958
0.107834
0.130264
0.012533
0.306991
0.008904
0.010847
0.097715
0.147651
0.074488
0.038399
0.029048
0.556365
0.023332
0.039806
0.299618
0.069997
0.089386
0.117281
0.103603
0.002918
0.02184
0.083023
0.035318
0.071582
0.01984
0.02775
0.221449
0.109579
0.006336
0.349105
0.073715
0.004216
0.061948
0.080915
0.090322
0.00691
0.005608
0.045998
0.308208
0.010314
0.101471
0.014406
0.060288
0.024966
0.039218
0.158633
0.074057
0.039891
0.153125
0.439696
0.028251
0.025347
0.047574
0.046852
0.013029
0.011454
0.360424
0.04885
0.023845
0.047706
0.005802
0.227545
0.00534
0.208889
0.208204
0.018384
0.006608
0.726702
0.01631
0.056161
0.021474
0.047055
0.073244
0.206165
0.035907
0.427536
0.123238
0.308037
0.01609
0.08668
0.111929
0.005166
0.618167
0.797348
0.022496
0.076494
0.030606
0.022981
0.004755
0.020274
0.008078
0.013383
0.031171
0.00619
0.199737
0.262982
0.12231
0.130404
0.165734
0.080251
0.004898
0.625111
0.037958
0.098853
0.222207
0.040741
0.129784
0.096748
0.04554
0.023944
0.189582
0.1564
0.022338
0.006895
0.141957
0.166452
0.00619
0.060595
0.028908
0.183346
0.087194
0.31334
0.116691
0.611305
0.100467
0.093608
0.107302
0.034277
0.096893
0.220676
0.011009
0.024541
0.039647
0.405376
0.097798
0.198595
0.032924
0.011663
0.020273
0.068757
0.005932
0.135356
0.00619
0.282099
0.003247
0.131406
0.094226
0.032822
0.005469
0.006709
0.210825
0.019053
0.14937
0.081995
0.012047
0.118293
0.336461
0.075959
0.059215
0.017839
0.07317
0.004855
0.273518
0.110425
0.043726
0.009191
0.02592
0.066051
0.314617
0.100479
0.317378
0.107268
0.265524
0.002961
0.153961
0.053
0.132883
0.010268
0.047827
0.042105
0.056128
0.320654
0.272305
0.019672
0.066816
0.055119
0.136735
0.023631
0.110619
0.435218
0.035177
0.032907
0.021273
0.014458
0.103443
0.032776
0.700917
0.007135
0.020634
0.166752
0.013324
0.531896
0.103911
0.00619
0.036287
0.020904
0.05038
0.148813
0.40986
0.18086
0.042976
0.203512
0.06877
0.163568
0.170891
0.06283
0.017675
0.005228
0.285684
0.309815
0.03155
0.013275
0.063425
0.091124
0.294006
0.047904
0.05814
0.148564
0.225102
0.079868
0.003591
0.03042
0.605912
0.282351
0.274658
0.391728
0.002096
0.144318
0.014163
0.067277
0.117726
0.01018
0.040526
0.0878
0.029478
0.013822
0.018263
0.219504
0.024733
0.009996
0.01631
0.030805
0.167479
0.254214
0.075818
0.1333
0.324074
0.073741
0.231854
0.002787
0.003108
0.014484
0.011486
0.044499
0.102849
0.022087
0.166684
0.009424
0.075135
0.074456
0.265741
0.147656
0.308823
0.002827
0.790973
0.01323
0.038287
0.062215
0.039217
0.195091
0.33568
0.108473
0.025279
0.008986
0.016964
0.075008
0.03489
0.071749
0.091
0.07148
0.010243
0.031075
0.013468
0.030252
0.019047
0.175926
0.056385
0.042063
0.010256
0.067078
0.05995
0.299251
0.178961
0.040016
0.364757
0.042602
0.040224
0.031011
0.032084
0.073752
0.044252
0.055716
0.043982
0.018719
0.2315
0.1059
0.061938
0.394588
0.056788
0.439767
0.043938
0.036979
0.079638
0.006587
0.172764
0.130642
0.278989
0.168898
0.27927
0.154832
0.126562
0.170202
0.130112
0.015193
0.446119
0.498969
0.079751
0.026804
0.127887
0.010911
0.161617
0.082331
0.47952
0.005813
0.209344
0.121788
0.144241
0.024228
0.019947
0.812245
0.00652
0.00524
0.08838
0.105849
0.110388
0.64612
0.084061
0.581823
0.297815
0.002801
0.034328
0.007743
0.00954
0.480901
0.411399
0.072656
0.246743
0.119626
0.161556
0.006992
0.283168
0.092272
0.045818
0.502828
0.569474
0.11535
0.049986
0.042739
0.009266
0.037754
0.00911
0.02647
0.016958
0.00619
0.050737
0.055137
0.011928
0.546266
0.44016
0.019715
0.037281
0.007607
0.003897
0.107122
0.007548
0.015866
0.45399
0.020392
0.002837
0.032819
0.039806
0.049099
0.060266
0.030589
0.013798
0.090104
0.172035
0.11515
0.004689
0.029224
0.10755
0.002498
0.084228
0.106706
0.001772
0.020405
0.079321
0.314755
0.157784
0.013777
0.098423
0.034255
0.1299
0.127493
0.367824
0.076656
0.058851
0.00433
0.793122
0.082496
0.138999
0.037104
0.103021
0.035845
0.045755
0.019835
0.002503
0.077205
0.061656
0.011048
0.010247
0.042068
0.016534
0.069418
0.352123
0.056286
0.107611
0.078483
0.016237
0.148996
0.120047
0.074128
0.004829
0.211651
0.020942
0.027928
0.553951
0.029452
0.010008
0.322343
0.001781
0.043047
0.10754
0.00619
0.214079
0.109824
0.573354
0.065248
0.486269
0.871986
0.229768
0.009217
0.171946
0.010582
0.018191
0.050725
0.292467
0.157098
0.011924
0.230175
0.120518
0.006928
0.026962
0.017972
0.31396
0.239289
0.012178
0.005063
0.130433
0.010116
0.056467
0.236927
0.190721
0.199472
0.049647
0.004909
0.152157
0.049277
0.012958
0.242451
0.029128
0.312491
0.919113
0.004274
0.119167
0.021291
0.208222
0.003938
0.266377
0.079593
0.056171
0.059162
0.176941
0.248452
0.007952
0.029649
0.027048
0.163778
0.00506
0.305704
0.113234
0.009302
0.245453
0.026411
0.016344
0.06267
0.188675
0.059386
0.095208
0.01046
0.154683
0.156017
0.037318
0.763885
0.112045
0.048628
0.032862
0.214174
0.082291
0.016713
0.069898
0.040459
0.351288
0.006297
0.115728
0.243604
0.404568
0.026145
0.415085
0.011743
0.111522
0.350148
0.525949
0.004881
0.327509
0.004919
0.490084
0.00619
0.064665
0.017638
0.130381
0.064651
0.169435
0.070363
0.37607
0.073197
0.224379
0.211366
0.046327
0.015625
0.394127
0.569513
0.021249
0.147281
0.328878
0.023524
0.005312
0.050441
0.00619
0.044711
0.505946
0.707204
0.115888
0.024966
0.053165
0.135019
0.600772
0.15466
0.636726
0.01135
0.311672
0.022598
0.02093
0.210378
0.103985
0.245616
0.029275
0.143747
0.112071
0.010211
0.201383
0.365854
0.066489
0.040177
0.029536
0.129841
0.08219
0.477506
0.189712
0.559293
0.472345
0.038689
0.175853
0.235423
0.138829
0.016634
0.132582
0.351187
0.533728
0.454562
0.071813
0.11479
0.03718
0.155567
0.01984
0.331865
0.040721
0.451161
0.005607
0.04254
0.02647
0.155943
0.022102
0.216972
0.126574
0.018825
0.076565
0.014616
0.059027
0.263409
0.063526
0.05516
0.288155
0.012903
0.062366
0.052148
0.036497
0.057033
0.001761
0.041955
0.032991
0.012999
0.096005
0.2489
0.028724
0.011081
0.046663
0.066172
0.319017
0.210294
0.812408
0.012515
0.162035
0.367133
0.10983
0.133462
0.187733
0.016137
0.107887
0.080587
0.132462
0.09462
0.188415
0.095284
0.067135
0.031535
0.035096
0.122731
0.037158
0.025582
0.204415
1.000096
0.086412
0.078906
0.742623
0.211189
0.145666
0.003224
0.097004
0.231388
0.018525
0.126501
0.05865
0.026687
0.005463
0.058613
0.093854
0.004625
0.021202
0.303812
0.690641
0.032302
0.245265
0.054581
0.467061
0.018016
0.44912
0.004552
0.009102
0.089179
0.007058
0.464681
0.125193
0.104927
0.210829
0.490137
0.082085
0.064352
0.102428
0.055743
0.010865
0.036942
0.472111
0.043733
0.044011
0.022646
0.402705
0.858341
0.01747
0.073919
0.211919
0.017087
0.105652
0.297258
0.036327
0.022954
0.022628
0.070774
0.100727
0.3096
0.087156
0.083249
0.017266
0.580583
0.045074
0.014476
0.033803
0.14946
0.086295
0.115578
0.04801
0.028835
0.003123
0.0202
0.172896
0.151545
0.008927
0.008809
0.28603
0.005701
0.053368
0.010552
0.065117
0.125154
0.06474
0.775181
0.010707
0.276071
0.00516
0.024
0.029773
0.034356
0.002213
0.028724
0.005272
0.129803
0.078743
0.02483
0.04791
0.046706
0.913947
0.021612
0.117793
0.50406
0.188346
0.060359
0.088571
0.047011
0.206211
0.013125
0.215011
0.410898
0.055959
0.026984
0.00697
0.154391
0.287691
0.855276
0.029367
0.010416
0.212024
0.554512
0.015508
0.44259
0.213612
0.064861
0.147421
0.083813
0.026958
0.032845
0.432135
0.02738
0.03075
0.142131
0.022573
0.045948
0.074607
0.240573
0.00425
0.048069
0.139658
0.113315
0.302531
0.073424
0.722425
0.125059
0.030309
0.010576
0.611543
0.016604
0.500976
0.00619
0.59876
0.012376
0.237678
0.038685
0.376721
0.044789
0.056345
0.138746
0.012431
0.561327
0.225913
0.043768
0.105963
0.024702
0.093991
0.046812
0.036486
0.049357
0.006613
0.009434
0.004569
0.003576
0.198054
0.16242
0.037788
0.070161
0.170476
0.08723
0.092973
0.129529
0.008438
0.361686
0.182907
0.178203
0.011748
0.019055
0.346477
0.066934
0.023897
0.002714
0.016437
0.370003
0.027583
0.071353
0.217295
0.120854
0.157796
0.221705
0.022891
0.01654
0.023858
0.104852
0.003316
0.888119
0.183027
0.094674
0.036848
0.009576
0.315097
0.216323
0.197192
0.041893
0.074128
0.099292
0.302693
0.010442
0.01676
0.159125
0.031688
0.076727
0.028464
0.019934
0.013154
0.023703
0.349732
0.292051
0.235926
0.999954
0.005268
0.010668
0.00392
0.022536
0.974435
0.953991
0.015608
0.072861
0.008644
0.004637
0.024231
0.001966
0.833102
0.097706
0.015275
0.003811
0.939831
0.00224
0.007577
0.032509
0.002873
0.003472
0.012681
0.010568
0.0026
0.97414
0.02072
0.033912
0.908996
0.044236
0.97504
0.00751
0.104931
0.974613
0.062191
0.049331
0.002289
0.002165
0.022112
0.002634
0.83692
0.031017
0.030268
0.008763
0.00782
0.006022
0.072558
0.024046
0.003357
0.973846
0.495741
0.166203
0.003939
0.967881
0.003542
0.006282
0.001251
0.025617
0.971121
0.030868
0.021822
0.003131
0.020695
0.009471
0.003088
0.00441
0.970997
0.020023
0.009465
0.005415
0.977185
0.971754
0.981457
0.939787
0.005592
0.015773
0.488198
0.00651
0.012224
0.007679
0.977446
0.014505
0.024979
0.003435
0.890851
0.01671
0.006122
0.006222
0.019371
0.028384
0.008271
0.013208
0.944765
0.014063
0.326811
0.002017
0.011809
0.020281
0.00791
0.002167
0.001783
0.001902
0.00305
0.002513
0.007344
0.019419
0.007806
0.950181
0.029465
0.012692
0.006673
0.013703
0.004792
0.057405
0.009594
0.05418
0.008502
0.9738
0.023842
0.115678
0.969536
0.007264
0.008733
0.005194
0.970703
0.088962
0.050212
0.932967
0.005634
0.038121
0.970345
0.015474
0.970808
0.833991
0.606201
0.003749
0.021377
0.003659
0.003276
0.037528
0.059304
0.167259
0.305779
0.771718
0.009016
0.333104
0.97493
0.687184
0.012729
0.029463
0.904967
0.973583
0.006565
0.002137
0.02609
0.107701
0.962199
0.002579
0.074968
0.078818
0.975621
0.958201
0.008087
0.009176
0.854323
0.9774
0.002248
0.002275
0.233562
0.00441
0.927886
0.903651
0.008508
0.889325
0.185098
0.976276
0.00556
0.974046
0.013753
0.058048
0.971413
0.006252
0.940629
0.003066
0.006978
0.792127
0.003441
0.002439
0.018949
0.097604
0.973476
0.972086
0.00303
0.005092
0.021802
0.96065
0.891316
0.006986
0.271799
0.953021
0.005918
0.004545
0.895995
0.031318
0.152268
0.973912
0.003279
0.00951
0.950548
0.927225
0.977192
0.966142
0.069239
0.061179
0.055716
0.048854
0.024797
0.002298
0.976376
0.039559
0.236502
0.027433
0.031348
0.336728
0.012357
0.10091
0.971494
0.968193
0.004245
0.981163
0.044451
0.021178
0.013459
0.00933
0.055216
0.036448
0.08127
0.975092
0.025706
0.010706
0.103221
0.954521
0.008578
0.024814
0.008562
0.002216
0.011459
0.011423
0.023535
0.002965
0.005317
0.557921
0.857909
0.001879
0.003759
0.003357
0.049099
0.010006
0.025431
0.975277
0.016179
0.062218
0.001292
0.081233
0.001628
0.002666
0.589973
0.056229
0.006481
0.002046
0.093631
0.973674
0.002172
0.002923
0.132521
0.975301
0.115638
0.965272
0.029728
0.008194
0.004595
0.048835
0.002248
0.048479
0.00526
0.010515
0.216566
0.969616
0.97431
0.012163
0.051392
0.003783
0.002063
0.978549
0.016418
0.005417
0.007812
0.578364
0.022298
0.908355
0.683219
0.012655
0.016459
0.88317
0.00914
0.977709
0.00135
0.975521
0.008368
0.011406
0.071965
0.086833
0.009366
0.015753
0.002187
0.011967
0.978466
0.001954
0.014517
0.025863
0.98091
0.018139
0.019247
0.021031
0.840167
0.005361
0.008851
0.976891
0.056613
0.014835
0.01251
0.976606
0.005613
0.033933
0.079191
0.005486
0.002102
0.065235
0.002647
0.001474
0.948438
0.028267
0.004492
0.002346
0.943137
0.10389
0.014956
0.00643
0.864157
0.005834
0.004951
0.021891
0.003537
0.983437
0.025929
0.102406
0.002248
0.003066
0.972052
0.005825
0.026869
0.004673
0.973192
0.943143
0.00541
0.967469
0.08461
0.011256
0.010175
0.145262
0.202211
0.017104
0.011385
0.009188
0.266644
0.007559
0.216449
0.972839
0.004986
0.127777
0.011723
0.066121
0.003373
0.008147
0.008046
0.003738
0.944727
0.811003
0.007784
0.10304
0.018973
0.016817
0.002182
0.770007
0.915596
0.947581
0.977089
0.003064
0.114854
0.003917
0.477398
0.005639
0.019225
0.004463
0.018949
0.010806
0.08176
0.008426
0.005821
0.013493
0.972596
0.976426
0.040896
0.972068
0.070238
0.20821
0.837284
0.008273
0.974473
0.044998
0.193504
0.890308
0.019241
0.146194
0.006817
0.054586
0.972706
0.976301
0.013882
0.012822
0.019967
0.067877
0.018143
0.006797
0.9888
0.936051
0.010491
0.020471
0.052601
0.965615
0.487117
0.971133
0.00771
0.969777
0.00596
0.002121
0.931014
0.003871
0.029397
0.004217
0.964222
0.025206
0.016123
0.007083
0.010667
0.02526
0.975992
0.950345
0.015195
0.047726
0.003785
0.965268
0.00265
0.971832
0.029674
0.013455
0.006931
0.001281
0.970781
0.002284
0.01414
0.32489
0.020404
0.906993
0.081382
0.001976
0.006911
0.008512
0.303515
0.533562
0.023844
0.033122
0.971864
0.015488
0.021095
0.059281
0.023146
0.004368
0.011865
0.003571
0.004714
0.965541
0.00676
0.011896
0.529916
0.941688
0.971599
0.978389
0.016674
0.025322
0.004235
0.972657
0.00601
0.009585
0.017709
0.802933
0.058463
0.024742
0.016813
0.002557
0.960543
0.002755
0.012467
0.008686
0.012419
0.97508
0.380319
0.923772
0.002524
0.003704
0.925427
0.033025
0.004475
0.035527
0.005993
0.020129
0.007343
0.010013
0.002056
0.001781
0.013942
0.008013
0.015676
0.955339
0.012785
0.014116
0.059661
0.008081
0.050173
0.002217
0.005589
0.007912
0.006182
0.006151
0.002248
0.036846
0.013866
0.965166
0.062232
0.564523
0.070006
0.976963
0.011775
0.004204
0.869725
0.934019
0.890864
0.002248
0.071681
0.023948
0.01021
0.010212
0.030704
0.039828
0.772634
0.513084
0.006864
0.006722
0.002466
0.95361
0.004707
0.85503
0.89845
0.010206
0.010175
0.019627
0.714343
0.006062
0.065925
0.971323
0.001397
0.009062
0.921735
0.002949
0.010691
0.033176
0.58915
0.972197
0.03875
0.01337
0.004481
0.939175
0.002793
0.833369
0.976993
0.034785
0.093776
0.104506
0.092916
0.073112
0.006861
0.002567
0.006028
0.036314
0.002041
0.011907
0.005767
0.96096
0.91013
0.002088
0.004371
0.004748
0.006736
0.975937
0.005037
0.004585
0.009011
0.007805
0.005973
0.718952
0.042423
0.005609
0.01287
0.19921
0.031826
0.015914
0.908421
0.01162
0.002284
0.976368
0.987515
0.005027
0.003766
0.920502
0.010602
0.004128
0.957521
0.953934
0.945088
0.763573
0.970185
0.574056
0.098451
0.870492
0.006316
0.059279
0.96086
0.977482
0.942235
0.00379
0.742157
0.974223
0.003435
0.005959
0.074754
0.001847
0.002248
0.008907
0.004538
0.002991
0.938105
0.681302
0.903466
0.072708
0.005784
0.959874
0.790474
0.001432
0.008875
0.041232
0.010021
0.005233
0.007359
0.973551
0.008156
0.030874
0.019471
0.976037
0.609429
0.083395
0.973082
0.039741
0.004707
0.002248
0.055828
0.157634
0.001988
0.972459
0.974352
0.97639
0.017598
0.975895
0.003412
0.350287
0.975416
0.038934
0.0083
0.0228
0.978912
0.004765
0.031714
0.007652
0.973268
0.046717
0.048337
0.007735
0.957871
0.015014
0.003107
0.015279
0.85516
0.974099
0.973401
0.008053
0.007925
0.006615
0.089292
0.970037
0.786943
0.002527
0.008024
0.003233
0.002636
0.006754
0.00763
0.963027
0.007162
0.015753
0.004027
0.121675
0.040962
0.009818
0.015793
0.881055
0.011225
0.012502
0.069601
0.011161
0.003029
0.00747
0.017219
0.939174
0.965975
0.005336
0.013402
0.006559
0.02705
0.006389
0.07497
0.013919
0.022096
0.039055
0.034351
0.017761
0.013602
0.055501
0.057137
0.037478
0.007033
0.010904
0.006956
0.025743
0.017731
0.042816
0.024481
0.008327
0.058518
0.014541
0.01034
0.009329
0.062329
0.007381
0.004507
0.011197
0.004518
0.007829
0.022732
0.034245
0.00902
0.001644
0.031067
0.058082
0.002276
0.010821
0.011426
0.019562
0.012258
0.015767
0.006292
0.013207
0.028101
0.00384
0.004564
0.038526
0.005421
0.009439
0.007155
0.006777
0.022697
0.010082
0.012792
0.002146
0.022009
0.147052
0.011119
0.02539
0.104133
0.015513
0.007033
0.00142
0.003631
0.30357
0.00619
0.010625
0.006793
0.034299
0.040974
0.328022
0.008353
0.017259
0.004894
0.068673
0.011995
0.002264
0.005674
0.095416
0.021633
0.00384
0.023451
0.15228
0.018817
0.005816
0.012547
0.001895
0.00471
0.06193
0.013621
0.035476
0.015349
0.003193
0.01268
0.180647
0.042836
0.012563
0.04025
0.04265
0.011651
0.011234
0.008949
0.008277
0.037625
0.051197
0.011957
0.005425
0.003589
0.010843
0.005165
0.006745
0.016482
0.035529
0.018388
0.016287
0.01397
0.008669
0.041452
0.088945
0.006317
0.062733
0.04004
0.06544
0.011736
0.020374
0.028895
0.085252
0.026086
0.003764
0.017717
0.003504
0.008518
0.00902
0.07095
0.004645
0.019368
0.02053
0.007824
0.001531
0.011293
0.03619
0.002945
0.001678
0.01544
0.002482
0.012605
0.027495
0.018914
0.003726
0.015616
0.024661
0.001919
0.017683
0.045871
0.008582
0.015267
0.002438
0.010198
0.012547
0.010744
0.011548
0.00581
0.017308
0.010914
0.007033
0.010031
0.010247
0.029976
0.031886
0.014746
0.005439
0.008643
0.017597
0.035677
0.005598
0.008381
0.055835
0.010151
0.019923
0.276432
0.01397
0.04768
0.002782
0.016831
0.012208
0.006535
0.011979
0.006125
0.013612
0.0353
0.00502
0.017429
0.00153
0.018066
0.015387
0.001328
0.011692
0.002662
0.010424
0.005682
0.00148
0.033552
0.024416
0.284822
0.03119
0.069909
0.036854
0.040492
0.012594
0.048565
0.013145
0.022111
0.028051
0.034614
0.015443
0.018849
0.003742
0.090441
0.003384
0.018685
0.02191
0.036331
0.004143
0.00937
0.004179
0.017965
0.017759
0.01113
0.00625
0.032555
0.06409
0.004013
0.012843
0.00846
0.03743
0.003478
0.015265
0.01246
0.003563
0.003647
0.002598
0.063803
0.012254
0.005836
0.091289
0.026389
0.044492
0.007258
0.003456
0.043804
0.031928
0.02345
0.015641
0.028006
0.017771
0.076196
0.048204
0.002798
0.00817
0.024237
0.035549
0.022562
0.003454
0.008739
0.010687
0.040578
0.014192
0.057119
0.053377
0.01275
0.017259
0.019401
0.029085
0.012735
0.016291
0.008135
0.034007
0.028923
0.009107
0.025384
0.019279
0.006349
0.002897
0.054171
0.105659
0.017557
0.043215
0.00412
0.007147
0.076665
0.021733
0.34048
0.002414
0.005864
0.00697
0.042132
0.062822
0.009517
0.028138
0.024848
0.053612
0.004972
0.036191
0.001778
0.01366
0.00507
0.095204
0.005869
0.011705
0.024802
0.00832
0.003161
0.024196
0.029891
0.014783
0.002999
0.016423
0.007217
0.029767
0.018179
0.002093
0.005155
0.015717
0.03265
0.008089
0.013711
0.06702
0.005285
0.024035
0.022032
0.003712
0.015276
0.037497
0.01911
0.025646
0.004602
0.020028
0.015041
0.001968
0.0687
0.056288
0.052184
0.123255
0.019923
0.012489
0.032241
0.001568
0.005796
0.018196
0.005002
0.033392
0.053955
0.010108
0.010854
0.009521
0.003386
0.009109
0.064975
0.010975
0.229124
0.085286
0.010757
0.031098
0.011086
0.004221
0.029377
0.077875
0.085753
0.019173
0.013833
0.003214
0.002782
0.008617
0.048395
0.027864
0.066577
0.014795
0.00902
0.083267
0.004632
0.010363
0.010104
0.00727
0.006901
0.001985
0.01202
0.018926
0.009372
0.007662
0.03158
0.006676
0.106267
0.025714
0.019784
0.048721
0.016287
0.039098
0.029716
0.003822
0.003595
0.056539
0.013606
0.025936
0.009873
0.017827
0.012686
0.024815
0.005977
0.005564
0.006013
0.017794
0.002782
0.078882
0.025195
0.016287
0.011638
0.093448
0.215853
0.051071
0.014204
0.024388
0.029042
0.12587
0.010273
0.073825
0.014424
0.027036
0.072372
0.002873
0.027887
0.188953
0.007033
0.002245
0.004649
0.001452
0.009509
0.028718
0.02464
0.020106
0.005762
0.014106
0.171279
0.009118
0.008941
0.069022
0.032792
0.021023
0.078269
0.016636
0.004609
0.005469
0.029384
0.00207
0.02764
0.025502
0.019564
0.104302
0.030514
0.019695
0.040272
0.022344
0.005702
0.014301
0.00975
0.019297
0.001731
0.010889
0.016287
0.013629
0.010332
0.00779
0.017259
0.037806
0.003284
0.001924
0.009022
0.132005
0.038405
0.013632
0.02176
0.093211
0.030919
0.013517
0.002864
0.009031
0.038996
0.020579
0.010198
0.010453
0.02173
0.068782
0.004115
0.068104
0.007486
0.206729
0.010439
0.004863
0.00752
0.019715
0.002939
0.00742
0.003024
0.138494
0.0036
0.010117
0.004355
0.010801
0.006552
0.072288
0.015913
0.004371
0.009605
0.048789
0.016457
0.024367
0.002257
0.01706
0.032065
0.02906
0.045088
0.017259
0.017259
0.037548
0.002782
0.030179
0.064924
0.010051
0.038655
0.033005
0.005965
0.005585
0.018406
0.003555
0.010851
0.005329
0.029488
0.034613
0.002153
0.082956
0.004366
0.037013
0.055755
0.00163
0.010893
0.014562
0.011663
0.011435
0.037369
0.008107
0.007356
0.003812
0.016796
0.012665
0.010785
0.152656
0.008957
0.010272
0.002377
0.014301
0.023284
0.015969
0.024141
0.023471
0.010567
0.020831
0.010139
0.03512
0.004498
0.006462
0.008041
0.002782
0.038075
0.084303
0.201543
0.012715
0.001558
0.008347
0.010175
0.008443
0.018125
0.032599
0.010132
0.008514
0.00401
0.007583
0.015133
0.006919
0.020548
0.069743
0.004538
0.004539
0.020996
0.040519
0.032779
0.004685
0.024185
0.282992
0.012634
0.025271
0.018091
0.008188
0.022891
0.006295
0.333478
0.022882
0.016174
0.005269
0.044014
0.006126
0.007152
0.002459
0.010737
0.028508
0.013431
0.079259
0.029609
0.008319
0.027301
0.029082
0.0203
0.200736
0.002692
0.001699
0.020412
0.020514
0.016214
0.006177
0.025849
0.01596
0.007598
0.024592
0.182921
0.004732
0.022219
0.007437
0.069012
0.011414
0.018805
0.024511
0.040884
0.023627
0.010382
0.154038
0.027746
0.011579
0.002253
0.005507
0.009984
0.006657
0.023009
0.003217
0.008383
0.007922
0.012646
0.020849
0.003977
0.008861
0.003249
0.039996
0.008178
0.198442
0.041932
0.010889
0.001805
0.109662
0.032042
0.00551
0.137281
0.012898
0.013387
0.071754
0.051667
0.023104
0.003639
0.002568
0.029797
0.008217
0.007648
0.009093
0.02448
0.006595
0.019043
0.067448
0.009279
0.033734
0.045459
0.027636
0.031378
0.036643
0.004997
0.065286
0.043173
0.003271
0.042516
0.014301
0.013995
0.006215
0.004181
0.003377
0.004553
0.085737
0.013996
0.042545
0.210254
0.011475
0.082163
0.13542
0.002257
0.006676
0.065618
0.001573
0.006154
0.012254
0.006254
0.016649
0.001973
0.008967
0.011349
0.028999
0.00564
0.005234
0.01243
0.022345
0.011133
0.012623
0.084215
0.017422
0.066861
0.003397
0.003681
0.006162
0.011053
0.015693
0.006965
0.022448
0.020166
0.070733
0.186439
0.0056
0.006295
0.011157
0.008967
0.013947
0.02797
0.007451
0.012487
0.047581
0.006126
0.001923
0.006169
0.007763
0.038791
0.058647
0.002909
0.004036
0.011694
0.014421
0.053712
0.003222
0.022079
0.016268
0.005098
0.013026
0.019336
0.003582
0.009507
0.14732
0.009093
0.00498
0.001887
0.006167
0.015109
0.005443
0.024134
0.100994
0.014024
0.002213
0.999759
0.002759
0.003055
0.00446
0.001174
0.014767
0.003353
0.001892
0.001143
0.002468
0.001482
0.006409
0.008307
0.001236
0.000928
0.001369
0.000928
0.003015
0.008227
0.010576
0.000893
0.001876
0.002036
0.003964
0.001075
0.001576
0.002165
0.005296
0.002492
0.004056
0.000781
0.004009
0.004209
0.002248
0.00237
0.001898
0.003374
0.002001
0.003048
0.002424
0.001754
0.003086
0.002814
0.00243
0.002553
0.002027
0.002117
0.001513
0.001671
0.003248
0.004222
0.004378
0.001568
0.004432
0.002215
0.001244
0.00175
0.000869
0.022994
0.004079
0.001936
0.001712
0.002897
0.003799
0.011646
0.002137
0.001361
0.002898
0.004606
0.009755
0.001306
0.00418
0.001925
0.002394
0.004723
0.001453
0.00176
0.003741
0.001448
0.002515
0.00221
0.002408
0.00256
0.001274
0.027369
0.001873
0.002553
0.001984
0.009566
0.004993
0.001478
0.002993
0.005432
0.003189
0.001844
0.002144
0.002787
0.002587
0.002625
0.004142
0.00141
0.005059
0.002667
0.006546
0.001926
0.002886
0.00134
0.001821
0.020884
0.006038
0.002328
0.001908
0.004342
0.003532
0.003625
0.001105
0.006339
0.002854
0.002771
0.002503
0.002289
0.004738
0.002993
0.001092
0.002476
0.002814
0.002372
0.002454
0.001321
0.002627
0.002349
0.005825
0.002274
0.000928
0.003373
0.000919
0.002312
0.001281
0.00098
0.004629
0.012778
0.001594
0.002492
0.002276
0.002214
0.000824
0.001685
0.010827
0.001693
0.010268
0.003017
0.000943
0.001145
0.003271
0.001626
0.004391
0.007047
0.002012
0.002384
0.03185
0.000661
0.001639
0.00509
0.001408
0.002306
0.002052
0.00088
0.019927
0.003773
0.001458
0.001201
0.002029
0.005529
0.004836
0.007571
0.00396
0.002814
0.001217
0.002151
0.004593
0.005963
0.002265
0.001216
0.001506
0.002809
0.001557
0.001856
0.003746
0.008255
0.002775
0.001466
0.005589
0.006766
0.00139
0.001102
0.001231
0.02297
0.002621
0.002312
0.003054
0.001581
0.003664
0.001981
0.004113
0.00152
0.00219
0.002572
0.001925
0.002337
0.001606
0.001798
0.003051
0.002814
0.000928
0.004967
0.001933
0.001032
0.001186
0.00244
0.003001
0.002253
0.001357
0.002012
0.00122
0.001566
0.006366
0.00159
0.001849
0.001671
0.000945
0.003507
0.001152
0.001949
0.001951
0.001657
0.010434
0.001181
0.007995
0.002375
0.001568
0.016618
0.000955
0.004831
0.008563
0.000955
0.002184
0.002243
0.026947
0.001895
0.000732
0.002288
0.001151
0.00101
0.006722
0.001092
0.007124
0.004361
0.00127
0.002814
0.002534
0.002151
0.002489
0.001009
0.001949
0.003213
0.003425
0.001718
0.000799
0.005599
0.002548
0.002216
0.002271
0.000928
0.00318
0.003453
0.000889
0.002854
0.002571
0.00143
0.001753
0.001092
0.002448
0.002669
0.003667
0.005627
0.004308
0.003214
0.001045
0.004312
0.001681
0.001917
0.003541
0.000928
0.00225
0.00413
0.000858
0.001299
0.008193
0.001506
0.001093
0.003469
0.005429
0.002737
0.003948
0.002717
0.002111
0.004312
0.001092
0.001804
0.001438
0.004377
0.000928
0.001589
0.005159
0.002065
0.003065
0.002927
0.001149
0.001045
0.023723
0.002935
0.006809
0.003423
0.002518
0.002417
0.001452
0.001267
0.004244
0.000671
0.001462
0.001387
0.002703
0.001506
0.001414
0.001549
0.001309
0.001438
0.003663
0.002825
0.00338
0.001095
0.001651
0.004624
0.002633
0.001175
0.004304
0.001927
0.001219
0.001588
0.001942
0.001712
0.001025
0.003286
0.004832
0.004641
0.001971
0.008628
0.0041
0.001013
0.001471
0.012322
0.000928
0.005001
0.005931
0.001277
0.001544
0.003365
0.005407
0.001153
0.001616
0.000973
0.001104
0.00306
0.004251
0.000909
0.00161
0.001949
0.001591
0.001457
0.001068
0.001545
0.001285
0.002246
0.000928
0.003895
0.003459
0.002664
0.005707
0.008003
0.003647
0.001194
0.002585
0.006716
0.179288
0.003236
0.001057
0.003574
0.00094
0.002775
0.005086
0.002679
0.010027
0.001128
0.001433
0.00456
0.007643
0.000964
0.001331
0.001413
0.001438
0.005095
0.001372
0.001892
0.00253
0.015475
0.002042
0.000928
0.000756
0.00169
0.000928
0.001726
0.002572
0.00114
0.002866
0.007693
0.002281
0.002325
0.001949
0.000734
0.002002
0.003192
0.003761
0.003425
0.002881
0.001259
0.003985
0.006191
0.002345
0.001102
0.001002
0.012875
0.001313
0.000756
0.001947
0.002082
0.000943
0.002814
0.002938
0.001276
0.005752
0.001863
0.002904
0.001351
0.000953
0.003298
0.002115
0.001029
0.002473
0.001614
0.00215
0.001461
0.003261
0.00118
0.00389
0.001595
0.004416
0.001966
0.001752
0.001718
0.006504
0.003022
0.001849
0.002116
0.000901
0.001949
0.00259
0.001179
0.001209
0.002439
0.001952
0.002781
0.016782
0.001981
0.002659
0.004551
0.000906
0.002083
0.005018
0.001967
0.004023
0.005021
0.000728
0.002236
0.008738
0.002876
0.002202
0.004855
0.001187
0.000928
0.000849
0.001481
0.024789
0.001138
0.001175
0.001134
0.001121
0.002577
0.001605
0.00613
0.001175
0.003575
0.01961
0.004881
0.005697
0.00399
0.001197
0.001082
0.001779
0.000726
0.003506
0.00297
0.001234
0.00089
0.002896
0.002952
0.005969
0.001797
0.002566
0.000926
0.005733
0.002772
0.01231
0.002386
0.001319
0.00964
0.001983
0.000892
0.000928
0.002255
0.001356
0.00094
0.000934
0.003476
0.000652
0.000304
0.000306
0.000319
0.00033
0.000313
0.000307
0.000332
0.000307
0.000893
0.000325
0.000518
0.000314
0.00031
0.000304
0.00031
0.000323
0.0003
0.000313
0.000327
0.000316
0.000332
0.000353
0.000299
0.000347
0.000316
0.00032
0.000325
0.00033
0.000302
0.00033
0.001326
0.000332
0.00044
0.000304
0.00033
0.000325
0.000317
0.000298
0.000302
0.000354
0.000301
0.00033
0.000343
0.00033
0.000325
0.000303
0.000378
0.000326
0.000332
0.00031
0.000644
0.00032
0.000315
0.000313
0.00033
0.000326
0.000308
0.000415
