ER_10000_10_0,1754,0.097000,10000
ER_10000_10_1,1762,0.072000,10000
ER_10000_15_0,2138,0.100000,10000
ER_10000_15_1,2131,0.100000,10000
ER_10000_20_0,2426,0.146000,10000
ER_10000_20_1,2409,0.114000,10000
ER_20000_10_0,3498,0.216000,20000
ER_20000_10_1,3433,0.307000,20000
ER_20000_15_0,4216,0.309000,20000
ER_20000_15_1,4212,0.282000,20000
ER_20000_20_0,4794,0.482000,20000
ER_20000_20_1,4833,0.413000,20000
ER_30000_10_0,5230,0.433000,30000
ER_30000_15_0,6383,0.689000,30000
ER_30000_20_0,7148,0.788000,30000
ER_50000_10_0,11899,1.973000,50000
ER_50000_15_0,10657,1.641000,50000
ER_50000_20_0,11772,1.927000,50000
