0.041737
0.244185
0.122174
0.336135
0.065301
0.528616
0.229792
0.026681
0.11484
0.027839
0.166568
0.308474
0.247262
0.061446
0.237683
0.181388
0.356482
0.019971
0.02924
0.016975
0.218429
0.019068
0.004567
0.025197
0.007154
0.565783
0.025186
0.381436
0.021032
0.012655
0.069112
0.012766
0.092947
0.046668
0.036699
0.05456
0.040088
0.032152
0.003481
0.080548
0.006454
0.019479
0.016119
0.024961
0.023681
0.042771
0.02608
0.022121
0.018109
0.106429
0.047631
0.320661
0.037101
0.023372
0.045167
0.041248
0.025462
0.024516
0.039133
0.037044
0.066404
0.010158
0.039888
0.0103
0.01958
0.043748
0.025967
0.022912
0.052402
0.02219
0.019189
0.101745
0.285132
0.33676
0.036012
0.10098
0.014516
0.024495
0.018371
0.004464
0.238384
0.009135
0.040062
0.571555
0.016653
0.009643
0.022449
0.059437
0.241643
0.147457
0.038609
0.024077
0.243472
0.016972
0.14324
0.103809
0.018558
0.007133
0.310256
0.031511
0.416082
0.074453
0.06541
0.007441
0.036168
0.230293
0.014401
0.094471
0.008269
0.042691
0.058057
0.027912
0.02516
0.094718
0.033842
0.159483
0.119606
0.002457
0.114355
0.082598
0.062184
0.012899
0.044084
0.042389
0.009435
0.007157
0.052381
0.015802
0.0581
0.052707
0.251605
0.019674
0.004301
0.009257
0.008052
0.077901
0.556789
0.027806
0.157189
0.026315
0.019168
0.15307
0.023237
0.342705
0.436284
0.067315
0.035869
0.040192
0.017688
0.008686
0.074184
0.101256
0.051431
0.101
0.045723
0.092415
0.088201
0.326623
0.066573
0.048151
0.024293
0.019121
0.108365
0.074509
0.042847
0.024078
0.034367
0.175728
0.183262
0.026181
0.215666
0.06734
0.008072
0.083575
0.030151
0.017012
0.233683
0.14999
0.070792
0.144824
0.083955
0.019106
0.027162
0.03144
0.0092
0.008359
0.310286
0.011042
0.05395
0.06177
0.032659
0.246979
0.015561
0.0308
0.069036
0.132801
0.054516
0.008565
0.013885
0.012133
0.068591
0.024688
0.128662
0.008346
0.035834
0.395782
0.164458
0.007152
0.018642
0.026142
0.031353
0.02583
0.237603
0.180387
0.135019
0.244555
0.241195
0.012405
0.071852
0.006496
0.061989
0.009683
0.025315
0.06755
0.226055
0.158922
0.026577
0.205897
0.412964
0.10948
0.012932
0.014228
0.011967
0.112086
0.125532
0.026703
0.107745
0.027292
0.070574
0.031951
0.105365
0.017834
0.061429
0.006459
0.031223
0.014905
0.067298
0.023015
0.329344
0.01457
0.023849
0.237598
0.021631
0.107452
0.056652
0.005651
0.346814
0.333682
0.553756
0.069519
0.018555
0.02246
0.238703
0.015938
0.053505
0.027724
0.181406
0.137045
0.101703
0.266782
0.018753
0.020917
0.014167
0.030674
0.107587
0.039647
0.05379
0.016732
0.023504
0.016894
0.029858
0.033614
0.026171
0.03368
0.043847
0.013334
0.028473
0.028007
0.021782
0.418981
0.048459
0.013408
0.017285
0.0211
0.423305
0.299328
0.01313
0.042059
0.137029
0.060112
0.036968
0.009448
0.060692
0.070405
0.030652
0.416131
0.042965
0.051544
0.010467
0.023257
0.043039
0.04158
0.02068
0.02297
0.094266
0.028901
0.015444
0.069411
0.08549
0.092935
0.047702
0.085325
0.241448
0.012232
0.026323
0.120546
0.074214
0.036552
0.045535
0.014058
0.153822
0.026293
0.153756
0.03158
0.011109
0.018696
0.089147
0.102449
0.031913
0.010678
0.009966
0.024299
0.059057
0.021387
0.107309
0.104922
0.059671
0.042576
0.160897
0.120567
0.016899
0.04004
0.027757
0.024404
0.00988
0.01828
0.033809
0.021647
0.028815
0.107533
0.3787
0.038147
0.018416
0.353619
0.015747
0.007121
0.040518
0.062749
0.070415
0.010161
0.250176
0.319454
0.161435
0.57906
0.030243
0.028239
0.237244
0.103843
0.025964
0.124768
0.094814
0.066582
0.095614
0.212362
0.068194
0.041382
0.030938
0.059208
0.028696
0.038392
0.009826
0.082577
0.018637
0.058282
0.143697
0.075215
0.19938
0.152494
0.15582
0.095565
0.11373
0.014077
0.04025
0.17516
0.0461
0.230137
0.023425
0.03131
0.105034
0.019079
0.027096
0.104245
0.02664
0.02298
0.203286
0.031026
0.044865
0.059447
0.038676
0.021401
0.041287
0.31372
0.016695
0.431669
0.500302
0.21941
0.102315
0.04409
0.111666
0.087313
0.034577
0.008937
0.159577
0.048046
0.068335
0.086291
0.048839
0.250314
0.028028
0.064105
0.059255
0.106029
0.02359
0.139997
0.325909
0.016009
0.107178
0.035088
0.017064
0.08724
0.039728
0.014082
0.006162
0.034063
0.024483
0.320884
0.033714
0.203349
0.048881
0.114378
0.150731
0.485992
0.0857
0.026167
0.040542
0.045035
0.054122
0.051735
0.006063
0.064947
0.039832
0.101256
0.034826
0.020996
0.023071
0.015626
0.094106
0.076974
0.074156
0.167153
0.22365
0.033509
0.075119
0.063559
0.026065
0.544672
0.061556
0.114312
0.229629
0.021
0.095672
0.029385
0.037644
0.00868
0.024031
0.105116
0.144632
0.01961
0.064834
0.098112
0.021766
0.10852
0.038236
0.024844
0.089209
0.048258
0.010025
0.023725
0.07131
0.019454
0.016359
0.064883
0.056873
0.019444
0.068288
0.01385
0.047864
0.024343
0.159894
0.171075
0.135529
0.150975
0.009276
0.013739
0.028005
0.10893
0.02779
0.168602
0.131651
0.407151
0.115132
0.124112
0.013711
0.248692
0.120628
0.096997
0.002411
0.018385
0.01121
0.046434
0.040995
0.018932
0.088616
0.011044
0.043713
0.007453
0.032315
0.006706
0.005519
0.112438
0.025645
0.009218
0.008813
0.016027
0.029277
0.023251
0.071271
0.061066
0.062609
0.00664
0.012119
0.076584
0.012576
0.045648
0.013949
0.028681
0.32807
0.078078
0.074024
0.075555
0.031405
0.013853
0.050405
0.028975
0.137649
0.010717
0.148735
0.053525
0.093585
0.36762
0.115252
0.012434
0.087894
0.112788
0.03012
0.053736
0.160127
0.023166
0.037436
0.041659
0.094043
0.016049
0.182756
0.029677
0.006636
0.00875
0.063233
0.068708
0.065719
0.007887
0.010023
0.035828
0.066777
0.039166
0.001891
0.023562
0.14598
0.059783
0.020392
0.053203
0.018598
0.02503
0.022841
0.031652
0.100515
0.024783
0.043013
0.091835
0.013766
0.454134
0.024884
0.148216
0.025779
0.024606
0.070658
0.11581
0.058449
0.032592
0.038659
0.067552
0.0561
0.053828
0.025228
0.035609
0.045805
0.049745
0.021695
0.2016
0.03558
0.02045
0.016904
0.103951
0.062916
0.108721
0.110624
0.057622
0.11356
0.106466
0.033821
0.065129
0.10021
0.004381
0.032718
0.239918
0.21503
0.023962
0.207453
0.063106
0.107139
0.038411
0.310446
0.220836
0.132378
0.017095
0.258523
0.117962
0.106062
0.03625
0.025919
0.015227
0.017114
0.009541
0.047306
0.004894
0.232487
0.003349
0.045188
0.101443
0.106945
0.107944
0.170133
0.013142
0.057838
0.329118
0.023537
0.068178
0.071267
0.143101
0.181807
0.111012
0.01966
0.030543
0.015902
0.04158
0.011235
0.021244
0.043976
0.278534
0.183992
0.092014
0.066624
0.037704
0.069775
0.072464
0.102372
0.148604
0.14662
0.017239
0.006497
0.027101
0.039374
0.061878
0.070976
0.067997
0.086246
0.030985
0.046303
0.015677
0.014637
0.082355
0.06472
0.063549
0.025176
0.067382
0.174179
0.063391
0.00461
0.03456
0.062475
0.026477
0.177355
0.095163
0.044663
0.035061
0.01905
0.044665
0.01934
0.229437
0.093953
0.019927
0.036783
0.129533
0.041398
0.030025
0.060848
0.025393
0.102323
0.0115
0.101533
0.108898
0.444701
0.008861
0.131277
0.014338
0.00488
0.036613
0.020138
0.080891
0.106247
0.025598
0.196022
0.060334
0.230861
0.018021
0.036804
0.041033
0.026602
0.014583
0.105296
0.140814
0.099228
0.026722
0.011442
0.021187
0.01815
0.00697
0.032786
0.038999
0.04369
0.016586
0.064357
0.006503
0.244872
0.013396
0.029501
0.152231
0.019308
0.07363
0.025188
0.115193
0.213079
0.164082
0.0737
0.133002
0.016025
0.026125
0.039262
0.040968
0.006337
0.051864
0.008517
0.057218
0.111323
0.092494
0.105978
0.055802
0.048787
0.038542
0.013282
0.049015
0.080338
0.065285
0.056822
0.142779
0.103151
0.018201
0.028878
0.096146
0.022533
0.015764
0.060438
0.112278
0.154864
0.154906
0.027629
0.039196
0.017197
0.04576
0.031358
0.1325
0.015653
0.012153
0.182415
0.105997
0.092244
0.021169
0.02499
0.10565
0.100564
0.008317
0.110778
0.035696
0.043784
0.009805
0.133789
0.174803
0.038821
0.118382
0.14684
0.083068
0.242699
0.131993
0.058919
0.076965
0.027213
0.036808
0.073885
0.01363
0.009178
0.006008
0.224903
0.408654
0.025313
0.034187
0.181242
0.186744
0.01313
0.164401
0.010625
0.087667
0.047394
0.102076
0.091097
0.040534
0.073565
0.161794
0.069585
0.016502
0.068056
0.030507
0.098065
0.04299
0.04532
0.038043
0.059669
0.019006
0.091381
0.05863
0.025709
0.038885
0.090318
0.112869
0.100328
0.057125
0.1023
0.020535
0.048479
0.096282
0.398333
0.025529
0.157568
0.023053
0.021922
0.029934
0.287721
0.041561
0.022455
0.200085
0.036366
0.012598
0.020969
0.010743
0.005447
0.029908
0.086536
0.050463
0.027902
0.032205
0.032002
0.040694
0.137798
0.021135
0.012451
0.028281
0.052329
0.072617
0.039799
0.113207
0.009947
0.112658
0.356045
0.020091
0.175388
0.095053
0.123939
0.017242
0.169827
0.038602
0.030326
0.037074
0.22875
0.032705
0.029111
0.077678
0.03387
0.119964
0.014016
0.052711
0.036399
0.059711
0.04118
0.100563
0.072039
0.030624
0.033132
0.01876
0.02327
0.292177
0.128941
0.034607
0.040079
0.042548
0.029519
0.011989
0.133489
0.009259
0.258613
0.117688
0.055432
0.037707
0.007863
0.067962
0.134321
0.07712
0.022391
0.223997
0.029616
0.109635
0.046848
0.020965
0.014978
0.023111
0.09388
0.094533
0.017173
0.020363
0.042848
0.037574
0.133717
0.183801
0.058967
0.088524
0.05768
0.055489
0.011128
0.378813
0.122937
0.011441
0.020097
0.01196
0.095333
0.051549
0.090053
0.015637
0.242456
0.0197
0.028164
0.026726
0.254479
0.112066
0.063842
0.050844
0.047166
0.006862
0.017848
0.072654
0.016664
0.047051
0.128332
0.05951
0.098997
0.084939
0.055203
0.067298
0.014008
0.039246
0.064952
0.003509
0.018016
0.058164
0.0056
0.156613
0.083188
0.040393
0.062747
0.45102
0.042958
0.046253
0.020272
0.22786
0.23428
0.078887
0.183542
0.316602
0.052842
0.009844
0.013531
0.134473
0.060258
0.24929
0.047587
0.025558
0.019795
0.056487
0.013226
0.040156
0.023904
0.107553
0.070281
0.031963
0.384094
0.205234
0.01028
0.047772
0.030174
0.013224
0.021935
0.043355
0.014864
0.00719
0.069806
0.032605
0.02949
0.041276
0.011461
0.029078
0.008221
0.074979
0.024556
0.023669
0.081126
0.024864
0.140524
0.128769
0.026662
0.181076
0.482664
0.12006
0.022004
0.027954
0.07546
0.008252
0.09246
0.028676
0.16832
0.011811
0.114724
0.089086
0.01379
0.430563
0.021667
0.057822
0.013659
0.216525
0.027084
0.100778
0.147792
0.24232
0.012453
0.003337
0.071824
0.011835
0.028812
0.104934
0.042016
0.111451
0.023352
0.051894
0.021316
0.027297
0.23236
0.036267
0.136506
0.011228
0.051643
0.035777
0.005758
0.00953
0.184565
0.012775
0.044898
0.04332
0.039321
0.008177
0.079456
0.037789
0.058113
0.122715
0.04546
0.057181
0.060206
0.03135
0.021325
0.175042
0.012822
0.053653
0.006301
0.092403
0.050222
0.014868
0.137679
0.110781
0.084668
0.030139
0.088951
0.017985
0.168446
0.170813
0.09254
0.034058
0.040019
0.188087
0.055547
0.024786
0.055335
0.065245
0.026641
0.104708
0.059522
0.058975
0.07347
0.055947
0.111352
0.117634
0.162199
0.027438
0.013171
0.067452
0.014484
0.063892
0.010113
0.137449
0.040948
0.024736
0.043357
0.06931
0.057486
0.031477
0.018878
0.014824
0.10385
0.005368
0.171588
0.249371
0.13327
0.021564
0.137227
0.094008
0.162288
0.028035
0.019583
0.049686
0.04447
0.028977
0.054215
0.02588
0.011745
0.038673
0.014521
0.010729
0.029397
0.013496
0.039008
0.020948
0.029248
0.061981
0.010044
0.050856
0.018963
0.296562
0.110913
0.068822
0.059652
0.070165
0.135963
0.241746
0.122852
0.022555
0.059449
0.231781
0.068567
0.009684
0.250713
0.052215
0.05212
0.032057
0.048185
0.059021
0.125088
0.066983
0.024455
0.086614
0.083724
0.046615
0.045801
0.088565
0.050165
0.04374
0.03241
0.007882
0.007705
0.089993
0.008515
0.011637
0.058522
0.093502
0.09346
0.021695
0.045952
0.013519
0.020258
0.192475
0.019199
0.201169
0.03855
0.068728
0.139283
0.033663
0.077303
0.062361
0.018911
0.033686
0.021597
0.071515
0.031838
0.029306
0.005704
0.152569
0.038494
0.034012
0.057542
0.092628
0.048446
0.086053
0.023536
0.082375
0.132695
0.016404
0.019415
0.011522
0.007176
0.015355
0.021298
0.02123
0.051674
0.085773
0.054601
0.104514
0.048945
0.013995
0.049914
0.03433
0.067015
0.085682
0.073719
0.042788
0.050218
0.106403
0.064378
0.068657
0.225115
0.015313
0.199419
0.005913
0.019698
0.038062
0.081098
0.224568
0.038957
0.075193
0.044246
0.03644
0.166153
0.049163
0.007605
0.23523
0.086311
0.225264
0.026436
0.058556
0.017335
0.108427
0.028725
0.064722
0.005148
0.062668
0.0273
0.033523
0.015288
0.006923
0.098905
0.035295
0.045464
0.005277
0.0255
0.12896
0.031671
0.080333
0.135449
0.009848
0.136292
0.016179
0.012959
0.018766
0.033174
0.034499
0.043275
0.03391
0.109596
0.002046
0.042731
0.024282
0.054223
0.12711
0.161685
0.100198
0.022004
0.033096
0.029856
0.034591
0.082781
0.149526
0.020638
0.01573
0.447712
0.017617
0.043922
0.092769
0.040637
0.017753
0.323204
0.027016
0.131342
0.110053
0.04403
0.021704
0.079046
0.059943
0.091948
0.135589
0.026329
0.131483
0.01544
0.068845
0.094265
0.034843
0.126652
0.018415
0.069203
0.192801
0.017614
0.332479
0.085944
0.05612
0.076744
0.024329
0.130784
0.049394
0.010274
0.014273
0.011355
0.141943
0.085603
0.420426
0.049093
0.068876
0.017388
0.008099
0.020265
0.036995
0.010777
0.056096
0.013081
0.01268
0.052702
0.024981
0.017878
0.048269
0.040625
0.03475
0.042326
0.02509
0.046884
0.051422
0.051543
0.051285
0.062594
0.102786
0.030992
0.169672
0.052539
0.169444
0.01686
0.056699
0.058606
0.02512
0.019413
0.010019
0.018953
0.019255
0.033117
0.232527
0.013141
0.067711
0.341915
0.048512
0.081478
0.105986
0.026949
0.048437
0.054292
0.025548
0.030149
0.09555
0.212725
0.022989
0.247964
0.041246
0.014988
0.210998
0.044256
0.057399
0.044778
0.123805
0.006316
0.083823
0.047774
0.1503
0.022863
0.012611
0.026167
0.064404
0.121234
0.203931
0.055705
0.029072
0.061411
0.015141
0.186617
0.054046
0.057804
0.020242
0.096388
0.028685
0.060893
0.018657
0.029589
0.035071
0.005699
0.037929
0.093539
0.118025
0.029406
0.152627
0.338061
0.033067
0.057288
0.028441
0.092448
0.153221
0.058261
0.144487
0.130989
0.022311
0.033375
0.010544
0.017423
0.028556
0.070032
0.051769
0.113675
0.027029
0.029838
0.051526
0.070071
0.1392
0.016798
0.111103
0.168292
0.123533
0.122374
0.080598
0.112703
0.009639
0.00809
0.050229
0.178162
0.025362
0.01982
0.053434
0.157136
0.034885
0.022114
0.03585
0.00413
0.02607
0.058266
0.069443
0.030884
0.024195
0.023165
0.066526
0.055364
0.132979
0.171448
0.096406
0.05117
0.037891
0.018456
0.044613
0.122996
0.014761
0.109348
0.131289
0.009185
0.074795
0.037762
0.041623
0.017748
0.168076
0.06436
0.034226
0.178046
0.123848
0.011108
0.045045
0.116527
0.143489
0.049337
0.031624
0.125206
0.043192
0.018865
0.062113
0.016001
0.006156
0.090703
0.018308
0.100615
0.119918
0.082783
0.017597
0.025515
0.102593
0.045835
0.153332
0.1141
0.023706
0.065407
0.149591
0.066451
0.054039
0.047415
0.32076
0.075323
0.020482
0.005179
0.036814
0.01593
0.020718
0.03138
0.023416
0.072546
0.032883
0.069583
0.160372
0.113988
0.01988
0.063188
0.065673
0.10604
0.016865
0.01567
0.024609
0.189663
0.048334
0.002203
0.04429
0.043298
0.052234
0.024784
0.219541
0.019621
0.075308
0.043715
0.155305
0.018022
0.075309
0.238401
0.120078
0.083549
0.009749
0.080958
0.098689
0.032236
0.066737
0.378074
0.063669
0.038868
0.3836
0.116787
0.152411
0.13469
0.05248
0.01851
0.093261
0.084244
0.095891
0.01518
0.016741
0.089191
0.104978
0.056723
0.031271
0.236708
0.058488
0.171204
0.101972
0.096145
0.04648
0.107928
0.051447
0.084267
0.013608
0.053024
0.128741
0.109377
0.016149
0.04432
0.027825
0.086158
0.017941
0.050303
0.060554
0.06704
0.017512
0.008709
0.011198
0.051265
0.074347
0.038223
0.048323
0.317399
0.058624
0.030923
0.017606
0.010881
0.033867
0.021749
0.141186
0.052063
0.040753
0.029214
0.010277
0.033255
0.094995
0.018547
0.028663
0.034445
0.043817
0.055849
0.071844
0.018991
0.141804
0.023572
0.035384
0.029444
0.09938
0.050055
0.041811
0.167722
0.217072
0.101421
0.087041
0.035326
0.013288
0.104475
0.094763
0.040669
0.038575
0.088597
0.036116
0.043157
0.039928
0.24122
0.048725
0.099518
0.027846
0.018634
0.062354
0.007402
0.049896
0.060846
0.043036
0.029074
0.226298
0.02855
0.007288
0.160374
0.015433
0.025219
0.076438
0.152814
0.129009
0.034358
0.045379
0.109869
0.009545
0.054482
0.019511
0.052813
0.062269
0.016068
0.038083
0.038846
0.103164
0.058205
0.028059
0.040471
0.02308
0.126955
0.065843
0.099022
0.06379
0.063421
0.021109
0.046308
0.05964
0.04507
0.017343
0.060602
0.013151
0.132466
0.010046
0.081164
0.098143
0.026993
0.073347
0.022523
0.053999
0.225604
0.048007
0.030957
0.072183
0.031633
0.154722
0.126802
0.011094
0.051356
0.052853
0.043728
0.168059
0.046897
0.024647
0.086347
0.026049
0.213827
0.04417
0.052904
0.118106
0.052287
0.015474
0.043026
0.028014
0.045064
0.020542
0.054562
0.012568
0.100737
0.062437
0.030557
0.100215
0.041693
0.033148
0.02541
0.040452
0.154347
0.071394
0.116466
0.024579
0.532666
0.023845
0.088662
0.044321
0.061749
0.292869
0.058663
0.065001
0.079997
0.057046
0.106322
0.022333
0.003102
0.138556
0.026446
0.021524
0.012811
0.025755
0.06699
0.014591
0.056389
0.019664
0.132107
0.05076
0.021761
0.02762
0.0912
0.058971
0.022332
0.095603
0.051165
0.0203
0.112017
0.100942
0.080005
0.015607
0.034898
0.024733
0.059887
0.115179
0.145943
0.02397
0.093677
0.058013
0.005759
0.030668
0.065658
0.033986
0.065698
0.126702
0.014399
0.170681
0.057398
0.053883
0.019617
0.032444
0.246379
0.020379
0.039334
0.011058
0.031772
0.047588
0.069275
0.063169
0.083503
0.154888
0.031273
0.112138
0.135642
0.054637
0.090138
0.037682
0.023037
0.071991
0.112643
0.080258
0.039223
0.02445
0.065852
0.138121
0.087286
0.022799
0.061358
0.066379
0.023488
0.078334
0.068112
0.239584
0.022136
0.019087
0.220936
0.121866
0.02891
0.021154
0.044679
0.047434
0.071982
0.054
0.111321
0.012237
0.115949
0.187194
0.061511
0.046251
0.025013
0.061444
0.020063
0.04657
0.108073
0.052869
0.097908
0.329547
0.105147
0.010592
0.038937
0.049717
0.081159
0.04251
0.016366
0.398129
0.042273
0.024397
0.082663
0.044785
0.037638
0.051123
0.046003
0.02919
0.051278
0.150661
0.146043
0.07655
0.023468
0.058491
0.054364
0.025143
0.086887
0.019004
0.109449
0.025827
0.025715
0.087636
0.019178
0.06105
0.033032
0.018955
0.032979
0.13133
0.045261
0.079582
0.092064
0.124563
0.064084
0.065192
0.15958
0.078575
0.01319
0.081185
0.037804
0.049898
0.338194
0.246581
0.045073
0.020793
0.008549
0.017998
0.047471
0.111159
0.111685
0.15969
0.052867
0.199382
0.024071
0.03478
0.191494
0.02143
0.066094
0.040507
0.129724
0.114723
0.038568
0.10004
0.031933
0.012798
0.028372
0.211671
0.068883
0.098202
0.034341
0.250946
0.074424
0.06945
0.01954
0.089031
0.008682
0.037436
0.037508
0.308907
0.048911
0.029187
0.027544
0.015308
0.027402
0.043886
0.052246
0.03393
0.045888
0.007173
0.118448
0.022311
0.052831
0.07399
0.188827
0.07407
0.024117
0.173233
0.095721
0.022586
0.021142
0.040586
0.017232
0.040933
0.094596
0.047184
0.044681
0.059514
0.219713
0.128818
0.083515
0.014526
0.01668
0.037553
0.069196
0.032149
0.027774
0.043048
0.007238
0.038089
0.080093
0.063242
0.04875
0.096196
0.066166
0.096467
0.015143
0.049237
0.013158
0.035234
0.05745
0.083491
0.055636
0.009657
0.037989
0.045763
0.04594
0.049532
0.097928
0.14346
0.033598
0.042826
0.023633
0.035071
0.085371
0.006524
0.019995
0.074575
0.115224
0.036658
0.055113
0.107384
0.048677
0.148885
0.039596
0.026586
0.054095
0.028521
0.042777
0.008637
0.089661
0.234667
0.085483
0.058699
0.059225
0.128144
0.039781
0.052782
0.026741
0.278728
0.031591
0.092713
0.069399
0.042634
0.017072
0.255634
0.095706
0.040279
0.121952
0.039222
0.055606
0.033517
0.04275
0.026837
0.206971
0.036552
0.06751
0.039286
0.04627
0.012207
0.048283
0.108014
0.071373
0.143943
0.04093
0.014203
0.0063
0.094582
0.008492
0.095213
0.061111
0.017239
0.0351
0.077104
0.123482
0.082555
0.046473
0.054034
0.125807
0.015994
0.082496
0.050133
0.030722
0.301218
0.058704
0.0503
0.111318
0.044156
0.022823
0.033467
0.052634
0.046103
0.099477
0.013339
0.033547
0.064922
0.006847
0.039869
0.068319
0.152679
0.123028
0.067004
0.120643
0.115018
0.03857
0.07697
0.030814
0.064716
0.030801
0.013798
0.092572
0.070681
0.013859
0.087245
0.038982
0.06371
0.081136
0.065215
0.025285
0.080292
0.053182
0.021061
0.084484
0.194455
0.018126
0.005783
0.041615
0.0438
0.072394
0.025252
0.091352
0.015383
0.017122
0.023897
0.144313
0.014993
0.05046
0.033351
0.521695
0.052442
0.022145
0.059763
0.009434
0.044206
0.036845
0.08513
0.00674
0.068293
0.060232
0.380377
0.031926
0.180663
0.022654
0.032424
0.071964
0.02318
0.012044
0.127717
0.048126
0.080815
0.031154
0.017981
0.027929
0.023783
0.269212
0.031431
0.02763
0.049423
0.103092
0.023451
0.112468
0.0929
0.153172
0.049038
0.077228
0.072822
0.05825
0.080826
0.03264
0.060318
0.049499
0.051254
0.040492
0.072203
0.04845
0.163319
0.202716
0.02664
0.015922
0.050645
0.154089
0.033628
0.039591
0.04078
0.192032
0.102993
0.013277
0.005624
0.074808
0.032642
0.117599
0.036211
0.04953
0.041281
0.130948
0.05222
0.030132
0.02679
0.024422
0.018483
0.010061
0.049927
0.023402
0.033136
0.100115
0.004071
0.051366
0.064942
0.131261
0.014676
0.069216
0.121188
0.270704
0.003899
0.097213
0.063623
0.129201
0.07032
0.036092
0.05926
0.027749
0.050432
0.026552
0.046263
0.03561
0.032832
0.029001
0.054718
0.058806
0.040069
0.025984
0.044962
0.027771
0.04899
0.104533
0.095279
0.09713
0.051588
0.081811
0.03322
0.116953
0.121863
0.05153
0.055334
0.118258
0.105395
0.056953
0.06124
0.048192
0.030439
0.008267
0.106569
0.014133
0.043588
0.057252
0.049921
0.012115
0.056418
0.022363
0.064275
0.031
0.020737
0.141231
0.038574
0.074663
0.016365
0.04729
0.095038
0.039174
0.070845
0.072955
0.028162
0.131893
0.022001
0.04493
0.128483
0.069403
0.099449
0.06458
0.052775
0.028232
0.012469
0.052238
0.142533
0.08144
0.029674
0.02643
0.018353
0.039233
0.050653
0.029997
0.004364
0.063685
0.037082
0.025273
0.034676
0.048539
0.193462
0.088329
0.067113
0.050276
0.018692
0.02524
0.08006
0.11864
0.031376
0.094001
0.050785
0.041904
0.009991
0.041737
0.049602
0.027678
0.297785
0.143221
0.091824
0.090145
0.031479
0.022125
0.046106
0.072352
0.080614
0.028798
0.111546
0.021811
0.052053
0.050571
0.050468
0.054215
0.023962
0.041091
0.250648
0.057157
0.150005
0.102129
0.061338
0.064311
0.13407
0.059904
0.062575
0.047944
0.051612
0.060098
0.03155
0.031294
0.042071
0.044624
0.027597
0.049995
0.062336
0.077171
0.002666
0.119987
0.038706
0.107656
0.048754
0.068766
0.017884
0.032371
0.145169
0.212763
0.079581
0.06112
0.082402
0.060828
0.069954
0.172768
0.029226
0.029801
0.044022
0.008349
0.075964
0.083257
0.098172
0.079197
0.092972
0.020477
0.04746
0.137974
0.024121
0.045188
0.186928
0.036939
0.042938
0.074197
0.030089
0.070929
0.025266
0.037549
0.080141
0.045797
0.049259
0.048018
0.031603
0.072167
0.029448
0.021926
0.063549
0.067349
0.070424
0.043349
0.033507
0.074852
0.031541
0.099958
0.110547
0.026117
0.081688
0.093498
0.034995
0.100858
0.098993
0.054723
0.107224
0.122962
0.056478
0.084791
0.035427
0.064816
0.08666
0.016454
0.158478
0.056687
0.079091
0.004284
0.075897
0.058791
0.020183
0.038469
0.024563
0.068935
0.033069
0.026829
0.057334
0.020534
0.040557
0.110157
0.005259
0.062276
0.166422
0.048948
0.049847
0.076344
0.07925
0.076556
0.097007
0.254216
0.046969
0.041394
0.118415
0.085589
0.118542
0.060102
0.04075
0.085726
0.036623
0.051453
0.029488
0.093985
0.082281
0.253978
0.022388
0.022964
0.044524
0.064277
0.026134
0.073766
0.088825
0.051203
0.058951
0.052284
0.117549
0.056917
0.046586
0.035236
0.034182
0.12403
0.021098
0.099712
0.059964
0.048397
0.127718
0.029549
0.025579
0.099554
0.145299
0.160423
0.061612
0.062937
0.031121
0.030757
0.11077
0.040467
0.106032
0.155964
0.057668
0.084471
0.122543
0.041343
0.042729
0.031102
0.04249
0.033636
0.017789
0.01375
0.081512
0.049623
0.072174
0.019976
0.108203
0.075945
0.014143
0.030364
0.017925
0.099553
0.041975
0.080871
0.079544
0.108089
0.029846
0.048799
0.040472
0.042914
0.089351
0.043122
0.085197
0.064474
0.078733
0.043696
0.016633
0.030722
0.037395
0.135626
0.134921
0.038543
0.13537
0.023196
0.084478
0.039554
0.073134
0.034465
0.13566
0.053412
0.014375
0.082379
0.040122
0.245433
0.030604
0.015415
0.052117
0.038926
0.058436
0.034488
0.010537
0.075247
0.044574
0.067656
0.043612
0.011294
0.042884
0.107068
0.126483
0.079399
0.128401
0.046893
0.080366
0.032012
0.032886
0.10296
0.047589
0.105811
0.03149
0.096582
0.008409
0.112331
0.0401
0.101296
0.034358
0.055052
0.099572
0.021863
0.072656
0.046169
0.027599
0.105808
0.089665
0.030396
0.031103
0.022021
0.095789
0.029947
0.071647
0.045651
0.245259
0.177982
0.056272
0.044099
0.025081
0.037203
0.420538
0.042689
0.043493
0.015512
0.0304
0.112953
0.033466
0.085166
0.027056
0.084626
0.049039
0.043752
0.039524
0.109198
0.023704
0.035169
0.128913
0.107815
0.034243
0.040535
0.024607
0.039535
0.023565
0.052617
0.026819
0.054726
0.051654
0.048054
0.052581
0.063373
0.150225
0.03316
0.049524
0.030102
0.044889
0.053724
0.094255
0.136448
0.069236
0.059539
0.049251
0.094304
0.017587
0.027495
0.077833
0.128262
0.046519
0.026065
0.082978
0.03893
0.02428
0.054317
0.0644
0.010125
0.037747
0.346843
0.021688
0.034888
0.054169
0.013
0.067963
0.05698
0.041185
0.060534
0.163982
0.04947
0.023818
0.073222
0.052344
0.149244
0.062804
0.085953
0.065283
0.031292
0.076055
0.15409
0.051013
0.043
0.059957
0.060911
0.047326
0.082721
0.022211
0.049934
0.031625
0.018308
0.028976
0.01051
0.0765
0.033237
0.045145
0.081548
0.091202
0.035558
0.066966
0.04629
0.061541
0.031762
0.049208
0.045112
0.104421
0.066377
0.046145
0.104714
0.125236
0.137943
0.342003
0.025225
0.021955
0.081176
0.059583
0.204683
0.021755
0.033898
0.104081
0.021428
0.041283
0.030065
0.039186
0.022182
0.049781
0.06304
0.143171
0.111743
0.009242
0.042117
0.11
0.064603
0.042376
0.078474
0.104376
0.049121
0.093644
0.182953
0.075958
0.121644
0.104844
0.06112
0.051085
0.128725
0.006286
0.032423
0.040284
0.099791
0.042209
0.044866
0.032082
0.045257
0.03548
0.381713
0.162911
0.225235
0.154796
0.243689
0.021808
0.048825
0.027766
0.041097
0.085244
0.09628
0.037941
0.048477
0.016243
0.045795
0.105172
0.03671
0.043516
0.03702
0.045092
0.046842
0.042039
0.13319
0.043002
0.084892
0.071619
0.226349
0.217767
0.00963
0.161234
0.031861
0.021822
0.070668
0.072499
0.026231
0.064895
0.10523
0.101591
0.057984
0.005732
0.065107
0.025642
0.04272
0.01952
0.064571
0.047651
0.035428
0.369679
0.05766
0.117462
0.04175
0.065715
0.143663
0.032698
0.012081
0.036284
0.039916
0.018883
0.039151
0.077067
0.128964
0.035215
0.053368
0.043544
0.032667
0.046729
0.063728
0.17882
0.030952
0.013151
0.067892
0.096111
0.02631
0.009043
0.036806
0.046665
0.02141
0.041055
0.133376
0.007985
0.017972
0.043529
0.044334
0.067994
0.051749
0.104243
0.058966
0.053834
0.029531
0.064921
0.043581
0.065177
0.006634
0.149813
0.065872
0.033465
0.062569
0.067983
0.01924
0.117033
0.017986
0.027336
0.024299
0.084558
0.137453
0.06018
0.070923
0.079672
0.052165
0.062669
0.037508
0.126404
0.030441
0.038649
0.09936
0.044135
0.082043
0.121253
0.056248
0.045875
0.034705
0.117464
0.040232
0.118605
0.066328
0.036642
0.040952
0.09356
0.044385
0.108718
0.037082
0.037971
0.026681
0.063982
0.027731
0.081431
0.054268
0.062136
0.068656
0.023806
0.06952
0.138141
0.077744
0.042818
0.150769
0.04341
0.095807
0.067478
0.024858
0.048913
0.204761
0.038016
0.107138
0.044729
0.192222
0.063379
0.04911
0.04838
0.066961
0.232447
0.041792
0.10008
0.046945
0.092064
0.075666
0.080021
0.160851
0.037707
0.113314
0.09225
0.090111
0.062189
0.054956
0.029212
0.05605
0.031249
0.038026
0.068407
0.060405
0.01252
0.018836
0.098826
0.027832
0.026312
0.07442
0.113264
0.062207
0.114137
0.036112
0.062536
0.016438
0.119272
0.046605
0.029471
0.046419
0.019567
0.141583
0.038923
0.078081
0.050995
0.035212
0.022873
0.113335
0.165084
0.121561
0.105887
0.044077
0.038418
0.05203
0.061166
0.030269
0.096778
0.045909
0.039276
0.039516
0.022902
0.053293
0.042231
0.051846
0.111381
0.084457
0.076444
0.056071
0.17966
0.045679
0.111149
0.004459
0.056653
0.012019
0.052806
0.01144
0.060319
0.373004
0.05882
0.096501
0.11318
0.163903
0.213741
0.154668
0.047441
0.073671
0.037353
0.040176
0.053197
0.031254
0.033228
0.032882
0.06407
0.053753
0.019577
0.087825
0.08364
0.059561
0.01889
0.006432
0.038691
0.078542
0.030431
0.032474
0.054027
0.076826
0.071493
0.028895
0.090275
0.068024
0.114579
0.037369
0.207803
0.094998
0.027589
0.042315
0.027306
0.063858
0.054273
0.074493
0.133112
0.049394
0.071274
0.019669
0.028417
0.039353
0.075591
0.004712
0.046033
0.163458
0.033964
0.068657
0.029185
0.073707
0.071746
0.088831
0.053134
0.036498
0.029447
0.049968
0.089341
0.030739
0.085492
0.027209
0.09315
0.051101
0.047346
0.1025
0.075867
0.028561
0.118362
0.051782
0.048806
0.113845
0.042468
0.05994
0.119972
0.057367
0.046724
0.022125
0.033132
0.048673
0.123726
0.025298
0.029852
0.051769
0.039788
0.029981
0.019483
0.052034
0.053843
0.049287
0.009726
0.063553
0.048547
0.048224
0.063124
0.044146
0.038195
0.050655
0.090444
0.049471
0.078982
0.02148
0.060212
0.0247
0.088546
0.08935
0.0325
0.026881
0.034793
0.126086
0.05231
0.040438
0.066648
0.099229
0.057065
0.058824
0.064854
0.058633
0.050949
0.035245
0.042287
0.085295
0.035332
0.069046
0.046508
0.088663
0.170072
0.038591
0.087758
0.1049
0.020192
0.077466
0.220627
0.041105
0.04854
0.058977
0.024912
0.040815
0.017589
0.046112
0.225
0.058385
0.074145
0.066924
0.101107
0.044256
0.037056
0.050313
0.015384
0.009924
0.081407
0.098798
0.084056
0.167155
0.024563
0.020716
0.043448
0.044181
0.077711
0.06046
0.032417
0.030165
0.070107
0.12526
0.038554
0.061403
0.117701
0.073124
0.056591
0.029875
0.015244
0.062161
0.080382
0.015651
0.042344
0.046404
0.039524
0.043278
0.124463
0.022333
0.061004
0.108809
0.033505
0.127837
0.066527
0.046154
0.058014
0.031199
0.082546
0.059778
0.042948
0.053322
0.018143
0.035137
0.077456
0.119427
0.032453
0.0436
0.111209
0.062296
0.027381
0.029862
0.052324
0.015284
0.010971
0.064967
0.068541
0.102742
0.030587
0.117964
0.075197
0.056744
0.026204
0.08594
0.089525
0.014833
0.089156
0.009656
0.02248
0.021271
0.070399
0.101627
0.01801
0.028241
0.02791
0.061946
0.059011
0.024806
0.045563
0.06034
0.013925
0.038324
0.155174
0.045281
0.019364
0.011969
0.066766
0.004009
0.150461
0.075023
0.023105
0.02527
0.022116
0.08449
0.043581
0.109745
0.116856
0.044132
0.051201
0.031034
0.068511
0.041551
0.044528
0.065408
0.041147
0.120721
0.031997
0.041037
0.00726
0.029234
0.064435
0.029974
0.099811
0.07805
0.084347
0.045195
0.084955
0.022668
0.047316
0.046444
0.031113
0.012359
0.068347
0.031961
0.042417
0.038363
0.019785
0.075956
0.060537
0.116865
0.225354
0.060551
0.067047
0.054475
0.041287
0.032244
0.057506
0.017195
0.044005
0.062006
0.049579
0.073211
0.049357
0.063435
0.142644
0.058312
0.041226
0.078132
0.039691
0.06915
0.009671
0.187884
0.038415
0.134172
0.024241
0.065198
0.234906
0.059457
0.033589
0.089486
0.082075
0.022993
0.062645
0.043072
0.063681
0.068631
0.138748
0.04188
0.033904
0.055307
0.084924
0.078764
0.067257
0.077183
0.113218
0.046166
0.039964
0.06605
0.069539
0.098597
0.107492
0.036193
0.036651
0.044642
0.024306
0.075229
0.023923
0.010718
0.082084
0.067434
0.079922
0.063936
0.067128
0.07708
0.102419
0.022924
0.045615
0.063302
0.046411
0.016897
0.036119
0.046682
0.076373
0.073378
0.024073
0.079152
0.023497
0.047401
0.07663
0.06832
0.051549
0.084243
0.098586
0.068158
0.02597
0.102398
0.106311
0.041555
0.061528
0.099686
0.063242
0.053927
0.020823
0.041529
0.022136
0.20386
0.091356
0.024007
0.118338
0.084958
0.040237
0.051538
0.054751
0.015085
0.04883
0.086946
0.077376
0.039326
0.048068
0.071536
0.044809
0.023415
0.057095
0.287692
0.305882
0.044035
0.072742
0.032407
0.041359
0.021334
0.059379
0.079091
0.030543
0.059762
0.043666
0.073271
0.046763
0.059623
0.008075
0.196345
0.011854
0.065065
0.142678
0.068049
0.122275
0.080583
0.02271
0.060209
0.05552
0.039799
0.103836
0.087332
0.034197
0.04769
0.032712
0.079264
0.105746
0.023559
0.027459
0.030209
0.057685
0.105624
0.055339
0.05977
0.124986
0.053238
0.076101
0.203861
0.024932
0.043066
0.027739
0.06404
0.136561
0.066093
0.050303
0.080079
0.070322
0.071053
0.034484
0.049159
0.13457
0.096177
0.248718
0.00633
0.046431
0.05473
0.053904
0.08726
0.039702
0.09127
0.068297
0.0847
0.081884
0.058136
0.11397
0.087985
0.056596
0.043215
0.011543
0.074903
0.044101
0.163023
0.02798
0.07321
0.164133
0.026443
0.085029
0.029192
0.090947
0.034047
0.035101
0.069781
0.066487
0.0351
0.03808
0.01428
0.024449
0.101467
0.021097
0.045379
0.040817
0.086192
0.013751
0.05449
0.03203
0.055806
0.078082
0.112784
0.041308
0.029222
0.015442
0.077582
0.03234
0.020064
0.076619
0.06311
0.038046
0.082283
0.02577
0.054885
0.075287
0.027655
0.042226
0.076278
0.077728
0.025267
0.107017
0.030388
0.084449
0.106997
0.020317
0.030887
0.03155
0.04494
0.015577
0.048023
0.028771
0.062039
0.161989
0.103269
0.035095
0.089683
0.096067
0.039188
0.029882
0.111816
0.073838
0.092679
0.045764
0.019402
0.081913
0.071297
0.093114
0.080837
0.066132
0.066729
0.03463
0.019406
0.052945
0.01395
0.044109
0.039117
0.127942
0.046495
0.021605
0.093304
0.038256
0.036631
0.048134
0.049295
0.05219
0.089838
0.087234
0.12449
0.051471
0.084028
0.047786
0.039582
0.065213
0.026998
0.082482
0.050906
0.183657
0.180525
0.077392
0.028444
0.057894
0.045766
0.053121
0.029132
0.058003
0.042772
0.047233
0.018396
0.046156
0.023132
0.061824
0.038062
0.084751
0.035706
0.022335
0.122203
0.038684
0.029194
0.079754
0.058066
0.084002
0.0406
0.114516
0.030558
0.13157
0.061016
0.002468
0.052237
0.049853
0.051292
0.018119
0.121173
0.088946
0.090597
0.024564
0.040955
0.028555
0.078593
0.029178
0.076276
0.055275
0.021375
0.054306
0.052346
0.035826
0.108715
0.122326
0.049111
0.051998
0.029304
0.021062
0.035312
0.029733
0.058674
0.068556
0.042663
0.057709
0.055454
0.038273
0.166565
0.093679
0.047526
0.027808
0.028639
0.078656
0.130517
0.036363
0.058884
0.189598
0.02885
0.077478
0.085109
0.132468
0.083748
0.032136
0.010912
0.029753
0.015827
0.03709
0.029794
0.068613
0.037615
0.04678
0.008717
0.071765
0.067069
0.038756
0.097685
0.023615
0.060055
0.050862
0.045249
0.048022
0.098825
0.084853
0.028681
0.187802
0.072811
0.079423
0.066423
0.122773
0.13407
0.060856
0.180482
0.253814
0.052066
0.044066
0.087827
0.011199
0.23688
0.07714
0.050537
0.028881
0.158251
0.03722
0.02452
0.10286
0.110215
0.073204
0.014774
0.02812
0.045202
0.021174
0.047122
0.073106
0.102772
0.071307
0.091104
0.030006
0.059576
0.100669
0.054499
0.074689
0.069439
0.060982
0.029597
0.052639
0.038676
0.06002
0.068924
0.043776
0.016447
0.082375
0.01855
0.071316
0.014967
0.022591
0.045049
0.090706
0.050384
0.03309
0.057818
0.112893
0.021932
0.018912
0.023991
0.085674
0.230937
0.11991
0.054609
0.045105
0.061043
0.160584
0.036811
0.029131
0.082365
0.146876
0.037946
0.101296
0.040246
0.087727
0.141821
0.067283
0.031587
0.05822
0.033668
0.071787
0.061291
0.107673
0.165003
0.039081
0.033859
0.04234
0.037325
0.071
0.066661
0.046106
0.065564
0.038413
0.049943
0.038063
0.107295
0.051105
0.172285
0.019446
0.086786
0.044357
0.040811
0.031616
0.106789
0.087231
0.090697
0.066712
0.037448
0.042189
0.086342
0.045305
0.087638
0.046826
0.068367
0.054434
0.02421
0.028587
0.076294
0.093981
0.056263
0.08694
0.10376
0.042649
0.045971
0.034411
0.065371
0.029453
0.03169
0.067639
0.115101
0.031725
0.131121
0.039439
0.200133
0.056266
0.04929
0.069961
0.047066
0.073147
0.031879
0.056539
0.048732
0.039058
0.083116
0.057113
0.039435
0.070077
0.034904
0.119873
0.077554
0.08449
0.183067
0.14543
0.054432
0.058582
0.193746
0.112914
0.037863
0.056877
0.039697
0.052861
0.011906
0.004518
0.047936
0.027753
0.128329
0.052133
0.083199
0.044424
0.102314
0.041331
0.072983
0.036631
0.074495
0.059688
0.039701
0.012826
0.04707
0.0219
0.073186
0.054239
0.023251
0.044895
0.159599
0.057757
0.033778
0.075257
0.049432
0.102546
0.056162
0.013469
0.062336
0.06373
0.103643
0.00751
0.047951
0.06011
0.032519
0.026154
0.057128
0.023429
0.07153
0.016035
0.035896
0.035031
0.036736
0.105093
0.032801
0.021895
0.047495
0.10985
0.056274
0.054555
0.057824
0.150305
0.028697
0.031115
0.02136
0.046037
0.159433
0.0858
0.06723
0.103247
0.017555
0.109173
0.065821
0.057067
0.017559
0.102397
0.084016
0.088247
0.045527
0.070209
0.1084
0.037214
0.054249
0.042049
0.052692
0.101359
0.079686
0.05687
0.075495
0.059871
0.125051
0.091411
0.040901
0.082558
0.072435
0.128075
0.020524
0.073939
0.137416
0.096918
0.097529
0.066414
0.044817
0.091908
0.036241
0.038725
0.03854
0.063707
0.036534
0.059606
0.060886
0.021194
0.032617
0.07898
0.093114
0.056212
0.031788
0.030739
0.030935
0.077549
0.079495
0.087843
0.084241
0.086832
0.036116
0.013166
0.061488
0.065612
0.084969
0.055273
0.02025
0.099223
0.072214
0.050447
0.091525
0.022714
0.081207
0.049768
0.050241
0.077016
0.059401
0.120446
0.080995
0.084316
0.139135
0.02556
0.031124
0.059355
0.069164
0.06857
0.031145
0.060187
0.054837
0.05297
0.043282
0.093948
0.063261
0.080883
0.106928
0.034629
0.056087
0.023573
0.049569
0.023452
0.023185
0.051709
0.066151
0.046041
0.032969
0.058122
0.088134
0.043186
0.06176
0.086131
0.031849
0.078911
0.033384
0.039933
0.210722
0.120093
0.100234
0.07633
0.043866
0.028441
0.069556
0.015604
0.085565
0.053836
0.044188
0.068112
0.048862
0.080835
0.075022
0.076372
0.081942
0.046952
0.104379
0.070803
0.104097
0.04553
0.046392
0.02667
0.060406
0.136366
0.103994
0.086595
0.053052
0.032887
0.033232
0.024646
0.079296
0.095616
0.067925
0.101008
0.043184
0.074733
0.047267
0.008892
0.116202
0.03204
0.049199
0.035585
0.089537
0.037729
0.132236
0.020779
0.071649
0.074001
0.04431
0.076708
0.043602
0.059621
0.047627
0.04436
0.12548
0.061296
0.102224
0.095108
0.040158
0.074327
0.043259
0.074974
0.064427
0.002723
0.083393
0.064705
0.033612
0.059335
0.071623
0.05151
0.053862
0.036309
0.114317
0.045732
0.025642
0.048641
0.064255
0.012206
0.083417
0.090694
0.053994
0.042638
0.066441
0.023827
0.018245
0.071582
0.053313
0.065738
0.071835
0.081004
0.029161
0.059326
0.016626
0.095611
0.057651
0.024733
0.030305
0.224102
0.062924
0.04565
0.048638
0.043049
0.077846
0.135102
0.055354
0.045089
0.046498
0.036125
0.033919
0.034346
0.09903
0.043542
0.053153
0.079618
0.008864
0.054487
0.048271
0.012186
0.053561
0.031896
0.043621
0.058151
0.06091
0.067501
0.099626
0.022351
0.017537
0.017172
0.040618
0.070007
0.046263
0.064238
0.03572
0.055031
0.067262
0.011905
0.033716
0.098176
0.025133
0.074882
0.028706
0.063677
0.051126
0.043789
0.069927
0.145998
0.030558
0.135078
0.064294
0.017795
0.033178
0.122823
0.062508
0.085895
0.141044
0.031435
0.017717
0.023713
0.112659
0.057357
0.073266
0.050495
0.069606
0.027775
0.018956
0.047766
0.039888
0.034988
0.05242
0.141396
0.050641
0.057731
0.032749
0.077106
0.093627
0.063383
0.035772
0.075896
0.051065
0.033676
0.054994
0.07656
0.086487
0.052033
0.112304
0.118054
0.046516
0.058962
0.111854
0.044085
0.0563
0.043754
0.023673
0.046184
0.019288
0.035127
0.026689
0.070048
0.096004
0.023581
0.098387
0.054367
0.152674
0.05473
0.100558
0.062284
0.090446
0.062898
0.039857
0.045799
0.029777
0.055678
0.034233
0.122863
0.050126
0.101785
0.030063
0.065989
0.088418
0.034889
0.044101
0.016869
0.074706
0.080265
0.079487
0.060914
0.119839
0.052304
0.048601
0.01919
0.054249
0.054097
0.104789
0.166679
0.031673
0.039877
0.11152
0.031228
0.097331
0.04183
0.037879
0.042514
0.081285
0.033495
0.04702
0.035649
0.046504
0.072891
0.026584
0.065732
0.082876
0.037769
0.056102
0.016448
0.059616
0.067286
0.060088
0.073862
0.14825
0.130886
0.095709
0.097305
0.06278
0.035556
0.026533
0.060806
0.077546
0.04952
0.037673
0.057059
0.064105
0.047874
0.069957
0.052182
0.039375
0.046015
0.038312
0.100918
0.071992
0.044058
0.028587
0.058555
0.044498
0.070392
0.029588
0.030854
0.045195
0.019786
0.067818
0.072288
0.032344
0.017417
0.04895
0.0287
0.003345
0.006146
0.045557
0.035928
0.077731
0.099242
0.213315
0.087364
0.03174
0.044141
0.03116
0.070569
0.023039
0.053471
0.038609
0.059609
0.092006
0.027828
0.030524
0.025488
0.105543
0.038616
0.108098
0.047243
0.043348
0.059513
0.037373
0.028844
0.07146
0.059955
0.054471
0.067077
0.117295
0.070914
0.047827
0.068833
0.024271
0.053214
0.074099
0.210547
0.128085
0.089051
0.103377
0.008306
0.073745
0.023412
0.040489
0.057909
0.068408
0.064272
0.105898
0.056276
0.075979
0.031186
0.066987
0.038892
0.049865
0.034249
0.010427
0.063169
0.162702
0.023922
0.035116
0.082075
0.06071
0.067984
0.143639
0.028777
0.09491
0.051811
0.079154
0.144255
0.024109
0.040632
0.102979
0.062598
0.027059
0.048571
0.046514
0.178435
0.035993
0.114988
0.031444
0.029678
0.067286
0.099434
0.038248
0.048421
0.022136
0.07011
0.054861
0.083966
0.032041
0.067172
0.068213
0.034499
0.094836
0.046869
0.024208
0.018005
0.024095
0.01891
0.071763
0.063245
0.027613
0.031081
0.078539
0.049404
0.080035
0.035805
0.044844
0.094583
0.023715
0.045611
0.039946
0.062458
0.079722
0.051449
0.056763
0.021564
0.078791
0.090988
0.066314
0.03798
0.152286
0.070241
0.078853
0.077563
0.159584
0.061574
0.066442
0.137083
0.083974
0.131614
0.084573
0.066313
0.082477
0.061857
0.06864
0.082214
0.127985
0.027183
0.05838
0.051921
0.095331
0.009162
0.035598
0.04826
0.066075
0.048086
0.034976
0.068183
0.115623
0.037996
0.063673
0.069249
0.036705
0.047253
0.093855
0.05824
0.063871
0.049838
0.029371
0.06804
0.077645
0.114364
0.03325
0.049886
0.035669
0.077196
0.03491
0.075324
0.068902
0.077288
0.05442
0.075181
0.060248
0.032533
0.01506
0.010531
0.089789
0.046911
0.123061
0.054118
0.102833
0.070605
0.086635
0.049703
0.050018
0.064234
0.051271
0.040442
0.044331
0.041218
0.059061
0.062589
0.062721
0.173905
0.031151
0.079539
0.028948
0.07328
0.065908
0.022597
0.030974
0.022981
0.076869
0.068289
0.058152
0.056124
0.071939
0.046513
0.130463
0.115662
0.058566
0.143428
0.044912
0.066201
0.036098
0.06061
0.045218
0.015447
0.013812
0.0328
0.080321
0.055547
0.035789
0.073374
0.03666
0.095124
0.042928
0.0586
0.087527
0.065044
0.037159
0.121316
0.056787
0.027207
0.059983
0.04623
0.045561
0.028341
0.039978
0.03738
0.045339
0.041656
0.057739
0.074501
0.090721
0.039202
0.053477
0.065651
0.063319
0.071912
0.03387
0.049691
0.043927
0.176906
0.051191
0.028343
0.04455
0.047805
0.097057
0.03512
0.090626
0.042215
0.06274
0.018716
0.041204
0.097093
0.023108
0.066122
0.057323
0.043974
0.075326
0.059787
0.053619
0.083226
0.043277
0.064612
0.074789
0.061364
0.067582
0.018489
0.085144
0.060912
0.047243
0.137039
0.062632
0.036158
0.03021
0.033025
0.025727
0.070674
0.086763
0.073317
0.018219
0.097325
0.080364
0.079106
0.08191
0.077057
0.092698
0.082835
0.047481
0.040131
0.137524
0.025376
0.078848
0.037359
0.060704
0.078413
0.052506
0.034211
0.034096
0.078582
0.06681
0.078611
0.060683
0.093446
0.051242
0.069549
0.072976
0.087503
0.061136
0.068556
0.027637
0.176405
0.023815
0.034957
0.044664
0.146007
0.062938
0.078425
0.059032
0.077103
0.02606
0.037284
0.122707
0.040709
0.14195
0.077704
0.064773
0.035915
0.035898
0.025034
0.071734
0.16072
0.074566
0.086418
0.144664
0.071055
0.069043
0.025008
0.080026
0.158001
0.02818
0.007522
0.026399
0.04724
0.060243
0.051841
0.048866
0.08761
0.100488
0.038532
0.070599
0.031119
0.062139
0.023714
0.068206
0.074902
0.048233
0.101002
0.045317
0.111564
0.110154
0.077878
0.022409
0.020693
0.072869
0.0982
0.043181
0.061607
0.025528
0.140894
0.067236
0.061016
0.069309
0.045703
0.065075
0.060335
0.057672
0.060349
0.073368
0.042799
0.062809
0.156843
0.046739
0.053014
0.041923
0.0443
0.027262
0.029016
0.042117
0.026969
0.09159
0.025175
0.020359
0.03647
0.198518
0.060694
0.049827
0.028362
0.04352
0.065258
0.03829
0.098951
0.031907
0.048454
0.075284
0.038775
0.043239
0.036274
0.033753
0.066433
0.03438
0.0426
0.074617
0.161155
0.046653
0.051215
0.024189
0.054126
0.038442
0.077178
0.11249
0.037323
0.046174
0.028246
0.036534
0.052609
0.076829
0.051479
0.020417
0.010387
0.049256
0.091668
0.079872
0.064889
0.07809
0.047954
0.043613
0.046148
0.109423
0.022063
0.038797
0.030718
0.080405
0.115135
0.065993
0.064374
0.07316
0.064144
0.048452
0.017299
0.059233
0.043315
0.062753
0.053686
0.054684
0.143408
0.160208
0.072584
0.167728
0.097007
0.050588
0.052785
0.114596
0.052249
0.106275
0.045662
0.048568
0.070131
0.052381
0.075596
0.061017
0.048944
0.037685
0.059273
0.046509
0.062046
0.058576
0.05508
0.035824
0.126459
0.061172
0.032887
0.068183
0.053371
0.071267
0.063561
0.062639
0.124746
0.053772
0.024567
0.075455
0.077145
0.039623
0.05833
0.018537
0.038187
0.046016
0.061288
0.047108
0.03667
0.078134
0.017279
0.082392
0.071064
0.051082
0.030708
0.154445
0.06611
0.058583
0.088938
0.032041
0.047101
0.024591
0.057525
0.03858
0.099397
0.114883
0.053353
0.07458
0.061313
0.057371
0.056281
0.067278
0.045992
0.048516
0.06343
0.053481
0.102972
0.044465
0.067892
0.03501
0.037307
0.03276
0.080998
0.087327
0.056965
0.027038
0.081866
0.016331
0.041835
0.065197
0.043778
0.068397
0.091234
0.087886
0.072137
0.064506
0.081433
0.097757
0.077133
0.055821
0.04913
0.113492
0.049575
0.053356
0.166618
0.093833
0.072091
0.039415
0.059581
0.068551
0.099222
0.055527
0.06316
0.045373
0.04072
0.05737
0.102877
0.082465
0.079895
0.123264
0.037429
0.066702
0.175845
0.063733
0.057631
0.028186
0.061532
0.070631
0.035536
0.118427
0.058092
0.051838
0.067258
0.075581
0.023409
0.094736
0.058077
0.064016
0.050904
0.013962
0.045325
0.14837
0.135853
0.049879
0.069119
0.085917
0.109435
0.050162
0.059085
0.0598
0.063066
0.074233
0.051212
0.10048
0.061052
0.023666
0.023714
0.041946
0.124331
0.031348
0.038833
0.081953
0.091257
0.066836
0.091343
0.045062
0.068999
0.042462
0.076123
0.050312
0.128775
0.034648
0.070443
0.057554
0.067549
0.050424
0.029093
0.028098
0.092036
0.081586
0.04848
0.027678
0.050043
0.074515
0.049883
0.032938
0.088328
0.075292
0.044
0.105288
0.112594
0.073534
0.032996
0.082476
0.104499
0.097087
0.057536
0.063889
0.05751
0.040368
0.040994
0.043017
0.055913
0.065815
0.034691
0.032598
0.034384
0.045649
0.033135
0.0897
0.075265
0.139148
0.007099
0.028515
0.069199
0.023047
0.054222
0.117131
0.063391
0.039959
0.060928
0.126976
0.035146
0.059796
0.039292
0.096232
0.126371
0.047585
0.042809
0.093003
0.071241
0.063862
0.048898
0.072306
0.070853
0.133132
0.063277
0.006348
0.054215
0.046838
0.028171
0.112557
0.069705
0.045549
0.079957
0.059193
0.053756
0.086534
0.044113
0.105977
0.054035
0.020501
0.040359
0.099996
0.09902
0.03766
0.003098
0.027702
0.035432
0.051534
0.042559
0.081729
0.074015
0.03913
0.019762
0.048773
0.124757
0.088849
0.073048
0.092459
0.068015
0.051647
0.092712
0.092018
0.085956
0.08809
0.050495
0.056433
0.081281
0.088066
0.073896
0.047392
0.109931
0.093862
0.045004
0.065618
0.052392
0.019502
0.046038
0.053621
0.081272
0.067405
0.083632
0.043812
0.067541
0.065757
0.059809
0.047212
0.105358
0.095562
0.040808
0.052193
0.085192
0.023618
0.068075
0.078977
0.053685
0.028297
0.055781
0.04101
0.053715
0.064222
0.028245
0.052514
0.051466
0.04258
0.054568
0.067527
0.058686
0.052837
0.151823
0.084948
0.048824
0.040289
0.053109
0.075718
0.084171
0.044803
0.090502
0.027488
0.049313
0.038797
0.091536
0.035878
0.0354
0.025751
0.04713
0.065268
0.037441
0.063411
0.017426
0.086763
0.046581
0.047467
0.082603
0.028044
0.088963
0.01775
0.062086
0.053174
0.074454
0.07141
0.073097
0.079542
0.059938
0.065973
0.057753
0.041825
0.11091
0.01365
0.031921
0.040062
0.068193
0.080943
0.052715
0.062101
0.034095
0.049614
0.057397
0.04526
0.041807
0.072833
0.025552
0.06567
0.101883
0.076274
0.026125
0.03332
0.028265
0.036214
0.082067
0.039052
0.092266
0.049938
0.059981
0.041798
0.064639
0.048439
0.019094
0.033153
0.06293
0.084243
0.062291
0.070289
0.096949
0.07568
0.085779
0.113157
0.078846
0.1075
0.030856
0.101775
0.031954
0.067105
0.06747
0.075131
0.040917
0.066131
0.063301
0.08108
0.041771
0.02929
0.071255
0.062619
0.092017
0.045478
0.104987
0.071783
0.121643
0.088657
0.055027
0.117508
0.045636
0.027001
0.028609
0.039979
0.079996
0.03478
0.061936
0.054589
0.044281
0.040752
0.044833
0.101281
0.060776
0.067954
0.016143
0.04379
0.054672
0.045912
0.027545
0.079293
0.122414
0.037223
0.028865
0.024418
0.061837
0.078393
0.079377
0.099918
0.014713
0.092704
0.051655
0.077494
0.058611
0.038657
0.06068
0.055456
0.078698
0.03379
0.036429
0.028008
0.093528
0.047624
0.081261
0.05696
0.07615
0.080631
0.072463
0.138177
0.034822
0.044263
0.092516
0.040388
0.034438
0.066819
0.073348
0.08787
0.041822
0.137419
0.079796
0.12095
0.075837
0.056368
0.042017
0.06705
0.075617
0.035146
0.103187
0.068582
0.107649
0.05351
0.058709
0.0675
0.078798
0.048475
0.041705
0.088976
0.060343
0.030986
0.076591
0.074556
0.031023
0.116683
0.094369
0.056508
0.069023
0.039014
0.029402
0.059272
0.069764
0.072948
0.064302
0.13103
0.055492
0.047364
0.055813
0.039262
0.048896
0.049427
0.056902
0.056482
0.145692
0.055197
0.080829
0.038163
0.090457
0.064562
0.116675
0.04684
0.054009
0.061438
0.121923
0.032001
0.080222
0.074763
0.070002
0.067366
0.102857
0.045013
0.040208
0.061263
0.073874
0.061572
0.040875
0.012427
0.057184
0.083119
0.03143
0.015922
0.056309
0.048553
0.098538
0.044082
0.054848
0.075448
0.091426
0.032899
0.038072
0.068607
0.028397
0.073075
0.076397
0.079737
0.070797
0.027095
0.055833
0.039261
0.041891
0.066873
0.079278
0.054206
0.09075
0.063905
0.085968
0.044764
0.055993
0.070272
0.048175
0.088758
0.045631
0.132998
0.055955
0.067106
0.109362
0.051759
0.031777
0.066913
0.044385
0.042801
0.024317
0.020189
0.083304
0.122183
0.0674
0.080879
0.07837
0.092346
0.060355
0.040692
0.052892
0.087315
0.070989
0.042224
0.048405
0.055942
0.03197
0.077895
0.126044
0.072068
0.06763
0.050397
0.083664
0.054006
0.036072
0.071809
0.053648
0.074119
0.078957
0.107694
0.065998
0.028744
0.047424
0.041898
0.057537
0.053172
0.057449
0.082126
0.035398
0.023518
0.031387
0.062236
0.032196
0.134923
0.120775
0.016461
0.024014
0.075754
0.060693
0.030818
0.02536
0.054602
0.052793
0.051482
0.062618
0.029338
0.058738
0.083102
0.072094
0.061125
0.062175
0.093618
0.037958
0.066023
0.035035
0.087151
0.046288
0.062377
0.054837
0.009554
0.054462
0.053003
0.064926
0.059201
0.050809
0.054042
0.07294
0.094453
0.064558
0.072516
0.041108
0.182169
0.055184
0.049424
0.049648
0.137407
0.047334
0.068497
0.052338
0.041762
0.065796
0.05196
0.032233
0.029459
0.042662
0.056205
0.039794
0.057849
0.028944
0.042019
0.062727
0.065131
0.046674
0.034495
0.048103
0.190792
0.038579
0.039341
0.094655
0.029054
0.057428
0.069272
0.053837
0.040403
0.048638
0.058197
0.088378
0.057826
0.061126
0.057746
0.039173
0.044086
0.085129
0.12257
0.064292
0.051103
0.07925
0.033412
0.101526
0.094064
0.082535
0.065049
0.075535
0.044708
0.100522
0.056121
0.089615
0.068082
0.039883
0.069095
0.056227
0.108938
0.045816
0.074778
0.083019
0.059582
0.045907
0.043022
0.070572
0.053455
0.038059
0.059509
0.082341
0.119772
0.027825
0.047514
0.050896
0.061997
0.029566
0.076518
0.048756
0.051979
0.109424
0.065025
0.063601
0.040571
0.062386
0.090197
0.106399
0.054423
0.072832
0.064469
0.049453
0.072028
0.037532
0.052772
0.035516
0.056001
0.056526
0.067797
0.133569
0.03805
0.081286
0.053158
0.029103
0.045814
0.057318
0.09585
0.042411
0.084433
0.039714
0.040283
0.046033
0.123555
0.064557
0.061602
0.117168
0.077443
0.024366
0.052905
0.046444
0.054821
0.030119
0.057022
0.051166
0.065945
0.028694
0.098069
0.081053
0.062896
0.037813
0.077762
0.101452
0.049529
0.068684
0.094252
0.055065
0.064189
0.046713
0.043981
0.052605
0.027054
0.032457
0.044985
0.039142
0.043219
0.061596
0.108823
0.048799
0.105157
0.071906
0.045959
0.060351
0.120633
0.090278
0.05114
0.079638
0.093569
0.073819
0.09185
0.034294
0.074878
0.124378
0.042821
0.095345
0.062454
0.022876
0.073425
0.045169
0.028861
0.039175
0.042793
0.046149
0.025663
0.021926
0.041514
0.035681
0.073525
0.068889
0.033372
0.058523
0.077161
0.033041
0.112336
0.043848
0.075312
0.044584
0.044422
0.056507
0.077117
0.078114
0.091103
0.025688
0.056396
0.044408
0.077474
0.08864
0.051528
0.038854
0.068169
0.040977
0.07543
0.067811
0.083905
0.055614
0.055622
0.057903
0.03689
0.03667
0.055821
0.05633
0.052793
0.059851
0.079871
0.052847
0.047142
0.072914
0.088074
0.047516
0.118936
0.087792
0.036287
0.058356
0.073607
0.063634
0.053907
0.0584
0.13876
0.030053
0.068381
0.043781
0.034652
0.03926
0.108941
0.06783
0.039618
0.071446
0.08371
0.121629
0.043738
0.061603
0.061287
0.037461
0.04536
0.054943
0.048781
0.104104
0.032216
0.062068
0.059214
0.093405
0.053647
0.053885
0.061101
0.10941
0.02372
0.05363
0.04136
0.053492
0.033717
0.039769
0.055532
0.03325
0.036316
0.034304
0.047943
0.04583
0.069219
0.091698
0.029463
0.053996
0.02394
0.06249
0.041774
0.076975
0.074553
0.086622
0.048973
0.047989
0.066078
0.041374
0.074383
0.121171
0.043746
0.067283
0.062052
0.100946
0.017492
0.056427
0.055163
0.051633
0.199002
0.039788
0.033694
0.051293
0.06649
0.083154
0.086769
0.05632
0.131517
0.08321
0.046507
0.108238
0.085428
0.169462
0.038575
0.064169
0.04335
0.037114
0.054601
0.079845
0.06297
0.035517
0.075273
0.054595
0.124693
0.050371
0.08042
0.057132
0.112674
0.026487
0.072912
0.056049
0.059552
0.088365
0.049105
0.114026
0.210688
0.146229
0.103584
0.063438
0.030993
0.062279
0.099736
0.068997
0.066837
0.049688
0.037861
0.054827
0.04997
0.027388
0.038277
0.165964
0.049354
0.064599
0.050254
0.089943
0.064996
0.086539
0.015182
0.05418
0.125614
0.078298
0.041021
0.090735
0.022707
0.025664
0.043015
0.046857
0.038721
0.08629
0.075465
0.054591
0.073382
0.074877
0.024927
0.080688
0.045887
0.058745
0.044849
0.048253
0.030774
0.048129
0.096731
0.067994
0.094946
0.011737
0.090002
0.100723
0.059635
0.12203
0.095734
0.077648
0.080579
0.027691
0.124244
0.038235
0.079662
0.053156
0.081419
0.059094
0.177503
0.058428
0.052736
0.05557
0.057081
0.10764
0.060295
0.050159
0.03778
0.019705
0.048608
0.068909
0.087748
0.127832
0.044548
0.080431
0.055202
0.077135
0.075974
0.130126
0.114943
0.069621
0.074314
0.074159
0.095283
0.03848
0.061006
0.054064
0.040991
0.04927
0.035326
0.017262
0.045223
0.072771
0.133071
0.066898
0.123554
0.069756
0.05922
0.051113
0.14168
0.067194
0.052948
0.073333
0.08038
0.042526
0.049025
0.05789
0.067697
0.040763
0.050031
0.033811
0.071808
0.077231
0.047175
0.051672
0.092951
0.074903
0.074411
0.028622
0.032027
0.124192
0.086409
0.064585
0.029002
0.040187
0.02857
0.042342
0.047629
0.024128
0.054826
0.048718
0.029649
0.063544
0.082005
0.041292
0.03479
0.020214
0.092621
0.071628
0.029123
0.025993
0.052949
0.077455
0.048717
0.065245
0.041797
0.072503
0.054141
0.041822
0.07067
0.05215
0.048158
0.057129
0.049006
0.079168
0.039572
0.043227
0.052994
0.091458
0.123217
0.065399
0.070068
0.072573
0.089191
0.027326
0.115802
0.052718
0.073724
0.051429
0.025084
0.055333
0.085556
0.005656
0.068664
0.032429
0.052467
0.037017
0.072941
0.032543
0.067211
0.03524
0.079891
0.095963
0.059539
0.024452
0.063323
0.041144
0.020088
0.039877
0.111501
0.070159
0.072475
0.039735
0.121404
0.095542
0.079053
0.073969
0.031492
0.071751
0.043927
0.041018
0.036386
0.052441
0.066651
0.036584
0.029529
0.111428
0.04139
0.023073
0.074152
0.047534
0.052623
0.154454
0.060577
0.109094
0.048315
0.036267
0.032338
0.066319
0.045509
0.037607
0.089426
0.072734
0.017259
0.045107
0.086305
0.088733
0.042146
0.050385
0.08698
0.020753
0.033518
0.072928
0.069706
0.039564
0.092971
0.1007
0.048902
0.01123
0.039976
0.045278
0.089768
0.03533
0.065171
0.040973
0.049338
0.064812
0.043383
0.030356
0.046321
0.088735
0.036333
0.084317
0.080829
0.056021
0.074455
0.051081
0.055425
0.024226
0.072306
0.115184
0.071725
0.140776
0.070457
0.046069
0.047984
0.041503
0.051351
0.071385
0.044899
0.00855
0.068469
0.076571
0.024189
0.026705
0.058945
0.079145
0.048237
0.055251
0.053183
0.06951
0.122237
0.10504
0.071688
0.048109
0.031263
0.032726
0.04149
0.085984
0.114904
0.139414
0.089895
0.069468
0.093523
0.102223
0.071151
0.072985
0.044324
0.060975
0.034071
0.037207
0.026561
0.038877
0.060324
0.097242
0.063418
0.038933
0.059322
0.038825
0.050993
0.024234
0.041223
0.023299
0.06281
0.073124
0.10419
0.056463
0.104852
0.053095
0.047493
0.088358
0.034149
0.040124
0.065604
0.067169
0.046813
0.046514
0.039279
0.051492
0.052517
0.079332
0.086271
0.064366
0.098645
0.051813
0.054174
0.03468
0.048662
0.071245
0.028194
0.058956
0.072823
0.114343
0.052571
0.038658
0.036761
0.072937
0.072231
0.08065
0.0476
0.049384
0.021534
0.073959
0.056556
0.068305
0.068787
0.038955
0.032268
0.049688
0.07141
0.034638
0.0779
0.050218
0.063139
0.106772
0.073159
0.076767
0.032315
0.035397
0.046337
0.105771
0.044368
0.122516
0.162417
0.054347
0.093083
0.10735
0.040045
0.080075
0.064681
0.033298
0.066581
0.042245
0.054709
0.030813
0.070078
0.039219
0.058534
0.029601
0.02076
0.087516
0.104443
0.081958
0.068197
0.07887
0.037567
0.059659
0.028887
0.049079
0.093629
0.073214
0.113015
0.072823
0.073919
0.05231
0.075605
0.058003
0.026978
0.097356
0.072871
0.074158
0.046067
0.137568
0.04008
0.038675
0.05835
0.055231
0.088625
0.048575
0.036131
0.039795
0.107463
0.062878
0.025984
0.049375
0.036907
0.082787
0.015957
0.039535
0.047387
0.057101
0.035834
0.066808
0.04524
0.049332
0.034401
0.055297
0.098313
0.09668
0.04906
0.040107
0.098859
0.086607
0.111593
0.041667
0.054591
0.052065
0.021204
0.057885
0.059798
0.046835
0.053509
0.037256
0.028178
0.04726
0.050356
0.059121
0.036987
0.089721
0.021554
0.068571
0.087887
0.021736
0.047368
0.058844
0.047853
0.044136
0.088558
0.071841
0.066212
0.044575
0.040745
0.061598
0.054253
0.091855
0.061439
0.039378
0.053909
0.154561
0.071992
0.057103
0.04046
0.151998
0.09105
0.056559
0.066989
0.031536
0.029037
0.068515
0.058992
0.026185
0.06114
0.068873
0.075116
0.05661
0.042116
0.074433
0.087388
0.048638
0.058831
0.03604
0.0787
0.040834
0.040899
0.113951
0.059763
0.030452
0.030596
0.05338
0.084154
0.046488
0.071418
0.084837
0.044242
0.033493
0.060958
0.050068
0.083123
0.057417
0.059412
0.047875
0.068779
0.066511
0.060704
0.097829
0.038096
0.036451
0.063367
0.036953
0.061525
0.053188
0.076963
0.05566
0.056452
0.102859
0.041582
0.043467
0.05795
0.042263
0.051039
0.092314
0.081529
0.076602
0.097025
0.091951
0.075161
0.05027
0.021192
0.06668
0.085279
0.073308
0.060855
0.055194
0.090154
0.056199
0.09028
0.050071
0.033362
0.061353
0.043546
0.076452
0.025954
0.051366
0.163658
0.082453
0.038639
0.049381
0.051253
0.070234
0.095836
0.037569
0.059028
0.025281
0.046547
0.047838
0.074468
0.050443
0.052854
0.014247
0.076378
0.04991
0.049225
0.044435
0.064671
0.073008
0.165441
0.041782
0.033476
0.077928
0.06556
0.057874
0.074277
0.047255
0.104537
0.057082
0.109683
0.076135
0.037668
0.061099
0.068578
0.051566
0.081671
0.071462
0.048166
0.060832
0.098482
0.050658
0.098383
0.044913
0.060189
0.068772
0.080998
0.033992
0.084292
0.080455
0.103731
0.044655
0.049661
0.03389
0.044226
0.091175
0.102925
0.051469
0.065982
0.069798
0.072249
0.046864
0.093749
0.070545
0.086739
0.035202
0.019635
0.053288
0.022061
0.040737
0.080898
0.048582
0.06723
0.066417
0.043123
0.04504
0.064118
0.065503
0.031713
0.153627
0.052249
0.047645
0.081746
0.030853
0.038714
0.058305
0.043305
0.053946
0.040972
0.030908
0.054759
0.078114
0.076873
0.040019
0.077469
0.060411
0.07577
0.046362
0.026824
0.083094
0.091287
0.054503
0.052402
0.088135
0.060246
0.019911
0.132839
0.032741
0.053179
0.056968
0.083597
0.065675
0.075848
0.065625
0.047569
0.098624
0.02882
0.071719
0.094197
0.10315
0.050585
0.096523
0.067876
0.071945
0.050343
0.072541
0.086738
0.051608
0.063705
0.030099
0.061741
0.04464
0.060832
0.083601
0.047763
0.105438
0.102352
0.086066
0.090702
0.087336
0.077675
0.046364
0.062079
0.115021
0.142074
0.057698
0.112496
0.051493
0.074336
0.044117
0.03107
0.031194
0.045423
0.046684
0.036639
0.057358
0.06332
0.046009
0.046117
0.055267
0.043547
0.038724
0.051439
0.053995
0.029991
0.033052
0.114057
0.042669
0.082727
0.095366
0.071954
0.074467
0.055769
0.098326
0.053049
0.055015
0.050248
0.032943
0.048498
0.04319
0.054703
0.047629
0.044581
0.082041
0.070445
0.014724
0.050385
0.078864
0.059899
0.050695
0.020613
0.059406
0.053548
0.060073
0.07475
0.035203
0.080048
0.019712
0.039901
0.039517
0.061883
0.07798
0.120783
0.053103
0.1012
0.047772
0.053613
0.056632
0.042312
0.036352
0.131246
0.048979
0.046518
0.042307
0.051514
0.042781
0.033536
0.045606
0.121504
0.026133
0.055747
0.066439
0.064395
0.069808
0.048269
0.063207
0.076795
0.087861
0.086083
0.040104
0.135228
0.042249
0.04454
0.029031
0.037794
0.063989
0.088529
0.045705
0.037382
0.055183
0.048455
0.076476
0.076951
0.028826
0.056019
0.063038
0.080684
0.051179
0.06635
0.054748
0.039967
0.082322
0.08782
0.054388
0.067949
0.078105
0.048128
0.044192
0.059284
0.055262
0.06709
0.110955
0.071128
0.100716
0.063006
0.062799
0.050121
0.036839
0.057386
0.102832
0.133484
0.063828
0.038391
0.040564
0.047321
0.154978
0.053976
0.075922
0.065946
0.047453
0.067668
0.035301
0.037654
0.073868
0.135808
0.040626
0.108714
0.040082
0.116384
0.052751
0.068487
0.036824
0.071759
0.090714
0.071025
0.051488
0.111486
0.057228
0.059193
0.06338
0.158148
0.025303
0.059728
0.109032
0.065233
0.08008
0.064072
0.076825
0.040909
0.081834
0.044416
0.065601
0.032536
0.046972
0.126198
0.068511
0.071724
0.052519
0.062156
0.057687
0.110613
0.077048
0.078825
0.097444
0.07407
0.05689
0.046188
0.052097
0.06893
0.052916
0.040668
0.033357
0.063771
0.056125
0.063718
0.047713
0.063114
0.070386
0.03933
0.090502
0.041784
0.039337
0.055199
0.058649
0.026535
0.083842
0.069187
0.074253
0.068666
0.059796
0.066943
0.060345
0.077312
0.120364
0.039086
0.03958
0.050634
0.077223
0.058593
0.032557
0.037197
0.035246
0.036206
0.06172
0.067371
0.079958
0.048704
0.071751
0.065648
0.069882
0.040135
0.034928
0.051394
0.065323
0.06962
0.073271
0.057116
0.052402
0.027908
0.055614
0.047224
0.068908
0.05157
0.050323
0.027606
0.046892
0.062819
0.046825
0.051112
0.056527
0.077497
0.053447
0.04887
0.060528
0.054752
0.033367
0.049615
0.069572
0.037827
0.071043
0.141546
0.045772
0.11837
0.069227
0.05977
0.032039
0.023457
0.06871
0.143649
0.055988
0.043012
0.040307
0.088863
0.034726
0.055176
0.127648
0.037192
0.077444
0.070001
0.052407
0.100972
0.051997
0.07496
0.113723
0.099206
0.073153
0.05307
0.112561
0.028776
0.060375
0.066381
0.058044
0.067155
0.0723
0.073515
0.090987
0.045526
0.037767
0.052979
0.03968
0.06343
0.040791
0.054784
0.055901
0.043503
0.060845
0.031843
0.073661
0.068326
0.066002
0.079759
0.054815
0.04819
0.03628
0.054038
0.048077
0.048942
0.059239
0.073157
0.062371
0.075717
0.050247
0.033139
0.054721
0.04219
0.055441
0.046038
0.056521
0.055466
0.100297
0.069149
0.055595
0.067929
0.092214
0.04748
0.09097
0.130243
0.052011
0.099372
0.070501
0.099525
0.039591
0.055798
0.04728
0.021634
0.0371
0.07284
0.058676
0.104592
0.047271
0.064707
0.045171
0.06375
0.040367
0.127012
0.117115
0.046415
0.060007
0.019386
0.065703
0.087108
0.061091
0.045529
0.074047
0.100374
0.086068
0.052079
0.055951
0.072051
0.058668
0.051631
0.094809
0.065415
0.088607
0.045921
0.067494
0.039574
0.125145
0.07411
0.044706
0.058989
0.046854
0.049476
0.091483
0.064006
0.05126
0.063673
0.043797
0.050732
0.031494
0.056791
0.079693
0.06355
0.077245
0.112663
0.09566
0.046132
0.031821
0.041654
0.056731
0.056474
0.039083
0.127027
0.099935
0.055482
0.07401
0.077245
0.095053
0.058211
0.041737
0.11845
0.082943
0.066987
0.057006
0.052536
0.054017
0.06348
0.08417
0.055448
0.098935
0.042208
0.076652
0.06133
0.020582
0.034457
0.040646
0.044786
0.041377
0.041867
0.036609
0.077436
0.059823
0.078543
0.042455
0.042843
0.046302
0.041231
0.090328
0.077676
0.045157
0.134044
0.052915
0.054805
0.06978
0.100635
0.085231
0.06334
0.038143
0.089191
0.092576
0.057367
0.096008
0.051982
0.029192
0.082663
0.056027
0.027137
0.048878
0.03499
0.045712
0.090936
0.047558
0.052357
0.048833
0.092362
0.065352
0.062301
0.089792
0.034396
0.052724
0.044806
0.10694
0.034476
0.040893
0.066555
0.049244
0.047088
0.04359
0.070326
0.060038
0.064853
0.062651
0.053753
0.051513
0.06121
0.08934
0.027429
0.083639
0.074446
0.043062
0.04626
0.066702
0.092854
0.073931
0.035175
0.035274
0.059525
0.075689
0.035718
0.036204
0.0628
0.060084
0.049605
0.058238
0.039823
0.042635
0.032159
0.02061
0.095948
0.073089
0.054529
0.072219
0.067876
0.031122
0.056719
0.037767
0.065342
0.034363
0.096696
0.037926
0.048756
0.036148
0.152453
0.103092
0.11043
0.042733
0.050517
0.0666
0.060562
0.083283
0.070029
0.045909
0.040511
0.058993
0.095992
0.035313
0.063291
0.043145
0.046927
0.030376
0.056154
0.053468
0.053622
0.047836
0.053534
0.081197
0.049298
0.07696
0.093081
0.072151
0.060177
0.05069
0.052898
0.105147
0.096421
0.072796
0.091622
0.031563
0.061144
0.043837
0.03249
0.093267
0.058455
0.062251
0.065825
0.049421
0.090759
0.069002
0.028735
0.042827
0.019143
0.055534
0.051511
0.023824
0.0811
0.038963
0.046635
0.092176
0.046728
0.082432
0.074033
0.063789
0.047493
0.020663
0.02751
0.072599
0.068104
0.046587
0.061693
0.079532
0.109467
0.069873
0.048567
0.050217
0.085947
0.062832
0.052755
0.032992
0.065226
0.061502
0.071733
0.033866
0.04327
0.07262
0.082492
0.136352
0.077963
0.03656
0.056052
0.06025
0.089314
0.064242
0.071595
0.034887
0.0405
0.062195
0.047579
0.057211
0.130608
0.030871
0.063924
0.04304
0.079201
0.064423
0.048465
0.045528
0.085261
0.10821
0.068183
0.067249
0.040238
0.069209
0.048592
0.045358
0.037503
0.04991
0.094408
0.095185
0.104743
0.066952
0.046849
0.071394
0.058161
0.07377
0.08517
0.055314
0.076941
0.054468
0.062982
0.111234
0.003358
0.054302
0.106884
0.095838
0.034649
0.067721
0.037176
0.050361
0.078884
0.050075
0.061249
0.063545
0.055512
0.050786
0.037146
0.08326
0.073565
0.112357
0.069972
0.107713
0.06867
0.037579
0.110541
0.036087
0.12309
0.076492
0.0204
0.064111
0.032935
0.069888
0.08404
0.079796
0.0357
0.074629
0.079356
0.053863
0.073895
0.022403
0.054142
0.042913
0.103948
0.07535
0.061801
0.02434
0.083329
0.090957
0.069138
0.079974
0.058925
0.047289
0.035466
0.076315
0.036413
0.067835
0.042813
0.03987
0.056929
0.051466
0.050393
0.052769
0.034351
0.071246
0.048954
0.079439
0.055589
0.060386
0.028177
0.069917
0.041591
0.091996
0.057967
0.058345
0.072753
0.059856
0.061559
0.093793
0.074357
0.132588
0.084429
0.034489
0.086723
0.02745
0.046344
0.059247
0.070274
0.069471
0.08542
0.047961
0.08556
0.053524
0.04527
0.083207
0.129873
0.054779
0.0477
0.066355
0.036943
0.065315
0.091137
0.050114
0.100135
0.068658
0.037814
0.082493
0.09775
0.073502
0.056414
0.029312
0.028827
0.093159
0.061118
0.047978
0.043231
0.090111
0.10426
0.061753
0.062166
0.097867
0.052045
0.14991
0.049494
0.016098
0.053915
0.047804
0.087195
0.051036
0.058955
0.03996
0.026762
0.059873
0.075453
0.039972
0.074426
0.050313
0.06943
0.131307
0.078998
0.080248
0.08336
0.051509
0.111367
0.035314
0.100961
0.065075
0.08337
0.096556
0.053339
0.034387
0.047631
0.041992
0.050025
0.054925
0.069659
0.06282
0.107363
0.053019
0.033627
0.060613
0.074584
0.057437
0.03626
0.059885
0.050171
0.061145
0.060218
0.03705
0.078432
0.067918
0.105756
0.048376
0.028026
0.085623
0.03488
0.037103
0.083387
0.059932
0.046557
0.041866
0.055067
0.05845
0.038193
0.061658
0.064738
0.083
0.065874
0.073489
0.056198
0.029499
0.079226
0.038932
0.10689
0.046062
0.040134
0.0619
0.060901
0.095254
0.058908
0.062706
0.040286
0.052573
0.050736
0.051647
0.0714
0.050139
0.054275
0.023518
0.044993
0.047155
0.034851
0.060998
0.067328
0.070751
0.048331
0.061157
0.022929
0.058421
0.054782
0.052457
0.04412
0.040395
0.056706
0.058914
0.068747
0.14809
0.069586
0.066996
0.045954
0.062457
0.043056
0.069547
0.086986
0.04432
0.067288
0.082295
0.066402
0.054681
0.081195
0.057263
0.051261
0.08687
0.048229
0.05111
0.062665
0.074272
0.058647
0.059277
0.05906
0.038354
0.071471
0.068128
0.053498
0.080067
0.069398
0.061662
0.063526
0.086008
0.077191
0.08049
0.07369
0.049154
0.040934
0.070896
0.068145
0.07382
0.041166
0.040205
0.044838
0.027587
0.039943
0.056836
0.048606
0.073847
0.03052
0.03519
0.058622
0.054772
0.112153
0.076422
0.066297
0.097808
0.034728
0.082531
0.035591
0.068084
0.082162
0.091211
0.057145
0.050338
0.067373
0.048759
0.076201
0.055809
0.081535
0.073074
0.078504
0.041928
0.082457
0.070311
0.046374
0.070295
0.055816
0.049358
0.042235
0.076171
0.063043
0.063171
0.039795
0.069017
0.075358
0.054683
0.047292
0.06084
0.053757
0.090263
0.046244
0.062237
0.072289
0.0593
0.056041
0.078142
0.113366
0.136515
0.064432
0.091195
0.059703
0.085514
0.021921
0.086283
0.108332
0.04564
0.066963
0.075765
0.063802
0.080653
0.099447
0.085835
0.059928
0.090497
0.043937
0.064064
0.046134
0.075485
0.029664
0.06952
0.064003
0.034971
0.038569
0.02801
0.075136
0.067678
0.068298
0.038723
0.089309
0.068807
0.041998
0.046395
0.068094
0.083525
0.055739
0.063812
0.034191
0.025122
0.079885
0.065274
0.052504
0.059633
0.083426
0.078445
0.027234
0.04374
0.041712
0.043279
0.085806
0.056848
0.039634
0.159521
0.065483
0.069978
0.027133
0.036931
0.063276
0.034688
0.080321
0.081199
0.050219
0.06158
0.071851
0.075679
0.063288
0.057286
0.072492
0.067835
0.058773
0.050967
0.061345
0.052986
0.061199
0.05946
0.072652
0.042066
0.073727
0.092459
0.078178
0.069551
0.044635
0.031219
0.063346
0.064847
0.070327
0.038332
0.086187
0.026302
0.031462
0.047459
0.104919
0.062325
0.10629
0.044766
0.022733
0.073338
0.09882
0.074037
0.06427
0.027443
0.071639
0.062359
0.069336
0.108079
0.078298
0.078124
0.058644
0.111735
0.074148
0.021066
0.024381
0.083206
0.068048
0.057826
0.090964
0.071517
0.080853
0.083136
0.048073
0.082403
0.046534
0.061172
0.078402
0.065305
0.057154
0.102853
0.078542
0.073473
0.072695
0.077947
0.079683
0.079663
0.054923
0.050782
0.036604
0.055033
0.039595
0.042836
0.078797
0.091732
0.043354
0.064768
0.176151
0.085634
0.054128
0.060659
0.033866
0.049071
0.07729
0.049377
0.067605
0.070181
0.023519
0.056987
0.058015
0.100944
0.070898
0.050072
0.059298
0.075176
0.062534
0.067612
0.058488
0.028509
0.030298
0.049748
0.143988
0.04915
0.078271
0.065511
0.065765
0.100115
0.06759
0.059339
0.073785
0.061582
0.027002
0.078191
0.042168
0.071313
0.064437
0.068431
0.062059
0.028698
0.052754
0.036988
0.113072
0.081198
0.036298
0.057087
0.06818
0.098765
0.081525
0.044877
0.055513
0.074684
0.077353
0.049397
0.109118
0.062696
0.066682
0.066555
0.031857
0.055465
0.041426
0.041024
0.058923
0.061014
0.04156
0.060629
0.052455
0.043863
0.094423
0.06323
0.046711
0.082528
0.048142
0.028567
0.057941
0.057824
0.06076
0.060804
0.068402
0.042487
0.03611
0.039209
0.113586
0.004732
0.065597
0.046026
0.075618
0.072786
0.063187
0.040792
0.07577
0.136944
0.074371
0.061155
0.018744
0.032063
0.114834
0.056039
0.06429
0.041211
0.034188
0.097151
0.048344
0.127411
0.046107
0.052969
0.031789
0.037308
0.08621
0.096007
0.077124
0.048406
0.091673
0.067159
0.030386
0.036554
0.060253
0.035206
0.088051
0.044952
0.06002
0.048215
0.076046
0.04515
0.023961
0.090351
0.102489
0.059697
0.063172
0.072283
0.034854
0.067048
0.075506
0.087555
0.044581
0.058193
0.078037
0.052932
0.070051
0.074967
0.043512
0.100433
0.084534
0.109799
0.066568
0.055165
0.102393
0.072511
0.053889
0.061562
0.062415
0.036395
0.128886
0.077929
0.061034
0.088773
0.069135
0.072072
0.072106
0.120542
0.078656
0.062682
0.069392
0.12168
0.092786
0.086764
0.056927
0.077389
0.063667
0.050577
0.075271
0.080724
0.078011
0.082208
0.055963
0.069731
0.089248
0.041504
0.086584
0.082882
0.032962
0.055231
0.043749
0.050001
0.051569
0.027035
0.132954
0.040682
0.080146
0.033416
0.085505
0.114329
0.067322
0.060097
0.040977
0.071326
0.082521
0.066021
0.051634
0.138479
0.06202
0.057784
0.080147
0.0946
0.121814
0.108202
0.051907
0.036477
0.062581
0.057473
0.048505
0.042501
0.080327
0.045576
0.083421
0.032634
0.073322
0.068909
0.063421
0.071631
0.065986
0.056243
0.033689
0.070977
0.07631
0.071775
0.063996
0.07114
0.037805
0.058855
0.059966
0.04903
0.062722
0.094677
0.064529
0.095795
0.037044
0.05111
0.056867
0.089369
0.048073
0.071971
0.074881
0.076
0.072267
0.104988
0.058517
0.067852
0.053829
0.042634
0.054185
0.092998
0.071489
0.066898
0.060759
0.075655
0.085901
0.059444
0.041237
0.05476
0.084191
0.097091
0.039349
0.061077
0.062528
0.070244
0.07901
0.057114
0.07188
0.032057
0.056137
0.058205
0.065019
0.061344
0.034291
0.068192
0.090066
0.073518
0.036229
0.071874
0.059655
0.088104
0.048327
0.070653
0.053518
0.072018
0.081665
0.061994
0.083828
0.089826
0.090343
0.088153
0.064075
0.057029
0.062244
0.076723
0.084858
0.033202
0.070163
0.084306
0.076639
0.045531
0.053949
0.06679
0.063725
0.033721
0.031769
0.047142
0.101638
0.053729
0.034876
0.064839
0.048605
0.053378
0.031091
0.053592
0.031407
0.068402
0.074652
0.078294
0.061578
0.047781
0.040037
0.038715
0.051076
0.13628
0.084945
0.058918
0.064293
0.070381
0.04431
0.03073
0.052542
0.17256
0.046794
0.044137
0.07833
0.083637
0.037555
0.074167
0.058169
0.116423
0.051037
0.076244
0.071403
0.086352
0.024634
0.06245
0.04863
0.053184
0.099995
0.065895
0.067409
0.059677
0.100514
0.058579
0.093312
0.075363
0.047989
0.043725
0.060264
0.055842
0.117844
0.076438
0.09278
0.091968
0.073007
0.033868
0.048496
0.062873
0.077466
0.069402
0.092135
0.036583
0.05047
0.079353
0.083377
0.046345
0.060404
0.060379
0.086973
0.051832
0.058034
0.034281
0.087633
0.046745
0.066552
0.053833
0.089362
0.063529
0.067299
0.05781
0.09207
0.08961
0.043189
0.054189
0.116669
0.089988
0.024981
0.069055
0.052661
0.058094
0.054445
0.082039
0.105854
0.082838
0.038199
0.063272
0.06357
0.043312
0.046399
0.09185
0.150233
0.06794
0.052206
0.038194
0.054608
0.08065
0.100228
0.118293
0.057347
0.039439
0.054491
0.041408
0.075457
0.078509
0.057995
0.09718
0.05727
0.049183
0.124611
0.065199
0.040889
0.067103
0.056961
0.040637
0.036178
0.079747
0.047255
0.066844
0.041502
0.050466
0.057225
0.052646
0.081449
0.079599
0.079996
0.062003
0.04645
0.041101
0.033964
0.072897
0.081233
0.068611
0.050723
0.02882
0.073484
0.074486
0.10593
0.104271
0.05649
0.067913
0.062657
0.056786
0.11043
0.089242
0.07211
0.051107
0.067974
0.041034
0.061457
0.036081
0.069977
0.097164
0.057316
0.08543
0.045178
0.062495
0.054084
0.069838
0.107276
0.07838
0.048705
0.042138
0.041982
0.045964
0.056988
0.066172
0.072592
0.096917
0.091347
0.046488
0.062849
0.064096
0.029834
0.028558
0.032512
0.043685
0.065913
0.116981
0.096449
0.095895
0.034154
0.034902
0.056941
0.056815
0.052116
0.058036
0.026085
0.068684
0.04484
0.064612
0.055936
0.066961
0.078785
0.082628
0.09522
0.080702
0.015013
0.083888
0.021499
0.070255
0.054092
0.063567
0.054149
0.042105
0.0607
0.05304
0.028125
0.054734
0.059229
0.029578
0.047136
0.104962
0.034014
0.062771
0.027233
0.071367
0.094998
0.082259
0.059777
0.080348
0.071875
0.069755
0.066013
0.089277
0.061459
0.094075
0.058034
0.054009
0.059088
0.058498
0.070549
0.077838
0.119748
0.050661
0.055118
0.043605
0.093156
0.072888
0.047037
0.042138
0.086831
0.062211
0.069944
0.080498
0.062663
0.05406
0.044222
0.052875
0.037112
0.086948
0.055782
0.085443
0.053007
0.073304
0.042819
0.044138
0.057032
0.03867
0.0837
0.044202
0.091537
0.062309
0.093862
0.056288
0.066489
0.074606
0.072881
0.098373
0.045
0.057703
0.030084
0.12059
0.054
0.065908
0.089866
0.074986
0.042935
0.044629
0.042963
0.021136
0.093756
0.072384
0.039149
0.074638
0.062752
0.057756
0.021779
0.081074
0.078668
0.043725
0.064278
0.054996
0.052442
0.054862
0.097273
0.10111
0.061076
0.076497
0.068438
0.051836
0.070317
0.058652
0.053535
0.056063
0.070507
0.061691
0.052489
0.030986
0.055682
0.073903
0.027076
0.032381
0.049967
0.058842
0.066764
0.044342
0.044304
0.083847
0.041386
0.064191
0.082658
0.067958
0.075978
0.048323
0.065941
0.068181
0.046535
0.066993
0.034868
0.078408
0.088824
0.050832
0.055039
0.094358
0.07331
0.054649
0.081264
0.062002
0.103716
0.052671
0.071346
0.068277
0.064171
0.049255
0.080872
0.043773
0.065318
0.075307
0.060348
0.040196
0.046637
0.044935
0.039167
0.040596
0.053722
0.067839
0.048496
0.044541
0.046881
0.060411
0.06561
0.055507
0.062852
0.107879
0.05006
0.040938
0.093302
0.047302
0.106168
0.086505
0.050523
0.039035
0.059954
0.05616
0.045939
0.070724
0.069611
0.031677
0.089522
0.055508
0.059022
0.064284
0.069132
0.07138
0.047212
0.057514
0.068445
0.10613
0.050244
0.046587
0.071076
0.073558
0.037846
0.071534
0.050513
0.032059
0.05997
0.08175
0.09103
0.047854
0.076108
0.070659
0.059152
0.05865
0.047801
0.043926
0.043469
0.060188
0.048563
0.093326
0.054367
0.090533
0.051708
0.072752
0.068718
0.074443
0.093732
0.060778
0.034548
0.064862
0.059324
0.056501
0.066542
0.045792
0.094955
0.073092
0.054571
0.067417
0.061285
0.043518
0.061204
0.062404
0.059887
0.064722
0.051235
0.042012
0.025865
0.049551
0.066746
0.076594
0.056255
0.075266
0.062315
0.050212
0.034554
0.064422
0.035619
0.034617
0.075786
0.063243
0.079521
0.061039
0.026317
0.052166
0.031985
0.103718
0.033323
0.114227
0.081148
0.082804
0.038941
0.044768
0.033877
0.045012
0.051552
0.038054
0.069825
0.059821
0.023723
0.079619
0.045569
0.059224
0.053654
0.055566
0.054632
0.06057
0.067597
0.079318
0.066669
0.087406
0.042184
0.072033
0.062635
0.08551
0.082122
0.071933
0.074286
0.07533
0.049411
0.043644
0.059855
0.116774
0.079648
0.099126
0.08088
0.060869
0.082058
0.054387
0.053689
0.046882
0.074959
0.046723
0.057641
0.07108
0.078531
0.072199
0.049824
0.041905
0.043424
0.08106
0.056724
0.06336
0.053924
0.067205
0.065276
0.045237
0.046559
0.089199
0.041139
0.05541
0.032904
0.086657
0.08919
0.049157
0.091764
0.044452
0.049141
0.103209
0.065111
0.032208
0.03724
0.071692
0.072257
0.07194
0.086778
0.090275
0.084424
0.07404
0.05885
0.091198
0.072133
0.07877
0.081874
0.056226
0.046915
0.060388
0.064084
0.044242
0.107686
0.043149
0.039335
0.068461
0.057045
0.051985
0.039192
0.053288
0.041683
0.066025
0.05966
0.101457
0.061873
0.10462
0.0572
0.056879
0.067709
0.103441
0.026965
0.081286
0.045787
0.030681
0.054504
0.043878
0.061395
0.032726
0.077869
0.034931
0.028165
0.057298
0.076843
0.030333
0.047411
0.06542
0.072916
0.044038
0.052414
0.090807
0.105442
0.063582
0.035531
0.054453
0.064535
0.041475
0.049389
0.05557
0.099842
0.047195
0.054824
0.046267
0.056155
0.047875
0.048251
0.04938
0.054843
0.071666
0.038066
0.029022
0.042555
0.103532
0.052392
0.047948
0.054186
0.0805
0.064515
0.115152
0.037431
0.051381
0.048999
0.074393
0.091119
0.0474
0.092639
0.10592
0.072122
0.043257
0.05685
0.077951
0.087391
0.059602
0.07108
0.066839
0.10697
0.071648
0.046206
0.049535
0.082105
0.053305
0.04555
0.079761
0.055578
0.049075
0.054987
0.045856
0.063439
0.073157
0.078533
0.059408
0.063299
0.051004
0.070795
0.053385
0.094361
0.086
0.04762
0.028915
0.053423
0.038625
0.03551
0.048496
0.042025
0.081788
0.065565
0.053697
0.068963
0.042917
0.053674
0.074439
0.03936
0.07626
0.046104
0.068095
0.054252
0.056966
0.043864
0.062823
0.06088
0.045984
0.031772
0.112529
0.043856
0.073249
0.022041
0.116952
0.059254
0.058054
0.063531
0.053704
0.064027
0.046074
0.035566
0.056757
0.058108
0.051744
0.030073
0.047483
0.074943
0.051453
0.061029
0.07123
0.054146
0.052838
0.073172
0.059918
0.105799
0.06958
0.066632
0.037642
0.041786
0.033601
0.023411
0.083853
0.054555
0.092956
0.063218
0.03707
0.060818
0.119355
0.036981
0.048079
0.066798
0.073071
0.074725
0.141312
0.065542
0.057686
0.066872
0.0631
0.072084
0.060016
0.05492
0.078752
0.053518
0.053214
0.087463
0.039466
0.078282
0.081151
0.135884
0.063241
0.090334
0.045488
0.069547
0.073045
0.075296
0.085018
0.077322
0.083592
0.086396
0.048227
0.060804
0.044983
0.062267
0.086031
0.045759
0.055304
0.038978
0.093469
0.065051
0.055485
0.095091
0.063852
0.060911
0.06361
0.070105
0.072305
0.059412
0.07485
0.068314
0.019819
0.068802
0.077228
0.063158
0.078776
0.100591
0.055083
0.097562
0.057747
0.091238
0.109196
0.064198
0.039535
0.101791
0.085985
0.075137
0.064814
0.046177
0.039986
0.074113
0.061654
0.042259
0.055216
0.060845
0.047446
0.059743
0.08716
0.061529
0.090871
0.067452
0.063189
0.069553
0.053972
0.044074
0.05203
0.063244
0.049588
0.081288
0.052518
0.060674
0.062216
0.066116
0.056861
0.121815
0.103717
0.18838
0.045057
0.061586
0.035257
0.056589
0.040081
0.090938
0.044145
0.070171
0.015247
0.068202
0.082023
0.064661
0.04355
0.054294
0.05648
0.056886
0.075217
0.069037
0.097933
0.057871
0.084665
0.091567
0.055491
0.070592
0.109349
0.039265
0.065412
0.070959
0.067893
0.06521
0.05405
0.045961
0.095302
0.056077
0.062504
0.067377
0.080393
0.074777
0.106394
0.078842
0.067234
0.077782
0.068639
0.057895
0.066094
0.065812
0.053981
0.046393
0.071187
0.04677
0.044159
0.056218
0.05776
0.073257
0.070752
0.099511
0.080044
0.092515
0.050222
0.061655
0.060248
0.057816
0.047549
0.09493
0.054446
0.045073
0.09056
0.054457
0.071202
0.054293
0.049653
0.079776
0.040424
0.074538
0.088342
0.030351
0.057206
0.07533
0.077
0.058371
0.055289
0.059874
0.077586
0.035121
0.092682
0.050281
0.041253
0.045678
0.063079
0.060684
0.038984
0.028423
0.075876
0.0472
0.055741
0.083313
0.042213
0.065898
0.123357
0.083551
0.045761
0.075463
0.038613
0.068458
0.044868
0.057453
0.037794
0.050169
0.065279
0.072453
0.092449
0.06154
0.051808
0.029634
0.062772
0.072171
0.052254
0.081504
0.070841
0.07289
0.093786
0.082611
0.032701
0.076716
0.062463
0.09272
0.071615
0.044985
0.04287
0.058104
0.046728
0.056918
0.06682
0.071168
0.077141
0.059832
0.041393
0.03771
0.064437
0.065798
0.094263
0.04245
0.04222
0.069416
0.063225
0.041946
0.063864
0.076368
0.064361
0.073863
0.051706
0.052461
0.054572
0.04466
0.01725
0.089679
0.039766
0.054457
0.070922
0.089096
0.044241
0.042067
0.054532
0.076978
0.050996
0.079809
0.078865
0.065512
0.057534
0.03698
0.066273
0.084093
0.056913
0.068918
0.034141
0.052145
0.087312
0.083511
0.056605
0.058139
0.081747
0.052626
0.075572
0.057333
0.076363
0.055487
0.099201
0.040177
0.083138
0.073523
0.066122
0.078667
0.122824
0.052646
0.074696
0.094149
0.102231
0.050132
0.053598
0.051799
0.081905
0.047746
0.079091
0.063958
0.057372
0.071261
0.074373
0.059367
0.024067
0.071189
0.043051
0.035701
0.046758
0.071753
0.049552
0.085437
0.050298
0.069535
0.06549
0.066716
0.08782
0.090937
0.067281
0.086002
0.038554
0.08492
0.064604
0.083655
0.05873
0.08965
0.03809
0.055793
0.068594
0.038413
0.091123
0.070769
0.081271
0.0618
0.04444
0.034473
0.060149
0.093057
0.094537
0.068083
0.106185
0.077029
0.061856
0.052094
0.06872
0.056388
0.086251
0.054873
0.070879
0.076491
0.122273
0.073907
0.043345
0.047843
0.072074
0.089464
0.06809
0.079387
0.064546
0.068069
0.046538
0.06912
0.051635
0.079617
0.036064
0.061185
0.040978
0.070237
0.036993
0.078059
0.056749
0.070724
0.069232
0.048723
0.05573
0.070692
0.077526
0.035771
0.064421
0.063652
0.044819
0.038319
0.039072
0.053062
0.063254
0.05007
0.059647
0.048376
0.06703
0.060349
0.058715
0.097564
0.046568
0.039427
0.043036
0.086562
0.072342
0.088693
0.071902
0.055937
0.048973
0.061419
0.078684
0.085312
0.069662
0.068247
0.066575
0.051585
0.084032
0.110952
0.063141
0.050586
0.080054
0.030216
0.08938
0.050659
0.072833
0.087259
0.041491
0.066908
0.033974
0.075167
0.063636
0.059598
0.051173
0.040068
0.090634
0.040543
0.062494
0.062832
0.055823
0.029546
0.067564
0.068573
0.052991
0.126235
0.048794
0.094781
0.074136
0.120994
0.057915
0.060336
0.038009
0.100448
0.074973
0.067239
0.064304
0.03747
0.048543
0.065291
0.07889
0.044635
0.113113
0.049
0.058784
0.097118
0.060531
0.058369
0.064862
0.064893
0.059254
0.073582
0.084212
0.041269
0.055314
0.037359
0.063349
0.056897
0.048779
0.090194
0.064194
0.046209
0.059912
0.053169
0.067011
0.041384
0.070571
0.075358
0.093921
0.049279
0.044887
0.063033
0.051246
0.045411
0.057319
0.067398
0.042242
0.044133
0.034562
0.054427
0.05148
0.061502
0.050554
0.10465
0.067906
0.051907
0.04427
0.063461
0.054231
0.07993
0.140613
0.063764
0.060732
0.090557
0.064534
0.045393
0.057298
0.060792
0.069596
0.053155
0.072086
0.058951
0.04725
0.074797
0.06002
0.084198
0.051983
0.051566
0.041471
0.042758
0.067926
0.047402
0.102234
0.039187
0.054368
0.083674
0.051675
0.076093
0.050537
0.069871
0.032344
0.078926
0.044981
0.062697
0.070155
0.046548
0.060234
0.031025
0.039906
0.059917
0.08383
0.053499
0.045952
0.053108
0.069081
0.080453
0.065909
0.050817
0.047147
0.062753
0.032975
0.075544
0.054352
0.041683
0.051271
0.03918
0.058237
0.067392
0.081188
0.069266
0.053983
0.048536
0.079984
0.047581
0.05291
0.068891
0.07706
0.041619
0.074787
0.081161
0.096436
0.065786
0.036905
0.064838
0.053056
0.107185
0.101013
0.117648
0.079929
0.09027
0.090823
0.073911
0.068749
0.042351
0.038711
0.084964
0.046048
0.075698
0.065395
0.041045
0.061815
0.025338
0.067474
0.060555
0.114408
0.065791
0.059589
0.058504
0.058573
0.036714
0.062313
0.096236
0.020035
0.054335
0.062257
0.082517
0.049931
0.093827
0.099958
0.072499
0.065785
0.094687
0.094599
0.04666
0.075179
0.085192
0.05592
0.039164
0.05763
0.056409
0.064894
0.080997
0.048182
0.062723
0.083752
0.088982
0.048895
0.041902
0.033525
0.095174
0.045826
0.067033
0.041697
0.057313
0.074841
0.037651
0.047003
0.065653
0.043555
0.036444
0.077223
0.073288
0.059493
0.050806
0.087979
0.042355
0.039871
0.063753
0.059832
0.073985
0.082729
0.042596
0.082427
0.066253
0.04551
0.061599
0.045939
0.020675
0.06061
0.034543
0.056904
0.032102
0.048182
0.038784
0.076291
0.063702
0.078234
0.091618
0.047217
0.091407
0.051465
0.075212
0.061475
0.067302
0.030161
0.071156
0.060153
0.073114
0.063893
0.052328
0.05833
0.066722
0.096134
0.053327
0.05533
0.08023
0.056079
0.050379
0.068522
0.069844
0.070093
0.061152
0.058972
0.024876
0.06872
0.08232
0.060013
0.032402
0.052584
0.063778
0.083878
0.045268
0.035971
0.068939
0.051976
0.050682
0.054753
0.143001
0.06024
0.035667
0.060225
0.064274
0.062067
0.037891
0.11329
0.066783
0.05817
0.045151
0.062757
0.067075
0.080129
0.082092
0.059972
0.036375
0.096989
0.070946
0.061918
0.070836
0.045753
0.073033
0.08499
0.066997
0.063893
0.096365
0.07093
0.046224
0.057211
0.126589
0.039287
0.041401
0.081011
0.103782
0.038551
0.062985
0.053432
0.079128
0.060006
0.063204
0.064866
0.063922
0.065851
0.0682
0.056428
0.083443
0.047299
0.05352
0.050051
0.047283
0.06998
0.03845
0.044041
0.049209
0.073609
0.047714
0.054033
0.053611
0.033191
0.052713
0.028486
0.068807
0.080117
0.054102
0.050496
0.071699
0.053659
0.050108
0.047468
0.061236
0.035437
0.053144
0.047487
0.064281
0.108167
0.099874
0.071958
0.057624
0.05526
0.085083
0.074909
0.074311
0.019778
0.082348
0.056184
0.074176
0.06102
0.087747
0.057692
0.02405
0.06396
0.06152
0.025913
0.085674
0.054656
0.046993
0.031115
0.096915
0.081775
0.075075
0.072881
0.059004
0.059694
0.070651
0.06089
0.061246
0.061298
0.051456
0.067225
0.075336
0.07591
0.058817
0.073615
0.057174
0.09153
0.068061
0.073402
0.064077
0.05251
0.039481
0.035573
0.053053
0.030323
0.049914
0.0538
0.049992
0.069734
0.061313
0.08515
0.099373
0.077816
0.082645
0.048776
0.100349
0.028124
0.06596
0.103607
0.072653
0.076601
0.085717
0.038218
0.058033
0.055592
0.054554
0.072745
0.078549
0.035665
0.060758
0.037307
0.04358
0.038429
0.104065
0.040453
0.065868
0.038379
0.04223
0.043332
0.073217
0.078064
0.054906
0.082168
0.067142
0.056359
0.071035
0.064751
0.048761
0.09634
0.079968
0.087153
0.049286
0.052226
0.078289
0.07952
0.066286
0.103274
0.073767
0.078262
0.071194
0.067754
0.064871
0.041542
0.034696
0.083794
0.068792
0.045262
0.070592
0.071244
0.037343
0.061589
0.059224
0.06055
0.062777
0.075911
0.072094
0.073231
0.075338
0.050783
0.060155
0.061666
0.062184
0.065173
0.072604
0.082873
0.039436
0.018242
0.055325
0.080767
0.099621
0.081097
0.068382
0.060027
0.034005
0.053366
0.065731
0.10377
0.050025
0.112076
0.052527
0.069748
0.029254
0.063942
0.064486
0.057023
0.052601
0.07466
0.076632
0.059341
0.061316
0.063429
0.073604
0.046977
0.070717
0.057197
0.070372
0.069475
0.038776
0.054761
0.052523
0.064913
0.067801
0.047442
0.065555
0.081375
0.045434
0.0462
0.070891
0.046304
0.098461
0.04149
0.06011
0.05602
0.059861
0.062343
0.051668
0.064389
0.069711
0.069652
0.050507
0.039346
0.039262
0.091003
0.067584
0.068515
0.078717
0.062616
0.052546
0.064915
0.052874
0.062928
0.033629
0.077022
0.061378
0.047841
0.073921
0.092349
0.075045
0.060044
0.043897
0.055199
0.06426
0.054858
0.051308
0.085616
0.088678
0.038399
0.043055
0.071044
0.084295
0.090827
0.059463
0.063543
0.08737
0.043916
0.079236
0.049815
0.053506
0.045935
0.047519
0.05287
0.052886
0.049894
0.06573
0.071947
0.060075
0.06571
0.066482
0.058532
0.045267
0.051511
0.071051
0.046485
0.074126
0.078496
0.060185
0.054355
0.039274
0.032779
0.080178
0.056295
0.051733
0.07594
0.061713
0.072311
0.051945
0.068708
0.079044
0.027467
0.105637
0.039816
0.032087
0.04871
0.056214
0.10638
0.033602
0.079564
0.090058
0.055915
0.077181
0.054348
0.058061
0.065734
0.058341
0.064908
0.112479
0.041462
0.049015
0.062256
0.061213
0.061426
0.08193
0.053736
0.056483
0.064425
0.104957
0.114629
0.066651
0.076852
0.064871
0.070702
0.099184
0.11894
0.055011
0.073767
0.071377
0.087006
0.068164
0.046957
0.060115
0.050419
0.066877
0.051923
0.087956
0.055909
0.059075
0.067362
0.073878
0.080719
0.061503
0.029662
0.071772
0.05087
0.052214
0.063841
0.054464
0.034209
0.077811
0.044478
0.062499
0.056296
0.045674
0.116119
0.057455
0.048169
0.059907
0.08637
0.080332
0.078095
0.059016
0.073303
0.074694
0.054096
0.045269
0.063833
0.048047
0.050787
0.093955
0.069583
0.072489
0.065089
0.06876
0.086925
0.044724
0.036916
0.04609
0.082306
0.110289
0.047418
0.061176
0.078819
0.059434
0.032682
0.052732
0.04926
0.056746
0.090449
0.060059
0.065253
0.094953
0.072175
0.073582
0.071979
0.069261
0.060752
0.082619
0.059355
0.074245
0.054012
0.076811
0.091243
0.052936
0.05088
0.057722
0.06161
0.034273
0.065782
0.071263
0.075508
0.054713
0.056166
0.050495
0.062751
0.083033
0.034978
0.07566
0.036593
0.073091
0.055981
0.102616
0.072904
0.082975
0.058301
0.086461
0.067877
0.088453
0.066242
0.040701
0.046453
0.069671
0.057498
0.028524
0.032032
0.035124
0.059132
0.066293
0.07039
0.069839
0.036124
0.068035
0.088717
0.078935
0.048412
0.041062
0.040055
0.066168
0.070983
0.05737
0.05458
0.070377
0.057451
0.086859
0.059618
0.048926
0.038133
0.06123
0.066935
0.064195
0.050168
0.03975
0.07768
0.119656
0.057931
0.068333
0.113013
0.082527
0.051054
0.056104
0.097285
0.088656
0.053042
0.05306
0.043812
0.059799
0.061154
0.085127
0.077034
0.053495
0.058772
0.049804
0.066664
0.06721
0.047995
0.060609
0.096316
0.050041
0.083316
0.079675
0.060936
0.052026
0.042827
0.044886
0.073429
0.044998
0.08633
0.099628
0.063081
0.095783
0.071818
0.050532
0.042098
0.057088
0.069129
0.024659
0.034462
0.101875
0.055413
0.079372
0.077287
0.054359
0.084002
0.066069
0.098448
0.054729
0.065526
0.045864
0.055197
0.04944
0.035952
0.069938
0.057589
0.054666
0.053757
0.097326
0.037486
0.057876
0.05068
0.07802
0.019893
0.105556
0.045412
0.098269
0.061016
0.070918
0.067915
0.056632
0.037857
0.079735
0.080693
0.043534
0.047704
0.06063
0.051812
0.052766
0.047548
0.036979
0.112884
0.056614
0.057654
0.080899
0.049295
