0.050351
0.104557
0.200831
0.122808
0.034204
0.0156
0.047211
0.12166
0.029647
0.127062
0.038788
0.082844
0.194665
0.144303
0.137312
0.105901
0.057464
0.228137
0.036588
0.16495
0.411976
0.069617
0.054603
0.102144
0.182499
0.050396
0.057892
0.069954
0.057822
0.359063
0.015933
0.058076
0.088481
0.14133
0.038355
0.047494
0.154011
0.073931
0.065541
0.098622
0.510122
0.261647
0.022058
0.296379
0.184506
0.411725
0.479797
0.109366
0.454607
0.032262
0.32089
0.064277
0.076362
0.10863
0.027205
0.02296
0.068725
0.248779
0.027031
0.302207
0.120921
0.118977
0.056945
0.136926
0.124806
0.194145
0.097261
0.05723
0.122669
0.082149
0.117948
0.056713
0.13781
0.030819
0.06206
0.149931
0.217038
0.109047
0.086394
0.016339
0.020708
0.05086
0.123715
0.088081
0.040117
0.018144
0.108452
0.699154
0.03799
0.446567
0.152564
0.110238
0.120237
0.069303
0.08205
0.054607
0.50048
0.110409
0.028964
0.151656
0.236675
0.0171
0.037787
0.095737
0.089651
0.229928
0.034662
0.080028
0.033371
0.021985
0.029132
0.027045
0.446389
0.048719
0.540563
0.144705
0.041208
0.096892
0.020788
0.113619
0.037465
0.058604
0.133816
0.118155
0.206613
0.260169
0.08783
0.143641
0.215705
0.037924
0.140706
0.052623
0.296605
0.0253
0.112703
0.089898
0.107629
0.133276
0.048741
0.144674
0.046024
0.261475
0.026274
0.587543
0.198381
0.076193
0.154777
0.045
0.04523
0.186039
0.055882
0.474681
0.039689
0.038655
0.02923
0.040518
0.052985
0.064621
0.041044
0.333581
0.030421
0.210065
0.175332
0.167616
0.057075
0.16389
0.097052
0.115281
0.165126
0.100197
0.113978
0.01505
0.134421
0.045935
0.133439
0.026223
0.036667
0.184066
0.075016
0.236681
0.21266
0.029071
0.044356
0.061093
0.274321
0.334841
0.250282
0.10305
0.050887
0.056903
0.093844
0.008555
0.057734
0.100168
0.062723
0.201439
0.027361
0.374936
0.073835
0.362245
0.051534
0.041165
0.120435
0.051104
0.161627
0.079401
0.244419
0.355206
0.168054
0.147335
0.412303
0.214858
0.029119
0.070811
0.102496
0.408952
0.145941
0.101767
0.093223
0.043537
0.056547
0.056001
0.205485
0.190723
0.541539
0.035566
0.028409
0.438981
0.096408
0.190901
0.079435
0.053698
0.209734
0.099919
0.042368
0.589054
0.024416
0.079141
0.06641
0.085102
0.649036
0.032906
0.270049
0.148211
0.135694
0.053138
0.587543
0.036429
0.077624
0.322562
0.03141
0.11846
0.111611
0.421268
0.095842
0.09516
0.06738
0.098344
0.046825
0.232647
0.13616
0.073687
0.028886
0.373282
0.241102
0.481246
0.182797
0.453735
0.164522
0.05287
0.131943
0.010916
0.222161
0.169882
0.685896
0.076428
0.284907
0.056852
0.173403
0.112042
0.051087
0.044583
0.033435
0.061171
0.080381
0.084896
0.150336
0.167292
0.187622
0.019594
0.217326
0.144776
0.046885
0.052223
0.053556
0.284782
0.018454
0.438716
0.104442
0.093795
0.421894
0.034473
0.10255
0.030099
0.02056
0.140625
0.076605
0.063224
0.039636
0.479028
0.356765
0.10821
0.033364
0.411212
0.474957
0.136173
0.368808
0.065106
0.198786
0.036085
0.016679
0.114504
0.061192
0.165861
0.078661
0.142464
0.024526
0.088103
0.785673
0.033555
0.239911
0.091939
0.110272
0.052285
0.074636
0.161555
0.147198
0.741379
0.010072
0.030767
0.069805
0.079867
0.196918
0.139102
0.739965
0.314234
0.026543
0.07688
0.469696
0.091629
0.142081
0.121729
0.082653
0.144863
0.188971
0.483926
0.02764
0.668232
0.098835
0.064102
0.034453
0.145555
0.495609
0.181349
0.016246
0.029396
0.08235
0.042028
0.122129
0.653079
0.038633
0.276294
0.281649
0.022228
0.111886
0.511601
0.604597
0.119416
0.016092
0.165113
0.043594
0.419245
0.014091
0.395764
0.079394
0.258982
0.178491
0.059903
0.167746
0.196239
0.071757
0.01888
0.032654
0.06465
0.090782
0.09532
0.113107
0.061947
0.099088
0.115691
0.118354
0.020104
0.152417
0.038994
0.244587
0.032479
0.024519
0.244347
0.121634
0.610336
0.063025
0.024339
0.089157
0.028437
0.075033
0.105861
0.025593
0.077321
0.113965
0.014623
0.269709
0.321244
0.036945
0.039009
0.052764
0.204509
0.222908
0.215381
0.18053
0.083074
0.037932
0.082617
0.374165
0.441269
0.343755
0.149256
0.105082
0.100738
0.197982
0.621662
0.494319
0.052733
0.055039
0.633584
0.248621
0.288814
0.163968
0.084794
0.129262
0.041122
0.019691
0.339682
0.208179
0.625133
0.377269
0.036977
0.107341
0.085446
0.042247
0.268031
0.130392
0.471945
0.041971
0.197829
0.326674
0.031777
0.145199
0.273715
0.060919
0.024155
0.019288
0.106635
0.059333
0.013141
0.054962
0.073843
0.131415
0.373526
0.085814
0.059119
0.195473
0.031681
0.038711
0.202662
0.06048
0.703929
0.046789
0.394502
0.039298
0.111329
0.803691
0.325256
0.09077
0.268939
0.178098
0.44597
0.276816
0.037616
0.044207
0.125777
0.033912
0.426133
0.613989
0.590259
0.345898
0.046039
0.073091
0.117435
0.056778
0.405477
0.292338
0.009827
0.067186
0.465075
0.4067
0.079456
0.116354
0.015336
0.052226
0.218343
0.050235
0.027616
0.167801
0.588303
0.200113
0.216918
0.050873
0.065295
0.038283
0.009873
0.048361
0.066922
0.076471
0.669596
0.066636
0.124649
0.179661
0.261669
0.059757
0.168704
0.076276
0.080602
0.30015
0.050974
0.17071
0.017932
0.632234
0.191824
0.057908
0.572831
0.117207
0.139009
0.029207
0.054972
0.105303
0.072411
0.535683
0.037071
0.025895
0.057776
0.045696
0.030305
0.199168
0.280971
0.452832
0.057372
0.433834
0.09686
0.029668
0.025319
0.025341
0.214381
0.178813
0.028908
0.020861
0.269422
0.11877
0.08029
0.156416
0.151388
0.232567
0.372903
0.084551
0.489055
0.033437
0.028318
0.47677
0.013886
0.175294
0.196924
0.115333
0.03164
0.674263
0.120587
0.04668
0.020415
0.076383
0.403598
0.355928
0.197746
0.01447
0.02653
0.071926
0.060151
0.282081
0.329567
0.414556
0.087082
0.543883
0.110951
0.2127
0.042485
0.23382
0.231061
0.585336
0.094349
0.036893
0.27211
0.71901
0.363198
0.020856
0.143253
0.196647
0.152476
0.061634
0.328085
0.606255
0.19235
0.408602
0.441683
0.13268
0.117825
0.199107
0.052489
0.329184
0.340499
0.606348
0.43758
0.253038
0.163758
0.014038
0.051668
0.096583
0.019174
0.170829
0.286644
0.053499
0.07134
0.058838
0.09165
0.017425
0.09038
0.052354
0.027609
0.265884
0.04392
0.25871
0.068449
0.05546
0.535872
0.346421
0.245641
0.100984
0.276178
0.018182
0.119476
0.146927
0.02607
0.014614
0.655509
0.212231
0.020907
0.274584
0.701719
0.125064
0.259875
0.350566
0.130548
0.202877
0.150014
0.718515
0.089025
0.152399
0.030722
0.155923
0.074304
0.192278
0.112716
0.338588
0.326574
0.063197
0.041046
0.034774
0.083183
0.310703
0.458906
0.05908
0.050207
0.097545
0.121602
0.571698
0.37349
0.027142
0.042956
0.215909
0.039657
0.349471
0.035474
0.116165
0.179136
0.055212
0.117877
0.259034
0.039438
0.30284
0.374548
0.197374
0.147447
0.009444
0.161068
0.078527
0.232573
0.045499
0.265964
0.271814
0.147203
0.371938
0.114542
0.099874
0.015709
0.061765
0.069403
0.11064
0.169051
0.043794
0.174398
0.234561
0.060926
0.15388
0.23994
0.325436
0.059777
0.091706
0.070744
0.071271
0.134577
0.481284
0.04298
0.209845
0.31132
0.192662
0.036733
0.057307
0.137884
0.152034
0.0639
0.059751
0.062403
0.076762
0.105749
0.253958
0.647957
0.0248
0.057317
0.292495
0.020611
0.05927
0.072339
0.267617
0.294042
0.124892
0.264817
0.222683
0.076667
0.144686
0.11511
0.85297
0.199307
0.604156
0.036681
0.172181
0.055638
0.193147
0.065355
0.090918
0.275509
0.050005
0.175449
0.028739
0.490326
0.066864
0.040547
0.366685
0.30181
0.056679
0.277395
0.798647
0.215418
0.123275
0.324816
0.284592
0.201059
0.148954
0.087298
0.210028
0.06444
0.116006
0.338918
0.26344
0.379272
0.031311
0.089556
0.02876
0.146194
0.478403
0.17685
0.04063
0.064486
0.618973
0.108463
0.073804
0.526422
0.016838
0.395428
0.684404
0.057969
0.058605
0.119701
0.028739
0.199681
0.095709
0.056009
0.3486
0.349188
0.080223
0.031025
0.118721
0.16232
0.043977
0.177469
0.048958
0.267424
0.039736
0.200895
0.241838
0.071758
0.168337
0.083448
0.026526
0.490822
0.031446
0.075736
0.094418
0.019134
0.190452
0.558305
0.467858
0.627666
0.061936
0.107096
0.183845
0.385049
0.285866
0.149709
0.237087
0.148373
0.249434
0.472457
0.20181
0.03818
0.113258
0.314632
0.068801
0.770925
0.258883
0.046901
0.57482
0.516974
0.019079
0.059908
0.530216
0.565616
0.024729
0.653834
0.059733
0.108599
0.569611
0.220364
0.04954
0.183538
0.191173
0.484407
0.308239
0.198859
0.10383
0.143321
0.475871
0.681262
0.081453
0.185518
0.246953
0.666288
0.565524
0.106836
0.065294
0.24333
0.049316
0.42543
0.079607
0.042649
0.026448
0.055256
0.415841
0.36419
0.392721
0.621427
0.098377
0.048617
0.053019
0.120398
0.082402
0.236839
0.240782
0.066616
0.582328
0.095044
0.022986
0.760573
0.238459
0.01131
0.180334
0.078969
0.040385
0.034965
0.369824
0.412719
0.688913
0.461079
0.115321
0.115555
0.009103
0.335136
0.075987
0.184898
0.067533
0.267413
0.184235
0.307825
0.119409
0.221794
0.039497
0.106947
0.037939
0.479834
0.164708
0.080596
0.013157
0.260176
0.078455
0.184507
0.115387
0.364295
0.707316
0.209919
0.53463
0.216975
0.122654
0.643224
0.014458
0.355625
0.625234
0.157369
0.616345
0.107369
0.443975
0.13838
0.551226
0.187573
0.352887
0.046056
0.056538
0.089146
0.280638
0.050661
0.544707
0.310776
0.216595
0.171917
0.412171
0.054061
0.782549
0.506676
0.038327
0.018886
0.784648
0.066777
0.240661
0.068776
0.042518
0.429617
0.224853
0.174419
0.489699
0.078244
0.108137
0.517267
0.138795
0.068278
0.074263
0.334302
0.0471
0.02738
0.073866
0.302523
0.648561
0.344628
0.315596
0.281455
0.338454
0.135239
0.027874
0.488829
0.069957
0.13633
0.165931
0.600413
0.100713
0.047095
0.053211
0.307051
0.407923
0.036279
0.431902
0.641478
0.11096
0.742741
0.092358
0.13889
0.362004
0.347587
0.616704
0.170664
0.233023
0.739294
0.275746
0.33023
0.262942
0.078787
0.619393
0.35532
0.154023
0.031122
0.030387
0.91436
0.102309
0.31517
0.200745
0.140412
0.296755
0.077258
0.61432
0.075602
0.253981
0.30902
0.107615
0.080009
0.174681
0.029898
0.037018
0.254849
0.375197
0.164268
0.269009
0.079441
0.184192
0.231887
0.187435
0.350004
0.161559
0.018907
0.065837
0.255104
0.020144
0.864694
0.29091
0.590932
0.166676
0.194358
0.269697
0.052352
0.048445
0.586481
0.136133
0.159121
0.28198
0.202138
0.078473
0.326347
0.314303
0.328719
0.424326
0.139324
0.16972
0.223982
0.061608
0.46803
0.373904
0.382
0.437489
0.385505
0.338007
0.034574
0.149231
0.581214
0.256608
0.04005
0.589694
0.041156
0.009072
0.369372
0.382124
0.03691
0.49777
0.061325
0.170606
0.040588
0.081845
0.154804
0.149069
0.405357
0.028275
0.171979
0.271183
0.127916
0.030931
0.047657
0.033329
0.314326
0.064292
0.554083
0.097706
0.058637
0.090724
0.071768
0.436158
0.487409
0.466254
0.090042
0.265484
0.057601
0.157828
0.377126
0.180503
0.058537
0.089261
0.04483
0.119953
0.120009
0.126666
0.076551
0.252901
0.431992
0.277264
0.215454
0.106547
0.414492
0.49058
0.659257
0.07186
0.106048
0.076116
0.093598
0.286778
0.019783
0.015672
0.404918
0.372939
0.115648
0.569274
0.029748
0.05848
0.202195
0.158144
0.266625
0.119085
0.77123
0.34607
0.566661
0.10284
0.037835
0.16395
0.146334
0.350503
0.120214
0.037432
0.346505
0.47009
0.287905
0.370801
0.098703
0.106623
0.249845
0.020618
0.627146
0.066031
0.124463
0.289732
0.573925
0.141888
0.529687
0.053425
0.12695
0.362944
0.07585
0.049866
0.181346
0.633097
0.203612
0.215777
0.200344
0.239647
0.119296
0.130057
0.140326
0.366347
0.016057
0.64964
0.066921
0.019842
0.37262
0.151007
0.074721
0.090093
0.036779
0.01487
0.037818
0.041193
0.55435
0.039639
0.053038
0.221072
0.116795
0.424286
0.029152
0.014402
0.276443
0.101868
0.024851
0.12709
0.207803
0.146279
0.075655
0.090319
0.103201
0.13914
0.1561
0.37915
0.219665
0.10631
0.293738
0.260925
0.051333
0.144178
0.226279
0.019549
0.186455
0.66009
0.209288
0.451287
0.322502
0.63548
0.285587
0.530597
0.118866
0.758174
0.101821
0.08291
0.113226
0.108475
0.286737
0.122799
0.131549
0.154825
0.649857
0.368
0.121025
0.66104
0.207726
0.115249
0.473931
0.091946
0.063262
0.082316
0.642071
0.141496
0.127023
0.748772
0.144035
0.049873
0.278783
0.050897
0.509655
0.119397
0.042072
0.186821
0.423148
0.113275
0.293585
0.249658
0.100846
0.125425
0.361892
0.308202
0.608959
0.595224
0.181865
0.204785
0.2214
0.282432
0.069156
0.112199
0.147852
0.145686
0.293383
0.009791
0.022119
0.149167
0.060669
0.107065
0.620331
0.199126
0.054915
0.046765
0.03389
0.154099
0.035715
0.094555
0.098164
0.38337
0.112371
0.675979
0.335362
0.402829
0.033223
0.068655
0.050468
0.283337
0.299423
0.065384
0.266737
0.065272
0.038292
0.222823
0.026732
0.128018
0.19933
0.07288
0.506931
0.219048
0.175611
0.269026
0.13723
0.19701
0.464179
0.121375
0.169887
0.136466
0.205058
0.307285
0.577699
0.0161
0.101312
0.1082
0.020933
0.12614
0.81146
0.570126
0.043997
0.047669
0.645936
0.067062
0.042462
0.095038
0.142305
0.028985
0.044563
0.066682
0.490611
0.021128
0.070183
0.506095
0.328995
0.099607
0.12828
0.062583
0.047964
0.586935
0.306223
0.15553
0.13523
0.169892
0.220135
0.224897
0.237583
0.038807
0.198972
0.01956
0.243562
0.214957
0.062336
0.006452
0.064162
0.108294
0.371903
0.147088
0.487803
0.133097
0.061236
0.096007
0.633471
0.21866
0.709066
0.068454
0.425573
0.307788
0.255978
0.154172
0.262642
0.284126
0.267147
0.309715
0.423533
0.322315
0.505154
0.498894
0.581795
0.170144
0.476642
0.317106
0.272192
0.203642
0.161551
0.034616
0.141295
0.660676
0.08691
0.325868
0.060745
0.183454
0.108592
0.239714
0.12156
0.41878
0.325925
0.759253
0.093524
0.387204
0.351356
0.250396
0.063761
0.601887
0.194925
0.120291
0.05459
0.306323
0.077214
0.081657
0.215219
0.0868
0.492527
0.206171
0.338362
0.020292
0.324512
0.059929
0.169157
0.046038
0.029734
0.127767
0.259697
0.451226
0.506657
0.384639
0.076431
0.107802
0.162997
0.205599
0.418758
0.076858
0.196289
0.138109
0.169161
0.067747
0.341915
0.593123
0.092402
0.417899
0.540421
0.523642
0.18835
0.048441
0.214353
0.506559
0.293277
0.457386
0.383909
0.320044
0.794373
0.212187
0.6893
0.168508
0.350156
0.416133
0.345018
0.325203
0.279047
0.12378
0.051328
0.790351
0.132915
0.512862
0.141254
0.193299
0.014767
0.105702
0.354016
0.382229
0.067164
0.064802
0.090194
0.1591
0.071069
0.353307
0.420799
0.71837
0.240814
0.018534
0.140443
0.145058
0.613707
0.140397
0.02414
0.089887
0.404341
0.286336
0.753111
0.134023
0.139426
0.088686
0.257463
0.074445
0.511077
0.07873
0.571714
0.097056
0.276039
0.087319
0.789322
0.338409
0.038044
0.759152
0.109478
0.063123
0.098012
0.031543
0.1044
0.169714
0.397046
0.308228
0.071543
0.481384
0.148744
0.143751
0.418723
0.158802
0.65992
0.138667
0.064567
0.461309
0.129992
0.1691
0.227637
0.372505
0.421689
0.398957
0.071835
0.387904
0.736207
0.104246
0.040869
0.379534
0.434186
0.093256
0.208655
0.703945
0.039879
0.128923
0.07198
0.08044
0.242905
0.207059
0.225159
0.013121
0.1895
0.288074
0.189403
0.128031
0.142556
0.041579
0.277244
0.344283
0.472242
0.398701
0.443029
0.386229
0.06105
0.326479
0.093346
0.172735
0.520337
0.147038
0.018678
0.131537
0.552905
0.15652
0.162568
0.104077
0.468304
0.325639
0.480542
0.165521
0.099792
0.537674
0.421416
0.165399
0.036693
0.056342
0.116707
0.120471
0.024979
0.356363
0.085911
0.306665
0.057465
0.188227
0.070551
0.036979
0.437738
0.390874
0.533111
0.078107
0.573762
0.153349
0.538238
0.152803
0.16393
0.01333
0.678099
0.033738
0.21919
0.085306
0.247868
0.053626
0.113157
0.022702
0.470779
0.329555
0.747692
0.527324
0.237123
0.069218
0.285578
0.073422
0.225372
0.127218
0.256497
0.075463
0.04134
0.252987
0.467719
0.118243
0.071621
0.140387
0.313094
0.370141
0.106892
0.309518
0.033428
0.062752
0.321599
0.106928
0.411295
0.156167
0.21829
0.336902
0.635704
0.819723
0.14967
0.17685
0.550655
0.195569
0.460418
0.783732
0.451233
0.158903
0.183673
0.581499
0.515839
0.65712
0.145839
0.767234
0.100729
0.366079
0.095278
0.713538
0.091712
0.055858
0.580718
0.139357
0.322255
0.16697
0.42004
0.24908
0.145217
0.115917
0.20772
0.23765
0.126754
0.340268
0.652208
0.125471
0.457771
0.309477
0.2744
0.154052
0.047284
0.285419
0.049406
0.352287
0.07562
0.297257
0.166309
0.102487
0.108359
0.246279
0.368402
0.019996
0.148203
0.127626
0.08079
0.203692
0.07567
0.521883
0.02642
0.009867
0.313026
0.579971
0.181537
0.14704
0.458735
0.037926
0.105805
0.189293
0.331745
0.095893
0.10044
0.088502
0.282759
0.632884
0.069129
0.182011
0.164183
0.365262
0.14639
0.210538
0.349596
0.365199
0.236633
0.709773
0.171596
0.200582
0.292621
0.582536
0.114776
0.305325
0.178588
0.277921
0.234394
0.169063
0.423766
0.284372
0.771678
0.602051
0.202763
0.452741
0.028341
0.157275
0.033433
0.257273
0.00721
0.327683
0.162599
0.059301
0.553037
0.294515
0.774014
0.432652
0.223125
0.350044
0.279108
0.071705
0.259047
0.028975
0.507727
0.061116
0.086339
0.184996
0.038485
0.444216
0.111059
0.278588
0.216618
0.029626
0.474115
0.278863
0.119797
0.467664
0.120244
0.177973
0.013796
0.255456
0.26536
0.044171
0.39493
0.116189
0.150552
0.022596
0.186972
0.46583
0.378752
0.305588
0.297494
0.019118
0.161681
0.268827
0.295189
0.483959
0.554569
0.332385
0.260778
0.418158
0.483201
0.193696
0.090517
0.243263
0.267459
0.031271
0.08371
0.340159
0.480907
0.150195
0.011968
0.548588
0.143497
0.606581
0.291657
0.098534
0.05582
0.454277
0.120144
0.132148
0.073264
0.066722
0.208939
0.555983
0.099333
0.198325
0.173849
0.391693
0.012206
0.096754
0.200298
0.141851
0.059944
0.163745
0.163453
0.138761
0.304961
0.073037
0.300346
0.848943
0.031503
0.31838
0.156877
0.251283
0.114635
0.199662
0.217958
0.069342
0.029047
0.686653
0.650038
0.086135
0.146086
0.300075
0.151501
0.069871
0.300188
0.099636
0.195914
0.294246
0.170716
0.01362
0.326511
0.490102
0.318994
0.11377
0.476221
0.39875
0.655058
0.627616
0.606152
0.127906
0.031181
0.161502
0.046727
0.568659
0.328157
0.451301
0.187898
0.177688
0.120402
0.089631
0.67579
0.75861
0.123605
0.477062
0.432241
0.191865
0.440366
0.068646
0.190205
0.186882
0.224983
0.02164
0.087825
0.0772
0.08516
0.042209
0.391029
0.481051
0.350635
0.09237
0.195114
0.24715
0.460256
0.115753
0.177012
0.256193
0.210495
0.5888
0.353154
0.117601
0.510704
0.781884
0.560444
0.283964
0.47525
0.627396
0.531763
0.054009
0.212445
0.402468
0.469075
0.111904
0.34849
0.013344
0.051944
0.217606
0.246873
0.369756
0.738197
0.140715
0.067425
0.236008
0.09317
0.020584
0.21375
0.682914
0.444018
0.097112
0.29427
0.141093
0.122866
0.069789
0.016436
0.121438
0.13963
0.086403
0.146179
0.026759
0.169792
0.333522
0.466614
0.405862
0.459022
0.579752
0.227288
0.79863
0.204696
0.075737
0.041675
0.525629
0.191424
0.247348
0.041881
0.569253
0.421134
0.856999
0.284785
0.253664
0.527835
0.079147
0.462729
0.051828
0.191441
0.234474
0.157156
0.315991
0.098526
0.046044
0.132198
0.46787
0.134136
0.492063
0.147225
0.392903
0.223511
0.582188
0.685754
0.365163
0.365169
0.698589
0.067643
0.050092
0.33041
0.187494
0.252259
0.122923
0.177611
0.13432
0.530913
0.071096
0.944766
0.327203
0.829294
0.044406
0.192573
0.693926
0.099354
0.586107
0.033449
0.777711
0.216072
0.352728
0.330813
0.257425
0.306047
0.080444
0.079861
0.655294
0.019499
0.113486
0.502658
0.114237
0.175344
0.654515
0.544722
0.11729
0.50852
0.389332
0.212914
0.180672
0.517907
0.143886
0.131797
0.43271
0.235083
0.03177
0.043633
0.479634
0.190897
0.076725
0.35165
0.175118
0.179148
0.428188
0.34721
0.257902
0.658259
0.22106
0.568115
0.052528
0.544136
0.126808
0.201891
0.319959
0.240971
0.014591
0.233692
0.121892
0.273849
0.512303
0.548887
0.173254
0.12334
0.37712
0.237929
0.463353
0.244614
0.136575
0.205151
0.1099
0.031335
0.017287
0.037264
0.193049
0.069452
0.278955
0.527335
0.520264
0.485677
0.571884
0.588546
0.447578
0.641412
0.113885
0.065374
0.043773
0.166322
0.286227
0.108496
0.145719
0.048238
0.028703
0.219886
0.427297
0.168402
0.203399
0.393658
0.715849
0.209195
0.332515
0.019278
0.145821
0.581199
0.028637
0.121042
0.391216
0.648931
0.190187
0.627924
0.796192
0.241426
0.419815
0.667208
0.711171
0.086837
0.154752
0.409311
0.505041
0.251119
0.34333
0.409276
0.403025
0.069568
0.124994
0.187168
0.024839
0.189405
0.258179
0.571281
0.347732
0.284361
0.169886
0.083128
0.166387
0.365049
0.380346
0.12787
0.412521
0.420022
0.107212
0.199544
0.060532
0.089332
0.140978
0.516268
0.262465
0.352755
0.028645
0.194908
0.394646
0.388349
0.535273
0.141466
0.743012
0.056673
0.091558
0.19719
0.058089
0.255412
0.081721
0.220526
0.054993
0.433475
0.20261
0.374243
0.082337
0.077991
0.527876
0.252378
0.052217
0.109139
0.105286
0.380408
0.255872
0.219681
0.265062
0.643882
0.036073
0.111782
0.144193
0.053233
0.141331
0.374055
0.582893
0.764049
0.172887
0.204917
0.243972
0.049272
0.393388
0.140242
0.149458
0.430709
0.095167
0.325456
0.10141
0.014267
0.167573
0.46879
0.28922
0.515937
0.253511
0.219389
0.381904
0.302011
0.558957
0.418487
0.102532
0.439566
0.18717
0.076393
0.225123
0.056356
0.507643
0.502872
0.40336
0.30316
0.440874
0.070571
0.072935
0.256344
0.388067
0.075851
0.072165
0.29758
0.031414
0.162076
0.120877
0.344945
0.177793
0.161768
0.312934
0.26127
0.292572
0.506928
0.27049
0.38937
0.52139
0.276463
0.582352
0.599988
0.35935
0.080916
0.266225
0.012654
0.150996
0.107255
0.092483
0.212753
0.416483
0.104806
0.172871
0.34184
0.572507
0.164619
0.283176
0.107778
0.061387
0.120433
0.466707
0.075829
0.1755
0.623013
0.10112
0.116331
0.252473
0.856442
0.117376
0.206735
0.159059
0.266713
0.237988
0.161429
0.646794
0.405446
0.302616
0.045925
0.354458
0.076134
0.470563
0.10123
0.115847
0.546152
0.410058
0.044168
0.089758
0.388829
0.277797
0.187542
0.058762
0.505236
0.331911
0.256459
0.297862
0.23188
0.327708
0.033391
0.521027
0.314779
0.291916
0.319573
0.270766
0.11028
0.037072
0.378491
0.209335
0.203052
0.419021
0.541501
0.239916
0.809415
0.078555
0.227813
0.073437
0.138817
0.05738
0.199319
0.137284
0.014646
0.474148
0.164359
0.699722
0.612081
0.600536
0.276946
0.653647
0.233269
0.368115
0.03244
0.77839
0.445336
0.286898
0.29358
0.651632
0.591118
0.677228
0.211736
0.007815
0.462246
0.407934
0.147769
0.582077
0.705943
0.317971
0.294002
0.509163
0.07244
0.655025
0.110457
0.050678
0.685055
0.347726
0.070066
0.596469
0.321708
0.577789
0.024785
0.342711
0.02546
0.224411
0.34331
0.140687
0.036043
0.39633
0.43648
0.234314
0.354234
0.582971
0.282216
0.185482
0.028622
0.344746
0.139581
0.4066
0.203599
0.15679
0.100762
0.506849
0.030352
0.016212
0.315162
0.252346
0.459777
0.103912
0.112429
0.384329
0.271972
0.695695
0.360214
0.034662
0.314071
0.09977
0.309146
0.049279
0.12294
0.391856
0.272906
0.581521
0.261644
0.119136
0.315429
0.422318
0.180436
0.220881
0.631416
0.515011
0.180058
0.261794
0.061853
0.246564
0.145576
0.167887
0.815162
0.080559
0.426007
0.194172
0.225095
0.019548
0.105392
0.18145
0.251614
0.183133
0.113468
0.071228
0.496266
0.070929
0.027174
0.29316
0.41602
0.423602
0.711868
0.312303
0.038451
0.126392
0.458454
0.078541
0.316563
0.687667
0.594566
0.105538
0.07925
0.254954
0.472981
0.027414
0.618878
0.430511
0.089897
0.437479
0.077095
0.268215
0.371256
0.262336
0.471898
0.179901
0.18964
0.666352
0.848592
0.22758
0.632642
0.043164
0.586375
0.258486
0.28097
0.650323
0.735654
0.876517
0.064967
0.424954
0.082099
0.136898
0.520222
0.30121
0.058849
0.671719
0.122581
0.139207
0.167799
0.396792
0.579143
0.766803
0.033506
0.029214
0.107699
0.22227
0.838838
0.326117
0.285647
0.405267
0.369446
0.810407
0.239098
0.114036
0.734019
0.622654
0.38008
0.04976
0.010653
0.12704
0.300262
0.063659
0.094538
0.07457
0.635366
0.099785
0.043759
0.318433
0.251728
0.163055
0.667596
0.128713
0.17485
0.369377
0.082314
0.175552
0.134224
0.306124
0.317504
0.555858
0.120582
0.083642
0.413749
0.08654
0.420019
0.301425
0.5705
0.087981
0.177267
0.38637
0.014376
0.031232
0.150468
0.194326
0.010792
0.348531
0.458188
0.730287
0.195389
0.07834
0.542645
0.231842
0.254618
0.768276
0.338138
0.324755
0.844032
0.147629
0.639851
0.26188
0.135355
0.197214
0.080897
0.351126
0.358342
0.316625
0.067973
0.196654
0.350137
0.224518
0.213621
0.107933
0.174521
0.189949
0.139729
0.758017
0.085732
0.417385
0.657292
0.367355
0.171344
0.142584
0.209594
0.24242
0.220557
0.47438
0.125724
0.651184
0.455169
0.107652
0.678988
0.498631
0.48943
0.231236
0.361076
0.31566
0.111885
0.787924
0.308327
0.191694
0.127714
0.223517
0.605595
0.590131
0.57258
0.128088
0.194405
0.510449
0.093499
0.273632
0.629389
0.330812
0.306861
0.237285
0.342218
0.073968
0.187192
0.118866
0.584851
0.515504
0.115916
0.53833
0.825363
0.290086
0.239214
0.295728
0.478594
0.211777
0.029441
0.610206
0.826677
0.195102
0.285426
0.254278
0.026842
0.498799
0.22176
0.100562
0.054367
0.293501
0.855015
0.172554
0.657856
0.261816
0.128987
0.109452
0.213181
0.182825
0.437202
0.20641
0.579242
0.234077
0.019261
0.254521
0.10347
0.659399
0.409893
0.092439
0.22296
0.080404
0.342133
0.293205
0.04241
0.407604
0.42521
0.283029
0.42779
0.468896
0.251148
0.118737
0.828923
0.39296
0.178557
0.295534
0.573967
0.190712
0.344726
0.24115
0.187993
0.051474
0.040372
0.322956
0.384934
0.625819
0.414693
0.093339
0.28941
0.342635
0.10819
0.252978
0.234921
0.264361
0.258104
0.593207
0.658132
0.14212
0.321146
0.080897
0.119173
0.243346
0.09478
0.309
0.117793
0.372017
0.389302
0.208999
0.139006
0.413523
0.445161
0.364141
0.379126
0.489057
0.2676
0.229771
0.080155
0.142937
0.573539
0.229125
0.113792
0.710862
0.0837
0.451138
0.352709
0.173496
0.287848
0.203545
0.761552
0.460539
0.357747
0.085175
0.125316
0.382107
0.398647
0.212371
0.554352
0.212236
0.107771
0.648475
0.134786
0.281739
0.105452
0.476811
0.112706
0.435424
0.167764
0.472711
0.251709
0.509919
0.246989
0.047787
0.33863
0.367132
0.147638
0.400886
0.31218
0.037028
0.263137
0.054813
0.211025
0.25717
0.132701
0.153072
0.027143
0.122273
0.328349
0.367867
0.377716
0.423605
0.252407
0.259135
0.245459
0.44031
0.147012
0.571629
0.48064
0.113279
0.358
0.005912
0.074258
0.2326
0.56692
0.113167
0.060994
0.307539
0.211146
0.064146
0.18866
0.024195
0.507763
0.171951
0.013641
0.195479
0.370107
0.073223
0.322222
0.172008
0.302262
0.160085
0.6311
0.887979
0.257362
0.437442
0.24263
0.253715
0.678674
0.108432
0.190345
0.431018
0.302609
0.52595
0.192833
0.052646
0.560935
0.802186
0.507913
0.51494
0.219749
0.235767
0.171085
0.018725
0.312485
0.058904
0.178721
0.274816
0.734006
0.233053
0.470402
0.278585
0.872172
0.326863
0.526703
0.198442
0.13277
0.933259
0.129755
0.700277
0.558255
0.638296
0.230654
0.182179
0.832893
0.140445
0.136944
0.160272
0.276295
0.139494
0.728328
0.234072
0.623287
0.321901
0.091136
0.313775
0.089018
0.463778
0.144887
0.6453
0.195685
0.493339
0.41628
0.434158
0.526032
0.191353
0.059704
0.508916
0.154761
0.520831
0.333744
0.284921
0.477124
0.101311
0.559997
0.368568
0.225687
0.247868
0.438086
0.198574
0.532969
0.029374
0.738527
0.378531
0.098362
0.537579
0.41334
0.19509
0.820096
0.087222
0.110957
0.472504
0.332156
0.537314
0.299558
0.392568
0.249241
0.168609
0.604152
0.249859
0.299078
0.246386
0.429393
0.059388
0.527861
0.198727
0.562784
0.434323
0.522573
0.304743
0.558688
0.19107
0.120172
0.018726
0.719384
0.23302
0.124962
0.20577
0.228636
0.211755
0.257159
0.162576
0.099876
0.517154
0.286033
0.461042
0.41243
0.352127
0.799928
0.254078
0.381204
0.223504
0.458429
0.350857
0.414801
0.500711
0.731557
0.415835
0.089386
0.139657
0.445129
0.81281
0.4372
0.065909
0.133192
0.644139
0.257845
0.769649
0.450236
0.430887
0.174807
0.166357
0.029707
0.417748
0.125431
0.674235
0.496453
0.257906
0.304056
0.576433
0.21237
0.47781
0.09834
0.665117
0.622643
0.340191
0.287235
0.269923
0.139947
0.02226
0.354106
0.159992
0.430433
0.335549
0.364055
0.566234
0.02499
0.392312
0.475349
0.039887
0.385267
0.129529
0.403464
0.06306
0.407778
0.027805
0.093173
0.03896
0.276212
0.454836
0.344261
0.529437
0.181187
0.18778
0.100088
0.59129
0.67081
0.212783
0.084146
0.712948
0.569124
0.136679
0.146602
0.009261
0.093386
0.728415
0.036754
0.385588
0.278702
0.700401
0.60057
0.425865
0.515831
0.189167
0.222981
0.366552
0.129311
0.332435
0.191219
0.232436
0.447331
0.010946
0.084044
0.322811
0.714127
0.069511
0.233626
0.019423
0.193768
0.431757
0.0716
0.501448
0.155122
0.73062
0.115343
0.204248
0.159388
0.307427
0.104772
0.916127
0.5219
0.192463
0.426709
0.387776
0.416677
0.142318
0.20052
0.436335
0.255835
0.420402
0.462902
0.458076
0.677118
0.104907
0.744377
0.294507
0.053112
0.274092
0.228169
0.229661
0.240222
0.391341
0.329576
0.032818
0.310059
0.579438
0.369362
0.284563
0.295362
0.240534
0.243854
0.7495
0.203585
0.216527
0.372827
0.42968
0.653449
0.291246
0.625318
0.348863
0.231128
0.174464
0.2908
0.668387
0.251794
0.242728
0.506261
0.16342
0.120084
0.393006
0.654875
0.485842
0.377482
0.204949
0.212737
0.510123
0.126909
0.400227
0.498043
0.409666
0.469494
0.450752
0.327349
0.200249
0.067724
0.364045
0.140902
0.103456
0.459864
0.574859
0.68633
0.468841
0.218029
0.186285
0.38444
0.113454
0.830758
0.130032
0.075235
0.412094
0.223632
0.197939
0.209883
0.341753
0.111543
0.238293
0.677548
0.576633
0.293511
0.378328
0.196943
0.010128
0.180299
0.104808
0.566682
0.171988
0.538067
0.565273
0.857294
0.072683
0.425722
0.227406
0.196271
0.069462
0.346673
0.385124
0.100943
0.371955
0.279306
0.776168
0.096966
0.42751
0.149641
0.335403
0.014327
0.195956
0.148204
0.19642
0.68294
0.319865
0.339712
0.101238
0.103641
0.044261
0.062706
0.087089
0.469761
0.045733
0.20402
0.422232
0.216037
0.012798
0.377035
0.318584
0.128996
0.551318
0.13753
0.160554
0.262584
0.161812
0.595888
0.167334
0.106122
0.702459
0.048952
0.314679
0.282393
0.162658
0.62141
0.1833
0.0937
0.627454
0.715583
0.427552
0.131914
0.18453
0.395851
0.575972
0.266097
0.11576
0.052266
0.108944
0.024012
0.141033
0.069553
0.368271
0.218614
0.594634
0.302937
0.349784
0.213979
0.66557
0.10305
0.702558
0.132529
0.292087
0.137358
0.683622
0.215014
0.064842
0.156027
0.334331
0.229449
0.460727
0.111635
0.352057
0.710684
0.016711
0.225273
0.478752
0.353519
0.111661
0.592768
0.062964
0.597437
0.127068
0.346219
0.19363
0.298527
0.224075
0.492468
0.44592
0.258042
0.571195
0.159069
0.360249
0.385438
0.421548
0.812336
0.32867
0.244119
0.626838
0.499355
0.054134
0.626367
0.431556
0.552138
0.417946
0.335018
0.472338
0.358992
0.894138
0.604396
0.400747
0.422065
0.528402
0.852308
0.251105
0.356114
0.21284
0.602991
0.635266
0.441347
0.62828
0.351968
0.198156
0.529816
0.868354
0.129302
0.558536
0.732673
0.501281
0.295514
0.795053
0.508796
0.278299
0.145749
0.084175
0.159019
0.053873
0.163342
0.065225
0.009631
0.65197
0.748144
0.763223
0.123133
0.085632
0.333554
0.227492
0.454926
0.370844
0.561987
0.154772
0.09629
0.121725
0.524482
0.366781
0.301269
0.134046
0.299156
0.315029
0.445778
0.137409
0.367194
0.274012
0.197148
0.373411
0.247894
0.045924
0.274663
0.676984
0.538484
0.892323
0.062508
0.10501
0.182942
0.084887
0.749463
0.770995
0.314751
0.391444
0.540232
0.273295
0.217652
0.400412
0.356835
0.679845
0.547026
0.143182
0.219752
0.165862
0.057367
0.432413
0.594727
0.418519
0.311964
0.25985
0.046613
0.162587
0.247791
0.514725
0.557343
0.611269
0.730853
0.100593
0.179307
0.196892
0.206433
0.774707
0.220523
0.374935
0.349023
0.04561
0.053332
0.841525
0.376623
0.271918
0.411034
0.65799
0.17243
0.581568
0.635134
0.339046
0.219279
0.068012
0.140724
0.303737
0.224146
0.027098
0.321762
0.562337
0.234724
0.160695
0.45218
0.223405
0.655605
0.575613
0.53075
0.18186
0.692578
0.300784
0.075
0.675926
0.603836
0.331649
0.500171
0.147111
0.043833
0.307033
0.584105
0.42599
0.365045
0.579323
0.116316
0.174866
0.152918
0.267596
0.772148
0.682957
0.554193
0.56862
0.253272
0.452225
0.042907
0.501955
0.589684
0.172564
0.66832
0.038269
0.231964
0.641474
0.142513
0.672748
0.138605
0.108693
0.31385
0.335508
0.116532
0.551523
0.799066
0.060126
0.157894
0.475863
0.156858
0.356011
0.355203
0.629149
0.528364
0.729433
0.118546
0.659585
0.266392
0.733462
0.265572
0.169466
0.133009
0.342635
0.097397
0.523392
0.074777
0.021464
0.655323
0.486445
0.191041
0.347333
0.315079
0.459349
0.726749
0.20045
0.099095
0.296379
0.508549
0.475523
0.677541
0.352248
0.156399
0.268306
0.30508
0.485335
0.4722
0.699708
0.365103
0.446093
0.28316
0.269931
0.05476
0.157916
0.261628
0.57706
0.035699
0.098286
0.161968
0.238533
0.55264
0.470472
0.471464
0.733733
0.154861
0.454217
0.060308
0.770713
0.629131
0.822008
0.307434
0.539575
0.658208
0.885056
0.799091
0.497406
0.45361
0.796269
0.226538
0.331161
0.179697
0.27766
0.398872
0.476562
0.082925
0.114364
0.187064
0.2469
0.205839
0.679236
0.018153
0.258671
0.651809
0.690523
0.77841
0.218027
0.491973
0.124461
0.661735
0.472218
0.241383
0.357173
0.03357
0.780773
0.083724
0.676997
0.655387
0.765277
0.382685
0.518556
0.74692
0.173583
0.405367
0.325934
0.444601
0.287354
0.171089
0.306752
0.720946
0.257731
0.314861
0.186019
0.15251
0.384694
0.429648
0.207121
0.764
0.481702
0.423345
0.424118
0.005794
0.77605
0.647548
0.380773
0.177536
0.185933
0.326049
0.633986
0.238409
0.893235
0.700003
0.182939
0.48134
0.362135
0.40207
0.255885
0.69723
0.38576
0.499759
0.252185
0.533347
0.553958
0.138599
0.169102
0.45993
0.736563
0.206582
0.326084
0.305664
0.12437
0.57653
0.434084
0.638204
0.107357
0.837432
0.517788
0.341643
0.482483
0.658096
0.071671
0.359454
0.199699
0.14747
0.151356
0.249866
0.830029
0.38485
0.501189
0.133151
0.301805
0.080714
0.209946
0.468966
0.031655
0.540928
0.467117
0.393342
0.81271
0.372075
0.037334
0.273373
0.816622
0.43783
0.771655
0.435773
0.184533
0.173636
0.482379
0.302527
0.612252
0.645821
0.457235
0.857988
0.486057
0.222506
0.549317
0.448392
0.167975
0.190563
0.854495
0.009436
0.491261
0.37394
0.72404
0.330672
0.126721
0.573597
0.379939
0.157521
0.472103
0.390631
0.161734
0.131425
0.382314
0.09779
0.240415
0.456836
0.43082
0.019646
0.602298
0.436825
0.374036
0.284024
0.783808
0.683668
0.404059
0.121505
0.430107
0.375745
0.466683
0.304798
0.249572
0.676628
0.063976
0.549917
0.086507
0.234332
0.299449
0.318591
0.676221
0.530407
0.100907
0.2587
0.753599
0.436839
0.459667
0.198
0.151866
0.450652
0.607489
0.252467
0.207874
0.292179
0.250715
0.15839
0.609998
0.085658
0.021812
0.266617
0.075434
0.159334
0.702244
0.058211
0.233353
0.222267
0.563298
0.01548
0.124615
0.24941
0.727139
0.052388
0.262067
0.771939
0.137023
0.333382
0.306134
0.645805
0.550569
0.127098
0.286691
0.700133
0.740287
0.168291
0.309806
0.280236
0.280417
0.412663
0.338058
0.72117
0.392997
0.341765
0.499077
0.316797
0.699554
0.264288
0.502112
0.187968
0.348364
0.19475
0.252551
0.288858
0.618062
0.241149
0.19177
0.30864
0.481297
0.532752
0.159599
0.220678
0.580606
0.125378
0.538938
0.237092
0.132631
0.717682
0.234179
0.113167
0.35658
0.582534
0.445222
0.161704
0.12549
0.115778
0.165789
0.145667
0.603772
0.258895
0.704189
0.326613
0.158369
0.535849
0.6247
0.649092
0.259015
0.162015
0.463908
0.279325
0.368072
0.518819
0.263373
0.252807
0.473656
0.579093
0.349354
0.428443
0.759434
0.194341
0.208089
0.288917
0.005691
0.375386
0.90485
0.570859
0.417604
0.201428
0.349409
0.600172
0.08445
0.73467
0.488856
0.53133
0.039026
0.406045
0.425197
0.452579
0.266796
0.394519
0.278078
0.613659
0.510807
0.686959
0.601676
0.580262
0.334594
0.522972
0.377427
0.412863
0.64915
0.550885
0.323722
0.761544
0.478725
0.040724
0.554988
0.488909
0.326918
0.296807
0.589837
0.268306
0.379737
0.750868
0.201519
0.436495
0.221789
0.021352
0.110626
0.32072
0.162428
0.165549
0.278307
0.589497
0.439528
0.175706
0.107551
0.359233
0.281423
0.385423
0.454271
0.205746
0.500653
0.094631
0.741251
0.836577
0.176417
0.512426
0.369582
0.241711
0.158576
0.199138
0.37213
0.677202
0.399396
0.025569
0.062951
0.155532
0.270168
0.233384
0.963235
0.466105
0.258126
0.161669
0.345199
0.230245
0.606634
0.228861
0.061862
0.393936
0.079486
0.226069
0.424184
0.076259
0.00977
0.474926
0.541588
0.629355
0.206407
0.31696
0.164572
0.15512
0.237655
0.593687
0.640452
0.25443
0.813639
0.64942
0.295428
0.36678
0.368269
0.199496
0.215218
0.475138
0.272381
0.092795
0.309162
0.969168
0.717407
0.557019
0.490826
0.022136
0.336555
0.221157
0.60515
0.743729
0.173833
0.306335
0.229567
0.632155
0.497675
0.315415
0.577083
0.188714
0.234795
0.13121
0.264028
0.256916
0.356563
0.106117
0.79761
0.682927
0.877739
0.753079
0.395166
0.210804
0.666472
0.444949
0.064328
0.265781
0.219057
0.219943
0.651934
0.190846
0.165979
0.172046
0.568089
0.675236
0.183492
0.255564
0.766383
0.14134
0.67445
0.404286
0.115415
0.629703
0.398692
0.282372
0.581247
0.232412
0.236324
0.439436
0.219641
0.259353
0.124862
0.655024
0.145593
0.697252
0.421133
0.390636
0.472856
0.87516
0.244878
0.539972
0.24464
0.286236
0.108446
0.602143
0.584392
0.222767
0.513688
0.216529
0.747205
0.226887
0.203121
0.442064
0.797739
0.260744
0.056994
0.346079
0.268504
0.846591
0.170178
0.751025
0.395943
0.266696
0.227176
0.356202
0.023577
0.181634
0.331197
0.522326
0.638129
0.279072
0.259235
0.500964
0.576287
0.337794
0.689914
0.211058
0.708229
0.539442
0.670515
0.094401
0.654311
0.243414
0.519976
0.265239
0.603122
0.302715
0.42772
0.140496
0.131459
0.419662
0.511662
0.510493
0.212463
0.802876
0.209077
0.443011
0.400637
0.188019
0.128883
0.083189
0.37733
0.521353
0.113095
0.463047
0.152151
0.25893
0.507254
0.222452
0.585735
0.23446
0.212789
0.393714
0.561398
0.1794
0.775737
0.247892
0.720104
0.203422
0.556759
0.458109
0.68393
0.475991
0.152767
0.515448
0.099812
0.397593
0.501865
0.208476
0.631597
0.258004
0.182834
0.488599
0.685354
0.475668
0.305584
0.396361
0.700294
0.058725
0.125116
0.474044
0.116222
0.120842
0.609725
0.6311
0.037114
0.203606
0.090875
0.314406
0.544744
0.382564
0.058636
0.110228
0.496648
0.711587
0.495281
0.665608
0.058536
0.536486
0.200641
0.139567
0.541437
0.789528
0.525723
0.304789
0.36427
0.71724
0.84169
0.663762
0.155039
0.464673
0.427461
0.507131
0.345325
0.693209
0.571903
0.40876
0.595972
0.153555
0.193139
0.448467
0.25711
0.715943
0.479799
0.881139
0.61092
0.260309
0.580954
0.284222
0.086557
0.223881
0.267902
0.1549
0.561818
0.386396
0.822837
0.250049
0.109118
0.302141
0.030295
0.533297
0.206785
0.84877
0.176044
0.014035
0.689985
0.354443
0.184965
0.510347
0.381084
0.465325
0.769705
0.450882
0.290959
0.642569
0.661665
0.351742
0.134514
0.452996
0.363269
0.033689
0.194554
0.284944
0.246642
0.396172
0.660808
0.427801
0.536055
0.740521
0.226023
0.558564
0.576408
0.543428
0.067501
0.161585
0.368709
0.620206
0.014358
0.18962
0.13151
0.077407
0.629365
0.451598
0.339281
0.579266
0.157245
0.790404
0.239948
0.512517
0.321746
0.35518
0.370237
0.723787
0.276917
0.424016
0.338354
0.855535
0.315844
0.499153
0.687982
0.269844
0.576233
0.517466
0.519627
0.141682
0.465846
0.334335
0.492259
0.571585
0.086514
0.443669
0.438963
0.044769
0.223939
0.494136
0.327561
0.813857
0.515507
0.100209
0.137222
0.272545
0.268002
0.514626
0.455964
0.82986
0.072588
0.667049
0.329326
0.651536
0.403217
0.692776
0.68757
0.345469
0.208944
0.415925
0.0488
0.35274
0.829693
0.460563
0.591849
0.890302
0.448604
0.284414
0.57368
0.144901
0.655599
0.359703
0.222843
0.280671
0.513515
0.460958
0.190782
0.325542
0.46828
0.357758
0.713841
0.035102
0.678159
0.365069
0.114192
0.04841
0.019972
0.365188
0.691264
0.254968
0.75501
0.241918
0.378471
0.698106
0.717568
0.074046
0.120265
0.351537
0.435252
0.65589
0.104403
0.467263
0.383037
0.408673
0.22255
0.620018
0.027523
0.162952
0.652269
0.094326
0.400877
0.497981
0.31074
0.523826
0.357582
0.349142
0.11387
0.373486
0.711329
0.456409
0.222955
0.286734
0.615502
0.127058
0.243888
0.338885
0.454606
0.773711
0.528705
0.762299
0.406033
0.704529
0.341457
0.216891
0.260949
0.579073
0.680503
0.55539
0.638849
0.562974
0.166048
0.12283
0.539058
0.284661
0.860561
0.643622
0.099988
0.747059
0.328391
0.817258
0.574665
0.146741
0.466425
0.364623
0.390311
0.12326
0.427346
0.24531
0.383103
0.205991
0.567592
0.083628
0.459356
0.153572
0.097597
0.261395
0.283226
0.615473
0.814327
0.347047
0.224462
0.445213
0.555302
0.783091
0.580312
0.159818
0.129662
0.576181
0.491178
0.590152
0.524443
0.80478
0.270658
0.231885
0.443816
0.403465
0.409325
0.348097
0.391022
0.535548
0.507427
0.671713
0.31692
0.412452
0.114189
0.535355
0.307434
0.572045
0.677699
0.205417
0.277471
0.024977
0.236454
0.528252
0.550538
0.399562
0.647113
0.257042
0.369987
0.359978
0.479106
0.2307
0.287248
0.444921
0.246028
0.131275
0.705725
0.231994
0.219472
0.436106
0.419377
0.637737
0.525551
0.197181
0.290081
0.252704
0.20697
0.257691
0.705753
0.070748
0.550017
0.480051
0.233369
0.79706
0.354898
0.683273
0.880372
0.181958
0.503111
0.269802
0.580206
0.423329
0.844388
0.607681
0.528144
0.734009
0.322735
0.82724
0.334601
0.170486
0.47532
0.085924
0.56462
0.188393
0.399063
0.644634
0.457636
0.300404
0.272357
0.62721
0.014991
0.422024
0.044236
0.549278
0.051068
0.627256
0.602274
0.587856
0.74484
0.361147
0.12442
0.079036
0.563034
0.747327
0.741643
0.116675
0.884765
0.035287
0.363437
0.882923
0.318191
0.300094
0.544301
0.716142
0.308897
0.628046
0.282208
0.592908
0.598852
0.422946
0.823459
0.302386
0.339056
0.623667
0.285056
0.315202
0.24683
0.127445
0.232388
0.48791
0.013024
0.913671
0.391332
0.531534
0.359737
0.171849
0.224254
0.550437
0.399191
0.158436
0.679534
0.73649
0.309128
0.173366
0.673961
0.54774
0.253551
0.803308
0.17769
0.451605
0.74985
0.066326
0.472635
0.23161
0.507974
0.708322
0.030246
0.181948
0.184804
0.244209
0.201777
0.308717
0.255538
0.701304
0.652799
0.18099
0.342536
0.774397
0.741439
0.193473
0.034803
0.266273
0.616793
0.545428
0.240366
0.701347
0.206429
0.607244
0.529181
0.118532
0.660827
0.185278
0.605364
0.838358
0.247466
0.300594
0.149031
0.198574
0.456624
0.185516
0.679995
0.181932
0.165404
0.305942
0.071922
0.058251
0.402541
0.332198
0.376111
0.693681
0.198655
0.256437
0.495425
0.618206
0.779134
0.660944
0.702398
0.275789
0.437563
0.506158
0.500326
0.35469
0.473851
0.641237
0.169999
0.773612
0.255067
0.121229
0.453934
0.655624
0.24942
0.447605
0.472583
0.622601
0.191404
0.232631
0.223675
0.530028
0.491496
0.39924
0.55035
0.191823
0.425626
0.097553
0.297205
0.766514
0.273261
0.612295
0.141836
0.585639
0.563728
0.449657
0.133401
0.186898
0.577584
0.233455
0.549697
0.371687
0.347024
0.509305
0.77978
0.787477
0.729568
0.560698
0.110322
0.62758
0.831514
0.206118
0.23279
0.221052
0.38698
0.437434
0.516325
0.216445
0.707292
0.753878
0.43373
0.670958
0.642015
0.075104
0.167912
0.08157
0.408807
0.146162
0.663653
0.678532
0.49016
0.13223
0.163127
0.07586
0.57507
0.311453
0.790536
0.791444
0.584245
0.209716
0.448478
0.552309
0.162012
0.731385
0.59264
0.77573
0.726723
0.424252
0.455616
0.496634
0.32477
0.365862
0.655457
0.75098
0.526979
0.874875
0.32533
0.39352
0.22887
0.648054
0.244668
0.543987
0.824247
0.61229
0.639726
0.517604
0.494186
0.639859
0.849683
0.473311
0.612673
0.429838
0.227572
0.798037
0.602707
0.288668
0.732532
0.115936
0.427612
0.293449
0.079715
0.156357
0.829989
0.138768
0.738299
0.098374
0.606269
0.013522
0.576151
0.463437
0.480719
0.42999
0.139747
0.566817
0.544653
0.21274
0.082257
0.313731
0.375685
0.507861
0.647486
0.06046
0.457601
0.373025
0.501793
0.598831
0.589478
0.658457
0.270325
0.264661
0.432977
0.554223
0.275987
0.668131
0.542222
0.279035
0.42983
0.275629
0.625766
0.725627
0.454806
0.668593
0.376231
0.599478
0.403895
0.578975
0.315979
0.296078
0.522542
0.85493
0.01032
0.172776
0.521751
0.182527
0.08617
0.154586
0.573096
0.419928
0.105619
0.564752
0.152939
0.31413
0.42214
0.733751
0.464152
0.282351
0.442591
0.064312
0.352726
0.450301
0.810257
0.545472
0.687697
0.418674
0.201736
0.566624
0.527816
0.35394
0.628947
0.120102
0.553716
0.628529
0.215111
0.106759
0.174524
0.404737
0.41156
0.759618
0.648494
0.447377
0.145957
0.205994
0.473468
0.188836
0.841496
0.651759
0.684359
0.085987
0.803313
0.581559
0.30126
0.333288
0.234753
0.47024
0.084978
0.673732
0.5919
0.32616
0.628402
0.579701
0.08179
0.683527
0.317631
0.650013
0.379111
0.172308
0.112483
0.772296
0.481481
0.167321
0.729339
0.274663
0.295729
0.152681
0.055796
0.354428
0.68561
0.186903
0.521139
0.581732
0.525601
0.265647
0.584448
0.517364
0.61937
0.395562
0.431927
0.063749
0.45757
0.757847
0.575944
0.584348
0.289692
0.332449
0.17758
0.815478
0.480638
0.571197
0.49267
0.307208
0.646698
0.55705
0.401752
0.410769
0.138686
0.154241
0.284057
0.293209
0.657741
0.430679
0.204854
0.464402
0.504277
0.532446
0.5059
0.405145
0.850521
0.148138
0.612148
0.098154
0.253228
0.12795
0.319573
0.443918
0.202862
0.532467
0.460085
0.297244
0.554538
0.742324
0.408089
0.334658
0.207457
0.442526
0.408382
0.285605
0.604372
0.184507
0.262286
0.588333
0.492098
0.22319
0.789663
0.151929
0.748548
0.107684
0.154359
0.625562
0.233031
0.29408
0.208081
0.41813
0.125831
0.559262
0.423057
0.308174
0.745058
0.230155
0.835654
0.651562
0.320586
0.177022
0.478734
0.572708
0.626814
0.223432
0.315858
0.63214
0.269074
0.542869
0.331052
0.460853
0.341451
0.475853
0.644122
0.194753
0.380828
0.456393
0.141928
0.599479
0.632268
0.242659
0.462243
0.332845
0.566795
0.625886
0.160773
0.393871
0.389861
0.323219
0.284117
0.137026
0.640942
0.240248
0.847092
0.607983
0.517953
0.332627
0.429784
0.285393
0.438456
0.43348
0.181747
0.418353
0.525896
0.77404
0.423052
0.681401
0.239767
0.650985
0.137923
0.312319
0.129258
0.15503
0.470942
0.372879
0.467904
0.214831
0.603445
0.493899
0.271779
0.498541
0.31969
0.441105
0.32215
0.455269
0.054823
0.339011
0.274936
0.008538
0.136095
0.537368
0.269049
0.152241
0.594689
0.661319
0.181918
0.149726
0.719063
0.288348
0.577044
0.65737
0.458475
0.299177
0.318272
0.336183
0.043199
0.223734
0.307664
0.477444
0.514099
0.228287
0.573437
0.245951
0.371254
0.452526
0.229498
0.79156
0.519725
0.736134
0.601762
0.366908
0.761719
0.407869
0.624761
0.540573
0.682704
0.676058
0.332361
0.221884
0.774438
0.520993
0.595068
0.354025
0.227346
0.464151
0.320988
0.719635
0.885124
0.207387
0.257412
0.426333
0.431119
0.706929
0.650765
0.431157
0.74573
0.457994
0.366012
0.452353
0.114897
0.242878
0.739296
0.213744
0.253564
0.403843
0.461071
0.546691
0.36244
0.418239
0.590147
0.658049
0.331476
0.463379
0.498319
0.620427
0.083753
0.752801
0.473367
0.674342
0.518476
0.240096
0.07486
0.349052
0.500595
0.475383
0.759143
0.450266
0.594712
0.646312
0.379223
0.694911
0.525393
0.382554
0.057964
0.514095
0.715647
0.231663
0.048247
0.369454
0.454164
0.360553
0.151273
0.887923
0.245149
0.628426
0.406045
0.543399
0.625967
0.628133
0.074338
0.30259
0.155991
0.830043
0.78682
0.778552
0.546579
0.822266
0.40306
0.690329
0.422356
0.670505
0.438971
0.687328
0.62927
0.744941
0.372084
0.898357
0.138485
0.297732
0.009558
0.305564
0.369229
0.383527
0.329241
0.428946
0.550974
0.518266
0.568247
0.573924
0.467672
0.191666
0.197118
0.777103
0.713004
0.124958
0.17869
0.090195
0.380444
0.232804
0.888747
0.451082
0.476253
0.656105
0.446632
0.346853
0.80305
0.29731
0.199629
0.331553
0.48117
0.243486
0.249864
0.432041
0.732277
0.184863
0.347531
0.214203
0.394277
0.192214
0.292266
0.336676
0.147883
0.470967
0.381724
0.797555
0.398076
0.263956
0.71649
0.480614
0.154433
0.78388
0.918652
0.249232
0.192774
0.318329
0.060399
0.699293
0.593236
0.677202
0.253221
0.780801
0.141621
0.321152
0.657906
0.58764
0.300803
0.409123
0.288858
0.688227
0.819802
0.73831
0.173627
0.659485
0.095723
0.710438
0.557638
0.264355
0.648474
0.32817
0.75214
0.19814
0.522005
0.487867
0.804521
0.602338
0.225803
0.191068
0.558806
0.393688
0.403569
0.162319
0.427645
0.495227
0.169072
0.811508
0.149663
0.625624
0.418814
0.470396
0.594689
0.770634
0.149031
0.623119
0.239834
0.436565
0.82405
0.15686
0.835191
0.222688
0.326135
0.566372
0.102135
0.479755
0.618705
0.315692
0.557531
0.328482
0.779683
0.281606
0.536772
0.439915
0.562624
0.446914
0.058058
0.633115
0.922174
0.553149
0.199176
0.395532
0.451433
0.586435
0.530465
0.924159
0.326648
0.364492
0.007836
0.641182
0.189658
0.30603
0.204903
0.32233
0.28283
0.694112
0.075691
0.096114
0.665075
0.203666
0.318437
0.5147
0.623161
0.071607
0.383941
0.286975
0.838198
0.42389
0.823773
0.744614
0.60033
0.336571
0.69102
0.612808
0.532712
0.501945
0.806817
0.430702
0.202317
0.906124
0.686825
0.209093
0.765996
0.457287
0.634213
0.748838
0.224979
0.479613
0.440232
0.454629
0.27494
0.592122
0.536688
0.295071
0.282489
0.673303
0.616305
0.674857
0.843582
0.141323
0.756139
0.141368
0.431271
0.10775
0.773722
0.475893
0.131993
0.342571
0.579093
0.529171
0.33593
0.680708
0.30775
0.639904
0.094228
0.733464
0.11195
0.100954
0.248825
0.672826
0.657863
0.195393
0.591079
0.360854
0.490192
0.419175
0.188034
0.517831
0.165603
0.463003
0.246594
0.549207
0.479507
0.138744
0.28707
0.537642
0.771927
0.755431
0.766112
0.41876
0.326987
0.153979
0.16987
0.316921
0.390857
0.112442
0.340288
0.602445
0.504246
0.353008
0.631884
0.467532
0.505673
0.502352
0.442177
0.226486
0.464427
0.763888
0.774041
0.50941
0.774365
0.375259
0.710892
0.420112
0.334923
0.103298
0.518939
0.061994
0.223934
0.398359
0.547806
0.150352
0.151537
0.422323
0.598376
0.240618
0.439351
0.246675
0.410919
0.466748
0.161161
0.35224
0.370635
0.48229
0.564225
0.703776
0.567123
0.502114
0.218713
0.265327
0.170902
0.205293
0.609211
0.501771
0.392889
0.627944
0.685128
0.395853
0.754254
0.555061
0.52656
0.359282
0.693244
0.379539
0.56543
0.672356
0.320518
0.129802
0.094619
0.295522
0.371673
0.888126
0.78754
0.393333
0.4007
0.16029
0.307593
0.3076
0.537152
0.679205
0.831754
0.558764
0.259177
0.142025
0.347615
0.935246
0.827662
0.760874
0.608732
0.179529
0.628035
0.854302
0.182494
0.401947
0.816165
0.375034
0.617203
0.462448
0.518179
0.337248
0.12627
0.500518
0.526954
0.112601
0.263111
0.552318
0.662627
0.81354
0.695796
0.257389
0.634408
0.192834
0.868343
0.591463
0.453015
0.593443
0.205638
0.372781
0.36787
0.513045
0.079056
0.606747
0.58129
0.443091
0.762532
0.301526
0.518126
0.262196
0.809027
0.289794
0.150665
0.400315
0.664365
0.538088
0.51661
0.24882
0.454344
0.15831
0.5975
0.231798
0.21238
0.094824
0.347431
0.371755
0.649441
0.120799
0.286084
0.728635
0.255392
0.474706
0.562823
0.426093
0.55604
0.248183
0.27516
0.239571
0.927786
0.57662
0.413883
0.381428
0.208873
0.385484
0.780512
0.348171
0.684288
0.340657
0.401899
0.418904
0.479508
0.835619
0.242462
0.55191
0.410524
0.422107
0.109748
0.660525
0.298105
0.57722
0.266749
0.302629
0.583981
0.713712
0.258352
0.441296
0.392439
0.396506
0.504289
0.589119
0.386309
0.239082
0.560128
0.800933
0.700493
0.215086
0.475053
0.559224
0.330248
0.052581
0.75297
0.645367
0.62845
0.529973
0.471834
0.435688
0.632613
0.415289
0.279824
0.498406
0.426472
0.818346
0.473052
0.374833
0.720546
0.279843
0.291283
0.142855
0.401104
0.785757
0.084455
0.513301
0.482509
0.485354
0.890808
0.273239
0.225351
0.362861
0.468307
0.671211
0.597251
0.455024
0.757943
0.355593
0.486017
0.278884
0.186639
0.391187
0.488837
0.611199
0.238875
0.402937
0.658084
0.110785
0.474963
0.366038
0.664847
0.359888
0.792995
0.489426
0.473093
0.636895
0.293227
0.079414
0.45477
0.245738
0.14832
0.32414
0.440815
0.333979
0.358773
0.531114
0.177693
0.383447
0.36545
0.238166
0.592328
0.305383
0.143344
0.094947
0.41496
0.382959
0.215867
0.55914
0.19312
0.502592
0.471118
0.083692
0.413672
0.435801
0.256764
0.525896
0.674597
0.717147
0.747174
0.112144
0.794441
0.400071
0.184214
0.561889
0.391741
0.751212
0.373462
0.588925
0.573347
0.367877
0.353866
0.599203
0.313806
0.828595
0.528687
0.342124
0.187014
0.288984
0.153324
0.699445
0.856679
0.650833
0.224999
0.525964
0.266025
0.324087
0.080056
0.479582
0.841166
0.444188
0.334755
0.279119
0.335082
0.454221
0.485261
0.326092
0.294819
0.150397
0.662482
0.585348
0.881128
0.614134
0.406484
0.479846
0.610147
0.242687
0.44658
0.816477
0.685606
0.226422
0.661561
0.828744
0.448552
0.430565
0.492496
0.579148
0.705922
0.113189
0.23203
0.452217
0.774679
0.256776
0.502439
0.109098
0.368272
0.254055
0.2969
0.088246
0.365023
0.325202
0.245083
0.814264
0.523623
0.87516
0.087578
0.548443
0.695905
0.597758
0.75868
0.419476
0.373314
0.766792
0.428791
0.172767
0.871498
0.565903
0.795418
0.555598
0.384927
0.584689
0.833087
0.061676
0.38916
0.252967
0.3719
0.694794
0.028832
0.653504
0.50268
0.565364
0.077704
0.403955
0.427871
0.549466
0.361542
0.82158
0.370018
0.540801
0.324354
0.215641
0.611113
0.359246
0.334475
0.560373
0.121145
0.34283
0.105702
0.322269
0.549712
0.169485
0.448457
0.551199
0.599063
0.412939
0.263949
0.640526
0.530079
0.09609
0.68142
0.393585
0.109552
0.726559
0.358671
0.422756
0.522349
0.230522
0.333104
0.444899
0.322896
0.808766
0.482856
0.302258
0.887154
0.246606
0.030026
0.658162
0.471447
0.547725
0.386613
0.553265
0.735113
0.527136
0.356361
0.601966
0.253522
0.296815
0.811106
0.425061
0.515543
0.585383
0.327764
0.78437
0.576652
0.124346
0.705556
0.597897
0.368336
0.596607
0.25283
0.558723
0.580913
0.341932
0.396294
0.429399
0.133526
0.27596
0.810237
0.126064
0.416434
0.573967
0.52645
0.288625
0.376745
0.568665
0.636392
0.736015
0.112762
0.479065
0.533691
0.13507
0.18146
0.576135
0.524188
0.301914
0.50022
0.708255
0.380165
0.721032
0.25758
0.25777
0.344464
0.293817
0.373948
0.742011
0.588415
0.20718
0.209366
0.350738
0.842107
0.187414
0.243873
0.78381
0.120362
0.293227
0.783671
0.162818
0.807598
0.824871
0.480795
0.015275
0.751709
0.582546
0.065828
0.31823
0.514739
0.151395
0.542181
0.231817
0.466361
0.512326
0.416139
0.58895
0.608083
0.74623
0.395929
0.416538
0.22203
0.595103
0.374238
0.721672
0.581758
0.733162
0.651982
0.567584
0.643802
0.626527
0.449018
0.398145
0.833433
0.527833
0.097215
0.539736
0.3459
0.475343
0.536636
0.452107
0.059433
0.727542
0.169145
0.378052
0.429689
0.289472
0.751727
0.677004
0.747138
0.784999
0.499047
0.775795
0.335461
0.754521
0.283022
0.410241
0.210416
0.607179
0.780363
0.373583
0.290201
0.288789
0.206418
0.735806
0.258619
0.212131
0.479835
0.548318
0.352918
0.303708
0.595396
0.590466
0.809114
0.409956
0.743785
0.421656
0.816704
0.624881
0.355373
0.186773
0.805225
0.100786
0.501614
0.341233
0.263906
0.153276
0.013899
0.354908
0.37965
0.456899
0.580505
0.577214
0.481544
0.352479
0.891979
0.265962
0.394108
0.430146
0.697857
0.701782
0.547023
0.562048
0.398843
0.275278
0.310571
0.859365
0.653655
0.457828
0.368479
0.641877
0.53857
0.478634
0.56785
0.767212
0.792479
0.598218
0.530266
0.561881
0.647072
0.609577
0.417761
0.290678
0.498342
0.302589
0.67772
0.308
0.65908
0.246298
0.319236
0.407366
0.512991
0.523743
0.457862
0.305822
0.662635
0.897149
0.263284
0.654908
0.655337
0.194781
0.708589
0.60922
0.245136
0.151446
0.763097
0.894805
0.528232
0.621084
0.691311
0.698311
0.429779
0.519608
0.548965
0.675317
0.511328
0.277005
0.214991
0.537651
0.809479
0.213627
0.365838
0.350377
0.289242
0.53688
0.261169
0.546981
0.588416
0.19773
0.813802
0.605177
0.097175
0.726695
0.388147
0.185122
0.042699
0.911155
0.567673
0.10712
0.761951
0.3544
0.590335
0.228569
0.626159
0.438082
0.389099
0.538136
0.76906
0.826636
0.828643
0.348809
0.606384
0.272494
0.1926
0.796555
0.483305
0.539247
0.282113
0.17594
0.176033
0.338013
0.358179
0.228149
0.371969
0.68228
0.4902
0.78938
0.258582
0.723426
0.776241
0.24279
0.744465
0.200109
0.519945
0.638985
0.23919
0.391478
0.221653
0.717538
0.441111
0.150463
0.362838
0.122184
0.368762
0.386153
0.531133
0.59864
0.569441
0.193684
0.329491
0.534477
0.376723
0.503001
0.401091
0.739461
0.838472
0.842634
0.558981
0.63538
0.527162
0.499742
0.205314
0.211529
0.693649
0.419391
0.350951
0.641856
0.012067
0.511883
0.664804
0.288798
0.564788
0.538102
0.836909
0.418057
0.143928
0.509396
0.114296
0.33658
0.438616
0.591925
0.643827
0.521758
0.555951
0.589646
0.684701
0.406421
0.666985
0.756704
0.411355
0.200416
0.192973
0.317278
0.458616
0.663155
0.193004
0.139103
0.392762
0.348782
0.526296
0.452075
0.685863
0.275804
0.419765
0.382331
0.592652
0.486834
0.555286
0.669704
0.479419
0.811568
0.132331
0.320008
0.748679
0.225253
0.033621
0.213595
0.742993
0.253807
0.294971
0.285401
0.725746
0.483459
0.565974
0.4556
0.685731
0.663712
0.346043
0.515633
0.724394
0.664571
0.575004
0.872751
0.50012
0.854989
0.279578
0.412139
0.847031
0.641099
0.824842
0.355356
0.043985
0.220341
0.2008
0.741951
0.510019
0.324159
0.780466
0.115387
0.446387
0.164026
0.128999
0.395377
0.146153
0.695802
0.595743
0.860669
0.197077
0.692493
0.679267
0.408848
0.482629
0.268076
0.257511
0.685124
0.313312
0.682381
0.753168
0.154115
0.378477
0.13488
0.381593
0.575984
0.782793
0.652241
0.716316
0.453436
0.823942
0.838958
0.697725
0.391748
0.795762
0.14759
0.604908
0.845242
0.092689
0.29917
0.071556
0.627525
0.73353
0.335785
0.29601
0.21668
0.104228
0.134978
0.487039
0.390413
0.508953
0.438939
0.488831
0.793782
0.144233
0.472706
0.245129
0.498456
0.584137
0.242635
0.59618
0.118325
0.787328
0.071739
0.626422
0.166332
0.143167
0.076531
0.567509
0.069612
0.534335
0.559705
0.082935
0.906265
0.368517
0.3139
0.284881
0.560418
0.482003
0.608511
0.711134
0.793766
0.325484
0.480923
0.849261
0.480691
0.513926
0.671625
0.23304
0.846527
0.363496
0.721889
0.626517
0.458123
0.393165
0.502624
0.588684
0.583995
0.240999
0.38067
0.165481
0.299142
0.352284
0.320065
0.535316
0.819999
0.714314
0.557234
0.54776
0.844229
0.725703
0.9035
0.142027
0.379861
0.347061
0.706175
0.432749
0.452962
0.147366
0.90333
0.547439
0.161168
0.151516
0.645533
0.922864
0.413286
0.746977
0.105378
0.254194
0.752789
0.758219
0.710902
0.361146
0.368619
0.468819
0.477028
0.595123
0.370431
0.81763
0.527579
0.43094
0.586477
0.287349
0.431845
0.776244
0.393461
0.595537
0.610174
0.382517
0.438714
0.304841
0.827161
0.534385
0.49324
0.347247
0.564071
0.332489
0.523999
0.44634
0.095041
0.232128
0.490455
0.502284
0.589841
0.536741
0.571668
0.822158
0.33047
0.543755
0.191534
0.848815
0.498288
0.674616
0.328446
0.226046
0.269656
0.673591
0.14543
0.631208
0.829052
0.690481
0.340348
0.676014
0.650877
0.64187
0.462393
0.310194
0.531902
0.592224
0.574384
0.538559
0.779955
0.270729
0.58418
0.451135
0.701434
0.580286
0.672799
0.633075
0.49129
0.111885
0.791768
0.717749
0.689377
0.385879
0.772744
0.184039
0.813155
0.207557
0.411288
0.180903
0.659713
0.559872
0.110148
0.764362
0.136047
0.196907
0.595523
0.296084
0.280386
0.488155
0.569265
0.798383
0.658771
0.783122
0.299561
0.405342
0.80538
0.010464
0.589895
0.882578
0.909522
0.588123
0.313663
0.22809
0.355322
0.401889
0.218893
0.662852
0.607765
0.791584
0.386422
0.641535
0.677959
0.551507
0.470849
0.458344
0.796353
0.260717
0.349378
0.375898
0.584923
0.54937
0.674267
0.800271
0.39008
0.10208
0.593489
0.315051
0.65467
0.747388
0.572464
0.400453
0.522117
0.408582
0.337469
0.131196
0.766321
0.429131
0.713742
0.708743
0.143303
0.281171
0.30037
0.704899
0.244069
0.42442
0.095646
0.367407
0.38584
0.814637
0.464778
0.08379
0.784146
0.233042
0.714405
0.503521
0.363085
0.189455
0.238355
0.713933
0.471933
0.879775
0.600464
0.277425
0.668486
0.619215
0.311468
0.578414
0.595601
0.566927
0.447504
0.389737
0.61274
0.310083
0.434873
0.632834
0.566227
0.824209
0.504369
0.370092
0.355406
0.76285
0.498539
0.533507
0.21615
0.881253
0.252588
0.605282
0.220287
0.34641
0.865292
0.540213
0.789587
0.767516
0.504533
0.072189
0.627836
0.292176
0.682272
0.648407
0.481139
0.245399
0.6719
0.602398
0.740768
0.723441
0.452472
0.537852
0.688425
0.56331
0.618352
0.043459
0.327653
0.459757
0.811333
0.453311
0.125688
0.394394
0.387469
0.189789
0.416207
0.696837
0.680761
0.88773
0.37879
0.495418
0.856402
0.389459
0.325604
0.505787
0.664024
0.460174
0.802543
0.176419
0.132103
0.222077
0.47477
0.263162
0.600773
0.435067
0.831526
0.574489
0.519923
0.36919
0.20637
0.710964
0.935041
0.577037
0.352778
0.391038
0.515454
0.755183
0.643437
0.761647
0.498826
0.105088
0.259119
0.31258
0.728326
0.691801
0.692024
0.297674
0.554857
0.441283
0.473014
0.667747
0.334494
0.792373
0.479086
0.741303
0.571271
0.553957
0.791654
0.345491
0.430375
0.374414
0.166319
0.576445
0.204675
0.22524
0.423252
0.228322
0.747896
0.78172
0.317561
0.486138
0.292497
0.275641
0.523887
0.525684
0.767392
0.426574
0.502607
0.780103
0.807636
0.164732
0.426926
0.420537
0.57326
0.462575
0.20602
0.4916
0.386091
0.201938
0.847141
0.629766
0.317813
0.310339
0.445159
0.361126
0.83445
0.827734
0.555656
0.708377
0.335762
0.78631
0.336507
0.561789
0.49938
0.571779
0.581519
0.535607
0.498788
0.060855
0.150738
0.25568
0.37689
0.683256
0.384785
0.385066
0.605758
0.086947
0.307307
0.483121
0.356952
0.337136
0.448541
0.799554
0.421198
0.27171
0.298939
0.27749
0.649895
0.726051
0.625016
0.517207
0.815596
0.882631
0.404021
0.524984
0.494939
0.864537
0.134373
0.641644
0.567315
0.70391
0.491878
0.328815
0.731962
0.772008
0.808727
0.177852
0.296331
0.493495
0.752402
0.714238
0.497035
0.341469
0.302208
0.289732
0.475666
0.599476
0.441099
0.163349
0.401873
0.631462
0.678011
0.592537
0.664409
0.652744
0.747899
0.601755
0.548912
0.577523
0.652436
0.75524
0.233702
0.456698
0.284531
0.168608
0.906611
0.310715
0.52507
0.15558
0.3391
0.578851
0.750553
0.697389
0.594114
0.521269
0.567431
0.759045
0.743389
0.337536
0.649202
0.67074
0.736398
0.814252
0.259181
0.536481
0.271014
0.465045
0.416417
0.227814
0.591418
0.296119
0.244555
0.305591
0.365463
0.351452
0.274284
0.125076
0.294548
0.834205
0.488469
0.653723
0.285459
0.466691
0.606163
0.718144
0.910738
0.650349
0.418242
0.611007
0.744053
0.658952
0.4567
0.306984
0.822987
0.235891
0.539124
0.401212
0.282827
0.385585
0.742167
0.728094
0.595304
0.683686
0.536827
0.684856
0.696505
0.377515
0.203142
0.255
0.691535
0.599716
0.488112
0.483379
0.300119
0.410909
0.377043
0.587353
0.641056
0.485433
0.426108
0.556316
0.519614
0.22693
0.878322
0.347444
0.353979
0.834568
0.783973
0.427848
0.708443
0.319689
0.231597
0.552662
0.319267
0.165686
0.57163
0.654672
0.495784
0.497435
0.61458
0.328639
0.631414
0.388188
0.252828
0.47625
0.322196
0.159424
0.444947
0.779349
0.556524
0.296454
0.450565
0.348808
0.629643
0.130592
0.551106
0.810878
0.241817
0.241471
0.712916
0.462596
0.508041
0.607026
0.794035
0.616945
0.595266
0.107518
0.689975
0.681731
0.519906
0.380168
0.39474
0.6604
0.486142
0.932731
0.27298
0.483016
0.690982
0.711008
0.39398
0.731801
0.766133
0.243802
0.439767
0.481081
0.361814
0.408464
0.467736
0.734712
0.286039
0.534958
0.155329
0.68983
0.518066
0.863612
0.79763
0.784154
0.180238
0.881476
0.491812
0.621045
0.415297
0.733873
0.861903
0.243272
0.718852
0.0649
0.186471
0.427274
0.300807
0.378562
0.714108
0.564732
0.783058
0.645894
0.212131
0.114218
0.596635
0.877178
0.258398
0.335985
0.408241
0.467589
0.63807
0.402273
0.579235
0.71985
0.369097
0.52814
0.743714
0.214018
0.653908
0.116785
0.443096
0.688567
0.375252
0.670042
0.454441
0.638413
0.721792
0.055739
0.63312
0.134411
0.81356
0.702537
0.181666
0.7991
0.459253
0.440713
0.583392
0.553466
0.316758
0.421793
0.739735
0.731615
0.219252
0.777868
0.556652
0.450163
0.728836
0.56543
0.608251
0.884578
0.674053
0.523787
0.278041
0.775215
0.210152
0.525159
0.781276
0.571297
0.735907
0.343671
0.750425
0.907475
0.148317
0.405994
0.562494
0.333595
0.488041
0.258988
0.735719
0.432733
0.70414
0.745833
0.59855
0.533988
0.487602
0.738465
0.222527
0.819103
0.506253
0.674683
0.771641
0.423353
0.799469
0.765967
0.215565
0.803786
0.149391
0.320313
0.31064
0.835714
0.855049
0.483493
0.64195
0.7229
0.53994
0.469628
0.375904
0.554587
0.765844
0.552388
0.194633
0.781919
0.852563
0.427365
0.498709
0.572559
0.901768
0.409264
0.699762
0.840243
0.50221
0.668153
0.611278
0.233199
0.464862
0.456184
0.841521
0.695723
0.835933
0.719019
0.571381
0.287883
0.234328
0.323576
0.669542
0.648956
0.203281
0.42634
0.602508
0.366283
0.558537
0.452491
0.372255
0.083188
0.520989
0.438813
0.771947
0.629356
0.189489
0.729792
0.617944
0.59528
0.951586
0.765926
0.289338
0.638731
0.672567
0.597351
0.694886
0.524817
0.747827
0.541379
0.341712
0.715614
0.657612
0.061051
0.91829
0.841196
0.601167
0.354888
0.692823
0.360206
0.630256
0.146738
0.325958
0.3129
0.28284
0.825363
0.168142
0.24636
0.825893
0.655651
0.241692
0.660128
0.522403
0.227955
0.437641
0.515715
0.84091
0.620049
0.77758
0.638313
0.686117
0.009343
0.106409
0.173348
0.697967
0.420375
0.751432
0.680224
0.473418
0.381776
0.762701
0.872173
0.597498
0.610601
0.271172
0.50369
0.475761
0.549676
0.29225
0.40148
0.735103
0.462406
0.631315
0.841438
0.74395
0.498738
0.658266
0.411207
0.304447
0.712203
0.437857
0.789296
0.52774
0.31461
0.577079
0.480148
0.218547
0.536953
0.585319
0.502262
0.829715
0.766371
0.406738
0.562405
0.315091
0.187558
0.429054
0.48181
0.319762
0.664093
0.613551
0.416101
0.290814
0.33748
0.560791
0.461157
0.77225
0.673914
0.704263
0.848486
0.198196
0.107511
0.479114
0.478981
0.70062
0.169063
0.719849
0.870208
0.606843
0.661174
0.720055
0.516656
0.6985
0.707208
0.444112
0.654223
0.861675
0.616338
0.109755
0.309975
0.590933
0.338658
0.63214
0.373745
0.550651
0.649797
0.614151
0.280395
0.783712
0.62191
0.38455
0.414152
0.853225
0.399725
0.474192
0.615255
0.624047
0.508844
0.519166
0.741584
0.851747
0.755018
0.154796
0.474561
0.720189
0.620232
0.702448
0.595254
0.752977
0.273426
0.517477
0.690915
0.794533
0.357126
0.594064
0.331526
0.680681
0.696838
0.612427
0.650463
0.42889
0.520634
0.111172
0.797289
0.402555
0.495218
0.466296
0.815793
0.757708
0.367883
0.476142
0.201788
0.708505
0.517162
0.74424
0.452097
0.420609
0.374326
0.281828
0.807689
0.640286
0.552629
0.48825
0.048778
0.728982
0.549184
0.289659
0.10463
0.504777
0.619505
0.547201
0.287904
0.183056
0.31155
0.213314
0.390742
0.416002
0.623134
0.570133
0.415126
0.733497
0.686978
0.205495
0.521549
0.34621
0.728538
0.441479
0.529487
0.39853
0.298721
0.381678
0.560623
0.531225
0.554803
0.904037
0.331574
0.575477
0.418914
0.666951
0.44569
0.358529
0.41096
0.73197
0.786002
0.175885
0.480906
0.329808
0.830755
0.551093
0.194905
0.700892
0.734617
0.5783
0.555883
0.654433
0.239168
0.439234
0.692149
0.468413
0.790726
0.948188
0.745527
0.315502
0.111108
0.225013
0.536848
0.795648
0.889266
0.282528
0.70752
0.370233
0.919517
0.711905
0.598258
0.812447
0.461421
0.600869
0.361994
0.637784
0.24032
0.900758
0.346211
0.218566
0.3845
0.16417
0.647654
0.30136
0.633252
0.419691
0.520748
0.113038
0.146905
0.329867
0.727328
0.740315
0.135013
0.393986
0.819891
0.566007
0.36528
0.448784
0.54117
0.819329
0.691485
0.286304
0.543489
0.809773
0.818931
0.36252
0.265542
0.535599
0.847644
0.386211
0.388276
0.69716
0.474121
0.751831
0.777563
0.597454
0.678526
0.768719
0.346498
0.6613
0.570262
0.386258
0.542323
0.561364
0.365817
0.70797
0.865207
0.119872
0.574083
0.483657
0.627017
0.161556
0.578001
0.759858
0.274571
0.474121
0.755626
0.484157
0.513729
0.477832
0.179515
0.773658
0.739888
0.58954
0.297842
0.506061
0.869624
0.907449
0.851832
0.833488
0.449282
0.108929
0.592434
0.637021
0.367822
0.874933
0.552579
0.694591
0.522234
0.538925
0.640923
0.487284
0.330375
0.501147
0.308976
0.414709
0.449995
0.577425
0.754241
0.686259
0.365279
0.522351
0.680567
0.512247
0.40691
0.620123
0.846216
0.615767
0.32558
0.723173
0.702579
0.887415
0.572797
0.270285
0.233112
0.646556
0.896178
0.391469
0.467127
0.634488
0.383573
0.698521
0.634064
0.541732
0.194633
0.248683
0.279515
0.706027
0.67216
0.18268
0.269813
0.18952
0.521976
0.605464
0.732444
0.703116
0.574888
0.458864
0.581574
0.486515
0.326877
0.367582
0.511535
0.705737
0.463774
0.521067
0.405946
0.944734
0.262215
0.286421
0.511406
0.796344
0.716816
0.412591
0.15741
0.46001
0.808071
0.713812
0.804031
0.668985
0.458731
0.457856
0.94015
0.653
0.685349
0.541963
0.490386
0.440157
0.492502
0.670107
0.645571
0.6065
0.706317
0.45719
0.122423
0.66811
0.287852
0.738051
0.530826
0.326201
0.566946
0.641647
0.501643
0.375824
0.389309
0.386726
0.600361
0.64707
0.213953
0.507621
0.777893
0.882597
0.417006
0.756839
0.611526
0.476387
0.385241
0.481402
0.386113
0.259009
0.757077
0.661488
0.318455
0.271118
0.424494
0.569121
0.680572
0.585391
0.237616
0.325522
0.57395
0.735493
0.631635
0.191115
0.369295
0.399615
0.695801
0.684619
0.285292
0.548536
0.615252
0.898517
0.705618
0.479772
0.620588
0.475081
0.784405
0.18772
0.340589
0.82596
0.588452
0.242858
0.44824
0.736984
0.687453
0.362216
0.55233
0.652656
0.356388
0.720997
0.787999
0.116548
0.85177
0.321102
0.638588
0.903372
0.153411
0.629484
0.757032
0.78299
0.314036
0.456845
0.476673
0.650429
0.258617
0.658717
0.884391
0.437397
0.684604
0.835976
0.645665
0.430955
0.790365
0.659677
0.619943
0.536491
0.436507
0.72094
0.828091
0.589969
0.562689
0.184659
0.697313
0.893942
0.706639
0.723329
0.520352
0.640341
0.396969
0.582358
0.616389
0.558747
0.70679
0.641058
0.513784
0.262639
0.094542
0.317689
0.502798
0.247909
0.586954
0.563222
0.757271
0.560831
0.671688
0.211115
0.615952
0.240776
0.357728
0.353741
0.14081
0.84233
0.396065
0.467674
0.263296
0.754648
0.398033
0.741076
0.601769
0.433828
0.402721
0.258949
0.20741
0.713431
0.775295
0.241535
0.720168
0.676511
0.682601
0.650681
0.577475
0.717161
0.512584
0.589817
0.414273
0.18683
0.62873
0.168182
0.195612
0.409201
0.673752
0.612542
0.198906
0.50921
0.370383
0.631892
0.645472
0.697865
0.478324
0.588115
0.328141
0.383299
0.427049
0.782525
0.467978
0.53168
0.431254
0.344259
0.648109
0.762501
0.587253
0.683418
0.299881
0.705888
0.232518
0.789466
0.658005
0.681406
0.199793
0.23059
0.661123
0.357823
0.446922
0.814732
0.354453
0.559001
0.580151
0.233227
0.684152
0.447845
0.17204
0.812606
0.451438
0.481597
0.394755
0.803244
0.587381
0.563235
0.654315
0.320523
0.453956
0.673761
0.351142
0.616267
0.275364
0.648355
0.737909
0.434829
0.657617
0.482871
0.784043
0.46457
0.697861
0.407099
0.220415
0.449537
0.513667
0.343593
0.478216
0.226282
0.544122
0.339546
0.64227
0.687276
0.59401
0.425346
0.379176
0.729676
0.201233
0.679446
0.403186
0.447068
0.569143
0.388832
0.658042
0.149219
0.335654
0.617905
0.748964
0.846762
0.746151
0.653677
0.481581
0.828788
0.292102
0.913649
0.42183
0.426551
0.511696
0.452245
0.43182
0.365229
0.924508
0.609127
0.732495
0.633324
0.468085
0.691599
0.367626
0.665526
0.77101
0.676674
0.653888
0.373958
0.291071
0.300636
0.515734
0.364293
0.766501
0.9446
0.76474
0.610665
0.594105
0.302111
0.399211
0.619632
0.539257
0.758629
0.604809
0.491632
0.70422
0.818583
0.853417
0.83381
0.7872
0.76086
0.431855
0.766039
0.485975
0.514035
0.699925
0.732208
0.126219
0.740735
0.306175
0.747227
0.324715
0.870848
0.403079
0.4481
0.735693
0.467727
0.845029
0.686557
0.494302
0.568274
0.712573
0.345332
0.508201
0.345264
0.519822
0.572727
0.845517
0.442785
0.609684
0.517648
0.826126
0.758619
0.836463
0.70607
0.696213
0.285327
0.380771
0.167836
0.859086
0.49703
0.272268
0.612172
0.596798
0.6249
0.703757
0.568154
0.814563
0.540362
0.751829
0.42684
0.843521
0.353851
0.358519
0.571598
0.636731
0.367689
0.774658
0.655809
0.575844
0.566232
0.779628
0.328585
0.7327
0.949591
0.558943
0.49243
0.467367
0.492603
0.734131
0.471881
0.760102
0.495816
0.350874
0.285203
0.347366
0.460585
0.770895
0.183897
0.698386
0.523577
0.416917
0.56454
0.771959
0.638381
0.380763
0.100126
0.780263
0.551171
0.553313
0.489532
0.468581
0.572228
0.343605
0.521864
0.57908
0.257353
0.458697
0.35715
0.368063
0.316801
0.790216
0.550876
0.359343
0.356074
0.675866
0.788919
0.564308
0.369702
0.788201
0.20258
0.782994
0.633268
0.866174
0.564491
0.463097
0.570996
0.450204
0.769767
0.76517
0.368851
0.612192
0.648617
0.223419
0.419913
0.219075
0.217478
0.345332
0.400805
0.427165
0.85118
0.73035
0.663606
0.38777
0.798287
0.77276
0.372236
0.576467
0.426067
0.143888
0.286229
0.524568
0.296469
0.217793
0.638242
0.410657
0.807524
0.569195
0.375542
0.689993
0.765141
0.651563
0.798201
0.599122
0.839031
0.544375
0.784418
0.753247
0.471089
0.407089
0.660467
0.573896
0.751065
0.485455
0.56043
0.712914
0.592467
0.75589
0.549094
0.788859
0.774733
0.693033
0.570912
0.31039
0.467167
0.721278
0.559345
0.749174
0.721613
0.653004
0.431414
0.519798
0.370285
0.58727
0.570934
0.347971
0.534811
0.72522
0.703723
0.51649
0.559292
0.118685
0.52753
0.592436
0.295909
0.255485
0.312991
0.815683
0.742716
0.629838
0.761104
0.344319
0.444933
0.678349
0.550316
0.605706
0.62965
0.46885
0.675484
0.364577
0.520218
0.832308
0.730904
0.493989
0.816306
0.32233
0.604688
0.413612
0.513105
0.594763
0.587088
0.576914
0.043052
0.848043
0.485158
0.738683
0.686382
0.364846
0.615716
0.612112
0.592171
0.770512
0.145967
0.653307
0.501217
0.399424
0.863146
0.417005
0.716159
0.486911
0.50616
0.651601
0.517025
0.283848
0.395087
0.486542
0.430206
0.458451
0.479642
0.836824
0.548095
0.672859
0.490837
0.666602
0.421693
0.792236
0.142993
0.684003
0.58652
0.848329
0.809701
0.422264
0.186717
0.68203
0.516452
0.663277
0.200825
0.382403
0.755884
0.469302
0.400819
0.546584
0.439851
0.467383
0.767732
0.515392
0.821384
0.68565
0.76906
0.729282
0.387684
0.759789
0.23259
0.526884
0.601548
0.876373
0.464048
0.327842
0.379787
0.78888
0.43821
0.823348
0.440102
0.490031
0.697031
0.468704
0.171002
0.470446
0.290434
0.505687
0.650928
0.791683
0.776301
0.171169
0.088229
0.406127
0.844708
0.679574
0.332832
0.69335
0.254782
0.935168
0.448798
0.600703
0.786151
0.256071
0.500349
0.609264
0.705198
0.840374
0.267405
0.633618
0.746321
0.431472
0.567661
0.192204
0.5352
0.560379
0.451015
0.093191
0.721513
0.409926
0.194235
0.482509
0.671958
0.290393
0.071698
0.720471
0.564655
0.556798
0.526035
0.510325
0.873288
0.516682
0.792051
0.535149
0.921652
0.568381
0.337435
0.431177
0.877599
0.746409
0.220326
0.502087
0.658091
0.886415
0.679195
0.556975
0.764657
0.632652
0.530968
0.825879
0.652567
0.360662
0.46187
0.205463
0.757206
0.734001
0.345081
0.814722
0.321422
0.220573
0.542464
0.305814
0.487218
0.60639
0.762717
0.413351
0.919486
0.745909
0.613736
0.639018
0.712661
0.108592
0.444707
0.579456
0.443704
0.807631
0.653088
0.361319
0.62522
0.421012
0.591383
0.819915
0.452847
0.695403
0.313824
0.862464
0.907115
0.810106
0.501776
0.405285
0.477805
0.516709
0.665076
0.606454
0.727585
0.598391
0.755997
0.418877
0.639454
0.256235
0.609852
0.443645
0.379447
0.446796
0.651527
0.793985
0.530192
0.813623
0.647784
0.540538
0.256762
0.805096
0.64499
0.81554
0.434626
0.796402
0.830055
0.771343
0.208641
0.644707
0.572942
0.508412
0.86864
0.315599
0.742796
0.440438
0.660328
0.594496
0.684471
0.440924
0.458643
0.47683
0.413308
0.465251
0.699088
0.568672
0.568425
0.635371
0.40758
0.491109
0.39002
0.209901
0.660619
0.236314
0.570877
0.857868
0.355165
0.574293
0.660501
0.632082
0.457178
0.423345
0.791821
0.704853
0.66795
0.774733
0.705303
0.688946
0.583711
0.454272
0.661066
0.717581
0.601906
0.245333
0.342425
0.344887
0.737479
0.523734
0.569782
0.700793
0.374717
0.584256
0.617888
0.216594
0.254666
0.800799
0.5693
0.791113
0.7094
0.514946
0.539401
0.295386
0.664626
0.772106
0.7032
0.512501
0.845548
0.759729
0.431118
0.484517
0.583215
0.403129
0.468364
0.572758
0.894231
0.30892
0.845682
0.443895
0.265156
0.568719
0.708282
0.561484
0.645781
0.859836
0.470086
0.215784
0.506317
0.387361
0.650164
0.951048
0.694406
0.867538
0.534136
0.595483
0.880824
0.333687
0.460083
0.634809
0.943459
0.241415
0.531982
0.656899
0.394642
0.8233
0.060472
0.521981
0.30137
0.204809
0.934399
0.512023
0.724122
0.601741
0.413639
0.557566
0.474098
0.2574
0.440439
0.567711
0.691258
0.480683
0.728532
0.868104
0.360071
0.430677
0.564597
0.586911
0.567608
0.291422
0.953964
0.631963
0.150041
0.638027
0.518511
0.186
0.670742
0.803501
0.617018
0.727806
0.406423
0.154942
0.607942
0.366186
0.440079
0.74145
0.446733
0.668797
0.224146
0.281409
0.702987
0.762128
0.589048
0.622086
0.546203
0.851091
0.537335
0.709932
0.593454
0.916624
0.873225
0.347431
0.759492
0.731508
0.786189
0.777548
0.558945
0.368485
0.556382
0.666757
0.909609
0.812793
0.658323
0.492019
0.571997
0.277871
0.240493
0.717788
0.924123
0.291304
0.337629
0.856659
0.372643
0.652823
0.882261
0.430753
0.535677
0.566376
0.423514
0.567781
0.496277
0.714162
0.693487
0.509313
0.441149
0.523324
0.19485
0.833831
0.530484
0.760701
0.883997
0.749746
0.84664
0.876981
0.667981
0.156918
0.552737
0.827759
0.551533
0.707947
0.710969
0.630584
0.608231
0.828776
0.695162
0.733783
0.459433
0.448255
0.31469
0.423119
0.733568
0.68043
0.537675
0.917658
0.58806
0.595372
0.880091
0.692717
0.612182
0.654662
0.369106
0.794432
0.348747
0.730798
0.673521
0.752038
0.911073
0.748901
0.571084
0.753063
0.251169
0.542371
0.438512
0.685046
0.344173
0.78793
0.400369
0.835567
0.352507
0.843389
0.609287
0.59622
0.550211
0.435583
0.609322
0.727809
0.542897
0.208905
0.627981
0.35474
0.870079
0.729253
0.423567
0.493686
0.466284
0.507954
0.555935
0.38957
0.752702
0.333021
0.569263
0.175906
0.710909
0.912636
0.662881
0.161782
0.735838
0.692033
0.120469
0.48799
0.312182
0.242466
0.297788
0.496401
0.511093
0.557395
0.691022
0.508537
0.48024
0.226284
0.548543
0.146684
0.413643
0.83228
0.403487
0.598867
0.584631
0.172917
0.598459
0.475893
0.582231
0.668313
0.294741
0.796834
0.355081
0.618653
0.420593
0.821705
0.275943
0.527848
0.39699
0.579804
0.528941
0.437291
0.348034
0.787032
0.851031
0.394045
0.650292
0.155749
0.592842
0.551867
0.819079
0.263613
0.463789
0.483386
0.220586
0.472372
0.856408
0.430816
0.402875
0.437759
0.228204
0.694984
0.890811
0.636773
0.617747
0.479429
0.446693
0.343652
0.603897
0.607789
0.31574
0.90725
0.541352
0.642905
0.509938
0.324686
0.625152
0.886629
0.793737
0.835382
0.785928
0.729772
0.884518
0.532897
0.874785
0.721764
0.55054
0.305466
0.494816
0.663008
0.498763
0.708704
0.37006
0.284296
0.24705
0.931284
0.56098
0.228341
0.807917
0.635881
0.761439
0.455173
0.517086
0.468918
0.740091
0.438624
0.648758
0.522984
0.284946
0.717502
0.375316
0.397703
0.610331
0.86337
0.683818
0.694738
0.276314
0.720491
0.532801
0.59632
0.757469
0.887961
0.521559
0.742569
0.718794
0.077146
0.785934
0.75991
0.729404
0.612132
0.394831
0.210379
0.380392
0.231714
0.509127
0.943943
0.614095
0.806378
0.429364
0.734426
0.519118
0.436329
0.727484
0.720276
0.369479
0.439058
0.588525
0.379297
0.212215
0.784805
0.531603
0.446672
0.376555
0.889788
0.904257
0.727501
0.68781
0.604945
0.579102
0.424326
0.316687
0.502946
0.300319
0.253747
0.234893
0.258647
0.834166
0.596703
0.797054
0.45393
0.937613
0.593976
0.716962
0.748943
0.622156
0.407775
0.19681
0.558737
0.86054
0.675398
0.47842
0.462526
0.168136
0.593346
0.646108
0.553503
0.322998
0.641629
0.573622
0.352491
0.245726
0.67386
0.417802
0.41839
0.632215
0.361302
0.667749
0.904626
0.707575
0.650595
0.796137
0.75741
0.515939
0.849576
0.230975
0.682663
0.669731
0.282591
0.361652
0.792715
0.707237
0.413221
0.609775
0.758129
0.515518
0.243048
0.44315
0.607924
0.680849
0.794312
0.507093
0.639998
0.092707
0.202383
0.888245
0.838268
0.567176
0.438353
0.520106
0.462794
0.299965
0.0874
0.33608
0.778448
0.550222
0.419676
0.613216
0.52683
0.747852
0.556524
0.683282
0.503848
0.341522
0.293169
0.421902
0.303282
0.470328
0.318838
0.398931
0.426425
0.500994
0.404209
0.488366
0.730916
0.37831
0.54999
0.675487
0.6481
0.66992
0.197321
0.277868
0.487703
0.336882
0.443423
0.505074
0.359697
0.606774
0.650929
0.703359
0.375047
0.650795
0.588414
0.401987
0.637254
0.822969
0.867313
0.692352
0.402297
0.45652
0.596165
0.483337
0.862833
0.641743
0.772705
0.296744
0.780349
0.474251
0.448725
0.626122
0.161564
0.490376
0.513759
0.548872
0.60578
0.68318
0.597827
0.550847
0.885427
0.206203
0.355974
0.844193
0.639061
0.797836
0.642545
0.478772
0.457937
0.796947
0.304274
0.826231
0.436062
0.913483
0.699271
0.70598
0.482907
0.611738
0.537858
0.683707
0.938155
0.261039
0.762765
0.435723
0.745664
0.608668
0.815421
0.211566
0.76178
0.82949
0.763664
0.713306
0.516195
0.763176
0.765838
0.600047
0.754485
0.405948
0.614613
0.107442
0.356545
0.79641
0.543976
0.577794
0.636618
0.52111
0.481439
0.479619
0.72569
0.513356
0.177759
0.296187
0.537909
0.587414
0.941262
0.689598
0.907098
0.880492
0.367474
0.798834
0.257228
0.759224
0.488338
0.714595
0.209899
0.716629
0.364735
0.811667
0.870216
0.279533
0.646772
0.563526
0.636322
0.711923
0.424908
0.26015
0.417599
0.820987
0.792236
0.515865
0.888259
0.509212
0.867978
0.743462
0.370264
0.562345
0.667901
0.623275
0.343016
0.346943
0.908358
0.890911
0.621295
0.546621
0.641011
0.412257
0.266288
0.53764
0.670101
0.78643
0.790811
0.249314
0.758986
0.862274
0.682345
0.375753
0.390095
0.677686
0.282236
0.377331
0.571032
0.724689
0.564085
0.680948
0.522199
0.443271
0.362874
0.720551
0.92128
0.354012
0.407438
0.509229
0.551349
0.904857
0.480307
0.234056
0.477029
0.685947
0.553595
0.476924
0.821748
0.374596
0.812774
0.781576
0.8756
0.416284
0.471892
0.823359
0.737899
0.312547
0.710563
0.620875
0.391292
0.529723
0.28396
0.673921
0.644886
0.559557
0.471391
0.890792
0.429816
0.518022
0.467354
0.552936
0.819427
0.475793
0.511775
0.595342
0.5389
0.220308
0.723525
0.803792
0.296981
0.433771
0.429856
0.390826
0.646018
0.541879
0.162835
0.88841
0.177916
0.477722
0.593717
0.763032
0.48576
0.818043
0.408998
0.542089
0.566406
0.40155
0.285261
0.604788
0.540576
0.734503
0.632147
0.474393
0.835467
0.558899
0.742059
0.401745
0.30411
0.607446
0.880016
0.829182
0.482258
0.849054
0.845599
0.308759
0.370203
0.569183
0.645747
0.750652
0.829929
0.738704
0.658949
0.631389
0.416348
0.201926
0.435319
0.609813
0.664898
0.843697
0.375691
0.543914
0.397281
0.675251
0.532614
0.878533
0.241537
0.432709
0.665106
0.814462
0.487098
0.646501
0.581713
0.864308
0.641406
0.406994
0.817291
0.526799
0.573632
0.605344
0.750128
0.406488
0.476317
0.591493
0.602916
0.625179
0.742137
0.221664
0.677076
0.401019
0.526129
0.565242
0.499328
0.166712
0.150056
0.684215
0.364446
0.842351
0.539974
0.647166
0.755076
0.71379
0.761889
0.614198
0.30501
0.974798
0.626399
0.413465
0.852657
0.631429
0.704175
0.412699
0.912197
0.635375
0.54114
0.450567
0.715728
0.568055
0.497249
0.64989
0.678193
0.834562
0.737188
0.590481
0.831769
0.29846
0.714133
0.844777
0.423861
0.732675
0.859712
0.609396
0.286302
0.732735
0.288805
0.680265
0.593838
0.770729
0.105333
0.556232
0.483205
0.452984
0.3843
0.847734
0.795819
0.704092
0.735257
0.426589
0.943988
0.464518
0.414692
0.575452
0.692525
0.579217
0.737166
0.572356
0.414484
0.332394
0.889806
0.525698
0.667373
0.50578
0.805863
0.752078
0.37956
0.68158
0.789115
0.618929
0.53359
0.336273
0.669279
0.356855
0.7304
0.50223
0.443227
0.637798
0.862392
0.50954
0.650996
0.625843
0.389514
0.455432
0.352097
0.83439
0.452302
0.378392
0.514709
0.592409
0.793027
0.601103
0.568408
0.740858
0.312819
0.453524
0.449243
0.666259
0.256129
0.410829
0.621416
0.520302
0.725861
0.765168
0.628268
0.376764
0.470882
0.311324
0.792038
0.322885
0.592884
0.852071
0.777407
0.585434
0.513885
0.836283
0.418969
0.738109
0.507799
0.521175
0.833831
0.429694
0.683414
0.73237
0.509296
0.299906
0.797087
0.691086
0.390086
0.576314
0.305772
0.706426
0.754025
0.785457
0.249539
0.856456
0.549672
0.520669
0.218193
0.473323
0.45015
0.336092
0.420953
0.696725
0.662123
0.357454
0.585317
0.748212
0.832612
0.537742
0.388528
0.720156
0.609254
0.645224
0.470349
0.517101
0.51696
0.844604
0.851202
0.895615
0.663438
0.518982
0.270634
0.588581
0.372482
0.758484
0.608896
0.479313
0.573667
0.109394
0.582543
0.414186
0.90536
0.752819
0.615607
0.758963
0.701123
0.35953
0.574709
0.561146
0.409441
0.413278
0.56486
0.415732
0.772405
0.575588
0.234705
0.767822
0.66371
0.636512
0.650314
0.381185
0.758401
0.507594
0.805063
0.492736
0.700836
0.701546
0.846809
0.598864
0.666768
0.842297
0.660732
0.791013
0.804678
0.533184
0.527673
0.820559
0.8109
0.827914
0.737293
0.738976
0.312016
0.553335
0.577121
0.436854
0.855356
0.722366
0.663049
0.55527
0.737391
0.557366
0.737408
0.74553
0.451583
0.730989
0.780204
0.545588
0.209352
0.500825
0.840572
0.430726
0.414785
0.750243
0.682663
0.643388
0.468195
0.408246
0.608174
0.295118
0.467817
0.567303
0.678106
0.374526
0.575301
0.293071
0.155777
0.717274
0.707646
0.548827
0.60931
0.825413
0.726025
0.742404
0.715763
0.409277
0.272033
0.655532
0.523609
0.498757
0.888376
0.417679
0.363283
0.424335
0.4162
0.638024
0.877442
0.842022
0.368666
0.338117
0.249304
0.669338
0.88782
0.805291
0.641623
0.567475
0.829094
0.732556
0.799012
0.673817
0.812152
0.864959
0.336005
0.543555
0.44521
0.347738
0.229766
0.368325
0.700824
0.553499
0.924255
0.561923
0.37926
0.54165
0.536733
0.629583
0.217681
0.694182
0.808548
0.658209
0.806455
0.824209
0.592452
0.643668
0.568339
0.582027
0.501545
0.621717
0.404093
0.740249
0.63536
0.140541
0.650432
0.917322
0.240273
0.465572
0.690823
0.393237
0.203884
0.599211
0.412577
0.815008
0.832921
0.637764
0.663813
0.782534
0.753898
0.801081
0.741329
0.696298
0.877956
0.623598
0.330493
0.562033
0.359586
0.479597
0.396288
0.563829
0.543239
0.797985
0.658498
0.467117
0.728252
0.638074
0.569378
0.570827
0.643314
0.491297
0.554285
0.605411
0.431021
0.42081
0.830732
0.474481
0.728674
0.533619
0.856728
0.645789
0.533021
0.591287
0.826805
0.473054
0.490312
0.350663
0.443648
0.371654
0.543031
0.567004
0.454313
0.752004
0.304525
0.202436
0.201423
0.690447
0.678369
0.420411
0.81009
0.449608
0.646997
0.742049
0.684489
0.755729
0.658676
0.544043
0.758641
0.777244
0.212052
0.730452
0.523179
0.188565
0.565262
0.389517
0.543287
0.356871
0.772979
0.591516
0.550693
0.648698
0.745414
0.382654
0.694738
0.400247
0.521261
0.565288
0.640526
0.799885
0.463889
0.884001
0.352941
0.224433
0.632427
0.6315
0.429848
0.737422
0.589079
0.810223
0.699224
0.498727
0.643495
0.437057
0.794651
0.831702
0.482746
0.525819
0.901558
0.79495
0.434523
0.289965
0.342098
0.850807
0.59183
0.666319
0.840552
0.787559
0.779175
0.480606
0.783004
0.451361
0.641478
0.693317
0.411237
0.27981
0.50513
0.481261
0.795785
0.315086
0.399801
0.368296
0.289223
0.838578
0.621211
0.411549
0.5783
0.650838
0.635933
0.894371
0.578479
0.672551
0.560196
0.557224
0.515958
0.703343
0.287657
0.927086
0.755911
0.401838
0.600939
0.568746
0.55766
0.403421
0.609575
0.861351
0.132276
0.612822
0.736791
0.737796
0.329151
0.684764
0.806699
0.64576
0.829483
0.710154
0.354229
0.644716
0.355694
0.617298
0.814141
0.698364
0.535051
0.680389
0.490713
0.579141
0.535986
0.610435
0.529542
0.25131
0.549895
0.743992
0.67225
0.426398
0.360089
0.471531
0.689339
0.88279
0.929111
0.594557
0.805063
0.536369
0.506269
0.735786
0.773048
0.689952
0.59442
0.717382
0.466789
0.669561
0.685314
0.651251
0.377179
0.76963
0.687839
0.480848
0.743291
0.908699
0.751039
0.837481
0.73547
0.745401
0.725478
0.40445
0.509445
0.690575
0.227772
0.836382
0.504456
0.337052
0.194317
0.550913
0.516102
0.558593
0.592212
0.677935
0.73297
0.616931
0.810295
0.217328
0.153977
0.321201
0.59475
0.208178
0.293989
0.521242
0.806877
0.784165
0.830706
0.512774
0.373533
0.635069
0.496603
0.394561
0.385346
0.708307
0.462541
0.715214
0.813965
0.54503
0.89135
0.740418
0.367491
0.84184
0.595374
0.729282
0.770556
0.591128
0.649751
0.899973
0.854303
0.314496
0.658179
0.51967
0.593631
0.809918
0.545587
0.568087
0.201284
0.685154
0.54036
0.7111
0.680827
0.210615
0.864249
0.20448
0.662263
0.534254
0.299935
0.720021
0.698836
0.754735
0.648679
0.707253
0.447382
0.663555
0.442936
0.410621
0.697853
0.195217
0.848358
0.680111
0.877328
0.878153
0.185533
0.768157
0.843696
0.659451
0.708916
0.138352
0.86544
0.67703
0.417511
0.557028
0.50828
0.777645
0.627579
0.735865
0.334215
0.821602
0.629157
0.79892
0.296562
0.703002
0.859326
0.640928
0.492581
0.86812
0.830738
0.744092
0.908928
0.30283
0.65284
0.876755
0.30313
0.619873
0.790176
0.96544
0.644139
0.569545
0.622469
0.560623
0.614556
0.406531
0.597136
0.825464
0.557823
0.663117
0.781393
0.576709
0.405826
0.946271
0.638295
0.728893
0.816428
0.783601
0.609963
0.557642
0.719024
0.452974
0.697254
0.37055
0.919843
0.584501
0.549182
0.494121
0.692005
0.593156
0.358326
0.832221
0.713209
0.730038
0.648397
0.662971
0.360338
0.753117
0.46481
0.571468
0.818269
0.602881
0.290872
0.784042
0.336365
0.337051
0.477258
0.611752
0.469073
0.513075
0.366593
0.292268
0.616665
0.705948
0.366011
0.420564
0.609912
0.360847
0.947427
0.18597
0.750871
0.625392
0.284964
0.40939
0.468983
0.658409
0.760753
0.364219
0.743553
0.464647
0.477972
0.789784
0.856273
0.500439
0.463341
0.899608
0.388375
0.697374
0.452027
0.811268
0.681673
0.474659
0.606538
0.663784
0.519303
0.866034
0.534346
0.740737
0.375771
0.774259
0.727008
0.717225
0.839099
0.396828
0.599677
0.813863
0.357981
0.425106
0.612002
0.473497
0.877841
0.431755
0.218866
0.707295
0.859376
0.909104
0.577318
0.203577
0.88695
0.58415
0.556967
0.676309
0.462607
0.464374
0.451477
0.787319
0.863433
0.738008
0.791344
0.440443
0.826198
0.375296
0.406121
0.758577
0.405345
0.578917
0.660078
0.597563
0.833668
0.606595
0.628458
0.364662
0.494279
0.609648
0.739492
0.271582
0.456098
0.643568
0.748638
0.873641
0.553509
0.479521
0.30854
0.778601
0.709104
0.560852
0.747681
0.575834
0.698211
0.235507
0.497716
0.334612
0.2355
0.690941
0.481925
0.190357
0.731434
0.422882
0.651694
0.85711
0.201741
0.628502
0.205721
0.304842
0.274941
0.757097
0.820737
0.827193
0.826506
0.327212
0.567826
0.694117
0.607286
0.435262
0.636373
0.696383
0.636663
0.427557
0.786501
0.514526
0.763193
0.679611
0.760359
0.584077
0.749854
0.789723
0.747373
0.239025
0.425785
0.812812
0.204299
0.379093
0.487412
0.730495
0.637449
0.414016
0.335176
0.625255
0.461582
0.708399
0.721351
0.923165
0.812137
0.654092
0.779595
0.551755
0.54637
0.874094
0.553256
0.234353
0.812427
0.342665
0.447313
0.441977
0.695456
0.369651
0.669103
0.719047
0.476147
0.807074
0.466579
0.914224
0.393823
0.571163
0.6255
0.69098
0.610281
0.816233
0.745564
0.879615
0.616376
0.392954
0.630729
0.298289
0.882537
0.833717
0.615669
0.748997
0.634178
0.4823
0.454044
0.63045
0.311056
0.390931
0.926329
0.817017
0.783381
0.195917
0.652331
0.695627
0.901664
0.712371
0.377571
0.608591
0.72635
0.763083
0.17146
0.119487
0.667491
0.272392
0.594881
0.594505
0.662138
0.604493
0.660947
0.547109
0.340494
0.337057
0.4356
0.734346
0.353782
0.641202
0.768967
0.752554
0.673114
0.705894
0.303854
0.8272
0.43563
0.398778
0.55469
0.584326
0.498769
0.707913
0.739509
0.710204
0.501734
0.753699
0.545847
0.540386
0.689169
0.388126
0.569559
0.779813
0.390961
0.369179
0.404288
0.841057
0.65603
0.661434
0.335209
0.723859
0.691849
0.433835
0.893774
0.530165
0.153454
0.830848
0.612161
0.330439
0.606509
0.782188
0.772325
0.720565
0.607718
0.496408
0.650033
0.558308
0.514246
0.773179
0.741448
0.618525
0.360228
0.684752
0.777985
0.275875
0.495496
0.592548
0.621718
0.765161
0.462854
0.834845
0.841876
0.451621
0.58907
0.356752
0.765763
0.690095
0.497772
0.662735
0.499362
0.563161
0.735957
0.908387
0.154522
0.813507
0.601919
0.248079
0.345727
0.836795
0.753549
0.750029
0.371526
0.364582
0.137076
0.571305
0.595428
0.677218
0.886264
0.860732
0.41062
0.719291
0.629633
0.441541
0.397585
0.768038
0.585906
0.655909
0.36457
0.682473
0.667565
0.895614
0.54714
0.639658
0.867206
0.776371
0.269454
0.264008
0.697574
0.828043
0.383841
0.59742
0.208117
0.293324
0.851917
0.541177
0.641181
0.387169
0.700361
0.48514
0.437612
0.589108
0.425832
0.544182
0.759761
0.568407
0.42099
0.619534
0.083176
0.600391
0.567232
0.787755
