0.00198
0.430583
0.063179
0.005437
0.158405
0.00679
0.003296
0.060093
0.211471
0.021402
0.014661
0.062112
0.003365
0.229862
0.36069
0.287507
0.147414
0.03162
0.005869
0.04127
0.095747
0.000848
0.132319
0.378269
0.035499
0.007118
0.014952
0.034421
0.349386
0.032543
0.016183
0.061514
0.010731
0.18706
0.062887
0.089061
0.032617
0.035196
0.401478
0.040119
0.069838
0.201165
0.292264
0.138373
0.210108
0.022273
0.021775
0.006913
0.011141
0.288261
0.009101
0.087212
0.018284
0.004717
0.149649
0.000431
0.018285
0.066876
0.14623
0.002631
0.058676
0.055087
0.340892
0.003648
0.24397
0.054382
0.090396
0.010855
0.004759
0.057346
0.074185
0.15387
0.036384
0.033095
0.206056
0.077926
0.034801
0.11613
0.002909
0.011508
0.32343
0.210645
0.010427
0.05188
0.026388
0.037214
0.148469
0.019147
0.075527
0.123438
0.378229
0.137282
0.052211
0.013134
0.061605
0.008047
0.097568
0.068992
0.048989
0.488305
0.014635
0.024477
0.046996
0.248803
0.043864
0.000587
0.027451
0.04425
0.150776
0.012722
0.024898
0.170078
0.052277
0.013515
0.014169
0.228984
0.020147
0.053999
0.003327
0.336676
0.055806
0.202651
0.042579
0.004006
0.004433
0.057291
0.026434
0.011597
0.277359
0.032449
0.243509
0.095009
0.268463
0.031377
0.435468
0.066503
0.025613
0.296635
0.022732
0.039939
0.127757
0.004112
0.063436
0.010836
0.001875
0.001139
0.001544
0.025254
0.021383
0.555668
0.017738
0.074215
0.087516
0.003839
0.08947
0.005719
0.001
0.10687
0.061462
0.00088
0.011271
0.289342
0.007331
0.00173
0.033753
0.035104
0.243466
0.00202
0.010839
0.04065
0.142158
0.250643
0.098166
0.022593
0.011035
0.219127
0.023627
0.012396
0.063973
0.032593
0.006615
0.01084
0.011875
0.004497
0.039967
0.127932
0.00734
0.037439
0.02179
0.244263
0.019908
0.148472
0.182135
0.006419
0.020645
0.026364
0.196971
0.14844
0.161393
0.003837
0.117121
0.029031
0.162249
0.096348
0.022065
0.000901
0.126239
0.044288
0.020511
0.002597
0.005741
0.182306
0.006956
0.117914
0.175006
0.002707
0.002488
0.023065
0.037058
0.003894
0.042161
0.095512
0.022016
0.069275
0.001302
0.59728
0.046737
0.031711
0.002846
0.023023
0.022283
0.148631
0.069947
0.096607
0.092811
0.020286
0.000384
0.46256
0.040506
0.000286
0.034806
0.473015
0.035372
0.004167
0.005561
0.137809
0.00678
0.002407
0.00447
0.087745
0.059248
0.035534
0.362598
0.019262
0.58888
0.006228
0.006716
0.246815
0.033918
0.037352
0.003448
0.007046
0.003803
0.001437
0.469844
0.03148
0.012933
0.002699
0.004714
0.420526
0.0375
0.037837
0.093555
0.031933
0.061633
0.008702
0.000546
0.025532
0.040971
0.247386
0.041605
0.003527
0.024894
0.003099
0.072614
0.187704
0.007167
0.15571
0.063823
0.370732
0.006788
0.012641
0.402428
0.043694
0.099789
0.079805
0.117291
0.008799
0.033468
0.012658
0.331877
0.002061
0.036581
0.016353
0.198337
0.00095
0.153121
0.03521
0.030549
0.147584
0.024924
0.177527
0.017248
0.008047
0.035731
0.403327
0.532991
0.052717
0.03795
0.055949
0.004904
0.003066
0.462359
0.000635
0.007816
0.164905
0.003845
0.001966
0.003506
0.001679
0.141332
0.014829
0.034861
0.148429
0.012004
0.19989
0.006297
0.016402
0.005851
0.054813
0.381806
0.036733
0.042191
0.330518
0.051718
0.15243
0.086875
0.049916
0.000398
0.003067
0.583816
0.001664
0.033277
0.582781
0.359661
0.009912
0.134812
0.091439
0.000597
0.019812
0.032449
0.096416
0.002181
0.000397
0.031738
0.084853
0.001649
0.003706
0.111768
0.245036
0.024661
0.034789
0.010839
0.010874
0.010484
0.405362
0.1818
0.024197
0.003559
0.010024
0.023069
0.008171
0.037277
0.017376
0.003223
0.052571
0.024773
0.109105
0.725101
0.001534
0.004941
0.004926
0.004902
0.009914
0.000634
0.075257
0.04341
0.002415
0.106145
0.014473
0.000944
0.014727
0.003841
0.013406
0.332851
0.036386
0.014798
0.338599
0.002762
0.013617
0.106059
0.272038
0.030289
0.098844
0.008384
0.00188
0.011617
0.051312
0.060268
0.007186
0.011517
0.006464
0.193364
0.011411
0.042865
0.280155
0.058357
0.021017
0.046336
0.175482
0.003064
0.004761
0.025418
0.010894
0.002032
0.023405
0.194334
0.012226
0.10111
0.490429
0.004199
0.001417
0.052819
0.000385
0.241544
0.011031
0.020423
0.009827
0.284955
0.003334
0.04039
0.108474
0.145773
0.034797
0.05318
0.019993
0.001768
0.41454
0.015092
0.287664
0.014392
0.009404
0.002266
0.000544
0.102272
0.126907
0.094167
0.218734
0.010264
0.279596
0.147186
0.343904
0.07986
0.057977
0.000894
0.005147
0.101535
0.024059
0.011645
0.53129
0.089197
0.000774
0.001597
0.475625
0.137431
0.001282
0.018653
0.024631
0.066368
0.329187
0.147848
0.002756
0.161412
0.003659
0.009927
0.175558
0.023982
0.001813
0.048076
0.084711
0.010964
0.031338
0.077745
0.15571
0.032046
0.00606
0.006781
0.138467
0.273619
0.003441
0.178836
0.271439
0.000992
0.145639
0.115562
0.041088
0.374312
0.549109
0.06833
0.080521
0.134019
0.005593
0.089989
0.324326
0.001167
0.002849
0.152275
0.055805
0.020381
0.018094
0.00819
0.502537
0.099538
0.074496
0.00841
0.015466
0.032414
0.006838
0.03639
0.11277
0.011021
0.001103
0.003685
0.339821
0.09398
0.04284
0.044371
0.30533
0.01083
0.008052
0.022221
0.022298
0.011693
0.000523
0.001637
0.034813
0.044113
0.007024
0.0041
0.089712
0.001641
0.456195
0.031553
0.302053
0.060886
0.000465
0.539959
0.010991
0.010305
0.026702
0.545644
0.01262
0.143739
0.021095
0.002723
0.117511
0.005742
0.005245
0.001483
0.012175
0.417995
0.091033
0.21146
0.092857
0.06328
0.022523
0.003885
0.001348
0.399676
0.079329
0.022803
0.092648
0.115226
0.3247
0.021533
0.022918
0.055051
0.052273
0.005081
0.000945
0.073655
0.027938
0.002222
0.004851
0.011442
0.04679
0.051701
0.000326
0.034701
0.002035
0.060933
0.342915
0.323051
0.058735
0.006546
0.006854
0.001775
0.447776
0.091495
0.046771
0.00238
0.002367
0.00455
0.09281
0.036977
0.037649
0.030572
0.012581
0.001143
0.003521
0.008296
0.00078
0.02109
0.189423
0.42488
0.004053
0.284104
0.005026
0.001111
0.023508
0.014144
0.020297
0.000547
0.015667
0.007813
0.00347
0.000784
0.354576
0.008493
0.001822
0.007702
0.058026
0.010496
0.362037
0.000501
0.016824
0.00974
0.072797
0.002966
0.002391
0.111577
0.015128
0.119541
0.007608
0.318911
0.669725
0.020709
0.001449
0.002947
0.010832
0.167529
0.006988
0.011451
0.028122
0.183642
0.271255
0.004659
0.021333
0.014076
0.034654
0.000315
0.004963
0.003146
0.006292
0.000575
0.022968
0.065725
0.115733
0.015406
0.239073
0.012425
0.014842
0.001193
0.012445
0.006897
0.166573
0.00259
0.004903
0.009831
0.391517
0.059651
0.001523
0.172729
0.019457
0.03715
0.463791
0.000406
0.036481
0.036947
0.003586
0.048699
0.101368
0.012962
0.002967
0.347512
0.113387
0.468832
0.022358
0.023548
0.021568
0.011437
0.004623
0.014503
0.270696
0.113775
0.001389
0.001278
0.268439
0.001045
0.032127
0.032736
0.004736
0.426005
0.031279
0.020012
0.001186
0.019946
0.006781
0.015632
0.02977
0.017334
0.002716
0.012795
0.026595
0.453335
0.031462
0.003434
0.012446
0.059662
0.475115
0.08419
0.095601
0.006551
0.000803
0.089305
0.007991
0.128974
0.068642
0.081586
0.016161
0.000312
0.095804
0.372009
0.264291
0.029796
0.004723
0.007883
0.052632
0.001955
0.008059
0.01406
0.431719
0.061855
0.01172
0.014721
0.136651
0.005505
0.047088
0.033782
0.010285
0.304963
0.001145
0.267898
0.219636
0.062639
0.002887
0.236468
0.015506
0.054328
0.026014
0.026531
0.01337
0.006871
0.007066
0.015233
0.000444
0.00234
0.00328
0.03896
0.007483
0.301046
0.451395
0.005029
0.005823
0.068797
0.000861
0.026965
0.038618
0.013686
0.015305
0.238108
0.265241
0.010542
0.000823
0.031622
0.010273
0.035414
0.003031
0.014353
0.003365
0.000498
0.004521
0.477199
0.081975
0.50541
0.463912
0.280299
0.001308
0.002876
0.161995
0.000655
0.018746
0.001579
0.008032
0.057588
0.020685
0.547705
0.005888
0.21644
0.003763
0.152379
0.138551
0.002965
0.090388
0.300832
0.215775
0.362155
0.026101
0.181379
0.002006
0.034114
0.00214
0.02853
0.087076
0.30059
0.185627
0.024192
0.011577
0.498376
0.13017
0.014048
0.198572
0.185775
0.006719
0.289302
0.038753
0.009906
0.062304
0.020557
0.019008
0.022492
0.035351
0.0824
0.011467
0.012444
0.004197
0.000858
0.518509
0.085307
0.009506
0.005333
0.010145
0.242053
0.000895
0.349385
0.320333
0.373752
0.024047
0.04407
0.178437
0.00067
0.006553
0.002485
0.006095
0.066027
0.116601
0.056674
0.042133
0.106221
0.003138
0.003918
0.416341
0.002258
0.009607
0.12027
0.010381
0.016137
0.001068
0.000321
0.02874
0.007773
0.025078
0.005734
0.010258
0.03874
0.34706
0.395954
0.313242
0.005237
0.039365
0.000828
0.007278
0.005749
0.027722
0.003052
0.042149
0.010394
0.376299
0.024047
0.063687
0.404403
0.008259
0.012411
0.003413
0.597832
0.09691
0.002272
0.151021
0.033869
0.046355
0.000168
0.000482
0.003959
0.001837
0.616961
0.010829
0.630887
0.01012
0.007176
0.0012
0.005856
0.00236
0.159322
0.00016
0.006499
0.000445
0.000569
0.104721
0.015182
0.003064
0.372682
0.002597
0.003379
0.187221
0.034173
0.049142
0.137879
0.003018
0.291326
0.001295
0.331631
0.028921
0.078243
0.012453
0.043093
0.006029
0.001043
0.035377
0.00637
0.00083
0.009026
0.027487
0.242649
0.022675
0.016884
0.031233
0.008117
0.029413
0.048325
0.009913
0.063165
0.006564
0.002505
0.014481
0.290263
0.000889
0.011227
0.003068
0.006787
0.002676
0.001069
0.005749
0.157178
0.000691
0.005247
0.001013
0.481828
0.069384
0.005403
0.244901
0.721499
0.01095
0.529219
0.139807
0.009722
0.53249
0.048411
0.009948
0.006434
0.003562
0.059026
0.003786
0.452572
0.001442
0.001
0.002023
0.022868
0.00088
0.153156
0.082019
0.007649
0.037816
0.000436
0.020402
0.009898
0.004212
0.324024
0.0053
0.00141
0.010347
0.000679
0.016514
0.009394
0.323883
0.473724
0.034865
0.003485
0.008178
0.003898
0.000484
0.036996
0.016661
0.013493
0.008563
0.217757
0.292591
0.003165
0.191977
0.01258
0.22986
0.014917
0.47146
0.005179
0.008877
0.210205
0.003392
0.058946
0.07045
0.043703
0.034839
0.299733
0.242925
0.025929
0.075334
0.00812
0.029406
0.02922
0.004336
0.019087
0.271076
0.098475
0.154173
0.228592
0.036968
0.027887
0.008999
0.02067
0.00236
0.022735
0.0511
0.032458
0.080877
0.055405
0.042949
0.092652
0.178145
0.044383
0.250119
0.00438
0.001844
0.00194
0.093507
0.003405
0.029645
0.495128
0.00143
0.116265
0.00997
0.020224
0.025315
0.423357
0.070624
0.007354
0.027739
0.00066
0.009123
0.580769
0.014818
0.211632
0.000726
0.094874
0.028935
0.193442
0.006033
0.004571
0.00914
0.025597
0.008882
0.081835
0.021499
0.108508
0.0094
0.004965
0.027553
0.05311
0.049972
0.047182
0.010476
0.001184
0.01255
0.016451
0.000254
0.000627
0.006871
0.003982
0.053158
0.001601
0.217835
0.000286
0.000757
0.003843
0.368306
0.191282
0.00137
0.012524
0.010165
0.242023
0.00031
0.00015
0.000301
0.004115
0.599724
0.040548
0.045485
0.001071
0.05262
0.002051
0.007846
0.009049
0.113496
0.017554
0.039081
0.115961
0.425885
0.012621
0.003655
0.229462
0.000959
0.732975
0.182636
0.032659
0.148136
0.06069
0.018714
0.0135
0.000189
0.364534
0.0344
0.073254
0.043613
0.006814
0.009279
0.119432
0.00274
0.048757
0.03715
0.00604
0.00273
0.292303
0.020152
0.003144
0.020552
0.572904
0.506917
0.002468
0.256582
0.011238
0.140316
0.040088
0.008961
0.061482
0.03022
0.111445
0.037489
0.010299
0.00895
0.163225
0.628724
0.002695
0.00165
0.393717
0.009269
0.023764
0.014069
0.011704
0.222373
0.379129
0.00234
0.173371
0.023184
0.039017
0.043607
0.024295
0.011688
0.008925
0.011253
0.006189
0.467044
0.001092
0.00137
0.012319
0.113246
0.244207
0.004008
0.031562
0.164095
0.020998
0.467505
0.032618
0.022186
0.000957
0.00621
0.03905
0.087252
0.00089
0.223029
0.00087
0.049787
0.037324
0.024166
0.003701
0.004376
0.005802
0.003567
0.024253
0.171566
0.000649
0.21611
0.005444
0.35217
0.011432
0.078044
0.007495
0.485987
0.283246
0.005022
0.038631
0.652782
0.000288
0.001939
0.008638
0.303258
0.000282
0.004631
0.099009
0.144482
0.44194
0.003114
0.00535
0.123689
0.004029
0.000924
0.314415
0.157835
0.040318
0.006098
0.008817
0.033748
0.008484
0.413739
0.311022
0.00815
0.011943
0.034088
0.161618
0.331441
0.030165
0.03132
0.00367
0.009209
0.135312
0.00374
0.393316
0.018476
0.14699
0.035967
0.219845
0.010996
0.000139
0.233407
0.062716
0.073228
0.001093
0.034802
0.04504
0.005424
0.000894
0.001642
0.606381
0.034183
0.003902
0.001884
0.075571
0.006566
0.070674
0.099643
0.367808
0.032366
0.05825
0.010743
0.107668
0.052637
0.021139
0.007121
0.001672
0.007901
0.000494
0.008749
0.003841
0.010707
0.017676
0.002886
0.033355
0.026011
0.007219
0.00903
0.371089
0.211116
0.004145
0.154361
0.02697
0.006946
0.000733
0.001554
0.01488
0.367603
0.177311
0.012318
0.075258
0.021641
0.031901
0.012241
0.004091
0.000454
0.25637
0.014405
0.024783
0.03226
0.002421
0.001063
0.007732
0.0391
0.03072
0.007333
0.021532
0.160436
0.000692
0.000656
0.039682
0.011785
0.003446
0.009502
0.441616
0.129675
0.293148
0.132505
0.071805
0.000923
0.026577
0.365631
0.048721
0.239953
0.000288
0.019168
0.267339
0.01525
0.08393
0.018084
0.004457
0.001721
0.029558
0.000179
0.005307
0.480976
0.072977
0.191247
0.013601
0.002831
0.00154
0.34646
0.036009
0.022639
0.010559
0.107087
0.035139
0.001166
0.051838
0.010323
0.000903
0.051246
0.044789
0.033041
0.180389
0.003947
0.391232
0.456059
0.272161
0.018387
0.05447
0.048854
0.00966
0.030274
0.048235
0.074288
0.400599
0.04405
0.005855
0.005842
0.336811
0.013508
0.000329
0.001142
0.041096
0.216206
0.234076
0.709464
0.252091
0.000633
0.013557
0.045381
0.470792
0.000887
0.529658
0.210384
0.010047
0.000409
0.04526
0.020631
0.003353
0.433567
0.035519
0.032423
0.00307
0.278634
0.020368
0.000403
0.040012
0.021023
0.0885
0.210962
0.002286
0.057186
0.022678
0.005742
0.004379
0.002021
0.636699
0.05288
0.002525
0.007224
0.001617
0.198173
0.009346
0.093291
0.043306
0.135033
0.007235
0.00849
0.219938
0.004933
0.622161
0.004488
0.423796
0.029557
0.018157
0.058645
0.086228
0.008188
0.086553
0.004573
0.005331
0.053134
0.001643
0.007305
0.024149
0.068317
0.003978
0.056353
0.000719
0.001143
0.002104
0.11297
0.000723
0.548087
0.019915
0.024479
0.250169
0.009648
0.042137
0.482792
0.02475
0.024784
0.000321
0.075657
0.000469
0.057496
0.011369
0.005363
0.439398
0.040989
0.01657
0.006798
0.197046
0.152513
0.63417
0.021913
0.129101
0.000524
0.20347
0.073399
0.019502
0.011905
0.032791
0.014245
0.010532
0.01321
0.066271
0.001902
0.004325
0.000244
0.397349
0.00686
0.095668
0.21911
0.054558
0.032777
0.000271
0.002
0.123531
0.306584
0.043501
0.012415
0.016127
0.642615
0.00682
0.351107
0.000321
0.013272
0.291571
0.003923
0.00338
0.034733
0.002609
0.000858
0.020675
0.008623
0.043669
0.003269
0.01918
0.011022
0.067467
0.01581
0.091854
0.002081
0.047508
0.005892
0.002282
0.005839
0.00222
0.005085
0.081655
0.449449
0.009975
0.2559
0.007739
0.000791
0.021582
0.022217
0.007398
0.001615
0.037526
0.016491
0.012575
0.269971
0.06715
0.049005
0.014674
0.022363
0.143816
0.001052
0.008832
0.142945
0.17039
0.463822
0.336575
0.001884
0.028826
0.00033
0.001809
0.59192
0.130025
0.691962
0.333742
0.050334
0.000481
0.071148
0.002461
0.309647
0.022267
0.018284
0.054184
0.000618
0.000492
0.001952
0.011389
0.229256
0.006283
0.144819
0.275873
0.352489
0.129061
0.248914
0.004857
0.005806
0.001135
0.024091
0.015449
0.002563
0.224978
0.078664
0.001236
0.00363
0.27472
0.078457
0.009366
0.003123
0.486431
0.114569
0.039074
0.00044
0.03943
0.007842
0.010107
0.060706
0.072028
0.198681
0.04157
0.002703
0.002697
0.271126
0.085867
0.176921
0.026413
0.001927
0.00128
0.005471
0.027275
0.002906
0.098221
0.405122
0.003794
0.009523
0.008746
0.014209
0.178679
0.007256
0.00064
0.019248
0.000704
0.087864
0.634122
0.001997
0.003095
0.034126
0.008903
0.127997
0.57488
0.002049
0.005562
0.01712
0.023088
0.009576
0.10384
0.001564
0.375904
0.089998
0.001876
0.006773
0.264014
0.044608
0.346527
0.033433
0.012126
0.318239
0.602435
0.000371
0.028143
0.409076
0.00315
0.001487
0.00456
0.112898
0.05531
0.000415
0.000243
0.090856
0.026867
0.029986
0.006164
0.036044
0.013869
0.44912
0.001646
0.134202
0.004143
0.033138
0.126442
0.015769
0.412224
0.05953
0.115494
0.028919
0.137929
0.154575
0.139557
0.00165
0.006779
0.023796
0.012584
0.001681
0.000574
0.422861
0.006336
0.003379
0.322922
0.01317
0.009413
0.000977
0.001798
0.019386
0.357746
0.000713
0.030705
0.058476
0.393697
0.031371
0.001181
0.008335
0.030979
0.009489
0.106017
0.061189
0.04452
0.074662
0.344092
0.192766
0.243426
0.000603
0.002222
0.009973
0.080605
0.250178
0.006173
0.030878
0.129
0.002666
0.078974
0.062825
0.002479
0.450928
0.016986
0.03635
0.071781
0.115081
0.027937
0.299778
0.011693
0.002314
0.068345
0.351347
0.105455
0.000539
0.097806
0.004897
0.001781
0.004258
0.002044
0.006062
0.002557
0.002382
0.058053
0.338412
0.652497
0.046532
0.004524
0.004571
0.321914
0.170992
0.083515
0.002098
0.004046
0.045444
0.045044
0.361099
0.011432
0.000491
0.021401
0.005672
0.05917
0.120912
0.0412
0.003971
0.023269
0.003006
0.373883
0.001981
0.067699
0.438626
0.0004
0.002836
0.021502
0.010414
0.012449
0.318605
0.033484
0.005893
0.000779
0.11374
0.040815
0.000928
0.030827
0.619593
0.005548
0.255862
0.364072
0.000635
0.007476
0.153882
0.232165
0.00271
0.035209
0.349645
0.003912
0.000959
0.19495
0.299008
0.009994
0.000147
0.028174
0.007997
0.000791
0.081553
0.001597
0.332572
0.038329
0.000701
0.250387
0.003109
0.000987
0.00508
0.052818
0.000941
0.003423
0.008277
0.004926
0.000834
0.48171
0.053444
0.002082
0.023248
0.004653
0.007056
0.485105
0.23407
0.519763
0.710416
0.194211
0.002394
0.004506
0.027426
0.22809
0.0841
0.001724
0.000453
0.014291
0.002386
0.003525
0.335424
0.518752
0.546246
0.24698
0.028608
0.061122
0.009919
0.030171
0.006937
0.221429
0.000683
0.237785
0.003096
0.07387
0.034744
0.000731
0.021378
0.002805
0.00635
0.01
0.004199
0.408138
0.262335
0.096846
0.005971
0.00174
0.00302
0.025724
0.254181
0.140027
0.313126
0.002186
0.007313
0.059911
0.027509
0.017365
0.000299
0.039121
0.000811
0.000278
0.002581
0.194641
0.002463
0.70194
0.063084
0.457259
0.005594
0.596588
0.039528
0.116741
0.01118
0.015116
0.38088
0.193965
0.001373
0.061494
0.060165
0.049833
0.100658
0.005378
0.061869
0.029861
0.011718
0.023436
0.002088
0.021213
0.036805
0.485654
0.014786
0.017096
0.193373
0.112858
0.366127
0.098538
0.61991
0.16317
0.0574
0.556456
0.118166
0.118304
0.018857
0.034301
0.001123
0.003303
0.003921
0.598169
0.002167
0.168868
0.547813
0.002086
0.159774
0.08843
0.003859
0.022554
0.035307
0.001027
0.001799
0.022965
0.102544
0.030035
0.372923
0.310903
0.01539
0.000387
0.013352
0.139892
0.011658
0.36358
0.004384
0.001965
0.000534
0.007761
0.114812
0.001407
0.005479
0.003037
0.006177
0.440853
0.102813
0.250745
0.380644
0.401081
0.001734
0.000469
0.266577
0.717742
0.140494
0.224847
0.001945
0.037315
0.011719
0.006335
0.315024
0.003259
0.003746
0.001617
0.224023
0.149969
0.004577
0.050978
0.000612
0.031611
0.00906
0.422432
0.638846
0.005906
0.016922
0.010142
0.007766
0.002348
0.574751
0.000586
0.001597
0.075589
0.025466
0.012618
0.159736
0.053997
0.172586
0.016135
0.01861
0.000792
0.000178
0.008363
0.005567
0.264457
0.034644
0.01115
0.024462
0.239584
0.001393
0.016301
0.034284
0.008529
0.068585
0.00459
0.011042
0.045433
0.003291
0.490816
0.014652
0.000945
0.000484
0.000177
0.003927
0.159059
0.004581
0.000274
0.039923
0.001186
0.021854
0.143936
0.01072
0.014343
0.004868
0.009943
0.006006
0.311382
0.010876
0.001015
0.003256
0.074027
0.012267
0.002228
0.001459
0.036285
0.279345
0.014419
0.11619
0.002258
0.002316
0.127049
0.017845
0.003257
0.315594
0.000337
0.026742
0.069555
0.32719
0.113459
0.017043
0.096163
0.001257
0.083313
0.081679
0.001872
0.027446
0.46246
0.010078
0.035453
0.11501
0.091841
0.028821
0.158091
0.014308
0.006191
0.016094
0.275714
0.002827
0.0007
0.000804
0.080471
0.006018
0.018731
0.003166
0.127115
0.002132
0.021382
0.02332
0.244899
0.141191
0.008842
0.241422
0.004779
0.008592
0.33092
0.113324
0.053791
0.010641
0.001763
0.227109
0.016401
0.01662
0.150954
0.012411
0.268566
0.432379
0.018349
0.585265
0.003687
0.011832
0.452874
0.303042
0.037884
0.052222
0.007695
0.044981
0.52035
0.096804
0.062021
0.012509
0.020516
0.00013
0.021447
0.013353
0.006461
0.047315
0.029147
0.021434
0.007204
0.054636
0.052563
0.270415
0.001166
0.023155
0.081155
0.021969
0.113531
0.026727
0.020895
0.038989
0.118064
0.311721
0.003468
0.003404
0.353226
0.022184
0.04956
0.00111
0.014555
0.149528
0.002925
0.573113
0.005364
0.324596
0.128089
0.688962
0.089972
0.041851
0.02944
0.007328
0.001197
0.105024
0.001119
0.000378
0.00327
0.305006
0.007072
0.363752
0.004218
0.007693
0.002451
0.003045
0.031927
0.369856
0.028317
0.002593
0.008997
0.532425
0.013837
0.001287
0.034176
0.765786
0.01918
0.282244
0.060485
0.076091
0.00105
0.014354
0.050397
0.020492
0.017955
0.01143
0.003997
0.229829
0.00856
0.007921
0.000958
0.00552
0.008632
0.23409
0.423473
0.009481
0.244496
0.008257
0.019944
0.002403
0.342583
0.003634
0.258738
0.022467
0.010783
0.000535
0.001193
0.65562
0.012169
0.035175
0.000298
0.10132
0.240113
0.000572
0.00566
0.641693
0.602412
0.001195
0.149605
0.287868
0.346768
0.017735
0.013196
0.008141
0.00423
0.005628
0.206979
0.095733
0.142176
0.049962
0.299012
0.008025
0.001157
0.008317
0.003502
0.015085
0.022375
0.019264
0.006696
0.172805
0.006476
0.031912
0.291197
0.302551
0.025027
0.005394
0.009238
0.008349
0.004116
0.51245
0.005945
0.008665
0.031292
0.359301
0.039386
0.012154
0.003408
0.023135
0.387206
0.409543
0.017768
0.101158
0.437197
0.341411
0.003121
0.000413
0.025153
0.016593
0.377145
0.352343
0.006568
0.000314
0.02665
0.638127
0.092962
0.005204
0.150372
0.003172
0.001901
0.054556
0.036256
0.002165
0.00191
0.00329
0.013102
0.001301
0.006949
0.592832
0.02576
0.000957
0.045053
0.042521
0.008173
0.703201
0.00236
0.110868
0.012516
0.156563
0.001297
0.00016
0.002887
0.138039
0.044822
0.013991
0.000926
0.366824
0.027505
0.108369
0.015329
0.049134
0.000504
0.001631
0.014311
0.041035
0.223591
0.039341
0.003189
0.139086
0.028544
0.311139
0.004977
0.008261
0.007395
0.081311
0.045138
0.10533
0.212932
0.008438
0.084006
0.562169
0.270637
0.039938
0.140932
0.445678
0.000345
0.004179
0.489734
0.002304
0.018149
0.461167
0.23122
0.001577
0.003588
0.009296
0.011388
0.009249
0.003446
0.36721
0.002513
0.014903
0.323972
0.001991
0.090252
0.163071
0.030696
0.368101
0.012332
0.005081
0.042602
0.012059
0.020096
0.000924
0.526981
0.050849
0.192912
0.02397
0.000888
0.005607
0.003701
0.006318
0.022147
0.018886
0.292667
0.006353
0.002439
0.006808
0.006686
0.119944
0.248018
0.004177
0.039388
0.005196
0.001664
0.194468
0.27901
0.030607
0.006406
0.210584
0.052627
0.046478
0.009321
0.007143
0.003073
0.554728
0.100417
0.006496
0.034228
0.110685
0.001461
0.011776
0.08036
0.009963
0.464764
0.014236
0.094532
0.15919
0.511381
0.000571
0.567017
0.035722
0.020037
0.060446
0.000329
0.005287
0.239691
0.005676
0.397597
0.055435
0.02475
0.000474
0.004393
0.000185
0.004008
0.062539
0.028119
0.569291
0.007692
0.113216
0.004326
0.067574
0.050481
0.023111
0.009025
0.000153
0.033389
0.052676
0.041462
0.217676
0.002303
0.003124
0.034342
0.003264
0.614507
0.00363
0.404998
0.312791
0.439942
0.34191
0.006835
0.042891
0.525529
0.001287
0.654105
0.358049
0.040265
0.001697
0.009982
0.064591
0.042598
0.074385
0.239434
0.266129
0.745876
0.367415
0.042209
0.071731
0.006894
0.520159
0.003691
0.052386
0.38967
0.001539
0.046171
0.002103
0.011805
0.049955
0.075567
0.015929
0.032221
0.031207
0.043697
0.001
0.0003
0.008311
0.56406
0.012706
0.015782
0.000236
0.004908
0.04419
0.041745
0.008921
0.007411
0.40192
0.003246
0.061156
0.438376
0.004752
0.027201
0.000191
0.030189
0.026619
0.413165
0.018138
0.120661
0.114611
0.372076
0.078416
0.121482
0.003578
0.00876
0.036459
0.009748
0.002557
0.014989
0.571646
0.283024
0.00094
0.00945
0.000253
0.007301
0.017158
0.168287
0.087937
0.138612
0.027142
0.006347
0.445127
0.113658
0.000472
0.488705
0.00038
0.001308
0.015098
0.06128
0.222786
0.090441
0.046878
0.000968
0.08059
0.038323
0.002171
0.064892
0.000804
0.005866
0.000901
0.001759
0.006713
0.023079
0.004125
0.012298
0.138435
0.082985
0.00148
0.047353
0.000391
0.081789
0.001564
0.004197
0.028655
0.006449
0.073619
0.001914
0.268866
0.213218
0.002617
0.007941
0.005928
0.013815
0.31991
0.205765
0.020537
0.007792
0.076495
0.001215
0.355317
0.455326
0.328223
0.001032
0.01711
0.001054
0.000765
0.036092
0.000276
0.007133
0.007336
0.001708
0.427808
0.000381
0.321288
0.016124
0.013594
0.021583
0.066988
0.327245
0.404705
0.077925
0.001786
0.03086
0.001234
0.008822
0.218397
0.127862
0.001962
0.016212
0.003097
0.001136
0.225561
0.000937
0.010274
0.029061
0.041048
0.009109
0.013034
0.688197
0.002865
0.009637
0.138184
0.000572
0.119673
0.005343
0.011219
0.041177
0.249933
0.228962
0.593152
0.033324
0.00066
0.067833
0.00235
0.000904
0.127555
0.04673
0.074084
0.003004
0.143287
0.063231
0.185288
0.465194
0.03834
0.168158
0.151918
0.031044
0.002584
0.014796
0.007173
0.252872
0.587939
0.006384
0.209922
0.017661
0.000329
0.00086
0.014376
0.019322
0.156823
0.003335
0.165955
0.006419
0.234468
0.227984
0.008195
0.49786
0.001474
0.011421
0.066822
0.020315
0.007679
0.000349
0.001815
0.016166
0.010819
0.021968
0.003383
0.343282
0.011253
0.016281
0.01422
0.005325
0.005442
0.010093
0.003409
0.018604
0.008715
0.001933
0.000138
0.015927
0.000274
0.032322
0.001504
0.355442
0.309275
0.0036
0.350904
0.221001
0.021607
0.291196
0.032631
0.072896
0.002621
0.167222
0.031761
0.271529
0.46412
0.005961
0.020875
0.482931
0.019935
0.001787
0.099
0.014669
0.001272
0.192508
0.031903
0.218599
0.001603
0.02589
0.030672
0.005874
0.000283
0.449841
0.001382
0.027097
0.005412
0.123038
0.001961
0.237238
0.268933
0.598894
0.003962
0.467843
0.025113
0.017886
0.006117
0.078236
0.002048
0.25581
0.063161
0.016449
0.006723
0.003109
0.592106
0.015185
0.008685
0.165691
0.000598
0.005088
0.073499
0.055541
0.091332
0.087892
0.189092
0.001379
0.485996
0.028713
0.724962
0.000173
0.011436
0.469148
0.159666
0.035024
0.004402
0.0071
0.000549
0.054272
0.040906
0.203247
0.110245
0.054901
0.131952
0.004369
0.000408
0.053775
0.001405
0.002582
0.000592
0.002019
0.021421
0.049511
0.019878
0.079298
0.292923
0.005864
0.195175
0.010207
0.039643
0.013886
0.172917
0.013819
0.007672
0.000801
0.002241
0.001059
0.000571
0.001255
0.062204
0.350977
0.021459
0.018852
0.012698
0.001798
0.046681
0.027914
0.002188
0.61739
0.008709
0.001989
0.008463
0.000714
0.108397
0.000597
0.052121
0.012573
0.004643
0.018153
0.329391
0.000291
0.584851
0.182741
0.43333
0.07307
0.258906
0.002638
0.101983
0.312764
0.466615
0.005973
0.055694
0.122384
0.025183
0.004556
0.003161
0.017339
0.554555
0.037228
0.000208
0.003323
0.048549
0.004098
0.001534
0.17614
0.352727
0.054634
0.047539
0.002194
0.026924
0.179242
0.007245
0.038607
0.021984
0.000557
0.067261
0.334202
0.094225
0.010813
0.131588
0.513177
0.025106
0.000264
0.132576
0.000547
0.004755
0.00029
0.031649
0.000424
0.220549
0.499948
0.029119
0.056703
0.057529
0.230693
0.001576
0.464975
0.011789
0.021581
0.151766
0.136078
0.078138
0.000277
0.15806
0.343085
0.006497
0.045245
0.022766
0.010749
0.357418
0.15118
0.613578
0.249253
0.00065
0.024652
0.503956
0.661135
0.002881
0.235254
0.361914
0.212145
0.035973
0.520335
0.151139
0.038247
0.127356
0.001343
0.013457
0.002988
0.23731
0.131133
0.018514
0.499365
0.031509
0.00673
0.028638
0.002359
0.004431
0.019708
0.006226
0.006635
0.07564
0.058423
0.000362
0.015277
0.571468
0.000523
0.000569
0.001371
0.489018
0.033912
0.001633
0.087558
0.194308
0.000615
0.102044
0.109566
0.00209
0.473156
0.31793
0.010349
0.41564
0.048347
0.138116
0.045982
0.12361
0.000265
0.000212
0.000366
0.001973
0.000535
0.022684
0.085828
0.078096
0.003858
0.024882
0.084875
0.403857
0.004887
0.467226
0.004072
0.005764
0.005496
0.009482
0.013343
0.002613
0.123361
0.546231
0.029743
0.002688
0.014434
0.009074
0.054648
0.070882
0.00163
0.013491
0.005368
0.010985
0.0014
0.001444
0.112684
0.012797
0.432427
0.004531
0.00015
0.698979
0.051971
0.001573
0.001154
0.002331
0.000213
0.104767
0.081021
0.091981
0.054927
0.013757
0.02586
0.007621
0.003946
0.016619
0.006849
0.001451
0.006394
0.00214
0.005756
0.026238
0.027518
0.005668
0.004897
0.002241
0.007834
0.005975
0.015244
0.00022
0.002545
0.002998
0.462728
0.011384
0.051317
0.066144
0.014618
0.027728
0.01018
0.011705
0.001638
0.004073
0.036338
0.229399
0.012262
0.3571
0.00655
0.067679
0.000975
0.004769
0.054538
0.00589
0.028695
0.000405
0.124645
0.007021
0.126219
0.367828
0.021788
0.027706
0.473306
0.001099
0.008076
0.001608
0.011651
0.035895
0.000379
0.250769
0.004358
0.022838
0.026451
0.316035
0.002022
0.003786
0.501451
0.605047
0.531491
0.08802
0.028751
0.397352
0.029692
0.010371
0.11674
0.352594
0.041866
0.335054
0.011712
0.005854
0.007911
0.011023
0.005385
0.008676
0.275603
0.004848
0.688031
0.001319
0.27336
0.023657
0.103507
0.021801
0.052023
0.129384
0.133324
0.013347
0.074335
0.007276
0.001815
0.002777
0.117662
0.002391
0.00042
0.000641
0.056862
0.026804
0.087387
0.096892
0.001154
0.035263
0.02394
0.002154
0.00921
0.001118
0.000648
0.008689
0.074515
0.020012
0.105017
0.010482
0.056074
0.001643
0.002232
0.000866
0.000544
0.162969
0.036706
0.053385
0.120394
0.016811
0.011913
0.189522
0.28715
0.014891
0.242801
0.610788
0.054098
0.000579
0.458509
0.006909
0.007003
0.055689
0.009726
0.011041
0.013523
0.000958
0.001288
0.083256
0.221133
0.000856
0.002773
0.003042
0.001136
0.115708
0.000861
0.001795
0.329506
0.013561
0.001014
0.063012
0.000925
0.037528
0.012694
0.003154
0.05757
0.025708
0.031364
0.025649
0.053212
0.014038
0.223624
0.027184
0.007121
0.000283
0.001508
0.021039
0.045058
0.029908
0.000826
0.237391
0.094384
0.050505
0.012466
0.089612
0.22867
0.301045
0.001722
0.012658
0.096656
0.05372
0.264152
0.013324
0.003224
0.304713
0.333777
0.145142
0.001519
0.546324
0.132409
0.091164
0.300887
0.023806
0.030208
0.078395
0.134339
0.001644
0.324072
0.025602
0.366892
0.052858
0.482659
0.002881
0.000484
0.717881
0.004757
0.022638
0.031578
0.003527
0.054328
0.002702
0.21952
0.005333
0.001174
0.397371
0.00374
0.391502
0.020967
0.236547
0.206423
0.009519
0.014938
0.008441
0.286626
0.006615
0.011985
0.004047
0.084172
0.078262
0.048073
0.002575
0.001993
0.005315
0.003167
0.125728
0.001841
0.000365
0.001536
0.018665
0.016125
0.02818
0.016238
0.000942
0.027207
0.000513
0.320324
0.001525
0.001031
0.021905
0.034411
0.006315
0.005106
0.479046
0.4398
0.003528
0.059727
0.00147
0.001329
0.020163
0.015434
0.050758
0.162723
0.052321
0.200848
0.270503
0.040191
0.001148
0.034687
0.005416
0.388714
0.460623
0.00204
0.033047
0.100053
0.007713
0.001382
0.007391
0.00788
0.006144
0.125861
0.000578
0.10781
0.003165
0.000536
0.000722
0.177132
0.04876
0.000759
0.004264
0.281965
0.284348
0.013794
0.680755
0.159458
0.016973
0.001082
0.005111
0.086047
0.280205
0.015335
0.008109
0.000705
0.07224
0.013809
0.013381
0.006927
0.518515
0.188958
0.001626
0.002901
0.000143
0.002725
0.010985
0.003279
0.002932
0.054659
0.272422
0.031268
0.46665
0.246421
0.003648
0.011055
0.430159
0.040859
0.000876
0.002308
0.004359
0.145477
0.000556
0.24766
0.004707
0.000567
0.060738
0.038851
0.011924
0.137505
0.045697
0.007151
0.352573
0.001255
0.002778
0.005934
0.040975
0.575707
0.09274
0.003725
0.002835
0.253376
0.007559
0.065915
0.000234
0.003581
0.072276
0.088659
0.002828
0.018674
0.002099
0.000346
0.028163
0.009783
0.006349
0.185797
0.009038
0.006179
0.002843
0.001318
0.037266
0.009165
0.022309
0.374402
0.006689
0.007583
0.001293
0.062676
0.272073
0.017357
0.000934
0.010343
0.001127
0.003031
0.044808
0.005812
0.005323
0.220809
0.021621
0.272104
0.245985
0.006202
0.046054
0.26939
0.006557
0.003404
0.224778
0.003752
0.00976
0.011977
0.230265
0.004853
0.024312
0.012141
0.002963
0.002209
0.158411
0.038335
0.090442
0.0204
0.015077
0.000317
0.225539
0.131253
0.001223
0.063475
0.004959
0.167065
0.64571
0.252908
0.026823
0.000616
0.041402
0.355995
0.040272
0.012936
0.01433
0.014058
0.078286
0.020709
0.224857
0.068876
0.219348
0.002696
0.073138
0.003093
0.012062
0.041891
0.005275
0.001384
0.066081
0.003009
0.002039
0.100319
0.004794
0.249618
0.045469
0.02824
0.00044
0.011507
0.000434
0.004691
0.015706
0.000447
0.020827
0.007965
0.357859
0.031813
0.008121
0.01144
0.038795
0.002923
0.025616
0.021882
0.000599
0.010195
0.327791
0.041064
0.001453
0.000895
0.00094
0.002445
0.021104
0.017634
0.003624
0.3433
0.004353
0.009394
0.001533
0.037366
0.054798
0.000627
0.063112
0.002048
0.01669
0.049952
0.070306
0.475571
0.382554
0.588446
0.002581
0.002988
0.002977
0.029774
0.000762
0.025164
0.015767
0.001034
0.049994
0.002633
0.064266
0.341963
0.010388
0.27436
0.220073
0.005252
0.025356
0.042472
0.048854
0.004233
0.317284
0.387692
0.011071
0.00011
0.004749
0.004463
0.091659
0.0131
0.053312
0.013079
0.253295
0.000345
0.007857
0.42987
0.037248
0.357645
0.00304
0.116893
0.146313
0.063509
0.123185
0.010538
0.186869
0.206571
0.001368
0.000466
0.017347
0.021524
0.001955
0.191517
0.372541
0.532603
0.351539
0.002312
0.033856
0.001132
0.048689
0.004833
0.430686
0.066952
0.002244
0.413324
0.000833
0.031723
0.388249
0.049921
0.299082
0.020111
0.018119
0.004451
0.131395
0.008367
0.478056
0.034446
0.327465
0.149541
0.008487
0.021535
0.005806
0.006795
0.001108
0.047734
0.002978
0.123267
0.375918
0.026134
0.000661
0.453377
0.000123
0.000804
0.00447
0.128008
0.014339
0.008347
0.001433
0.039096
0.059899
0.065608
0.003482
0.006813
0.007042
0.008289
0.010979
0.033205
0.00018
0.107382
0.015354
0.007254
0.009098
0.000759
0.0051
0.02125
0.016361
0.049631
0.378609
0.001313
0.032487
0.009628
0.032173
0.381421
0.04317
0.224009
0.351295
0.315093
0.000735
0.437752
0.286989
0.026276
0.431304
0.320239
0.001788
0.003476
0.656436
0.027906
0.005349
0.000516
0.000814
0.314867
0.511255
0.001632
0.000408
0.002197
0.112196
0.01729
0.047943
0.023835
0.006546
0.112782
0.000552
0.003534
0.025657
0.010782
0.000219
0.010977
0.001038
0.000486
0.000879
0.038715
0.14612
0.35664
0.001224
0.000735
0.643358
0.008881
0.013547
0.012428
0.006279
0.016863
0.002532
0.001317
0.003202
0.024393
0.35606
0.011584
0.002475
0.469104
0.643832
0.043936
0.466964
0.226136
0.052311
0.120777
0.001741
0.000548
0.052521
0.031082
0.106889
0.01831
0.004415
0.646362
0.039509
0.012868
0.004079
0.010132
0.209668
0.406187
0.212437
0.026176
0.038092
0.001886
0.671709
0.009139
0.021449
0.000133
0.025585
0.024832
0.452334
0.125594
0.08706
0.13509
0.406708
0.006549
0.157025
0.00107
0.000422
0.016221
0.007301
0.002287
0.003623
0.000997
0.001734
0.351016
0.315795
0.022681
0.007611
0.011516
0.000186
0.083681
0.403184
0.372086
0.003621
0.537553
0.00907
0.002878
0.010227
0.016317
0.014484
0.475209
0.021363
0.005134
0.046412
0.011289
0.003176
0.247134
0.031645
0.240008
0.048501
0.021369
0.034244
0.13133
0.002392
0.008007
0.015536
0.475038
0.045832
0.113092
0.379336
0.054114
0.001841
0.106398
0.004468
0.123066
0.001822
0.124199
0.024931
0.006408
0.009438
0.003614
0.000647
0.308261
0.13464
0.193285
0.000958
0.028071
0.105632
0.00832
0.140891
0.008899
0.001319
0.021873
0.516137
0.004105
0.006314
0.004641
0.543874
0.001097
0.055943
0.016419
0.028349
0.182169
0.272628
0.000234
0.039399
0.020549
0.447038
0.001149
0.141373
0.033396
0.068301
0.020132
0.009246
0.051491
0.001625
0.013116
0.037566
0.040455
0.03125
0.055043
0.010206
0.421566
0.405495
0.003997
0.00367
0.000191
0.026399
0.021671
0.036233
0.060136
0.006188
0.60666
0.06003
0.008607
0.294403
0.004306
0.128809
0.043858
0.006878
0.002347
0.374579
0.48825
0.036463
0.117624
0.057898
0.00058
0.000687
0.034655
0.000285
0.062457
0.027617
0.367312
0.004793
0.172575
0.160557
0.002119
0.001503
0.007286
0.008668
0.389529
0.103016
0.006979
0.028559
0.016429
0.085708
0.055186
0.0026
0.109412
0.007404
0.001204
0.036489
0.036897
0.001758
0.005976
0.059848
0.018658
0.395319
0.32638
0.239585
0.060608
0.004952
0.001181
0.017631
0.018152
0.0061
0.014053
0.613287
0.218019
0.001502
0.002997
0.159139
0.26197
0.006193
0.031386
0.419699
0.000452
0.105792
0.333024
0.138023
0.010157
0.2843
0.409167
0.348268
0.466308
0.013224
0.11596
0.021335
0.252093
0.010874
0.001416
0.013858
0.582459
0.054229
0.005038
0.003625
0.000562
0.590665
0.18131
0.031482
0.005241
0.010773
0.007685
0.405079
0.411504
0.021892
0.001202
0.002018
0.043997
0.002432
0.002887
0.673407
0.019197
0.007795
0.404624
0.021594
0.006407
0.00776
0.301481
0.001496
0.128875
0.031998
0.556333
0.011012
0.033832
0.004947
0.353079
0.006772
0.005174
0.079735
0.050474
0.015672
0.077992
0.021875
0.110301
0.002021
0.007864
0.027148
0.010462
0.311947
0.022033
0.055486
0.097992
0.007334
0.01779
0.45537
0.032229
0.156126
0.214596
0.31552
0.417077
0.662201
0.006013
0.022627
0.014384
0.000753
0.076205
0.462052
0.399399
0.027391
0.430434
0.049443
0.198601
0.00246
0.084733
0.01262
0.001174
0.006296
0.101529
0.323323
0.184848
0.720832
0.001533
0.000773
0.006386
0.000472
0.001186
0.003084
0.110273
0.362968
0.009231
0.00014
0.0061
0.063106
0.012374
0.007076
0.068623
0.005849
0.043282
0.006131
0.021106
0.023489
0.000717
0.370662
0.018638
0.000442
0.610611
0.280331
0.195228
0.088456
0.249156
0.03342
0.052429
0.248449
0.628339
0.00974
0.008811
0.415026
0.11144
0.013616
0.016991
0.002648
0.486608
0.112462
0.009464
0.07917
0.018722
0.026672
0.007671
0.003495
0.001956
0.007483
0.262253
0.208012
0.040917
0.000186
0.002911
0.005193
0.022857
0.000536
0.001198
0.082607
0.003676
0.000324
0.303668
0.001862
0.617529
0.165071
0.281033
0.06366
0.026616
0.001006
0.000424
0.434209
0.003505
0.057873
0.095113
0.378852
0.390793
0.137487
0.076805
0.354452
0.005516
0.006697
0.237505
0.222127
0.065817
0.455319
0.00797
0.002802
0.052923
0.356118
0.003313
0.160829
0.002004
0.327791
0.124677
0.026137
0.004549
0.239382
0.552612
0.004705
0.001713
0.642642
0.006371
0.008601
0.270244
0.247579
0.136755
0.002264
0.021624
0.264505
0.00786
0.215834
0.000648
0.010683
0.019576
0.151069
0.006833
0.054365
0.12299
0.000181
0.005105
0.045505
0.040021
0.038974
0.611897
0.062363
0.00695
0.022697
0.507249
0.024679
0.003643
0.12673
0.069223
0.028812
0.411003
0.001116
0.067521
0.168715
0.000218
0.004664
0.481336
0.093744
0.058839
0.001791
0.245724
0.129045
0.051164
0.216873
0.092553
0.020495
0.000145
0.030437
0.002705
0.208998
0.002295
0.344391
0.208719
0.458492
0.060542
0.154024
0.003899
0.013313
0.464398
0.0077
0.015497
0.368026
0.005862
0.051884
0.033378
0.000568
0.241883
0.296452
0.000859
0.006517
0.005487
0.094976
0.259111
0.024602
0.004629
0.000628
0.001257
0.002089
0.140075
0.010639
0.002663
0.030473
0.081485
0.002008
0.000197
0.256115
0.088321
0.016897
0.286204
0.008449
0.002861
0.128539
0.004881
0.000419
0.01377
0.066123
0.00337
0.057072
0.001977
0.441337
0.187657
0.010013
0.407413
0.659309
0.034665
0.291244
0.271942
0.000366
0.008702
0.00055
0.327742
0.608549
0.014138
0.498887
0.503373
0.168567
0.000974
0.034384
0.107733
0.031401
0.001922
0.017397
0.211617
0.1947
0.017488
0.483725
0.070625
0.129112
0.001456
0.085753
0.026176
0.02786
0.021511
0.182558
0.04989
0.23863
0.630773
0.049788
0.00071
0.000524
0.038765
0.00108
0.173012
0.009881
0.026461
0.354723
0.022495
0.048115
0.015151
0.006818
0.005654
0.000573
0.011746
0.073859
0.005428
0.05162
0.017131
0.256423
0.000821
0.031594
0.061434
0.020732
0.045569
0.526271
0.009927
0.027841
0.448271
0.000742
0.09381
0.233462
0.000581
0.046598
0.020102
0.007924
0.230133
0.001404
0.051685
0.013954
0.231221
0.015255
0.008224
0.00347
0.123234
0.450881
0.004848
0.056891
0.270916
0.245177
0.003265
0.152832
0.004351
0.012475
0.061053
0.236896
0.000544
0.009619
0.004474
0.236088
0.476583
0.000507
0.002166
0.012567
0.002493
0.425616
0.000437
0.000912
0.003943
0.000447
0.122178
0.07085
0.000233
0.001343
0.002358
0.019596
0.008828
0.656031
0.011838
0.476144
0.000894
0.236466
0.011247
0.002133
0.020231
0.001179
0.00581
0.005375
0.042499
0.216084
0.543998
0.013344
0.24494
0.354996
0.091625
0.003404
0.064167
0.000701
0.000341
0.000276
0.019515
0.130523
0.007401
0.000258
0.022643
0.007815
0.004664
0.047581
0.006698
0.00739
0.08814
0.005616
0.23521
0.015387
0.088761
0.004002
0.489461
0.007671
0.01096
0.000727
0.019434
0.000965
0.003754
0.461361
0.007202
0.003054
0.002134
0.22045
0.066436
0.003321
0.002874
0.01956
0.616256
0.174704
0.536499
0.007499
0.002021
0.000482
0.127997
0.00146
0.02277
0.484723
0.028578
0.001062
0.001984
0.35341
0.001047
0.006512
0.019396
0.38269
0.001428
0.002859
0.001001
0.087686
0.010438
0.011138
0.586553
0.480272
0.018439
0.048074
0.325587
0.007976
0.001612
0.057338
0.134302
0.010099
0.621623
0.024893
0.001522
0.003823
0.065096
0.013507
0.353855
0.329446
0.050905
0.009779
0.003159
0.121162
0.018261
0.001333
0.583037
0.020923
0.065259
0.001612
0.005981
0.030637
0.160825
0.030129
0.348747
0.002718
0.1986
0.005203
0.27596
0.002987
0.000886
0.006026
0.008483
0.095896
0.31893
0.132659
0.001314
0.00839
0.002661
0.196039
0.012676
0.202069
0.007296
0.006373
0.03999
0.127555
0.015358
0.005372
0.096539
0.044761
0.015299
0.03688
0.033633
0.000696
0.333261
0.109592
0.066201
0.020043
0.015624
0.274752
0.004645
0.586644
0.008931
0.059265
0.000675
0.002708
0.250338
0.138743
0.048262
0.007442
0.007432
0.011716
0.475784
0.002798
0.023127
0.175497
0.002014
0.4698
0.001499
0.046464
0.016786
0.011285
0.623243
0.000977
0.031544
0.001866
0.008487
0.335794
0.164805
0.048849
0.000458
0.346807
0.392535
0.406884
0.001051
0.361597
0.000639
0.013031
0.129612
0.059269
0.003645
0.032889
0.010313
0.073448
0.278713
0.057326
0.102758
0.004564
0.56442
0.029413
0.133336
0.348252
0.09604
0.000528
0.643202
0.049893
0.024882
0.004183
0.548536
0.023364
0.013159
0.008314
0.002148
0.043392
0.002234
0.004557
0.000111
0.133259
0.018332
0.256785
0.438515
0.002233
0.495832
0.550908
0.037964
0.010769
0.006683
0.324924
0.000165
0.013844
0.596405
0.018226
0.020143
0.4013
0.631373
0.060302
0.042923
0.004161
0.022069
0.049029
0.033083
0.132504
0.630231
0.096763
0.448146
0.067332
0.424926
0.185882
0.008419
0.139137
0.030975
0.003437
0.028555
0.131511
0.000924
0.003008
0.225519
0.00402
0.011736
0.009533
0.55847
0.001564
0.024709
0.000339
0.502091
0.009121
0.108381
0.197769
0.262167
0.118635
0.053583
0.016118
0.008441
0.001044
0.064879
0.002629
0.174169
0.63778
0.005278
0.006081
0.005225
0.000878
0.074092
0.017153
0.147017
0.00158
0.035951
0.00371
0.404268
0.188437
0.049917
0.004428
0.001468
0.011258
0.143981
0.011737
0.002177
0.035971
0.00343
0.004745
0.000447
0.054882
0.000608
0.001546
0.003058
0.015462
0.147703
0.695014
0.006079
0.000673
0.011269
0.005448
0.082488
0.3728
0.380646
0.034826
0.039525
0.131481
0.030307
0.045231
0.000377
0.003139
0.247927
0.001389
0.028122
0.005642
0.167527
0.006585
0.748278
0.065079
0.329614
0.010782
0.004524
0.01861
0.010603
0.005248
0.063702
0.001908
0.003611
0.231273
0.000436
0.018609
0.11958
0.008254
0.009808
0.016862
0.011389
0.008672
0.403853
0.005201
0.440303
0.001374
0.000457
0.285088
0.000257
0.702319
0.00142
0.632111
0.305086
0.038549
0.000336
0.057562
0.623505
0.014503
0.000644
0.073683
0.087261
0.006204
0.000954
0.002916
0.423722
0.623019
0.004446
0.003567
0.007688
0.552533
0.001977
0.06655
0.047965
0.071073
0.049125
0.005446
0.360139
0.003398
0.0031
0.018345
0.018465
0.00667
0.001374
0.006728
0.121687
0.003984
0.446986
0.027793
0.011646
0.002597
0.001777
0.007956
0.249737
0.031714
0.001589
0.047561
0.017975
0.022184
0.234764
0.032789
0.540768
0.009419
0.013122
0.058438
0.058302
0.058155
0.024019
0.243891
0.003002
0.001805
0.003594
0.012761
0.003355
0.00544
0.60673
0.002309
0.013282
0.001694
0.007925
0.004785
0.027889
0.385996
0.205371
0.008166
0.018536
0.01284
0.001557
0.033673
0.160667
0.152719
0.004352
0.041907
0.167276
0.022487
0.023416
0.020835
0.001383
0.003629
0.002248
0.018453
0.003082
0.068129
0.060401
0.008049
0.121503
0.000628
0.015779
0.536773
0.012162
0.003145
0.015229
0.289565
0.052121
0.001336
0.009397
0.026434
0.041051
0.00094
0.328589
0.00463
0.010808
0.00296
0.026823
0.015323
0.001011
0.008869
0.002616
0.006972
0.002406
0.106872
0.021007
0.049661
0.001266
0.002926
0.007043
0.28812
0.001817
0.003001
0.001642
0.019084
0.152517
0.195748
0.515125
0.00825
0.356121
0.011981
0.021801
0.329312
0.248137
0.007099
0.00471
0.011177
0.021043
0.059532
0.001329
0.004451
0.005948
0.01699
0.249676
0.008746
0.037299
0.145168
0.001543
0.001583
0.00146
0.447435
0.037995
0.002596
0.199347
0.004548
0.006909
0.636635
0.001879
0.034314
0.000896
0.016403
0.007422
0.001181
0.266029
0.0972
0.50729
0.002587
0.100288
0.466384
0.002718
0.042582
0.006549
0.005552
0.054111
0.015797
0.024956
0.29842
0.069338
0.240665
0.000358
0.001226
0.015031
0.451261
0.00903
0.000836
0.004437
0.052924
0.045185
0.001114
0.001028
0.001343
0.001922
0.008493
0.002401
0.056768
0.445519
0.266816
0.005822
0.007052
0.001106
0.009434
0.018139
0.631978
0.000253
0.06126
0.016248
0.121668
0.005717
0.137189
0.018026
0.002453
0.169165
0.057284
0.001237
0.00126
0.059089
0.004536
0.035255
0.020777
0.005802
0.017515
0.25589
0.002948
0.004504
0.316748
0.001335
0.168964
0.053186
0.016273
0.080324
0.218347
0.081081
0.078833
0.000687
0.366202
0.00381
0.253692
0.008426
0.009029
0.003236
0.101401
0.428424
0.607781
0.007085
0.117687
0.151957
0.005012
0.230203
0.169489
0.560965
0.000447
0.16306
0.105254
0.000822
0.005285
0.001165
0.00289
0.003025
0.00116
0.092218
0.003347
0.075258
0.357097
0.002066
0.004946
0.131777
0.122842
0.050324
0.000828
0.12188
0.042715
0.211973
0.001536
0.035173
0.17284
0.391417
0.305169
