0.004474
0.012024
0.006691
0.249375
0.140092
0.169678
0.060829
0.063689
0.027029
0.006514
0.150041
0.10043
0.012135
0.012278
0.102476
0.041852
0.038967
0.020151
0.01266
0.144373
0.05743
0.001805
0.016533
0.021441
0.107763
0.011051
0.096415
0.132219
0.008172
0.003557
0.127672
0.047741
0.308394
0.020391
0.058955
0.290062
0.003097
0.034806
0.123951
0.033531
0.124236
0.117819
0.00311
0.067141
0.059552
0.049848
0.003065
0.210885
0.144473
0.002489
0.030183
0.020065
0.014348
0.044514
0.012397
0.189845
0.002185
0.02016
0.029743
0.029533
0.011845
0.025038
0.14202
0.03672
0.065633
0.004306
0.139566
0.129522
0.0526
0.287518
0.054458
0.000459
0.030986
0.001661
0.004972
0.050665
0.003389
0.02778
0.010875
0.019756
0.062112
0.02897
0.000896
0.001014
0.023308
0.549492
0.073542
0.03051
0.003183
0.055377
0.203744
0.037992
0.273904
0.028555
0.00404
0.320845
0.186049
0.021329
0.000304
0.187975
0.040202
0.157725
0.002123
0.001554
0.006294
0.059066
0.029839
0.292433
0.035146
0.04369
0.116867
0.044911
0.012633
0.460443
0.045762
0.103535
0.0224
0.003065
0.342567
0.008133
0.011275
0.012777
0.054897
0.026167
0.016768
0.002605
0.139788
0.253562
0.041538
0.283904
0.008402
0.002694
0.026826
0.060806
0.316339
0.026703
0.036312
0.038943
0.247176
0.10519
0.218029
0.005302
0.014242
0.45811
0.34767
0.015879
0.001332
0.029095
0.094336
0.194656
0.13988
0.059038
0.048932
0.095788
0.002138
0.022441
0.000842
0.184633
0.009246
0.395279
0.036673
0.002192
0.406839
0.276699
0.200956
0.003629
0.036672
0.037192
0.037441
0.149734
0.003157
0.004428
0.00419
0.00531
0.03295
0.360567
0.015982
0.081794
0.660896
0.008983
0.00059
0.136541
0.015568
0.007211
0.09817
0.222859
0.005748
0.010994
0.209125
0.095795
0.021734
0.003099
0.014534
0.084055
0.111527
0.0024
0.396461
0.042967
0.006203
0.080908
0.01958
0.015183
0.007364
0.469912
0.006213
0.000628
0.024589
0.003387
0.019501
0.29149
0.011322
0.012149
0.000333
0.440762
0.035218
0.000347
0.00669
0.007226
0.306079
0.028724
0.194749
0.002911
0.005845
0.000658
0.187752
0.000825
0.005429
0.02711
0.007161
0.008107
0.002634
0.00631
0.13425
0.032905
0.00836
0.015301
0.466667
0.039379
0.166045
0.004484
0.121517
0.008176
0.017015
0.064836
0.143435
0.019329
0.016867
0.014448
0.046352
0.20805
0.022819
0.043582
0.142546
0.0615
0.002715
0.00116
0.027721
0.322681
0.015806
0.065245
0.018688
0.09028
0.001194
0.413731
0.019269
0.011964
0.00331
0.001005
0.070631
0.07666
0.000291
0.004578
0.244622
0.003883
0.146558
0.083505
0.012278
0.074697
0.001926
0.084465
0.000566
0.118131
0.218174
0.003019
0.01239
0.001126
0.008861
0.020185
0.000656
0.000863
0.001279
0.019335
0.120988
0.00028
0.540023
0.147706
0.027899
0.162676
0.148493
0.054031
0.005476
0.022577
0.208088
0.011693
0.153508
0.019109
0.082723
0.026226
0.233137
0.35534
0.007442
0.004251
0.072235
0.126358
0.02046
0.011914
0.000895
0.393262
0.418643
0.02571
0.035184
0.025598
0.014691
0.000719
0.000286
0.026156
0.238576
0.0137
0.003212
0.027145
0.167593
0.131482
0.158819
0.004656
0.26602
0.024629
0.026059
0.029143
0.000587
0.066955
0.010767
0.00143
0.024433
0.372966
0.132382
0.302139
0.001182
0.089385
0.114452
0.066838
0.000493
0.013226
0.002554
0.00188
0.013152
0.0098
0.266835
0.000322
0.015283
0.122794
0.018477
0.016198
0.107604
0.023394
0.002043
0.179285
0.537865
0.057445
0.007118
0.087411
0.026425
0.005776
0.020962
0.019701
0.247465
0.094441
0.001601
0.002565
0.210494
0.03683
0.045905
0.108436
0.108452
0.043748
0.021331
0.005753
0.043371
0.000392
0.066523
0.014545
0.027041
0.139124
0.001094
0.001013
0.168729
0.030006
0.027114
0.046844
0.021475
0.012304
0.106351
0.011811
0.001089
0.007347
0.532993
0.177854
0.100254
0.003864
0.022901
0.006227
0.104648
0.008422
0.250732
0.003063
0.014076
0.065561
0.002206
0.020148
0.016349
0.166447
0.441052
0.004176
0.005312
0.004958
0.006926
0.312792
0.033882
0.001376
0.014374
0.019876
0.095163
0.575119
0.002105
0.137358
0.012145
0.007293
0.012387
0.457308
0.187664
0.066508
0.135892
0.005667
0.006248
0.005215
0.139427
0.144858
0.000177
0.003108
0.018042
0.000952
0.009551
0.073059
0.001753
0.105599
0.018534
0.091855
0.164539
0.002594
0.061558
0.122431
0.016713
0.01039
0.001646
0.022364
0.378196
0.163376
0.210946
0.026603
0.046252
0.002713
0.011007
0.366246
0.000244
0.008002
0.013543
0.002914
0.068845
0.065055
0.63113
0.472701
0.001649
0.048892
0.001385
0.388911
0.027191
0.241601
0.008447
0.013967
0.006427
0.202424
0.124767
0.034842
0.12538
0.00872
0.026127
0.036712
0.001851
0.053428
0.004809
0.004117
0.05842
0.260246
0.002261
0.29855
0.117634
0.009174
0.011449
0.000346
0.011304
0.002645
0.005645
0.083131
0.001609
0.011302
0.005694
0.011115
0.01054
0.077422
0.001386
0.061123
0.003206
0.011307
0.00337
0.00093
0.460226
0.006616
0.132419
0.040504
0.528628
0.008655
0.27171
0.013521
0.00026
0.060279
0.156481
0.011631
0.00987
0.003961
0.007984
0.030663
0.174819
0.003536
0.010641
0.638607
0.077634
0.118818
0.000469
0.227793
0.215195
0.002838
0.060838
0.303087
0.122457
0.009403
0.019173
0.653409
0.004246
0.000537
0.016104
0.0159
0.070748
0.380578
0.372099
0.384952
0.061486
0.004369
0.054356
0.008581
0.003638
0.027683
0.01027
0.165698
0.021122
0.259172
0.457023
0.004133
0.03555
0.00116
0.000528
0.032294
0.550675
0.083727
0.004524
0.002522
0.17201
0.013063
0.204314
0.005226
0.000562
0.013092
0.120214
0.018988
0.096352
0.011524
0.234827
0.663919
0.014272
0.001199
0.338982
0.676456
0.022064
0.332385
0.012379
0.067871
0.004252
0.022598
0.016466
0.000697
0.002248
0.045748
0.087609
0.001186
0.54387
0.00196
0.051945
0.569965
0.001586
0.002872
0.000429
0.035637
0.000743
0.022784
0.343348
0.004295
0.176076
0.000697
0.001972
0.006147
0.005706
0.356222
0.001769
0.001742
0.29419
0.383895
0.006311
0.000585
0.041641
0.049883
0.025411
0.008641
0.014086
0.054219
0.339375
0.012444
0.289013
0.049008
0.000141
0.050181
0.046823
0.147407
0.145904
0.393382
0.047926
0.451785
0.012889
0.006491
0.300024
0.029287
0.318585
0.015234
0.010093
0.172424
0.125183
0.006981
0.012178
0.112187
0.01592
0.155224
0.030102
0.018473
0.019246
0.019061
0.303309
0.040735
0.000881
0.2213
0.003434
0.011331
0.036467
0.316308
0.038912
0.020351
0.159643
0.661102
0.000367
0.008612
0.003985
0.002691
0.296814
0.003268
0.470005
0.006109
0.005447
0.060054
0.413424
0.002307
0.003205
0.21131
0.114894
0.000423
0.364257
0.20479
0.054735
0.003301
0.003464
0.608412
0.00247
0.000701
0.28296
0.000895
0.033203
0.005275
0.000361
0.136489
0.110441
0.014704
0.239859
0.358947
0.05165
0.000866
0.011488
0.072979
0.136842
0.001413
0.000619
0.002979
0.191246
0.712445
0.436282
0.454681
0.047403
0.022674
0.002188
0.474776
0.006416
0.030816
0.012377
0.2859
0.010383
0.518398
0.002772
0.002033
0.040524
0.000955
0.00837
0.009769
0.00254
0.001147
0.001903
0.000189
0.012121
0.352201
0.003547
0.005359
0.277817
0.194118
0.303334
0.108387
0.00306
0.005489
0.033212
0.046768
0.001717
0.245357
0.133404
0.004193
0.029552
0.041934
0.025814
0.003608
0.031968
0.078979
0.182345
0.617732
0.23245
0.001238
0.00479
0.610909
0.000924
0.380785
0.323299
0.000297
0.236857
0.026039
0.005618
0.015765
0.003493
0.155131
0.000469
0.010174
0.128786
0.002616
0.005308
0.005222
0.682011
0.189337
0.353294
0.269014
0.134989
0.003562
0.007355
0.13801
0.017127
0.002564
0.037926
0.459739
0.025137
0.559873
0.00049
0.001803
0.001917
0.004695
0.123468
0.010055
0.014016
0.030143
0.005518
0.003685
0.006159
0.167454
0.080259
0.037084
0.000439
0.222098
0.041692
0.012445
0.013001
0.039467
0.002484
0.08028
0.065076
0.000218
0.033769
0.064725
0.005716
0.116926
0.004086
0.251844
0.000884
0.009201
0.021332
0.001022
0.019293
0.002742
0.003575
0.004707
0.000286
0.231346
0.000289
0.001186
0.256501
0.00907
0.003559
0.003815
0.220771
0.518952
0.445412
0.009007
0.334257
0.046304
0.231225
0.011994
0.039508
0.293635
0.042721
0.00072
0.005074
0.159763
0.042714
0.008221
0.000771
0.078281
0.008936
0.000511
0.492602
0.00864
0.194826
0.000538
0.051456
0.002625
0.006227
0.001646
0.504753
0.013767
0.024571
0.065468
0.007016
0.005883
0.003554
0.016821
0.555925
0.020022
0.142497
0.256082
0.002125
0.006731
0.519763
0.162623
0.002004
0.00245
0.010121
0.254767
0.031844
0.325109
0.00018
0.008679
0.000822
0.188269
0.025665
0.053551
0.007622
0.049481
0.040471
0.043233
0.013569
0.35604
0.263657
0.013836
0.379424
0.146839
0.013246
0.004824
0.016859
0.000734
0.009972
0.007593
0.002622
0.014952
0.353757
0.064949
0.018462
0.051639
0.268863
0.021642
0.009047
0.600683
0.474988
0.019989
0.464432
0.005867
0.121398
0.119461
0.288956
0.008651
0.653943
0.22032
0.199062
0.002953
0.016871
0.026844
0.128746
0.011574
0.005394
0.016697
0.455834
0.055793
0.444881
0.003214
0.188014
0.441804
0.036952
0.060061
0.02204
0.237854
0.001863
0.002452
0.576371
0.039303
0.148657
0.017608
0.048006
0.172835
0.151501
0.260313
0.006876
0.312991
0.017647
0.438903
0.019361
0.325511
0.150726
0.027146
0.010253
0.002495
0.289669
0.006008
0.009377
0.002672
0.067623
0.109195
0.000536
0.031753
0.00547
0.381434
0.000249
0.01361
0.006713
0.013711
0.062803
0.00408
0.001954
0.022679
0.150033
0.019408
0.117256
0.000173
0.02472
0.00072
0.025514
0.00755
0.708737
0.275247
0.001716
0.081478
0.001663
0.002848
0.00565
0.008902
0.025008
0.055327
0.16174
0.001343
0.015899
0.016746
0.002145
0.001368
0.006651
0.003906
0.138195
0.008181
0.029007
0.02459
0.003972
0.042726
0.51402
0.002207
0.116634
0.004629
0.421903
0.000443
0.003592
0.594258
0.002933
0.077202
0.002804
0.058266
0.251127
0.037524
0.004226
0.687464
0.002831
0.050571
0.003462
0.258989
0.003062
0.043083
0.317045
0.097231
0.000725
0.161944
0.596716
0.011733
0.026226
0.001537
0.014313
0.018218
0.011
0.629271
0.054684
0.001469
0.077467
0.34178
0.052663
0.002534
0.371347
0.009067
0.013933
0.084816
0.408546
0.04154
0.001835
0.109185
0.007944
0.116106
0.120134
0.034879
0.112622
0.004241
0.0123
0.014307
0.12421
0.07986
0.051379
0.028503
0.023409
0.000716
0.004913
0.007524
0.118421
0.36048
0.056668
0.004273
0.001899
0.335869
0.117204
0.00226
0.145816
0.013808
0.274604
0.003196
0.000327
0.649362
0.003859
0.003348
0.009539
0.002738
0.003679
0.521919
0.001579
0.038157
0.024876
0.000322
0.034358
0.20801
0.021181
0.003723
0.137386
0.008741
0.010758
0.001887
0.005916
0.099769
0.028751
0.006907
0.126559
0.001797
0.220104
0.348947
0.638277
0.0018
0.048052
0.110715
0.00594
0.024888
0.022668
0.005641
0.345639
0.000866
0.221029
0.359272
0.028398
0.000262
0.02209
0.023865
0.398664
0.040937
0.21388
0.384996
0.223068
0.164693
0.006772
0.064434
0.387548
0.01454
0.058392
0.003703
0.007909
0.050824
0.000575
0.051407
0.142832
0.006914
0.07102
0.006687
0.012789
0.026501
0.215381
0.52147
0.545741
0.034839
0.178958
0.250368
0.07486
0.055472
0.552145
0.350024
0.005426
0.0007
0.00533
0.015785
0.009688
0.003283
0.003499
0.00292
0.29384
0.005954
0.04933
0.31905
0.360149
0.005065
0.001632
0.007646
0.063178
0.002191
0.417499
0.002787
0.031626
0.053131
0.431094
0.047747
0.051088
0.036496
0.025917
0.012619
0.018805
0.184973
0.10774
0.086161
0.074683
0.10173
0.019411
0.052628
0.000424
0.202934
0.001636
0.234861
0.00637
0.016623
0.00873
0.298184
0.582697
0.55912
0.128836
0.182699
0.010103
0.015852
0.15672
0.001117
0.015366
0.001892
0.010782
0.002153
0.003226
0.002804
0.008388
0.000267
0.371588
0.014158
0.005222
0.050148
0.151482
0.025992
0.022588
0.635669
0.000184
0.002114
0.009062
0.03335
0.000335
0.047235
0.053554
0.084922
0.011305
0.013509
0.000592
0.515715
0.005593
0.019168
0.181702
0.010695
0.081445
0.002888
0.04949
0.127497
0.001453
0.053994
0.588893
0.034481
0.423674
0.264486
0.006898
0.084146
0.002056
0.06944
0.001473
0.004199
0.007823
0.110225
0.011583
0.23788
0.000714
0.038089
0.347943
0.513049
0.01136
0.000921
0.001146
0.009414
0.004099
0.077603
0.046508
0.043618
0.103113
0.017031
0.012475
0.017228
0.229938
0.365677
0.001978
0.02995
0.034511
0.112411
0.07433
0.005697
0.574909
0.016158
0.586444
0.061627
0.014309
0.001563
0.000426
0.000276
0.000221
0.078192
0.461185
0.005686
0.405375
0.397433
0.021342
0.646183
0.035903
0.028141
0.003181
0.067307
0.016485
0.00573
0.002773
0.003188
0.268421
0.277847
0.267249
0.376712
0.116843
0.006023
0.400079
0.393713
0.029335
0.278577
0.001858
0.005989
0.036924
0.006087
0.1397
0.283978
0.004818
0.001095
0.104925
0.069777
0.023948
0.457183
0.368252
0.000178
0.564054
0.406923
0.001545
0.032594
0.466414
0.049922
0.006295
0.011229
0.229661
0.256931
0.367622
0.004578
0.000658
0.099226
0.010147
0.134327
0.236499
0.013757
0.01044
0.004498
0.070212
0.001516
0.021991
0.123965
0.080811
0.002047
0.074959
0.125565
0.064346
0.011807
0.304245
0.001569
0.357895
0.048311
0.228075
0.009357
0.067271
0.008216
0.000533
0.000751
0.44753
0.055712
0.074279
0.004767
0.08626
0.314521
0.013107
0.001815
0.104883
0.000984
0.358579
0.280782
0.058392
0.007972
0.001038
0.008586
0.50756
0.007506
0.018337
0.001766
0.004372
0.072681
0.007324
0.00339
0.014153
0.028143
0.010453
0.000494
0.001344
0.001314
0.440648
0.092873
0.057542
0.001516
0.007748
0.004698
0.045742
0.000692
0.006985
0.136505
0.000754
0.012231
0.004099
0.072705
0.002426
0.033914
0.010425
0.00598
0.035775
0.003257
0.116293
0.012681
0.076985
0.098039
0.014884
0.002268
0.271957
0.083419
0.018071
0.096455
0.003595
0.010516
0.133805
0.358754
0.000148
0.009009
0.154165
0.0104
0.011542
0.006966
0.575132
0.513786
0.036534
0.136005
0.484072
0.004631
0.000171
0.020595
0.004215
0.210308
0.00169
0.607921
0.003723
0.072612
0.036013
0.00572
0.120413
0.003345
0.021915
0.009155
0.20612
0.044946
0.022421
0.161135
0.055304
0.019046
0.018272
0.041728
0.807176
0.762654
0.008502
0.00673
0.006368
0.018612
0.057902
0.019479
0.001544
0.253378
0.006092
0.462308
0.030669
0.013916
0.006305
0.029846
0.014102
0.007345
0.294607
0.017514
0.007285
0.000125
0.009839
0.268557
0.001315
0.013721
0.034072
0.616885
0.001469
0.647294
0.002267
0.006513
0.009964
0.013148
0.04875
0.499897
0.082173
0.019266
0.000479
0.001823
0.007965
0.009304
0.012006
0.022658
0.003147
0.003536
0.012901
0.00957
0.017808
0.000473
0.036676
0.112315
0.007464
0.000892
0.000927
0.515353
0.000394
0.022797
0.309162
0.254775
0.19127
0.438108
0.002342
0.002795
0.001615
0.005276
0.067009
0.001405
0.027835
0.049136
0.110836
0.016257
0.002475
0.012088
0.004833
0.460495
0.026693
0.016802
0.009001
0.023363
0.043255
0.000338
0.380554
0.02134
0.068261
0.229821
0.008018
0.422037
0.000873
0.002015
0.172881
0.000327
0.376629
0.00672
0.074291
0.246766
0.003163
0.023766
0.167011
0.05078
0.004299
0.014521
0.089072
0.004542
0.031457
0.000461
0.006125
0.010434
0.044985
0.001428
0.000487
0.128789
0.011137
0.06555
0.029261
0.466202
0.095058
0.320646
0.02481
0.001147
0.03694
0.072419
0.003879
0.147391
0.000305
0.672631
0.021454
0.486887
0.448453
0.008988
0.016543
0.151799
0.24233
0.001308
0.002414
0.015261
0.001298
0.003397
0.01954
0.614074
0.009691
0.00288
0.268514
0.065952
0.117894
0.031234
0.003045
0.115085
0.514722
0.002335
0.006212
0.000526
0.5851
0.000228
0.432631
0.5285
0.523609
0.020852
0.017992
0.344359
0.007372
0.139045
0.002758
0.047556
0.013198
0.002861
0.000886
0.236656
0.063405
0.005138
0.014563
0.029565
0.035586
0.015502
0.016545
0.006617
0.003301
0.337182
0.003929
0.088081
0.039196
0.030256
0.007456
0.002041
0.007199
0.001352
0.259155
0.436945
0.06467
0.109052
0.444613
0.000587
0.099223
0.050807
0.132686
0.00606
0.181696
0.263578
0.097628
0.009716
0.014691
0.00056
0.339171
0.000897
0.012597
0.002047
0.010547
0.464818
0.000218
0.001085
0.000882
0.001709
0.00087
0.310587
0.087816
0.002263
0.000629
0.499033
0.346296
0.331479
0.000968
0.362338
0.007509
0.574005
0.001821
0.016674
0.046965
0.036839
0.376607
0.002528
0.000518
0.001754
0.224453
0.14263
0.10167
0.350956
0.632111
0.351132
0.005003
0.009594
0.036246
0.009596
0.002835
0.000555
0.003236
0.037947
0.048761
0.007481
0.006306
0.005201
0.10743
0.157061
0.011998
0.023623
0.081926
0.008734
0.030783
0.007144
0.105087
0.303916
0.002588
0.017187
0.001037
0.086718
0.052737
0.293363
0.000523
0.007726
0.024744
0.009228
0.00648
0.001545
0.011498
0.004274
0.001113
0.008846
0.296628
0.000634
0.280552
0.012656
0.005016
0.398277
0.025707
0.009134
0.006701
0.216936
0.001469
0.00589
0.1643
0.26231
0.096997
0.225947
0.091915
0.000751
0.002372
0.008925
0.158807
0.001486
0.017886
0.046858
0.158982
0.015314
0.036171
0.269627
0.261643
0.551815
0.294107
0.031437
0.339407
0.001805
0.209961
0.025468
0.01915
0.016064
0.051901
0.234263
0.025958
0.000403
0.045738
0.035764
0.00487
0.046375
0.565018
0.003366
0.245916
0.189083
0.093045
0.387537
0.011304
0.033579
0.073457
0.001655
0.198751
0.039419
0.020824
0.274052
0.075419
0.011355
0.732117
0.002743
0.002255
0.000506
0.005385
0.006006
0.013674
0.005389
0.002361
0.034295
0.379308
0.000432
0.331796
0.094146
0.000662
0.053458
0.093943
0.056504
0.008453
0.003956
0.001761
0.598202
0.07031
0.002054
0.069857
0.005768
0.27337
0.009824
0.026593
0.014121
0.035894
0.352116
0.132276
0.4846
0.028569
0.118262
0.029352
0.093534
0.019964
0.002401
0.025102
0.005903
0.007388
0.019037
0.203151
0.000904
0.047427
0.001481
0.083978
0.108014
0.00439
0.005813
0.358501
0.000762
0.093326
0.012056
0.001023
0.003332
0.065542
0.070426
0.001287
0.001589
0.038332
0.03707
0.4583
0.0015
0.053128
0.047641
0.001685
0.003129
0.000288
0.425937
0.541194
0.03238
0.000434
0.002902
0.007599
0.000729
0.131864
0.002535
0.01077
0.001553
0.008014
0.026726
0.015302
0.017574
0.034314
0.07701
0.034855
0.012553
0.000381
0.604477
0.265607
0.004632
0.297916
0.008042
0.518642
0.001274
0.103908
0.001413
0.158003
0.015318
0.013779
0.000402
0.00677
0.290368
0.000533
0.235213
0.003842
0.050736
0.000723
0.016682
0.064147
0.040385
0.093552
0.030383
0.250705
0.027527
0.494146
0.373129
0.000701
0.001437
0.065629
0.333542
0.001783
0.000774
0.157804
0.03051
0.26416
0.330365
0.001044
0.156064
0.002458
0.105095
0.120585
0.012225
0.197553
0.017229
0.003265
0.000966
0.010076
0.002711
0.568343
0.060836
0.012249
0.308767
0.066892
0.001223
0.015308
0.257379
0.286186
0.124917
0.316757
0.412738
0.093324
0.00251
0.206571
0.258437
0.669292
0.004418
0.305595
0.093603
