0.249154
0.213571
0.207562
0.205178
0.189314
0.185942
0.195669
0.184623
0.183205
0.193637
0.205321
0.185594
0.18175
0.184135
0.200239
0.193591
0.187073
0.178623
0.185514
0.194128
0.211145
0.181656
0.192505
0.196594
0.178036
0.197657
0.186414
0.194133
0.181935
0.183181
0.187081
0.181413
0.17637
0.19071
0.181567
0.184125
0.187105
0.192779
0.194061
0.191518
0.186585
0.190404
0.203565
0.197895
0.243522
0.229162
0.227874
0.218065
0.221654
0.19663
0.219421
0.2048
0.214657
0.197677
0.189677
0.19397
0.223341
0.232021
0.183829
0.181313
0.174703
0.176473
0.189481
0.186966
0.18803
0.190483
0.191763
0.178544
0.189427
0.184697
0.187919
0.176241
0.196616
0.180898
0.187253
0.182496
0.190334
0.18852
0.200609
0.188111
0.179796
0.187213
0.202179
0.19719
0.185206
0.181566
0.211548
0.192424
0.193941
0.192065
0.20576
0.211764
0.209669
0.19727
0.21337
0.210911
0.206086
0.201088
0.196743
0.21907
0.218415
0.211664
0.215411
0.219899
0.208857
0.230315
0.212202
0.207753
0.211553
0.221179
0.212754
0.221428
0.224826
0.218912
0.214203
0.219143
0.216145
0.208254
0.21283
0.212186
0.211137
0.202599
0.202251
0.212468
0.192358
0.201604
0.207195
0.192506
0.206648
0.204589
0.187949
0.184043
0.189226
0.211052
0.201307
0.18651
0.191557
0.193111
0.196374
0.182329
0.20096
0.197631
0.210716
0.217857
0.198033
0.204815
0.185767
0.199237
0.194065
0.191012
0.188409
0.189798
0.192527
0.206037
0.184735
0.195797
0.192331
0.195261
0.192967
0.20107
0.195446
0.215602
0.196338
0.190406
0.20152
0.183923
0.202445
0.190436
0.207431
0.204584
0.188333
0.189486
0.193046
0.202203
0.208058
0.202548
0.193963
0.206979
0.201751
0.20773
0.196093
0.205035
0.192932
0.20512
0.198217
0.207582
0.176278
0.181746
0.183831
0.182202
0.17532
0.179611
0.183685
0.17443
0.179613
0.18292
0.18546
0.175309
0.178714
0.179377
0.190452
0.176359
0.182859
0.19049
0.189832
0.183991
0.181441
0.170596
0.181891
0.188584
0.18155
0.178913
0.172877
0.192223
0.178614
0.187244
0.171468
0.18133
0.180647
0.183174
0.187126
0.185797
0.181202
0.178588
0.210599
0.181985
0.191637
0.179355
0.180941
0.190117
0.181533
0.182849
0.18268
0.188259
0.189581
0.18351
0.180244
0.177834
0.181952
0.187401
0.18237
0.180207
0.186949
0.206384
0.185678
0.202425
0.187648
0.186821
0.188213
0.182148
0.189812
0.186298
0.186032
0.182893
0.226512
0.224148
0.227389
0.216032
0.223782
0.215901
0.235636
0.218304
0.212284
0.213799
0.218471
0.219238
0.211762
0.218416
0.220284
0.223387
0.217421
0.211172
0.220182
0.237611
0.223952
0.228471
0.196169
0.192229
0.201326
0.235438
0.20405
0.202022
0.182318
0.194806
0.187877
0.193207
0.190712
0.195074
0.194831
0.201352
0.196372
0.189163
0.187533
0.191877
0.184496
0.203664
0.189443
0.180653
0.192208
0.199406
0.194289
0.201833
0.203664
0.198709
0.206615
0.197442
0.194067
0.199158
0.203465
0.212072
0.198932
0.200435
0.202735
0.199379
0.204311
0.197724
0.192972
0.200922
0.191364
0.201391
0.224358
0.203601
0.201276
0.211979
0.230379
0.210037
0.211529
0.240439
0.21901
0.23669
0.228908
0.228922
0.226966
0.22488
0.216989
0.191723
0.20076
0.207508
0.20299
0.188669
0.206312
0.21299
0.20475
0.20481
0.202883
0.220548
0.201338
0.209171
0.200435
0.192735
0.207824
0.19276
0.207359
0.209903
0.21975
0.198737
0.194023
0.186887
0.208572
0.183482
0.193328
0.194272
0.192612
0.191673
0.203876
0.194245
0.195789
0.198366
0.198148
0.197823
0.188572
0.202262
0.196072
0.194583
0.188199
0.182476
0.17981
0.18185
0.187934
0.182889
0.171195
0.183583
0.187168
0.17349
0.186317
0.178814
0.189326
0.177273
0.18027
0.177021
0.181799
0.183303
0.17805
0.174341
0.194911
0.182679
0.185326
0.18333
0.197806
0.1842
0.182379
0.184715
0.180673
0.185099
0.194751
0.197738
0.187067
0.179456
0.181757
0.182233
0.192854
0.184254
0.182064
0.195062
0.190343
0.178534
0.192815
0.187497
0.200573
0.212686
0.194087
0.195663
0.211492
0.208118
0.201921
0.210014
0.21936
0.201668
0.196303
0.202709
0.201909
0.204679
0.204139
0.197404
0.204768
0.218889
0.215839
0.220449
0.212305
0.208303
0.208252
0.211615
0.19443
0.217819
0.203319
0.215308
0.199721
0.196094
0.214328
0.199474
0.220924
0.200056
0.18877
0.198549
0.205862
0.204178
0.230162
0.20456
0.20155
0.192075
0.191391
0.190695
0.205032
0.191768
0.198001
0.19273
0.21073
0.20629
0.20124
0.195172
0.209264
0.208857
0.199903
0.2089
0.198414
0.189819
0.197716
0.205718
0.205003
0.191685
0.192551
0.197237
0.197797
0.2044
0.194354
0.201364
0.189274
0.184797
0.198193
0.197067
0.195588
0.194308
0.198645
0.200227
0.198529
0.190258
0.196117
0.197399
0.19583
0.197324
0.197865
0.185555
0.202952
0.212288
0.201392
0.208889
0.209783
0.211631
0.211573
0.216081
0.209049
0.210439
0.206553
0.213795
0.207407
0.21027
0.219922
0.223199
0.215689
0.215991
0.211928
0.218449
0.219591
0.204713
0.180382
0.186249
0.193986
0.184536
0.198311
0.187578
0.190115
0.190297
0.18454
0.198688
0.196861
0.205378
0.197741
0.203202
0.194609
0.196458
0.203067
0.197726
0.199066
0.200751
0.198936
0.210815
0.198396
0.199441
0.229197
0.226446
0.248361
0.211426
0.234502
0.203072
0.234339
0.207167
0.230484
0.207972
0.219643
0.190972
0.214764
0.191469
0.196751
0.19936
0.194572
0.210242
0.205849
0.1994
0.221084
0.191921
0.204316
0.202478
0.208157
0.215883
0.216751
0.201378
0.199789
0.209755
0.216285
0.212224
0.215626
0.192502
0.189428
0.191921
0.213346
0.200905
0.205833
0.201879
0.187389
0.200043
0.189856
0.208327
0.22336
0.228839
0.195411
0.212389
0.191079
0.201156
0.202194
0.215122
0.20219
0.193698
0.216238
0.202439
0.198547
0.22367
0.202702
0.21238
0.200503
0.205794
0.209867
0.210719
0.194186
0.200675
0.192506
0.185561
0.189219
0.200755
0.193682
0.195577
0.193344
0.194319
0.2195
0.200533
0.207508
0.21726
0.223768
0.197199
0.205409
0.220637
0.210277
0.192805
0.201607
0.201399
0.20719
0.200875
0.211297
0.220646
0.206673
0.211136
0.202694
0.224271
0.195549
0.214095
0.208012
0.215236
0.203596
0.195209
0.196142
0.203398
0.208407
0.211847
0.213679
0.19814
0.197963
0.206359
0.209728
0.209459
0.212286
0.206538
0.211504
0.208588
0.216312
0.201155
0.198324
0.192373
0.209381
0.20264
0.186849
0.190286
0.220046
0.224203
0.195627
0.183224
0.193099
0.195545
0.200047
0.20889
0.183293
0.197377
0.216159
0.206467
0.193506
0.219072
0.211329
0.212392
0.209898
0.210163
0.215066
0.226501
0.219284
0.212234
0.215539
0.225663
0.225078
0.191742
0.204396
0.193682
0.228289
0.206721
0.228027
0.202017
0.221129
0.212691
0.206799
0.206985
0.212028
0.209497
0.202909
0.205126
0.215009
0.195337
0.197933
0.193825
0.210171
0.202972
0.23088
0.207866
0.211608
0.214062
0.19693
0.194135
0.19194
0.209915
0.213237
0.203597
0.197541
0.212969
0.207725
0.207672
0.195839
0.196561
0.210895
0.211231
0.208549
0.211411
0.186026
0.214346
0.20164
0.217944
0.203304
0.208272
0.211767
0.207629
0.205516
0.206297
0.216924
0.216511
0.219646
0.218888
0.196815
0.204131
0.214788
0.19777
0.220094
0.209499
0.230463
0.221934
0.225479
0.196636
0.194646
0.184252
0.181378
0.193451
0.185395
0.187229
0.205134
0.191443
0.192649
0.199873
0.198413
0.203475
0.195602
0.190347
0.184963
0.196675
0.190489
0.190264
0.193027
0.201721
0.210979
0.189414
0.192946
0.185202
0.193872
0.187432
0.196041
0.187658
0.185846
0.194189
0.185575
0.194162
0.198003
0.193139
0.196644
0.186316
0.210136
0.201052
0.192844
0.192597
0.188713
0.206733
0.196512
0.193493
0.187962
0.19357
0.201288
0.192613
0.20032
0.191573
0.210387
0.196209
0.200798
0.199613
0.187034
0.207742
0.189813
0.192715
0.203676
0.193983
0.204557
0.202242
0.209386
0.202413
0.197535
0.200405
0.206872
0.193851
0.200054
0.21315
0.210051
0.209535
0.223768
0.200766
0.205423
0.208784
0.211437
0.209822
0.205815
0.208247
0.209549
0.187107
0.21769
0.223832
0.220158
0.22178
0.217973
0.219889
0.22272
0.184271
0.192668
0.197827
0.191003
0.191892
0.191594
0.198128
0.180531
0.182598
0.189917
0.195917
0.188247
0.182472
0.189398
0.195393
0.198152
0.187276
0.245703
0.23151
0.211271
0.198075
0.22301
0.220597
0.225326
0.223451
0.212433
0.230514
0.203722
0.19357
0.215878
0.197539
0.196934
0.194983
0.211933
0.211495
0.1914
0.232605
0.209141
0.2058
0.21124
0.201074
0.195137
0.187735
0.19566
0.196827
0.189709
0.196078
0.201515
0.190637
0.188808
0.195857
0.213291
0.200474
0.194085
0.204228
0.195585
0.189284
0.193584
0.204114
0.190646
0.196658
0.192312
0.202224
0.207983
0.207648
0.188023
0.1904
0.199632
0.189101
0.208284
0.196944
0.201543
0.208379
0.194186
0.197389
0.202992
0.215148
0.1906
0.203288
0.206046
0.206292
0.197491
0.195944
0.208444
0.205979
0.199047
0.192554
0.196676
0.196539
0.195182
0.202019
0.196939
0.207262
0.194381
0.201676
0.193637
0.196885
0.188693
0.202289
0.196051
0.192512
0.197949
0.196716
0.191752
0.195094
0.208222
0.193772
0.195916
0.209179
0.203742
0.201054
0.192517
0.192685
0.196756
0.19249
0.203347
0.177826
0.181299
0.183171
0.192301
0.188352
0.191531
0.186033
0.185033
0.196397
0.191525
0.19079
0.175606
0.183747
0.189169
0.186296
0.193028
0.18765
0.199741
0.19335
0.190096
0.197663
0.191568
0.195232
0.205325
0.213666
0.203146
0.211364
0.196823
0.200171
0.197368
0.206419
0.191236
0.198058
0.192036
0.218071
0.193951
0.192736
0.204156
0.209852
0.186515
0.199208
0.185404
0.184052
0.191109
0.200021
0.186518
0.191856
0.191789
0.191478
0.188145
0.183086
0.191185
0.193651
0.194476
0.200113
0.196776
0.185505
0.198078
0.20124
0.188994
0.193684
0.190031
0.19581
0.188527
0.18592
0.22657
0.211524
0.205303
0.215007
0.224287
0.218613
0.214805
0.223042
0.207516
0.223028
0.220774
0.199435
0.214023
0.199851
0.201892
0.20077
0.199582
0.199681
0.197301
0.194616
0.205795
0.197735
0.209186
0.210933
0.201648
0.19694
0.205265
0.204415
0.208095
0.211602
0.202917
0.206299
0.211525
0.209717
0.214541
0.211813
0.215922
0.222202
0.205265
0.214233
0.215435
0.188685
0.207112
0.212895
0.211718
0.196394
0.218639
0.205394
0.230963
0.194151
0.204781
0.207573
0.211709
0.204114
0.212106
0.203377
0.219954
0.205156
0.201459
0.188573
0.192677
0.184641
0.188647
0.188625
0.185125
0.188868
0.189101
0.19044
0.191371
0.191787
0.197448
0.195493
0.173658
0.189635
0.191303
0.191619
0.181172
0.190565
0.188896
0.17963
0.184268
0.1866
0.185712
0.190111
0.189762
0.215544
0.194101
0.196412
0.196565
0.223187
0.19968
0.196035
0.195407
0.198868
0.19258
0.205951
0.198221
0.200209
0.199545
0.193988
0.206058
0.193069
0.217273
0.194254
0.192096
0.211279
0.197782
0.200682
0.199993
0.21175
0.197819
0.191231
0.185652
0.18996
0.19328
0.1952
0.191456
0.193611
0.188186
0.192993
0.189655
0.189025
0.198758
0.196812
0.1938
0.204436
0.196006
0.198189
0.197497
0.201427
0.192165
0.19755
0.188916
0.196762
0.193371
0.193125
0.188254
0.19984
0.188486
0.19758
0.193262
0.206306
0.199326
0.193859
0.204412
0.20052
0.18873
0.197024
0.20082
0.204408
0.19173
0.194227
0.194847
0.204134
0.19437
0.198752
0.189133
0.197611
0.198868
0.198929
0.20245
0.204463
0.209622
0.210769
0.195331
0.202623
0.202667
0.206615
0.208957
0.19677
0.204664
0.208259
0.199931
0.199267
0.212765
0.211468
0.197519
0.194
0.208717
0.206545
0.201553
0.204738
0.205438
0.214228
0.209803
0.216106
0.205345
0.199657
0.19729
0.194643
0.20355
0.202081
0.211027
0.213204
0.202048
0.196259
0.207702
0.204151
0.202366
0.205238
0.197323
0.20537
0.208396
0.195999
0.207699
0.195861
0.210776
0.198434
0.211181
0.212005
0.211921
0.210868
0.206177
0.206508
0.209409
0.211869
0.205534
0.20875
0.207099
0.23148
0.233193
0.226597
0.234292
0.217214
0.191195
0.192524
0.21804
0.215314
0.228363
0.217927
0.206802
0.227334
0.194003
0.20578
0.231614
0.210211
0.218638
0.232585
0.205901
0.203423
0.218332
0.19062
0.1998
0.200037
0.198672
0.206833
0.199315
0.195704
0.197282
0.203471
0.223156
0.219942
0.223365
0.227139
0.225011
0.212172
0.196778
0.213909
0.196754
0.199746
0.208099
0.20893
0.189861
0.202926
0.216624
0.207756
0.204635
0.194427
0.202381
0.189348
0.195341
0.201724
0.213006
0.209234
0.204449
0.195032
0.205675
0.197706
0.204032
0.20633
0.201315
0.19476
0.208969
0.196513
0.205266
0.227129
0.196916
0.223608
0.211526
0.189412
0.192699
0.201344
0.200117
0.207497
0.194497
0.205226
0.201851
0.193386
0.199045
0.196937
0.190005
0.202233
0.200666
0.194502
0.201462
0.186202
0.194882
0.204543
0.203019
0.207445
0.191991
0.205461
0.194424
0.194685
0.202106
0.190906
0.198656
0.187765
0.188527
0.194493
0.203104
0.200294
0.209588
0.229014
0.205808
0.199655
0.228111
0.223992
0.232399
0.201212
0.198941
0.201243
0.205252
0.195086
0.197842
0.204234
0.199102
0.185547
0.190063
0.19322
0.188682
0.193362
0.198713
0.199703
0.201195
0.195743
0.207465
0.195081
0.195184
0.202504
0.183771
0.190118
0.183376
0.18538
0.187421
0.196251
0.194332
0.19533
0.182213
0.18591
0.189831
0.181288
0.195433
0.19928
0.201403
0.189949
0.189072
0.198021
0.186617
0.18848
0.1907
0.189367
0.186242
0.188532
0.193592
0.209356
0.192389
0.194358
0.195799
0.190397
0.192001
0.192219
0.193512
0.193372
0.197872
0.208673
0.185302
0.196858
0.206997
0.199808
0.188221
0.199804
0.199736
0.189219
0.192203
0.205341
0.193222
0.206121
0.218306
0.193351
0.189529
0.203856
0.198084
0.207964
0.198438
0.202959
0.209889
0.234926
0.226498
0.231228
0.20146
0.220631
0.198196
0.192725
0.204991
0.206359
0.191412
0.207976
0.208579
0.205165
0.209443
0.191869
0.20798
0.194365
0.203944
0.197601
0.198624
0.199193
0.201157
0.195099
0.197316
0.196617
0.196749
0.195847
0.204624
0.200882
0.205729
0.202238
0.219633
0.200458
0.209791
0.189636
0.213855
0.21834
0.217627
0.217557
0.214474
0.206557
0.207506
0.215439
0.216809
0.212645
0.219531
0.217899
0.219445
0.20446
0.200157
0.201942
0.201844
0.202919
0.196079
0.21747
0.200568
0.218576
0.205343
0.215516
0.211816
0.198093
0.211188
0.192224
0.209713
0.210299
0.201893
0.203391
0.211578
0.212138
0.21027
0.208065
0.206285
0.203652
0.205641
0.212129
0.210932
0.213982
0.197228
0.208854
0.208942
0.214687
0.215438
0.20174
0.212735
0.202414
0.203945
0.209813
0.198751
0.223769
0.20023
0.223862
0.209611
0.214239
0.208808
0.202396
0.208153
0.208986
0.207645
0.227304
0.206562
0.210688
0.200751
0.206926
0.202596
0.22299
0.204644
0.208688
0.207245
0.214777
0.193393
0.207192
0.206522
0.195167
0.191145
0.194426
0.182175
0.1971
0.188391
0.193091
0.196013
0.209511
0.205208
0.194531
0.181951
0.197014
0.189913
0.206761
0.191163
0.199469
0.185673
0.19302
0.189018
0.200442
0.212163
0.205569
0.216087
0.201387
0.20724
0.210818
0.214553
0.213929
0.209425
0.207245
0.198879
0.203932
0.192293
0.198212
0.209393
0.187387
0.21213
0.192824
0.201485
0.208475
0.194545
0.206446
0.211915
0.196145
0.195306
0.195097
0.19046
0.195531
0.200747
0.194882
0.201897
0.199365
0.249014
0.2269
0.220032
0.221671
0.225217
0.225075
0.192342
0.191242
0.185886
0.194173
0.198071
0.198141
0.204364
0.189021
0.200229
0.194532
0.195883
0.199881
0.200676
0.200832
0.211949
0.220432
0.207466
0.212742
0.207039
0.216536
0.217101
0.19185
0.193208
0.190738
0.191801
0.193552
0.191561
0.194835
0.198398
0.210719
0.213647
0.22346
0.205015
0.217737
0.200413
0.193425
0.204304
0.200933
0.207668
0.21399
0.207864
0.203925
0.218976
0.208684
0.214196
0.21054
0.196075
0.211573
0.210355
0.213398
0.205624
0.20006
0.191383
0.210652
0.205992
0.194575
0.208615
0.200337
0.19913
0.211977
0.220145
0.199119
0.212371
0.20943
0.207209
0.221989
0.210714
0.201753
0.201044
0.212104
0.206613
0.21532
0.195312
0.199938
0.186369
0.198811
0.189364
0.204044
0.195594
0.194069
0.191133
0.197021
0.203321
0.204812
0.198334
0.19436
0.191924
0.205273
0.200175
0.199963
0.206916
0.200149
0.192267
0.196067
0.189266
0.18795
0.196502
0.197067
0.199098
0.198394
0.196858
0.195843
0.199102
0.195393
0.19389
0.20194
0.191563
0.20027
0.198344
0.193175
0.209373
0.1934
0.197087
0.191508
0.195027
0.197409
0.197427
0.207024
0.202811
0.191428
0.199559
0.200715
0.197165
0.192369
0.193983
0.201644
0.20043
0.197199
0.223056
0.201301
0.20289
0.211281
0.215442
0.210739
0.215336
0.207172
0.21909
0.207363
0.216274
0.219451
0.217002
0.212962
0.213325
0.208601
0.206228
0.204723
0.204605
0.189307
0.194685
0.201465
0.187266
0.253069
0.230925
0.21091
0.230142
0.213715
0.218756
0.209623
0.215736
0.213057
0.210875
0.230352
0.211516
0.21955
0.219471
0.222545
0.207425
0.206526
0.221968
0.206226
0.186797
0.215504
0.216709
0.204806
0.211618
0.212188
0.207552
0.204374
0.205277
0.191128
0.218479
0.205483
0.218432
0.18373
0.180222
0.221752
0.210299
0.209888
0.219221
0.206127
0.204805
0.21054
0.20515
0.211296
0.188009
0.193874
0.196338
0.196005
0.193869
0.207929
0.208056
0.207041
0.217136
0.199281
0.198574
0.203131
0.192942
0.200449
0.210805
0.212856
0.214812
0.211358
0.204652
0.216536
0.230122
0.209168
0.20191
0.195875
0.201582
0.205802
0.204525
0.204753
0.19803
0.20606
0.211617
0.22463
0.210131
0.215487
0.213636
0.208886
0.229971
0.22097
0.203712
0.231566
0.207632
0.210827
0.230927
0.220203
0.214883
0.21803
0.214036
0.212663
0.202636
0.230755
0.199141
0.231232
0.20872
0.2141
0.184069
0.207927
0.193718
0.193657
0.210031
0.188515
0.167677
0.197585
0.192647
0.1918
0.18274
0.188391
0.19056
0.183595
0.177109
0.198631
0.205252
0.196493
0.18967
0.189406
0.175089
0.193879
0.190801
0.191363
0.202842
0.183225
0.200292
0.198298
0.198749
0.195066
0.206911
0.219126
0.200622
0.207507
0.203065
0.210641
0.220501
0.202633
0.198939
0.200587
0.199614
0.188644
0.20753
0.201893
0.209703
0.19969
0.205374
0.207268
0.192551
0.186512
0.210584
0.197222
0.20125
0.209178
0.198758
0.199947
0.207285
0.208524
0.198352
0.199196
0.226092
0.21827
0.207091
0.197661
0.200734
0.208196
0.205559
0.212032
0.205456
0.214868
0.225729
0.228151
0.232284
0.197414
0.191796
0.2245
0.215706
0.194207
0.181543
0.194915
0.188766
0.186767
0.187541
0.19536
0.194669
0.206112
0.193596
0.18529
0.191489
0.183552
0.195319
0.18905
0.189659
0.192185
0.207523
0.20054
0.190902
0.195752
0.201251
0.194667
0.196916
0.205109
0.199235
0.20355
0.191328
0.195581
0.177101
0.188572
0.191397
0.194376
0.189485
0.186712
0.190699
0.196056
0.196786
0.18269
0.192264
0.191892
0.201956
0.193384
0.194258
0.191188
0.190687
0.190756
0.18957
0.206643
0.198043
0.216715
0.206488
0.205525
0.209997
0.20061
0.200673
0.215309
0.199049
0.206801
0.208724
0.203246
0.212097
0.201869
0.192672
0.215517
0.189011
0.215453
0.211416
0.209963
0.212303
0.190299
0.185125
0.190473
0.19124
0.197146
0.206151
0.193447
0.194241
0.196763
0.19539
0.19583
0.199675
0.202538
0.196719
0.19595
0.197009
0.193181
0.196018
0.197785
0.205121
0.19836
0.198199
0.200167
0.199063
0.198594
0.197354
0.215251
0.197075
0.197483
0.208638
0.213264
0.205823
0.205715
0.215081
0.198814
0.198371
0.200829
0.212856
0.205302
0.204544
0.202237
0.193936
0.197177
0.207293
0.213425
0.186462
0.217162
0.205261
0.204573
0.200135
0.200404
0.196478
0.210604
0.213268
0.204782
0.204163
0.190644
0.204196
0.199655
0.200605
0.198936
0.207846
0.211788
0.207623
0.205743
0.206592
0.202442
0.205322
0.207131
0.222972
0.196875
0.197489
0.198683
0.18201
0.194908
0.237381
0.23696
0.208471
0.200859
0.205109
0.207581
0.222294
0.215674
0.208842
0.235258
0.22308
0.232204
0.232096
0.216587
0.210896
0.219479
0.212155
0.247539
0.228033
0.21885
0.207565
0.236059
0.205703
0.233785
0.215923
0.206146
0.194244
0.219532
0.241728
0.192728
0.201439
0.196127
0.205249
0.193823
0.201509
0.194101
0.204271
0.210531
0.21119
0.196727
0.187953
0.19827
0.18853
0.200517
0.213452
0.197457
0.206543
0.197128
0.216294
0.199289
0.19389
0.193577
0.188095
0.193212
0.197359
0.200886
0.180415
0.173344
0.190423
0.181908
0.178208
0.192444
0.190609
0.202082
0.182574
0.18934
0.186518
0.18881
0.194508
0.188256
0.187773
0.188456
0.204225
0.198073
0.191257
0.189886
0.197014
0.202723
0.203781
0.210972
0.195789
0.206852
0.200787
0.229744
0.226421
0.206019
0.198141
0.196401
0.212181
0.198173
0.21008
0.200344
0.205553
0.200887
0.207707
0.198003
0.212011
0.209968
0.207461
0.210746
0.218981
0.217637
0.198459
0.221637
0.208889
0.195695
0.192575
0.212216
0.211187
0.22455
0.201388
0.204059
0.207859
0.197397
0.20421
0.221412
0.204631
0.194976
0.202765
0.19467
0.199779
0.205168
0.216139
0.21109
0.209511
0.213783
0.210878
0.211032
0.212301
0.215575
0.218244
0.213727
0.197759
0.218526
0.230673
0.232076
0.200961
0.204781
0.209221
0.222533
0.205628
0.207513
0.210233
0.20102
0.202795
0.207107
0.206003
0.201717
0.201183
0.203911
0.205184
0.206296
0.210099
0.18452
0.204675
0.206955
0.197181
0.208646
0.201348
0.204908
0.189869
0.1871
0.199563
0.187282
0.189191
0.191463
0.195909
0.192246
0.197117
0.188832
0.192166
0.187032
0.191885
0.189011
0.198772
0.194551
0.193051
0.200827
0.194115
0.199478
0.194505
0.200385
0.184436
0.205116
0.192583
0.2036
0.196258
0.209182
0.203397
0.215862
0.210536
0.199996
0.204905
0.197011
0.214686
0.212271
0.224674
0.207181
0.229134
0.218253
0.19551
0.203189
0.201401
0.19395
0.190028
0.195895
0.194524
0.192766
0.20281
0.201798
0.185832
0.199322
0.198386
0.196478
0.198267
0.191408
0.193155
0.191365
0.192398
0.197321
0.207031
0.207352
0.210363
0.210707
0.235003
0.210281
0.188931
0.189724
0.197141
0.208992
0.199396
0.188431
0.201028
0.207398
0.208455
0.218527
0.217745
0.207845
0.194191
0.215624
0.209843
0.199946
0.202811
0.214642
0.197598
0.219995
0.211337
0.217243
0.20436
0.201348
0.196379
0.204939
0.205465
0.206472
0.208531
0.199958
0.192829
0.200802
0.208389
0.194226
0.193216
0.208865
0.210548
0.214088
0.229555
0.225588
0.229687
0.223259
0.220503
0.217793
0.207769
0.200452
0.202135
0.202195
0.209868
0.200509
0.197657
0.209597
0.21216
0.20517
0.204696
0.20285
0.202186
0.220113
0.201968
0.227447
0.199951
0.193895
0.185558
0.199645
0.21411
0.204499
0.19904
0.210864
0.211119
0.217181
0.2019
0.211827
0.199832
0.203548
0.20655
0.210955
0.202937
0.202999
0.208852
0.210331
0.204843
0.210094
0.20564
0.202292
0.218062
0.196651
0.203537
0.20546
0.200507
0.195222
0.198906
0.202456
0.20329
0.209837
0.205798
0.19886
0.201492
0.199702
0.209416
0.197184
0.203021
0.200784
0.206884
0.212766
0.208702
0.191756
0.195856
0.196782
0.20322
0.212438
0.213083
0.201895
0.209351
0.223565
0.218233
0.196619
0.220366
0.20256
0.210083
0.221859
0.214622
0.218376
0.218973
0.21849
0.216668
0.220653
0.22087
0.208932
0.221969
0.218561
0.212457
0.214514
0.213329
0.212869
0.207487
0.216301
0.207419
0.202253
0.195008
0.194434
0.196593
0.201253
0.194729
0.204492
0.206971
0.186393
0.208418
0.213635
0.192438
0.201684
0.184632
0.191687
0.194003
0.209186
0.186002
0.19198
0.191987
0.198184
0.191545
0.20676
0.217259
0.197464
0.215265
0.213232
0.210324
0.222813
0.20052
0.187845
0.193993
0.227168
0.211405
0.201019
0.206943
0.204002
0.207204
0.207204
0.204143
0.207489
0.214478
0.204715
0.210919
0.207863
0.233265
0.214171
0.230858
0.203512
0.213835
0.199365
0.206164
0.215485
0.197979
0.202961
0.19939
0.212706
0.213995
0.212859
0.217888
0.197618
0.208728
0.188906
0.211445
0.213765
0.21887
0.211894
0.207949
0.198059
0.196251
0.190723
0.195439
0.197236
0.225437
0.217707
0.235064
0.220785
0.239377
0.24008
0.253171
0.210446
0.205261
0.216585
0.226444
0.229907
0.195303
0.205154
0.206411
0.225153
0.229912
0.206667
0.23307
0.198426
0.197654
0.202612
0.199171
0.202105
0.196383
0.205654
0.202915
0.205067
0.204846
0.221766
0.208403
0.210732
0.212198
0.212336
0.211659
0.261842
0.24064
0.22449
0.225087
0.233803
0.223076
0.212341
0.224112
0.223115
0.206819
0.222424
0.21854
0.206627
0.216177
0.213386
0.231055
0.207224
0.210783
0.21684
0.223934
0.224087
0.192675
0.195767
0.194008
0.202301
0.212675
0.200596
0.225174
0.210646
0.214072
0.213721
0.218669
0.215303
0.21504
0.219109
0.220318
0.217954
0.225112
0.225942
0.207523
0.21498
0.220069
0.2166
0.226694
0.206951
0.191441
0.192242
0.191161
0.18386
0.198041
0.191525
0.195436
0.194249
0.192823
0.178523
0.187697
0.196534
0.206564
0.20692
0.198454
0.200001
0.198987
0.203988
0.211376
0.209938
0.213342
0.215142
0.215739
0.215866
0.21876
0.221976
0.214922
0.212346
0.220269
0.225161
0.230178
0.214631
0.209551
0.217817
0.21841
0.209188
0.218213
0.21561
0.219759
0.215884
0.218165
0.213537
0.208541
0.221986
0.208499
0.203323
0.205988
0.22166
0.214825
0.204985
0.210802
0.208454
0.22081
0.191734
0.204082
0.212345
0.198686
0.199061
0.194626
0.192495
0.199025
0.186676
0.195714
0.199735
0.180206
0.200441
0.206639
0.207281
0.21088
0.212931
0.204224
0.209837
0.215405
0.212785
0.202034
0.216994
0.212993
0.200129
0.214689
0.205485
0.216004
0.214013
0.208884
0.214767
0.218164
0.206881
0.207443
0.215565
0.209454
0.212589
0.240479
0.198426
0.19415
0.198367
0.203954
0.19649
0.190125
0.198521
0.210344
0.212879
0.199305
0.217069
0.241161
0.229784
0.211492
0.213343
0.226957
0.21888
0.23117
0.225389
0.249157
0.232095
0.233956
0.20353
0.215898
0.196422
0.198389
0.204448
0.205063
0.20277
0.194677
0.204759
0.203986
0.206841
0.195479
0.213677
0.206173
0.201385
0.195936
0.196903
0.206628
0.199869
0.214799
0.227961
0.213382
0.224924
0.216871
0.197319
0.204442
0.210364
0.235761
0.200251
0.204004
0.196644
0.199852
0.204544
0.197174
0.189141
0.195795
0.195156
0.199427
0.190732
0.197425
0.186556
0.194456
0.220639
0.193071
0.188705
0.202475
0.201717
0.193659
0.202121
0.19411
0.205185
0.196837
0.213373
0.18929
0.190031
0.201043
0.217398
0.20993
0.206973
0.20874
0.210331
0.207049
0.218223
0.203476
0.226909
0.212025
0.212953
0.199124
0.224819
0.210572
0.20786
0.207582
0.210944
0.202974
0.212766
0.222383
0.192149
0.211976
0.219471
0.211243
0.19262
0.195022
0.207786
0.211695
0.219621
0.206749
0.212056
0.214757
0.201936
0.207928
0.206386
0.201533
0.211957
0.209769
0.212713
0.223469
0.209502
0.204859
0.225706
0.22729
0.223613
0.196722
0.202331
0.203241
0.203959
0.206688
0.212023
0.198774
0.196912
0.195242
0.211442
0.200265
0.20864
0.200791
0.20524
0.210131
0.202337
0.209351
0.20772
0.207289
0.198712
0.200613
0.212646
0.202572
0.207404
0.200641
0.211346
0.208398
0.215052
0.210215
0.206805
0.198072
0.214689
0.211427
0.223089
0.210499
0.21134
0.199613
0.221225
0.229001
0.213716
0.214422
0.209836
0.210447
0.222058
0.2214
0.21164
0.212414
0.207291
0.212333
0.199078
0.205797
0.210138
0.206204
0.19943
0.193707
0.204485
0.197782
0.198408
0.201187
0.19746
0.206
0.20797
0.19694
0.201344
0.20175
0.195204
0.204858
0.209721
0.205528
0.202233
0.197568
0.218513
0.234919
0.237416
0.213425
0.220752
0.222115
0.220314
0.211637
0.242871
0.231217
0.210775
0.209035
0.20301
0.198226
0.19148
0.190103
0.192121
0.21983
0.226277
0.220165
0.223391
0.217058
0.223701
0.222698
0.210109
0.220548
0.219144
0.227146
0.215344
0.218367
0.208599
0.226264
0.21047
0.210084
0.216596
0.228507
0.232991
0.205907
0.197774
0.194823
0.219575
0.210979
0.201453
0.211638
0.20894
0.212419
0.2043
0.207079
0.232021
0.196271
0.200576
0.204818
0.206784
0.193975
0.210233
0.243091
0.211185
0.219644
0.223404
0.203723
0.205042
0.209457
0.193247
0.191504
0.185566
0.195952
0.199661
0.190905
0.191071
0.193841
0.189826
0.194855
0.186327
0.199747
0.196464
0.204947
0.207754
0.210913
0.207044
0.211927
0.200579
0.190643
0.199051
0.208763
0.213097
0.221308
0.215312
0.213984
0.207931
0.207713
0.230689
0.212399
0.20151
0.212378
0.209708
0.215292
0.217298
0.21362
0.214131
0.213782
0.208122
0.212427
0.213737
0.214282
0.213338
0.21025
0.222056
0.211968
0.205481
0.209292
0.209703
0.211785
0.204095
0.207663
0.211864
0.188539
0.214408
0.20735
0.21764
0.223598
0.211404
0.213576
0.226157
0.19604
0.220535
0.209465
0.188682
0.207005
0.204708
0.215788
0.209878
0.196273
0.206925
0.207647
0.22844
0.213002
0.207558
0.232145
0.193558
0.209164
0.198746
0.203995
0.209694
0.214873
0.205959
0.203044
0.211367
0.205915
0.201812
0.209169
0.208197
0.204998
0.207459
0.206098
0.205594
0.200399
0.21206
0.211686
0.199979
0.204877
0.209018
0.204056
0.202091
0.20241
0.203289
0.200126
0.206132
0.209263
0.194512
0.20272
0.197127
0.198303
0.225506
0.203441
0.212293
0.196913
0.20668
0.215226
0.203662
0.206683
0.203032
0.205007
0.207497
0.201426
0.208053
0.204417
0.205773
0.219028
0.217337
0.224959
0.216548
0.225692
0.217784
0.220959
0.229471
0.197624
0.21503
0.197172
0.218788
0.211093
0.209002
0.208233
0.221955
0.204593
0.206813
0.205534
0.207627
0.195577
0.221156
0.207795
0.218131
0.218419
0.217213
0.217516
0.226186
0.211641
0.227077
0.221833
0.227461
0.229178
0.206873
0.229334
0.222282
0.221959
0.21951
0.216351
0.230004
0.190172
0.196531
0.195226
0.202721
0.213472
0.214937
0.200976
0.210604
0.210694
0.208339
0.214551
0.208723
0.225456
0.192658
0.195285
0.193027
0.198201
0.208483
0.200643
0.211775
0.206942
0.204292
0.205431
0.204585
0.187754
0.207008
0.212398
0.210613
0.221612
0.224324
0.244884
0.231043
0.233949
0.236556
0.237502
0.231798
0.244011
0.234485
0.233246
0.232647
0.235903
0.205768
0.20581
0.215948
0.206821
0.200714
0.190788
0.216895
0.211355
0.193203
0.203019
0.201265
0.197272
0.199006
0.195945
0.215681
0.200695
0.204171
0.204975
0.204526
0.198429
0.214388
0.225736
0.238604
0.215298
0.227854
0.193077
0.214036
0.214246
0.205093
0.212234
0.201354
0.210095
0.202607
0.203623
0.206442
0.217902
0.223246
0.215736
0.19952
0.209434
0.211327
0.210518
0.205547
0.201041
0.209366
0.195411
0.200406
0.206015
0.2063
0.217589
0.225242
0.22309
0.207129
0.208142
0.195981
0.19103
0.208422
0.203668
0.202728
0.203865
0.21439
0.211776
0.211335
0.203969
0.215719
0.210722
0.200971
0.191739
0.194482
0.198529
0.191543
0.200928
0.183226
0.195359
0.19966
0.196102
0.204569
0.198448
0.20064
0.193032
0.200536
0.18797
0.199571
0.201537
0.197143
0.19361
0.197648
0.219059
0.200926
0.204522
0.208544
0.206235
0.20376
0.204404
0.206273
0.196981
0.199896
0.212515
0.209286
0.195161
0.202892
0.198209
0.204405
0.193271
0.200386
0.208911
0.198596
0.188582
0.193223
0.204637
0.202779
0.207085
0.209408
0.215415
0.21598
0.211299
0.218081
0.210667
0.212179
0.216928
0.204438
0.200831
0.193018
0.198865
0.19217
0.187407
0.209967
0.202396
0.202846
0.19404
0.210762
0.198639
0.20962
0.196417
0.216242
0.209897
0.198989
0.216665
0.218369
0.200469
0.218685
0.209359
0.197491
0.202562
0.205273
0.203771
0.204697
0.207804
0.221593
0.211552
0.215931
0.211635
0.218521
0.219848
0.217289
0.21721
0.20889
0.209746
0.21562
0.197424
0.20565
0.212741
0.215363
0.219504
0.210518
0.218691
0.214887
0.198485
0.228333
0.216007
0.213711
0.216598
0.20206
0.224222
0.214185
0.219469
0.217987
0.233551
0.222669
0.235198
0.233167
0.233015
0.211676
0.198939
0.234778
0.240478
0.227169
0.222725
0.222508
0.200017
0.215439
0.213978
0.210164
0.214408
0.217481
0.21187
0.211886
0.215653
0.202991
0.203823
0.204905
0.198897
0.203418
0.208567
0.198576
0.218499
0.211968
0.213777
0.216952
0.215676
0.210485
0.214785
0.220853
0.210865
0.225182
0.193966
0.202383
0.205894
0.218404
0.220868
0.193849
0.223312
0.190723
0.197567
0.200709
0.19909
0.189265
0.195267
0.195795
0.207071
0.208376
0.198242
0.193961
0.194717
0.192129
0.196816
0.205683
0.211349
0.210396
0.22166
0.219353
0.213924
0.206603
0.217473
0.213569
0.21345
0.216841
0.210784
0.224019
0.191318
0.208937
0.222326
0.216536
0.21479
0.219192
0.224329
0.186311
0.193812
0.185649
0.192995
0.207988
0.190786
0.198794
0.182923
0.188348
0.193627
0.205314
0.185005
0.204462
0.204739
0.190512
0.186888
0.191948
0.190305
0.198078
0.214653
0.199903
0.196025
0.213357
0.219566
0.197721
0.214739
0.216651
0.218398
0.196474
0.200885
0.206154
0.229214
0.225537
0.205561
0.215392
0.208668
0.217156
0.219772
0.213748
0.22002
0.221299
0.223217
0.204087
0.202474
0.20957
0.20932
0.222807
0.227373
0.22449
0.22558
0.199763
0.195768
0.206179
0.19656
0.206677
0.199283
0.203852
0.203302
0.21974
0.203814
0.209583
0.205063
0.200899
0.195215
0.212233
0.203257
0.193732
0.201711
0.212989
0.201147
0.214366
0.220937
0.233557
0.21166
0.214223
0.204314
0.217338
0.202397
0.200116
0.20111
0.19254
0.201952
0.194939
0.18134
0.196167
0.196919
0.198698
0.199279
0.21085
0.206546
0.208236
0.194023
0.184005
0.208845
0.189735
0.194898
0.20449
0.197732
0.187904
0.18786
0.192905
0.186942
0.189617
0.189138
0.219683
0.192324
0.190683
0.2031
0.194983
0.188234
0.189251
0.219003
0.192508
0.192811
0.193502
0.1891
0.191428
0.202816
0.208048
0.204661
0.193693
0.197187
0.187988
0.193102
0.195684
0.191017
0.192211
0.196395
0.191987
0.195645
0.203161
0.185718
0.20095
0.198289
0.206916
0.185843
0.204465
0.198719
0.181011
0.186405
0.181566
0.185382
0.219672
0.195085
0.192114
0.197346
0.198622
0.206682
0.212418
0.19926
0.195122
0.230571
0.219294
0.199675
0.200348
0.197506
0.197981
0.208466
0.207796
0.199685
0.212278
0.194381
0.203271
0.202754
0.201825
0.203918
0.20227
0.199704
0.203269
0.201073
0.19324
0.208353
0.206899
0.203746
0.199061
0.20234
0.217063
0.219508
0.206622
0.210416
0.221031
0.223642
0.205176
0.208408
0.228074
0.218505
0.203905
0.215417
0.219704
0.216054
0.216398
0.211399
0.222657
0.223689
0.209306
0.231527
0.201643
0.220206
0.219654
0.235719
0.210335
0.207456
0.204709
0.20478
0.205138
0.215448
0.206955
0.216143
0.220926
0.215131
0.208511
0.203281
0.209972
0.201174
0.197721
0.211667
0.216288
0.210378
0.212255
0.195947
0.213278
0.207934
0.207613
0.191777
0.190316
0.203757
0.202286
0.203273
0.192252
0.19269
0.204561
0.220366
0.226324
0.220863
0.24883
0.238012
0.231857
0.231271
0.235584
0.221824
0.222395
0.220459
0.221797
0.225826
0.214098
0.230022
0.227063
0.232786
0.231077
0.235321
0.205674
0.199163
0.188269
0.215605
0.210957
0.197987
0.205838
0.199374
0.206549
0.202555
0.209293
0.192991
0.223286
0.188485
0.20277
0.203524
0.197992
0.201415
0.221055
0.225429
0.231622
0.199826
0.215375
0.226443
0.197778
0.212937
0.2217
0.205385
0.228386
0.238545
0.226923
0.23377
0.229859
0.219939
0.225543
0.235056
0.206668
0.213075
0.203357
0.214705
0.222307
0.223329
0.218594
0.211194
0.210297
0.2171
0.218399
0.220567
0.223118
0.209071
0.196852
0.197433
0.21417
0.208593
0.212166
0.202615
0.205972
0.211979
0.206363
0.199203
0.20912
0.20384
0.195291
0.207477
0.213599
0.217554
0.235944
0.242535
0.229032
0.22585
0.216136
0.227383
0.216945
0.215346
0.224199
0.221608
0.232684
0.18617
0.196943
0.216872
0.205682
0.216198
0.203784
0.216625
0.191626
0.194965
0.208533
0.200879
0.203885
0.184763
0.175971
0.176328
0.200528
0.219615
0.219332
0.215227
0.217762
0.220196
0.219716
0.226675
0.227299
0.223047
0.227208
0.207933
0.19893
0.198101
0.186962
0.219596
0.205999
0.20363
0.206746
0.199605
0.207385
0.207681
0.203458
0.219046
0.220184
0.216819
0.203342
0.208371
0.194632
0.204557
0.22015
0.197229
0.204557
0.188936
0.214965
0.199041
0.217665
0.227417
0.230738
0.232395
0.232363
0.215254
0.205023
0.206187
0.230587
0.229744
0.224118
0.228259
0.232037
0.225322
0.221268
0.225105
0.221291
0.225732
0.225056
0.22518
0.214296
0.223088
0.236465
0.215005
0.226663
0.215578
0.201753
0.206689
0.219004
0.211865
0.213662
0.209679
0.211221
0.216661
0.222042
0.215092
0.201304
0.205701
0.245143
0.219535
0.235659
0.223081
0.213688
0.20322
0.200056
0.19301
0.189814
0.190604
0.21068
0.192966
0.21527
0.205234
0.214165
0.207476
0.209672
0.257504
0.230096
0.194702
0.201075
0.198218
0.202006
0.20258
0.202181
0.212556
0.195131
0.192596
0.190485
0.194491
0.193553
0.206898
0.194472
0.194205
0.200151
0.196454
0.196247
0.196432
0.204743
0.195609
0.195357
0.200934
0.195265
0.197031
0.197154
0.196601
0.1961
0.234709
0.217333
0.199286
0.208207
0.212029
0.208049
0.212411
0.213501
0.197748
0.216537
0.215597
0.212674
0.217238
0.213658
0.20078
0.218997
0.204652
0.19895
0.205526
0.204412
0.201823
0.211131
0.208608
0.197059
0.212654
0.204237
0.210308
0.216251
0.207533
0.227501
0.200027
0.194049
0.209932
0.203728
0.202013
0.191678
0.219249
0.19506
0.209826
0.197787
0.227757
0.200939
0.205857
0.207192
0.193518
0.193293
0.201307
0.206003
0.204024
0.215168
0.2247
0.23675
0.220085
0.239739
0.238072
0.205999
0.21219
0.201922
0.218879
0.214638
0.226001
0.217999
0.21391
0.208044
0.210252
0.216421
0.206275
0.220096
0.199127
0.20599
0.19694
0.201151
0.210673
0.202064
0.210792
0.215838
0.203059
0.211601
0.217998
0.203904
0.222368
0.209552
0.216683
0.219185
0.193706
0.193972
0.2018
0.189035
0.196852
0.197782
0.199659
0.206674
0.203728
0.193944
0.227716
0.228678
0.212035
0.202734
0.204427
0.21056
0.200007
0.201535
0.204522
0.204095
0.216296
0.209362
0.217019
0.20699
0.21519
0.203188
0.206778
0.216873
0.211332
0.202383
0.212245
0.211025
0.20387
0.204143
0.204775
0.208276
0.209549
0.20987
0.239524
0.241684
0.199556
0.205329
0.201727
0.206823
0.192357
0.229786
0.203822
0.199305
0.202846
0.200236
0.200164
0.224211
0.259802
0.25413
0.242431
0.262596
0.20283
0.186826
0.195211
0.211581
0.207142
0.23116
0.196909
0.193069
0.20599
0.193352
0.202737
0.196333
0.198895
0.202592
0.200808
0.197127
0.206126
0.215136
0.201911
0.205146
0.216671
0.211518
0.209407
0.212796
0.207694
0.209241
0.20064
0.210664
0.200023
0.184201
0.192158
0.197193
0.230611
0.228539
0.229823
0.20618
0.204173
0.208986
0.201293
0.215511
0.204881
0.217547
0.215106
0.208728
0.216991
0.226757
0.22583
0.218775
0.212254
0.207861
0.208128
0.211934
0.223777
0.193092
0.213116
0.204858
0.208328
0.207673
0.238399
0.238634
0.23315
0.214805
0.226296
0.211573
0.223496
0.221017
0.228698
0.224334
0.229124
0.188107
0.193204
0.194049
0.192327
0.190725
0.185975
0.188087
0.184098
0.179781
0.183114
0.194526
0.199269
0.201238
0.185078
0.224201
0.218437
0.197391
0.199006
0.195949
0.195066
0.202674
0.203316
0.207249
0.202553
0.194261
0.200458
0.198072
0.198028
0.204639
0.19816
0.195059
0.200341
0.194804
0.211507
0.210231
0.21413
0.208088
0.201743
0.204422
0.214566
0.195077
0.211116
0.225074
0.229549
0.213054
0.209283
0.197906
0.229351
0.212328
0.220557
0.223178
0.205432
0.209697
0.216309
0.202711
0.243937
0.22246
0.248776
0.216989
0.224668
0.206472
0.214694
0.223421
0.21573
0.239474
0.237861
0.234012
0.224195
0.230255
0.231102
0.230305
0.234252
0.226907
0.217717
0.223281
0.22923
0.210215
0.200258
0.203767
0.201857
0.199914
0.212114
0.203101
0.209602
0.19647
0.223431
0.211716
0.202897
0.204286
0.202904
0.215514
0.215834
0.221355
0.214861
0.207879
0.204713
0.201209
0.21048
0.20751
0.210395
0.218349
0.211385
0.207201
0.211768
0.208261
0.209235
0.208137
0.202416
0.212193
0.212578
0.216544
0.218127
0.20599
0.213671
0.208531
0.216485
0.217911
0.223379
0.215895
0.225847
0.21665
0.221825
0.223267
0.203682
0.198775
0.201216
0.226988
0.229549
0.228243
0.231032
0.229115
0.213165
0.222166
0.220049
0.224316
0.208337
0.198957
0.207671
0.225369
0.212066
0.212355
0.20255
0.208561
0.215807
0.198115
0.199707
0.203331
0.189509
0.194758
0.186279
0.193482
0.220474
0.203695
0.209925
0.203373
0.212998
0.210601
0.216847
0.202237
0.214082
0.217207
0.20294
0.216471
0.203652
0.217533
0.217789
0.218854
0.205507
0.2173
0.208517
0.204242
0.210882
0.209862
0.218767
0.236165
0.227582
0.200265
0.211329
0.204138
0.201515
0.205349
0.210183
0.208645
0.23209
0.225623
0.201896
0.207725
0.213761
0.235968
0.224392
0.226468
0.248468
0.223982
0.226144
0.2179
0.220972
0.200045
0.193785
0.211715
0.273513
0.263955
0.254854
0.254443
0.245815
0.240319
0.240893
0.231418
0.257369
0.241845
0.196157
0.201351
0.206908
0.205606
0.200449
0.200175
0.197485
0.207058
0.205886
0.19809
0.211987
0.186104
0.217634
0.221083
0.20578
0.210958
0.209259
0.20016
0.214081
0.212728
0.222756
0.214905
0.246843
0.235159
0.23527
0.203736
0.208594
0.206616
0.21169
0.203706
0.196863
0.217639
0.217326
0.198969
0.206362
0.217605
0.215405
0.221256
0.220263
0.203729
0.219794
0.226365
0.217263
0.214988
0.216382
0.222999
0.211224
0.219691
0.221415
0.235891
0.208182
0.222334
0.211498
0.213892
0.227865
0.205457
0.199321
0.205292
0.212173
0.202661
0.20147
0.221993
0.2084
0.207759
0.203771
0.203414
0.199436
0.224891
0.213885
0.226477
0.225142
0.226951
0.227595
0.232968
0.188185
0.217828
0.200644
0.220981
0.213599
0.213523
0.222106
0.223263
0.230874
0.19582
0.19286
0.192206
0.197419
0.188851
0.232883
0.20811
0.216987
0.218085
0.222881
0.204873
0.209918
0.214167
0.21796
0.239696
0.225042
0.213271
0.222208
0.221296
0.205783
0.227658
0.219827
0.217927
0.212903
0.179948
0.188796
0.187328
0.182737
0.18985
0.180447
0.183089
0.188796
0.216159
0.215062
0.22048
0.21171
0.220186
0.195945
0.219506
0.207588
0.228526
0.199889
0.189806
0.211572
0.21042
0.20785
0.220349
0.223817
0.210233
0.214209
0.218139
0.211187
0.202913
0.20916
0.204412
0.225141
0.220343
0.213942
0.199414
0.21673
0.201464
0.208283
0.204679
0.204462
0.204111
0.192559
0.199958
0.206583
0.202616
0.215096
0.216353
0.215758
0.240052
0.221466
0.211806
0.220507
0.199573
0.201485
0.203601
0.203605
0.215155
0.201497
0.222353
0.19328
0.198521
0.204215
0.199827
0.196663
0.202131
0.204332
0.209731
0.206654
0.223189
0.236179
0.220799
0.229153
0.205604
0.209957
0.226674
0.227001
0.217251
0.225984
0.207908
0.213108
0.246752
0.210667
0.248118
0.233073
0.19921
0.19856
0.196422
0.228963
0.203615
0.209273
0.21189
0.200694
0.18631
0.182227
0.184572
0.181558
0.180813
0.183702
0.18031
0.183476
0.183276
0.184228
0.184708
0.193376
0.185235
0.184743
0.185601
0.187224
0.187184
0.187429
0.187778
0.187047
0.186521
0.187034
0.187984
0.187477
0.18695
0.18688
0.187161
0.18685
0.187387
0.187585
0.203731
0.187203
0.225362
0.209713
0.227689
0.209129
0.220694
0.205827
0.198401
0.201484
0.213731
0.206549
0.207236
0.217798
0.203968
0.234538
0.228259
0.216617
0.208986
0.207201
0.208652
0.206509
0.211592
0.213408
0.206915
0.235415
0.233079
0.237577
0.241885
0.241611
0.248522
0.222178
0.222316
0.218526
0.223427
0.227054
0.226437
0.219454
0.224457
0.221498
0.222149
0.223822
0.226686
0.235602
0.22581
0.217098
0.221877
0.231202
0.231809
0.206373
0.209917
0.230437
0.237805
0.216442
0.210282
0.211821
0.217594
0.208114
0.206416
0.207609
0.219287
0.221394
0.215577
0.229654
0.238367
0.211875
0.20936
0.217243
0.218815
0.230313
0.219123
0.237665
0.203692
0.208677
0.210223
0.212958
0.215856
0.224485
0.217616
0.215172
0.226547
0.214285
0.21195
0.217459
0.213646
0.214749
0.209827
0.215766
0.213558
0.217792
0.223708
0.214112
0.22303
0.21995
0.207999
0.236102
0.212853
0.212364
0.217785
0.251757
0.250125
0.233166
0.207324
0.207981
0.208311
0.214934
0.211499
0.209752
0.214329
0.217617
0.229135
0.217682
0.228478
0.215122
0.210802
0.227423
0.212493
0.218094
0.222136
0.236561
0.209375
0.21777
0.247407
0.233084
0.211819
0.209667
0.215484
0.231488
0.214468
0.211223
0.191893
0.208775
0.216739
0.213023
0.203645
0.241538
0.251772
0.215854
0.245517
0.219018
0.223689
0.229943
0.231663
0.231898
0.223201
0.221148
0.22086
0.214519
0.202886
0.20044
0.200268
0.204675
0.19378
0.20529
0.19395
0.231859
0.229888
0.22366
0.238129
0.246683
0.247759
0.260073
0.235875
0.246217
0.211313
0.214206
0.218987
0.215718
0.216619
0.213339
0.208379
0.218528
0.220873
0.220043
0.208159
0.211675
0.202034
0.198443
0.213665
0.212565
0.205447
0.202289
0.20958
0.216924
0.220632
0.233747
0.248682
0.198812
0.193297
0.188356
0.201509
0.189758
0.186892
0.185519
0.201529
0.203296
0.209104
0.206989
0.207593
0.205502
0.212584
0.20115
0.204371
0.201849
0.217478
0.199515
0.213825
0.204502
0.228313
0.230425
0.221708
0.226869
0.229425
0.212991
0.193162
0.197388
0.201223
0.219873
0.208561
0.195932
0.206593
0.208006
0.208653
0.244425
0.209156
0.217849
0.208127
0.207995
0.207642
0.197121
0.200289
0.212363
0.205101
0.223107
0.202749
0.223052
0.209404
0.216749
0.23181
0.204079
0.195651
0.208041
0.217943
0.212048
0.199857
0.20898
0.229074
0.254581
0.213113
0.229493
0.21919
0.217339
0.210729
0.223221
0.216236
0.216176
0.222506
0.239542
0.235665
0.221111
0.227145
0.203171
0.207102
0.227889
0.200512
0.1964
0.228301
0.224199
0.223779
0.230404
0.226831
0.238274
0.224802
0.22435
0.213443
0.228105
0.219487
0.197189
0.207751
0.209994
0.216419
0.19859
0.212279
0.208534
0.207071
0.208057
0.222722
0.208242
0.217737
0.233065
0.229139
0.226444
0.223274
0.215458
0.219118
0.214944
0.206389
0.207617
0.213648
0.203883
0.216154
0.210623
0.228833
0.225862
0.234833
0.229766
0.226766
0.206935
0.215247
0.216844
0.225995
0.226105
0.212044
0.228464
0.219177
0.203941
0.197388
0.192832
0.208126
0.203794
0.195179
0.209078
0.230675
0.211211
0.213396
0.230546
0.227165
0.2207
0.222768
0.222165
0.225438
0.224232
0.212909
0.217419
0.208218
0.207984
0.219703
0.210303
0.216582
0.245838
0.228131
0.228093
0.229291
0.228896
0.224208
0.211461
0.20462
0.201888
0.208272
0.226646
0.224984
0.233108
0.222479
0.231115
0.222044
0.211072
0.19197
0.19947
0.205292
0.219682
0.22568
0.210489
0.218644
0.220997
0.192087
0.196695
0.231468
0.231894
0.221116
0.222914
0.216857
0.232805
0.22125
0.228407
0.222359
0.212803
0.205618
0.202118
0.223421
0.212412
0.205683
0.223578
0.225035
0.215534
0.189057
0.20532
0.197061
0.202494
0.206996
0.233229
0.251032
0.204831
0.228883
0.2076
0.230221
0.210336
0.211064
0.225726
0.205638
0.209713
0.220041
0.212886
0.219075
0.210143
0.21046
0.191327
0.190677
0.1882
0.202606
0.200124
0.202985
0.210993
0.201526
0.215814
0.216067
0.205905
0.209787
0.201505
0.205186
0.245906
0.214034
0.213055
0.213082
0.211832
0.210181
0.208526
0.218075
0.225215
0.219614
0.210807
0.204881
0.219901
0.222319
0.214906
0.226403
0.221798
0.213496
0.231939
0.225197
0.20977
0.217961
0.212367
0.205061
0.22696
0.209139
0.223589
0.199978
0.216433
0.20875
0.225358
0.222606
0.223059
0.205984
0.205463
0.220264
0.24025
0.230065
0.247458
0.251632
0.236643
0.23236
0.256821
0.232102
0.20922
0.213899
0.219923
0.207563
0.208868
0.208783
0.219426
0.210483
0.222248
0.232408
0.231821
0.236799
0.204031
0.197391
0.205278
0.22597
0.231263
0.221697
0.226024
0.238446
0.248805
0.239852
0.236786
0.23128
0.233975
0.236519
0.230028
0.228829
0.225764
0.225999
0.232348
0.228289
0.221427
0.226592
0.259568
0.239058
0.237564
0.234121
0.227334
0.206187
0.207211
0.215444
0.218261
0.218887
0.223087
0.217021
0.212372
0.205108
0.239685
0.250742
0.256262
0.235865
0.233965
0.258233
0.2445
0.214042
0.217934
0.224032
0.215037
0.218145
0.21233
0.215923
0.224612
0.208742
0.212503
0.209707
0.221648
0.237049
0.227136
0.227363
0.218804
0.224802
0.221014
0.220156
0.223424
0.226942
0.217262
0.2063
0.21542
0.212262
0.212891
0.225203
0.230459
0.225504
0.218218
0.226894
0.227039
0.210173
0.201937
0.190877
0.204487
0.194179
0.217659
0.21861
0.220773
0.220179
0.224929
0.206199
0.209978
0.218265
0.217735
0.22082
0.20602
0.211428
0.215033
0.212214
0.220443
0.248161
0.238272
0.210256
0.211068
0.219161
0.205485
0.207867
0.221973
0.220574
0.216663
0.223796
0.222472
0.209534
0.231066
0.217849
0.230187
0.243141
0.243668
0.229529
0.232577
0.229809
0.234627
0.236806
0.23244
0.206563
0.219377
0.207966
0.20027
0.196813
0.225026
0.220248
0.220716
0.230381
0.229022
0.227357
0.222088
0.221052
0.233737
0.222704
0.227672
0.235964
0.228822
0.214412
0.19214
0.20487
0.213502
0.216726
0.224605
0.210613
0.226942
0.215691
0.220193
0.214428
0.208999
0.199891
0.203308
0.215534
0.21628
0.206404
0.20956
0.208361
0.20359
0.210658
0.205385
0.203475
0.211924
0.217456
0.224334
0.221509
0.23886
0.236665
0.204913
0.209585
0.219486
0.205071
0.212069
0.222044
0.214385
0.218962
0.222609
0.239908
0.23379
0.196133
0.206582
0.223684
0.210423
0.207411
0.204347
0.203688
0.18975
0.215961
0.201623
0.220473
0.246374
0.238253
0.232169
0.242451
0.21796
0.231887
0.225697
0.229088
0.227007
0.229771
0.227262
0.212006
0.216451
0.215032
0.21255
0.239215
0.235956
0.215249
0.243048
0.242655
0.22046
0.227515
0.203038
0.201347
0.212628
0.212703
0.206233
0.20552
0.206362
0.209812
0.21439
0.203679
0.203161
0.203449
0.196943
0.220148
0.220616
0.22766
0.211042
0.223694
0.234701
0.225656
0.221855
0.221815
0.23155
0.209171
0.202444
0.216438
0.214035
0.232195
0.240261
0.23723
0.228606
0.225962
0.22158
0.244007
0.221069
0.217214
0.215515
0.211357
0.21691
0.226579
0.21958
0.218187
0.226921
0.207454
0.206056
0.215988
0.192267
0.222822
0.213014
0.216231
0.22447
0.208669
0.217645
0.196379
0.205619
0.195909
0.203165
0.207059
0.202879
0.22175
0.225496
0.205636
0.21992
0.249346
0.242079
0.225534
0.226363
0.228752
0.241129
0.20542
0.206004
0.206081
0.206769
0.209584
0.218926
0.210816
0.219508
0.217712
0.221677
0.216394
0.212779
0.23142
0.218564
0.234078
0.23098
0.220731
0.214228
0.209262
0.222773
0.209038
0.209896
0.206038
0.210062
0.21577
0.210441
0.219134
0.221659
0.209216
0.204049
0.203011
0.207688
0.214161
0.23039
0.226351
0.23301
0.231673
0.240052
0.233676
0.220316
0.227056
0.23024
0.235233
0.22322
0.225664
0.20772
0.194439
0.201458
0.19462
0.197859
0.213225
0.196638
0.203648
0.202691
0.194648
0.208818
0.201412
0.208462
0.218455
0.217517
0.219644
0.209482
0.214866
0.205916
0.220185
0.219708
0.209437
0.20487
0.18645
0.198448
0.196286
0.202079
0.197908
0.205704
0.252759
0.258124
0.247443
0.243614
0.210015
0.20514
0.201056
0.220484
0.215004
0.200048
0.224195
0.222879
0.217925
0.22082
0.224407
0.222884
0.224093
0.225124
0.235213
0.224347
0.229331
0.201015
0.20982
0.213613
0.198464
0.230201
0.245384
0.243964
0.203228
0.206736
0.221712
0.237689
0.25194
0.214512
0.221405
0.233885
0.231247
0.244361
0.235608
0.221462
0.223416
0.203615
0.21181
0.223066
0.2163
0.220964
0.213895
0.215689
0.212489
0.218407
0.236416
0.230315
0.222827
0.214982
0.224926
0.222218
0.231079
0.231025
0.222335
0.22844
0.243381
0.235712
0.240005
0.230595
0.227795
0.212138
0.219066
0.221339
0.226129
0.216227
0.20216
0.193039
0.197477
0.200665
0.216164
0.200903
0.219535
0.212522
0.232424
0.20631
0.235315
0.21825
0.200619
0.201532
0.206087
0.211888
0.204998
0.220624
0.224302
0.22624
0.215574
0.219003
0.220302
0.222702
0.211077
0.235217
0.237708
0.233314
0.235965
0.234418
0.219176
0.221512
0.220496
0.201356
0.208154
0.22975
0.233128
0.23625
0.216876
0.221743
0.226299
0.20522
0.203493
0.213672
0.206946
0.224298
0.224191
0.22895
0.228319
0.204922
0.206014
0.205874
0.215244
0.21766
0.2181
0.216245
0.208184
0.216268
0.205801
0.204976
0.219784
0.202617
0.197396
0.203926
0.207729
0.228098
0.180927
0.203538
0.178164
0.192292
0.194914
0.181234
0.17783
0.175674
0.179251
0.219246
0.222573
0.227549
0.225953
0.226211
0.230422
0.223171
0.223112
0.241599
0.240683
0.230364
0.210933
0.227879
0.217319
0.226528
0.222802
0.226595
0.222668
0.217075
0.21264
0.223359
0.213772
0.202462
0.213984
0.207341
0.20598
0.20418
0.208862
0.216043
0.20226
0.200485
0.199491
0.220834
0.222545
0.229235
0.221796
0.228071
0.2274
0.221147
0.215453
0.227522
0.217678
0.226266
0.218256
0.224601
0.222033
0.232422
0.20578
0.218492
0.215015
0.231953
0.203108
0.197443
0.205386
0.212333
0.215317
0.220511
0.193276
0.198583
0.207537
0.210865
0.212198
0.218134
0.234933
0.19919
0.223175
0.220581
0.216469
0.219769
0.230358
0.220803
0.224969
0.230521
0.234365
0.232892
0.249962
0.247928
0.236493
0.247851
0.229046
0.237381
0.205633
0.228107
0.231422
0.214922
0.221575
0.225697
0.220223
0.221653
0.217526
0.222351
0.221388
0.216842
0.216448
0.213208
0.215296
0.211617
0.203161
0.21567
0.230385
0.230979
0.224746
0.232601
0.221248
0.233341
0.246065
0.227259
0.229915
0.186046
0.191503
0.201457
0.19027
0.190038
0.195554
0.213569
0.210073
0.198104
0.208409
0.207124
0.212185
0.217456
0.202373
0.200939
0.209229
0.216413
0.20402
0.210501
0.224347
0.216063
0.215033
0.216376
0.223582
0.2156
0.211681
0.222135
0.225357
0.210145
0.224064
0.228678
0.203644
0.212119
0.216714
0.214501
0.223503
0.232178
0.217525
0.229735
0.197382
0.206906
0.198767
0.210972
0.212204
0.203913
0.215781
0.221586
0.221283
0.219547
0.237669
0.235829
0.236219
0.211679
0.208085
0.208497
0.210108
0.200855
0.214962
0.187931
0.223753
0.215535
0.241268
0.245611
0.211274
0.21627
0.213326
0.21986
0.205748
0.205721
0.195621
0.219685
0.202342
0.223481
0.232736
0.237544
0.196797
0.203015
0.20933
0.209861
0.178352
0.204598
0.221108
0.224085
0.231486
0.233355
0.230094
0.220815
0.235348
0.211831
0.216269
0.213919
0.211184
0.201705
0.193429
0.197265
0.198836
0.207798
0.246606
0.241194
0.245579
0.254738
0.236471
0.238801
0.231237
0.204091
0.205186
0.211304
0.205754
0.20263
0.252308
0.249103
0.201647
0.20959
0.213149
0.223786
0.226937
0.209242
0.216088
0.210709
0.216029
0.19368
0.219672
0.216925
0.197755
0.228055
0.229863
0.2175
0.210904
0.220824
0.22303
0.219134
0.181709
0.188365
0.204697
0.212895
0.238326
0.214509
0.196372
0.210424
0.19839
0.206726
0.197495
0.196463
0.205355
0.230383
0.227139
0.230671
0.219697
0.221594
0.221566
0.215013
0.219802
0.215703
0.212553
0.216003
0.243813
0.240809
0.223381
0.233147
0.234911
0.20323
0.213289
0.202306
0.206283
0.208588
0.236684
0.237923
0.226913
0.228389
0.236178
0.223357
0.219528
0.213801
0.212195
0.212972
0.218399
0.217804
0.218838
0.207691
0.215074
0.201038
0.223399
0.20791
0.214552
0.212345
0.210679
0.215041
0.224102
0.217686
0.234693
0.230545
0.229151
0.209389
0.195116
0.200538
0.228578
0.239395
0.213383
0.20815
0.210819
0.210326
0.217625
0.200133
0.208969
0.22069
0.21367
0.207194
0.230971
0.22938
0.229083
0.217534
0.227263
0.223805
0.234452
0.214379
0.221297
0.221676
0.224555
0.229515
0.217433
0.218095
0.221628
0.195739
0.204032
0.213896
0.208619
0.205205
0.20777
0.205651
0.200368
0.208907
0.201914
0.221308
0.189332
0.199876
0.223606
0.202342
0.227304
0.21011
0.230839
0.226377
0.240438
0.232932
0.232375
0.216517
0.232712
0.224161
0.230731
0.217437
0.231903
0.224593
0.229525
0.228179
0.214127
0.228257
0.222834
0.217158
0.228815
0.21125
0.241905
0.229103
0.229667
0.235183
0.230352
0.22012
0.246565
0.238272
0.228295
0.221502
0.231119
0.241321
0.22692
0.241481
0.243427
0.209719
0.210676
0.205493
0.207021
0.210194
0.217473
0.219504
0.21634
0.202024
0.205396
0.206609
0.206046
0.207982
0.20503
0.221704
0.227561
0.210729
0.218561
0.223959
0.222034
0.213617
0.213685
0.20113
0.204665
0.197772
0.226393
0.225976
0.237442
0.21052
0.21487
0.226037
0.220205
0.221712
0.223822
0.214879
0.217359
0.223111
0.217773
0.217262
0.228578
0.240845
0.255271
0.2472
0.264678
0.248774
0.217733
0.214489
0.230273
0.231659
0.229294
0.224806
0.235297
0.225326
0.240401
0.222539
0.225227
0.224201
0.21428
0.23497
0.211028
0.220177
0.239425
0.239798
0.232984
0.241833
0.234226
0.238094
0.235101
0.23118
0.212997
0.210043
0.220342
0.221309
0.222558
0.22408
0.219483
0.215334
0.21569
0.213202
0.212396
0.215371
0.214866
0.212089
0.217741
0.208082
0.209502
0.231743
0.212032
0.210986
0.211089
0.220219
0.230703
0.216388
0.222895
0.216294
0.21691
0.221957
0.214829
0.223038
0.229909
0.218
0.22133
0.208163
0.218767
0.208791
0.211895
0.216885
0.215379
0.201815
0.230995
0.234632
0.220438
0.213325
0.2007
0.199403
0.22338
0.206366
0.206157
0.208458
0.200146
0.207893
0.208683
0.210324
0.207535
0.203647
0.197862
0.206817
0.199926
0.202946
0.203024
0.200015
0.204236
0.215911
0.195129
0.195914
0.202894
0.219924
0.23545
0.230361
0.231713
0.228692
0.229631
0.228301
0.227276
0.223676
0.211088
0.221204
0.227623
0.226347
0.230364
0.209644
0.234841
0.245137
0.210625
0.227356
0.227404
0.230511
0.2316
0.236049
0.229594
0.2022
0.228101
0.225877
0.226304
0.225418
0.223394
0.222181
0.222567
0.219915
0.232141
0.230269
0.220011
0.201415
0.195951
0.197585
0.202225
0.211985
0.203808
0.21495
0.207615
0.212107
0.221649
0.225229
0.206895
0.233634
0.229818
0.203069
0.204824
0.205758
0.204222
0.2124
0.218093
0.229498
0.230382
0.213726
0.211465
0.221705
0.226134
0.232113
0.241221
0.225902
0.232828
0.226252
0.237436
0.219401
0.222378
0.226815
0.217966
0.228624
0.223173
0.212012
0.223271
0.212051
0.20367
0.196706
0.190221
0.20334
0.225202
0.224476
0.211942
0.217371
0.221969
0.213573
0.206773
0.246132
0.257731
0.235854
0.235518
0.257461
0.240327
0.242204
0.257209
0.234703
0.201414
0.206246
0.219721
0.214645
0.217896
0.207048
0.211582
0.21925
0.21758
0.199654
0.202216
0.222462
0.225823
0.226443
0.215953
0.222799
0.204895
0.21833
0.222817
0.225462
0.213316
0.216297
0.205004
0.218803
0.221297
0.221057
0.227115
0.1874
0.224479
0.214521
0.220014
0.194194
0.190572
0.218059
0.245503
0.226133
0.231039
0.215202
0.2213
0.218959
0.213154
0.215149
0.21245
0.229042
0.241901
0.221604
0.221204
0.230457
0.217773
0.230458
0.212714
0.244447
0.223207
0.218504
0.207395
0.207032
0.218344
0.205566
0.217405
0.212702
0.217574
0.215245
0.22716
0.235287
0.227936
0.234865
0.227549
0.233191
0.227366
0.237803
0.219029
0.244403
0.199951
0.204986
0.208337
0.227001
0.227681
0.202362
0.222909
0.227045
0.224322
0.231608
0.226235
0.224977
0.23431
0.247546
0.234314
0.242621
0.197277
0.201977
0.232982
0.234891
0.230164
0.227119
0.227494
0.235303
0.234042
0.227938
0.224588
0.227539
0.204441
0.209839
0.205877
0.223904
0.231853
0.227949
0.230649
0.20476
0.204165
0.207421
0.187416
0.202532
0.198337
0.229993
0.224674
0.226868
0.210748
0.225477
0.215631
0.219424
0.23053
0.212072
0.215532
0.244454
0.248922
0.242558
0.214564
0.213318
0.216353
0.240621
0.240677
0.234827
0.2233
0.223217
0.202493
0.20165
0.219475
0.214477
0.213552
0.22158
0.214072
0.228317
0.22139
0.217163
0.220238
0.216653
0.222788
0.219019
0.216277
0.216864
0.208679
0.215754
0.236075
0.234101
0.210514
0.207759
0.223812
0.232168
0.219858
0.217739
0.207134
0.205482
0.212327
0.20936
0.214032
0.220896
0.215702
0.215661
0.217542
0.221446
0.224114
0.216344
0.225027
0.231974
0.222159
0.22717
0.22573
0.257376
0.241135
0.209994
0.210514
0.21804
0.215237
0.209179
0.234238
0.236976
0.236885
0.226069
0.21706
0.240154
0.223114
0.221036
0.218657
0.209383
0.202479
0.205082
0.233619
0.224936
0.224181
0.223074
0.221533
0.2225
0.223935
0.213339
0.212546
0.199225
0.225017
0.231725
0.250242
0.236731
0.237096
0.221664
0.227869
0.239881
0.232437
0.241571
0.234676
0.226849
0.21355
0.230401
0.227396
0.229392
0.228691
0.214957
0.226068
0.226159
0.21383
0.210185
0.213746
0.212782
0.219724
0.273651
0.244015
0.231957
0.244447
0.231238
0.236185
0.22972
0.200323
0.207566
0.215346
0.22503
0.208167
0.207117
0.217142
0.216153
0.218197
0.222074
0.222342
0.219413
0.230076
0.231018
0.229519
0.212873
0.219896
0.212335
0.224224
0.223328
0.218558
0.215229
0.21456
0.20808
0.207452
0.216909
0.214363
0.222843
0.21908
0.222985
0.219946
0.220115
0.223258
0.218883
0.216638
0.253147
0.24012
0.234027
0.240121
0.237561
0.234855
0.232953
0.248607
0.214661
0.207856
0.225518
0.204664
0.21365
0.20944
0.213889
0.235657
0.238161
0.228159
0.230072
0.227958
0.226193
0.247699
0.235148
0.203096
0.222758
0.207914
0.20547
0.210843
0.228327
0.24135
0.2281
0.23194
0.2297
0.226802
0.223662
0.216178
0.22993
0.215872
0.213122
0.236393
0.237312
0.239228
0.223064
0.226701
0.234094
0.232171
0.233767
0.240431
0.222508
0.229185
0.22128
0.208659
0.214579
0.218263
0.22186
0.22569
0.221128
0.220359
0.220426
0.22717
0.229617
0.235752
0.219913
0.220852
0.217156
0.218602
0.245961
0.199003
0.211138
0.208651
0.22433
0.228816
0.203099
0.225166
0.232384
0.214059
0.216994
0.235627
0.232759
0.237045
0.225979
0.225008
0.220359
0.227173
0.227675
0.212715
0.216475
0.211459
0.195533
0.226906
0.228275
0.225433
0.23536
0.230305
0.220881
0.227136
0.223299
0.230937
0.216298
0.213611
0.21939
0.212458
0.225571
0.213465
0.217673
0.223106
0.207141
0.202371
0.217387
0.216372
0.219447
0.212155
0.220809
0.216817
0.224499
0.219935
0.231195
0.213406
0.22321
0.238084
0.233314
0.233903
0.23647
0.215096
0.236683
0.237949
0.216953
0.210619
0.228589
0.210559
0.223371
0.229072
0.214885
0.210615
0.219674
0.219955
0.20914
0.214597
0.213619
0.213554
0.215965
0.230366
0.210761
0.233675
0.209003
0.23202
0.239447
0.241003
0.20941
0.214508
0.219229
0.225147
0.209526
0.209338
0.210233
0.231716
0.206482
0.226602
0.239664
0.209961
0.21432
0.211156
0.206918
0.211081
0.214795
0.219058
0.21291
0.232356
0.220476
0.221348
0.228127
0.227753
0.23039
0.230212
0.228854
0.225462
0.22953
0.237552
0.223999
0.226843
0.236143
0.222921
0.243269
0.242103
0.238876
0.229507
0.19272
0.201832
0.243489
0.241721
0.24239
0.230699
0.229278
0.233105
0.235056
0.232636
0.230346
0.239922
0.221634
0.223225
0.227735
0.224435
0.226298
0.221856
0.267066
0.251489
0.259206
0.213254
0.240343
0.211488
0.218108
0.225046
0.223389
0.216565
0.218464
0.234216
0.227297
0.227743
0.228269
0.225227
0.199784
0.212696
0.219404
0.213754
0.218801
0.220964
0.205941
0.229303
0.228219
0.230732
0.220009
0.222044
0.220008
0.217997
0.224415
0.232391
0.22648
0.218125
0.216325
0.217925
0.205802
0.221061
0.22751
0.226113
0.200755
0.221167
0.205651
0.223092
0.210997
0.212045
0.202486
0.214347
0.221454
0.218518
0.210011
0.204625
0.21458
0.241481
0.235365
0.225189
0.230973
0.237292
0.225788
0.216999
0.230273
0.231819
0.225576
0.219397
0.233573
0.213126
0.217615
0.222339
0.223713
0.216822
0.216025
0.213066
0.230095
0.228984
0.212153
0.232798
0.230156
0.196632
0.203901
0.199309
0.207613
0.220123
0.216735
0.216014
0.206125
0.20876
0.221998
0.231206
0.231793
0.232993
0.218898
0.224728
0.219482
0.234685
0.232094
0.20784
0.21605
0.238508
0.232902
0.245442
0.21961
0.193827
0.191687
0.192912
0.201777
0.211727
0.239275
0.23499
0.224475
0.221805
0.240872
0.222807
0.215841
0.215938
0.228296
0.223621
0.225647
0.233805
0.222095
0.221142
0.226011
0.229319
0.241444
0.237667
0.215699
0.213129
0.225883
0.222379
0.2095
0.213425
0.211368
0.215835
0.223302
0.23078
0.23373
0.245703
0.241963
0.223449
0.209574
0.199343
0.188029
0.220311
0.227677
0.228204
0.230231
0.240799
0.228941
0.190953
0.218939
0.203163
0.199034
0.209771
0.207907
0.206303
0.215315
0.208693
0.22808
0.229374
0.219343
0.222078
0.23205
0.231422
0.237794
0.237843
0.23746
0.230475
0.240101
0.219895
0.225216
0.21741
0.236186
0.244081
0.201337
0.202335
0.203887
0.206323
0.206307
0.20738
0.211088
0.211689
0.219311
0.201975
0.201071
0.202598
0.22198
0.232028
0.212068
0.225474
0.228973
0.209663
0.231642
0.215382
0.206882
0.211498
0.206118
0.20656
0.254974
0.255014
0.227828
0.231018
0.215188
0.211528
0.210814
0.227277
0.224778
0.220713
0.218762
0.222351
0.214117
0.22699
0.220684
0.226074
0.246151
0.201696
0.22357
0.214652
0.22688
0.216488
0.216553
0.225194
0.219873
0.223984
0.227275
0.203817
0.210375
0.205757
0.205202
0.217644
0.215439
0.215505
0.215153
0.214252
0.231503
0.230279
0.22402
0.237073
0.256149
0.254894
0.239812
0.239222
0.215511
0.202012
0.223054
0.218084
0.22891
0.240138
0.227872
0.219788
0.203299
0.214738
0.200016
0.200264
0.204335
0.234906
0.244078
0.223719
0.224186
0.228824
0.230047
0.203162
0.211839
0.251707
0.248673
0.249079
0.239465
0.241783
0.24135
0.236468
0.228365
0.228485
0.229809
0.239438
0.234763
0.236828
0.234896
0.234214
0.231642
0.241461
0.208355
0.217301
0.207018
0.219519
0.217963
0.226503
0.213285
0.213665
0.225091
0.218923
0.224028
0.210285
0.209609
0.222841
0.217087
0.210827
0.216542
0.206622
0.228393
0.229858
0.235448
0.243966
0.231375
0.214825
0.22481
0.202603
0.198274
0.235966
0.235011
0.228212
0.238206
0.216588
0.201519
0.22786
0.221371
0.232597
0.232314
0.232447
0.214757
0.20385
0.204395
0.21116
0.219586
0.213058
0.218528
0.216596
0.224005
0.237031
0.241397
0.208654
0.208496
0.209289
0.227356
0.217275
0.236486
0.218115
0.221759
0.223469
0.226599
0.232801
0.230325
0.201124
0.224294
0.223578
0.217465
0.219861
0.221144
0.249213
0.240428
0.237989
0.224371
0.22218
0.227363
0.227492
0.220226
0.222264
0.224694
0.233287
0.218183
0.21914
0.20553
0.209231
0.219072
0.214839
0.216699
0.216451
0.234675
0.209406
0.247696
0.237733
0.21407
0.206331
0.217877
0.228828
0.231017
0.230472
0.215994
0.218349
0.228985
0.231698
0.222385
0.220911
0.226952
0.221338
0.228131
0.226
0.226954
0.22394
0.204076
0.21255
0.208663
0.211774
0.212967
0.215006
0.226735
0.221144
0.224932
0.216865
0.220696
0.20845
0.244065
0.240744
0.244107
0.240933
0.252133
0.232383
0.226987
0.231294
0.232854
0.223705
0.225775
0.217575
0.22505
0.218205
0.215673
0.21946
0.212945
0.233412
0.218768
0.233112
0.233218
0.232106
0.223592
0.220273
0.226501
0.234928
0.225955
0.231938
0.227529
0.215903
0.213541
0.216353
0.215116
0.221454
0.240101
0.236636
0.223851
0.225489
0.239359
0.247419
0.235003
0.211783
0.201245
0.220145
0.203029
0.204648
0.221434
0.225347
0.24437
0.250569
0.254575
0.202263
0.223444
0.223527
0.226583
0.220245
0.19816
0.223699
0.221109
0.23201
0.212701
0.231136
0.226791
0.209392
0.204247
0.192732
0.199335
0.20763
0.210935
0.206336
0.218156
0.213706
0.214223
0.216831
0.222076
0.232771
0.196971
0.198137
0.203549
0.190529
0.202475
0.203152
0.210301
0.239035
0.219746
0.216953
0.217219
0.214769
0.213608
0.213852
0.213622
0.221231
0.211886
0.227054
0.228045
0.22238
0.224238
0.231084
0.218681
0.234658
0.23472
0.215707
0.239812
0.217537
0.221248
0.233202
0.214444
0.215662
0.210658
0.215622
0.211937
0.209499
0.210182
0.23292
0.227549
0.226456
0.227819
0.227232
0.216495
0.231397
0.234347
0.246972
0.224412
0.234899
0.233559
0.219232
0.223953
0.231124
0.23176
0.231664
0.237685
0.232537
0.215153
0.226937
0.208244
0.196158
0.223598
0.206358
0.206215
0.220763
0.210311
0.210769
0.215764
0.219117
0.212051
0.214923
0.225839
0.227668
0.214117
0.20938
0.233932
0.230748
0.192301
0.223191
0.206617
0.236703
0.220931
0.23496
0.22286
0.221043
0.225969
0.263447
0.250141
0.239174
0.221251
0.226656
0.223165
0.23099
0.23256
0.233325
0.228647
0.230459
0.236733
0.218052
0.229703
0.224499
0.201205
0.211993
0.231613
0.242357
0.241806
0.248184
0.244051
0.246668
0.224743
0.222487
0.218779
0.224351
0.228161
0.221376
0.229859
0.21077
0.213105
0.225009
0.223913
0.226738
0.233419
0.227595
0.233741
0.250486
0.215299
0.229051
0.222439
0.213176
0.228758
0.229907
0.258143
0.225225
0.230946
0.264018
0.223512
0.224664
0.221465
0.217678
0.244289
0.236293
0.206049
0.194698
0.213566
0.21234
0.252608
0.239527
0.236333
0.23627
0.220237
0.224068
0.224577
0.217189
0.208637
0.20724
0.221803
0.220514
0.2191
0.210164
0.205408
0.217048
0.210743
0.214197
0.216564
0.254007
0.252511
0.230756
0.231639
0.229807
0.226066
0.224652
0.221284
0.20779
0.225529
0.216003
0.206275
0.214999
0.215541
0.232687
0.224034
0.226539
0.237325
0.238063
0.218898
0.231882
0.235392
0.239392
0.23726
0.234239
0.242948
0.228512
0.233137
0.227727
0.22687
0.213783
0.217294
0.221275
0.237188
0.220153
0.209674
0.22554
0.225292
0.223889
0.219317
0.199759
0.236236
0.210625
0.211585
0.211326
0.221231
0.227174
0.213798
0.22417
0.225514
0.213201
0.227316
0.223844
0.219748
0.255682
0.254345
0.237338
0.232291
0.233254
0.204963
0.223632
0.223411
0.22595
0.230667
0.22654
0.247243
0.242433
0.211233
0.214831
0.211234
0.243234
0.216552
0.211867
0.22219
0.207621
0.223637
0.209968
0.224674
0.226694
0.239988
0.209769
0.225982
0.219699
0.212965
0.221248
0.224391
0.251971
0.232209
0.223805
0.224472
0.226059
0.234566
0.232867
0.236463
0.227543
0.235939
0.225101
0.215539
0.220766
0.207798
0.216094
0.223324
0.224304
0.228752
0.221335
0.231479
0.234934
0.232021
0.22903
0.261911
0.250444
0.218643
0.225396
0.242927
0.237435
0.244009
0.227367
0.249431
0.226181
0.220201
0.231679
0.227416
0.233785
0.235025
0.240678
0.244011
0.248679
0.236599
0.205356
0.219947
0.232976
0.232741
0.219454
0.220278
0.224593
0.222987
0.225225
0.224411
0.22402
0.221645
0.242992
0.227505
0.226961
0.227982
0.229549
0.228306
0.23288
0.231763
0.231547
0.24298
0.235449
0.227277
0.223146
0.236477
0.247952
0.235804
0.226835
0.229603
0.234288
0.259558
0.244728
0.212916
0.207763
0.214271
0.203564
0.198795
0.209108
0.199809
0.206097
0.224618
0.220221
0.222202
0.221179
0.219083
0.211878
0.202845
0.217865
0.218662
0.224918
0.218985
0.242376
0.239993
0.216865
0.232111
0.241223
0.245069
0.237697
0.229638
0.225375
0.214339
0.257162
0.23701
0.219295
0.231171
0.229948
0.203576
0.216327
0.216937
0.229418
0.239888
0.23545
0.245502
0.231043
0.234037
0.240186
0.226654
0.229261
0.223548
0.227573
0.233364
0.230397
0.241661
0.213066
0.225129
0.219588
0.214976
0.230919
0.232168
0.211396
0.239207
0.230869
0.231923
0.239252
0.22234
0.19122
0.204041
0.204766
0.214628
0.216638
0.234039
0.243977
0.22306
0.221929
0.230844
0.236629
0.21788
0.218387
0.229084
0.224955
0.236526
0.232781
0.210319
0.223897
0.230347
0.226788
0.208169
0.220258
0.220741
0.247726
0.256572
0.218981
0.216816
0.208906
0.21492
0.20839
0.212281
0.220136
0.220633
0.222981
0.232594
0.225436
0.24381
0.221146
0.195703
0.20277
0.221483
0.220921
0.197937
0.22127
0.224329
0.227388
0.222395
0.226754
0.217264
0.222524
0.20434
0.244471
0.234323
0.231243
0.223054
0.223103
0.229762
0.230099
0.22618
0.225186
0.238934
0.218174
0.227045
0.228185
0.233708
0.24653
0.226616
0.230535
0.213665
0.226888
0.219667
0.270245
0.233117
0.226441
0.228337
0.21156
0.210228
0.222581
0.212814
0.210991
0.215939
0.224328
0.221554
0.223725
0.231261
0.221611
0.225686
0.230928
0.202929
0.235422
0.205729
0.2129
0.219486
0.231731
0.218513
0.239118
0.247335
0.243455
0.24211
0.233808
0.240102
0.2262
0.229597
0.229136
0.231878
0.238462
0.236011
0.231693
0.231957
0.242477
0.241082
0.222098
0.213502
0.223181
0.21215
0.226598
0.232365
0.231374
0.22151
0.220615
0.219256
0.209776
0.228942
0.220449
0.211251
0.219869
0.218653
0.229488
0.212219
0.210368
0.216256
0.226204
0.22009
0.220918
0.222915
0.241704
0.242334
0.249349
0.239884
0.264974
0.241045
0.223222
0.226061
0.230237
0.235392
0.227955
0.223704
0.227071
0.221266
0.229671
0.220819
0.226669
0.211402
0.220296
0.215907
0.216408
0.221676
0.221257
0.22839
0.227606
0.216943
0.217489
0.221356
0.222335
0.225215
0.221347
0.221922
0.221399
0.231566
0.218583
0.233523
0.235332
0.210906
0.220791
0.2204
0.221209
0.21644
0.230471
0.22153
0.228174
0.214471
0.244285
0.25571
0.244064
0.22895
0.226381
0.211619
0.215805
0.211439
0.209246
0.20968
0.204894
0.255003
0.236452
0.213981
0.229547
0.230249
0.232302
0.239748
0.232557
0.240773
0.230428
0.233683
0.210068
0.216321
0.22216
0.219873
0.216191
0.224146
0.217164
0.212563
0.225035
0.212847
0.222216
0.244073
0.248002
0.223789
0.216402
0.225258
0.221396
0.231356
0.230911
0.243915
0.207784
0.207668
0.20947
0.210221
0.241716
0.245743
0.248909
0.235346
0.229889
0.225526
0.230279
0.254253
0.215577
0.227137
0.2038
0.20402
0.198277
0.244324
0.254551
0.238049
0.242291
0.235267
0.237549
0.243788
0.243012
0.222287
0.216685
0.215923
0.234546
0.240632
0.236998
0.237356
0.238389
0.213181
0.22829
0.233365
0.218747
0.263471
0.263872
0.213843
0.219908
0.225916
0.223806
0.227769
0.234139
0.238168
0.220955
0.209481
0.218529
0.217845
0.240778
0.254243
0.238609
0.201325
0.206757
0.200189
0.206661
0.208884
0.20885
0.209316
0.209662
0.233223
0.22372
0.223627
0.209121
0.251359
0.24417
0.2517
0.210093
0.208176
0.225854
0.222382
0.229561
0.194559
0.224362
0.225599
0.225966
0.224536
0.224674
0.212277
0.2096
0.219946
0.217657
0.232861
0.239577
0.233499
0.229609
0.253436
0.241765
0.25005
0.240642
0.228061
0.238267
0.230472
0.239531
0.236469
0.234277
0.236484
0.237002
0.24367
0.248958
0.23542
0.198737
0.19921
0.226402
0.226443
0.218898
0.23084
0.231704
0.24021
0.239798
0.233927
0.22746
0.231042
0.226869
0.229291
0.234627
0.218716
0.222343
0.218379
0.215372
0.222406
0.22748
0.216866
0.229185
0.236801
0.204542
0.22193
0.230504
0.229029
0.216072
0.221259
0.204402
0.21357
0.220531
0.21129
0.216721
0.223916
0.215717
0.217101
0.214833
0.209595
0.207084
0.212297
0.227616
0.225542
0.208263
0.213043
0.216091
0.224811
0.22858
0.205858
0.21551
0.207579
0.20896
0.218952
0.228196
0.219939
0.224075
0.239634
0.232216
0.238231
0.204076
0.217249
0.215942
0.22284
0.222008
0.215153
0.234567
0.201386
0.231564
0.231407
0.243159
0.234153
0.250968
0.216963
0.206345
0.225668
0.233996
0.238027
0.243871
0.227049
0.228108
0.243919
0.239668
0.227417
0.237309
0.223616
0.223931
0.213899
0.217073
0.217384
0.222957
0.217867
0.22344
0.224879
0.227467
0.230113
0.220492
0.221931
0.219715
0.212521
0.223052
0.224847
0.218112
0.216881
0.212712
0.214109
0.235297
0.223709
0.224256
0.245499
0.239717
0.216519
0.224677
0.226792
0.230458
0.219424
0.221012
0.208029
0.222076
0.210967
0.229045
0.220474
0.226046
0.203631
0.204732
0.232021
0.209061
0.221188
0.224789
0.24259
0.231979
0.239126
0.206573
0.223824
0.236264
0.236353
0.244019
0.235934
0.213255
0.216654
0.21957
0.239172
0.193524
0.205865
0.226902
0.238688
0.23584
0.229499
0.240576
0.222139
0.231547
0.21893
0.215586
0.227994
0.220182
0.224252
0.22553
0.226441
0.225173
0.23362
0.22012
0.224498
0.237881
0.232544
0.22548
0.227912
0.236358
0.223541
0.245704
0.25227
0.210441
0.248001
0.245212
0.244488
0.211477
0.211567
0.216047
0.218748
0.223743
0.219406
0.21736
0.218885
0.221736
0.225397
0.21511
0.216675
0.230488
0.22282
0.219974
0.225061
0.229574
0.231116
0.228927
0.215984
0.215289
0.256211
0.23567
0.225935
0.23656
0.217334
0.221248
0.230276
0.216801
0.219364
0.234117
0.221562
0.217491
0.208581
0.236366
0.241893
0.242505
0.235635
0.223425
0.225551
0.224865
0.23461
0.247432
0.21467
0.221199
0.220276
0.223922
0.219671
0.221949
0.219515
0.222728
0.223381
0.226238
0.242827
0.237899
0.223581
0.253625
0.253711
0.244155
0.234625
0.241221
0.239458
0.21866
0.21772
0.230667
0.226389
0.208251
0.19894
0.221943
0.225386
0.229029
0.244659
0.242161
0.24188
0.204777
0.209179
0.219098
0.222217
0.223756
0.22579
0.224005
0.240811
0.23179
0.218517
0.22797
0.221368
0.246125
0.244349
0.251834
0.214368
0.22347
0.22417
0.217636
0.218766
0.232603
0.221868
0.262408
0.260717
0.260169
0.223721
0.213228
0.221714
0.203981
0.231769
0.204482
0.204309
0.204435
0.207258
0.20164
0.216067
0.216738
0.201576
0.204739
0.212137
0.207306
0.230276
0.229656
0.21153
0.237347
0.234251
0.239175
0.237061
0.228623
0.235603
0.216731
0.220536
0.230431
0.236275
0.214513
0.220289
0.250831
0.231033
0.227326
0.217995
0.224848
0.218139
0.229839
0.227695
0.23853
0.222736
0.238402
0.234325
0.206685
0.22474
0.215332
0.216769
0.21471
0.215413
0.21811
0.213595
0.213553
0.214145
0.221248
0.223837
0.230999
0.235064
0.226469
0.208523
0.207837
0.217513
0.22551
0.237895
0.240591
0.23951
0.225804
0.224863
0.251402
0.247308
0.225411
0.228515
0.228801
0.233023
0.234662
0.236953
0.225386
0.242098
0.228561
0.22363
0.219379
0.211877
0.211212
0.21648
0.227438
0.25834
0.255689
0.247012
0.240178
0.236341
0.237028
0.239568
0.229969
0.22786
0.227941
0.236059
0.223154
0.236428
0.238323
0.232019
0.205726
0.212872
0.235038
0.235519
0.228648
0.229327
0.214282
0.216172
0.206087
0.224273
0.195195
0.226334
0.237974
0.236582
0.230671
0.204906
0.206244
0.225309
0.239652
0.231165
0.234559
0.223425
0.229361
0.243369
0.24244
0.235876
0.231297
0.211029
0.218935
0.221135
0.224604
0.234556
0.200061
0.210162
0.227666
0.253367
0.242259
0.236284
0.242058
0.238202
0.221737
0.224168
0.23501
0.233208
0.258957
0.259648
0.253643
0.25593
0.231966
0.224904
0.230444
0.22778
0.235615
0.222834
0.226119
0.229443
0.230921
0.221419
0.228348
0.224725
0.223811
0.225738
0.270259
0.25827
0.243982
0.245751
0.248422
0.251805
0.238106
0.227634
0.210074
0.207148
0.217402
0.228367
0.227746
0.236154
0.226
0.226329
0.226644
0.227473
0.23132
0.228189
0.249744
0.219265
0.227906
0.210384
0.213526
0.23235
0.222799
0.216113
0.225427
0.218862
0.22901
0.216414
0.225592
0.225226
0.224219
0.231576
0.223673
0.225838
0.229516
0.226191
0.231328
0.233315
0.235023
0.204387
0.20639
0.227493
0.245546
0.239231
0.246191
0.244934
0.241579
0.237624
0.236766
0.234084
0.230615
0.232924
0.248856
0.246319
0.235984
0.244125
0.217155
0.247194
0.230157
0.230993
0.255254
0.241308
0.210598
0.217967
0.225344
0.232111
0.227735
0.22916
0.218847
0.22546
0.22575
0.214465
0.232755
0.239564
0.228742
0.233812
0.228009
0.228878
0.230499
0.213622
0.19876
0.20922
0.215927
0.211407
0.225506
0.230093
0.224307
0.235298
0.228152
0.225427
0.238749
0.230063
0.232
0.235835
0.215532
0.229087
0.221948
0.227229
0.225564
0.215883
0.22763
0.224656
0.243103
0.231983
0.23268
0.230916
0.232268
0.233803
0.234914
0.232204
0.231217
0.207591
0.216568
0.220981
0.230354
0.230307
0.236544
0.218807
0.221208
0.217304
0.209641
0.209653
0.216803
0.221072
0.227134
0.229494
0.206823
0.229779
0.229169
0.204951
0.203736
0.219031
0.213089
0.218826
0.210098
0.221512
0.232353
0.228207
0.226751
0.235627
0.234312
0.22864
0.241785
0.227633
0.21881
0.241783
0.225849
0.246692
0.237657
0.247936
0.235475
0.251287
0.242018
0.229915
0.211949
0.225102
0.261354
0.247073
0.241707
0.207675
0.205746
0.204414
0.226015
0.22148
0.241029
0.241984
0.235556
0.226529
0.219937
0.222764
0.219694
0.223045
0.239035
0.237262
0.231222
0.246944
0.252671
0.251744
0.242927
0.21872
0.2361
0.222878
0.236342
0.236217
0.229039
0.230893
0.230727
0.234373
0.222029
0.218771
0.216084
0.221225
0.219627
0.216394
0.220975
0.230663
0.229556
0.225899
0.247105
0.236949
0.233385
0.213179
0.248744
0.239832
0.213407
0.223299
0.223193
0.224376
0.227795
0.231417
0.228964
0.233793
0.191874
0.205786
0.237441
0.221204
0.229719
0.269564
0.262919
0.240296
0.24097
0.241641
0.214253
0.22417
0.22697
0.228086
0.222742
0.225705
0.234213
0.247183
0.257207
0.256182
0.227746
0.227766
0.229007
0.240944
0.252695
0.243633
0.254389
0.240079
0.228761
0.241653
0.211916
0.218975
0.232818
0.221242
0.239249
0.225274
0.216894
0.218898
0.221796
0.227734
0.219684
0.223754
0.224938
0.226182
0.243975
0.225337
0.220441
0.225221
0.227876
0.219985
0.228043
0.203123
0.204147
0.198122
0.213463
0.218855
0.235842
0.231699
0.240337
0.246364
0.220736
0.226682
0.22605
0.226652
0.21377
0.220151
0.211109
0.22464
0.221634
0.222685
0.221357
0.22066
0.226526
0.22354
0.238422
0.235783
0.236737
0.236846
0.238535
0.226338
0.218766
0.226488
0.226366
0.228101
0.229597
0.243843
0.228496
0.235249
0.250662
0.242295
0.217912
0.211057
0.216566
0.226155
0.225678
0.219964
0.218758
0.22599
0.252746
0.241662
0.235352
0.226125
0.224522
0.223013
0.219016
0.215566
0.217137
0.21633
0.214234
0.231509
0.246547
0.248165
0.228501
0.223445
0.219294
0.237983
0.228447
0.22285
0.22394
0.228203
0.223862
0.224273
0.223843
0.230216
0.233235
0.23588
0.225398
0.232206
0.241034
0.213463
0.204641
0.207667
0.209334
0.214611
0.225167
0.225498
0.233871
0.248067
0.244107
0.220853
0.186295
0.201975
0.196691
0.194521
0.206206
0.207348
0.222785
0.235794
0.214053
0.219157
0.219563
0.212543
0.21611
0.219315
0.19896
0.217077
0.209687
0.208688
0.223254
0.213408
0.214001
0.199466
0.200986
0.216198
0.211771
0.21912
0.216494
0.21584
0.236531
0.234375
0.231849
0.233538
0.243378
0.243826
0.219392
0.240649
0.208417
0.205496
0.206795
0.221485
0.206454
0.217139
0.208685
0.208426
0.213949
0.213648
0.214402
0.214709
0.202366
0.230307
0.234123
0.229898
0.239858
0.240133
0.255793
0.215831
0.226599
0.233008
0.238761
0.239121
0.216255
0.258219
0.245976
0.252211
0.245245
0.232314
0.241191
0.226534
0.207933
0.227642
0.219307
0.238973
0.238843
0.229496
0.236877
0.210206
0.215043
0.216676
0.236688
0.227169
0.235517
0.245522
0.237886
0.235311
0.240062
0.225965
0.225338
0.239574
0.230845
0.229529
0.232107
0.233787
0.223467
0.226699
0.229293
0.232354
0.234053
0.199719
0.245654
0.260873
0.219861
0.219391
0.235057
0.239199
0.233923
0.225985
0.242558
0.246602
0.223359
0.240751
0.220816
0.233532
0.216878
0.220526
0.193144
0.200385
0.194609
0.195065
0.216423
0.21125
0.214441
0.212902
0.225345
0.263293
0.237704
0.244186
0.213664
0.223864
0.198071
0.233945
0.223232
0.222959
0.218963
0.230328
0.23164
0.231827
0.231112
0.239368
0.249611
0.248688
0.21592
0.205857
0.203302
0.227414
0.220832
0.234044
0.226729
0.227156
0.220617
0.230873
0.237779
0.242246
0.237983
0.245004
0.220228
0.230728
0.230018
0.229906
0.222609
0.221555
0.227409
0.22374
0.241029
0.244284
0.245592
0.24803
0.241958
0.243607
0.23415
0.22275
0.225519
0.213153
0.222396
0.218585
0.211493
0.221204
0.232523
0.235178
0.254839
0.237781
0.240515
0.222951
0.223769
0.237224
0.235237
0.242922
0.244497
0.231822
0.243187
0.236095
0.214249
0.218002
0.219404
0.229103
0.231679
0.23577
0.247945
0.229714
0.244223
0.235467
0.221317
0.227198
0.236333
0.239738
0.215227
0.22385
0.20418
0.199957
0.224657
0.237513
0.22152
0.224514
0.223279
0.258148
0.256762
0.24925
0.229042
0.242393
0.239947
0.228411
0.234721
0.233976
0.219544
0.253373
0.252666
0.248117
0.242946
0.225138
0.231691
0.228174
0.227181
0.225884
0.224139
0.23487
0.227502
0.231782
0.220245
0.240189
0.241853
0.223016
0.232255
0.219969
0.224355
0.194005
0.228523
0.225683
0.227837
0.223787
0.227551
0.235873
0.220881
0.218253
0.223946
0.223282
0.231617
0.229189
0.228967
0.24379
0.237787
0.231276
0.210577
0.218861
0.217432
0.246862
0.247755
0.230892
0.22473
0.229321
0.239907
0.220308
0.187645
0.199996
0.228862
0.212541
0.21677
0.219995
0.229018
0.221248
0.234243
0.22858
0.239422
0.250207
0.240423
0.238357
0.239902
0.246907
0.227134
0.241333
0.234162
0.237799
0.237054
0.190331
0.243147
0.243238
0.243625
0.232053
0.230396
0.224575
0.227042
0.192419
0.234689
0.234383
0.221435
0.225911
0.228561
0.2227
0.214466
0.23886
0.24116
0.238627
0.235483
0.221128
0.223455
0.232265
0.211115
0.236019
0.233364
0.239743
0.237699
0.224336
0.221133
0.220133
0.217824
0.224451
0.241204
0.221895
0.244605
0.231954
0.231247
0.242496
0.234697
0.239964
0.24079
0.247154
0.233523
0.244772
0.232014
0.213817
0.21561
0.22897
0.230553
0.23174
0.221889
0.231564
0.230654
0.234566
0.230522
0.240742
0.242282
0.22959
0.252882
0.235311
0.218205
0.227658
0.232106
0.23376
0.238072
0.248839
0.245368
0.227331
0.222894
0.222613
0.228209
0.227044
0.222007
0.229848
0.235565
0.26277
0.263739
0.235746
0.24813
0.231687
0.233025
0.237919
0.23385
0.227101
0.253869
0.235654
0.248029
0.244695
0.243994
0.242576
0.23522
0.234886
0.227919
0.233317
0.232694
0.22211
0.248553
0.263218
0.242391
0.244191
0.234544
0.255814
0.237807
0.218672
0.256187
0.244948
0.236538
0.230356
0.232482
0.215097
0.242867
0.241694
0.237549
0.231674
0.218813
0.211617
0.219723
0.211602
0.215914
0.221087
0.229178
0.242117
0.242053
0.238291
0.21058
0.212677
0.236123
0.224238
0.230537
0.222402
0.245205
0.242439
0.230168
0.226322
0.21794
0.238323
0.201409
0.221044
0.215752
0.221041
0.222604
0.247875
0.240694
0.252952
0.223425
0.22696
0.224291
0.238623
0.226234
0.210498
0.229785
0.23233
0.237969
0.236926
0.256542
0.240155
0.235376
0.230548
0.212506
0.213739
0.224727
0.224148
0.229933
0.229218
0.220514
0.240448
0.229091
0.239272
0.25752
0.246267
0.214111
0.218289
0.224509
0.224388
0.222269
0.222517
0.22354
0.233689
0.237307
0.235541
0.235312
0.217352
0.220489
0.246839
0.239966
0.232642
0.235257
0.23495
0.232851
0.242525
0.257557
0.233289
0.225802
0.231904
0.218139
0.222046
0.249953
0.237372
0.218459
0.252093
0.237815
0.237657
0.232787
0.231845
0.241451
0.22382
0.25189
0.238844
0.227836
0.24159
0.202782
0.213528
0.221231
0.223864
0.217693
0.230233
0.230851
0.224666
0.230484
0.232674
0.235365
0.230344
0.219896
0.219045
0.220904
0.232186
0.225541
0.218898
0.228991
0.227774
0.247688
0.219075
0.218301
0.215824
0.222788
0.219348
0.220299
0.219373
0.242859
0.235377
0.222367
0.228992
0.223057
0.229388
0.230269
0.233069
0.242535
0.239026
0.239618
0.240298
0.253735
0.219401
0.240253
0.224087
0.231049
0.238418
0.235505
0.221127
0.222453
0.228748
0.246897
0.236996
0.244803
0.238078
0.236045
0.21021
0.208731
0.222915
0.214043
0.217942
0.236808
0.233283
0.235831
0.228591
0.232291
0.233566
0.240913
0.216582
0.221085
0.216574
0.222545
0.223629
0.241943
0.235001
0.227819
0.237026
0.230374
0.267349
0.227666
0.233206
0.229344
0.227602
0.226349
0.242327
0.243975
0.228774
0.254141
0.239788
0.228623
0.231212
0.237454
0.242819
0.236285
0.24669
0.24039
0.226961
0.216419
0.221566
0.236208
0.226923
0.241312
0.235418
0.225216
0.222988
0.230044
0.223637
0.225547
0.237759
0.198713
0.195421
0.202206
0.205517
0.207037
0.210901
0.243209
0.23919
0.223617
0.222307
0.242559
0.233383
0.237444
0.244085
0.238143
0.248718
0.245937
0.264251
0.248991
0.244367
0.241606
0.243677
0.243669
0.241844
0.245418
0.234272
0.222466
0.224483
0.227856
0.227864
0.232755
0.254413
0.247649
0.236916
0.235287
0.239602
0.227932
0.227697
0.224391
0.233877
0.232418
0.234323
0.239315
0.259817
0.253032
0.225556
0.236397
0.237873
0.231407
0.227739
0.232156
0.236483
0.244115
0.267936
0.251127
0.212849
0.236542
0.233153
0.256753
0.24672
0.198757
0.234825
0.237815
0.237495
0.240108
0.22751
0.229631
0.231468
0.236849
0.236882
0.237595
0.260229
0.250485
0.248798
0.221204
0.228885
0.238716
0.235883
0.227429
0.233656
0.239888
0.255892
0.243863
0.242753
0.232061
0.22438
0.226055
0.230259
0.184857
0.190586
0.193023
0.192144
0.192477
0.194677
0.192704
0.190627
0.19123
0.190066
0.191672
0.191998
0.193894
0.194719
0.195225
0.195822
0.196627
0.196377
0.196343
0.195217
0.195522
0.195962
0.19508
0.22844
0.24824
0.248766
0.243033
0.242119
0.238914
0.232831
0.234039
0.237986
0.234229
0.271305
0.26298
0.253582
0.249085
0.224405
0.207369
0.226355
0.236897
0.242923
0.217027
0.221129
0.226161
0.236425
0.224468
0.245009
0.240718
0.243437
0.220442
0.235627
0.251119
0.227973
0.233163
0.230373
0.211073
0.223499
0.227246
0.232704
0.229994
0.240454
0.228653
0.226708
0.240384
0.238029
0.236435
0.232537
0.23105
0.231424
0.212652
0.215005
0.221963
0.212021
0.221248
0.23123
0.229055
0.221706
0.24155
0.242603
0.232332
0.228056
0.223103
0.223353
0.205482
0.255456
0.252713
0.249052
0.242238
0.236598
0.235864
0.258238
0.263031
0.235134
0.242265
0.214068
0.220239
0.220484
0.21814
0.257106
0.238425
0.230326
0.229419
0.235922
0.2328
0.230074
0.236394
0.227088
0.218155
0.222944
0.231877
0.210688
0.240217
0.253984
0.262498
0.25084
0.239167
0.228861
0.231532
0.227787
0.234945
0.2312
0.236515
0.226156
0.235078
0.247676
0.243621
0.242313
0.239053
0.230941
0.218898
0.228844
0.235194
0.22329
0.232215
0.233037
0.289034
0.25558
0.251029
0.254573
0.215484
0.240783
0.237599
0.221231
0.230379
0.221025
0.233565
0.215408
0.246206
0.241005
0.224974
0.225288
0.242237
0.239721
0.258761
0.238933
0.243019
0.214024
0.220681
0.204819
0.267817
0.243679
0.236467
0.231628
0.235951
0.234337
0.225802
0.232025
0.229183
0.217743
0.223955
0.222145
0.226213
0.211489
0.212246
0.237428
0.233628
0.2162
0.220059
0.222659
0.215329
0.214777
0.22206
0.229367
0.239965
0.242407
0.232359
0.238326
0.237976
0.240882
0.245081
0.24884
0.240203
0.262715
0.253903
0.230698
0.237606
0.232297
0.239146
0.25132
0.252425
0.237292
0.238781
0.240764
0.242412
0.242782
0.250094
0.2404
0.239723
0.238902
0.242424
0.243352
0.221257
0.223151
0.231243
0.228365
0.224582
0.230315
0.230697
0.232909
0.230012
0.258702
0.245574
0.230231
0.262907
0.25819
0.217114
0.22578
0.232105
0.233289
0.230612
0.210858
0.226884
0.231813
0.249867
0.237967
0.225407
0.224651
0.228454
0.229136
0.231612
0.223193
0.228143
0.227336
0.229674
0.228578
0.239167
0.223193
0.232596
0.232311
0.227804
0.245476
0.195643
0.225344
0.236678
0.21615
0.217182
0.217943
0.221784
0.221889
0.24183
0.238411
0.223117
0.226427
0.241656
0.227195
0.247511
0.245005
0.236897
0.232649
0.236699
0.259022
0.221041
0.226532
0.24334
0.246742
0.224097
0.224005
0.223675
0.226523
0.239754
0.243651
0.234399
0.23379
0.237067
0.219328
0.248327
0.243022
0.242846
0.231407
0.230832
0.184963
0.228623
0.236416
0.2172
0.257107
0.223616
0.207633
0.227051
0.232632
0.249387
0.245142
0.239978
0.209452
0.242402
0.233537
0.23476
0.239301
0.236631
0.21771
0.219457
0.219315
0.222039
0.211587
0.229552
0.224724
0.225184
0.247759
0.239001
0.23756
0.221248
0.22614
0.223924
0.224381
0.229476
0.229039
0.229219
0.231997
0.247256
0.245542
0.233274
0.235168
0.22923
0.228222
0.240104
0.230925
0.227692
0.236187
0.237088
0.237317
0.233193
0.241005
0.226068
0.22267
0.223874
0.227894
0.228293
0.256473
0.208532
0.23877
0.237083
0.225531
0.245301
0.250002
0.248408
0.255963
0.239493
0.233744
0.23829
0.240682
0.248269
0.244825
0.226161
0.231369
0.240059
0.236241
0.236236
0.260592
0.245267
0.23916
0.206801
0.232985
0.234555
0.23507
0.228393
0.228417
0.220277
0.228024
0.223697
0.212044
0.239975
0.242905
0.249117
0.232922
0.240461
0.237653
0.287535
0.250007
0.240287
0.2411
0.234806
0.230037
0.23038
0.221248
0.22124
0.249082
0.24737
0.235737
0.262048
0.257851
0.260634
0.246587
0.236548
0.210234
0.229776
0.236573
0.242038
0.24632
0.242822
0.223994
0.237111
0.243041
0.221098
0.222754
0.22923
0.226558
0.237218
0.240737
0.234648
0.246309
0.246793
0.25039
0.247002
0.228467
0.238664
0.229652
0.213699
0.22302
0.232223
0.24087
0.238219
0.223311
0.23944
0.245332
0.234586
0.236304
0.239005
0.23969
0.22734
0.240355
0.239385
0.23077
0.2299
0.223551
0.234007
0.233906
0.224592
0.244895
0.228802
0.233659
0.229329
0.243566
0.241237
0.249852
0.237118
0.239643
0.233169
0.239448
0.22864
0.231808
0.233119
0.225738
0.228623
0.232905
0.22814
0.239017
0.23387
0.234727
0.240708
0.244102
0.250333
0.231407
0.237536
0.223538
0.261671
0.246788
0.221248
0.231583
0.23483
0.237369
0.230236
0.234668
0.230748
0.235878
0.22928
0.233278
0.239327
0.2386
0.236863
0.22936
0.240764
0.237625
0.233994
0.216806
0.252234
0.237681
0.236563
0.235313
0.234273
0.231436
0.226151
0.241562
0.242035
0.230808
0.229554
0.234536
0.23564
0.243295
0.247259
0.226629
0.229872
0.24135
0.250713
0.235427
0.23843
0.244753
0.23654
0.253456
0.25429
0.221248
0.230943
0.230533
0.238389
0.221223
0.231595
0.233967
0.231311
0.230569
0.232019
0.231159
0.233897
0.239785
0.245288
0.232205
0.228423
0.239034
0.239958
0.241271
0.246649
0.245063
0.23235
0.236449
0.234731
0.264213
0.239551
0.235175
0.237661
0.2333
0.230032
0.243616
0.233246
0.237576
0.234848
0.239521
0.218898
0.229432
0.230018
0.269159
0.254967
0.252231
0.25029
0.247718
0.241183
0.219401
0.220426
0.220156
0.220884
0.226161
0.231616
0.218898
0.22026
0.222363
0.264361
0.252415
0.246465
0.25138
0.222502
0.231567
0.229688
0.231404
0.223472
0.229042
0.240342
0.259191
0.250476
0.248191
0.236594
0.245475
0.237346
0.239772
0.241209
0.216539
0.224162
0.232156
0.232537
0.221204
0.230702
0.231242
0.231505
0.229377
0.245991
0.239869
0.2435
0.235064
0.230289
0.23105
0.275776
0.264919
0.24405
0.234216
0.235854
0.250999
0.238367
0.223425
0.222326
0.228623
0.241171
0.250028
0.240216
0.264591
0.246219
0.259931
0.236561
0.237003
