0.000121
0.000106
0.0001
0.000101
0.0001
0.000116
0.000101
0.000106
0.00011
0.000101
0.000148
0.000101
0.000102
0.0001
0.0001
0.0001
0.0001
0.0001
0.000101
0.0001
0.000101
0.000101
0.000105
0.000118
0.000101
0.000168
0.000108
0.000102
0.0001
0.000101
0.000101
0.0001
0.000101
0.000101
0.000101
0.000101
0.000101
0.000101
0.000111
0.000101
0.000101
0.000124
0.000105
0.000105
0.000123
0.000135
0.000124
0.000156
0.000136
0.000102
0.000133
0.000286
0.000107
0.000126
0.000112
0.000102
0.000102
0.000106
0.000109
0.000113
0.000104
0.000108
0.000125
0.000142
0.000135
0.000505
0.000308
0.000867
0.000216
0.000107
0.000195
0.000105
0.000104
0.0001
0.0001
0.0001
0.0001
0.000103
0.0001
0.0001
0.000102
0.0001
0.000105
0.000106
0.000123
0.000109
0.000109
0.000111
0.0001
0.000101
0.0001
0.000101
0.000212
0.000102
0.000292
0.000146
0.0001
0.000101
0.0001
0.0001
0.000103
0.000101
0.000102
0.000101
0.000107
0.000102
0.000121
0.000102
0.000102
0.000101
0.0001
0.000101
0.000101
0.000101
0.000101
0.000138
0.000276
0.000102
0.0001
0.0001
0.0001
0.0001
0.000108
0.000103
0.000105
0.000102
0.000102
0.000102
0.000103
0.000123
0.000102
0.000101
0.0001
0.0001
0.000101
0.000101
0.000105
0.000102
0.000104
0.000106
0.000107
0.000107
0.000102
0.00011
0.00012
0.000143
0.000112
0.000132
0.000114
0.000102
0.0001
0.000121
0.000114
0.0001
0.0001
0.0001
0.000124
0.000102
0.000112
0.000109
0.000101
0.000102
0.0001
0.0001
0.000102
0.00011
0.000101
0.0001
0.0001
0.000102
0.000122
0.000101
0.000102
0.0001
0.000102
0.000101
0.000101
0.000101
0.000101
0.000101
0.000103
0.000102
0.000102
0.000103
0.000103
0.000101
0.000102
0.000121
0.000105
0.000102
0.000111
0.000102
0.000106
0.000101
0.000101
0.000102
0.000106
0.000112
0.000104
0.000104
0.000102
0.000102
0.000102
0.000101
0.000102
0.000101
0.000102
0.000101
0.000104
0.0001
0.0001
0.000113
0.000106
0.000101
0.000101
0.000101
0.0001
0.000115
0.000101
0.000113
0.000132
0.000101
0.0001
0.0001
0.0001
0.0001
0.000104
0.0001
0.000102
0.000112
0.0001
0.000105
0.000101
0.00016
0.000111
0.00013
0.000102
0.000102
0.0001
0.000167
0.000104
0.00012
0.000108
0.000101
0.000146
0.000111
0.000109
0.000178
0.000109
0.000111
0.000105
0.000103
0.000151
0.000113
0.00016
0.000137
0.000126
0.000113
0.000103
0.000102
0.000223
0.000168
0.000208
0.000124
0.000105
0.000117
0.000117
0.000115
0.000198
0.000131
0.000113
0.000117
0.000146
0.000172
0.000207
0.000406
0.000143
0.000147
0.000142
0.000109
0.000249
0.000118
0.000106
0.000101
0.000371
0.000253
0.00012
0.000278
0.000219
0.000218
0.000311
0.000204
0.000157
0.000116
0.000119
0.000131
0.000227
0.000119
0.000423
0.000152
0.00016
0.000217
0.000121
0.000186
0.000127
0.000818
0.000104
0.000339
0.000327
0.00011
0.000264
0.000173
0.000133
0.000103
0.000111
0.000104
0.000105
0.000267
0.000124
0.000145
0.00022
0.000103
0.000111
0.000102
0.000102
0.000114
0.000105
0.000103
0.000129
0.000156
0.000121
0.000116
0.000118
0.000103
0.000105
0.000116
0.000105
0.000101
0.000102
0.00011
0.000106
0.000125
0.000107
0.000106
0.000105
0.000104
0.000126
0.000151
0.00011
0.000116
0.000189
0.00012
0.000184
0.000132
0.000214
0.000212
0.000136
0.000318
0.00018
0.000129
0.000138
0.00011
0.00017
0.000294
0.000114
0.000115
0.000113
0.000116
0.000249
0.000107
0.000121
0.000116
0.000123
0.000127
0.000155
0.000156
0.001779
0.000458
0.000287
0.000112
0.000113
0.000152
0.000184
0.000111
0.00011
0.000216
0.000112
0.000116
0.000131
0.00014
0.00015
0.000118
0.000125
0.000164
0.000165
0.000117
0.000112
0.000332
0.000124
0.000151
0.000112
0.000112
0.000151
0.00012
0.000138
0.000107
0.000126
0.000116
0.000106
0.000135
0.000129
0.000105
0.000113
0.000108
0.000112
0.000104
0.000109
0.000109
0.000102
0.00016
0.000104
0.000101
0.000101
0.000101
0.0001
0.000125
0.000113
0.000106
0.000118
0.000165
0.000123
0.000123
0.000193
0.000103
0.000102
0.000136
0.000122
0.000162
0.000133
0.000126
0.000102
0.000163
0.000118
0.000107
0.000256
0.000129
0.000109
0.000126
0.000105
0.000129
0.000103
0.000193
0.00012
0.000302
0.000124
0.000134
0.000133
0.000102
0.00012
0.000113
0.0001
0.000332
0.00107
0.000149
0.000192
0.000184
0.000104
0.000101
0.0001
0.0001
0.000115
0.000123
0.00033
0.000164
0.00013
0.00017
0.000175
0.00084
0.000105
0.000107
0.0001
0.000118
0.000104
0.0001
0.000103
0.000101
0.000112
0.000104
0.000103
0.000101
0.000104
0.000101
0.000101
0.0001
0.000102
0.000108
0.000124
0.000101
0.000101
0.0001
0.0001
0.000113
0.00011
0.000108
0.000134
0.000107
0.000103
0.000116
0.000135
0.000186
0.000326
0.000971
0.000665
0.000659
0.000117
0.000185
0.000117
0.000108
0.000102
0.006286
0.000372
0.001601
0.000183
0.000196
0.000444
0.000282
0.000254
0.000244
0.000545
0.000436
0.000894
0.002279
0.001115
0.011444
0.000723
0.010389
0.000155
0.000126
0.000106
0.0001
0.000128
0.000138
0.000105
0.000101
0.000104
0.000104
0.000103
0.000104
0.000103
0.000114
0.000101
0.0001
0.0001
0.000101
0.000116
0.000123
0.000107
0.000101
0.00011
0.000101
0.000101
0.0001
0.0001
0.000111
0.000102
0.000101
0.000119
0.000101
0.0001
0.000105
0.000101
0.0001
0.000147
0.000112
0.000103
0.000101
0.000109
0.000114
0.00011
0.000124
0.000108
0.000103
0.000161
0.000102
0.000105
0.000161
0.000102
0.0001
0.000101
0.000111
0.000109
0.000101
0.000103
0.000101
0.0001
0.0001
0.0001
0.000105
0.000101
0.0001
0.000117
0.000102
0.000116
0.00011
0.000122
0.000102
0.000105
0.000114
0.00011
0.000292
0.000102
0.000101
0.000102
0.0001
0.000323
0.000125
0.000101
0.0001
0.000105
0.000102
0.000104
0.000101
0.0001
0.000106
0.000104
0.000108
0.0001
0.0001
0.000109
0.00011
0.000101
0.000102
0.000102
0.0001
0.000113
0.000127
0.000113
0.000106
0.000108
0.000101
0.0001
0.000102
0.000101
0.0001
0.0001
0.000114
0.000101
0.000154
0.000101
0.000151
0.000101
0.000101
0.000104
0.000104
0.000102
0.000101
0.000104
0.000101
0.0001
0.0001
0.000101
0.000101
0.000101
0.0001
0.000102
0.000101
0.000101
0.000169
0.000105
0.000107
0.000102
0.0001
0.000103
0.000103
0.0001
0.000101
0.0001
0.000105
0.000103
0.0001
0.000108
0.000104
0.000103
0.000105
0.000103
0.000306
0.000109
0.000129
0.000105
0.00011
0.000112
0.000117
0.000106
0.000101
0.000106
0.000104
0.000102
0.000101
0.000108
0.000102
0.000103
0.000102
0.000101
0.000109
0.000105
0.000106
0.0001
0.000101
0.000109
0.000103
0.000102
0.000101
0.000114
0.000112
0.000102
0.000107
0.000185
0.000103
0.000172
0.000119
0.000102
0.000101
0.000108
0.000113
0.000102
0.000105
0.000101
0.000101
0.000105
0.000128
0.000106
0.000101
0.000111
0.000129
0.000158
0.000102
0.000103
0.0001
0.0001
0.000101
0.0001
0.000105
0.000104
0.000101
0.000109
0.000103
0.000127
0.000105
0.000101
0.000109
0.000121
0.000101
0.0001
0.000104
0.000102
0.0001
0.0001
0.000108
0.000102
0.00011
0.000216
0.000105
0.000101
0.0001
0.000101
0.000101
0.000103
0.0001
0.0001
0.0001
0.0001
0.0001
0.0001
0.0001
0.000102
0.0001
0.0001
0.0001
0.000102
0.000358
0.000152
0.00011
0.000104
0.000102
0.000105
0.000116
0.000105
0.000132
0.000103
0.00014
0.000107
0.000157
0.000138
0.000101
0.000102
0.000105
0.0001
0.000103
0.00011
0.000109
0.000102
0.000113
0.000102
0.000102
0.000102
0.000102
0.000132
0.000149
0.000102
0.000135
0.000129
0.000117
0.000173
0.000215
0.000115
0.000108
0.000104
0.000106
0.000116
0.000184
0.000107
0.000106
0.00012
0.000123
0.000104
0.000101
0.000271
0.000114
0.000106
0.000101
0.000158
0.000116
0.000107
0.0001
0.00016
0.000104
0.0001
0.000117
0.000103
0.000101
0.0001
0.000271
0.000118
0.000102
0.000103
0.000108
0.000112
0.000109
0.000107
0.000111
0.0001
0.0001
0.000202
0.0001
0.000114
0.00011
0.000104
0.000101
0.000101
0.0001
0.000102
0.000204
0.000116
0.000121
0.000114
0.000101
0.000103
0.000103
0.000101
0.0001
0.0001
0.0001
0.0001
0.0001
0.0001
0.0001
0.0001
0.0001
0.000104
0.000102
0.0001
0.000107
0.000103
0.000101
0.0001
0.000115
0.000106
0.0001
0.000103
0.000139
0.000101
0.000101
0.000105
0.000101
0.0001
0.0001
0.000102
0.000106
0.000102
0.0001
0.000101
0.0001
0.000101
0.000103
0.000117
0.000129
0.000106
0.000115
0.000102
0.000109
0.000101
0.0001
0.0001
0.0001
0.0001
0.0001
0.0001
0.000106
0.000102
0.0001
0.000106
0.000103
0.000101
0.000101
0.000108
0.000101
0.000133
0.000123
0.000112
0.000128
0.000143
0.000106
0.000111
0.000128
0.000129
0.000115
0.000134
0.000211
0.000221
0.000201
0.000144
0.000162
0.000329
0.00014
0.000137
0.00014
0.000258
0.000211
0.000111
0.000106
0.000113
0.000101
0.00014
0.000133
0.000121
0.000215
0.000104
0.000142
0.000109
0.000103
0.000103
0.000103
0.000102
0.0001
0.0001
0.000101
0.000108
0.0001
0.000106
0.000104
0.000103
0.000101
0.0001
0.0001
0.000106
0.000101
0.000102
0.000115
0.0001
0.000102
0.000103
0.0001
0.0001
0.000106
0.000147
0.000115
0.000114
0.000113
0.000134
0.000116
0.000114
0.000135
0.000125
0.000145
0.001172
0.000382
0.000844
0.000628
0.000426
0.000318
0.001911
0.004412
0.002283
0.021765
0.000114
0.000108
0.000117
0.000112
0.000105
0.000116
0.000132
0.000106
0.000126
0.00011
0.00011
0.000105
0.00011
0.000271
0.000101
0.000102
0.000104
0.000105
0.000125
0.000104
0.000109
0.023098
0.034427
0.000228
0.000172
0.000318
0.000203
0.000129
0.00012
0.000108
0.000101
0.000101
0.0001
0.000105
0.0001
0.000101
0.000142
0.000101
0.000119
0.0001
0.000103
0.000101
0.0001
0.000101
0.000128
0.000101
0.000103
0.000101
0.0001
0.000105
0.00012
0.000105
0.000102
0.000108
0.000102
0.0001
0.000102
0.000115
0.000112
0.000127
0.0001
0.000105
0.000102
0.000105
0.000102
0.000114
0.000105
0.000103
0.000101
0.0001
0.000137
0.0001
0.000158
0.000101
0.000105
0.000103
0.000103
0.000122
0.000102
0.0001
0.000102
0.000101
0.0001
0.0001
0.000109
0.000101
0.000102
0.00012
0.000107
0.000107
0.000103
0.000116
0.000101
0.0001
0.0001
0.0001
0.0001
0.0001
0.0001
0.0001
0.0001
0.0001
0.000103
0.000106
0.000105
0.000104
0.000103
0.000101
0.000103
0.000118
0.000103
0.000101
0.0001
0.0001
0.0001
0.0001
0.000102
0.000102
0.000113
0.000109
0.000108
0.000107
0.000103
0.000147
0.000121
0.000112
0.000101
0.0001
0.000118
0.000102
0.000102
0.000104
0.0001
0.0001
0.000103
0.000101
0.0001
0.000102
0.000109
0.000101
0.0001
0.000108
0.000102
0.000103
0.000119
0.000116
0.0001
0.000136
0.000107
0.0001
0.000104
0.000105
0.000105
0.000102
0.0001
0.0001
0.0001
0.0001
0.0001
0.000103
0.0001
0.000101
0.000101
0.000101
0.000107
0.000112
0.000105
0.000101
0.000101
0.0001
0.0001
0.000104
0.000101
0.0001
0.000105
0.000101
0.000101
0.000101
0.000114
0.000109
0.000101
0.000137
0.000101
0.000114
0.000105
0.000123
0.000104
0.000105
0.000103
0.000108
0.000102
0.000106
0.000101
0.000102
0.000107
0.000101
0.0001
0.000106
0.000101
0.000101
0.0001
0.000135
0.000158
0.0001
0.0001
0.000109
0.0001
0.000102
0.000104
0.000102
0.000106
0.000104
0.000101
0.0001
0.000105
0.0001
0.000101
0.000104
0.0001
0.0001
0.0001
0.000101
0.0001
0.000109
0.000105
0.000123
0.000107
0.000137
0.0001
0.0001
0.0001
0.000103
0.000101
0.000105
0.000101
0.000116
0.0001
0.0001
0.0001
0.000105
0.0001
0.000102
0.000109
0.000102
0.000104
0.000101
0.000105
0.000112
0.000132
0.000102
0.0001
0.000101
0.000101
0.000111
0.000104
0.000105
0.0001
0.000101
0.000101
0.000122
0.000102
0.0001
0.0001
0.0001
0.000122
0.000101
0.000101
0.000101
0.000102
0.0001
0.000106
0.000115
0.000101
0.000103
0.000124
0.000129
0.000104
0.000105
0.000205
0.000106
0.00011
0.000102
0.000101
0.000101
0.000101
0.0001
0.0001
0.000102
0.000104
0.000116
0.000119
0.000109
0.000102
0.000112
0.000115
0.000105
0.000125
0.00014
0.000103
0.000115
0.000126
0.000108
0.000103
0.000101
0.000101
0.000104
0.0001
0.000101
0.000102
0.000101
0.000119
0.000104
0.000104
0.000102
0.000104
0.000103
0.000101
0.0001
0.000109
0.000101
0.000104
0.000154
0.000104
0.000103
0.000101
0.0001
0.000104
0.000101
0.000101
0.000103
0.000101
0.000112
0.000111
0.000117
0.000105
0.000102
0.000121
0.000103
0.000103
0.000105
0.000101
0.000106
0.000114
0.000102
0.000101
0.000106
0.000109
0.0001
0.000101
0.0001
0.000102
0.0001
0.0001
0.000102
0.000101
0.000103
0.000138
0.000102
0.0001
0.000124
0.000111
0.000146
0.000138
0.000101
0.000108
0.00013
0.000101
0.0001
0.0001
0.0001
0.0001
0.0001
0.000104
0.000101
0.0001
0.0001
0.000101
0.0001
0.0001
0.000106
0.000102
0.000114
0.000102
0.0001
0.000278
0.000101
0.000108
0.000106
0.000105
0.000101
0.000105
0.0001
0.000102
0.000101
0.000102
0.000102
0.000101
0.000105
0.000101
0.000103
0.000117
0.000123
0.000106
0.000101
0.0001
0.0001
0.0001
0.000108
0.000103
0.000102
0.000101
0.000105
0.0001
0.000102
0.0001
0.000134
0.000101
0.000101
0.000101
0.0001
0.0001
0.000107
0.000143
0.000117
0.000105
0.000102
0.000142
0.0001
0.000103
0.000105
0.000104
0.000111
0.000101
0.000102
0.000105
0.000101
0.000102
0.00011
0.000105
0.000101
0.0001
0.000101
0.000101
0.000113
0.000103
0.000101
0.000101
0.0001
0.0001
0.000104
0.000113
0.000141
0.000145
0.000122
0.000113
0.0001
0.000122
0.000113
0.0001
0.0001
0.000103
0.000108
0.000103
0.000119
0.0001
0.000104
0.0001
0.00012
0.000101
0.0001
0.000113
0.00011
0.000106
0.00011
0.000107
0.000132
0.000102
0.000111
0.000101
0.0001
0.000101
0.000126
0.000104
0.0001
0.000101
0.0001
0.0001
0.000105
0.000101
0.0001
0.0001
0.0001
0.000106
0.000105
0.000104
0.000101
0.0001
0.000114
0.0001
0.000107
0.000101
0.000134
0.0001
0.000108
0.000101
0.000101
0.000198
0.000104
0.000103
0.000104
0.0001
0.00011
0.0001
0.000111
0.000102
0.0001
0.000151
0.000103
0.000102
0.000103
0.0001
0.000125
0.000103
0.000105
0.000106
0.0001
0.000107
0.000101
0.000115
0.000103
0.000103
0.000104
0.000101
0.0001
0.00011
0.000111
0.000171
0.000184
0.000133
0.00011
0.000117
0.000112
0.000107
0.000322
0.000106
0.000136
0.00014
0.000163
0.000111
0.000123
0.0001
0.000177
0.00012
0.000828
0.000151
0.000206
0.000144
0.000111
0.000179
0.000109
0.000117
0.00012
0.001183
0.000123
0.000104
0.000101
0.000107
0.00015
0.000152
0.000408
0.000149
0.000159
0.000165
0.000123
0.00027
0.000101
0.0001
0.000101
0.000101
0.000118
0.0001
0.0001
0.000101
0.000101
0.0001
0.000111
0.000108
0.000105
0.000101
0.0001
0.0001
0.0001
0.000101
0.000102
0.000103
0.000107
0.000102
0.000101
0.000103
0.0001
0.000114
0.000103
0.000101
0.000113
0.0001
0.0001
0.0001
0.0001
0.000101
0.0001
0.000102
0.000106
0.000102
0.000102
0.000113
0.000105
0.0001
0.0001
0.0001
0.000146
0.000206
0.000123
0.000123
0.000101
0.0001
0.000124
0.000129
0.000121
0.000172
0.00011
0.000101
0.000104
0.000158
0.0001
0.000101
0.000102
0.000107
0.000103
0.000104
0.0001
0.0001
0.000106
0.000101
0.000101
0.000107
0.000122
0.0001
0.0001
0.000106
0.000105
0.000132
0.000108
0.00019
0.000148
0.000105
0.000103
0.000102
0.0001
0.000141
0.0001
0.000102
0.0001
0.000101
0.000111
0.000101
0.0001
0.000108
0.000102
0.000108
0.000141
0.0001
0.000108
0.000102
0.0001
0.00012
0.000104
0.000104
0.000101
0.000104
0.000105
0.000118
0.000102
0.0001
0.0001
0.0001
0.0001
0.000102
0.0001
0.0001
0.000101
0.0001
0.0001
0.000103
0.000101
0.000103
0.000101
0.0001
0.000103
0.000103
0.000108
0.000102
0.000101
0.0001
0.0001
0.00011
0.000101
0.000103
0.000105
0.000137
0.000153
0.000101
0.0001
0.000106
0.000102
0.000109
0.000103
0.000106
0.00011
0.000101
0.000101
0.000102
0.000101
0.000111
0.000136
0.0001
0.000106
0.000103
0.000101
0.000101
0.000101
0.000101
0.000101
0.000101
0.000115
0.000132
0.000126
0.00011
0.000105
0.000105
0.0001
0.000105
0.000101
0.0001
0.0001
0.000111
0.000103
0.0001
0.0001
0.0001
0.0001
0.000106
0.000111
0.000117
0.000112
0.000108
0.000106
0.000102
0.000106
0.000107
0.000115
0.00011
0.000114
0.000113
0.000107
0.000103
0.000128
0.000122
0.000169
0.0002
0.000101
0.000146
0.000151
0.000108
0.000102
0.000153
0.000117
0.000203
0.000102
0.000162
0.0001
0.0001
0.0001
0.000102
0.000175
0.000101
0.000111
0.000103
0.000103
0.000101
0.000103
0.000113
0.000103
0.000101
0.000105
0.000103
0.000101
0.000101
0.000106
0.000102
0.000109
0.000101
0.000111
0.000105
0.000118
0.000101
0.000109
0.000101
0.000102
0.000101
0.000109
0.000101
0.000103
0.000102
0.0001
0.000108
0.000117
0.0001
0.000106
0.000103
0.000104
0.000106
0.000102
0.000102
0.000101
0.000105
0.000157
0.0001
0.000112
0.000102
0.0001
0.000113
0.000101
0.000101
0.000152
0.00011
0.000107
0.000101
0.000111
0.000106
0.000101
0.000101
0.000101
0.00016
0.000109
0.000101
0.0001
0.000102
0.0001
0.0001
0.000112
0.00011
0.000176
0.000105
0.000105
0.000104
0.000102
0.000101
0.000122
0.0001
0.0001
0.00012
0.000105
0.000101
0.000116
0.000105
0.000101
0.0001
0.000105
0.000103
0.000105
0.000105
0.000101
0.000103
0.000106
0.000104
0.000286
0.000103
0.0001
0.000101
0.0001
0.0001
0.000102
0.000101
0.000101
0.000101
0.000101
0.000106
0.0001
0.000131
0.000101
0.0001
0.000108
0.000102
0.000107
0.000104
0.000106
0.000102
0.0001
0.000128
0.000106
0.000106
0.000101
0.000125
0.000111
0.0001
0.000107
0.000101
0.000113
0.000105
0.0001
0.000101
0.000264
0.0001
0.0001
0.000101
0.0001
0.000117
0.000104
0.000113
0.000102
0.0001
0.0001
0.000418
0.000103
0.0001
0.000108
0.000105
0.000118
0.000104
0.000105
0.000104
0.0001
0.000105
0.000101
0.000101
0.0001
0.0001
0.000105
0.000101
0.000102
0.0001
0.000127
0.0001
0.0001
0.0001
0.000113
0.000105
0.000146
0.000101
0.000101
0.000101
0.0001
0.000103
0.000101
0.000102
0.000111
0.000105
0.000105
0.000239
0.000102
0.0001
0.000134
0.000193
0.000101
0.000109
0.000106
0.000102
0.0001
0.0001
0.0001
0.0001
0.0001
0.0001
0.000131
0.000117
0.000112
0.000118
0.000113
0.00011
0.000106
0.000114
0.000102
0.0001
0.000102
0.000104
0.000103
0.000106
0.000105
0.000119
0.000176
0.000368
0.000165
0.000373
0.003203
0.000875
0.00857
0.002569
0.006557
0.002238
0.016163
0.000102
0.000105
0.000131
0.000105
0.000108
0.000101
0.0001
0.0001
0.0001
0.0001
0.0001
0.000103
0.000102
0.000108
0.000104
0.000101
0.000213
0.000104
0.000101
0.000101
0.00011
0.000101
0.0001
0.000111
0.000107
0.000105
0.000116
0.000101
0.0001
0.000101
0.000122
0.000101
0.000118
0.0001
0.000102
0.000102
0.000102
0.0001
0.000101
0.0001
0.00012
0.0001
0.000103
0.000104
0.000101
0.000102
0.0001
0.0001
0.000106
0.000102
0.000128
0.000241
0.000101
0.0001
0.0001
0.000104
0.000101
0.000127
0.000111
0.000109
0.000105
0.000102
0.0001
0.0001
0.0001
0.000103
0.0001
0.0001
0.000107
0.000102
0.0001
0.00011
0.000105
0.000309
0.000101
0.000104
0.000134
0.000101
0.000126
0.000108
0.000107
0.000115
0.00011
0.0001
0.0001
0.000131
0.000102
0.000109
0.000102
0.000101
0.000106
0.000101
0.0001
0.000104
0.000102
0.000101
0.0001
0.000151
0.000111
0.000101
0.000103
0.000103
0.0001
0.000136
0.000101
0.000105
0.000105
0.000101
0.000108
0.000105
0.000102
0.000104
0.000102
0.000101
0.000101
0.0001
0.000163
0.000102
0.0001
0.000101
0.000103
0.000101
0.000103
0.000105
0.000127
0.000123
0.000144
0.00022
0.000102
0.000102
0.000106
0.000114
0.000102
0.000108
0.000104
0.000103
0.000105
0.000101
0.000101
0.0001
0.000143
0.000105
0.00011
0.000105
0.000117
0.000104
0.0001
0.000131
0.000102
0.0001
0.0001
0.0001
0.0001
0.0001
0.0001
0.0001
0.0001
0.000109
0.000101
0.000102
0.000101
0.000185
0.000107
0.000101
0.0001
0.000151
0.0001
0.00013
0.000101
0.000103
0.000101
0.000104
0.000227
0.000103
0.000123
0.0001
0.000463
0.000102
0.000101
0.000111
0.000105
0.000101
0.000105
0.000112
0.000103
0.000101
0.000103
0.000104
0.000103
0.000106
0.000101
0.000112
0.000134
0.000106
0.000112
0.0001
0.0001
0.0001
0.00011
0.000101
0.000101
0.0001
0.000103
0.0001
0.000117
0.0001
0.000101
0.0001
0.0001
0.000133
0.000102
0.000126
0.000118
0.000102
0.000101
0.0001
0.000103
0.000111
0.000111
0.000106
0.00011
0.000102
0.000114
0.000108
0.000106
0.000102
0.000106
0.000108
0.000113
0.000114
0.000105
0.000121
0.000101
0.00094
0.000102
0.000102
0.000106
0.000104
0.0001
0.000101
0.0001
0.0001
0.0001
0.000104
0.000105
0.0001
0.0001
0.000101
0.000101
0.000109
0.00011
0.000101
0.000101
0.000107
0.000101
0.000116
0.000101
0.000106
0.000144
0.00011
0.000103
0.0001
0.000111
0.000109
0.000101
0.000101
0.000107
0.000104
0.000427
0.000744
0.000109
0.000113
0.000105
0.000103
0.000101
0.000102
0.0001
0.000131
0.000102
0.000102
0.000139
0.000109
0.000103
0.000117
0.000113
0.000102
0.000103
0.000107
0.000117
0.000102
0.000112
0.000107
0.000104
0.000102
0.0001
0.000105
0.000103
0.000105
0.000102
0.000106
0.000146
0.0001
0.000103
0.000105
0.0001
0.000101
0.000105
0.000114
0.000105
0.000107
0.0001
0.000101
0.000112
0.000105
0.000183
0.000136
0.000102
0.0001
0.0001
0.0001
0.0001
0.000118
0.000101
0.0001
0.000114
0.000114
0.000103
0.000131
0.000102
0.000102
0.000102
0.000156
0.000101
0.000126
0.000101
0.000101
0.0001
0.000101
0.000107
0.000111
0.000103
0.00011
0.000128
0.000102
0.000101
0.000105
0.000107
0.0001
0.0001
0.000103
0.000111
0.000108
0.000101
0.000103
0.000123
0.000103
0.000101
0.000102
0.000107
0.000105
0.000106
0.000103
0.000109
0.00011
0.000103
0.000103
0.000103
0.0001
0.000101
0.0001
0.000112
0.000103
0.000102
0.000108
0.000107
0.0001
0.000106
0.000104
0.000123
0.0001
0.000123
0.0001
0.000129
0.000105
0.000102
0.000101
0.000101
0.0001
0.00011
0.000101
0.000103
0.000109
0.000104
0.0001
0.000109
0.000102
0.000215
0.000102
0.000104
0.000101
0.000104
0.000101
0.000282
0.0001
0.000104
0.0001
0.000101
0.000102
0.0001
0.0001
0.000171
0.0001
0.000101
0.000101
0.000111
0.000106
0.000103
0.0001
0.000106
0.000101
0.0001
0.0001
0.000101
0.0001
0.0001
0.0001
0.000102
0.0001
0.0001
0.000101
0.000104
0.00011
0.000103
0.000101
0.0001
0.0001
0.000101
0.000115
0.000104
0.000101
0.0001
0.0001
0.000285
0.0001
0.000115
0.000101
0.0001
0.000103
0.0001
0.0001
0.000102
0.0001
0.000105
0.000102
0.000103
0.000115
0.000106
0.000226
0.000102
0.000111
0.00011
0.000101
0.0001
0.0001
0.0001
0.000101
0.000183
0.000101
0.000102
0.000102
0.000241
0.000115
0.000101
0.000102
0.0001
0.0001
0.0001
0.0001
0.0001
0.0001
0.0001
0.0001
0.0001
0.0001
0.000103
0.000109
0.000101
0.000109
0.000101
0.000101
0.0001
0.000104
0.000104
0.0001
0.000144
0.00014
0.00011
0.000107
0.00011
0.000125
0.000114
0.000205
0.000106
0.000101
0.0001
0.0001
0.0001
0.0001
0.000106
0.000101
0.0001
0.0001
0.0001
0.000104
0.000102
0.000101
0.000101
0.0001
0.000199
0.000103
0.000102
0.000104
0.000102
0.0001
0.000101
0.0001
0.0001
0.000123
0.000105
0.000103
0.000117
0.0001
0.00011
0.000108
0.000102
0.000102
0.0001
0.0001
0.000102
0.000107
0.000102
0.000104
0.000102
0.000157
0.000104
0.000107
0.000102
0.000101
0.0001
0.0001
0.000101
0.000123
0.000131
0.000102
0.000127
0.000116
0.000101
0.000109
0.000105
0.000102
0.0001
0.0001
0.0001
0.0001
0.0001
0.0001
0.000105
0.000101
0.000126
0.000105
0.000387
0.000103
0.000103
0.0001
0.000114
0.000115
0.000117
0.000111
0.000102
0.000111
0.000101
0.000168
0.000105
0.000102
0.000112
0.000109
0.000113
0.000104
0.000112
0.000112
0.000118
0.000127
0.000111
0.000103
0.000101
0.000107
0.000101
0.000109
0.000103
0.000109
0.000101
0.000114
0.000111
0.000111
0.000117
0.000105
0.000386
0.000105
0.000102
0.000107
0.000128
0.000106
0.000104
0.0001
0.0001
0.000101
0.000103
0.000111
0.000103
0.000108
0.000103
0.0001
0.000207
0.000137
0.000101
0.0001
0.000123
0.000117
0.000117
0.00011
0.0001
0.0001
0.0001
0.0001
0.000106
0.0001
0.0001
0.000102
0.000109
0.000101
0.000101
0.0001
0.000136
0.000102
0.000122
0.000164
0.000101
0.0001
0.0001
0.000105
0.000121
0.000153
0.000103
0.000101
0.000144
0.0001
0.0001
0.0001
0.000112
0.000101
0.0001
0.0001
0.000121
0.000104
0.0001
0.000111
0.000106
0.0001
0.000101
0.0001
0.000101
0.0001
0.000102
0.000104
0.000104
0.0001
0.000109
0.0001
0.0001
0.000101
0.000232
0.000102
0.0001
0.000108
0.000101
0.000101
0.000101
0.0001
0.000102
0.0001
0.0001
0.000101
0.0001
0.0001
0.000101
0.000105
0.000101
0.0001
0.0001
0.0001
0.0001
0.0001
0.000108
0.0001
0.000101
0.0001
0.0001
0.0001
0.000118
0.000104
0.000142
0.000101
0.0001
0.0001
0.000128
0.0001
0.0001
0.000101
0.0001
0.000101
0.000102
0.000101
0.000101
0.0001
0.000122
0.000102
0.0001
0.0001
0.000106
0.000102
0.00011
0.000239
0.000107
0.000105
0.000114
0.000101
0.000107
0.000101
0.000105
0.000104
0.000106
0.000105
0.000256
0.000103
0.000124
0.000105
0.0001
0.000115
0.000101
0.000118
0.000104
0.0001
0.000113
0.000116
0.0001
0.0001
0.000119
0.000101
0.000112
0.000103
0.00012
0.0001
0.000107
0.000112
0.000101
0.0001
0.000102
0.000113
0.000103
0.000105
0.0001
0.000101
0.000118
0.000106
0.000115
0.000104
0.000108
0.000103
0.000101
0.000114
0.000102
0.000102
0.000102
0.00011
0.000102
0.000103
0.000105
0.000105
0.000102
0.000111
0.000113
0.000108
0.000102
0.000103
0.000104
0.0001
0.0001
0.000102
0.000103
0.0001
0.000102
0.000118
0.000107
0.000101
0.0001
0.000105
0.000101
0.000102
0.0001
0.0001
0.000102
0.00011
0.000105
0.000116
0.000106
0.000148
0.000102
0.0001
0.000104
0.000104
0.0001
0.0001
0.000103
0.000103
0.000105
0.000125
0.000105
0.000101
0.000107
0.000101
0.000103
0.000101
0.000101
0.000112
0.000103
0.000102
0.000122
0.000109
0.000106
0.000104
0.000107
0.000106
0.000114
0.000104
0.000104
0.00015
0.000112
0.000101
0.000105
0.00011
0.000102
0.000101
0.0001
0.000128
0.000101
0.000106
0.000101
0.000108
0.00012
0.000101
0.000104
0.00011
0.000105
0.000122
0.000104
0.000102
0.000101
0.000101
0.000108
0.000101
0.000101
0.000105
0.000102
0.000125
0.00018
0.000101
0.000131
0.000103
0.000195
0.000101
0.000101
0.000102
0.000115
0.000101
0.000101
0.000101
0.000108
0.000104
0.000101
0.000101
0.000103
0.0001
0.0001
0.0001
0.000102
0.000101
0.000103
0.000117
0.000102
0.000101
0.0001
0.000107
0.0001
0.000116
0.000104
0.000141
0.000105
0.000114
0.000102
0.000101
0.000109
0.000102
0.000103
0.000104
0.000113
0.000102
0.00053
0.000101
0.000115
0.000194
0.000104
0.000126
0.000132
0.000208
0.000101
0.000135
0.000106
0.000115
0.000122
0.000106
0.000103
0.000101
0.0001
0.0001
0.0001
0.0001
0.0001
0.000114
0.000105
0.0001
0.000115
0.000102
0.0001
0.000101
0.0001
0.0001
0.0001
0.0001
0.000101
0.000106
0.000125
0.000101
0.000109
0.000102
0.000107
0.000102
0.0001
0.000131
0.00011
0.000102
0.000109
0.000104
0.000101
0.0001
0.0001
0.000139
0.000101
0.000101
0.000105
0.000119
0.000101
0.000172
0.000101
0.000104
0.000102
0.0001
0.000107
0.000112
0.000106
0.000134
0.000104
0.000102
0.000122
0.000102
0.000101
0.0001
0.000101
0.000106
0.0001
0.000101
0.000102
0.000104
0.000105
0.000107
0.0001
0.0001
0.0001
0.0001
0.000112
0.000131
0.000144
0.000118
0.000125
0.000115
0.000177
0.000104
0.000106
0.000107
0.000111
0.000104
0.000108
0.000102
0.000121
0.000107
0.000109
0.0001
0.0001
0.000118
0.000116
0.0001
0.000101
0.000103
0.000102
0.000116
0.000104
0.000123
0.000111
0.000102
0.000104
0.000104
0.0001
0.0001
0.0001
0.0001
0.000104
0.0001
0.0001
0.00011
0.0001
0.0001
0.000108
0.0001
0.000132
0.000119
0.00011
0.000151
0.000101
0.000112
0.000102
0.0001
0.000101
0.0001
0.000108
0.000103
0.000101
0.0001
0.0001
0.000103
0.0001
0.0001
0.0001
0.0001
0.0001
0.000101
0.000105
0.000103
0.0001
0.000101
0.0001
0.0001
0.000227
0.000101
0.000105
0.000106
0.000111
0.000109
0.000101
0.0001
0.0001
0.000101
0.000105
0.0001
0.000106
0.000107
0.000102
0.0001
0.0001
0.00013
0.000106
0.00022
0.000105
0.00011
0.000106
0.000119
0.000113
0.000109
0.000106
0.000122
0.000134
0.000102
0.000101
0.0001
0.0001
0.00012
0.000109
0.000107
0.000121
0.0001
0.000167
0.000124
0.000114
0.000102
0.0001
0.0001
0.000133
0.000106
0.0001
0.00011
0.000123
0.000103
0.0001
0.0001
0.000105
0.000102
0.0001
0.000143
0.000105
0.0001
0.000102
0.0001
0.00011
0.00011
0.000184
0.0001
0.000104
0.000101
0.000101
0.000104
0.000101
0.000105
0.000101
0.000107
0.000102
0.000123
0.000101
0.000151
0.000124
0.000102
0.0001
0.0001
0.000105
0.0001
0.0001
0.000103
0.000102
0.0001
0.000102
0.0001
0.000101
0.000105
0.000107
0.000102
0.000101
0.000102
0.0001
0.0001
0.0001
0.0001
0.000107
0.000104
0.000105
0.000101
0.000105
0.000113
0.000101
0.0001
0.0001
0.000139
0.000102
0.000157
0.000123
0.000106
0.000121
0.00013
0.000116
0.000163
0.000123
0.000121
0.000104
0.000115
0.000101
0.000104
0.000229
0.000109
0.000122
0.000129
0.000133
0.000104
0.000101
0.000107
0.0001
0.000101
0.0001
0.0001
0.0001
0.0001
0.000101
0.000102
0.0001
0.0001
0.000102
0.000105
0.000103
0.000101
0.000104
0.000104
0.000103
0.000115
0.0001
0.0001
0.0001
0.000109
0.000111
0.000102
0.0001
0.0001
0.000111
0.000104
0.000105
0.000106
0.000137
0.000103
0.0001
0.000105
0.000101
0.0001
0.000101
0.000103
0.000107
0.000128
0.000101
0.0001
0.000105
0.000102
0.000102
0.0001
0.000105
0.00011
0.000101
0.000108
0.000101
0.0001
0.000103
0.000104
0.000198
0.000104
0.000103
0.000144
0.000102
0.000109
0.000102
0.000102
0.0001
0.000102
0.000105
0.0001
0.000102
0.000104
0.000101
0.0001
0.0001
0.000107
0.000106
0.0001
0.000103
0.000104
0.000113
0.000101
0.000103
0.000114
0.000105
0.000102
0.000102
0.000104
0.000127
0.000104
0.000101
0.000103
0.000113
0.00015
0.000104
0.000101
0.000101
0.000101
0.000144
0.000133
0.000108
0.000103
0.000127
0.000146
0.000109
0.00012
0.000108
0.00011
0.000107
0.00011
0.000122
0.000103
0.000106
0.000128
0.000115
0.000117
0.000109
0.000119
0.000106
0.000101
0.00011
0.000103
0.00012
0.000108
0.000119
0.000108
0.00017
0.000104
0.000101
0.0001
0.0001
0.0001
0.0001
0.0001
0.0001
0.0001
0.000102
0.0001
0.000102
0.00011
0.000128
0.000101
0.0001
0.0001
0.0001
0.000119
0.0001
0.000117
0.0001
0.0001
0.000102
0.0001
0.000107
0.000103
0.000123
0.000133
0.00014
0.000101
0.000104
0.000103
0.000104
0.0001
0.000136
0.000101
0.000101
0.000101
0.0001
0.0001
0.0001
0.0001
0.000115
0.0001
0.000104
0.000129
0.0001
0.000119
0.000105
0.0001
0.000101
0.0001
0.000103
0.0001
0.0001
0.000107
0.00012
0.000104
0.000111
0.0001
0.0001
0.000101
0.000104
0.00023
0.000106
0.000107
0.0001
0.000105
0.0001
0.0001
0.000102
0.000101
0.000105
0.000102
0.0001
0.0001
0.0001
0.0001
0.0001
0.0001
0.000115
0.000103
0.000102
0.00021
0.000108
0.000107
0.000102
0.000101
0.000215
0.000103
0.000106
0.000101
0.000106
0.000101
0.00011
0.000122
0.0001
0.000105
0.000102
0.000107
0.000101
0.000109
0.000104
0.000134
0.000108
0.000102
0.0001
0.000104
0.0001
0.000114
0.000103
0.000108
0.000103
0.000101
0.000111
0.000106
0.000102
0.000104
0.000108
0.0001
0.000102
0.0001
0.000107
0.000103
0.000103
0.0001
0.000101
0.0001
0.000109
0.000101
0.000104
0.000102
0.000101
0.000104
0.000101
0.000101
0.00021
0.000111
0.000104
0.000139
0.000103
0.000109
0.000101
0.0001
0.000211
0.000109
0.000102
0.000123
0.000126
0.000103
0.000106
0.000125
0.000106
0.000122
0.000101
0.000128
0.000101
0.000113
0.000101
0.000101
0.0001
0.000104
0.000126
0.0001
0.000119
0.000135
0.000112
0.000101
0.000101
0.0001
0.000114
0.000106
0.000105
0.000101
0.0001
0.000101
0.0001
0.000101
0.000199
0.0001
0.000113
0.00011
0.000101
0.000101
0.000101
0.0001
0.0001
0.0001
0.0001
0.0001
0.0001
0.0001
0.0001
0.0001
0.0001
0.000129
0.000118
0.000102
0.000103
0.0001
0.0001
0.000103
0.000101
0.0001
0.000106
0.000104
0.0001
0.000111
0.000106
0.000104
0.000101
0.0001
0.0001
0.000106
0.000101
0.000106
0.000101
0.000116
0.000102
0.000105
0.000106
0.000104
0.000116
0.000111
0.000115
0.000105
0.000102
0.0001
0.000101
0.0001
0.000108
0.000104
0.000109
0.000112
0.000105
0.000107
0.000111
0.000108
0.000101
0.0001
0.000101
0.0001
0.000101
0.000101
0.000131
0.000101
0.000115
0.000112
0.000102
0.0001
0.000102
0.000177
0.000184
0.000102
0.000103
0.000101
0.000101
0.000101
0.0001
0.000106
0.000101
0.000111
0.000381
0.000101
0.000115
0.000106
0.000101
0.000105
0.00011
0.000106
0.000126
0.000101
0.000122
0.000114
0.000106
0.000101
0.000106
0.000101
0.000102
0.000101
0.000111
0.00011
0.000101
0.000103
0.000117
0.000109
0.000108
0.000103
0.00011
0.000107
0.000101
0.0001
0.000101
0.000106
0.000101
0.000131
0.0001
0.000107
0.000101
0.000102
0.000101
0.000102
0.000101
0.0001
0.000181
0.00011
0.000107
0.000102
0.0001
0.000101
0.000107
0.000103
0.000102
0.000103
0.000105
0.000104
0.000104
0.000111
0.000112
0.0001
0.00018
0.000102
0.000102
0.000106
0.0001
0.0001
0.000165
0.000113
0.000102
0.0001
0.000188
0.000116
0.00012
0.000121
0.000103
0.000105
0.000102
0.000112
0.000101
0.000103
0.00016
0.000132
0.000109
0.000103
0.000115
0.000103
0.000107
0.000101
0.0001
0.000105
0.000102
0.000101
0.0001
0.0001
0.0001
0.000121
0.000111
0.0001
0.0001
0.0001
0.0001
0.0001
0.000107
0.0001
0.0001
0.000108
0.000101
0.000112
0.000102
0.000107
0.000104
0.000101
0.000174
0.000106
0.000101
0.0001
0.000105
0.000121
0.00011
0.0001
0.000103
0.000104
0.000101
0.0001
0.000101
0.000484
0.000103
0.000102
0.000103
0.000102
0.000101
0.000101
0.000103
0.000106
0.000104
0.000101
0.000103
0.000107
0.000104
0.000102
0.000106
0.000109
0.000101
0.000124
0.000103
0.000105
0.00012
0.000101
0.000102
0.000101
0.0001
0.000103
0.000102
0.000101
0.000102
0.000327
0.000103
0.000103
0.000122
0.000105
0.000109
0.000101
0.0001
0.000123
0.000102
0.000109
0.000121
0.0001
0.000101
0.000122
0.000118
0.00013
0.000121
0.000107
0.000112
0.000133
0.000128
0.000182
0.000165
0.000127
0.000109
0.000215
0.000115
0.000113
0.000122
0.000125
0.000143
0.000115
0.000106
0.000107
0.000103
0.000108
0.000112
0.000107
0.000119
0.000108
0.000104
0.00011
0.000121
0.000154
0.000105
0.000102
0.000104
0.000114
0.000123
0.00011
0.000106
0.000124
0.000111
0.000103
0.00011
0.000126
0.000163
0.000105
0.000106
0.000111
0.0001
0.000101
0.0001
0.000109
0.000116
0.000104
0.000101
0.0001
0.0001
0.0001
0.0001
0.000108
0.000101
0.0001
0.000117
0.000103
0.0001
0.000114
0.000106
0.0001
0.000114
0.000128
0.000121
0.000104
0.0001
0.000104
0.000104
0.0001
0.000101
0.000104
0.000106
0.000103
0.000101
0.000101
0.000105
0.000106
0.000113
0.000103
0.000105
0.000101
0.000104
0.0001
0.000105
0.000104
0.0001
0.000124
0.000118
0.000103
0.00011
0.0001
0.000171
0.000103
0.0001
0.000101
0.000106
0.000102
0.00011
0.000101
0.000116
0.000104
0.000101
0.000111
0.000105
0.000105
0.000118
0.000104
0.000129
0.000108
0.000101
0.000101
0.000103
0.000101
0.0001
0.000106
0.000112
0.000102
0.0001
0.000165
0.000145
0.000146
0.000111
0.000108
0.000101
0.000128
0.000101
0.000107
0.000103
0.00011
0.000197
0.000105
0.000101
0.000128
0.0001
0.000109
0.000101
0.000101
0.000124
0.000105
0.000101
0.0001
0.000105
0.000103
0.000118
0.000101
0.000101
0.000111
0.000101
0.0001
0.000105
0.000103
0.000108
0.000105
0.000102
0.000101
0.000131
0.000101
0.000108
0.000101
0.000104
0.000107
0.000106
0.000258
0.000162
0.000102
0.0001
0.0001
0.0001
0.000101
0.0001
0.000104
0.000103
0.000101
0.00013
0.000119
0.000113
0.000132
0.000101
0.000102
0.000102
0.0001
0.000106
0.000113
0.000101
0.0001
0.0001
0.0001
0.0001
0.0001
0.0001
0.0001
0.0001
0.000105
0.00012
0.000106
0.000114
0.000104
0.000101
0.000151
0.00015
0.000102
0.000112
0.000129
0.000102
0.000101
0.000101
0.000146
0.000116
0.0001
0.000105
0.000101
0.000398
0.00011
0.000156
0.0001
0.0001
0.0001
0.000119
0.000105
0.000108
0.000106
0.000113
0.000102
0.000147
0.000128
0.000111
0.000209
0.000107
0.000102
0.000202
0.000138
0.000102
0.000119
0.000151
0.000107
0.000101
0.0001
0.000108
0.0001
0.0001
0.0001
0.000151
0.000103
0.0001
0.000102
0.000103
0.000118
0.000105
0.000104
0.000105
0.000103
0.000101
0.000101
0.000101
0.0001
0.0001
0.000101
0.000104
0.000105
0.000101
0.000101
0.000102
0.000108
0.000101
0.0001
0.0001
0.0001
0.00012
0.000102
0.000111
0.000105
0.000101
0.000101
0.000128
0.000127
0.000102
0.0001
0.000102
0.00011
0.000102
0.000101
0.0001
0.0001
0.000116
0.00011
0.000101
0.000106
0.000102
0.000101
0.0001
0.000107
0.000104
0.000106
0.000103
0.000106
0.000101
0.000107
0.000104
0.00011
0.000103
0.000101
0.000103
0.000102
0.000101
0.000104
0.000101
0.000103
0.000103
0.000101
0.000103
0.000114
0.00013
0.000119
0.000106
0.000114
0.000105
0.000104
0.000104
0.0001
0.000102
0.000114
0.000102
0.00012
0.000104
0.0001
0.0001
0.000111
0.000102
0.000112
0.000102
0.000132
0.000102
0.0001
0.000122
0.000105
0.00023
0.000108
0.000101
0.0001
0.000108
0.000105
0.000131
0.000105
0.000102
0.000102
0.000101
0.000102
0.0001
0.000102
0.000108
0.000102
0.000102
0.0001
0.000112
0.000101
0.000105
0.000136
0.000105
0.000113
0.000108
0.000103
0.0001
0.0001
0.000166
0.000101
0.000106
0.000111
0.000105
0.000102
0.000108
0.000101
0.000103
0.000118
0.000103
0.000106
0.000101
0.000103
0.0001
0.000108
0.000101
0.0001
0.000117
0.0001
0.0001
0.0001
0.000106
0.000196
0.000118
0.000189
0.000231
0.000105
0.000138
0.000146
0.000135
0.000109
0.00014
0.000118
0.00069
0.000131
0.000222
0.000603
0.000132
0.000271
0.001304
0.000107
0.000198
0.000113
0.000234
0.000103
0.00011
0.000131
0.000112
0.000101
0.0001
0.0001
0.0001
0.000105
0.0001
0.000112
0.0001
0.000101
0.000102
0.0001
0.0001
0.000107
0.000104
0.000104
0.000105
0.000101
0.000105
0.000108
0.000103
0.000102
0.000101
0.000105
0.000103
0.0001
0.0001
0.000101
0.0001
0.000103
0.000107
0.000111
0.000107
0.000104
0.000117
0.000104
0.000101
0.0001
0.000108
0.000105
0.0001
0.000104
0.000102
0.000144
0.000106
0.000101
0.0001
0.000102
0.000104
0.000114
0.000106
0.000107
0.000103
0.000105
0.000104
0.000101
0.0001
0.000101
0.0001
0.000101
0.0001
0.000101
0.000111
0.000103
0.0001
0.000101
0.000127
0.000109
0.0001
0.000102
0.000116
0.000116
0.000111
0.00011
0.000104
0.000115
0.000107
0.000192
0.000102
0.0001
0.000108
0.000113
0.000106
0.000117
0.000105
0.0001
0.000117
0.000101
0.000144
0.000103
0.0001
0.000111
0.000104
0.000109
0.000105
0.000101
0.000103
0.0001
0.000115
0.000107
0.000128
0.000108
0.000103
0.000105
0.00011
0.0001
0.000106
0.000101
0.0001
0.000102
0.0001
0.0001
0.0001
0.0001
0.000101
0.0001
0.0001
0.0001
0.000129
0.000141
0.000132
0.000132
0.000101
0.000106
0.0001
0.000101
0.000101
0.0001
0.000101
0.000629
0.000101
0.0001
0.000106
0.000106
0.000101
0.000105
0.0001
0.0001
0.000104
0.000104
0.00011
0.000205
0.000106
0.000103
0.000252
0.000115
0.000378
0.000211
0.000145
0.000147
0.000142
0.000113
0.000137
0.000113
0.000123
0.000195
0.000105
0.000121
0.000109
0.000115
0.000116
0.000124
0.000115
0.00011
0.00011
0.000104
0.000104
0.00017
0.000137
0.000145
0.000152
0.000194
0.000108
0.000186
0.000111
0.000111
0.000139
0.000129
0.000301
0.000171
0.000142
0.000108
0.000102
0.00012
0.000106
0.000138
0.000138
0.000107
0.000107
0.000103
0.000121
0.000107
0.000101
0.000105
0.000123
0.000101
0.000102
0.000102
0.000139
0.000113
0.000101
0.000112
0.000102
0.000102
0.000113
0.000122
0.000106
0.000104
0.00013
0.0001
0.000116
0.000102
0.000125
0.000106
0.000115
0.000105
0.00018
0.000104
0.000104
0.000104
0.000101
0.000101
0.000104
0.000111
0.000102
0.000101
0.000108
0.000104
0.000208
0.000116
0.000107
0.000102
0.00013
0.000101
0.0001
0.000107
0.000105
0.0001
0.0001
0.0001
0.0001
0.000103
0.00011
0.000179
0.0001
0.000103
0.000101
0.000101
0.000157
0.000101
0.000115
0.000105
0.0001
0.000104
0.0001
0.000106
0.000109
0.000104
0.000109
0.000102
0.000103
0.000101
0.000105
0.000108
0.000108
0.000104
0.000127
0.000101
0.000119
0.000192
0.000277
0.000324
0.000852
0.000173
0.000533
0.000154
0.000282
0.000112
0.000111
0.000154
0.000127
0.00024
0.000102
0.000104
0.000101
0.0001
0.0001
0.000102
0.000159
0.000101
0.00011
0.000106
0.000141
0.000103
0.00012
0.000103
0.000104
0.000106
0.000105
0.000101
0.000101
0.000112
0.000102
0.000105
0.0001
0.000107
0.0002
0.000113
0.000103
0.000108
0.000105
0.000101
0.0001
0.0001
0.000101
0.000106
0.000104
0.000105
0.000124
0.0001
0.000103
0.000101
0.000103
0.000101
0.0001
0.000103
0.000105
0.000101
0.0001
0.000103
0.000105
0.000116
0.000101
0.000161
0.000125
0.00014
0.000154
0.000134
0.000275
0.000116
0.000132
0.000139
0.000127
0.000161
0.000259
0.000119
0.000102
0.000103
0.000101
0.0001
0.000177
0.00015
0.000111
0.000117
0.00032
0.000105
0.000115
0.000139
0.000134
0.000143
0.000334
0.000168
0.00011
0.000112
0.000124
0.000119
0.000142
0.000106
0.000154
0.000106
0.000107
0.000104
0.00011
0.000103
0.000137
0.000102
0.000101
0.000108
0.000102
0.000105
0.000107
0.0001
0.0001
0.000109
0.000102
0.0001
0.0001
0.000102
0.000101
0.0001
0.0001
0.000108
0.0001
0.0001
0.000103
0.000101
0.0001
0.000118
0.0001
0.0001
0.0001
0.000103
0.000103
0.000103
0.0001
0.000102
0.000138
0.000101
0.000115
0.0001
0.0001
0.0001
0.000114
0.0001
0.000106
0.000101
0.000101
0.000106
0.000102
0.0001
0.00011
0.000104
0.000104
0.0001
0.000106
0.000102
0.000101
0.0001
0.0001
0.0001
0.000121
0.000107
0.000106
0.000104
0.000125
0.000143
0.000108
0.000106
0.000112
0.000101
0.000105
0.000104
0.0001
0.0001
0.000109
0.000103
0.000104
0.000106
0.000101
0.0001
0.000102
0.000104
0.0001
0.000105
0.000103
0.000118
0.000105
0.000101
0.000101
0.0001
0.000101
0.000101
0.000101
0.000102
0.000104
0.000104
0.000104
0.000101
0.0001
0.000117
0.000111
0.000105
0.000107
0.000101
0.000104
0.000105
0.000101
0.000101
0.00011
0.000101
0.000101
0.000101
0.0001
0.000105
0.000101
0.0001
0.000103
0.000107
0.000105
0.000101
0.0001
0.0001
0.000103
0.0001
0.000102
0.000101
0.000102
0.000101
0.0001
0.000106
0.000118
0.00012
0.000289
0.000152
0.000105
0.000101
0.0001
0.0001
0.000101
0.000107
0.0001
0.000107
0.000101
0.000103
0.000109
0.000112
0.000114
0.000102
0.000113
0.000103
0.000109
0.000107
0.000111
0.000101
0.000104
0.000101
0.000101
0.0001
0.000103
0.000106
0.000101
0.000116
0.000107
0.0001
0.000104
0.000101
0.0001
0.000101
0.000101
0.00013
0.000102
0.0001
0.000115
0.000108
0.000106
0.0001
0.000101
0.000124
0.000102
0.000105
0.000108
0.0001
0.000104
0.000105
0.000105
0.000146
0.000102
0.0001
0.0001
0.000111
0.0001
0.0001
0.0001
0.000109
0.000103
0.000106
0.000103
0.000101
0.0001
0.0001
0.000106
0.000135
0.000107
0.000104
0.000102
0.000103
0.000103
0.0001
0.000104
0.000117
0.0001
0.000108
0.000102
0.000102
0.0001
0.000103
0.000111
0.000103
0.000105
0.000101
0.000109
0.000101
0.000102
0.000103
0.000115
0.000108
0.0001
0.000116
0.000101
0.000101
0.000108
0.0001
0.000101
0.000103
0.000102
0.0001
0.00012
0.00011
0.000102
0.0001
0.0001
0.000172
0.000102
0.000106
0.000158
0.000101
0.0001
0.0001
0.0001
0.000106
0.000131
0.000104
0.0001
0.000104
0.000104
0.000104
0.000111
0.0001
0.000102
0.000102
0.000105
0.0001
0.000117
0.0001
0.000118
0.000127
0.000114
0.000113
0.000105
0.000292
0.000156
0.000106
0.000117
0.000294
0.000111
0.000108
0.000119
0.000121
0.000105
0.000104
0.000104
0.000103
0.00011
0.000108
0.000109
0.000105
0.000102
0.000101
0.0001
0.000101
0.000104
0.000117
0.000102
0.0001
0.000113
0.000106
0.000103
0.000161
0.000111
0.000128
0.000117
0.000106
0.000104
0.0001
0.0001
0.000149
0.000108
0.000103
0.000101
0.00012
0.000103
0.000111
0.000101
0.000102
0.0001
0.000118
0.000106
0.000107
0.0001
0.000101
0.000101
0.0001
0.0001
0.000109
0.000115
0.000105
0.00011
0.0001
0.000104
0.000104
0.000104
0.000105
0.000108
0.000121
0.000112
0.000101
0.0001
0.0001
0.0001
0.0001
0.000119
0.000104
0.000103
0.000172
0.000102
0.000104
0.000104
0.000104
0.000102
0.000112
0.000102
0.000104
0.000112
0.000105
0.000106
0.000103
0.000101
0.000102
0.000107
0.000109
0.000108
0.000102
0.000101
0.000192
0.0001
0.000102
0.000101
0.000101
0.0001
0.0001
0.0001
0.0001
0.000101
0.000104
0.000105
0.000154
0.000105
0.000102
0.00011
0.000102
0.000184
0.000122
0.000108
0.000104
0.000104
0.000108
0.000116
0.000116
0.000104
0.000103
0.000102
0.000109
0.000133
0.000109
0.000105
0.000107
0.000106
0.000108
0.0001
0.000105
0.000104
0.000101
0.0001
0.000105
0.000101
0.000101
0.000111
0.000102
0.0001
0.000106
0.000102
0.0001
0.000107
0.000102
0.000101
0.000134
0.000106
0.000102
0.000101
0.000102
0.000101
0.000101
0.0001
0.000101
0.000101
0.000101
0.000101
0.000141
0.000109
0.000108
0.000102
0.000102
0.0001
0.000101
0.000101
0.000108
0.0001
0.000151
0.0001
0.000106
0.000103
0.000114
0.000105
0.000101
0.000101
0.0001
0.0001
0.0001
0.0001
0.0001
0.0001
0.0001
0.0001
0.0001
0.0001
0.000101
0.000112
0.000103
0.000102
0.000108
0.000101
0.0001
0.000111
0.000102
0.0001
0.0001
0.000101
0.000104
0.0001
0.0001
0.000101
0.00022
0.000101
0.000134
0.000101
0.0001
0.0001
0.000103
0.000101
0.000112
0.000121
0.000126
0.000483
0.000223
0.000142
0.000145
0.000167
0.000201
0.00013
0.000121
0.000101
0.000101
0.000106
0.000101
0.000104
0.00011
0.000114
0.000104
0.000112
0.000101
0.000105
0.000111
0.000101
0.000167
0.000101
0.000112
0.000102
0.000101
0.000101
0.000101
0.000112
0.000102
0.000104
0.000104
0.000102
0.000108
0.000102
0.000101
0.0001
0.000114
0.000101
0.0001
0.000101
0.0001
0.000102
0.000105
0.0001
0.000103
0.000113
0.000103
0.000119
0.000101
0.0001
0.000119
0.000101
0.000101
0.0001
0.000124
0.000121
0.0001
0.0001
0.0001
0.0001
0.000111
0.000102
0.000101
0.000104
0.0001
0.000174
0.000102
0.0001
0.0001
0.000103
0.000113
0.000101
0.0001
0.0001
0.0001
0.0001
0.0001
0.000104
0.0001
0.000101
0.0001
0.0001
0.000101
0.0001
0.000101
0.000101
0.000102
0.000106
0.000101
0.000101
0.0001
0.0001
0.000103
0.000115
0.0001
0.000108
0.000106
0.0001
0.000146
0.000101
0.000101
0.000102
0.000164
0.000103
0.000105
0.000104
0.000121
0.000102
0.000108
0.000101
0.000103
0.000105
0.0001
0.0001
0.000103
0.000104
0.000106
0.000101
0.000128
0.0001
0.000107
0.000104
0.000102
0.00011
0.000102
0.000102
0.0001
0.0001
0.0001
0.000248
0.000113
0.000102
0.000104
0.000123
0.000101
0.000113
0.000111
0.0001
0.0001
0.0001
0.000109
0.000101
0.000103
0.0001
0.000104
0.000104
0.000101
0.0001
0.0001
0.0001
0.0001
0.000103
0.000101
0.000142
0.000101
0.0001
0.000103
0.0001
0.000102
0.0001
0.000105
0.000101
0.0001
0.0001
0.0001
0.000108
0.000125
0.000124
0.000103
0.000101
0.0001
0.000106
0.000101
0.000102
0.000106
0.000116
0.000103
0.000103
0.000114
0.000114
0.000104
0.000108
0.000207
0.000105
0.000106
0.000101
0.0001
0.000103
0.000101
0.000104
0.000101
0.000101
0.000108
0.000101
0.000117
0.000105
0.000101
0.0001
0.000101
0.0001
0.000109
0.000103
0.000101
0.000101
0.000111
0.000101
0.0001
0.0001
0.000101
0.0001
0.0001
0.000102
0.000102
0.0001
0.0001
0.0001
0.0001
0.0001
0.0001
0.000105
0.000103
0.000102
0.000101
0.000176
0.000101
0.000111
0.000101
0.0001
0.000102
0.0001
0.0001
0.0001
0.000101
0.0001
0.000103
0.000107
0.000101
0.000128
0.000101
0.0001
0.000101
0.000101
0.0001
0.000102
0.000101
0.000101
0.0001
0.000106
0.000101
0.000106
0.000101
0.000106
0.000101
0.000124
0.000103
0.000127
0.000103
0.000111
0.000115
0.000103
0.000123
0.000127
0.000133
0.000101
0.0001
0.000108
0.000102
0.000103
0.0001
0.0001
0.000102
0.000103
0.000101
0.000109
0.000108
0.00012
0.000102
0.000105
0.000102
0.000107
0.000111
0.000204
0.000103
0.000102
0.000102
0.000124
0.000104
0.0001
0.000112
0.000101
0.000104
0.000106
0.000107
0.0001
0.0001
0.000103
0.000109
0.0001
0.000101
0.0001
0.000105
0.000116
0.000101
0.000101
0.000126
0.0001
0.000121
0.000108
0.000107
0.000112
0.000104
0.000102
0.000104
0.000101
0.0001
0.0001
0.0001
0.000128
0.000101
0.0001
0.0001
0.000106
0.000103
0.000119
0.000102
0.000101
0.000102
0.000103
0.000107
0.000102
0.000101
0.000102
0.000101
0.000104
0.000102
0.000103
0.000119
0.000101
0.000101
0.000101
0.0001
0.0001
0.000103
0.0001
0.000101
0.000115
0.000116
0.000122
0.000215
0.000201
0.000281
0.000115
0.000101
0.000103
0.000105
0.000105
0.000104
0.000105
0.000112
0.000105
0.000118
0.000101
0.000104
0.000103
0.000101
0.0001
0.000101
0.0001
0.00011
0.000101
0.000148
0.0001
0.000101
0.0001
0.000106
0.000103
0.000101
0.00012
0.000119
0.0001
0.000102
0.000102
0.0001
0.000129
0.0001
0.0001
0.000106
0.000102
0.000104
0.000122
0.0001
0.0001
0.0001
0.0001
0.0001
0.0001
0.0001
0.0001
0.000111
0.000124
0.000102
0.000105
0.000101
0.000103
0.000103
0.000101
0.0001
0.000101
0.000119
0.000101
0.000102
0.0001
0.0001
0.0001
0.0001
0.0001
0.0001
0.0001
0.0001
0.000118
0.0001
0.000101
0.000102
0.0001
0.0001
0.000101
0.000108
0.000101
0.000104
0.0001
0.0001
0.000145
0.000141
0.000109
0.000205
0.0001
0.0001
0.000103
0.000101
0.0001
0.000101
0.000101
0.000124
0.000102
0.00016
0.000107
0.000103
0.000101
0.000114
0.000101
0.000102
0.000106
0.000103
0.00014
0.000101
0.000102
0.000103
0.000101
0.0001
0.000103
0.000101
0.0001
0.000105
0.000105
0.0001
0.000102
0.000101
0.0001
0.0001
0.000101
0.0001
0.000103
0.000102
0.0001
0.000102
0.000103
0.000101
0.0001
0.000107
0.0001
0.000102
0.000101
0.000102
0.000107
0.000101
0.000101
0.000101
0.000101
0.000159
0.000103
0.0001
0.000136
0.000101
0.000121
0.0001
0.0001
0.000104
0.000101
0.0001
0.0001
0.000102
0.0001
0.0001
0.0001
0.0001
0.000134
0.0001
0.000104
0.000106
0.000116
0.000114
0.000101
0.000101
0.0001
0.000101
0.000106
0.000102
0.000119
0.000101
0.0001
0.000128
0.000101
0.000101
0.000106
0.000146
0.000101
0.0001
0.000104
0.0001
0.0001
0.000101
0.000101
0.0001
0.000101
0.0001
0.000101
0.000103
0.0001
0.0001
0.000132
0.000101
0.0001
0.0001
0.000106
0.000101
0.0001
0.0001
0.000102
0.0001
0.0001
0.000102
0.000104
0.000103
0.000103
0.0001
0.000117
0.0001
0.0001
0.0001
0.000103
0.000101
0.0001
0.000101
0.000104
0.000114
0.0001
0.0001
0.000103
0.000101
0.000114
0.0001
0.000102
0.0001
0.000123
0.000103
0.000102
0.0001
0.0001
0.000106
0.00012
0.0001
0.000113
0.000101
0.0001
0.0001
0.0001
0.000107
0.000115
0.000182
0.000101
0.000106
0.000101
0.00012
0.000119
0.000104
0.000106
0.000108
0.000107
0.000101
0.000117
0.000114
0.000107
0.00011
0.000115
0.000115
0.000103
0.000104
0.0001
0.000103
0.00014
0.000114
0.000102
0.000103
0.000101
0.000101
0.000101
0.000121
0.000116
0.000104
0.000328
0.000103
0.000116
0.000107
0.000107
0.00012
0.000113
0.000121
0.000106
0.000153
0.000129
0.000114
0.000105
0.000101
0.000162
0.000103
0.000102
0.000107
0.000103
0.0001
0.000102
0.000101
0.0001
0.0001
0.0001
0.0001
0.000104
0.000101
0.000106
0.000103
0.0001
0.000101
0.0001
0.000108
0.0001
0.000101
0.0001
0.000108
0.000107
0.000101
0.0001
0.0001
0.000108
0.000101
0.000102
0.000102
0.0001
0.000101
0.00012
0.000101
0.000108
0.000106
0.000103
0.000109
0.0001
0.000101
0.000101
0.000105
0.000102
0.0001
0.00011
0.000101
0.0001
0.000105
0.000101
0.00011
0.000162
0.000112
0.000109
0.000103
0.000102
0.000103
0.000102
0.000103
0.000101
0.000102
0.000104
0.000102
0.000113
0.00016
0.000102
0.000101
0.000103
0.0001
0.0001
0.000105
0.000247
0.000106
0.000103
0.000107
0.000101
0.0001
0.000105
0.000103
0.000101
0.0001
0.000106
0.000102
0.000107
0.000101
0.0001
0.000105
0.000112
0.000107
0.000103
0.000102
0.000101
0.000122
0.000108
0.000107
0.000104
0.0001
0.0001
0.000137
0.0001
0.000114
0.00012
0.000106
0.000103
0.000117
0.000105
0.000106
0.000104
0.0001
0.000101
0.000103
0.000101
0.000141
0.000107
0.000144
0.000107
0.000105
0.000102
0.0001
0.000107
0.000101
0.0001
0.000183
0.000102
0.0001
0.0001
0.000103
0.000103
0.000105
0.000104
0.000103
0.000103
0.0001
0.000101
0.000127
0.000107
0.000107
0.000114
0.000186
0.000115
0.000121
0.000171
0.000103
0.000101
0.0001
0.0001
0.000112
0.000102
0.000101
0.0001
0.0001
0.000116
0.000102
0.00011
0.000131
0.000102
0.0001
0.0001
0.0001
0.0001
0.0001
0.0001
0.000101
0.000108
0.0001
0.000118
0.000105
0.0001
0.000101
0.000102
0.0001
0.0001
0.00011
0.000101
0.0001
0.000103
0.000101
0.000101
0.0001
0.0001
0.0001
0.000102
0.000109
0.000109
0.000257
0.000105
0.000107
0.0001
0.0001
0.000102
0.000101
0.000147
0.000108
0.000104
0.000104
0.000106
0.000101
0.0001
0.000189
0.000103
0.000104
0.000101
0.0001
0.000104
0.000105
0.000104
0.000101
0.000151
0.000105
0.000105
0.000103
0.000101
0.000135
0.000103
0.000246
0.000101
0.000133
0.0001
0.0001
0.0001
0.0001
0.0001
0.0001
0.000104
0.000105
0.0001
0.0001
0.0001
0.000105
0.0001
0.0001
0.000239
0.000101
0.000101
0.0001
0.000109
0.000101
0.0001
0.0001
0.000101
0.000104
0.000101
0.0001
0.0001
0.000111
0.000101
0.0001
0.000102
0.0001
0.000101
0.000116
0.000102
0.000127
0.000106
0.0001
0.000104
0.000101
0.000133
0.00011
0.000116
0.000148
0.000105
0.000102
0.000102
0.0001
0.0001
0.000103
0.000101
0.0001
0.0001
0.000157
0.000107
0.000105
0.000107
0.000124
0.000104
0.000101
0.000105
0.000103
0.000104
0.000102
0.000112
0.000104
0.000104
0.0001
0.000119
0.0001
0.000102
0.000102
0.000136
0.000102
0.000138
0.000103
0.000103
0.000102
0.000104
0.0001
0.000107
0.000103
0.000101
0.000105
0.000102
0.000108
0.000111
0.000101
0.0001
0.000102
0.000105
0.000103
0.000101
0.000105
0.0001
0.000103
0.000103
0.000105
0.000102
0.000112
0.000101
0.000103
0.000102
0.0001
0.000105
0.0001
0.000128
0.0001
0.000101
0.000103
0.000112
0.000101
0.000103
0.000106
0.000101
0.000105
0.000101
0.0001
0.000102
0.000102
0.000103
0.000102
0.0001
0.000102
0.0001
0.000102
0.000103
0.0001
0.000101
0.000105
0.0001
0.0001
0.0001
0.000107
0.0001
0.000126
0.000101
0.000102
0.000104
0.0001
0.000105
0.000101
0.000103
0.000103
0.000104
0.0001
0.000104
0.000144
0.000101
0.0001
0.0001
0.0001
0.0001
0.000107
0.000102
0.00011
0.000104
0.00011
0.0001
0.000112
0.000102
0.000101
0.0001
0.000104
0.000101
0.000184
0.0001
0.000116
0.000109
0.000133
0.000113
0.0001
0.000101
0.000106
0.0001
0.000108
0.000101
0.000103
0.0001
0.0001
0.000109
0.000105
0.000101
0.0001
0.000105
0.000106
0.000103
0.000111
0.000115
0.000101
0.000123
0.000103
0.0001
0.000109
0.000103
0.000102
0.000128
0.0001
0.000103
0.000105
0.000101
0.0001
0.0001
0.000105
0.000101
0.000104
0.000102
0.000107
0.0001
0.0001
0.000104
0.000101
0.0001
0.000155
0.000106
0.000112
0.000106
0.000103
0.000101
0.000126
0.000124
0.000104
0.0001
0.000103
0.000101
0.000102
0.000106
0.000101
0.000101
0.000121
0.0001
0.0001
0.000102
0.000101
0.000102
0.0001
0.0001
0.000101
0.000111
0.0001
0.000104
0.000101
0.0001
0.000103
0.0001
0.000101
0.000106
0.000101
0.000102
0.0001
0.000106
0.000105
0.000106
0.000104
0.000101
0.00012
0.00012
0.000112
0.000149
0.000101
0.0001
0.0001
0.0001
0.000103
0.000102
0.000104
0.000102
0.000102
0.0001
0.00011
0.000105
0.000103
0.0001
0.000139
0.0001
0.000122
0.0001
0.000105
0.00017
0.000101
0.000113
0.000102
0.00011
0.000103
0.000107
0.000108
0.000107
0.000101
0.000123
0.000106
0.0001
0.0001
0.000102
0.000113
0.000235
0.000101
0.000101
0.0001
0.0001
0.0001
0.0001
0.0001
0.000127
0.000102
0.000107
0.000118
0.000102
0.000111
0.000125
0.000127
0.000104
0.000106
0.000106
0.000176
0.000101
0.000323
0.000103
0.0001
0.000127
0.0001
0.000104
0.000106
0.0001
0.000101
0.000106
0.000313
0.0001
0.0001
0.000101
0.000101
0.0001
0.000101
0.000103
0.0001
0.000106
0.000103
0.0001
0.0001
0.000101
0.000103
0.000107
0.000101
0.000108
0.000105
0.000102
0.000104
0.000101
0.0001
0.000103
0.00014
0.000106
0.000296
0.000107
0.000101
0.000103
0.000123
0.000101
0.0001
0.000128
0.00011
0.000101
0.0001
0.0001
0.000111
0.000101
0.000103
0.000102
0.000105
0.000121
0.000101
0.000105
0.00011
0.000102
0.000108
0.000106
0.0001
0.0001
0.0001
0.0001
0.000142
0.000131
0.000106
0.000101
0.0001
0.0001
0.000104
0.000104
0.000104
0.000102
0.000103
0.000106
0.000106
0.000112
0.000101
0.0001
0.000106
0.000102
0.000104
0.0001
0.00011
0.000104
0.0001
0.0001
0.0001
0.000101
0.0001
0.000104
0.0001
0.000105
0.000101
0.000106
0.00011
0.000104
0.000101
0.0001
0.000104
0.000127
0.000121
0.000101
0.000105
0.000101
0.0001
0.0001
0.000103
0.000101
0.000102
0.000103
0.000117
0.00012
0.0001
0.000102
0.00013
0.0001
0.000103
0.000112
0.000103
0.000114
0.000101
0.000105
0.000101
0.000101
0.0001
0.000109
0.000102
0.0001
0.000105
0.000102
0.0001
0.000116
0.0001
0.000102
0.0001
0.000108
0.000106
0.0001
0.0001
0.000101
0.000108
0.00011
0.000101
0.0001
0.00011
0.000113
0.000106
0.000113
0.000107
0.000101
0.0001
0.000102
0.000104
0.0001
0.000101
0.0001
0.0001
0.00019
0.000108
0.000124
0.000104
0.000104
0.0001
0.000104
0.000101
0.000107
0.000134
0.000104
0.000101
0.00011
0.00011
0.000105
0.000115
0.000153
0.000112
0.000101
0.0001
0.0001
0.0001
0.000127
0.0001
0.000105
0.000113
0.0001
0.0001
0.000107
0.000104
0.000117
0.000102
0.000104
0.000111
0.000101
0.0001
0.0001
0.000103
0.000101
0.000102
0.000101
0.0001
0.000102
0.000103
