1.000053
0.944332
1.000018
0.968666
0.329492
0.922879
0.924134
0.936496
0.293314
0.379266
0.004665
0.034131
0.986935
0.898538
0.092869
0.99174
0.448135
0.801864
0.95357
0.618181
0.799539
0.125257
0.36832
0.574099
0.239805
0.405404
0.066583
0.743983
0.003871
0.808217
0.642889
0.661647
0.368284
0.034595
0.92271
0.614354
0.000481
0.890729
0.939821
0.586433
0.175533
0.027281
0.000107
0.972197
0.597281
0.493124
0.870701
0.706273
0.675614
0.651517
0.014758
0.76478
0.023574
0.993077
0.045225
0.536159
0.033902
0.280128
0.095904
0.003069
0.766986
0.637857
0.811065
0.017203
0.839378
0.777683
0.915786
0.883543
0.656291
0.939818
0.625812
0.095093
0.805174
0.346649
0.416091
0.098108
0.864473
0.328851
0.761504
0.449835
0.500226
0.605265
0.388076
0.591611
0.488413
0.003453
0.8136
0.849556
0.990097
0.570212
0.005804
0.834156
0.654436
0.054928
0.024274
0.132386
0.039898
0.000401
0.849855
0.147148
0.642134
0.084334
0.04196
0.085893
0.995377
0.082847
0.311661
0.103212
0.046895
0.693833
0.637342
0.682275
0.309004
0.237508
0.592857
