0.472052
0.472052
0.472052
0.472052
0.816443
0.707251
0.498505
0.568681
0.301378
0.301378
0.92954
0.570925
0.570925
0.630298
0.761586
0.633931
0.633931
0.570925
0.570925
0.570925
0.737665
0.83951
0.41261
0.41261
0.41261
0.77133
0.778074
0.819579
0.561397
0.896803
0.445845
0.445845
0.193691
0.193691
0.640423
0.516754
0.516754
0.300726
0.244296
0.403289
0.403289
0.128811
0.132439
0.132439
0.039963
0.039963
0.722665
0.389642
0.389642
0.389642
0.399049
0.611921
0.664871
0.68277
0.68277
0.68277
0.814413
0.603495
0.970872
0.68277
0.792432
0.453085
0.68277
0.641962
0.68277
0.68277
0.695239
0.68277
0.764642
0.170383
0.170383
0.651246
0.66922
0.514741
0.514741
0.514741
0.514741
0.458098
0.487969
0.487969
0.237832
0.773916
0.44253
0.571633
0.502165
0.581577
0.400761
0.401981
0.408885
0.472106
0.533136
0.406426
0.250019
0.241555
0.837338
0.644365
0.709492
0.565301
0.460137
0.460137
0.318395
0.654291
0.366256
0.366256
0.228533
0.637033
0.990009
0.808595
0.695271
0.73325
0.651447
0.479485
0.479485
0.479485
0.479485
0.438912
0.483566
0.483566
0.921215
0.483566
0.483566
0.635895
0.874222
0.834469
0.771425
0.436727
0.436727
0.619544
0.575261
0.796643
0.870388
0.870388
0.796643
0.694537
0.8535
0.694537
0.751888
0.796643
0.796643
0.796643
0.497652
0.773897
0.938714
0.916414
0.497911
0.497911
0.497911
0.728501
0.55061
0.4793
0.4793
0.516434
0.449235
0.377329
0.720722
0.77709
0.980704
0.054152
0.270834
0.581783
0.223808
0.643073
0.458341
0.458341
0.22008
0.552688
0.651515
0.478977
0.437669
0.143728
0.284926
0.284926
0.284926
0.284926
0.196047
0.180234
0.180234
0.892389
0.95884
0.023946
0.220492
0.293901
0.003442
0.009718
0.003442
0.072675
0.072675
0.048923
0.277962
0.277962
0.051136
0.6522
0.077788
0.077788
0.269378
0.418073
0.805277
0.428672
0.152019
0.183997
0.463291
0.184614
0.475347
0.184614
0.192466
0.020438
0.003442
0.072675
0.072675
0.192466
0.192466
0.658804
0.914083
0.415946
0.664895
0.415946
0.645704
0.683793
0.364736
0.604948
0.604948
0.604948
0.604948
0.70192
0.604948
0.604948
0.657329
0.492783
0.566581
0.681433
0.496883
0.501132
0.501132
0.826293
0.7992
0.763753
0.392051
0.54378
0.602211
0.421322
0.421322
0.484003
0.484003
0.484003
0.43554
0.711825
0.532315
0.801159
0.682266
0.599351
0.472335
0.64179
0.540732
0.804355
0.62276
0.13377
0.62561
0.62561
0.446214
0.725205
0.79558
0.719386
0.719386
0.719386
0.719386
0.719386
0.800754
0.719386
0.719386
0.719386
0.719386
0.719386
0.719386
0.719386
0.036093
0.239715
0.239715
0.036093
0.735957
0.291219
0.826429
0.736177
0.736177
0.561379
0.810625
0.887894
0.859925
0.877039
0.930289
0.959162
0.68364
0.709268
0.500661
0.631486
0.46294
0.648305
0.484478
0.484478
0.507631
0.81698
0.594889
0.670119
0.487402
0.569345
0.360092
0.379582
0.659788
0.746812
0.863326
0.490868
0.643491
0.643491
0.597884
0.643491
0.643491
0.643491
0.578435
0.403233
0.388977
0.912098
0.998522
0.491443
0.624492
0.532713
0.649466
0.532713
0.427995
0.53669
0.86565
0.427995
0.53669
0.427995
0.427995
0.176463
0.0246
0.197184
0.197184
0.034473
0.034473
0.442166
0.260849
0.184677
0.184677
0.074674
0.359627
0.06104
0.320301
0.946746
0.81124
0.077381
0.460417
0.391893
0.464744
0.08384
0.08384
0.08384
0.450614
0.253592
0.679747
0.211506
0.266553
0.018818
0.018818
0.578354
0.011079
0.062373
0.225041
0.061499
0.254001
0.502562
0.3592
0.515863
0.175164
0.175164
0.594378
0.488347
0.24043
0.24043
0.015989
0.100354
0.06363
0.704951
0.641321
0.13768
0.03978
0.00026
0.018818
0.018818
0.063591
0.063591
0.03978
0.06363
0.054753
0.234894
0.032392
0.174349
0.027639
0.336629
0.00026
0.011079
0.06999
0.06999
0.445937
0.388807
0.912798
0.302827
0.667781
0.681831
0.289051
0.482836
0.763326
0.452358
0.624439
0.618429
0.298151
0.298151
0.152159
0.800623
0.308361
0.564298
0.726729
0.611559
0.623943
0.558452
0.558452
0.525175
0.54334
0.643821
0.536735
0.605475
0.114241
0.337948
0.654146
0.337948
0.337948
0.43081
0.347073
0.347073
0.257778
0.240503
0.240503
0.015739
0.159741
0.159741
0.220572
0.560283
0.300051
0.797169
0.185803
0.550945
0.432195
0.262423
0.262423
0.138354
0.633981
0.417618
0.479011
0.798726
0.524741
0.524741
0.524741
0.28522
0.310887
0.294907
0.602632
0.570594
0.570594
0.570594
0.570594
0.570594
0.417686
0.147123
0.028343
0.028343
0.028343
0.028343
0.028343
0.574044
0.555219
0.493536
0.479621
0.642649
0.50773
0.50773
0.663562
0.469927
0.589765
0.589765
0.589765
0.589765
0.589765
0.589765
0.589765
0.589765
0.589765
0.579808
0.517415
0.579809
0.517415
0.579809
0.517415
0.35959
0.54401
0.35959
0.418648
0.418648
0.41336
0.40738
0.630363
0.630363
0.630363
0.783376
0.630363
0.421152
0.421152
0.546598
0.546598
0.546598
0.546598
0.861953
0.843249
0.548692
0.820077
0.820077
0.820077
0.465235
0.798162
0.587299
0.749824
0.749824
0.660518
0.691231
0.691231
0.691231
0.691231
0.660518
0.115332
0.474708
0.442763
0.474708
0.433644
0.484615
0.399601
0.475674
0.407289
0.529029
0.416052
0.416052
0.277264
0.462993
0.593998
0.571185
0.33798
0.599886
0.501879
0.572896
0.524185
0.301041
0.267992
0.754527
0.407819
0.407819
0.528425
0.715791
0.844573
0.206262
0.496071
0.344846
0.541018
0.116438
0.377188
0.377188
0.116438
0.692763
0.718642
0.325726
0.605648
0.269456
0.269456
0.823918
0.471849
0.635627
0.508836
0.472013
0.62978
0.557649
0.482366
0.482366
0.413605
0.415462
0.695263
0.398758
0.493786
0.513159
0.513159
0.513159
0.513159
0.492527
0.492527
0.492527
0.405025
0.405025
0.811807
0.501334
0.717935
0.564128
0.601713
0.646935
0.49613
0.496639
0.649385
0.496639
0.478675
0.75026
0.844477
0.332345
0.332345
0.332345
0.315638
0.211399
0.326836
0.4392
0.295964
0.380852
0.3097
0.047343
0.491547
0.380852
0.209758
0.355904
0.209758
0.66495
0.493738
0.464755
0.264335
0.32276
0.183417
0.183417
0.433016
0.433016
0.433016
0.832877
0.562508
0.4543
0.4543
0.52726
0.52726
0.491172
0.286768
0.348356
0.348356
0.21775
0.430631
0.180893
0.21775
0.420983
0.662965
0.235247
0.355711
0.355711
0.235247
0.553562
0.34411
0.345505
0.212147
0.212147
0.0934
0.558397
0.314443
0.245659
0.608189
0.352071
0.32493
0.485933
0.245659
0.235733
0.478657
0.515857
0.362585
0.29058
0.031527
0.192391
0.192391
0.392275
0.142979
0.321131
0.484119
0.65427
0.153925
0.331767
0.153925
0.153925
0.153925
0.352121
0.439861
0.519018
0.448745
0.448745
0.689519
0.925386
0.617794
0.622684
0.368168
0.895521
0.961928
0.942554
0.430819
0.71807
0.751352
0.703667
0.248867
0.27293
0.136541
0.37751
0.37751
0.662154
0.348981
0.368623
0.854323
0.635914
0.489975
0.489975
0.259638
0.706164
0.708353
0.583005
0.25184
0.251181
0.640755
0.081588
0.293081
0.293081
0.081588
0.255617
0.589646
0.652546
0.675799
0.64823
0.414584
0.502567
0.349419
0.206092
0.206092
0.304902
0.429987
0.43115
0.43115
0.348595
0.656901
0.742626
0.411666
0.397544
0.489006
0.490999
0.490999
0.474882
0.395655
0.167743
0.167743
0.167743
0.868653
0.804452
0.311893
0.311893
0.702812
0.170192
0.199328
0.510621
0.275336
0.783189
0.560051
0.609809
0.446219
0.446219
0.384619
0.384619
0.384619
0.823782
0.591953
0.36436
0.339945
0.529508
0.849003
0.590114
0.853887
0.581244
0.529509
0.529509
0.529509
0.529509
0.529509
0.286833
0.518897
0.564696
0.355843
0.455908
0.455908
0.287859
0.09961
0.307902
0.307902
0.09961
0.242511
0.242511
0.530848
0.164956
0.560204
0.337005
0.607481
0.138038
0.138038
0.424983
0.215692
0.215692
0.312555
0.537858
0.312555
0.268044
0.197121
0.35942
0.35942
0.35942
0.652219
0.490676
0.490676
0.490676
0.798196
0.526611
0.526611
0.367717
0.209136
0.65606
0.680074
0.455462
0.243676
0.510095
0.510095
0.414584
0.514588
0.514588
0.514588
0.186379
0.774574
0.73471
0.279963
0.137736
0.501091
0.298122
0.466564
0.140877
0.647153
0.346801
0.352895
0.352895
0.140877
0.140877
0.400435
0.731199
0.478168
0.478168
0.330833
0.348579
0.606005
0.760563
0.469711
0.469711
0.316505
0.801577
0.5982
0.552479
0.703862
0.552479
0.552479
0.610016
0.552479
0.685659
0.598613
0.552479
0.417065
0.417065
0.538157
0.493041
0.495561
0.495561
0.495561
0.472115
0.651162
0.609184
0.679381
0.547866
0.38302
0.620719
0.485921
0.425334
0.684094
0.501006
0.359161
0.698525
0.480379
0.480379
0.514746
0.549286
0.514746
0.523313
0.683041
0.578152
0.375089
0.494204
0.494204
0.689601
0.577593
0.421987
0.424713
0.99515
0.506769
0.421987
0.99515
0.511177
0.511177
0.511177
0.501675
0.399401
0.5036
0.399401
0.42299
0.42299
0.160534
0.479291
0.479291
0.314046
0.919752
0.141607
0.808154
0.589418
0.458075
0.458075
0.512827
0.458075
0.458075
0.755821
0.501377
0.420909
0.215463
0.053016
0.25585
0.25585
0.140589
0.217507
0.544864
0.544864
0.544864
0.544864
0.442145
0.485408
0.564021
0.400109
0.427308
0.507434
0.772184
0.32908
0.617007
0.469418
0.469418
0.469418
0.704586
0.32908
0.179654
0.328466
0.179654
0.617806
0.630229
0.64607
0.445177
0.445177
0.806539
0.609452
0.765978
0.422981
0.422981
0.158268
0.102711
0.15349
0.15349
0.17525
0.090757
0.842131
0.057256
0.781647
0.781647
0.714129
0.781647
0.714129
0.781647
0.781647
0.815271
0.781647
0.781647
0.781647
0.781647
0.781647
0.781647
0.781647
0.781647
0.781647
0.637772
0.637772
0.545993
0.545993
0.637772
0.637772
0.637772
0.637772
0.545993
0.637772
0.060657
0.060657
0.515136
0.604899
0.604899
0.604899
0.371945
0.371945
0.03346
0.3992
0.3992
0.714129
0.714129
0.545993
0.545993
0.545993
0.515136
0.3992
0.3992
0.398962
0.376311
0.495229
0.405558
0.330404
0.51833
0.705793
0.270615
0.270615
0.60028
0.38856
0.54088
0.308936
0.396191
0.236329
0.167013
0.451159
0.054867
0.233783
0.37137
0.139082
0.566246
0.16089
0.27006
0.535401
0.254442
0.376027
0.254442
0.538798
0.620672
0.403884
0.52113
0.709269
0.350787
0.259657
0.386496
0.226097
0.251468
0.867344
0.703316
0.453072
0.24813
0.24813
0.404392
0.667867
0.307087
0.693492
0.426598
0.598538
0.434571
0.55839
0.455315
0.626565
0.455315
0.455315
0.761753
0.65332
0.553937
0.52334
0.254466
0.405402
0.405402
0.614977
0.614977
0.737914
0.614977
0.614977
0.614977
0.860559
0.737914
0.614977
0.737914
0.838204
0.537102
0.537102
0.537102
0.537102
0.466545
0.466545
0.43182
0.570623
0.502193
0.553106
0.424802
0.424802
0.713177
0.334533
0.283434
0.256506
0.766991
0.343888
0.135607
0.331369
0.331369
0.135607
0.754133
0.370136
0.370136
0.79675
0.602608
0.322987
0.238319
0.687282
0.483641
0.483641
0.34897
0.637875
0.60147
0.143676
0.434455
0.434455
0.501547
0.656806
0.487774
0.437965
0.299402
0.449729
0.449729
0.444332
0.656896
0.444332
0.333317
0.298854
0.529779
0.700883
0.657059
0.444842
0.556102
0.652913
0.500579
0.665941
0.463315
0.574404
0.66898
0.411017
0.28143
0.427419
0.427419
0.427419
0.555485
0.641603
0.641603
0.296543
0.401507
0.827902
0.706885
0.469205
0.469205
0.469205
0.293873
0.193385
0.404843
0.225921
0.225921
0.592741
0.132608
0.149302
0.05126
0.05126
0.05126
0.391786
0.202602
0.278892
0.278892
0.522094
0.662389
0.733938
0.387599
0.649566
0.44001
0.400978
0.741769
0.179458
0.179458
0.212103
0.301802
0.837889
0.131346
0.700427
0.52097
0.430845
0.381047
0.641235
0.383401
0.383401
0.242602
0.483224
0.501364
0.449519
0.449519
0.454245
0.454245
0.690514
0.590149
0.572082
0.181984
0.533566
0.156185
0.847401
0.429475
0.3362
0.617029
0.729916
0.250842
0.443167
0.639276
0.247108
0.364501
0.271578
0.271578
0.6299
0.260856
0.304138
0.000153
0.999791
0.876048
0.833554
0.034116
0.034116
0.680552
0.382366
0.382366
0.439722
0.275519
0.15855
0.653739
0.482193
0.351724
0.655786
0.36921
0.304903
0.507693
0.517225
0.522538
0.428292
0.388357
0.112802
0.112802
0.112802
0.537182
0.188744
0.166088
0.465787
0.271459
0.520805
0.330476
0.178659
0.939222
0.178659
0.935097
0.718356
0.432548
0.781296
0.610669
0.610669
0.366506
0.844165
0.753712
0.691403
0.851907
0.783075
0.215669
0.556641
0.782704
0.835496
0.359502
0.720077
0.359502
0.658575
0.460099
0.317794
0.19127
0.455737
0.387711
0.387711
0.387711
0.726334
0.415135
0.274123
0.095808
0.222821
0.218729
0.156457
0.042124
0.345321
0.177769
0.136719
0.255198
0.255198
0.208638
0.208638
0.042124
0.84306
0.224186
0.259439
0.259439
0.658637
0.16573
0.224186
0.66144
0.045029
0.13591
0.045029
0.045029
0.535212
0.210856
0.13591
0.170947
0.468438
0.439384
0.37385
0.37385
0.182556
0.634844
0.855604
0.310413
0.169822
0.381067
0.310413
0.381067
0.438683
0.474279
0.510994
0.763872
0.37106
0.601147
0.455167
0.695203
0.752776
0.269775
0.452691
0.452691
0.794819
0.639024
0.869575
0.569499
0.538136
0.538136
0.69976
0.538136
0.538136
0.538136
0.538136
0.500202
0.500202
0.500202
0.500202
0.363043
0.408738
0.363043
0.210446
0.151987
0.639429
0.373295
0.565738
0.620374
0.191465
0.233659
0.233659
0.233659
0.233659
0.157802
0.627609
0.292033
0.292033
0.157802
0.157802
0.157802
0.222194
0.382453
0.367488
0.367488
0.791453
0.739272
0.606142
0.347066
0.347066
0.270323
0.904364
0.751287
0.655088
0.368294
0.498334
0.359345
0.428105
0.428105
0.401421
0.478138
0.74057
0.62926
0.609166
0.336251
0.634635
0.901363
0.738134
0.115086
0.24865
0.367441
0.104671
0.010887
0.104671
0.010887
0.55385
0.261206
0.687963
0.124058
0.124058
0.248651
0.010887
0.178458
0.530902
0.282337
0.284937
0.058412
0.115086
0.360905
0.360905
0.43626
0.360905
0.360905
0.266068
0.126938
0.432963
0.437164
0.415828
0.415828
0.415828
0.456333
0.456333
0.456333
0.456333
0.632372
0.695994
0.241449
0.581345
0.402627
0.489946
0.489946
0.621415
0.388396
0.388396
0.154435
0.154435
0.22376
0.408656
0.408656
0.377809
0.660869
0.653818
0.389279
0.366146
0.373155
0.648392
0.804354
0.562221
0.433732
0.433732
0.433732
0.218579
0.372714
0.683759
0.361173
0.296604
0.117478
0.117478
0.353204
0.353204
0.589084
0.117478
0.338413
0.370488
0.370488
0.50749
0.337822
0.182165
0.337822
0.662794
0.633754
0.530889
0.486735
0.39046
0.39046
0.39046
0.39046
0.475974
0.475974
0.475974
0.377051
0.650581
0.28523
0.424251
0.424251
0.586389
0.381555
0.64117
0.798516
0.381555
0.425492
0.425492
0.120656
0.120656
0.120656
0.413501
0.413501
0.413501
0.16447
0.120656
0.050993
0.203469
0.398843
0.223861
0.201698
0.330429
0.201698
0.298112
0.298112
0.304265
0.304265
0.304265
0.514298
0.840879
0.514298
0.317537
0.317537
0.672237
0.822429
0.64928
0.28348
0.28348
0.531491
0.501326
0.614765
0.146829
0.232677
0.184728
0.402325
0.695114
0.993781
0.291255
0.753853
0.326669
0.779457
0.807922
0.883861
0.367592
0.242983
0.504938
0.791713
0.780897
0.493279
0.456206
0.456206
0.456206
0.317423
0.208055
0.749939
0.151015
0.151015
0.506363
0.630445
0.575971
0.506363
0.630445
0.528385
0.336723
0.538639
0.523969
0.445694
0.523969
0.318992
0.445694
0.256518
0.27521
0.687601
0.780666
0.633548
0.715187
0.662139
0.253089
0.281487
0.420068
0.739041
0.421924
0.533477
0.421924
0.354934
0.423434
0.915553
0.915553
0.314475
0.725988
0.123444
0.303252
0.409745
0.409745
0.409745
0.372929
0.389894
0.389894
0.17178
0.422422
0.625631
0.415996
0.441692
0.542123
0.552518
0.395122
0.547663
0.488123
0.488123
0.488123
0.488123
0.591254
0.510632
0.230005
0.317006
0.66505
0.537226
0.396844
0.348703
0.513319
0.738741
0.255477
0.194685
0.399731
0.399731
0.499017
0.499017
0.499017
0.364686
0.364686
0.364686
0.364686
0.414538
0.493354
0.362553
0.362553
0.297858
0.297858
0.10066
0.258973
0.528467
0.40691
0.551305
0.40691
0.359909
0.632852
0.375284
0.375284
0.181079
0.181079
0.627775
0.519621
0.519621
0.519621
0.519621
0.519621
0.340322
0.646311
0.632869
0.468835
0.468835
0.468835
0.51819
0.382179
0.327522
0.291553
0.469998
0.348851
0.522673
0.651884
0.346072
0.702445
0.642647
0.660213
0.447619
0.447619
0.301269
0.275766
0.275766
0.428203
0.428203
0.428203
0.078276
0.842651
0.89235
0.877668
0.552356
0.58712
0.394964
0.497096
0.497096
0.247981
0.740249
0.254753
0.453341
0.673268
0.94682
0.748272
0.482637
0.482637
0.328327
0.328327
0.288486
0.347136
0.669473
0.070413
0.69449
0.859567
0.532798
0.524612
0.268308
0.800236
0.558198
0.695036
0.798302
0.644203
0.489478
0.489478
0.489478
0.489478
0.050249
0.262834
0.460415
0.286843
0.156432
0.209008
0.70823
0.16347
0.16347
0.261366
0.563775
0.124386
0.050249
0.141945
0.39265
0.523671
0.253276
0.180968
0.327737
0.349805
0.024844
0.169779
0.565322
0.630954
0.304736
0.339581
0.339581
0.339581
0.38526
0.64739
0.64739
0.56121
0.421547
0.1402
0.405866
0.665658
0.74
0.560068
0.660456
0.754115
0.697652
0.674859
0.566638
0.311594
0.907691
0.329681
0.644908
0.069742
0.444884
0.235375
0.558012
0.325183
0.286345
0.455254
0.455254
0.313796
0.829014
0.313796
0.313796
0.461694
0.192195
0.378726
0.378726
0.378726
0.313796
0.313796
0.313796
0.082302
0.116753
0.080251
0.412029
0.1934
0.326119
0.326119
0.276545
0.415891
0.415891
0.516921
0.871043
0.300595
0.43329
0.315335
0.398325
0.273661
0.067322
0.32199
0.199889
0.214123
0.339594
0.452052
0.617318
0.246206
0.292233
0.591865
0.425701
0.425701
0.481293
0.481293
0.481293
0.153978
0.153978
0.656823
0.276296
0.276296
0.377133
0.145333
0.991791
0.321732
0.762558
0.321732
0.275086
0.275086
0.769896
0.704239
0.08658
0.316005
0.748691
0.08658
0.08658
0.08658
0.195494
0.379402
0.224263
0.08658
0.339552
0.564626
0.420554
0.420554
0.45099
0.569807
0.66202
0.271204
0.695923
0.521483
0.417437
0.417437
0.314295
0.370791
0.279944
0.290743
0.290743
0.153538
0.286923
0.153538
0.256503
0.476036
0.476036
0.476036
0.23549
0.290016
0.61581
0.429255
0.446247
0.222819
0.30794
0.348154
0.462049
0.680986
0.388185
0.388185
0.361282
0.388185
0.388185
0.541296
0.318752
0.361282
0.708904
0.201064
0.48868
0.48868
0.48868
0.48868
0.454193
0.472941
0.494779
0.795284
0.711603
0.695011
0.133624
0.468649
0.438301
0.721913
0.133624
0.31391
0.438301
0.438301
0.31391
0.668033
0.229828
0.209549
0.448804
0.416173
0.416173
0.489143
0.340245
0.216287
0.216287
0.384964
0.623232
0.384964
0.375632
0.558449
0.384964
0.384964
0.302055
0.302055
0.34802
0.34802
0.363307
0.363307
0.772648
0.148138
0.363307
0.363307
0.567315
0.567315
0.567315
0.567315
0.75572
0.567315
0.567315
0.567315
0.6055
0.95782
0.000473
0.0809
0.0809
0.0809
0.081902
0.334824
0.004039
0.993867
0.999651
0.914322
0.914322
0.99983
0.981485
0.914322
0.999713
0.914322
0.984997
0.914322
0.914322
0.914322
0.914322
0.985444
0.914322
0.914322
0.914322
0.978913
0.000337
0.0001
0.000409
0.000409
0.695976
0.636262
0.499331
0.499331
0.499331
0.298195
0.298195
0.239218
0.359215
0.239218
0.247427
0.247427
0.082042
0.301907
0.301907
0.606546
0.441462
0.441462
0.606546
0.548247
0.003327
0.20659
0.538272
0.624394
0.664672
0.320864
0.370089
0.370089
0.235274
0.848953
0.640096
0.468481
0.65964
0.622062
0.729825
0.662586
0.528507
0.345933
0.183469
0.577048
0.305479
0.313548
0.607218
0.267478
0.094463
0.247312
0.394328
0.614413
0.389203
0.389203
0.389203
0.44872
0.44872
0.394206
0.716438
0.508737
0.567532
0.577381
0.635841
0.765278
0.79329
0.247793
0.723747
0.395514
0.459296
0.459296
0.459296
0.56268
0.405302
0.131917
0.297624
0.169656
0.764047
0.353371
0.35271
0.35271
0.69067
0.193354
0.538033
0.365524
0.365524
0.193354
0.356136
0.620354
0.419723
0.791052
0.397393
0.397393
0.397393
0.42526
0.42526
0.42526
0.42526
0.063282
0.259089
0.259089
0.367048
0.367048
0.367048
0.562259
0.638656
0.302136
0.302136
0.531605
0.780757
0.437535
0.437535
0.64111
0.510429
0.327941
0.435344
0.435344
0.383167
0.383167
0.383167
0.519361
0.587975
0.331479
0.363723
0.654866
0.223773
0.223773
0.410724
0.410724
0.572425
0.199573
0.199573
0.199573
0.199573
0.311943
0.311943
0.126149
0.126149
0.446085
0.371057
0.371057
0.11739
0.817125
0.574342
0.11739
0.464522
0.289006
0.600063
0.792198
0.893391
0.545552
0.839541
0.545552
0.545552
0.545552
0.545552
0.809501
0.545552
0.351265
0.351265
0.458201
0.458201
0.390492
0.445399
0.710749
0.445399
0.921799
0.154991
0.468626
0.775693
0.736216
0.36143
0.265841
0.416966
0.416966
0.792436
0.687661
0.530073
0.530073
0.530073
0.729312
0.951554
0.247996
0.435262
0.833296
0.762145
0.358117
0.653522
0.480346
0.553373
0.383033
0.700827
0.393952
0.627598
0.629823
0.552191
0.431832
0.492875
0.492875
0.316338
0.772606
0.83423
0.925973
0.251785
0.494673
0.518874
0.697097
0.29349
0.408228
0.223336
0.298411
0.220555
0.082253
0.375103
0.375103
0.375103
0.375103
0.16951
0.191643
0.042892
0.300096
0.201374
0.468537
0.042892
0.65366
0.30186
0.30186
0.128565
0.128565
0.128565
0.482966
0.255038
0.434793
0.434793
0.2514
0.565288
0.468425
0.2514
0.384747
0.384747
0.384747
0.673213
0.85199
0.446203
0.480645
0.620336
0.480645
0.480645
0.779411
0.074386
0.451929
0.369004
0.369004
0.295232
0.175693
0.175693
0.442541
0.145997
0.026733
0.026733
0.254785
0.428872
0.369304
0.026733
0.28632
0.28632
0.28632
0.026733
0.334358
0.598232
0.598232
0.284531
0.284531
0.518135
0.469632
0.454715
0.234523
0.349044
0.375641
0.306179
0.251076
0.07406
0.260242
0.30812
0.410713
0.684235
0.263253
0.263253
0.306179
0.599137
0.267807
0.268182
0.440486
0.503021
0.600121
0.387625
0.000282
0.131318
0.335729
0.335729
0.374493
0.293205
0.659858
0.469209
0.402028
0.36841
0.285333
0.166323
0.166323
0.265896
0.467159
0.467159
0.438937
0.557369
0.433472
0.510281
0.510281
0.647525
0.510281
0.510281
0.800164
0.510281
0.698197
0.770682
0.618535
0.110813
0.273459
0.533035
0.329043
0.329043
0.610542
0.424592
0.579057
0.688327
0.387031
0.553639
0.477144
0.477144
0.514705
0.17708
0.17708
0.17708
0.17708
0.360457
0.489907
0.489907
0.825
0.424451
0.784649
0.424451
0.431734
0.314161
0.555564
0.371913
0.313259
0.244223
0.716811
0.681173
0.244223
0.169625
0.79524
0.459888
0.169625
0.496973
0.363533
0.363533
0.17849
0.314894
0.455948
0.395862
0.314894
0.369039
0.29664
0.52622
0.114471
0.505676
0.817734
0.114471
0.386051
0.603389
0.417451
0.134218
0.760544
0.452292
0.293721
0.264047
0.588324
0.359143
0.563583
0.332581
0.332581
0.308282
0.285133
0.377376
0.575408
0.443343
0.443343
0.404073
0.404073
0.404073
0.404073
0.367789
0.478016
0.652738
0.645212
0.465902
0.57883
0.643452
0.456366
0.456366
0.448867
0.723263
0.737096
0.724749
0.705921
0.263045
0.480963
0.480963
0.530614
0.532804
0.532804
0.532804
0.532804
0.69105
0.487792
0.593118
0.517798
0.628857
0.667468
0.38756
0.456241
0.491719
0.608565
0.634819
0.511746
0.561403
0.659646
0.700385
0.579284
0.560654
0.606409
0.626586
0.790813
0.688225
0.470883
0.64183
0.452545
0.452545
0.445022
0.445022
0.749704
0.688186
0.516903
0.773341
0.39205
0.498358
0.643155
0.45288
0.367979
0.367979
0.340216
0.424509
0.851417
0.820207
0.643209
0.643209
0.392446
0.310061
0.692887
0.379605
0.684486
0.686768
0.230652
0.732056
0.631066
0.672817
0.712592
0.631066
0.770976
0.590187
0.770976
0.631066
0.631066
0.631066
0.631066
0.200662
0.806773
0.534721
0.745707
0.573217
0.42274
0.494469
0.695599
0.511509
0.511509
0.459015
0.624175
0.459015
0.80288
0.516607
0.78476
0.688502
0.354256
0.683775
0.487252
0.634142
0.431598
0.431598
0.350837
0.579094
0.463277
0.570317
0.5275
0.570317
0.397773
0.459417
0.459417
0.459417
0.459417
0.421194
0.421194
0.421194
0.384074
0.907537
0.820312
0.384074
0.384074
0.584056
0.195758
0.335802
0.455491
0.342215
0.606713
0.527775
0.52637
0.458377
0.563485
0.52637
0.666522
0.27127
0.393358
0.393358
0.429998
0.429998
0.284514
0.63757
0.741083
0.576116
0.497772
0.497772
0.497772
0.323301
0.046573
0.52094
0.203327
0.76816
0.435423
0.435423
0.462012
0.607725
0.558169
0.692593
0.558169
0.558169
0.558169
0.558169
0.632995
0.669875
0.490883
0.725012
0.623937
0.276268
0.667929
0.406068
0.632437
0.661507
0.248202
0.632668
0.344898
0.344898
0.344898
0.344898
0.197185
0.79482
0.245888
0.197185
0.289631
0.105616
0.105616
0.231906
0.392459
0.249454
0.098081
0.35859
0.593646
0.358591
0.358591
0.358591
0.105616
0.105616
0.231906
0.231906
0.105616
0.105616
0.00632
0.072672
0.41324
0.00632
0.186392
0.186392
0.098081
0.316866
0.485752
0.31152
0.567693
0.634248
0.327054
0.146879
0.282365
0.146879
0.420262
0.512796
0.420262
0.305687
0.734705
0.353914
0.353914
0.12101
0.239201
0.56706
0.480938
0.480938
0.480938
0.653425
0.824726
0.392989
0.677756
0.392989
0.283805
0.205626
0.421135
0.389848
0.389848
0.377476
0.393976
0.251112
0.304389
0.304389
0.446933
0.446933
0.32896
0.254043
0.654531
0.410116
0.379186
0.659975
0.621047
0.514907
0.52008
0.563266
0.563266
0.563266
0.563266
0.224691
0.722866
0.639653
0.375542
0.487251
0.375542
0.527436
0.681019
0.225472
0.797746
0.458493
0.352814
0.240721
0.225472
0.519016
0.457701
0.457701
0.51073
0.372274
0.522751
0.744454
0.591574
0.725498
0.413894
0.386735
0.742768
0.588056
0.790635
0.53445
0.64683
0.475985
0.560426
0.28022
0.530251
0.530251
0.545697
0.545697
0.530251
0.530251
0.472001
0.287574
0.604034
0.485363
0.485363
0.660049
0.485363
0.161842
0.161842
0.161842
0.414309
0.414309
0.540729
0.483487
0.533633
0.483487
0.396618
0.620953
0.792622
0.247547
0.247547
0.699749
0.656947
0.655483
0.478592
0.478592
0.754319
0.307381
0.717988
0.247838
0.247838
0.233671
0.233671
0.404501
0.404501
0.300256
0.657456
0.41298
0.41298
0.16442
0.320691
0.392589
0.392589
0.631626
0.457052
0.513671
0.499058
0.415993
0.417216
0.59576
0.703541
0.4212
0.676302
0.587749
0.387895
0.4382
0.4382
0.41347
0.41347
0.538685
0.403992
0.180622
0.697359
0.630458
0.462804
0.36985
0.328547
0.328547
0.332437
0.437892
0.654223
0.61714
0.739298
0.038507
0.249369
0.135295
0.250228
0.655113
0.144868
0.422051
0.280775
0.112967
0.135295
0.106613
0.081916
0.041832
0.140869
0.140869
0.041832
0.038507
0.432854
0.765012
0.235858
0.409138
0.409138
0.933391
0.65143
0.778087
0.348769
0.720776
0.255036
0.479506
0.479506
0.479506
0.469226
0.469226
0.588762
0.572915
0.641701
0.773188
0.448635
0.194115
0.381712
0.607469
0.451846
0.451846
0.451846
0.155572
0.451846
0.451846
0.451846
0.303188
0.658264
0.796243
0.363954
0.485875
0.485875
0.404627
0.842195
0.649851
0.769315
0.169283
0.216145
0.216145
0.216145
0.006808
0.006808
0.616828
0.080655
0.12626
0.708625
0.109077
0.109077
0.192876
0.006808
0.105222
0.105222
0.006808
0.324554
0.324554
0.324554
0.324554
0.006808
0.166562
0.525266
0.454259
0.554255
0.233732
0.658315
0.233732
0.233732
0.233732
0.045419
0.824014
0.384171
0.700685
0.621357
0.13371
0.13371
0.13371
0.346079
0.297094
0.045419
0.045419
0.683686
0.138757
0.045419
0.223264
0.223264
0.567755
0.377437
0.493929
0.294773
0.294773
0.442925
0.361853
0.02976
0.166426
0.595004
0.608354
0.468245
0.542914
0.298969
0.311164
0.549523
0.659267
0.409646
0.409646
0.409646
0.409646
0.02976
0.367607
0.193959
0.193959
0.366382
0.289221
0.672849
0.480039
0.480039
0.260883
0.260883
0.54609
0.377418
0.377418
0.544702
0.443966
0.529029
0.219021
0.325543
0.325543
0.111745
0.111745
0.111745
0.446922
0.62434
0.46087
0.170021
0.672312
0.284477
0.526311
0.702096
0.753031
0.702096
0.495958
0.463996
0.671188
0.381379
0.596169
0.736378
0.759289
0.729951
0.83106
0.388935
0.659299
0.596386
0.659299
0.659299
0.423853
0.76082
0.513842
0.437531
0.373953
0.373953
0.567602
0.438296
0.438296
0.15824
0.346724
0.307625
0.329526
0.395387
0.395387
0.716041
0.395387
0.141014
0.661409
0.321622
0.1344
0.658291
0.214913
0.1344
0.214913
0.1344
0.616481
0.686932
0.30239
0.236808
0.236808
0.185037
0.495481
0.329007
0.185037
0.873236
0.806379
0.676019
0.306344
0.500177
0.500177
0.876103
0.722603
0.670629
0.597779
0.409008
0.718414
0.564955
0.430786
0.430786
0.312464
0.67835
0.662115
0.475935
0.664133
0.454075
0.454075
0.454075
0.493117
0.423182
0.423182
0.604902
0.394891
0.394891
0.553752
0.554078
0.554078
0.554078
0.554078
0.358397
0.714138
0.610795
0.1145
0.160605
0.308267
0.274842
0.160605
0.160605
0.042729
0.155747
0.042729
0.509313
0.521854
0.390659
0.390659
0.19281
0.042729
0.3305
0.3305
0.254089
0.345841
0.345841
0.23522
0.370409
0.23522
0.370059
0.206761
0.685124
0.654861
0.675511
0.494228
0.494228
0.494228
0.316434
0.123463
0.67367
0.254025
0.532714
0.532714
0.608319
0.554821
0.554821
0.554821
0.554821
0.554821
0.28075
0.46304
0.46304
0.498377
0.416604
0.416604
0.680105
0.316195
0.316195
0.316195
0.316195
0.519234
0.519234
0.519234
0.519234
0.519234
0.600147
0.683575
0.683575
0.558107
0.558107
0.558107
0.558107
0.558107
0.851932
0.411201
0.683746
0.377356
0.370038
0.370038
0.170357
0.562247
0.819561
0.451549
0.103799
0.598152
0.431315
0.526983
0.431315
0.431315
0.103799
0.103799
0.395482
0.395482
0.395482
0.103799
0.103799
0.519871
0.519871
0.519871
0.519871
0.759178
0.454672
0.454672
0.224083
0.524682
0.524682
0.524682
0.524682
0.518976
0.518976
0.518976
0.238064
0.481666
0.958983
0.657121
0.557075
0.335553
0.110219
0.313009
0.439329
0.439329
0.343527
0.269236
0.331158
0.331158
0.313009
0.55884
0.594672
0.41183
0.572119
0.572119
0.416013
0.543766
0.679821
0.56599
0.712272
0.49711
0.568987
0.451948
0.561334
0.385259
0.385259
0.385259
0.385259
0.245564
0.394973
0.625253
0.59518
0.240624
0.605922
0.533894
0.655039
0.533894
0.533894
0.170054
0.402556
0.438097
0.438097
0.559337
0.559337
0.559337
0.559337
0.559337
0.435383
0.435383
0.194331
0.606022
0.381334
0.202174
0.126938
0.126938
0.126938
0.076921
0.386779
0.278309
0.242271
0.557452
0.242271
0.076921
0.506193
0.076921
0.076921
0.531955
0.557227
0.542164
0.787959
0.570756
0.503144
0.503144
0.503144
0.455101
0.455101
0.586018
0.420317
0.661353
0.541253
0.335354
0.120239
0.430826
0.335354
0.120239
0.414071
0.903467
0.484353
0.827477
0.445924
0.635693
0.667551
0.521165
0.521165
0.521165
0.400894
0.539656
0.304151
0.686016
0.701625
0.516697
0.437595
0.437595
0.532484
0.464528
0.464528
0.537474
0.344042
0.342163
0.410086
0.553654
0.596353
0.568063
0.282902
0.355755
0.337826
0.264247
0.113498
0.154116
0.385772
0.526263
0.526263
0.113498
0.751938
0.577019
0.423033
0.329475
0.336626
0.423033
0.61489
0.617932
0.341793
0.432606
0.389312
0.428336
0.428336
0.204759
0.45275
0.453904
0.453904
0.453904
0.204759
0.661136
0.351386
0.523238
0.319282
0.100774
0.100774
0.389664
0.389664
0.257819
0.442115
0.100774
0.183494
0.183494
0.3849
0.3849
0.396555
0.407821
0.574005
0.574005
0.507632
0.507632
0.507632
0.642802
0.578653
0.450408
0.851318
0.401253
0.522378
0.395313
0.268498
0.096111
0.570719
0.318674
0.14782
0.643212
0.316959
0.202987
0.044771
0.044771
0.435761
0.261883
0.437793
0.419286
0.491544
0.282088
0.158496
0.583163
0.417722
0.468107
0.468107
0.528171
0.610047
0.528171
0.825417
0.576274
0.528171
0.528171
0.528171
0.528171
0.528171
0.418633
0.320424
0.220932
0.272989
0.459536
0.459536
0.564106
0.405072
0.555306
0.102783
0.405072
0.102783
0.541499
0.501011
0.434671
0.434671
0.346534
0.379383
0.689916
0.148846
0.148846
0.597376
0.148846
0.148846
0.608095
0.235785
0.330458
0.330458
0.668442
0.535579
0.535579
0.535579
0.535579
0.535579
0.60337
0.375604
0.411641
0.463232
0.463232
0.548368
0.230019
0.450702
0.521849
0.472599
0.36612
0.367093
0.313328
0.173852
0.353602
0.353602
0.353602
0.353602
0.316623
0.351329
0.230535
0.615922
0.289943
0.386182
0.585058
0.659088
0.37887
0.615153
0.458688
0.458688
0.665289
0.658814
0.806995
0.411893
0.546992
0.578063
0.469302
0.469302
0.495302
0.495302
0.495302
0.322144
0.582798
0.679967
0.368729
0.368729
0.620153
0.557853
0.256903
0.716615
0.434759
0.434759
0.590987
0.290774
0.410973
0.313622
0.313622
0.129141
0.290774
0.129141
0.393906
0.681894
0.533116
0.533116
0.533116
0.874505
0.40711
0.745868
0.331748
0.664801
0.467442
0.570306
0.465816
0.465816
0.775671
0.553688
0.384704
0.539896
0.482435
0.482435
0.258309
0.482974
0.350343
0.810475
0.667558
0.282788
0.223161
0.477838
0.642895
0.28797
0.272159
0.368855
0.368855
0.311308
0.604374
0.19531
0.33789
0.408107
0.408107
0.719625
0.473567
0.473567
0.700475
0.358541
0.358541
0.147396
0.358541
0.358541
0.201841
0.201841
0.201841
0.201841
0.544442
0.299434
0.43692
0.361058
0.68465
0.330871
0.64769
0.139713
0.218661
0.268007
0.139713
0.194261
0.482525
0.482525
0.482525
0.482525
0.271722
0.27509
0.550236
0.550236
0.437673
0.57955
0.455023
0.435657
0.591828
0.374177
0.265627
0.455881
0.455881
0.710692
0.778506
0.710692
0.710692
0.710692
0.710692
0.710692
0.710692
0.710692
0.710692
0.710692
0.710692
0.574493
0.189445
0.75654
0.376197
0.376197
0.612836
0.351729
0.464868
0.351729
0.409796
0.564062
0.517102
0.480638
0.357712
0.527332
0.527332
0.527332
0.527332
0.420724
0.420724
0.420649
0.420649
0.383744
0.383744
0.385188
0.035831
0.035831
0.035831
0.035831
0.035831
0.279816
0.420791
0.420791
0.326545
0.326545
0.035831
0.071077
0.165052
0.035831
0.4022
0.4022
0.60365
0.523889
0.616194
0.523889
0.523889
0.562685
0.366404
0.366404
0.086148
0.565352
0.267811
0.90529
0.441549
0.294473
0.294473
0.320012
0.742635
0.408124
0.374052
0.374052
0.705115
0.584982
0.584982
0.513502
0.364578
0.326558
0.461581
0.461581
0.26215
0.444966
0.514639
0.076929
0.330021
0.638511
0.549699
0.500045
0.073908
0.073908
0.325032
0.11589
0.361501
0.112987
0.240788
0.240788
0.011454
0.011454
0.267902
0.72596
0.011454
0.130398
0.130398
0.071056
0.10034
0.313082
0.442011
0.442011
0.604063
0.357322
0.357322
0.675749
0.365892
0.538034
0.493347
0.613543
0.653191
0.426596
0.426596
0.412019
0.284046
0.284046
0.564228
0.333917
0.794814
0.482246
0.097274
0.400841
0.230586
0.166892
0.589441
0.329905
0.301092
0.301092
0.297213
0.686689
0.417284
0.687312
0.592274
0.535318
0.535318
0.535318
0.36423
0.457717
0.457717
0.457717
0.791093
0.142429
0.061064
0.061064
0.520933
0.350053
0.350053
0.441853
0.441853
0.441853
0.083849
0.558254
0.387579
0.546627
0.33677
0.563222
0.710566
0.689025
0.588249
0.535476
0.648779
0.535476
0.648779
0.73153
0.648779
0.247015
0.542378
0.628653
0.542378
0.542378
0.542378
0.85215
0.380302
0.419331
0.419331
0.432371
0.432371
0.463796
0.463796
0.480606
0.480606
0.480606
0.407988
0.407988
0.407988
0.407988
0.209792
0.353069
0.608457
0.468554
0.353069
0.558236
0.484759
0.484759
0.401684
0.781891
0.021205
0.021205
0.021205
0.021205
0.35998
0.544989
0.200528
0.021205
0.148266
0.148266
0.088227
0.021205
0.021205
0.021205
0.021205
0.021205
0.322457
0.382118
0.382118
0.209286
0.38269
0.647976
0.330219
0.634774
0.634774
0.330219
0.363623
0.445933
0.445933
0.194831
0.7087
0.598204
0.194831
0.194831
0.194831
0.409525
0.409525
0.415943
0.155138
0.484238
0.484238
0.469455
0.286713
0.955835
0.872456
0.086541
0.086541
0.011335
0.633756
0.276108
0.573922
0.406265
0.276108
0.276108
0.011335
0.186969
0.186969
0.252957
0.449638
0.116998
0.116998
0.208958
0.328263
0.328263
0.328263
0.328263
0.08925
0.185331
0.06281
0.207895
0.207895
0.476869
0.13225
0.020462
0.028298
0.028298
0.222811
0.222811
0.395689
0.040538
0.289545
0.145357
0.145357
0.152143
0.028298
0.28002
0.658796
0.28002
0.527477
0.377409
0.539619
0.455304
0.527477
0.427001
0.151647
0.543667
0.694035
0.670761
0.543667
0.61367
0.543667
0.485711
0.278553
0.312919
0.353704
0.458746
0.458746
0.289682
0.369392
0.369392
0.220462
0.418206
0.418206
0.452507
0.452507
0.55709
0.494128
0.494128
0.430472
0.143359
0.535352
0.269363
0.269363
0.269363
0.33847
0.33847
0.601053
0.330255
0.379525
0.569241
0.400548
0.638243
0.254375
0.416858
0.416858
0.14561
0.507065
0.507065
0.507065
0.507065
0.116168
0.505048
0.423112
0.423112
0.464658
0.464658
0.306204
0.111857
0.353695
0.126745
0.126745
0.012331
0.012331
0.012331
0.174696
0.012331
0.07993
0.126745
0.126745
0.57864
0.235684
0.235684
0.235684
0.012331
0.155211
0.651045
0.155211
0.398484
0.316084
0.206331
0.206331
0.38125
0.38125
0.647215
0.219973
0.309911
0.309911
0.113851
0.113851
0.309911
0.309911
0.41683
0.41683
0.738072
0.219103
0.480042
0.312065
0.43986
0.43986
0.43986
0.505484
0.717027
0.30036
0.609032
0.407109
0.441979
0.791065
0.441979
0.408232
0.408232
0.68106
0.406367
0.370992
0.370992
0.591066
0.472823
0.168665
0.319607
0.319607
0.304664
0.304664
0.726503
0.498361
0.428435
0.726503
0.612255
0.499354
0.399002
0.399002
0.358111
0.637838
0.767262
0.189795
0.149254
0.377804
0.743836
0.879072
0.337593
0.797259
0.337593
0.243575
0.715327
0.559154
0.707328
0.559154
0.559154
0.559154
0.777646
0.559154
0.622798
0.559154
0.188018
0.197544
0.534666
0.45373
0.395748
0.395748
0.254937
0.358329
0.281951
0.108821
0.318652
0.318652
0.367922
0.367922
0.108821
0.512768
0.582672
0.613856
0.427959
0.067793
0.067793
0.362271
0.427959
0.427959
0.427959
0.579566
0.418519
0.290804
0.140666
0.363064
0.363064
0.281307
0.281307
0.47298
0.532881
0.532881
0.532881
0.254948
0.413155
0.184195
0.184195
0.184195
0.667099
0.60597
0.60597
0.273307
0.456478
0.456478
0.456478
0.422602
0.422602
0.626344
0.302659
0.372061
0.938149
0.205243
0.205243
0.712591
0.651527
0.741507
0.228073
0.646173
0.402597
0.461358
0.169376
0.240465
0.240465
0.299606
0.245228
0.126138
0.278804
0.402597
0.449797
0.369822
0.228012
0.032366
0.186362
0.032366
0.192655
0.351067
0.192655
0.662923
0.66275
0.426358
0.426358
0.651486
0.440021
0.440021
0.374915
0.439473
0.439473
0.596179
0.35826
0.301737
0.602685
0.46606
0.415391
0.46606
0.187595
0.187595
0.187595
0.187595
0.543245
0.454469
0.69898
0.350638
0.108125
0.250266
0.593268
0.624488
0.390069
0.390069
0.523658
0.342861
0.482018
0.399464
0.399464
0.51327
0.333291
0.431209
0.431209
0.431209
0.545138
0.360993
0.424229
0.424229
0.711822
0.245777
0.289449
0.289449
0.476135
0.476135
0.37942
0.37942
0.289449
0.289449
0.320773
0.692368
0.476019
0.476019
0.476019
0.222091
0.157173
0.419947
0.335449
0.546872
0.480609
0.401176
0.253838
0.06985
0.253838
0.223841
0.401331
0.529891
0.455819
0.617338
0.437247
0.456559
0.604429
0.446927
0.446927
0.398321
0.398321
0.105505
0.38277
0.105505
0.105505
0.105505
0.320618
0.461278
0.461278
0.249423
0.372606
0.262224
0.403783
0.672478
0.470303
0.356664
0.356664
0.138584
0.138584
0.362041
0.594252
0.462948
0.380801
0.380801
0.756978
0.351398
0.351398
0.468922
0.468922
0.468922
0.468922
0.000162
0.000101
0.000573
0.086964
0.002832
0.002832
0.000392
0.003875
0.000406
0.000406
0.000582
0.052845
0.596732
0.002688
0.002688
0.000317
0.108094
0.00305
0.00305
0.273521
0.038215
0.000542
0.006965
0.00057
0.000486
0.485888
0.485888
0.485888
0.485888
0.485888
0.793023
0.289124
0.289124
0.373937
0.373937
0.373937
0.373937
0.373937
0.373937
0.477069
0.55395
0.206922
0.493734
0.493734
0.499108
0.764538
0.547841
0.474732
0.334725
0.23634
0.446477
0.606593
0.446477
0.476625
0.476625
0.288984
0.288984
0.15215
0.15215
0.431041
0.57241
0.57241
0.474332
0.474332
0.598296
0.352607
0.4531
0.529288
0.440512
0.38892
0.590055
0.671219
0.38892
0.303801
0.597146
0.491697
0.491697
0.513058
0.642686
0.557403
0.320094
0.605996
0.554175
0.582137
0.643615
0.396074
0.570661
0.325715
0.541891
0.616193
0.616193
0.451732
0.27246
0.524414
0.427964
0.176794
0.420288
0.027659
0.027659
0.247992
0.182775
0.027659
0.027659
0.313521
0.313521
0.313521
0.027659
0.581843
0.307025
0.435793
0.435793
0.435793
0.355897
0.355897
0.366765
0.6743
0.504937
0.160684
0.160684
0.160684
0.160684
0.409975
0.367502
0.367502
0.386853
0.367612
0.430323
0.430323
0.27756
0.602235
0.62725
0.760256
0.645317
0.612069
0.497848
0.591171
0.63175
0.63175
0.772024
0.464527
0.541817
0.541817
0.541817
0.541817
0.652526
0.745512
0.639805
0.444485
0.536293
0.301242
0.50127
0.210511
0.210511
0.700537
0.579404
0.553058
0.7142
0.820676
0.649765
0.457523
0.457523
0.522852
0.683398
0.792836
0.210747
0.098523
0.416087
0.426283
0.426283
0.426283
0.567722
0.32418
0.303264
0.527296
0.36913
0.233871
0.233871
0.552487
0.027194
0.040128
0.150848
0.043211
0.043211
0.307692
0.036015
0.038623
0.040128
0.043211
0.043211
0.027194
0.040491
0.1987
0.1987
0.24165
0.06167
0.243195
0.145437
0.043211
0.043211
0.06083
0.027194
0.043211
0.043211
0.143839
0.143839
0.155779
0.38102
0.269513
0.457295
0.043211
0.043211
0.123941
0.123941
0.18843
0.399272
0.399272
0.399272
0.399272
0.719208
0.524033
0.467567
0.467567
0.318877
0.318877
0.195764
0.563508
0.635125
0.69999
0.587446
0.587446
0.179168
0.179168
0.366092
0.366092
0.366092
0.366092
0.368502
0.368502
0.368502
0.368502
0.151292
0.767211
0.843789
0.20953
0.643282
0.501465
0.391169
0.391169
0.226537
0.568849
0.499156
0.297714
0.061101
0.061101
0.061101
0.061101
0.253419
0.253419
0.355966
0.355966
0.355966
0.826645
0.420723
0.420723
0.420723
0.5469
0.5469
0.309122
0.345058
0.345058
0.345058
0.24408
0.24408
0.28642
0.24408
0.24408
0.345058
0.345058
0.345058
0.06111
0.401587
0.340494
0.462801
0.462801
0.279214
0.471813
0.448499
0.448499
0.358661
0.699765
0.485646
0.251211
0.41678
0.41678
0.326921
0.685128
0.486997
0.486997
0.486997
0.486997
0.607726
0.188066
0.493356
0.493356
0.449722
0.449722
0.676974
0.077525
0.456411
0.589846
0.591788
0.490033
0.732327
0.765067
0.584346
0.439882
0.38268
0.633501
0.343182
0.343182
0.098499
0.520335
0.221604
0.406264
0.40646
0.509599
0.306994
0.034294
0.32588
0.034294
0.32588
0.034294
0.034294
0.236526
0.236526
0.034294
0.600412
0.532988
0.532988
0.532988
0.807
0.36503
0.182311
0.466049
0.414529
0.626003
0.219926
0.219926
0.175148
0.499877
0.182311
0.047061
0.321129
0.321129
0.321129
0.047061
0.56905
0.479008
0.655824
0.210717
0.210717
0.016997
0.772439
0.449349
0.449349
0.449349
0.449349
0.449349
0.164192
0.164192
0.463473
0.299545
0.463473
0.49721
0.729332
0.49721
0.369859
0.573698
0.369859
0.451787
0.198095
0.177401
0.280947
0.185337
0.185337
0.292226
0.292226
0.416973
0.416973
0.416973
0.344797
0.658742
0.465597
0.627094
0.36139
0.36139
0.276007
0.313177
0.477853
0.477853
0.469846
0.650133
0.560192
0.432683
0.718784
0.29148
0.470619
0.470619
0.470619
0.539686
0.457733
0.555085
0.457733
0.622051
0.533002
0.592044
0.504075
0.610234
0.381517
0.610234
0.38881
0.38881
0.572031
0.460785
0.460785
0.460785
0.578628
0.502512
0.677664
0.451815
0.60276
0.492752
0.374518
0.374518
0.523368
0.523368
0.523368
0.523368
0.325558
0.65178
0.400114
0.400114
0.491541
0.338891
0.409499
0.533269
0.391495
0.325221
0.569245
0.43361
0.667534
0.288424
0.435156
0.435156
0.498476
0.370834
0.40059
0.305577
0.305577
0.116411
0.314843
0.116411
0.116411
0.116411
0.116411
0.314843
0.371842
0.514625
0.42886
0.42886
0.130602
0.130602
0.130602
0.413572
0.413572
0.413572
0.480759
0.480759
0.480759
0.458572
0.458572
0.747671
0.124278
0.543832
0.440145
0.243294
0.659732
0.184878
0.321043
0.321043
0.124278
0.498282
0.395168
0.395168
0.395168
0.240747
0.413307
0.413307
0.472423
0.472423
0.349419
0.564919
0.184634
0.184634
0.262339
0.262339
0.184634
0.349419
0.349419
0.349419
0.349419
0.349419
0.255828
0.255828
0.534833
0.702727
0.397407
0.397407
0.346952
0.346952
0.339927
0.339927
0.406078
0.406078
0.406078
0.308806
0.182371
0.182371
0.516851
0.520378
0.520378
0.574778
0.401134
0.708628
0.34651
0.696865
0.378601
0.615623
0.292666
0.392943
0.392943
0.221096
0.443606
0.443606
0.443606
0.483752
0.711883
0.663897
0.741171
0.741171
0.844089
0.582224
0.382456
0.481772
0.396865
0.538203
0.538203
0.439897
0.609627
0.439897
0.45259
0.618114
0.45259
0.510391
0.414906
0.24455
0.24455
0.822813
0.328967
0.059565
0.059565
0.459782
0.328967
0.24455
0.24455
0.312675
0.312675
0.534532
0.24455
0.24455
0.320402
0.513141
0.639043
0.76344
0.36313
0.12819
0.602587
0.602587
0.454023
0.447648
0.447648
0.268002
0.455888
0.455888
0.290609
0.290609
0.159807
0.159807
0.159807
0.136305
0.136305
0.136305
0.344345
0.344345
0.503691
0.329954
0.553405
0.497389
0.347428
0.391244
0.535651
0.271287
0.271287
0.382666
0.53613
0.458997
0.587292
0.341375
0.288339
0.569011
0.364019
0.489864
0.489864
0.380789
0.807814
0.620795
0.493356
0.493356
0.598659
0.588458
0.444206
0.488712
0.314271
0.314271
0.537695
0.523169
0.523169
0.27082
0.86604
0.562769
0.562769
0.562769
0.562769
0.562769
0.562769
0.564391
0.618583
0.618583
0.689532
0.153075
0.153075
0.153075
0.153075
0.443693
0.250658
0.488955
0.488955
0.488955
0.553028
0.506573
0.35566
0.247765
0.581006
0.403607
0.403607
0.170713
0.170713
0.483109
0.476254
0.716533
0.662203
0.361456
0.216222
0.52944
0.322164
0.391215
0.387978
0.366711
0.174096
0.174096
0.174096
0.798025
0.689177
0.385105
0.747893
0.768641
0.299003
0.50629
0.50629
0.50629
0.319938
0.425371
0.425371
0.439585
0.439585
0.214998
0.592029
0.697486
0.519275
0.519275
0.519275
0.334371
0.334371
0.48088
0.48088
0.424234
0.424234
0.287182
0.729949
0.413298
0.413298
0.168549
0.339527
0.380847
0.755909
0.500857
0.501177
0.501177
0.501177
0.182524
0.401389
0.401389
0.441543
0.795526
0.270893
0.355457
0.220364
0.172155
0.172155
0.707656
0.801089
0.491891
0.491891
0.548461
0.548461
0.461874
0.294643
0.522128
0.166691
0.305957
0.305957
0.309896
0.192483
0.367527
0.633501
0.213177
0.213177
0.191979
0.238885
0.238885
0.310316
0.310316
0.325429
0.431798
0.280875
0.232778
0.50643
0.398262
0.398262
0.537378
0.596379
0.433539
0.733721
0.647772
0.662912
0.528049
0.571798
0.771562
0.596854
0.489971
0.597518
0.370107
0.370107
0.907794
0.618829
0.157332
0.688202
0.165209
0.449587
0.279908
0.434711
0.434711
0.279908
0.402837
0.402837
0.300231
0.300231
0.397382
0.416131
0.36012
0.323011
0.328381
0.328381
0.328381
0.328381
0.110062
0.323437
0.429426
0.429426
0.612981
0.284527
0.475794
0.839446
0.489577
0.489577
0.642408
0.485173
0.485173
0.480626
0.480626
0.480626
0.185038
0.287539
0.401449
0.471516
0.588615
0.316218
0.717028
0.311104
0.311104
0.345737
0.218061
0.218061
0.772643
0.120795
0.120795
0.448934
0.390128
0.390128
0.36433
0.171686
0.473141
0.380881
0.303978
0.388318
0.548135
0.152349
0.332706
0.662963
0.662963
0.744674
0.662963
0.662963
0.80127
0.662963
0.662963
0.662963
0.662963
0.662963
0.662963
0.798997
0.846766
0.239205
0.401768
0.397268
0.504555
0.504555
0.504555
0.470301
0.520175
0.470301
0.480783
0.773513
0.387785
0.620167
0.512202
0.406401
0.516698
0.56336
0.460816
0.460816
0.460816
0.460816
0.470328
0.682049
0.339758
0.135364
0.216342
0.216342
0.326411
0.326411
0.339181
0.339181
0.399327
0.399327
0.306016
0.626205
0.369377
0.369377
0.473975
0.798139
0.53496
0.358303
0.356816
0.386446
0.386446
0.457695
0.308285
0.457695
0.581458
0.2935
0.348574
0.348574
0.2935
0.41758
0.41758
0.11938
0.683961
0.247402
0.442616
0.442616
0.579191
0.322426
0.322426
0.322426
0.279412
0.279412
0.497655
0.279412
0.279412
0.058304
0.230259
0.230259
0.058304
0.230259
0.230259
0.512829
0.512829
0.526789
0.455693
0.48806
0.455693
0.621646
0.491545
0.53548
0.491545
0.452142
0.491545
0.452142
0.461193
0.304025
0.471424
0.479896
0.479896
0.951812
0.035607
0.538339
0.268678
0.131059
0.513785
0.513785
0.513785
0.513785
0.513785
0.641497
0.513785
0.434977
0.773434
0.773434
0.741108
0.434977
0.434977
0.692603
0.382905
0.382905
0.382905
0.463993
0.463993
0.463993
0.463993
0.463993
0.368801
0.494407
0.368801
0.565572
0.597557
0.420043
0.493394
0.493394
0.493394
0.493394
0.572969
0.639368
0.369909
0.422389
0.376988
0.596658
0.522131
0.601244
0.441205
0.299855
0.457571
0.457571
0.575851
0.318057
0.455806
0.455806
0.34213
0.629749
0.300087
0.398026
0.622965
0.221031
0.698418
0.492444
0.698418
0.492444
0.492444
0.442398
0.521527
0.442398
0.675957
0.490623
0.287316
0.166864
0.426886
0.541312
0.426886
0.502858
0.350029
0.350029
0.459544
0.459544
0.651278
0.507144
0.680233
0.507144
0.507144
0.507144
0.507144
0.284634
0.284634
0.340521
0.572594
0.66237
0.57576
0.423572
0.38824
0.38824
0.502627
0.502627
0.502627
0.502627
0.502627
0.379957
0.379957
0.348011
0.226517
0.35091
0.304729
0.429579
0.44437
0.407497
0.150938
0.284215
0.284215
0.363926
0.550145
0.393509
0.393509
0.279987
0.436726
0.436726
0.49891
0.49891
0.49891
0.567055
0.56239
0.361123
0.63151
0.365802
0.404642
0.404642
0.262184
0.451663
0.451663
0.607333
0.37586
0.665572
0.503929
0.790656
0.549266
0.43938
0.320451
0.320451
0.547693
0.449844
0.409712
0.577929
0.409712
0.459242
0.506712
0.69506
0.506712
0.667283
0.506712
0.649917
0.789967
0.650446
0.633786
0.425211
0.425211
0.63313
0.610078
0.507789
0.507789
0.507789
0.56671
0.56671
0.56671
0.695215
0.689885
0.380241
0.277035
0.424588
0.424588
0.506954
0.506954
0.506954
0.471984
0.471984
0.471984
0.441134
0.441134
0.730734
0.835981
0.386194
0.386194
0.58215
0.357918
0.355886
0.489863
0.168274
0.174463
0.174463
0.298744
0.298744
0.266572
0.378682
0.490773
0.248019
0.248019
0.655769
0.529115
0.70323
0.324734
0.331443
0.498556
0.331443
0.475206
0.37864
0.37864
0.450637
0.450637
0.417652
0.417652
0.407025
0.691303
0.164355
0.164355
0.164355
0.679697
0.0521
0.0521
0.31272
0.763832
0.194363
0.341445
0.202825
0.0521
0.396398
0.396398
0.396398
0.396398
0.0521
0.0521
0.341445
0.341445
0.341445
0.07867
0.434199
0.439479
0.206048
0.195146
0.480956
0.579134
0.222569
0.24731
0.367159
0.393617
0.103803
0.103803
0.103803
0.792222
0.423125
0.423125
0.518477
0.518477
0.518477
0.518477
0.018606
0.263005
0.129981
0.249185
0.129761
0.129761
0.251238
0.018606
0.141458
0.141458
0.141458
0.141458
0.141458
0.141458
0.690051
0.538392
0.535516
0.583549
0.511866
0.511866
0.421825
0.549191
0.316223
0.216255
0.564971
0.596819
0.173715
0.173715
0.173715
0.250291
0.682169
0.250291
0.085799
0.085799
0.085799
0.085799
0.085799
0.264591
0.264591
0.085799
0.610144
0.5954
0.418732
0.424001
0.543153
0.446166
0.518888
0.492414
0.492414
0.26756
0.683103
0.453927
0.576658
0.594923
0.458455
0.458455
0.333472
0.474696
0.474696
0.233587
0.345324
0.345324
0.44492
0.44492
0.44492
0.195058
0.248897
0.248897
0.620884
0.509096
0.620884
0.620884
0.509096
0.509096
0.509096
0.509096
0.509096
0.174083
0.568325
0.706065
0.47248
0.47248
0.256888
0.469117
0.469117
0.469117
0.452946
0.465027
0.465027
0.611135
0.662822
0.7016
0.611135
0.611135
0.611135
0.611135
0.611135
0.611135
0.533914
0.533914
0.533914
0.466368
0.466368
0.400433
0.252157
0.309228
0.309228
0.095462
0.724099
0.512597
0.284958
0.442199
0.442199
0.513865
0.513865
0.513865
0.442375
0.398526
0.564787
0.428087
0.342838
0.094743
0.264939
0.094743
0.704087
0.449055
0.350865
0.319856
0.319856
0.423943
0.099978
0.304903
0.224825
0.224825
0.942689
0.135479
0.281555
0.135479
0.262774
0.262774
0.262774
0.682696
0.43214
0.169529
0.169529
0.521581
0.414574
0.610559
0.450608
0.237781
0.145283
0.145283
0.237781
0.497318
0.456014
0.299898
0.299898
0.07819
0.170197
0.237602
0.237602
0.237781
0.601679
0.566553
0.454493
0.338864
0.222667
0.222667
0.395258
0.395258
0.788357
0.500879
0.28915
0.568563
0.726163
0.142062
0.388648
0.678239
0.462402
0.405482
0.405482
0.405482
0.388648
0.28915
0.474783
0.474783
0.303068
0.303068
0.477658
0.377819
0.377819
0.347412
0.347412
0.429301
0.429301
0.276014
0.471394
0.471394
0.471394
0.431645
0.431645
0.389418
0.371021
0.858939
0.36562
0.36562
0.227979
0.707754
0.340901
0.108608
0.23691
0.23691
0.325422
0.325422
0.325422
0.227979
0.313287
0.313287
0.204259
0.485257
0.170423
0.204259
0.323634
0.323634
0.323634
0.170423
0.457132
0.457132
0.457132
0.413713
0.242671
0.365127
0.325342
0.3976
0.504622
0.504622
0.404599
0.649596
0.349637
0.349637
0.349637
0.249738
0.055255
0.553879
0.189002
0.189002
0.219307
0.433574
0.243981
0.243981
0.402059
0.560913
0.359584
0.190604
0.406289
0.406289
0.406289
0.190604
0.305058
0.508028
0.442309
0.442309
0.575345
0.575345
0.575345
0.084977
0.084977
0.28454
0.28454
0.084977
0.255067
0.084977
0.720375
0.159449
0.328499
0.328499
0.328499
0.328499
0.137326
0.137326
0.191317
0.191317
0.191317
0.191317
0.276228
0.389148
0.536918
0.363193
0.525403
0.525403
0.583408
0.525403
0.525403
0.525403
0.525403
0.091621
0.249845
0.249845
0.121726
0.121726
0.360632
0.257325
0.172415
0.481084
0.409941
0.409941
0.409941
0.014358
0.288227
0.521656
0.521656
0.521656
0.606748
0.487221
0.487221
0.45343
0.45343
0.45343
0.23363
0.663594
0.440891
0.440891
0.377372
0.377372
0.354768
0.354768
0.534121
0.396927
0.487538
0.411054
0.411054
0.384075
0.384075
0.321061
0.306086
0.160853
0.457909
0.457909
0.457909
0.396853
0.298287
0.444273
0.298287
0.816505
0.356081
0.434032
0.330121
0.330121
0.122302
0.400657
0.478102
0.122302
0.400657
0.414022
0.312176
0.498981
0.498981
0.623221
0.488963
0.488963
0.488963
0.254628
0.39762
0.276693
0.698811
0.365809
0.353848
0.489558
0.353848
0.303522
0.615656
0.384245
0.535032
0.384245
0.324955
0.324955
0.054898
0.054898
0.612279
0.612279
0.509658
0.417654
0.509658
0.215981
0.59653
0.446795
0.346299
0.385086
0.385086
0.752295
0.262006
0.446886
0.446886
0.446886
0.768485
0.212168
0.212168
0.396112
0.534905
0.362295
0.551837
0.421472
0.421472
0.421472
0.421472
0.36904
0.36904
0.477856
0.477856
0.477856
0.477856
0.155299
0.637092
0.174958
0.174958
0.174958
0.174958
0.090923
0.348163
0.090923
0.387958
0.655059
0.417697
0.371388
0.564614
0.353358
0.199163
0.199163
0.432039
0.373528
0.373528
0.373528
0.373528
0.373528
0.373528
0.06475
0.432039
0.432039
0.432039
0.193402
0.193402
0.193402
0.470963
0.433349
0.451236
0.451236
0.388398
0.091316
0.091316
0.091316
0.091316
0.091316
0.091316
0.091316
0.091316
0.347787
0.522564
0.522564
0.522564
0.527503
0.527503
0.527503
0.527503
0.527503
0.309291
0.309291
0.474393
0.225689
0.602418
0.602418
0.602418
0.602418
0.602418
0.602418
0.602418
0.365588
0.491358
0.491358
0.676918
0.533887
0.357344
0.520892
0.689551
0.408267
0.408267
0.34433
0.675612
0.34433
0.58717
0.557355
0.68395
0.476874
0.476874
0.476874
0.200598
0.154958
0.154958
0.154958
0.520267
0.154958
0.640345
0.39446
0.821538
0.33146
0.315482
0.472614
0.472614
0.478554
0.450732
0.450732
0.450732
0.400259
0.400259
0.650886
0.601997
0.412508
0.395197
0.502466
0.393302
0.393302
0.414268
0.331895
0.331895
0.566849
0.360811
0.659182
0.62734
0.587195
0.338267
0.611087
0.659182
0.659182
0.597827
0.49927
0.536332
0.536332
0.16827
0.49818
0.49818
0.49818
0.391984
0.521151
0.521151
0.521151
0.471212
0.755922
0.471212
0.471212
0.502457
0.502457
0.502457
0.502457
0.396251
0.590222
0.590222
0.36681
0.488642
0.61704
0.54456
0.485018
0.514325
0.596174
0.517559
0.265462
0.381317
0.659174
0.534869
0.469037
0.739434
0.301315
0.568701
0.37221
0.100194
0.650071
0.650071
0.650071
0.479149
0.479149
0.479149
0.521057
0.521057
0.521057
0.521057
0.034494
0.353196
0.353196
0.353196
0.410632
0.43455
0.43455
0.26624
0.219697
0.219697
0.324988
0.442018
0.442018
0.404421
0.404421
0.213257
0.435204
0.232468
0.187431
0.111494
0.187431
0.787252
0.116922
0.116922
0.116922
0.311534
0.311534
0.116922
0.116922
0.259343
0.252011
0.252011
0.252011
0.511158
0.511158
0.511158
0.395881
0.393072
0.363881
0.208497
0.060557
0.116118
0.060557
0.060557
0.233656
0.233656
0.060557
0.187749
0.060557
0.373883
0.373883
0.373883
0.373883
0.355619
0.434652
0.355487
0.31372
0.359728
0.359728
0.172623
0.458678
0.326539
0.425125
0.425125
0.425125
0.609389
0.609389
0.525201
0.525201
0.525201
0.468237
0.468237
0.404376
0.482071
0.25339
0.590046
0.074941
0.348114
0.379611
0.379611
0.230385
0.602336
0.412584
0.312577
0.312577
0.364069
0.527225
0.444232
0.444232
0.437997
0.56614
0.561477
0.394263
0.154422
0.357063
0.546238
0.546238
0.546238
0.546238
0.546238
0.470859
0.470859
0.545373
0.638061
0.680853
0.545373
0.608151
0.464494
0.464494
0.464494
0.357563
0.357563
0.563319
0.463678
0.347817
0.718401
0.323451
0.530968
0.530968
0.530968
0.459453
0.459453
0.327317
0.332488
0.489833
0.489833
0.671768
0.181673
0.181673
0.330256
0.330256
0.372863
0.372863
0.598307
0.273284
0.487592
0.487592
0.41774
0.41774
0.590489
0.423107
0.243318
0.243318
0.440994
0.440994
0.366065
0.524496
0.524496
0.524496
0.524496
0.285449
0.479046
0.293845
0.428373
0.293845
0.428373
0.262477
0.255832
0.361721
0.361721
0.35219
0.478999
0.478999
0.586883
0.423739
0.423739
0.316706
0.316706
0.470418
0.470418
0.534096
0.484559
0.419234
0.461517
0.461517
0.353775
0.368749
0.348829
0.821446
0.464433
0.122417
0.32396
0.32396
0.32396
0.122417
0.15175
0.492322
0.051385
0.286455
0.286455
0.286455
0.286455
0.229257
0.231071
0.231071
0.360347
0.360347
0.297786
0.389495
0.313525
0.452905
0.452905
0.397786
0.576829
0.367522
0.411073
0.537806
0.411073
0.426282
0.426282
0.517075
0.406201
0.178331
0.178331
0.354342
0.354342
0.362176
0.491113
0.491113
0.419021
0.474974
0.474974
0.383506
0.542113
0.375082
0.39536
0.375065
0.452602
0.452602
0.533567
0.402801
0.390436
0.376627
0.652665
0.598448
0.334181
0.490903
0.490903
0.490903
0.564198
0.493798
0.541839
0.541839
0.743848
0.541839
0.541839
0.541839
0.686746
0.541839
0.452636
0.452636
0.452636
0.37809
0.37809
0.18662
0.222234
0.409355
0.409355
0.330283
0.256035
0.256035
0.233004
0.445945
0.568142
0.445945
0.298485
0.298485
0.101778
0.437498
0.57887
0.273558
0.386264
0.469546
0.636918
0.582587
0.366557
0.462186
0.356437
0.544682
0.471093
0.222037
0.351833
0.148172
0.493485
0.192537
0.194594
0.086576
0.490343
0.490343
0.204014
0.600437
0.317015
0.425086
0.425086
0.425086
0.369423
0.433448
0.308814
0.247526
0.519345
0.430355
0.430355
0.41845
0.406854
0.406854
0.540199
0.540199
0.540199
0.540199
0.540199
0.46186
0.46186
0.391832
0.396478
0.387485
0.485939
0.485939
0.394807
0.348355
0.426148
0.416287
0.416287
0.539308
0.539308
0.539308
0.539308
0.184542
0.327051
0.396116
0.55934
0.396116
0.396116
0.255938
0.255938
0.126628
0.126628
0.126628
0.126628
0.386949
0.461256
0.461256
0.472524
0.361747
0.456189
0.669449
0.456189
0.314245
0.483091
0.483091
0.483091
0.571376
0.365178
0.442479
0.332649
0.402821
0.359465
0.400977
0.291914
0.291914
0.651541
0.449584
0.449584
0.265959
0.265959
0.411427
0.503526
0.390601
0.588057
0.541776
0.359083
0.301558
0.269523
0.303433
0.521233
0.285189
0.145914
0.285189
0.336891
0.4649
0.4649
0.588259
0.592565
0.395304
0.330087
0.313312
0.366059
0.5192
0.446461
0.446461
0.44076
0.44076
0.44076
0.44076
0.44076
0.44076
0.386062
0.458797
0.496455
0.436391
0.387079
0.50262
0.50262
0.50262
0.39903
0.38481
0.516857
0.516857
0.516857
0.378981
0.323618
0.381487
0.665058
0.507322
0.507322
0.507322
0.367175
0.400621
0.549085
0.454051
0.527656
0.472852
0.624163
0.178019
0.425207
0.425207
0.51112
0.51112
0.475259
0.475259
0.395996
0.540497
0.409236
0.485723
0.402718
0.402718
0.403734
0.404456
0.646037
0.50346
0.609978
0.50346
0.50346
0.50346
0.295206
0.770965
0.472512
0.472512
0.472512
0.472512
0.166903
0.166903
0.166903
0.326351
0.326351
0.271983
0.44552
0.44552
0.44552
0.437791
0.437791
0.492055
0.492055
0.492055
0.293687
0.383709
