0.000112
1.000047
1.000043
0.000959
0.119763
0.000101
0.001403
0.014032
1.000067
0.003547
0.055179
0.001159
0.989418
1.000065
0.995199
1.000099
0.98264
0.958394
0.428878
0.00023
0.257269
0.239542
0.517629
0.000483
0.999061
1.000055
0.999551
0.999413
0.743602
0.007286
0.999943
0.997911
0.999956
0.050115
0.777508
1.000037
0.999397
0.037294
1.000061
0.560995
1.000087
0.000877
0.566048
0.991951
0.000474
0.999118
0.091839
0.002291
0.670216
0.51738
0.99411
0.810895
0.083158
0.000701
1.000082
0.969271
0.003352
0.47044
0.98621
0.992726
0.000828
0.000828
1.000053
0.000138
0.662812
0.020012
0.000174
1.00007
0.061621
0.254275
0.73553
0.784604
0.003382
0.900926
0.050182
0.999465
1.000005
0.536597
0.00114
0.828437
0.164847
0.324053
0.000101
0.002755
0.380106
0.002157
1.0001
0.349864
0.019644
0.94018
0.007395
0.006577
0.583822
0.550044
0.980407
0.00029
0.071353
0.799213
0.363227
0.017776
0.038015
0.301268
0.026274
0.000132
0.997099
0.000132
0.207019
0.962034
0.033303
0.023206
0.445473
0.006447
0.647408
0.736116
0.203017
0.013073
0.999943
0.28451
0.004144
0.998164
0.006738
0.014128
0.046607
0.03425
0.968062
0.055839
0.000395
0.727559
0.007031
0.000516
0.782513
0.006979
0.998958
0.067625
0.009235
0.000107
0.060804
0.001031
0.992276
0.010176
0.003386
0.999969
0.287185
0.055723
0.986594
0.000169
0.006881
0.252457
0.917043
0.040363
0.774174
0.000104
0.000766
0.003809
0.698807
0.464096
0.000104
0.000135
0.000107
0.000149
0.11781
0.000119
0.865668
1.000065
0.997504
0.954446
0.003748
0.492168
0.000116
0.001783
0.01553
0.968622
0.999715
0.999939
0.00014
0.166162
0.070638
0.073254
0.944474
0.042309
0.639631
0.000695
0.011745
0.000427
0.993517
0.01742
0.000106
0.979231
0.761588
0.001757
0.692865
0.002304
0.585419
0.015661
0.465717
0.039697
0.000241
0.005368
0.407391
0.059084
0.925348
0.987582
0.960196
0.001191
0.025486
0.009692
0.171613
0.863522
0.153351
0.281382
0.004917
0.940961
0.059371
0.000241
0.587786
0.024438
0.029907
0.002606
0.967961
0.006211
0.99932
0.020697
0.995668
0.006096
1.000046
0.684079
0.000104
0.018073
0.197463
0.000205
0.988608
0.99869
0.038959
0.882505
0.036589
0.2101
0.000665
0.0001
0.038528
0.000235
0.005283
0.000106
0.550426
0.320318
0.000123
0.086621
0.053784
0.025137
0.769429
0.00341
0.020441
0.525691
0.999844
0.009823
0.297412
0.027015
0.020039
0.198296
0.447997
0.873617
0.203638
0.006792
0.079473
0.662213
0.020748
0.00792
0.420471
0.065724
0.184317
0.563933
0.954502
0.003913
0.017792
0.01317
0.216826
0.841124
0.995165
1.000061
0.83813
0.031065
0.001199
0.000127
0.828311
0.9543
0.222586
0.001571
0.002011
0.471714
0.039845
0.001208
0.994989
0.031637
0.000271
0.09774
0.052485
0.075277
0.130845
0.172403
0.000222
0.084516
0.656153
0.011706
0.003147
0.289762
0.010031
0.985769
0.996024
0.002547
0.002706
0.822808
0.998047
0.167579
0.022236
0.024581
0.011728
0.134388
0.130323
0.000516
0.650914
0.004498
0.066129
0.987831
0.910418
0.63071
0.041905
0.129945
0.467865
0.000694
0.952102
0.000694
0.002676
0.002676
0.041905
0.059183
0.998327
0.999962
0.928749
0.995061
0.035006
0.99319
0.319483
0.000141
0.446782
0.137835
0.003943
0.001265
0.176907
0.035006
0.097065
0.000578
0.3321
0.971964
0.000198
0.078407
0.999821
0.998953
0.134445
0.000101
0.000214
0.630142
0.999344
0.001789
0.000377
0.997279
0.006251
0.076676
0.256162
0.000272
0.101756
0.05928
0.998004
0.001364
0.00071
0.003145
0.609161
0.020669
0.006994
0.000144
0.000431
0.000758
0.005556
0.000136
0.997783
0.0001
0.013258
0.192201
0.999811
0.527826
0.006238
0.035839
0.007098
0.095789
0.914993
0.017163
0.797454
0.009641
0.006816
0.038645
0.214449
0.017209
0.997281
0.027429
0.976016
0.011108
0.060722
0.000148
0.001369
0.718855
0.305881
0.405788
0.989806
0.0024
0.022188
1.000036
0.058778
0.000184
0.774479
0.01536
0.363731
0.258645
0.963167
0.012347
0.962578
0.001612
0.005823
0.078723
0.002379
0.529399
1.000019
0.999911
0.016105
0.995651
0.164914
0.993089
0.310248
0.603345
0.039505
0.748205
0.002052
0.874821
0.300555
0.897055
1.000095
0.011604
0.318355
0.009426
0.996252
0.876091
0.001277
0.000391
0.805671
0.005652
0.899152
0.003288
0.98553
0.087793
0.073145
0.003606
1.00001
0.160751
0.095362
0.047459
0.310285
0.987128
0.004211
0.72982
0.001589
0.003852
0.162189
0.048188
0.003852
0.058937
0.008873
0.008239
1.000074
0.806035
0.002972
0.001417
0.985543
0.001998
0.065423
0.000106
0.000737
0.771885
0.249798
0.976908
0.001108
0.619084
0.622067
0.004461
0.895456
0.999903
0.000252
0.092586
0.000185
0.588352
0.005872
0.035553
0.067454
0.125949
0.000252
0.942236
0.179062
0.000252
0.005022
0.005022
0.658685
0.687468
0.925971
0.235949
0.004043
0.99729
0.461675
0.0869
0.003877
0.995609
0.231534
0.970501
0.010022
0.070966
0.100741
0.696627
0.747915
0.999851
0.995929
0.044003
0.265146
1.000035
0.009061
0.991488
0.044527
0.017434
0.000143
0.003726
0.010552
0.659751
0.508414
0.045206
0.133865
0.007048
0.002277
0.000989
0.007048
0.002902
0.976549
0.002647
0.006774
0.008749
0.000348
0.001499
0.000348
0.006068
0.000348
0.98305
0.009855
0.847798
0.110052
0.033827
0.000348
0.005216
0.272374
0.450777
0.999725
0.000402
0.925655
0.000402
0.740836
0.00042
0.000135
0.466248
0.869215
0.009607
0.312087
0.040373
0.094337
0.202979
0.360245
0.017536
0.040373
0.002859
0.13094
0.000111
0.99969
0.943577
0.006905
0.000592
0.004432
0.365408
0.999211
0.05729
0.99998
0.007009
0.009389
0.009389
0.000473
0.247623
0.911091
0.002001
0.039989
0.009067
1.000054
0.000146
0.002675
0.984957
0.026064
0.01129
0.066311
0.443844
0.997108
0.025087
0.268685
0.289978
0.000126
0.15374
0.987634
0.000101
0.480991
0.006959
0.95938
0.206263
0.000363
0.00208
0.001615
0.211916
0.96976
0.997329
0.003073
0.995887
0.046643
0.079094
0.012016
0.006585
0.985655
0.2091
0.519608
0.046969
0.004977
0.073794
0.002996
0.280613
0.008698
0.00101
0.133418
0.578515
0.85527
0.853517
0.072476
0.935418
0.156417
0.156417
0.829598
0.156417
0.332952
0.022048
0.05327
0.442535
0.05327
0.022048
0.156417
0.913193
0.006014
0.814099
0.5932
0.958131
0.865754
0.601703
0.07834
0.00481
0.227923
0.728732
0.023016
0.023016
0.018679
0.956146
0.450273
0.596884
0.019454
0.041087
0.978811
0.051979
0.974458
0.148961
0.899883
0.547275
0.183849
0.191628
0.04555
0.04555
0.030772
0.00219
0.005537
0.999693
0.751036
0.022483
0.000516
0.992328
0.168097
0.139735
0.005777
0.004982
0.005777
0.657017
0.254523
0.847466
0.048699
0.460991
0.01338
0.116661
0.000105
0.073629
0.135396
0.008813
0.035315
0.689676
0.010214
0.570958
0.001449
0.01398
0.985987
0.429922
0.088958
0.976219
0.216522
0.000136
0.07684
0.049228
0.998269
0.87787
0.000469
0.260802
0.988705
0.96601
0.569389
0.004166
0.999934
0.473952
0.365392
0.063094
0.888581
0.013566
0.965217
0.0009
0.531195
0.0009
0.136439
0.125945
0.022753
0.979015
0.235248
0.022753
0.256602
0.936588
0.056354
0.837551
0.941138
0.098079
0.004957
0.194933
0.06942
0.379892
0.997436
0.000215
0.292459
0.032585
0.002038
0.16959
0.014828
0.046341
0.000108
0.001258
0.005086
0.003627
0.59919
0.000162
0.002505
0.003057
0.13
0.000215
0.002584
0.000236
0.000102
0.000129
0.0002
0.003993
0.004816
0.001173
0.002772
0.393745
0.03618
0.780689
0.420831
0.002727
0.157359
0.289486
0.014828
0.001957
0.010082
0.992248
0.809919
0.417045
0.000108
0.009323
0.558571
0.152624
0.041116
0.002855
1.000075
0.889127
0.995061
0.990621
0.025588
0.108228
0.000283
0.0001
0.001173
0.002449
0.852931
0.799169
0.00597
0.112816
0.001059
0.347584
0.00669
0.122796
0.995051
0.520029
0.507774
0.000731
0.176356
0.403952
0.079135
0.04367
0.005584
0.184841
0.988372
0.001211
0.284273
0.045084
0.021698
0.983657
0.002912
0.686825
0.005404
0.32459
0.032333
0.133029
0.01057
0.997917
0.061702
0.026558
0.000169
1.000079
0.128495
0.000169
0.00395
0.951559
0.694042
0.000925
0.122647
0.000325
0.530748
0.008335
0.002128
0.001752
0.305724
0.000104
0.034141
0.819933
0.962835
0.991545
0.019129
0.996335
0.03443
0.548438
0.000148
0.003534
0.041567
0.909732
0.001365
0.445719
0.925394
0.997285
0.315577
0.092663
0.601866
0.161414
0.005717
0.028153
0.003161
1.000056
0.004574
0.000156
0.000167
0.954293
0.000635
0.630877
0.030345
0.630877
0.812438
0.391886
0.072043
0.609697
0.013886
0.001363
1.000059
0.00012
0.999901
0.498795
0.070287
0.08866
0.000495
0.001754
0.402728
0.004545
0.985019
0.06612
0.000553
0.042261
0.000101
0.068258
1.0001
0.699076
0.061296
0.163235
0.000757
0.20226
0.01066
0.000143
0.326276
0.001162
0.06214
0.000163
0.242621
0.062423
0.002415
0.211901
0.000101
0.00535
0.000163
0.000714
0.003961
0.106297
0.192887
0.031742
0.017124
0.5618
0.990921
0.912936
0.194284
0.710249
0.000153
0.999963
0.000352
0.005157
0.003291
0.043714
0.215541
0.00045
0.029956
0.280703
0.229092
0.966597
0.19986
0.080924
0.048227
0.337446
0.106113
0.002551
0.118066
0.096917
0.258749
0.0052
0.000112
0.002047
0.102556
0.001363
0.000286
0.08527
0.05415
0.012084
0.033828
0.000928
0.905269
0.0001
0.000102
0.92977
0.009521
0.090858
0.010744
0.010744
0.000542
0.295666
0.019588
0.764084
0.000266
0.019696
0.093305
0.00412
0.451147
0.019696
0.004277
0.642592
0.004627
0.107229
0.010157
0.003849
0.000757
0.01245
0.923332
0.000278
0.013784
0.000278
0.000278
0.656363
0.002358
0.302318
0.001313
0.003793
0.033421
0.029335
0.002317
0.024105
0.990495
0.042545
0.0009
0.000165
0.99858
0.00884
0.029471
0.996615
0.303273
0.015543
0.014516
0.095066
0.005138
0.008811
0.00027
0.008811
0.00441
0.140126
0.002822
0.005599
0.360705
0.228026
0.002436
0.003193
0.002445
0.028092
0.033464
0.480536
0.987168
0.509118
0.063588
0.028092
0.07428
0.053006
0.033942
0.000283
0.020126
0.002552
0.086068
0.00516
0.000283
0.000283
0.978658
0.164968
0.129008
0.596431
0.999953
0.000283
0.005857
0.279982
0.048461
0.048461
0.022716
0.586734
0.094878
0.45897
0.016593
0.971147
0.87368
0.017424
0.000493
0.688728
0.673385
0.199823
0.021216
0.999166
0.441979
0.989952
0.332752
0.52604
1.000011
0.000868
1.000061
0.459147
0.746048
0.001414
0.988631
0.004446
0.001654
0.212735
0.918506
0.106019
0.000102
0.000147
0.428623
0.012599
0.789215
0.051202
0.00072
0.000119
0.000715
0.000747
0.0001
0.026193
0.000364
0.153055
0.080141
0.0019
0.869504
0.010676
0.003729
0.005115
0.381386
0.000505
0.905035
0.020707
0.999874
0.400338
0.000195
0.662041
0.999318
0.089078
0.019771
0.001104
0.197696
0.000226
0.11047
0.017634
0.793987
0.008086
0.026863
0.010941
0.000181
0.320374
0.000634
0.007362
0.002698
0.947635
0.001139
0.000547
0.042573
0.010941
0.055655
0.003037
0.013585
0.0001
0.00017
0.032778
0.001139
0.491218
0.620684
0.001823
0.001139
0.000547
0.165861
0.164981
0.00592
0.001141
0.052616
0.007109
0.003307
0.00459
0.016287
0.005341
0.281355
0.009734
0.647548
0.00145
0.063382
0.013001
0.01853
0.028341
0.993454
0.006593
0.002601
0.002601
0.994594
0.030367
0.998649
0.109895
0.12711
0.009177
0.554669
0.987199
0.746042
0.097326
0.005307
1.00005
0.073933
0.381628
0.038103
0.244926
0.005307
0.080233
0.999938
0.301534
0.002943
0.158377
0.002232
0.988387
0.003069
0.002869
0.01192
0.002869
0.002779
0.151152
0.074534
0.997997
0.999829
0.013432
0.792963
0.000282
0.4657
0.783564
0.999841
0.427156
0.496173
0.013024
0.170752
0.999999
0.000288
0.749806
0.00028
0.667084
0.961458
0.266391
0.00873
0.00873
0.433498
0.951266
0.315501
0.00764
0.912302
0.957778
0.041781
0.894156
0.999766
0.620815
0.059265
0.088013
0.059518
0.016826
0.905052
0.005137
1.000075
0.590686
0.003228
0.283649
0.496528
0.003228
0.946629
0.012833
0.273064
0.682653
0.001398
0.000874
0.02474
0.023768
0.001398
0.022735
0.001298
0.030113
0.5758
0.001105
0.69893
0.691676
0.01268
0.301663
0.026346
0.225764
0.002744
0.009357
0.28383
0.962963
0.217884
0.341575
0.000474
0.899735
0.235437
0.211415
0.083239
0.951307
0.019446
0.138955
0.999845
0.01517
0.862896
0.741894
0.037446
0.04177
0.036942
0.016012
0.908709
0.5001
0.987157
0.00011
0.002172
0.012839
0.198111
0.022189
0.015833
0.000128
0.25086
0.255024
0.008425
0.01054
0.01876
0.002347
0.000912
0.016395
0.00044
0.000725
0.999965
0.000385
0.5001
0.019315
0.110107
0.979316
0.000101
0.878845
1.000076
0.037661
0.0758
0.002239
0.0001
0.787128
0.000165
0.010886
0.0001
0.09376
0.982481
0.048829
0.002347
0.363724
0.743006
0.0001
0.167147
0.613674
0.353865
0.222176
0.069486
0.431469
0.310806
0.353845
0.052859
0.710043
0.052859
0.121349
0.018635
0.158944
0.002191
0.001544
0.12101
0.001846
0.001366
0.000101
0.000568
0.999879
0.228075
0.431333
0.000676
0.158376
0.514511
0.982237
0.000116
1.000019
0.000101
0.999875
0.000296
0.028943
0.015905
0.810234
0.016942
0.003677
0.000769
0.09303
0.00018
0.171057
0.001235
0.000396
0.049931
0.066735
0.029633
0.000106
0.000102
0.011084
0.000753
0.596987
0.000121
0.000193
0.000133
0.000753
0.981436
0.065979
0.994332
0.000107
0.000113
0.00042
0.002044
0.000179
0.177536
0.000101
1.000063
0.000952
0.000249
0.226472
0.011344
0.005068
1.000052
0.000476
0.004743
0.071943
0.289376
0.00191
0.978498
0.258275
0.000178
0.000161
0.031638
0.001851
0.000138
0.000314
0.015169
0.002041
0.014857
0.084587
0.131568
0.026522
0.975471
0.939968
0.985062
1.000054
0.998661
0.401783
0.292093
0.039646
0.158691
0.000228
0.926099
0.651441
0.022002
0.224042
0.973775
0.890724
0.183451
0.177922
0.009409
0.14856
0.859749
1.000022
0.026647
0.000348
0.932702
0.000184
0.385767
0.028812
0.67717
0.016361
0.008554
0.882058
0.981291
0.048056
0.187086
0.123014
0.001812
0.942541
0.79989
0.017446
0.083673
0.001812
0.187086
0.026407
0.01437
0.788307
0.944416
0.213566
0.134029
0.102268
0.648065
0.01437
0.126349
0.002307
0.026161
0.01437
0.027674
0.909757
0.016737
0.999844
0.971919
0.228059
0.994533
0.990091
0.999914
0.739661
0.007317
0.329925
0.309075
0.086817
0.016451
0.000225
0.835526
0.223818
0.021293
0.019855
0.375482
0.819073
0.000225
0.545767
0.244542
0.201647
0.344097
0.007055
0.551753
0.000325
0.376714
0.001163
0.982346
0.000325
0.002047
0.191557
0.0084
0.028788
0.796824
0.013466
0.011315
0.999855
0.164834
0.011315
0.845709
0.003396
0.157443
0.157443
0.002567
0.629586
1.000097
0.000102
0.006264
0.237636
0.081691
0.125763
0.074833
0.9999
0.000136
0.981128
0.985523
0.00011
0.477572
0.00494
0.008333
0.017221
0.000101
0.999167
0.406671
0.000455
0.208411
0.000101
0.000806
0.000101
0.001738
0.000174
0.059974
0.000366
0.009667
0.00987
0.543686
0.035786
0.016619
0.999402
0.885254
0.001171
0.960945
0.000831
0.015932
0.001523
0.003939
0.000639
0.000552
0.002418
0.001272
0.000552
0.003939
0.000143
0.757881
0.042408
0.655746
0.014671
0.0007
0.386319
0.125852
0.222771
0.014973
0.43462
0.112256
0.042189
0.014973
0.061815
0.006242
0.004573
0.092294
0.002909
0.006242
0.007115
0.748961
0.019024
0.00128
0.00128
0.00128
0.00128
0.045254
0.357127
0.069441
0.071071
0.304832
0.422092
0.016681
0.873931
0.024002
0.040219
0.868336
0.014063
0.002238
0.005173
0.004822
0.336487
0.021203
0.007918
0.043124
0.005197
0.010352
0.047393
0.951964
0.150145
0.12854
0.010668
0.002935
0.096258
0.77422
0.167503
0.006034
0.991198
0.971202
0.156102
0.199453
0.153369
0.005102
0.005102
0.013355
0.029244
0.001204
0.415497
0.333875
0.998963
0.029244
0.0567
0.140896
0.210675
0.210675
0.008747
0.097518
0.008747
0.032452
0.006838
0.003993
0.002149
0.804806
0.232053
0.065436
0.023856
0.469597
0.008865
0.066946
0.175625
0.113926
0.000963
0.368084
0.999711
0.01345
0.365314
0.62538
0.290343
0.71763
0.000177
0.977624
0.810652
0.999148
1.00005
0.04281
0.00439
0.996197
0.047433
0.03774
0.220344
0.72456
0.993084
0.015551
0.764804
0.98789
0.991132
0.008818
0.000633
0.054172
0.797035
0.37577
0.035177
0.937216
0.525764
0.001586
0.004779
0.963815
0.17146
0.427698
0.846284
0.144069
0.048727
0.016003
0.000252
0.935089
0.119163
0.515383
0.999956
0.00677
0.582212
0.119163
0.603092
0.624677
0.29869
0.003412
0.196927
0.646273
0.00926
0.016354
0.279721
0.89916
0.196558
0.296347
0.015822
0.003815
0.028169
0.057554
0.939585
0.002693
0.000191
0.998963
0.000444
0.000805
0.007944
0.701214
0.057327
0.998898
0.12116
0.040385
0.634105
0.057906
0.378137
0.005221
0.003734
0.532722
0.011714
0.008024
0.008809
0.999477
0.493089
0.113607
1.000035
0.036936
0.985783
0.999984
0.103379
0.189445
0.003585
0.012255
0.820595
0.012255
0.012255
0.012255
0.007646
0.152847
0.34378
0.018101
0.000101
0.00013
0.002092
0.018215
0.873888
0.019404
0.002961
0.468145
0.03746
0.000909
0.507451
0.023293
0.000834
0.000314
0.005478
0.000781
0.001835
0.001233
0.119122
0.000291
0.018364
0.786377
0.006539
0.922066
0.000322
0.001095
0.000164
0.000135
0.001866
0.000101
0.0014
0.000577
0.004337
1.000012
0.198614
0.743722
0.019809
0.181511
0.006539
0.035548
0.058272
0.841412
0.443901
0.024521
0.127665
0.937326
0.095458
0.001768
0.058988
0.043867
0.024074
0.799954
0.044889
0.3419
0.660397
0.013479
0.026456
0.060981
0.291023
0.173263
0.018957
0.065785
0.134341
0.058066
0.012458
0.000953
0.059473
0.106304
0.040763
0.005878
0.040094
0.999792
0.001008
0.013728
0.005826
0.990699
0.989726
0.013525
0.131968
0.195902
0.00013
0.999407
1.0001
0.009889
0.977218
0.020893
0.004633
0.112373
0.005874
0.134629
0.951961
0.015636
0.180651
0.82634
0.015754
0.14202
0.003823
0.558829
0.015754
0.000171
0.038756
0.921785
0.081799
0.031433
0.014582
0.393954
0.00079
0.111169
0.00136
0.962869
0.143835
0.00817
0.000147
1.000012
0.002373
0.034345
1.000054
0.58234
0.00035
0.000137
0.00589
0.061556
0.276637
0.018782
0.000109
0.000358
0.000427
0.997369
0.002748
0.040783
0.020574
0.996802
0.999459
0.159838
0.003344
0.114962
0.231298
0.463393
0.000293
0.000551
0.004053
0.492156
0.002313
0.011591
0.986238
0.00586
0.234315
0.988829
0.000209
0.000215
0.972556
0.183483
0.000751
0.095871
0.00696
0.000148
0.018089
0.003812
0.000157
0.286142
0.996201
0.007941
0.983398
0.053933
0.1938
0.346151
0.000178
0.004704
0.997147
0.008592
0.000105
0.00013
0.006191
0.000174
0.002601
0.04983
0.000799
0.000336
0.009595
0.000107
0.004
0.000855
0.003996
0.099375
0.060308
0.484311
0.003652
0.000209
0.446685
0.17385
0.562977
0.570619
0.002628
0.003435
0.001987
0.118841
0.78457
0.00021
0.468477
0.099108
0.081329
0.000126
0.005448
0.055212
0.282139
0.992708
0.003435
0.025978
0.996527
0.003191
0.003191
0.002007
0.257387
0.257387
0.257387
0.257387
0.664327
0.022797
0.000824
0.000358
0.257387
0.257387
0.257387
0.00044
0.018742
0.257387
0.257387
0.257387
0.471635
0.257387
0.257387
0.040929
0.290867
0.257387
0.257387
0.257387
0.257387
0.257387
0.033747
0.257387
0.257387
0.005287
0.004423
0.07034
0.005137
0.692653
0.008038
0.814961
0.006763
0.000339
0.131062
0.005792
0.003373
0.003601
0.024968
0.000105
0.00078
0.367899
0.00032
0.852321
0.001204
0.044356
0.742596
0.954995
0.351321
0.002199
0.000105
0.409067
0.526421
0.001512
0.999982
0.000112
0.509237
0.001512
0.001512
0.046477
0.038322
0.001512
0.027436
0.000265
0.002328
0.003012
0.567163
0.087869
0.005925
0.002366
0.000101
0.818263
0.818263
0.19838
0.199815
0.036414
0.001206
0.014932
0.006035
0.501801
0.002018
0.212454
0.000605
0.003312
0.01633
0.026982
0.000507
0.015775
0.000131
0.012523
0.017152
0.003602
0.000118
0.000246
0.000118
0.6989
0.094614
0.998489
0.000299
0.000118
0.000485
0.964978
0.018923
0.000647
0.000165
0.365451
0.027264
0.027264
0.339507
0.027264
0.422178
0.000435
0.013057
0.046153
0.000244
0.000616
0.003193
0.621522
0.164725
1.000079
0.002665
0.983071
0.087923
0.000103
0.000453
0.006712
0.08424
0.001268
0.005444
0.134348
0.005444
0.001617
0.063613
0.004857
0.35777
0.005215
0.00331
0.000711
0.001628
0.000121
0.000138
0.001015
0.002932
0.033002
0.000101
0.011399
0.000166
0.03456
0.008584
0.008584
0.009172
0.022451
0.161513
0.156371
0.751366
0.05617
0.071279
0.109693
0.111949
0.013102
0.27759
0.003438
0.004515
0.82731
0.080544
0.410531
0.000642
0.00263
0.047205
0.164225
0.000101
0.010429
0.000161
0.008681
0.000346
0.99984
0.000224
0.135506
0.000103
0.000225
0.032622
0.111849
0.018604
0.205205
0.979518
0.047657
0.000223
0.489223
0.481653
0.982803
0.150033
0.999212
0.040924
0.025149
0.257413
0.020473
0.025149
0.020473
0.194422
0.997339
0.000753
0.142546
0.004392
0.998753
0.019812
0.105465
0.060148
0.836314
0.228083
0.107154
0.019295
0.022303
0.197263
0.005154
0.120956
0.999303
0.00029
0.00029
0.038056
0.00893
0.005577
0.021145
0.000987
0.007131
0.425179
0.098536
0.030456
0.081727
0.006925
0.012899
0.002482
0.000107
0.177666
0.002185
0.000961
0.033081
0.000164
0.00458
0.002267
0.010499
0.000213
0.000154
0.000131
0.000108
0.000101
0.974643
0.007872
0.06316
0.003099
0.001368
0.019107
0.004972
0.11155
0.00132
0.000272
0.000741
0.000124
0.000654
0.339878
0.019824
0.001454
0.006652
0.027122
0.001893
0.043172
0.008885
0.595181
0.004539
0.985901
0.004539
0.995323
0.418777
0.57556
0.01144
0.019343
0.10618
0.000219
0.745914
0.509269
0.000219
0.963428
0.000178
0.02042
0.079877
0.086759
0.001455
0.00027
0.00027
0.033995
0.000391
0.109244
0.007553
0.014897
0.007553
0.009644
0.008732
0.009644
0.019701
0.013336
0.000609
0.034185
0.899545
0.000609
0.000609
0.119898
0.097259
0.087283
0.087283
0.524113
0.921884
0.016966
0.085337
0.000131
0.212858
0.019028
0.023066
0.995652
0.001195
0.019028
0.982257
1.000073
0.000123
0.700247
0.873733
0.599768
0.010743
0.025769
0.122075
0.988841
0.003795
0.049487
0.8065
0.978469
0.002637
0.009206
0.093423
0.016442
0.000571
0.104431
0.016442
0.054531
0.528988
0.00789
0.009975
0.034678
0.015874
0.005259
0.31965
0.507377
0.914748
0.003097
0.004107
0.040251
0.930456
0.047781
0.000201
0.000531
0.000114
0.001834
0.416688
0.520405
0.002175
0.997651
0.008662
0.000437
0.532635
0.004
0.001233
0.000426
0.002668
0.005601
0.832827
0.525575
0.033587
0.034463
0.005791
0.029687
0.001881
0.225034
0.067251
0.072144
0.028662
0.003977
0.000736
0.060349
0.06085
0.000735
0.004242
0.004242
0.817448
0.080974
0.005678
0.004252
0.008166
0.382475
0.000103
0.010064
0.008203
0.010629
0.142921
0.005678
0.002418
0.07951
0.067682
0.005419
0.628902
0.990473
0.545926
0.006113
0.026247
0.016067
0.179363
0.015373
0.310995
0.147202
0.791996
0.026839
0.623195
0.022857
0.029431
0.317654
0.679597
0.307717
0.438452
0.045298
0.284731
0.274465
0.045298
0.995164
0.259068
0.055111
0.014363
0.585949
0.004712
0.003682
0.004906
0.002537
0.142856
0.007627
0.087173
0.007055
0.094777
0.001198
0.084233
0.084233
0.000385
0.924058
0.000346
0.671469
0.464358
0.030925
0.001625
0.000499
0.005077
0.000798
0.770447
0.029284
0.00072
0.982227
0.00072
0.58074
0.942722
0.000679
0.182171
0.000323
0.974862
0.294309
0.020995
0.973307
0.105778
0.380296
0.035258
0.035258
0.013977
0.006683
0.012279
0.132852
0.023319
0.008898
0.010184
0.080824
0.025292
0.444999
0.044474
0.010619
0.004716
0.004716
0.465403
0.000492
0.420206
0.01323
0.01323
0.01323
0.010147
0.769169
0.040899
0.180373
0.123634
0.792682
0.040324
0.28572
0.001347
0.488367
0.000109
0.001774
0.034184
0.000109
0.080907
0.186051
0.080907
0.552629
0.155845
0.155845
0.035332
0.436308
0.066329
0.013224
0.047783
0.70527
0.535098
0.108813
0.967335
0.069217
0.397519
0.002847
0.047783
0.959445
0.651214
0.000166
0.002006
0.002365
0.008461
0.372366
0.001603
0.0001
0.004688
0.051052
0.558683
0.457422
0.095553
0.064702
0.302184
0.000143
0.999712
0.529259
0.003951
0.05944
0.022381
0.000506
0.104788
0.061773
0.145638
0.02136
0.003209
0.256472
0.627072
0.001732
0.476602
0.001732
0.014462
0.063034
0.513043
0.012767
0.000843
0.044992
0.975392
0.006936
0.015041
0.002131
0.003704
0.006936
0.041268
0.004975
0.004975
0.004975
0.238213
0.970714
0.025324
0.0766
0.85323
0.086091
0.468882
0.813303
0.037077
0.0039
0.271714
0.984035
0.00063
0.0001
0.000179
0.0001
0.000508
0.000938
0.008548
0.102829
0.01221
0.000109
0.001372
0.000404
0.014847
0.538295
0.14714
0.092021
0.958077
0.025897
0.033176
0.022291
0.032853
0.005342
0.00249
0.005342
0.001586
0.318588
0.018559
0.977847
0.023065
0.054076
0.018189
0.133014
0.186091
0.010337
0.014153
0.000219
0.092653
0.12388
0.038278
0.290043
0.191718
0.000487
0.000261
0.003217
0.072962
0.992201
0.005323
0.017151
0.003217
0.004413
0.027471
0.257422
0.032102
0.033483
0.033595
0.108767
0.008674
0.000712
0.008984
0.000344
0.097208
0.003289
0.045068
0.0604
0.061324
0.008984
0.000891
0.036462
0.199731
0.450564
0.967322
0.749722
0.088158
0.049292
0.024102
0.006995
0.00649
0.485272
0.061745
0.813533
0.155465
0.052085
0.992562
0.021589
0.00649
0.789525
0.423196
0.009734
0.000883
0.218579
0.107498
0.947451
0.037219
0.069982
0.0214
0.051277
0.010126
0.550866
0.000487
0.014343
0.966888
0.014343
0.118602
0.094457
0.962191
0.769599
0.04926
0.021724
0.37607
0.063075
0.017878
0.940117
0.012515
0.027888
0.000296
0.533645
0.996665
0.036876
0.036294
0.665467
0.000234
0.000282
0.117055
0.011722
0.613859
0.000115
0.000329
0.001424
0.000545
0.569351
0.047501
0.003343
0.001294
0.569934
0.129692
0.090433
0.958939
0.91017
0.747868
0.959441
0.006507
0.069559
0.010344
0.95064
0.131398
0.058384
0.001162
0.000101
0.145897
0.003953
0.007408
0.000115
0.023143
0.364456
0.000104
0.00177
0.001186
0.00062
0.005124
0.000114
0.000114
0.000114
0.000114
0.997936
0.000114
0.972552
0.651451
0.000797
0.337411
0.005956
0.005956
0.810819
0.653347
0.005266
0.001977
0.188169
0.954353
0.025806
0.036853
0.585128
0.826228
0.001762
0.895031
0.014228
0.000242
0.004398
0.00139
0.002222
0.000475
0.217011
0.98098
0.000475
0.000475
0.915154
0.87157
0.974691
0.02301
0.254192
0.105946
0.064075
0.031606
0.015718
0.004529
0.304795
0.067031
0.078388
0.836117
0.999694
0.003386
0.176761
0.04857
0.540234
0.068503
0.656046
0.015369
0.071239
0.025266
0.000663
0.06704
0.025266
0.00398
0.000304
0.032162
0.368378
0.021525
0.041044
0.995024
0.508355
0.041044
0.20556
0.041044
0.067989
0.8449
0.000148
0.977319
0.000148
0.634806
0.068817
0.007025
0.01016
0.295782
0.183176
0.001669
0.001669
0.104352
0.001301
0.001301
0.030171
0.001301
0.081272
0.714813
0.001301
0.030171
0.030889
0.003921
0.272212
0.003921
0.009528
0.381702
0.804789
0.000961
0.017655
0.021782
0.50781
0.01644
0.001486
0.80185
0.000364
0.000364
0.090633
0.017467
0.001406
0.000116
0.011112
0.000347
0.889118
0.022381
0.014877
0.186193
0.000314
0.002903
0.002903
0.831151
0.421591
0.000788
0.035769
0.170103
0.128569
0.962973
0.015946
0.041068
0.501669
0.000756
0.818263
0.818263
0.009159
0.089283
0.305645
0.003337
0.000408
0.00107
0.00107
0.749428
0.042981
0.107144
0.069399
0.964744
0.000574
0.099962
0.926833
0.000574
0.248533
0.000574
0.010549
0.010549
0.169344
0.019035
0.004615
0.000571
0.031192
0.07391
0.018334
0.001629
0.235694
0.001382
0.00571
0.030423
0.212775
0.030423
0.002894
0.030511
0.005484
0.076336
0.0033
0.000992
0.911953
0.938303
0.000543
0.045737
0.164819
0.011259
0.423215
0.005939
0.011259
0.009447
0.999526
0.028794
0.088379
0.49458
0.002322
0.490247
0.961891
0.0001
0.0001
0.001035
0.000459
0.011966
0.25913
0.975777
0.226767
0.014231
0.438473
0.014231
0.0012
0.011363
0.576649
0.00099
0.004661
0.000757
0.999503
0.009997
0.580956
0.061823
0.276433
0.722629
0.161757
0.020047
0.888194
0.015109
0.991967
0.026975
0.015109
0.020006
0.712091
0.020006
0.001732
0.019907
0.015109
0.015109
0.020047
0.247524
0.000248
0.030225
0.467143
0.000564
0.189249
0.00176
0.027438
0.001807
0.002661
0.043508
0.007544
0.172513
0.000139
0.004879
0.000617
0.000139
0.000139
0.990422
0.318985
0.000139
0.037363
0.000594
0.232468
0.00986
0.001269
0.711196
0.013067
0.001269
0.013998
0.196487
0.028222
0.000284
0.990041
0.000492
0.260711
0.009344
0.988945
0.004909
0.009344
0.002835
0.004909
0.756734
0.0001
0.000546
0.995718
0.005677
0.000938
0.000312
0.00881
0.994499
0.999819
0.182598
0.000631
0.006829
0.04697
0.001042
0.001042
0.00365
0.000141
0.0001
0.572676
0.000141
0.0001
0.001983
0.942816
0.000103
0.004155
0.704936
0.968612
0.074586
0.022692
0.000231
0.069704
0.022692
0.017686
0.732038
0.056218
0.101541
0.000231
0.004155
0.385325
0.096296
0.974571
0.047636
0.000337
0.002764
0.017372
0.000888
0.000118
0.05957
0.000393
0.506164
0.000101
0.001969
0.028096
0.009667
0.000858
0.003184
0.000123
0.948232
0.017256
0.000609
0.012331
0.000381
0.015006
0.000476
0.015006
0.056954
0.291129
0.000381
0.193249
0.00948
0.669626
0.305312
0.183353
0.937523
0.031086
0.101958
0.519857
0.064526
0.018688
0.250285
0.000245
0.004766
0.434874
0.173226
0.997783
0.361986
0.132307
0.99792
0.002911
0.001605
0.719615
0.01191
0.000385
0.791982
0.000884
0.006412
0.096471
0.008754
0.711423
0.0624
0.000137
0.031763
0.760651
0.015667
0.008754
0.039986
0.777429
0.094349
0.033054
0.957991
0.992612
0.149056
0.128636
0.085364
0.734558
0.05424
0.128636
0.664941
0.141428
0.141428
0.00991
0.027372
0.02705
0.046751
0.946231
0.000253
0.012195
0.000103
0.002878
0.00057
0.024349
0.002205
0.000103
0.000566
0.074406
0.826676
0.023612
0.55659
0.487141
0.13802
0.063518
0.023632
0.061523
0.06112
0.288173
0.522213
0.010133
0.010133
0.040788
0.107868
0.933045
0.285571
0.23299
0.002518
0.359223
0.255318
0.146246
0.74608
0.74043
0.000169
0.000169
0.003738
0.000814
0.00044
0.016936
0.001878
0.114709
0.000122
0.013849
0.136468
0.020314
0.015285
0.302751
0.99969
0.031854
0.000727
0.051631
0.135926
0.004046
0.101223
0.046743
0.126055
0.143622
0.072024
0.26403
0.099253
0.976123
0.097833
0.000523
0.094598
0.000237
0.003148
0.000138
0.003127
0.006636
0.21059
0.833118
0.003991
0.438331
0.005132
0.002325
0.004192
0.002008
0.001145
0.999931
0.034031
0.000314
0.00029
0.115629
0.002502
0.000257
0.000212
0.000151
0.70151
0.002939
0.0806
0.000212
0.458143
0.000107
0.652743
0.71088
0.295945
0.781275
0.000359
0.000359
0.0001
0.0001
0.05227
0.014325
0.036226
0.000267
0.000267
0.526601
0.078456
0.078456
0.003423
0.19616
0.006946
0.962022
0.078456
0.035107
0.000925
0.055053
0.038513
0.192582
0.185112
0.023758
0.145081
0.259913
0.006635
0.024847
0.247141
0.259913
0.001583
0.002608
0.013258
0.000632
0.013258
0.000141
0.001583
0.013258
0.006264
0.002309
0.749979
0.00747
0.290675
0.534303
0.018515
0.067357
0.249058
0.141321
0.528726
0.068514
0.049526
0.021638
0.051202
0.690014
0.045017
0.003545
0.661154
0.663331
0.18342
0.084661
0.495972
0.003858
0.322552
0.244403
0.018209
0.198699
0.009395
0.625369
0.011514
0.013852
0.319435
0.005368
0.090268
0.081457
0.000173
0.000173
0.006815
0.001247
0.006815
0.421108
0.399801
0.006815
0.006815
0.001247
0.680267
0.000173
0.160811
0.008903
0.008903
0.229195
0.014314
0.029005
0.006476
0.004814
0.000391
0.006182
0.007226
0.009586
0.921778
0.016868
0.036383
0.002218
0.111315
0.034191
0.856376
0.002523
0.00049
0.034191
0.06427
0.615477
0.239853
0.010204
0.006285
0.05704
0.024127
0.001008
0.011952
0.13816
0.0001
0.012013
0.00072
0.000161
0.998301
0.464
0.000131
0.000115
0.03289
0.154432
0.994544
0.000229
0.00072
0.014579
0.000958
0.295775
0.081586
0.045657
0.842723
0.107892
0.210791
0.519568
0.024787
0.031033
0.009469
0.958299
0.076153
0.002961
0.736457
0.037679
0.011051
0.085568
0.000381
0.215873
0.149499
0.003797
0.020396
0.003638
0.000126
0.000214
0.000631
0.009665
0.0001
0.000101
0.000125
0.000214
0.000101
0.000119
0.000261
0.00011
0.000126
0.002679
0.000173
0.003736
0.00085
0.762175
0.000128
0.001256
0.000761
0.074367
0.002978
0.000109
0.000109
0.175091
0.016622
0.707742
0.005012
0.016594
0.188509
0.090697
0.235123
0.757677
0.187816
0.974537
0.084532
0.084532
0.011961
0.342177
1.000072
0.034774
0.007447
0.019951
0.01559
0.014807
0.000332
0.005918
0.057887
0.002084
0.631344
0.000779
0.873484
0.068795
0.006614
0.033019
0.027893
0.207249
0.30029
0.003621
0.001076
0.012288
0.000482
0.006619
0.027408
0.014211
0.00071
0.103897
0.006954
0.006954
0.000182
0.001776
0.023731
0.000182
0.000112
0.000915
0.111715
0.049766
0.000143
0.049766
0.0001
0.049766
0.049766
0.049766
0.049766
0.001596
0.00493
0.00493
0.999999
0.000814
0.003542
0.85566
0.0001
0.001542
0.058912
0.000814
0.000814
0.000206
0.00012
0.00018
0.998022
0.003542
0.000116
0.000152
0.000493
0.999923
0.001677
0.000108
0.003542
0.035184
0.00012
0.0001
0.487711
0.025783
0.798927
0.0001
0.000152
0.076268
0.96934
0.997947
0.000103
0.000734
0.221974
0.000113
0.859812
0.437946
0.948901
0.05912
0.000102
0.012549
0.000194
0.221321
0.000833
0.258636
0.320633
0.625921
0.000178
0.004586
0.000368
0.00379
0.659161
0.000101
0.000374
0.000101
0.076655
0.003765
0.000191
0.245456
0.022842
0.6342
0.99994
0.00894
0.001616
0.592462
0.369949
0.886328
0.958022
0.000127
0.000728
0.99696
0.495806
0.069199
0.005499
0.100004
0.000695
0.165917
0.000127
0.965217
0.143166
0.512463
0.041083
0.004749
0.200007
0.084239
0.011732
0.005115
0.031979
0.008205
0.033976
0.027518
0.929568
0.000626
0.0284
0.005483
0.004744
0.010665
0.299604
0.80226
0.954278
0.111461
0.007716
0.007804
0.010829
0.017042
0.149687
0.098647
0.000924
0.913265
0.001983
0.175659
0.247597
0.001014
0.002162
0.000292
0.00012
0.000924
0.00012
0.704913
0.0174
0.0174
0.204705
0.002385
0.100198
0.0147
0.642116
0.004597
0.076079
0.004597
0.004597
0.025422
0.010523
0.012144
0.010523
0.047727
0.998897
0.053595
0.000103
0.010523
0.068393
0.004081
0.380591
0.07481
0.094147
0.711174
0.094147
0.167944
0.03131
0.065075
0.006247
0.074722
0.000778
0.049947
0.007375
0.023681
0.023681
0.007375
0.023681
0.004364
0.015188
0.464761
0.036432
0.092288
0.024233
0.006444
0.960663
0.002316
0.060172
0.003218
0.0445
0.201921
0.040845
0.000113
0.120531
0.003202
0.136756
0.000299
0.04609
0.01009
0.905581
0.04544
0.04544
0.541664
0.004247
0.000652
0.352085
0.287297
0.044752
0.602261
0.109671
0.011699
0.006626
0.011699
0.000227
0.997956
0.000856
0.845375
0.006774
0.000227
0.026896
0.001562
0.042427
0.009505
0.002781
0.056753
0.833957
0.026896
0.009505
0.000282
0.004584
0.006059
0.948014
0.000282
0.011243
0.058172
0.000282
0.011243
0.251031
0.000282
0.000282
0.822538
0.155728
0.052162
0.163354
0.030655
0.135889
0.209909
0.030655
0.013719
0.317308
0.007195
0.026291
0.030655
0.998242
0.048269
0.087907
0.000421
0.015719
0.036871
0.015719
0.009492
0.134289
0.000104
0.001665
0.999647
0.086856
0.046333
0.000107
0.000107
0.000107
0.009015
0.331651
0.106488
0.008484
0.012304
0.046309
0.014154
0.02053
0.118478
0.023305
0.01353
0.944455
0.375352
0.997118
0.000447
0.008023
0.113967
0.290782
0.536775
0.004531
0.048603
0.232068
0.162187
0.067896
0.831631
0.971878
0.006466
0.11134
0.004082
0.000406
0.00617
0.023027
0.000406
0.964849
0.00617
0.005485
0.020788
0.020788
0.020788
0.818263
0.818263
0.202263
0.008314
0.120491
0.866715
0.696006
0.052322
0.304156
0.113541
0.113541
0.334323
0.133036
0.019513
0.133036
0.199314
0.057777
0.1044
0.3369
0.000902
0.005551
0.003374
0.006454
0.010162
0.170384
0.0019
0.028411
0.021321
0.014033
0.00246
0.00246
0.000108
0.001502
0.811667
0.492313
0.02139
0.057196
0.679158
0.021179
0.049068
0.0393
0.001233
0.000138
0.012595
0.000233
0.038731
0.683233
0.003987
0.1767
0.000991
0.845746
0.816013
0.108648
0.098428
0.014806
0.002136
0.000494
0.162406
0.014806
0.995908
0.00113
0.015607
0.184273
0.308875
0.184273
0.184273
0.001429
0.184273
0.184273
0.771629
0.184273
0.184273
0.184273
0.034781
0.184273
0.184273
0.845883
0.337966
0.272526
0.184273
0.337966
0.184273
0.057752
0.010822
0.793697
0.003927
0.003927
0.030106
0.006101
0.003129
0.003495
0.001
0.018985
0.000112
0.364233
0.614516
0.185683
0.001991
0.005732
0.059494
0.19838
0.00162
0.146255
0.475983
0.414716
0.000173
0.020124
0.026407
0.035223
0.740047
0.26043
0.382246
0.136908
0.002365
0.550738
0.008265
0.002457
0.000791
0.000418
0.022753
0.98922
0.000418
0.031047
0.002271
0.002271
0.00011
0.000259
0.000792
0.009088
0.009088
0.25164
0.063681
0.060449
0.257725
0.035411
0.055728
0.027337
0.03871
0.012161
0.000159
0.091746
0.07325
0.175678
0.072671
0.70448
0.369335
0.000443
0.008133
0.001511
0.063138
0.000131
0.670562
0.00561
0.006671
0.00561
0.000131
0.16249
0.000691
0.058542
0.992684
0.040939
0.045702
0.027495
0.44987
0.255071
0.227658
0.147188
0.693474
0.008977
0.253429
0.000161
0.010043
0.000936
0.001096
0.201776
0.280928
0.690052
0.451675
0.101721
0.000183
0.001053
0.387909
0.004655
0.010016
0.005185
0.008045
0.135777
0.994659
0.956481
0.249209
0.037187
0.018366
0.000192
0.010476
0.501578
0.005921
0.784488
0.001523
0.005921
0.000241
0.059756
0.050465
0.000483
0.002686
0.006583
0.006583
0.010069
0.229051
0.027732
0.213294
0.001644
0.068125
0.007538
0.00165
0.00165
0.129748
0.00165
0.020069
0.09534
0.085053
0.030713
0.03517
0.00041
0.006886
0.000415
0.216087
0.007707
0.225566
0.014607
0.000607
0.000649
0.040031
0.040031
0.465062
0.000558
0.000558
0.001896
0.013612
0.009898
0.013589
0.134396
0.023662
0.172153
0.010257
0.211579
0.038591
0.002597
0.138596
0.004812
0.002597
0.012285
0.30195
0.038327
0.581707
0.270349
0.882173
0.190403
0.00021
0.024549
0.000711
0.223172
0.680829
0.116443
0.19897
0.002292
0.066009
0.009692
0.188944
0.188944
0.002571
0.000344
0.665016
0.77479
0.000704
0.046959
0.087656
0.000704
0.000704
0.023664
0.007108
0.471031
0.115812
0.132524
0.032406
0.0054
0.004994
0.027749
0.849572
0.027749
0.002718
0.002718
0.217272
0.003955
0.221198
0.000201
0.090726
0.000989
0.000201
0.000245
0.000104
0.000107
0.003955
0.002883
0.015383
0.000104
0.026831
0.009267
0.019636
0.096146
0.231246
0.002584
0.001002
0.308796
0.088455
0.104281
0.109425
0.321114
0.003534
0.108556
0.999984
0.304118
0.003625
0.022565
0.015052
0.010144
0.001392
0.000657
0.000149
0.005388
0.502515
0.000233
0.009055
0.003606
0.059988
0.070677
0.916854
0.250793
0.044512
0.005345
0.303016
0.220523
0.220523
0.000863
0.019328
0.019328
0.000863
0.195644
0.631887
0.154819
0.012301
0.028419
0.994077
0.350216
0.915853
0.014693
0.130873
0.388837
0.130873
0.612223
0.034382
0.012688
0.265885
0.053391
0.055914
0.73568
0.056637
0.04788
0.033757
0.795861
0.051284
0.000125
0.149643
0.0049
0.17111
0.76823
0.00231
0.003952
0.015105
0.001153
0.000151
0.001153
0.000102
0.04573
0.003952
0.000779
0.011693
0.085455
0.999205
0.004297
0.00017
0.000756
0.144783
0.089948
0.506647
0.985805
0.002949
0.002949
0.829028
0.001844
0.036441
0.028336
0.58316
0.013721
0.001164
0.002979
0.002395
0.007843
0.006533
0.000207
0.007843
0.000207
0.000207
0.005054
0.07163
0.000506
0.000506
0.000506
0.001884
0.366386
0.085618
0.188051
0.188051
0.139961
0.009774
0.035903
0.457369
0.38573
0.972989
0.005775
0.001764
0.010755
0.069417
0.002479
0.000382
0.000902
0.094756
0.006945
0.006945
0.950108
0.006011
0.000207
0.003571
0.000192
0.051994
0.007492
0.020721
0.000192
0.007492
0.014954
0.224721
0.106641
0.106641
0.065261
0.106641
0.065261
0.106641
0.106641
0.014954
0.32515
0.106641
0.112974
0.136682
0.001633
0.220095
0.020716
0.021411
0.021411
0.941885
0.00017
0.24024
0.915477
0.009977
0.298414
0.009977
0.034541
0.005017
0.776009
0.002532
0.136485
0.039446
0.004662
0.001501
0.00046
0.018803
0.084466
0.554004
0.084466
0.000988
0.002317
0.002247
0.245748
0.973334
0.488024
0.856892
0.695358
0.695358
0.245748
0.006458
0.818263
0.818263
0.557036
0.017422
0.059464
0.073425
0.056826
0.001681
0.001681
0.047913
0.047913
0.000126
0.047913
0.004211
0.047913
0.047913
0.012006
0.000126
0.32642
0.000422
0.980369
0.006298
0.228369
0.40896
0.139825
0.030465
0.139825
0.016604
0.101141
0.024541
0.005218
0.005109
0.002582
0.000298
0.000298
0.166989
0.036857
0.000821
0.001691
0.018243
0.05188
0.115537
0.005075
0.011174
0.000413
0.806992
0.988257
0.003887
0.692636
0.026568
0.50075
0.000156
0.433093
0.003723
0.013163
0.015195
0.015195
0.012951
0.991053
0.001962
0.053349
0.546795
0.752407
0.040983
0.962954
0.359051
0.000533
0.013581
0.000515
0.040983
0.248642
0.125885
0.125885
0.529049
0.118133
0.118133
0.825857
0.424602
0.003112
0.053201
0.10326
0.28682
0.09486
0.532879
0.357709
0.153826
0.001308
0.028871
0.275758
0.060881
0.017731
0.502777
0.058472
0.799496
0.023827
0.003548
0.003548
0.015515
0.271439
0.042605
0.054668
0.073902
0.05672
0.488512
0.0018
0.028325
0.003446
0.012137
0.002341
0.000122
0.002208
0.000695
0.007165
0.007165
0.000144
0.003296
0.009444
0.036675
0.883262
0.00045
0.004849
0.022105
0.007503
0.193823
0.051205
0.014896
0.000158
0.000158
0.012035
0.12851
0.00043
0.007492
0.00043
0.639322
0.003957
0.00043
0.035399
0.038995
0.012396
0.038995
0.018148
0.018148
0.000697
0.008983
0.000102
0.756899
0.38307
0.000234
0.002758
0.000974
0.037553
0.72905
0.630929
0.003631
0.450728
0.025032
0.197739
0.023405
0.068903
0.022074
0.834254
0.082562
0.007159
0.19708
0.002946
0.018298
0.000128
0.120691
0.075312
0.061315
0.017731
0.017731
0.013446
0.013446
0.061315
0.018531
0.367986
0.018531
0.022549
0.893088
0.155983
0.027404
0.09374
0.01011
0.086415
0.003116
0.086415
0.041782
0.010973
0.030042
0.747983
0.020735
0.958775
0.000687
0.002647
0.002647
0.074423
0.010049
0.036807
0.001506
0.275825
0.445653
0.252442
0.252442
0.252442
0.32232
0.5001
0.252442
0.252442
0.252442
0.252442
0.252442
0.000164
0.252442
0.252442
0.252442
0.252442
0.252442
0.252442
0.252442
0.252442
0.252442
0.252442
0.252442
0.252442
0.252442
0.32232
0.404364
0.252442
0.252442
0.252442
0.117845
0.252442
0.008488
0.077316
0.049986
0.054299
0.341626
0.019041
0.019041
0.021928
0.000656
0.00925
0.004577
0.595224
0.001366
0.818263
0.818263
0.187592
0.000386
0.002527
0.000386
0.00055
0.002527
0.000386
0.018336
0.037837
0.037837
0.378582
0.549282
0.178066
0.178066
0.272555
0.283509
0.920255
0.069313
0.069313
0.069313
0.340664
0.001005
0.881958
0.006316
0.260282
0.093355
0.017266
0.599875
0.927756
0.711192
0.171742
0.045494
0.004045
0.004778
0.150524
0.014605
0.018206
0.056293
0.036431
0.991145
0.001219
0.20956
0.064166
0.019129
0.019129
0.063178
0.818263
0.818263
0.011828
0.635611
0.197228
0.085811
0.059763
0.063786
0.029102
0.025419
0.996109
0.025419
0.76445
0.826705
0.029129
0.007488
0.061214
0.026404
0.398793
0.011601
0.726839
0.014886
0.002262
0.033715
0.64746
0.014886
0.029129
0.007022
0.993435
0.958976
0.006829
0.011624
0.062188
0.122467
0.200104
0.023031
0.818263
0.818263
0.009924
0.479854
0.238026
0.012914
0.031695
0.934277
0.017221
0.01232
0.000276
0.04876
0.130508
0.04876
0.024989
0.174953
0.04876
0.000276
0.01232
0.006572
0.000276
0.204604
0.204604
0.818263
0.818263
0.833018
0.795316
0.02347
0.030242
0.162976
0.419085
0.005232
0.406752
0.000783
0.000679
0.013876
0.818263
0.818263
0.807748
0.006089
0.141545
0.040659
0.027007
0.15334
0.155865
0.874303
0.3895
0.677449
0.96103
0.009415
0.05392
0.999534
0.00077
0.41528
0.089718
0.010919
0.004726
0.160491
0.048905
0.017348
0.032326
0.800851
0.032326
0.049711
0.032326
0.728531
0.08961
0.013265
0.000533
0.273061
0.34053
0.035055
0.020153
0.000533
0.984894
0.055816
0.586843
0.005162
0.192352
0.000106
0.39186
0.001952
0.000106
0.013584
0.006613
0.001811
0.0421
0.325941
0.000101
0.097356
0.005838
0.000454
0.000454
0.001169
0.000848
0.895022
0.005046
0.157266
0.005317
0.015228
0.000107
0.499275
0.000107
0.178558
0.002394
0.039732
0.043036
0.004423
0.000647
0.037679
0.003696
0.438765
0.000741
0.037679
0.762843
0.000174
0.002599
0.00078
0.039714
0.000239
0.000667
0.000667
0.000239
0.723802
0.009901
0.037385
0.000476
0.018557
0.003067
0.018557
0.023682
0.023682
0.000767
0.023682
0.015632
0.023682
0.142828
0.007693
0.186529
0.009228
0.750093
0.000243
0.005546
0.013857
0.056044
0.660436
0.036224
0.296386
0.068141
0.453301
0.003161
0.041726
0.751884
0.999916
0.033094
0.101109
0.600359
0.035829
0.00253
0.00253
0.00253
0.035829
0.989238
0.017544
0.001704
0.950107
0.00046
0.018915
0.319191
0.038919
0.038919
0.051663
0.045258
0.002297
0.002297
0.099331
0.209223
0.021904
0.08563
0.748704
0.019807
0.016528
0.08563
0.019807
0.794107
0.002057
0.201321
0.016528
0.872297
0.35021
0.097689
0.07883
0.038151
0.038151
0.402046
0.000284
0.000336
0.505275
0.780578
0.011323
0.003226
0.841937
0.003917
0.821643
0.821643
0.821643
0.821643
0.013749
0.094005
0.123422
0.123422
0.056522
0.364899
0.002346
0.003214
0.003214
0.000107
0.00184
0.000727
0.00184
0.002538
0.000107
0.002538
0.006033
0.829636
0.021734
0.006033
0.13049
0.800014
0.186432
0.285951
0.104822
0.019987
0.375488
0.061956
0.005585
0.89759
0.105497
0.005691
0.032105
0.084719
0.819959
0.819959
0.819959
0.052863
0.144419
0.170183
0.045142
0.018521
0.000771
0.026134
0.673583
0.127077
0.046386
0.127077
0.01013
0.027662
0.055156
0.055156
0.055156
0.080518
0.010254
0.008468
0.322522
0.046564
0.00618
0.417344
0.040833
0.040833
0.403105
0.007902
0.037607
0.019954
0.019954
0.019954
0.000106
0.004875
0.003327
0.006143
0.001883
0.00126
0.016361
0.001883
0.001883
0.001883
0.495828
0.440328
0.02276
0.653382
0.069208
0.818263
0.818263
0.012431
0.023634
0.000649
0.000176
0.738373
0.000176
0.00165
0.231105
0.695559
0.005136
0.01387
0.005136
0.006154
0.005136
0.002024
0.002024
0.157682
0.011865
0.017691
0.002592
0.003028
0.003245
0.001401
0.003028
0.257589
0.000325
0.051121
0.156081
0.015847
0.168317
0.206083
0.057777
0.057777
0.057777
0.009847
0.050003
0.017721
0.906306
0.002943
0.05209
0.051343
0.002769
0.011813
0.009484
0.021173
0.024568
0.717333
0.000262
0.000102
0.002415
0.132283
0.000168
0.477166
0.07049
0.991463
0.973147
0.104379
0.186335
0.025127
0.069097
0.009932
0.002685
0.051186
0.051186
0.818263
0.818263
0.077834
0.75107
0.112666
0.829788
0.077834
0.031789
0.02431
0.803236
0.049181
0.002298
0.002038
0.059206
0.049181
0.024622
0.010379
0.023385
0.023385
0.054686
0.009663
0.003619
0.010191
0.577063
0.468514
0.290455
0.655188
0.172769
0.054353
0.790194
0.953243
0.081241
0.328557
0.032368
0.163601
0.014849
0.036947
0.036947
0.069424
0.342873
0.069424
0.613992
0.767735
0.767735
0.885415
0.885415
0.629265
0.033293
0.007851
0.075958
0.315965
0.113484
0.000403
0.011059
0.009282
0.002964
0.405417
0.498061
0.781388
0.167753
0.991401
0.230324
0.230324
0.378102
0.012409
0.001517
0.002887
0.950348
0.844657
0.08465
0.002887
0.03875
0.501816
0.002887
0.433563
0.020616
0.020616
0.016384
0.033529
0.200263
0.01586
0.003712
0.023365
0.130211
0.002759
0.001371
0.319279
0.000236
0.102832
0.102832
0.249046
0.003031
0.345949
0.47586
0.101075
0.061174
0.306977
0.000221
0.019314
0.002083
0.060724
0.060724
0.005148
0.026119
0.026119
0.389829
0.529295
0.059376
0.059376
0.19977
0.001071
0.160526
0.935112
0.18604
0.342204
0.02737
0.346038
0.044843
0.044843
0.349259
0.007308
0.566238
0.018943
0.000671
0.020336
0.626507
0.077732
0.377547
0.112039
0.092275
0.112039
0.034513
0.656482
0.967328
0.584894
0.734531
0.82001
0.584894
0.300422
0.008095
0.031834
0.000104
0.026786
0.005266
0.023871
0.017985
0.080864
0.015183
0.41419
0.071507
0.008867
0.049582
0.008867
0.021297
0.050758
0.006046
0.12333
0.100047
0.003788
0.132432
0.873957
0.086835
0.058309
0.000236
0.049916
0.00011
0.00011
0.00011
0.005333
0.001694
0.003314
0.005333
0.822208
0.612354
0.047219
0.04734
0.004068
0.170846
0.275717
0.156883
0.133168
0.471254
0.028428
0.233525
0.818263
0.818263
0.870756
0.013148
0.026621
0.224619
0.051576
0.363686
0.540174
0.065493
0.065965
0.870369
0.645363
0.511606
0.063034
0.083263
0.002375
0.000556
0.280769
0.001788
0.000688
0.001714
0.180433
0.588609
0.132272
0.53151
0.917666
0.109299
0.057579
0.721833
0.216588
0.359752
0.567528
0.934451
0.061556
0.00417
0.00417
0.00417
0.412186
0.007591
0.007591
0.037087
0.007591
0.007591
0.008903
0.008903
0.044638
0.948967
0.002621
0.036761
0.007849
0.002252
0.214021
0.002252
0.215057
0.007849
0.036761
0.036761
0.000291
0.005424
0.071753
0.071753
0.005424
0.005424
0.325837
0.064009
0.81378
0.194561
0.159764
0.030703
0.003401
0.046864
0.046864
0.452435
0.261799
0.261799
0.028853
0.370184
0.836618
0.00703
0.846471
0.061662
0.659242
0.068247
0.299734
0.073541
0.706174
0.068247
0.073541
0.007855
0.049452
0.009506
0.023588
0.059314
0.026554
0.026554
0.00647
0.004606
0.432334
0.00031
0.000289
0.011468
0.1076
0.034099
0.010704
0.114682
0.114682
0.005087
0.114483
0.117136
0.409508
0.209615
0.209615
0.002522
0.002522
0.001959
0.000273
0.000273
0.009875
0.009875
0.028011
0.160196
0.483809
0.136461
0.25002
0.104905
0.009842
0.009842
0.038812
0.009842
0.000228
0.009842
0.000228
0.000319
0.303077
0.05401
0.455716
0.004423
0.003153
0.000319
0.018961
0.18785
0.398934
0.038193
0.00951
0.002439
0.046824
0.002392
0.75356
0.765029
0.033419
0.74021
0.024303
0.006161
0.288994
0.161578
0.957123
0.006727
0.075062
0.050926
0.003217
0.639578
0.008447
0.000873
0.008447
0.003217
0.005552
0.008447
0.035466
0.000873
0.008447
0.007922
0.006811
0.554916
0.053082
0.053082
0.003424
0.133787
0.026646
0.006961
0.959632
0.177101
0.001265
0.009616
0.02
0.002941
0.02
0.001041
0.034344
0.821643
0.821643
0.821643
0.821643
0.003881
0.003881
0.141417
0.00767
0.002301
0.014172
0.011323
0.835442
0.852806
0.011323
0.320128
0.011323
0.013069
0.085787
0.032512
0.032821
0.008952
0.011931
0.011931
0.001546
0.025855
0.048789
0.00973
0.00973
0.095918
0.026531
0.329339
0.818263
0.818263
0.092643
0.462372
0.36319
0.162997
0.219491
0.219491
0.607908
0.002794
0.003553
0.00028
0.00028
0.549665
0.11271
0.003786
0.063001
0.014546
0.970297
0.081037
0.081037
0.9559
0.147794
0.580782
0.18881
0.097959
0.097959
0.045744
0.818263
0.818263
0.94737
0.276401
0.361647
0.079013
0.012886
0.001047
0.058139
0.103571
0.001047
0.211398
0.012278
0.00102
0.00011
0.000193
0.000278
0.207587
0.650476
0.205595
0.968906
0.000762
0.002688
0.053038
0.035493
0.00438
0.49138
0.002838
0.105987
0.105987
0.015626
0.041821
0.041821
0.041821
0.002982
0.04074
0.173677
0.052041
0.052041
0.215913
0.136615
0.015051
0.125945
0.015051
0.039928
0.662478
0.104252
0.180183
0.180183
0.395668
0.070651
0.564528
0.05544
0.966524
0.016461
0.008299
0.187086
0.187086
0.025836
0.187086
0.286322
0.000755
0.300072
0.236513
0.411836
0.023417
0.023417
0.010652
0.023417
0.365853
0.067039
0.077577
0.003648
0.104966
0.641841
0.003734
0.004165
0.121132
0.312556
0.000113
0.095288
0.633873
0.000414
0.000113
0.511784
0.000113
0.35998
0.104426
0.120235
0.120235
0.120235
0.002867
0.104426
0.444794
0.063332
0.063332
0.109274
0.446615
0.002142
0.992101
0.069747
0.028934
0.053936
0.003405
0.026297
0.037344
0.001687
0.037344
0.168285
0.001687
0.012556
0.175214
0.001182
0.575846
0.024097
0.00526
0.011651
0.001644
0.059296
0.467539
0.16281
0.16281
0.16281
0.16281
0.079068
0.079068
0.237325
0.250768
0.13895
0.677463
0.173776
0.159866
0.553942
0.002001
0.025225
0.005781
0.005781
0.133014
0.029705
0.938347
0.094842
0.000373
0.000373
0.00047
0.013524
0.000373
0.009959
0.048549
0.09654
0.010217
0.057306
0.957906
0.496762
0.044851
0.165801
0.006267
0.834552
0.044851
0.01474
0.077655
0.061519
0.919287
0.766192
0.766192
0.549423
0.193163
0.193163
0.019234
0.055869
0.055869
0.269801
0.10673
0.10673
0.005302
0.99023
0.002392
0.002392
0.002392
0.002392
0.002392
0.003081
0.007313
0.003081
0.326918
0.916728
0.084143
0.084143
0.055241
0.084143
0.818263
0.818263
0.025646
0.036964
0.025646
0.0012
0.000377
0.0012
0.000103
0.000377
0.000395
0.000216
0.002236
0.002116
0.000216
0.002236
0.237006
0.002236
0.001215
0.00013
0.004962
0.058514
0.621726
0.009552
0.006908
0.007754
0.028322
0.110653
0.062999
0.028322
0.108257
0.009394
0.003809
0.050251
0.98108
0.028875
0.045444
0.045444
0.045444
0.471005
0.075049
0.067972
0.000658
0.312907
0.800453
0.012198
0.00475
0.98724
0.00058
0.309741
0.028165
0.005892
0.028165
0.00058
0.819959
0.819959
0.819959
0.007101
0.022608
0.002135
0.026306
0.004161
0.070311
0.001004
0.772898
0.012072
0.094196
0.094196
0.043162
0.101476
0.026907
0.002459
0.124811
0.001127
0.003953
0.000115
0.001446
0.249252
0.13994
0.249252
0.001795
0.000677
0.044956
0.102496
0.000101
0.001856
0.07028
0.016011
0.047299
0.119141
0.047299
0.021638
0.010988
0.030709
0.089564
0.002708
0.08079
0.203705
0.009859
0.00653
0.000178
0.00653
0.573072
0.800092
0.948019
0.573072
0.597799
0.935897
0.833982
0.089542
0.333561
0.012426
0.000685
0.000685
0.818263
0.818263
0.057179
0.013553
0.001087
0.002668
0.005621
0.181645
0.001087
0.891867
0.14704
0.003509
0.149589
0.105374
0.64223
0.032709
0.032709
0.313166
0.001612
0.038019
0.038019
0.037491
0.000289
0.023778
0.042533
0.699915
0.048247
0.032439
0.304648
0.030699
0.101776
0.001373
0.095481
0.022001
0.094877
0.138639
0.004354
0.008525
0.10636
0.96096
0.032233
0.208083
0.861804
0.007604
0.028066
0.007604
0.132772
0.132772
0.689941
0.903649
0.689941
0.012286
0.015722
0.003939
0.003939
0.0016
0.044393
0.044393
0.878414
0.918867
0.005227
0.057602
0.798001
0.17685
0.100825
0.424239
0.046097
0.076632
0.042301
0.830374
0.860087
0.109669
0.001444
0.057573
0.467829
0.00695
0.002398
0.359865
0.045502
0.039974
0.818263
0.818263
0.022513
0.000266
0.000545
0.000479
0.818263
0.818263
0.004141
0.004382
0.003291
0.008462
0.077035
0.313157
0.132176
0.031388
0.04739
0.299327
0.167223
0.167223
0.108724
0.561729
0.180665
0.73601
0.060529
0.0181
0.020926
0.110237
0.110237
0.012489
0.060494
0.060494
0.000743
0.004964
0.004964
0.005579
0.000397
0.000397
0.083724
0.004596
0.016267
0.008678
0.014619
0.021703
0.128232
0.008185
0.021536
0.284475
0.021536
0.005847
0.232451
0.023424
0.14589
0.14589
0.023424
0.583082
0.776225
0.252537
0.072227
0.041454
0.252537
0.533349
0.218856
0.030389
0.842655
0.441355
0.66541
0.289393
0.10683
0.101264
0.021644
0.20499
0.364158
0.799627
0.849574
0.999907
0.105107
0.105107
0.112357
0.819984
0.237199
0.237199
0.013791
0.237199
0.237199
0.098304
0.187188
0.001055
0.689147
0.01996
0.03527
0.002101
0.001043
0.234157
0.365793
0.092316
0.092316
0.180599
0.409889
0.056298
0.056298
0.039799
0.138039
0.047138
0.038059
0.012922
0.012922
0.002943
0.002943
0.001414
0.000148
0.070231
0.000883
0.032281
0.032281
0.01443
0.078592
0.01443
0.017984
0.081332
0.4416
0.017984
0.081332
0.140564
0.049629
0.855984
0.945822
0.049629
0.049629
0.049629
0.001246
0.030912
0.011974
0.982742
0.200853
0.039451
0.001582
0.017966
0.001582
0.200853
0.079816
0.523287
0.124876
0.039451
0.294755
0.058109
0.021484
0.005598
0.378943
0.823314
0.823314
0.823314
0.823314
0.823314
0.005378
0.447422
0.843137
0.843137
0.263007
0.0258
0.094854
0.04734
0.999521
0.00013
0.000825
0.005981
0.004478
0.017755
0.004478
0.217774
0.150357
0.00013
0.002431
0.009176
0.139368
0.139368
0.053146
0.989782
0.141507
0.016592
0.719827
0.06841
0.06841
0.016592
0.141507
0.016592
0.78245
0.000514
0.0157
0.698253
0.324178
0.0157
0.000514
0.26776
0.133982
0.216785
0.009576
0.011372
0.000674
0.179361
0.041919
0.340593
0.068509
0.074975
0.004254
0.001964
0.000785
0.001683
0.003429
0.151732
0.000703
0.000703
0.002394
0.004362
0.000134
0.000134
0.000134
0.837638
0.003043
0.04774
0.04774
0.715354
0.137826
0.306034
0.03427
0.031359
0.137826
0.484614
0.364515
0.03332
0.109302
0.552906
0.946195
0.552906
0.552906
0.661306
0.194721
0.005308
0.60704
0.242802
0.986606
0.039417
0.005308
0.005308
0.739713
0.953039
0.013027
0.012807
0.8355
0.061355
0.007121
0.481844
0.996609
0.047785
0.196931
0.196931
0.072556
0.003591
0.005082
0.680243
0.069446
0.002326
0.000225
0.005927
0.000924
0.138055
0.08095
0.08095
0.036983
0.528831
0.006774
0.032356
0.873605
0.032356
0.019273
0.31261
0.003085
0.042233
0.042233
0.009984
0.004192
0.017574
0.014126
0.971116
0.29969
0.652468
0.652468
0.652468
0.652468
0.874843
0.767432
0.767432
0.903532
0.542602
0.828585
0.054431
0.543525
0.016377
0.000102
0.001586
0.000106
0.002373
0.00381
0.00381
0.000923
0.022412
0.022412
0.000923
0.001998
0.046892
0.22229
0.927817
0.010345
0.097211
0.097211
0.010345
0.010345
0.655188
0.00196
0.003078
0.483011
0.218794
0.001221
0.001019
0.008742
0.001221
0.001221
0.027943
0.069362
0.184651
0.184651
0.184651
0.229029
0.063805
0.678917
0.052497
0.052497
0.004288
0.004254
0.004254
0.191658
0.016646
0.010069
0.073053
0.873063
0.342888
0.262459
0.035052
0.297791
0.210892
0.150714
0.077429
0.001156
0.00435
0.001156
0.036131
0.268249
0.083657
0.31549
0.090494
0.079228
0.818263
0.818263
0.000149
0.006588
0.124987
0.001653
0.000149
0.12446
0.117275
0.013094
0.049016
0.075216
0.010969
0.028199
0.004362
0.003834
0.021274
0.971858
0.021274
0.021274
0.115409
0.164987
0.505939
0.164987
0.115409
0.164987
0.164987
0.575356
0.058725
0.054636
0.054636
0.104033
0.119457
0.439441
0.004557
0.009296
0.009296
0.084868
0.03007
0.396315
0.009296
0.042505
0.042505
0.818263
0.818263
0.00394
0.00394
0.040167
0.24107
0.24107
0.24107
0.24107
0.696283
0.131115
0.15216
0.15216
0.332278
0.05956
0.024661
0.00229
0.064847
0.064847
0.064847
0.064847
0.118022
0.051977
0.019519
0.000438
0.020234
0.006816
0.057944
0.197707
0.197707
0.010426
0.010426
0.034987
0.034987
0.001049
0.041605
0.007586
0.689941
0.903649
0.689941
0.998446
0.223307
0.034734
0.167582
0.167582
0.761112
0.034513
0.470343
0.024482
0.379654
0.034449
0.033662
0.097503
0.097503
0.270396
0.00147
0.00147
0.090422
0.030633
0.000372
0.012563
0.012563
0.044702
0.044702
0.00756
0.032711
0.05696
0.05696
0.021972
0.008331
0.341619
0.02081
0.0266
0.773601
0.005778
0.61077
0.009168
0.28904
0.063002
0.00227
0.00227
0.00227
0.128373
0.52465
0.00227
0.012565
0.078598
0.669396
0.082582
0.384885
0.538329
0.818263
0.818263
0.038212
0.038212
0.104019
0.000124
0.015438
0.016636
0.093164
0.016636
0.021228
0.016419
0.000659
0.021228
0.000659
0.160555
0.000792
0.020935
0.020935
0.368524
0.368524
0.368524
0.368524
0.368524
0.368524
0.368524
0.516704
0.028054
0.020342
0.049925
0.596425
0.819959
0.819959
0.819959
0.930632
0.699624
0.699624
0.681598
0.681598
0.930632
0.008652
0.986068
0.037117
0.973496
0.025688
0.010377
0.085523
0.055954
0.106137
0.475812
0.063801
0.116505
0.116505
0.011405
0.010345
0.784733
0.086044
0.010345
0.26711
0.086044
0.184763
0.005278
0.263835
0.014698
0.000923
0.028187
0.000923
0.000923
0.068808
0.000923
0.012059
0.03214
0.012059
0.830177
0.016695
0.016695
0.015324
0.016586
0.023897
0.017003
0.019267
0.005869
0.000423
0.040867
0.071628
0.000423
0.229327
0.006236
0.570974
0.040867
0.006488
0.006456
0.019267
0.006488
0.024504
0.024504
0.818263
0.818263
0.017418
0.085154
0.520597
0.43523
0.47844
0.217867
0.101892
0.223588
0.066193
0.034459
0.281741
0.011986
0.687079
0.002627
0.0054
0.623233
0.043567
0.029185
0.610415
0.029185
0.029185
0.000655
0.072029
0.001299
0.486787
0.259013
0.504917
0.098905
0.193629
0.047356
0.119454
0.124384
0.367888
0.118706
0.056877
0.891141
0.170887
0.028608
0.818263
0.818263
0.188567
0.117691
0.117624
0.117691
0.817332
0.117624
0.818263
0.818263
0.018401
0.163011
0.008398
0.163011
0.197651
0.833267
0.295642
0.26394
0.871825
0.153012
0.375192
0.153012
0.671609
0.410029
0.127858
0.127858
0.382691
0.006037
0.016898
0.008195
0.605077
0.076692
0.012413
0.050769
0.088497
0.004577
0.00105
0.818263
0.818263
0.107015
0.42516
0.111562
0.035748
0.010062
0.002413
0.002413
0.005748
0.013232
0.028336
0.987875
0.860394
0.602374
0.065936
0.084046
0.133811
0.084046
0.133811
0.004244
0.09532
0.09532
0.166816
0.153546
0.026358
0.049536
0.923446
0.291449
0.34719
0.01092
0.010576
0.335107
0.230216
0.030628
0.091185
0.073795
0.042279
0.77014
0.00805
0.156864
0.004608
0.741038
0.741038
0.741038
0.003416
0.391052
0.070205
0.070205
0.092333
0.027373
0.371257
0.027373
0.092333
0.092333
0.93809
0.003433
0.003433
0.092333
0.030364
0.766769
0.76941
0.061465
0.061465
0.079241
0.026963
0.027119
0.035812
0.10772
0.10772
0.274752
0.151562
0.151562
0.074436
0.074436
0.01615
0.005915
0.005915
0.508372
0.005686
0.818263
0.818263
0.006146
0.000488
0.065658
0.023733
0.023733
0.059408
0.059408
0.005166
0.727351
0.185076
0.40665
0.185076
0.887313
0.82197
0.902555
0.763765
0.676433
0.729229
0.729229
0.046567
0.173196
0.117332
0.07369
0.818263
0.818263
0.818263
0.818263
0.037907
0.024646
0.296672
0.830652
0.329485
0.658386
0.991511
0.269967
0.113829
0.106772
0.54654
0.082374
0.173643
0.474866
0.106772
0.281031
0.173643
0.023951
0.780753
0.688417
0.954095
0.030639
0.117063
0.365006
0.015276
0.822895
0.131532
0.38171
0.067177
0.823314
0.823314
0.823314
0.823314
0.823314
0.008828
0.279081
0.020771
0.192031
0.111597
0.111597
0.027871
0.479803
0.141412
0.613891
0.037783
0.003665
0.235766
0.00026
0.002226
0.0091
0.0091
0.076474
0.381004
0.076474
0.061387
0.210652
0.396387
0.099054
0.018727
0.002357
0.000116
0.016052
0.000116
0.015045
0.077664
0.002443
0.16943
0.60595
0.030672
0.018727
0.001654
0.056038
0.80296
0.56543
0.749333
0.230439
0.393505
0.004064
0.041748
0.445531
0.174155
0.043101
0.009116
0.013193
0.011787
0.011787
0.035432
0.437442
0.213364
0.001029
0.115049
0.115049
0.547224
0.225395
0.225395
0.00011
0.024154
0.000655
0.015085
0.008556
0.016351
0.804783
0.007462
0.002048
0.821643
0.821643
0.821643
0.821643
0.410443
0.228476
0.1827
0.11727
0.11727
0.055356
0.041646
0.183064
0.28007
0.183064
0.059168
0.018401
0.033588
0.00082
0.01125
0.365284
0.182867
0.182867
0.4163
0.259623
0.031223
0.487725
0.089718
0.824503
0.089718
0.084441
0.084441
0.002203
0.002203
0.002203
0.023876
0.046908
0.818263
0.818263
0.197487
0.041393
0.059151
0.059151
0.00115
0.3677
0.058312
0.031546
0.989903
0.098664
0.033932
0.005131
0.0277
0.024824
0.039448
0.010521
0.006318
0.041275
0.004895
0.136315
0.004895
0.004895
0.025863
0.008494
0.065754
0.001461
0.000137
0.000112
0.001165
0.024917
0.421201
0.000137
0.254349
0.254349
0.337964
0.043661
0.035381
0.001883
0.035381
0.643888
0.467857
0.099805
0.103701
0.052122
0.052122
0.038443
0.011284
0.011284
0.011905
0.004291
0.344335
0.004291
0.006478
0.036741
0.001953
0.000126
0.000126
0.000126
0.001124
0.000126
0.252614
0.076634
0.058166
0.089368
0.089368
0.002407
0.089368
0.910762
0.002634
0.008437
0.002908
0.003282
0.818263
0.818263
0.032773
0.627232
0.009507
0.354231
0.012433
0.000301
0.872234
0.306552
0.06797
0.184547
0.009875
0.899478
0.306552
0.010016
0.075169
0.00235
0.016605
0.002684
0.001552
0.054092
0.147743
0.016605
0.005053
0.001675
0.001675
0.04336
0.04449
0.852418
0.000131
0.010284
0.007368
0.00721
0.873862
0.960906
0.706551
0.399286
0.399286
0.706551
0.549423
0.919287
0.766192
0.766192
0.015936
0.005777
0.019098
0.105596
0.035759
0.084472
0.245736
0.014432
0.063894
0.063894
0.007317
0.000159
0.000159
0.025513
0.043361
0.009103
0.004121
0.019329
0.126603
0.021063
0.001131
0.821643
0.821643
0.821643
0.821643
0.71788
0.71788
0.938975
0.71788
0.71788
0.199418
0.199418
0.209193
0.005667
0.005667
0.056033
0.056033
0.005667
0.049949
0.15992
0.048194
0.012987
0.298082
0.012987
0.043444
0.043444
0.0028
0.0028
0.005906
0.557902
0.061226
0.005906
0.960942
0.056069
0.016058
0.00099
0.818263
0.818263
0.06789
0.06789
0.061554
0.368211
0.029624
0.66934
0.001488
0.187786
0.054778
0.054778
0.00656
0.015718
0.150871
0.051601
0.048255
0.296546
0.04532
0.04532
0.106924
0.016863
0.000634
0.016863
0.000634
0.006982
0.361542
0.011767
0.003973
0.818263
0.818263
0.046075
0.014448
0.000724
0.073349
0.078807
0.007285
0.133868
0.350122
0.217694
0.217694
0.818263
0.818263
0.117339
0.112254
0.112254
0.031414
0.007466
0.046323
0.704607
0.396719
0.704607
0.27376
0.017092
0.161948
0.026882
0.002439
0.002439
0.009477
0.03888
0.005838
0.18263
0.143639
0.143639
0.003036
0.55304
0.129193
0.129193
0.352637
0.032732
0.818263
0.818263
0.072556
0.011538
0.016455
0.454395
0.00892
0.015404
0.002558
0.007968
0.818263
0.818263
0.035938
0.076824
0.088129
0.304461
0.073526
0.136873
0.136873
0.057997
0.02747
0.002881
0.013289
0.031092
0.033769
0.003135
0.084492
0.003135
0.018017
0.000463
0.000649
0.087786
0.689941
0.903649
0.689941
0.065869
0.065869
0.01838
0.01838
0.01838
0.158668
0.006122
0.006122
0.006122
0.006122
0.31672
0.019764
0.017949
0.010147
0.029844
0.004144
0.198067
0.198067
0.009861
0.890813
0.543382
0.310548
0.009861
0.092274
0.079867
0.092274
0.027969
0.026921
0.005834
0.339963
0.185667
0.155449
0.155449
0.016696
0.016696
0.016696
0.013962
0.013962
0.157988
0.077352
0.019211
0.014363
0.272213
0.026113
0.217289
0.058131
0.017436
0.017436
0.00055
0.424215
0.013569
0.013569
0.031782
0.014322
0.067036
0.177915
0.052881
0.006119
0.052881
0.62576
0.009171
0.00136
0.020282
0.283578
0.054709
0.226794
0.366393
0.046552
0.102517
0.102517
0.102517
0.186855
0.046304
0.003317
0.000483
0.003317
0.008662
0.70341
0.289933
0.060868
0.013512
0.328175
0.146736
0.250416
0.146736
0.146736
0.146736
0.146736
0.083835
0.184648
0.015353
0.036983
0.208792
0.036983
0.241551
0.03899
0.014374
0.119079
0.340778
0.119079
0.014374
0.818263
0.818263
0.006761
0.002161
0.006761
0.026957
0.003745
0.027434
0.002444
0.050603
0.22656
0.469637
0.818263
0.818263
0.117063
0.034376
0.818263
0.818263
0.220257
0.220257
0.220257
0.7196
0.076517
0.066871
0.066871
0.324454
0.034868
0.034037
0.000533
0.059328
0.002594
0.042534
0.000117
0.188077
0.000461
0.000117
0.000117
0.014143
0.042361
0.024823
0.04722
0.071476
0.071476
0.00583
0.00583
0.005031
0.818263
0.818263
0.000648
0.040114
0.04957
0.018432
0.088497
0.052132
0.01093
0.015226
0.088497
0.576577
0.576577
0.976558
0.822674
0.671562
0.671562
0.514634
0.708542
0.033825
0.033825
0.421676
0.066875
0.127708
0.001391
0.173588
0.376776
0.025903
0.075355
0.916534
0.792967
0.792967
0.792967
0.473856
0.055754
0.536604
0.040871
0.907476
0.131251
0.445712
0.055754
0.499141
0.563201
0.16669
0.16669
0.702
0.90148
0.90148
0.549009
0.549009
0.002957
0.001783
0.010745
0.032839
0.207541
0.066611
0.413359
0.964961
0.16919
0.18213
0.566109
0.02149
0.02149
0.043177
0.818263
0.818263
0.004104
0.000113
0.01247
0.021421
0.042472
0.582041
0.042472
0.041815
0.25223
0.25223
0.382546
0.451447
0.00041
0.002056
0.089866
0.026723
0.033682
0.097923
0.01821
0.719143
0.001094
0.079417
0.316053
0.818263
0.818263
0.792967
0.792967
0.792967
0.916534
0.473856
0.006816
0.760368
0.00325
0.010064
0.010185
0.013569
0.219948
0.003075
0.026674
0.413433
0.174749
0.174749
0.819959
0.819959
0.819959
0.626141
0.129301
0.129301
0.151475
0.887011
0.151475
0.151475
0.129301
0.088599
0.088599
0.047841
0.012905
0.047841
0.023585
0.146775
0.025255
0.146775
0.000364
0.004454
0.117788
0.024017
0.003956
0.024017
0.818263
0.818263
0.096987
0.096987
0.787022
0.004714
0.049596
0.005916
0.569533
0.053968
0.053968
0.003371
0.053968
0.053968
0.002541
0.821643
0.821643
0.821643
0.821643
0.041629
0.818263
0.818263
0.009367
0.35574
0.009742
0.058002
0.015238
0.015238
0.060079
0.004052
0.060079
0.069274
0.012281
0.552745
0.012281
0.392349
0.084728
0.19602
0.010686
0.818263
0.818263
0.065533
0.154499
0.47164
0.84184
0.970219
0.712628
0.679004
0.712628
0.679004
0.712628
0.168427
0.117616
0.163995
0.390119
0.012858
0.090939
0.117616
0.678088
0.017807
0.226977
0.099413
0.058471
0.037996
0.818263
0.818263
0.036124
0.001625
0.096889
0.008026
0.000999
0.043574
0.014929
0.038776
0.009896
0.009896
0.009896
0.009896
0.766192
0.766192
0.919287
0.549423
0.004843
0.072129
0.434316
0.371991
0.371991
0.673426
0.371991
0.371991
0.371991
0.371991
0.371991
0.371991
0.291138
0.132255
0.823314
0.823314
0.823314
0.823314
0.823314
0.818263
0.818263
0.05661
0.138423
0.138423
0.05661
0.052985
0.818263
0.818263
0.03209
0.193163
0.055849
0.055849
0.818263
0.818263
0.087852
0.013528
0.087852
0.001369
0.000135
0.007371
0.007371
0.007371
0.027213
0.000493
0.459716
0.165114
0.032588
0.087589
0.000182
0.012422
0.07095
0.012444
0.273079
0.213321
0.213321
0.42393
0.59369
0.664465
0.124937
0.050411
0.0305
0.057034
0.739423
0.818263
0.818263
0.000271
0.216864
0.216864
0.000944
0.979727
0.23774
0.024936
0.142368
0.004098
0.004098
0.142368
0.142368
0.004098
0.10972
0.036098
0.753651
0.241113
0.241113
0.262376
0.144039
0.581974
0.091231
0.051755
0.099941
0.091231
0.198482
0.150833
0.05293
0.05293
0.345837
0.080116
0.046717
0.018529
0.000563
0.114489
0.005502
0.073489
0.066948
0.197934
0.346927
0.098951
0.074761
0.091403
0.874268
0.152302
0.152302
0.52639
0.818263
0.818263
0.001866
0.00788
0.029078
0.087281
0.05731
0.000667
0.00469
0.818263
0.818263
0.173564
0.01438
0.023603
0.029226
0.023603
0.002237
0.093698
0.000276
0.008118
0.376876
0.139019
0.204615
0.025155
0.007379
0.395664
0.050037
0.041698
0.000215
0.010245
0.039074
0.039074
0.069304
0.208775
0.046573
0.046573
0.030234
0.819959
0.819959
0.819959
0.263919
0.263919
0.176239
0.176239
0.079538
0.079538
0.031723
0.583005
0.085034
0.085034
0.818263
0.818263
0.164501
0.164501
0.824677
0.014322
0.334626
0.033845
0.299078
0.111247
0.111247
0.085064
0.008732
0.010105
0.002041
0.372917
0.021421
0.819959
0.819959
0.819959
0.009696
0.031724
0.204703
0.05175
0.004997
0.103771
0.140602
0.095017
0.095017
0.022801
0.095017
0.955322
0.901371
0.675875
0.675875
0.675875
0.675875
0.294774
0.157516
0.157516
0.02956
0.818263
0.818263
0.095024
0.363673
0.07629
0.423168
0.039731
0.62403
0.017119
0.116995
0.226186
0.413786
0.195302
0.15845
0.15845
0.011144
0.000527
0.000527
0.000527
0.016459
0.016459
0.000527
0.02422
0.0022
0.0022
0.00065
0.00065
0.00065
0.067799
0.00065
0.818263
0.818263
0.818263
0.818263
0.473659
0.879759
0.690798
0.690798
0.971122
0.818263
0.818263
0.946205
0.55292
0.55292
0.55292
0.114286
0.037884
0.007936
0.114286
0.13113
0.089315
0.38644
0.417666
0.098375
0.098375
0.215867
0.215867
0.011243
0.215867
0.215867
0.029069
0.574617
0.080597
0.057142
0.106788
0.065009
0.065009
0.008454
0.184358
0.062939
0.062939
0.301223
0.059339
0.059339
0.101382
0.031163
0.721675
0.721675
0.905614
0.961154
0.524963
0.001339
0.036962
0.035465
0.000315
0.000315
0.00204
0.113624
0.157103
0.709107
0.032262
0.010379
0.010379
0.961956
0.076478
0.626128
0.076478
0.235071
0.023036
0.016312
0.016312
0.096591
0.201539
0.096591
0.013412
0.12694
0.009688
0.079935
0.009688
0.818263
0.818263
0.020306
0.091804
0.091804
0.086948
0.091804
0.501469
0.142708
0.137796
0.049412
0.049412
0.049412
0.818263
0.818263
0.041892
0.099395
0.97166
0.194378
0.099395
0.135139
0.001877
0.02968
0.768159
0.0072
0.005998
0.058042
0.03209
0.822376
0.60534
0.60534
0.957654
0.668871
0.668871
0.046574
0.02848
0.009331
0.008849
0.022697
0.008849
0.231482
0.231482
0.009136
0.021778
0.249997
0.320431
0.818263
0.818263
0.036988
0.115955
0.017868
0.017868
0.112308
0.498636
0.157996
0.444986
0.000308
0.02373
0.007662
0.280578
0.818263
0.818263
0.056039
0.029515
0.101635
0.173027
0.083383
0.029515
0.157062
0.573006
0.047644
0.006727
0.02145
0.001342
0.903657
0.689947
0.689947
0.190035
0.000641
0.117454
0.004197
0.004197
0.013837
0.224784
0.416233
0.314035
0.09517
0.090914
0.000284
0.001896
0.008591
0.101546
0.500067
0.317721
0.317721
0.029753
0.818263
0.818263
0.818263
0.818263
0.121302
0.121302
0.953475
0.918867
0.533702
0.666606
0.666606
0.533702
0.457659
0.818263
0.818263
0.000807
0.011868
0.06952
0.06952
0.819959
0.819959
0.819959
0.005423
0.006745
0.006745
0.496756
0.105205
0.052841
0.479993
0.079679
0.014079
0.006483
0.006377
0.001521
0.001521
0.001521
0.074928
0.161363
0.381998
0.193793
0.289864
0.289864
0.289864
0.022419
0.003296
0.042684
0.000154
0.022419
0.42193
0.042684
0.291116
0.124888
0.002166
0.003418
0.002204
0.079957
0.079957
0.037729
0.037729
0.964405
0.004625
0.001969
0.001969
0.001969
0.025219
0.025219
0.001187
0.028493
0.072895
0.040275
0.001591
0.409695
0.01557
0.818263
0.818263
0.003948
0.033128
0.028541
0.048591
0.048591
0.004088
0.032729
0.02145
0.07022
0.818263
0.818263
0.234744
0.02875
0.001988
0.001988
0.434501
0.120836
0.292395
0.670299
0.091727
0.819959
0.819959
0.819959
0.006691
0.036095
0.172182
0.172182
0.124521
0.076652
0.877625
0.018891
0.004704
0.004704
0.002056
0.341924
0.436658
0.004134
0.004134
0.006918
0.006918
0.008991
0.008991
0.008991
0.008991
0.024439
0.024439
0.13053
0.011927
0.011927
0.225402
0.225402
0.095837
0.178825
0.178825
0.097308
0.0431
0.0431
0.006999
0.006999
0.007759
0.008494
0.065481
0.065481
0.011435
0.000626
0.065481
0.223936
0.004074
0.999238
0.084869
0.011001
0.084869
0.034672
0.938975
0.71788
0.71788
0.71788
0.71788
0.10647
0.314979
0.10647
0.095215
0.000229
0.012748
0.101719
0.140028
0.140028
0.481799
0.191166
0.007637
0.125913
0.04904
0.357551
0.901314
0.957953
0.544776
0.544776
0.544776
0.342047
0.264086
0.128023
0.128023
0.064798
0.064798
0.897571
0.041962
0.997431
0.01725
0.818263
0.818263
0.003105
0.819959
0.819959
0.819959
0.467991
0.075822
0.075822
0.075822
0.931912
0.015163
0.018314
0.015163
0.003008
0.013324
0.175665
0.069223
0.016746
0.016746
0.006919
0.267499
0.201116
0.011546
0.506404
0.042881
0.328291
0.047086
0.225815
0.183155
0.079313
0.134734
0.039609
0.033125
0.219093
0.003489
0.038189
0.003489
0.036831
0.000409
0.819959
0.819959
0.819959
0.037057
0.818263
0.818263
0.49576
0.072209
0.072209
0.369621
0.784919
0.085939
0.151291
0.223086
0.151291
0.677682
0.044799
0.113494
0.113494
0.019282
0.012779
0.654279
0.158037
0.158037
0.686488
0.158037
0.444869
0.158037
0.000884
0.009515
0.258738
0.293177
0.006305
0.013131
0.107352
0.107352
0.298467
0.610681
0.610681
0.239367
0.017332
0.017332
0.401685
0.222395
0.252719
0.888895
0.222395
0.118642
0.058807
0.565641
0.002198
0.002198
0.689941
0.903649
0.689941
0.112241
0.112241
0.112241
0.005579
0.005579
0.005579
0.005579
0.819959
0.819959
0.819959
0.024512
0.069509
0.007658
0.007917
0.008333
0.042012
0.018635
0.027489
0.025935
0.000205
0.001762
0.000261
0.034601
0.058797
0.717842
0.058797
0.818263
0.818263
0.008549
0.821643
0.821643
0.821643
0.821643
0.818263
0.818263
0.19466
0.497743
0.19466
0.027423
0.603595
0.936956
0.023251
0.049235
0.440906
0.084593
0.084593
0.024733
0.020494
0.020494
0.23224
0.399209
0.23224
0.23224
0.005209
0.081519
0.185387
0.185387
0.185387
0.185387
0.185387
0.005384
0.170845
0.001647
0.549423
0.919287
0.766192
0.766192
0.001631
0.001631
0.205674
0.101851
0.101851
0.903649
0.689941
0.689941
0.159569
0.159569
0.818263
0.818263
0.08106
0.145251
0.145251
0.145251
0.107137
0.161158
0.161158
0.161158
0.161158
0.060937
0.043894
0.206703
0.059871
0.059008
0.002804
0.818263
0.818263
0.671828
0.822203
0.913368
0.822203
0.671828
0.818263
0.818263
0.015879
0.015879
0.000454
0.903649
0.689941
0.689941
0.075541
0.334737
0.818263
0.818263
0.169861
0.169861
0.040853
0.040853
0.040853
0.001107
0.032221
0.87154
0.720043
0.87154
0.720043
0.013633
0.013633
0.036068
0.047865
0.047865
0.014926
0.818263
0.818263
0.903649
0.689941
0.689941
0.01332
0.069509
0.030234
0.033631
0.205498
0.005842
0.000622
0.001843
0.158217
0.818263
0.818263
0.109066
0.112371
0.112371
0.001739
0.038187
0.173411
0.173411
0.818263
0.818263
0.818263
0.818263
0.114871
0.422585
0.114871
0.114871
0.114871
0.717488
0.177894
0.177894
0.177894
0.823314
0.823314
0.823314
0.823314
0.823314
0.819959
0.819959
0.819959
0.919295
0.766194
0.549429
0.766194
0.035899
0.004655
0.001752
0.001752
0.001752
0.818263
0.818263
0.016191
0.440728
0.217979
0.217979
0.024266
0.01175
0.01175
0.007848
0.007848
0.973543
0.661211
0.254052
0.661211
0.254052
0.661211
0.254052
0.973543
0.254052
0.041875
0.157598
0.157598
0.821643
0.821643
0.821643
0.821643
0.107906
0.128838
0.128838
0.107906
0.003939
0.086031
0.029728
0.695595
0.825946
0.900107
0.911556
0.811732
0.811732
0.358449
0.811732
0.811732
0.811732
0.818263
0.818263
0.818263
0.818263
0.102584
0.960906
0.706551
0.706551
0.399286
0.399286
0.030555
0.001122
0.549423
0.919287
0.766192
0.766192
0.237677
0.237677
0.507539
0.001008
0.101674
0.00276
0.13185
0.13185
0.025087
0.052095
0.167332
0.018161
0.116688
0.116688
0.116688
0.014017
0.267265
0.191931
0.82007
0.147707
0.147707
0.070449
0.108614
0.103522
0.818263
0.818263
0.132665
0.028833
0.054849
0.054849
0.009024
0.012632
0.041581
0.018865
0.835907
0.835907
0.835907
0.731921
0.923606
0.731921
0.102652
0.102652
0.018223
0.007859
0.024522
0.024522
0.024522
0.818263
0.818263
0.027093
0.020603
0.004562
0.001314
0.029044
0.006633
0.005229
0.005229
0.022746
0.016194
0.101239
0.075198
0.044731
0.081835
0.121555
0.174563
0.049623
0.008444
0.146889
0.282385
0.282385
0.282385
0.179488
0.179488
0.818263
0.818263
0.09329
0.039412
0.051754
0.040491
0.040491
0.002555
0.002555
0.17877
0.002555
0.051754
0.031819
0.188935
0.008722
0.818263
0.818263
0.181736
0.000941
0.000959
0.249377
0.12074
0.112992
0.689941
0.903649
0.689941
0.911889
0.020114
0.020114
0.137607
0.137607
0.818263
0.818263
0.089914
0.919295
0.766194
0.766194
0.549429
0.143911
0.033635
0.143911
0.211467
0.211467
0.025055
0.03571
0.818263
0.818263
0.099352
0.082321
0.022075
0.119679
0.119679
0.032279
0.032279
0.044422
0.044422
0.002029
0.819959
0.819959
0.819959
0.038613
0.818263
0.818263
0.028558
0.967439
0.793122
0.603847
0.95885
0.793122
0.336821
0.603847
0.025367
0.025367
0.345297
0.818263
0.818263
0.818263
0.818263
0.819959
0.819959
0.819959
0.0211
0.06432
0.186275
0.186275
0.071238
0.053364
0.025442
0.025442
0.818263
0.818263
0.818263
0.818263
0.818263
0.818263
0.818263
0.818263
0.516216
0.098625
0.208818
0.171796
0.035162
0.456986
0.136286
0.023881
0.212184
0.192907
0.003045
0.161403
0.892824
0.161403
0.026713
0.026713
0.045823
0.373873
0.154332
0.077926
0.06734
0.06734
0.06734
0.010746
0.06734
0.004397
0.000377
0.000377
0.000377
0.08266
0.818263
0.818263
0.818263
0.818263
0.185232
0.185232
0.185232
0.185232
0.038091
0.742721
0.038091
0.177079
0.285397
0.285397
0.285397
0.177079
0.15116
0.0393
0.051993
0.333637
0.137709
0.124679
0.044883
0.044172
0.002566
0.044172
0.133747
0.065694
0.176459
0.009822
0.542984
0.047189
0.818263
0.818263
0.041048
0.016859
0.919287
0.766192
0.766192
0.549423
0.087838
0.087838
0.818263
0.818263
0.010638
0.541396
0.541396
0.124042
0.541396
0.124042
0.124042
0.004485
0.2056
0.819959
0.819959
0.819959
0.870803
0.132596
0.22446
0.018249
0.132596
0.22446
0.22446
0.012303
0.012303
0.038763
0.025364
0.069235
0.069235
0.535503
0.903649
0.689941
0.689941
0.01054
0.004592
0.004592
0.036986
0.036986
0.147259
0.856415
0.147259
0.023076
0.023076
0.052855
0.000142
0.000824
0.018642
0.018642
0.018642
0.018642
0.216059
0.3812
0.007116
0.008681
0.008681
0.00076
0.161516
0.161516
0.000103
0.000242
0.0009
0.0009
0.437269
0.015782
0.000388
0.00135
0.00135
0.029717
0.121779
0.033507
0.90576
0.033507
0.066268
0.080082
0.742981
0.318048
0.318048
0.624563
0.247822
0.092409
0.201046
0.201046
0.826927
0.0007
0.0007
0.078778
0.201046
0.0007
0.201046
0.011484
0.201046
0.201046
0.016576
0.818263
0.818263
0.818263
0.818263
0.818263
0.818263
0.003965
0.090526
0.090526
0.818263
0.818263
0.027559
0.818263
0.818263
0.818263
0.818263
0.818263
0.818263
0.01893
0.067919
0.179832
0.067919
0.248382
0.248382
0.408207
0.181204
0.114387
0.114387
0.114387
0.819959
0.819959
0.819959
0.028458
0.072398
0.199213
0.023746
0.044627
0.061716
0.365851
0.193686
0.603026
0.311965
0.118709
0.084849
0.275704
0.275704
0.275704
0.275704
0.004247
0.388777
0.166352
0.113437
0.113437
0.002261
0.002261
0.106895
0.040043
0.818263
0.818263
0.012031
0.011546
0.918696
0.029425
0.078261
0.078261
0.004723
0.004723
0.000136
0.000136
0.078127
0.122745
0.300035
0.122745
0.105598
0.819959
0.819959
0.819959
0.008338
0.018023
0.003587
0.005238
0.12446
0.354517
0.003708
0.264414
0.102863
0.114549
0.036987
0.818263
0.818263
0.254938
0.022031
0.000116
0.004482
0.352045
0.052542
0.021141
0.021141
0.000627
0.000627
0.202618
0.106638
0.053838
0.053838
0.00468
0.001376
0.505752
0.202076
0.197894
0.297961
0.017788
0.076789
0.076789
0.71788
0.938975
0.71788
0.71788
0.71788
0.376495
0.06448
0.135357
0.135357
0.024404
0.503238
0.025806
0.009581
0.818263
0.818263
0.089682
0.723283
0.916568
0.723283
0.916554
0.598811
0.818263
0.818263
0.012937
0.012937
0.012937
0.013202
0.013202
0.169474
0.069946
0.012327
0.766192
0.919287
0.766192
0.549423
0.040146
0.818263
0.818263
0.821643
0.821643
0.821643
0.821643
0.039872
0.079556
0.02747
0.005396
0.425515
0.151507
0.353223
0.082045
0.08345
0.903649
0.689941
0.689941
0.818263
0.818263
0.103104
0.818263
0.818263
0.088393
0.031974
0.280784
0.62678
0.996262
0.280784
0.368074
0.282119
0.54771
0.54771
0.910355
0.54771
0.550599
0.632199
0.931872
0.038639
0.818263
0.818263
0.080566
0.080566
0.006209
0.135879
0.001191
0.231095
0.055252
0.002793
0.051781
0.06765
0.036373
0.012112
0.012112
0.011995
0.009906
0.106711
0.106711
0.003863
0.186737
0.186737
0.186737
0.175034
0.175034
0.045537
0.288015
0.054826
0.011891
0.159865
0.159865
0.106112
0.25243
0.002725
0.002725
0.074792
0.009612
0.017093
0.001366
0.079314
0.818263
0.818263
0.095073
0.818263
0.818263
0.784491
0.221738
0.221738
0.057302
0.048384
0.818263
0.818263
0.198388
0.198388
0.001378
0.871962
0.375536
0.664641
0.527697
0.392268
0.392268
0.392268
0.007958
0.083803
0.083803
0.114155
0.813015
0.039435
0.114155
0.00846
0.818263
0.818263
0.818263
0.818263
0.374266
0.158549
0.158549
0.025328
0.042314
0.042314
0.818263
0.818263
0.164021
0.010683
0.010683
0.069913
0.871089
0.776893
0.652286
0.776893
0.554349
0.184117
0.818263
0.818263
0.290175
0.131674
0.031516
0.149052
0.818263
0.818263
0.0388
0.0388
0.222136
0.222136
0.222136
0.031107
0.209564
0.338911
0.497065
0.209564
0.149172
0.676951
0.062376
0.818263
0.818263
0.011637
0.849198
0.689941
0.903649
0.689941
0.818263
0.818263
0.384387
0.219319
0.219319
0.219319
0.219319
0.287282
0.077647
0.077647
0.818263
0.818263
0.818263
0.818263
0.230807
0.539207
0.093078
0.579513
0.093134
0.818263
0.818263
0.937929
0.840421
0.524219
0.524219
0.65495
0.510378
0.233365
0.510378
0.111449
0.022905
0.189822
0.985951
0.581787
0.581787
0.581787
0.189822
0.581787
0.113178
0.818263
0.818263
0.660409
0.660409
0.319161
0.041621
0.821643
0.821643
0.821643
0.821643
0.016466
0.016466
0.001787
0.031591
0.031591
0.017384
0.590421
0.090831
0.443848
0.209149
0.087639
0.087639
0.048658
0.818263
0.818263
0.055462
0.765357
0.765357
0.04289
0.04289
0.041899
0.035006
0.00099
0.025249
0.219433
0.074452
0.074452
0.903649
0.689941
0.689941
0.818263
0.818263
0.056444
0.205266
0.034366
0.099689
0.554205
0.554205
0.291999
0.291999
0.552906
0.946195
0.552906
0.552906
0.008631
0.027677
0.054811
0.819959
0.819959
0.819959
0.000684
0.007611
0.03326
0.055889
0.818263
0.818263
0.231592
0.144358
0.231592
0.231592
0.040284
0.030604
0.005087
0.919287
0.766192
0.766192
0.549423
0.053251
0.01396
0.088699
0.821643
0.821643
0.821643
0.821643
0.055191
0.818263
0.818263
0.237774
0.818263
0.818263
0.062193
0.062193
0.818263
0.818263
0.014145
0.403702
0.403702
0.403702
0.702368
0.02542
0.008838
0.245089
0.818263
0.818263
0.818263
0.818263
0.073716
0.073716
0.818263
0.818263
0.028137
0.329737
0.915955
0.087542
0.135681
0.135681
0.018962
0.018962
0.149151
0.143945
0.143945
0.005702
0.143945
0.819959
0.819959
0.819959
0.147937
0.054039
0.629831
0.139809
0.139809
0.015944
0.139809
0.096072
0.818263
0.818263
0.035677
0.035677
0.819959
0.819959
0.819959
0.062359
0.818263
0.818263
0.903649
0.689941
0.689941
0.946195
0.552906
0.552906
0.552906
0.048466
0.048466
0.819959
0.819959
0.819959
0.818263
0.818263
0.819959
0.819959
0.819959
0.000239
0.000239
0.003307
0.106108
0.106108
0.818263
0.818263
0.792967
0.792967
0.792967
0.916534
0.473856
0.939975
0.656604
0.656604
0.847637
0.441011
0.042195
0.042195
0.818263
0.818263
0.202559
0.137086
0.063769
0.331354
0.331354
0.331354
0.039458
0.818263
0.818263
0.059801
0.818263
0.818263
0.818263
0.818263
0.818263
0.818263
0.524938
0.10957
0.284014
0.152849
0.09192
0.09192
0.022085
0.946195
0.552906
0.552906
0.552906
0.060827
0.008744
0.060827
0.060827
0.004718
0.019414
0.012146
0.012146
0.012146
0.019414
0.012146
0.642007
0.356238
0.115486
0.115486
0.025147
0.818263
0.818263
0.210263
0.210263
0.402696
0.402696
0.821643
0.821643
0.821643
0.821643
0.821643
0.821643
0.821643
0.821643
0.084377
0.347354
0.347354
0.049852
0.818263
0.818263
0.821643
0.821643
0.821643
0.821643
0.140216
0.111269
0.818263
0.818263
0.274491
0.274491
0.114399
0.114399
0.818263
0.818263
0.595572
0.083977
0.083977
0.818263
0.818263
0.10845
0.127628
0.132361
0.818263
0.818263
0.058417
0.818263
0.818263
0.818263
0.818263
0.008068
0.903649
0.689941
0.689941
0.133061
0.010462
0.010462
0.818263
0.818263
0.077094
0.128063
0.689941
0.903649
0.689941
0.818263
0.818263
0.133503
0.133503
0.238878
0.238878
0.059251
0.819959
0.819959
0.819959
0.099036
0.131481
0.131481
0.131481
0.398291
0.398291
0.398291
0.398291
0.398291
0.398291
0.398291
0.398291
0.398291
0.398291
0.398291
0.398291
0.398291
0.398291
0.398291
0.398291
0.398291
0.398291
0.398291
0.398291
0.398291
0.398291
0.398291
0.818263
0.818263
0.944556
0.798455
0.618216
0.798455
0.798455
0.798455
0.618216
0.798455
0.821643
0.821643
0.821643
0.821643
0.064154
0.025464
0.015337
0.818263
0.818263
0.189787
0.189787
0.818263
0.818263
0.062564
0.819959
0.819959
0.819959
0.043929
0.818263
0.818263
0.689941
0.903649
0.689941
0.01583
0.650922
0.967779
0.650922
0.578584
0.296511
0.85579
0.570269
0.960046
0.333967
0.760342
0.760342
0.760342
0.333967
0.23848
0.007938
0.007938
0.007938
0.818263
0.818263
0.085655
0.819959
0.819959
0.819959
0.818263
0.818263
0.091128
0.012626
0.001003
0.919287
0.766192
0.766192
0.549423
0.818263
0.818263
0.818263
0.818263
0.212123
0.073129
0.075938
0.075938
0.075938
0.000988
0.823314
0.823314
0.823314
0.823314
0.823314
0.078261
0.818263
0.818263
0.015147
0.027699
0.088147
0.023825
0.014378
0.071909
0.689941
0.903649
0.689941
0.047575
0.818263
0.818263
0.70049
0.406017
0.159892
0.340698
0.07839
0.090433
0.903649
0.689941
0.689941
0.071879
0.03383
0.903649
0.689941
0.689941
0.039536
0.068668
0.063584
0.87154
0.87154
0.720043
0.720043
0.043398
0.818263
0.818263
0.818263
0.818263
0.204742
0.204742
0.034577
0.574486
0.877972
0.930139
0.651653
0.818263
0.818263
0.046847
0.818263
0.818263
0.131406
0.131406
0.002945
0.680427
0.943377
0.680427
0.765558
0.765558
0.765558
0.818263
0.818263
0.005849
0.11368
0.11368
0.075178
0.075178
0.009036
0.009036
0.818263
0.818263
0.013553
0.155311
0.155311
0.001606
0.001606
0.821643
0.821643
0.821643
0.821643
0.026906
0.819959
0.819959
0.819959
0.818263
0.818263
0.037877
0.818263
0.818263
0.87154
0.720043
0.720043
0.87154
0.823314
0.823314
0.823314
0.823314
0.823314
0.818263
0.818263
0.113437
0.818263
0.818263
0.903649
0.689941
0.689941
0.675975
0.675975
0.761697
0.953005
0.773702
0.773702
0.861087
0.773702
0.773702
0.818263
0.818263
0.051184
0.818263
0.818263
0.823314
0.823314
0.823314
0.823314
0.823314
0.310293
0.435419
0.016124
0.818263
0.818263
0.089249
0.058097
0.284863
0.284863
0.147851
0.821643
0.821643
0.821643
0.821643
0.818263
0.818263
0.919287
0.766192
0.766192
0.549423
0.022526
0.0145
0.818263
0.818263
0.823298
0.138451
0.090889
0.738726
0.02919
0.101585
0.101585
0.919287
0.766192
0.549423
0.766192
0.818263
0.818263
0.818263
0.818263
0.134142
0.075228
0.065125
0.065125
0.818263
0.818263
0.821643
0.821643
0.821643
0.821643
0.151434
0.821643
0.821643
0.821643
0.821643
0.032456
0.818263
0.818263
0.138084
0.818263
0.818263
0.000209
0.818263
0.818263
0.02074
0.041941
0.799973
0.008195
0.231841
0.49769
0.634456
0.818263
0.818263
0.082616
0.121718
0.383634
0.383634
0.142144
0.205613
0.289669
0.289669
0.289669
0.289669
0.004285
0.112307
0.0438
0.048399
0.819959
0.819959
0.819959
0.818263
0.818263
0.247091
0.247091
0.247091
0.143372
0.143372
0.064994
0.818263
0.818263
0.818263
0.818263
0.689941
0.903649
0.689941
0.101333
0.048502
0.818263
0.818263
0.065408
0.072332
0.025038
0.293226
0.293226
0.293226
0.293226
0.293226
0.799973
0.015677
0.818263
0.818263
0.819959
0.819959
0.819959
0.818263
0.818263
0.818263
0.818263
0.818263
0.818263
0.818263
0.818263
0.818263
0.818263
0.818263
0.818263
0.100073
0.819959
0.819959
0.819959
0.044847
0.134078
0.818263
0.818263
0.818263
0.818263
0.042834
0.020225
0.066809
0.032162
0.818263
0.818263
0.161609
0.819959
0.819959
0.819959
0.819959
0.819959
0.819959
0.818263
0.818263
0.080107
0.064812
0.818263
0.818263
0.14484
0.14484
0.027689
0.025789
0.818263
0.818263
0.818263
0.818263
0.042094
0.045627
0.818263
0.818263
0.818263
0.818263
0.047442
0.818263
0.818263
0.023358
0.094877
0.818263
0.818263
0.723277
0.723277
0.818263
0.818263
0.903649
0.689941
0.689941
0.687216
0.181225
0.076405
0.099374
0.821643
0.821643
0.821643
0.821643
0.136222
0.818263
0.818263
0.818263
0.818263
0.818263
0.818263
0.819959
0.819959
0.819959
0.681598
0.681598
0.819959
0.819959
0.819959
0.067975
0.084576
0.716678
0.716678
0.048784
0.903649
0.689941
0.689941
0.818263
0.818263
0.818263
0.818263
0.818263
0.818263
0.072677
0.064154
0.818263
0.818263
0.037938
0.818263
0.818263
0.818263
0.818263
0.818263
0.818263
0.818263
0.818263
0.042042
0.818263
0.818263
0.818263
0.818263
0.903649
0.689941
0.689941
0.082176
0.818263
0.818263
0.821643
0.821643
0.821643
0.821643
0.818263
0.818263
0.818263
0.818263
0.096989
0.017793
0.818263
0.818263
0.819959
0.819959
0.819959
0.818263
0.818263
0.818263
0.818263
0.821643
0.821643
0.821643
0.821643
0.818263
0.818263
0.818263
0.818263
0.818263
0.818263
0.818263
0.818263
0.818263
0.818263
0.818263
0.818263
0.818263
0.818263
0.818263
0.818263
0.066509
0.819959
0.819959
0.819959
0.195911
0.195911
0.195911
0.818263
0.818263
0.818263
0.818263
0.818263
0.818263
0.818263
0.818263
0.818263
0.818263
0.819959
0.819959
0.819959
0.818263
0.818263
0.818263
0.818263
0.16414
0.16414
0.819959
0.819959
0.819959
0.818263
0.818263
0.819959
0.819959
0.819959
0.818263
0.818263
0.818263
0.818263
0.818263
0.818263
0.821643
0.821643
0.821643
0.821643
0.818263
0.818263
0.819959
0.819959
0.819959
0.818263
0.818263
0.818263
0.818263
0.447889
0.167795
0.818263
0.818263
0.114175
0.818263
0.818263
0.818263
0.818263
0.818263
0.818263
0.821643
0.821643
0.821643
0.821643
0.821643
0.821643
0.821643
0.821643
0.818263
0.818263
0.819959
0.819959
0.819959
0.818263
0.818263
0.818263
0.818263
0.818263
0.818263
0.818263
0.818263
0.819959
0.819959
0.819959
0.818263
0.818263
0.818263
0.818263
0.818263
0.818263
0.818263
0.818263
0.818263
0.818263
0.819959
0.819959
0.819959
