graph_football,40,0.000000,115
graph_jazz,29,0.000000,198
graph_karate,10,0.000000,62
gemsec_facebook_artist,789,0.328000,50515
ego-facebook,553,0.031000,4039
graph_actors_dat,1006,0.110000,10042
graph_CA-AstroPh,1631,0.375000,18772
graph_CA-CondMat,2934,0.562000,23133
graph_CA-GrQc,1034,0.062000,5242
graph_CA-HepPh,1525,0.172000,12008
graph_CA-HepTh,1390,0.125000,9877
graph_dolphins,3,0.000000,34
graph_Email-Enron,2825,1.172000,36692
graph_ncstrlwg2,1118,0.047000,6396
soc-gplus,69,0.047000,23628
socfb-Brandeis99,411,0.047000,3898
socfb-Mich67,203,0.016000,3748
socfb-nips-ego,10,0.000000,2888
Amazon0302,36561,39.407000,262111
Amazon0312,31974,44.155000,400727
Amazon0505,32490,44.326000,410236
Amazon0601,31488,32.294000,403394
com-dblp.ungraph,37418,49.980000,317080
loc-gowalla_edges,5688,5.062000,196591
deezer_HR,2352,0.250000,54573
musae_git,195,0.125000,37700
