1.000028
1.000054
0.982219
1.000003
0.903409
0.99885
0.999732
0.999835
0.176574
0.865223
0.009886
0.466969
0.453005
0.877843
0.172215
0.999408
0.964168
0.99779
0.99724
0.973671
0.996053
0.951951
0.324851
0.56883
0.901321
0.978108
0.84815
0.921909
0.052328
0.982327
0.994361
0.948809
0.532669
0.017359
0.993254
0.88269
0.000376
0.966871
0.998321
0.546818
0.824763
0.007616
0.0001
0.999359
0.938419
0.921164
0.127963
0.45017
0.967721
0.398857
0.005046
0.992435
0.026643
0.996581
0.066714
0.910981
0.064755
0.342969
0.964278
0.000676
0.873344
0.99729
0.960352
0.749833
0.847055
0.970795
0.975413
0.974737
0.926287
0.998228
0.997515
0.388319
0.952955
0.026273
0.834323
0.13127
0.982478
0.955759
0.673654
0.884846
0.999573
0.901818
0.970502
0.123463
0.506903
0.002589
0.963424
0.994398
0.999871
0.972039
0.001255
0.972409
0.98885
0.013313
0.039557
0.082794
0.042274
0.000178
0.928303
0.155956
0.399499
0.12603
0.16822
0.048721
0.999763
0.018295
0.888396
0.076116
0.000399
0.902989
0.523228
0.760716
0.496317
0.13149
0.360541
