0 193
0 384
0 420
0 481
0 543
0 620
0 886
0 988
0 1026
0 1048
0 1142
0 1272
0 1324
0 1699
0 1705
0 1870
1 583
1 685
1 913
1 1055
1 1401
1 1422
1 1539
1 1685
1 1885
1 1907
2 51
2 164
2 254
2 303
2 407
2 1252
2 1309
2 1385
2 1450
2 1701
3 690
3 829
3 848
3 921
3 997
3 1031
3 1120
3 1313
3 1350
3 1662
3 1725
3 1892
4 642
4 757
4 1155
4 1439
4 1536
4 1540
4 1936
5 347
5 429
5 500
5 897
5 978
5 1106
5 1210
5 1284
6 140
6 337
6 557
6 581
6 583
6 795
6 933
6 1046
6 1185
6 1366
6 1737
6 1751
6 1858
6 1921
7 192
7 247
7 430
7 431
7 657
7 687
7 1028
7 1392
7 1437
7 1834
7 1896
7 1920
8 88
8 100
8 428
8 907
8 1164
8 1701
8 1706
8 1784
9 715
9 748
9 1445
9 1576
9 1608
9 1741
10 381
10 910
10 1128
10 1332
10 1581
10 1678
10 1808
10 1885
10 1949
11 51
11 69
11 635
11 749
11 1009
11 1115
11 1295
11 1305
11 1596
11 1635
11 1709
11 1720
11 1964
12 207
12 393
12 554
12 623
12 803
12 880
12 953
12 1004
12 1017
12 1238
12 1480
12 1654
12 1742
13 167
13 552
13 789
13 925
13 1316
14 129
14 197
14 331
14 431
14 975
14 1359
14 1375
14 1525
14 1537
14 1671
14 1712
14 1979
15 133
15 375
15 679
15 1227
16 41
16 365
16 464
16 867
16 947
16 1388
16 1554
16 1639
17 83
17 309
17 681
17 736
17 1054
17 1812
17 1953
18 254
18 496
18 536
18 614
18 1115
18 1452
18 1453
18 1489
18 1812
18 1813
19 347
19 958
19 1201
19 1758
19 1975
20 352
20 1227
20 1250
20 1329
20 1338
20 1759
20 1957
20 1983
21 133
21 287
21 604
21 620
21 706
21 1200
21 1384
21 1408
21 1624
21 1682
21 1830
21 1836
21 1897
22 93
22 132
22 232
22 326
22 509
22 591
22 897
22 1133
22 1375
22 1776
23 36
23 441
23 807
23 1033
23 1255
23 1354
23 1427
23 1846
24 733
24 840
24 863
24 1133
24 1268
24 1346
24 1621
24 1791
24 1985
25 65
25 130
25 331
25 418
25 592
25 862
26 442
26 483
26 732
26 1343
26 1542
26 1629
26 1657
26 1749
27 122
27 324
27 349
27 392
27 629
27 883
27 1173
27 1292
27 1345
27 1520
27 1716
27 1882
27 1934
28 32
28 418
28 523
28 821
28 1622
28 1759
28 1922
29 82
29 484
29 556
29 578
29 776
29 1073
29 1350
29 1621
29 1646
29 1816
30 49
30 261
30 401
30 660
30 699
30 1201
30 1237
30 1395
30 1404
30 1458
30 1904
31 44
31 87
31 168
31 207
31 216
31 945
31 960
31 1073
31 1154
31 1160
31 1466
31 1554
31 1691
31 1891
32 585
32 677
32 1104
32 1135
32 1269
32 1338
32 1483
32 1541
32 1598
33 198
33 357
33 566
33 583
33 827
33 837
33 919
33 1007
33 1239
33 1656
33 1666
34 450
34 943
34 1311
34 1324
34 1356
34 1427
34 1506
34 1919
34 1950
35 283
35 821
35 1034
35 1199
35 1216
35 1400
35 1964
36 407
36 440
36 1103
36 1284
36 1682
36 1821
36 1856
37 72
37 105
37 197
37 304
37 473
37 730
37 939
37 990
37 1094
37 1128
37 1461
37 1870
38 83
38 983
38 1041
38 1276
38 1279
38 1381
38 1970
39 247
39 272
39 728
39 731
39 865
39 1016
39 1642
39 1660
39 1664
40 50
40 474
40 499
40 768
40 1125
40 1296
40 1332
40 1922
41 242
41 513
41 540
41 603
41 1435
41 1445
41 1835
41 1873
41 1980
42 381
42 406
42 764
42 848
42 935
42 1332
42 1475
42 1724
42 1785
42 1835
43 115
43 525
43 769
43 787
43 997
43 1051
43 1259
43 1621
43 1687
43 1914
43 1962
44 214
44 318
44 950
44 970
44 1310
44 1327
44 1381
44 1797
44 1852
44 1855
45 230
45 529
45 654
45 679
45 1052
45 1118
45 1486
45 1491
45 1598
45 1739
46 182
46 339
46 458
46 899
46 1017
46 1048
46 1399
46 1453
46 1993
47 220
47 581
47 1000
47 1095
47 1269
47 1626
47 1923
47 1969
48 140
48 293
48 448
48 671
48 701
48 1569
48 1745
49 54
49 201
49 317
49 331
49 479
49 545
49 549
49 597
49 743
49 1288
49 1510
49 1663
49 1784
49 1856
49 1963
50 211
50 282
50 587
50 684
50 797
50 943
50 1176
50 1409
50 1590
50 1595
50 1603
51 62
51 411
51 509
51 518
51 996
51 1021
51 1241
51 1926
52 209
52 280
52 410
52 1296
52 1346
52 1613
52 1698
52 1798
52 1903
52 1987
53 62
53 822
53 1158
53 1199
53 1672
54 327
54 623
54 686
54 1215
54 1319
54 1342
54 1985
55 756
55 892
55 946
55 957
55 1069
55 1084
55 1326
55 1520
55 1537
55 1628
55 1705
55 1983
56 172
56 983
56 1048
56 1113
56 1197
57 64
57 223
57 259
57 277
57 1185
57 1309
57 1516
57 1686
58 84
58 954
58 1430
58 1653
58 1994
59 251
59 413
59 754
59 944
59 1247
59 1318
59 1584
59 1864
60 521
60 801
60 1338
60 1690
61 215
61 292
61 381
61 670
61 1080
61 1477
61 1485
61 1930
61 1955
61 1969
62 101
62 341
62 349
62 495
62 657
62 684
62 1075
62 1241
62 1455
62 1502
62 1534
62 1751
62 1893
62 1972
63 483
63 1302
63 1305
63 1713
63 1862
64 532
64 823
64 918
65 226
65 231
65 364
65 418
65 592
65 1151
65 1164
65 1678
65 1942
66 325
66 1182
66 1497
66 1521
66 1771
67 321
67 653
67 657
67 807
67 843
67 989
67 1154
67 1522
67 1843
68 130
68 171
68 230
68 475
68 654
68 749
68 1464
68 1474
68 1528
68 1711
68 1730
68 1820
68 1851
68 1933
69 77
69 339
69 752
69 996
69 1007
69 1328
69 1348
69 1391
69 1425
69 1617
69 1945
70 294
70 327
70 772
70 779
70 888
70 1005
70 1036
70 1199
70 1777
70 1828
70 1869
71 697
71 734
71 996
71 1184
71 1199
72 128
72 418
72 472
72 597
72 754
72 908
72 967
72 1095
72 1313
72 1670
72 1908
73 251
73 267
73 891
73 1083
73 1473
73 1704
73 1908
74 136
74 335
74 736
74 765
74 819
74 1200
74 1288
74 1692
74 1830
75 466
75 469
75 480
75 575
75 1040
75 1046
75 1051
75 1234
75 1237
75 1346
75 1387
76 209
76 507
76 733
76 1076
76 1455
76 1540
76 1621
77 245
77 706
77 722
77 764
77 810
77 1296
77 1339
77 1466
77 1568
77 1677
77 1915
78 257
78 258
78 357
78 635
78 868
78 1043
78 1102
78 1187
78 1220
78 1278
78 1382
78 1699
78 1746
78 1923
79 236
79 241
79 242
79 384
79 555
79 657
79 881
79 1031
79 1560
79 1735
79 1923
80 642
80 645
80 753
80 1136
80 1262
80 1415
80 1470
80 1711
81 91
81 241
81 254
81 314
81 680
81 838
81 860
81 1265
81 1408
81 1439
81 1683
81 1702
82 134
82 146
82 160
82 222
82 251
82 799
82 1177
82 1192
82 1572
82 1633
82 1820
83 373
83 397
83 538
83 567
83 886
83 941
83 1174
83 1577
83 1733
83 1865
83 1899
83 1920
84 243
84 367
84 1048
84 1420
84 1519
84 1690
85 197
85 625
85 1133
85 1301
85 1344
85 1666
85 1805
86 125
86 233
86 603
86 631
86 707
86 897
86 903
86 958
86 1000
86 1010
86 1183
86 1467
86 1840
86 1973
87 89
87 167
87 178
87 419
87 455
87 694
87 863
87 1265
87 1421
87 1573
87 1621
87 1698
87 1714
87 1861
88 350
88 364
88 636
88 736
88 1361
88 1675
88 1946
89 465
89 613
89 650
89 737
89 749
89 817
89 869
89 919
89 1470
89 1540
89 1588
90 249
90 285
90 397
90 405
90 469
90 577
90 1232
90 1350
90 1700
91 146
91 1000
91 1465
91 1504
91 1639
91 1713
91 1987
92 106
92 247
92 280
92 426
92 666
92 751
92 1002
92 1015
92 1301
92 1364
92 1632
92 1694
92 1762
92 1900
93 342
93 425
93 965
93 1612
93 1745
93 1958
94 342
94 385
94 489
94 584
94 695
94 1083
94 1421
94 1427
94 1560
94 1566
94 1582
94 1816
95 252
95 282
95 362
95 867
95 1099
95 1815
95 1979
96 176
96 733
96 986
96 1089
96 1393
96 1401
96 1790
96 1793
96 1972
97 205
97 589
97 931
97 947
97 975
97 1176
97 1705
97 1712
97 1927
98 114
98 206
98 498
98 539
98 785
98 799
98 854
98 885
98 1058
98 1214
98 1230
98 1354
98 1440
98 1576
98 1654
98 1719
98 1777
98 1889
98 1971
99 210
99 304
99 401
99 604
99 866
99 1233
99 1483
99 1518
100 300
100 358
100 550
100 557
100 617
100 1361
100 1428
100 1742
100 1861
100 1968
101 496
101 1176
101 1180
101 1358
101 1840
101 1866
102 105
102 296
102 434
102 522
102 611
102 723
102 956
102 1184
102 1644
103 391
103 455
103 481
103 805
103 1191
103 1334
103 1447
103 1477
103 1961
104 729
104 945
104 1143
104 1162
104 1284
104 1668
104 1748
105 166
105 325
105 340
105 730
105 736
105 1410
105 1726
105 1905
106 134
106 634
106 671
106 1829
107 629
107 1048
107 1293
107 1296
107 1303
107 1311
107 1401
108 537
108 551
108 680
108 1042
108 1192
108 1358
108 1381
108 1522
108 1810
108 1959
109 749
109 927
109 1270
109 1401
109 1543
109 1888
110 293
110 654
110 911
110 1190
110 1289
110 1425
110 1435
111 286
111 471
111 782
111 928
111 1180
111 1207
111 1374
111 1445
111 1465
111 1731
111 1798
112 193
112 430
112 1038
112 1645
112 1851
113 211
113 229
113 249
113 347
113 781
113 1039
113 1055
113 1525
113 1786
113 1873
114 612
114 633
114 818
114 923
114 1013
114 1239
114 1682
114 1736
114 1777
115 460
115 1154
115 1309
115 1460
115 1895
115 1906
116 476
116 640
116 650
116 842
116 990
116 1015
116 1134
116 1228
116 1419
116 1565
117 174
117 205
117 616
117 963
117 983
117 1043
117 1629
117 1818
118 139
118 639
118 687
118 922
118 1155
118 1804
119 390
119 451
119 592
119 753
119 1035
119 1514
120 419
120 432
120 470
120 813
120 1040
120 1205
120 1257
120 1411
120 1434
121 122
121 233
121 409
121 576
122 148
122 671
122 674
122 1327
122 1508
122 1714
123 300
123 432
123 534
123 870
123 1053
123 1282
123 1419
123 1456
123 1813
123 1831
124 399
124 640
124 664
124 1208
124 1839
124 1956
125 133
125 166
125 299
125 340
125 347
125 473
125 743
125 745
125 891
125 903
125 931
125 1014
125 1027
125 1169
125 1592
125 1800
125 1857
125 1970
125 1977
126 202
126 292
126 318
126 630
126 683
126 816
126 826
126 833
126 838
126 1250
126 1473
126 1528
127 278
127 381
127 454
127 551
127 628
127 909
127 919
127 1026
127 1171
127 1255
127 1334
127 1539
127 1754
128 629
128 715
128 764
128 797
128 923
128 940
128 976
128 993
128 1085
128 1630
128 1813
129 328
129 618
129 665
129 710
129 853
129 1162
129 1414
129 1479
129 1618
129 1759
130 180
130 518
130 636
130 644
130 888
130 1161
130 1509
130 1585
130 1697
130 1706
130 1782
130 1810
130 1814
130 1846
130 1939
130 1986
131 261
131 1454
131 1557
131 1568
131 1955
131 1995
132 168
132 183
132 235
132 246
132 351
132 1189
132 1533
132 1711
132 1750
132 1763
133 615
133 621
133 625
133 715
133 912
133 1918
133 1980
134 231
134 401
134 439
134 532
134 620
134 724
134 974
134 1775
134 1861
134 1916
134 1945
134 1977
135 501
135 630
135 797
135 841
135 903
135 1162
135 1401
135 1487
135 1609
135 1624
135 1676
135 1858
136 214
136 396
136 608
136 623
136 625
136 638
136 698
136 710
136 1247
136 1743
136 1843
136 1992
137 444
137 656
137 842
137 1778
137 1819
138 274
138 328
138 364
138 498
138 500
138 928
138 1070
138 1211
138 1439
138 1786
138 1868
138 1932
139 201
139 239
139 289
139 424
139 742
139 1140
139 1185
139 1327
139 1512
139 1892
140 515
140 654
140 797
140 1003
140 1506
140 1698
140 1769
141 315
141 403
141 453
141 752
141 767
141 1134
141 1181
141 1609
141 1996
142 405
142 441
142 578
142 580
142 606
142 1097
142 1576
142 1760
142 1894
143 160
143 295
143 301
143 1070
143 1265
143 1681
144 254
144 554
144 895
144 1052
144 1401
144 1651
144 1673
144 1854
145 487
145 818
145 1170
145 1454
145 1472
146 252
146 367
146 587
146 834
146 1118
146 1310
146 1346
146 1398
146 1439
146 1583
146 1730
146 1763
146 1764
146 1800
147 229
147 514
147 785
147 1328
147 1457
147 1684
147 1979
148 498
148 1219
148 1235
148 1336
148 1444
148 1503
148 1512
148 1533
148 1846
149 333
149 618
149 829
149 1166
149 1301
149 1356
149 1385
149 1603
149 1809
149 1950
149 1964
150 321
150 851
150 939
150 1077
150 1230
150 1359
150 1420
150 1462
150 1540
150 1830
150 1915
151 204
151 237
151 301
151 793
151 1177
151 1313
152 204
152 285
152 342
152 1141
152 1454
152 1468
152 1543
153 154
153 296
153 559
153 761
153 798
153 911
153 987
153 1167
153 1573
153 1790
154 197
154 557
154 796
154 898
154 955
154 1085
154 1325
154 1341
154 1605
155 509
155 614
155 940
155 1037
155 1107
155 1151
155 1154
155 1190
155 1784
156 535
156 690
156 794
156 1062
156 1098
156 1273
156 1402
156 1791
156 1970
157 326
157 651
157 1078
157 1465
157 1728
157 1739
158 227
158 268
158 444
158 498
158 918
158 1018
158 1142
158 1521
158 1670
158 1849
158 1937
159 282
159 414
159 742
159 1008
159 1446
159 1466
159 1484
159 1501
159 1543
159 1979
160 200
160 373
160 526
160 551
160 1141
160 1201
160 1472
160 1574
160 1577
160 1647
160 1839
160 1883
161 233
161 254
161 411
161 838
161 994
161 1018
161 1268
161 1858
161 1866
161 1985
162 476
162 988
162 1639
163 595
163 895
163 1088
163 1172
163 1258
163 1326
163 1417
163 1533
164 247
164 343
164 583
164 646
164 840
164 1127
164 1327
164 1381
164 1676
164 1715
164 1772
164 1784
164 1814
164 1842
164 1877
164 1915
164 1946
164 1960
165 245
165 557
165 939
165 1017
165 1128
165 1895
166 508
166 791
166 982
166 1058
166 1152
166 1153
166 1346
166 1348
166 1453
166 1481
166 1785
166 1921
167 275
167 375
167 675
167 695
167 937
167 1060
167 1095
167 1279
167 1869
167 1959
167 1964
168 221
168 239
168 429
168 442
168 531
168 881
168 1212
168 1240
169 378
169 728
169 746
169 941
169 942
169 999
169 1158
169 1385
169 1449
169 1591
169 1738
170 513
170 874
170 945
170 1107
170 1409
170 1483
170 1528
170 1617
170 1756
170 1847
170 1876
171 483
171 1226
171 1318
171 1413
171 1419
171 1659
171 1713
172 213
172 227
172 512
172 760
172 1067
172 1630
172 1861
172 1922
173 217
173 346
173 406
173 682
173 865
173 1081
173 1206
173 1291
173 1559
173 1633
173 1682
173 1757
173 1861
174 273
174 912
174 947
174 1126
174 1351
174 1405
174 1447
174 1530
174 1796
174 1930
175 209
175 307
175 380
175 744
175 1006
175 1672
175 1698
175 1755
175 1895
175 1958
176 290
176 584
176 587
176 592
176 750
176 861
176 927
176 960
176 1418
176 1442
176 1622
176 1710
176 1984
177 486
177 501
177 538
177 838
177 856
177 983
177 1561
177 1615
177 1850
177 1913
177 1961
177 1965
178 427
178 645
178 858
178 868
178 1127
178 1320
178 1471
178 1534
178 1928
178 1946
179 277
179 391
179 446
179 481
179 571
179 607
179 657
179 702
179 779
179 1117
179 1236
179 1315
179 1350
179 1466
179 1927
180 513
180 1077
180 1195
180 1239
180 1301
180 1464
180 1987
181 206
181 322
181 533
181 814
181 1455
181 1630
181 1789
181 1869
181 1908
182 296
182 401
182 549
182 637
182 1011
182 1212
182 1273
182 1487
182 1571
182 1651
182 1662
182 1696
182 1765
182 1922
183 200
183 713
183 805
183 904
183 1098
183 1234
183 1432
183 1488
183 1558
183 1813
184 1355
184 1471
184 1623
185 354
185 385
185 481
185 720
185 782
185 1006
185 1178
185 1222
185 1377
185 1434
185 1657
185 1750
185 1896
186 321
186 628
186 889
186 1647
186 1819
187 218
187 420
187 448
187 1093
187 1212
187 1652
188 319
188 345
188 884
188 909
188 941
188 1411
188 1416
188 1473
188 1515
188 1596
188 1718
189 305
189 642
189 1048
189 1078
189 1280
189 1617
190 262
190 599
190 690
190 707
190 1042
190 1511
190 1908
191 417
191 500
191 786
191 793
191 850
191 1538
191 1540
191 1838
191 1870
192 200
192 238
192 280
192 589
192 616
192 677
192 708
192 922
192 1019
192 1160
192 1307
192 1396
192 1564
192 1656
192 1979
193 432
193 574
193 779
193 833
193 1079
193 1223
193 1241
193 1581
193 1652
193 1694
193 1906
194 328
194 394
194 462
194 618
194 722
194 785
194 1028
194 1139
194 1346
194 1747
194 1807
194 1857
195 278
195 631
195 711
195 1257
195 1317
195 1629
195 1758
196 227
196 361
196 553
196 768
196 1179
196 1358
196 1593
196 1610
197 455
197 630
197 793
197 1058
197 1081
197 1161
197 1425
197 1459
197 1567
197 1605
197 1706
197 1830
198 209
198 346
198 476
198 503
198 557
198 711
198 748
198 782
198 994
198 1305
198 1434
198 1628
199 280
199 439
199 1389
199 1484
199 1605
199 1817
200 332
200 553
200 1239
200 1332
200 1427
201 429
201 769
201 1064
201 1308
201 1681
201 1822
201 1949
202 331
202 388
202 450
202 784
202 1216
202 1384
202 1774
202 1857
203 390
203 499
203 616
203 797
203 1193
203 1449
203 1463
203 1546
203 1592
203 1817
203 1839
204 302
204 374
204 586
204 702
204 959
204 997
204 1320
204 1564
204 1888
205 808
205 997
205 1223
205 1484
205 1536
205 1583
205 1786
205 1835
206 443
206 508
206 588
206 709
206 987
206 988
206 1110
206 1196
206 1802
207 349
207 409
207 818
207 1120
207 1166
208 509
208 821
208 976
208 1080
208 1192
208 1420
208 1438
208 1449
208 1504
208 1631
208 1641
208 1828
208 1955
209 626
209 952
209 986
209 992
209 1064
209 1221
209 1576
209 1656
209 1678
210 446
210 543
210 646
210 698
210 736
210 933
210 1002
210 1086
210 1328
210 1382
210 1414
210 1611
210 1640
210 1708
210 1977
211 781
211 840
211 1373
211 1435
211 1911
212 316
212 605
212 933
212 1384
212 1847
212 1924
213 527
213 597
213 970
213 1068
213 1074
213 1824
213 1897
214 857
214 967
214 990
214 1029
214 1074
214 1185
214 1223
214 1446
214 1577
214 1689
215 416
215 581
215 1008
215 1033
215 1075
215 1709
216 300
216 348
216 396
216 556
216 984
216 1160
216 1299
216 1399
216 1455
216 1651
216 1679
216 1945
217 625
217 1057
217 1290
217 1392
217 1433
217 1600
218 299
218 602
218 662
218 1010
218 1609
219 252
219 255
219 526
219 550
219 573
219 858
219 874
219 1153
219 1156
219 1354
219 1396
219 1525
219 1759
219 1763
219 1822
219 1947
220 394
220 1003
220 1026
220 1425
220 1856
220 1972
221 349
221 365
221 373
221 417
221 1574
221 1656
221 1924
222 246
222 789
222 813
222 887
222 931
222 932
222 1346
222 1953
223 424
223 1265
223 1313
223 1493
223 1509
223 1977
224 274
224 432
224 655
224 674
224 795
224 895
224 1640
224 1680
224 1842
224 1849
224 1978
225 275
225 300
225 1046
225 1116
225 1203
225 1206
225 1304
225 1446
225 1686
226 297
226 652
226 1407
226 1552
226 1785
226 1907
227 368
227 624
227 929
227 1069
227 1393
227 1590
227 1978
228 248
228 553
228 644
228 659
228 1057
228 1279
228 1377
228 1385
228 1413
228 1487
228 1523
228 1576
228 1659
228 1753
229 749
229 807
229 940
229 1088
229 1316
229 1343
229 1424
229 1559
229 1629
230 586
230 1249
230 1303
231 425
231 433
231 751
231 814
231 1154
231 1341
231 1501
232 293
232 380
232 506
232 750
232 794
232 817
232 828
232 1062
232 1127
232 1620
232 1782
232 1921
233 319
233 697
233 750
233 751
233 894
233 1338
233 1759
234 299
234 326
234 373
234 485
234 556
234 887
234 1125
234 1418
234 1450
234 1775
234 1848
235 362
235 427
235 747
235 972
235 992
235 1581
235 1642
235 1644
236 284
236 384
236 721
236 815
236 831
236 878
236 1032
236 1124
236 1203
236 1987
237 364
237 386
237 392
237 504
237 585
237 863
237 1188
237 1245
237 1252
237 1740
238 244
238 518
238 582
238 697
238 758
238 815
238 1551
238 1667
239 736
239 1058
239 1209
239 1429
239 1881
239 1904
239 1916
239 1988
240 322
240 489
240 508
240 719
240 819
240 862
240 1714
240 1760
240 1942
241 276
241 303
241 718
241 746
241 785
241 859
241 930
241 1394
241 1653
241 1914
242 248
242 424
242 852
242 1095
242 1150
243 532
243 704
243 767
243 1068
243 1610
243 1653
243 1707
243 1725
243 1814
243 1817
243 1870
244 557
244 839
244 1319
244 1484
244 1841
245 771
245 897
245 1326
245 1980
246 504
246 767
246 1655
246 1757
246 1858
246 1995
247 740
247 783
247 848
247 873
247 900
247 1117
247 1199
247 1231
247 1454
247 1634
247 1725
247 1788
247 1826
247 1986
248 621
248 843
248 870
248 1120
248 1318
248 1319
248 1644
249 288
249 1150
249 1284
249 1611
250 397
250 879
250 1023
250 1065
250 1081
250 1716
251 269
251 469
251 702
251 724
251 924
251 1237
251 1364
251 1440
251 1759
251 1854
251 1862
252 339
252 384
252 521
252 541
252 547
252 864
252 1190
252 1510
253 488
253 740
253 741
253 792
253 910
253 1211
253 1333
253 1845
254 421
254 468
254 471
254 914
254 930
254 1073
254 1191
254 1776
254 1806
254 1854
254 1856
254 1989
255 943
255 1025
255 1034
255 1266
255 1293
255 1622
255 1679
255 1832
256 598
256 665
256 936
256 1436
256 1487
256 1674
257 278
257 1040
257 1143
257 1361
257 1484
257 1650
257 1943
257 1987
258 488
258 497
258 737
258 903
258 959
258 1064
258 1285
258 1629
258 1899
259 369
259 533
259 576
259 699
259 922
259 1215
259 1538
259 1869
259 1880
260 479
260 963
260 1153
260 1220
260 1242
260 1297
260 1373
260 1673
260 1787
260 1854
260 1871
260 1872
261 372
261 1117
261 1463
261 1484
261 1566
261 1640
261 1925
262 655
262 934
262 967
262 1478
262 1729
262 1756
262 1962
262 1977
263 402
263 532
263 1469
263 1727
264 728
264 802
264 807
264 1024
264 1107
264 1343
264 1385
264 1510
264 1862
265 534
265 553
265 631
265 1121
265 1320
265 1439
265 1643
266 354
266 407
266 579
266 1177
266 1239
267 298
267 775
267 955
267 1047
267 1110
267 1219
267 1447
267 1851
267 1861
268 334
268 423
268 446
268 509
268 577
268 1028
268 1062
268 1077
268 1584
268 1585
268 1848
269 443
269 456
269 825
269 952
269 1448
270 288
270 382
270 397
270 721
270 887
270 1069
270 1276
270 1539
270 1661
270 1750
270 1946
271 419
271 929
271 1942
272 314
272 476
272 621
272 767
272 934
272 959
272 998
272 1120
272 1182
272 1477
272 1479
272 1733
272 1767
273 555
273 689
273 907
273 970
273 1052
273 1087
273 1203
273 1210
273 1348
273 1511
273 1704
273 1998
274 639
274 934
274 975
274 1288
274 1414
274 1752
274 1893
274 1932
275 437
275 595
275 650
275 975
275 1031
275 1048
275 1053
275 1087
275 1354
275 1463
275 1555
275 1766
276 812
276 834
276 1232
276 1257
276 1453
276 1535
277 1035
277 1247
277 1383
277 1524
277 1543
277 1758
277 1826
277 1883
278 555
278 576
278 1030
278 1235
278 1688
278 1760
279 410
279 520
279 592
279 777
279 1065
279 1114
279 1679
279 1725
280 459
280 555
280 589
280 615
280 707
280 720
280 780
280 843
280 1233
280 1402
280 1480
280 1658
280 1843
281 722
281 888
281 931
281 1657
281 1659
281 1800
282 434
282 769
282 814
282 829
282 1054
282 1091
282 1189
282 1311
282 1351
282 1426
282 1583
282 1622
283 1253
283 1446
283 1450
283 1594
283 1760
284 907
284 1705
284 1988
285 365
285 506
285 815
285 1329
286 539
286 612
286 901
286 1134
286 1436
286 1778
286 1833
287 392
287 413
287 501
287 557
287 943
287 1032
287 1231
287 1261
287 1295
287 1319
287 1403
287 1411
287 1422
287 1549
287 1593
287 1631
288 300
288 358
288 397
288 401
288 557
288 1008
288 1198
288 1219
288 1882
288 1965
289 292
289 314
289 461
289 1310
289 1403
289 1441
289 1492
289 1504
289 1590
289 1828
289 1881
290 460
290 918
290 954
290 1033
290 1064
290 1092
290 1177
290 1752
291 503
291 529
291 740
291 1171
291 1793
291 1879
291 1893
291 1935
291 1986
292 618
292 670
292 749
292 760
292 809
292 953
292 1000
292 1290
292 1324
292 1482
292 1563
292 1616
292 1663
292 1762
292 1780
292 1973
293 355
293 621
293 969
293 1335
293 1544
293 1845
294 428
294 631
294 734
294 909
294 1343
294 1772
294 1851
295 371
295 555
295 573
295 716
295 734
295 805
295 1102
295 1237
295 1295
295 1515
295 1619
296 544
296 606
296 820
296 837
296 1149
296 1530
296 1542
296 1570
296 1669
296 1923
297 308
297 475
297 1363
297 1446
298 571
298 845
298 1055
298 1168
298 1657
298 1728
298 1892
298 1966
299 743
299 803
299 1012
299 1036
299 1243
299 1256
299 1528
299 1601
300 1449
300 1641
300 1756
300 1948
301 313
301 393
301 607
301 692
301 895
301 966
301 968
301 1253
301 1274
301 1438
301 1665
301 1688
302 382
302 420
302 765
302 801
302 1467
302 1770
302 1998
302 1999
303 438
303 451
303 731
303 860
303 898
303 981
303 1002
303 1231
303 1580
303 1747
303 1942
304 527
304 535
304 616
304 652
304 732
304 1063
304 1172
304 1543
304 1558
304 1716
304 1837
305 322
305 562
305 568
305 671
305 947
305 998
305 1052
305 1155
305 1329
305 1385
305 1402
305 1914
306 476
306 486
306 1045
306 1109
306 1253
306 1281
307 364
307 738
307 901
307 918
307 935
307 1012
307 1463
307 1530
307 1599
307 1711
307 1718
307 1800
308 372
308 540
308 1037
308 1321
308 1589
308 1596
308 1894
308 1943
308 1967
309 902
309 983
309 1115
309 1686
310 633
310 701
310 869
310 976
310 1144
310 1287
310 1303
310 1611
310 1737
310 1809
311 999
311 1135
311 1215
311 1642
311 1993
312 662
312 788
312 879
312 1038
312 1056
312 1113
312 1255
312 1605
312 1681
312 1887
312 1932
312 1946
313 397
313 850
313 915
313 1570
313 1681
313 1877
314 607
314 1051
314 1145
314 1170
314 1563
314 1611
314 1969
315 985
315 1184
315 1339
315 1667
315 1679
316 516
316 787
316 886
316 1093
316 1340
316 1367
316 1714
317 474
317 613
317 838
317 939
317 941
317 1317
317 1368
317 1372
317 1503
317 1675
318 360
318 394
318 469
318 768
318 1013
318 1321
318 1404
318 1542
318 1769
318 1929
319 363
319 405
319 475
319 607
319 926
319 936
319 1004
319 1210
319 1354
319 1383
319 1527
319 1727
319 1749
320 1831
320 1890
320 1959
321 1133
321 1355
321 1486
321 1892
322 415
322 503
322 1217
322 1353
322 1466
322 1697
322 1708
322 1988
323 471
323 607
323 727
323 733
323 982
323 1225
323 1484
323 1964
324 402
324 481
324 749
324 921
324 957
324 1028
324 1275
324 1526
324 1854
324 1944
324 1978
325 381
325 409
325 465
325 495
325 591
325 924
325 942
325 1191
325 1328
325 1706
326 518
326 519
326 897
326 971
326 981
326 1305
326 1449
326 1723
326 1900
327 378
327 396
327 538
327 848
327 946
327 1099
327 1236
327 1275
327 1571
327 1677
327 1746
328 344
328 620
328 741
328 1263
328 1300
328 1575
328 1781
328 1914
329 708
329 985
329 1185
329 1259
329 1356
329 1380
329 1484
329 1512
329 1518
329 1520
329 1563
329 1594
329 1598
329 1801
330 768
330 842
330 961
330 981
330 1047
330 1135
330 1670
330 1676
330 1769
331 502
331 617
331 627
331 640
331 695
331 1099
331 1204
331 1281
331 1521
331 1535
331 1862
332 392
332 865
332 917
332 1127
332 1261
332 1703
332 1736
332 1871
332 1971
333 430
333 551
333 1179
333 1258
333 1434
333 1530
333 1718
334 1159
334 1204
334 1313
334 1420
334 1776
334 1936
335 873
335 1079
335 1161
335 1237
335 1462
336 504
336 627
336 727
336 786
336 994
336 1003
336 1316
336 1430
336 1620
336 1943
336 1974
337 393
337 422
337 655
337 686
337 897
337 923
337 1353
337 1460
337 1777
337 1899
338 358
338 442
338 445
338 468
338 537
338 595
338 620
338 1118
338 1314
338 1366
339 367
339 420
339 1210
339 1302
339 1834
340 540
340 566
340 1049
340 1154
340 1321
340 1497
340 1647
340 1819
340 1885
341 389
341 554
341 858
342 774
342 989
342 1225
342 1414
343 604
343 1625
343 1644
343 1674
344 597
344 846
344 1033
344 1043
344 1162
344 1403
344 1572
344 1865
344 1926
344 1988
345 350
345 1138
345 1189
345 1282
345 1314
345 1377
345 1488
345 1896
346 727
346 887
346 925
346 1346
346 1529
346 1966
347 433
347 465
347 665
347 1020
347 1456
347 1468
347 1679
347 1740
348 486
348 850
348 941
348 948
348 1009
348 1428
348 1674
348 1683
348 1686
348 1865
349 383
349 491
349 679
349 896
349 1309
349 1315
349 1375
349 1605
349 1642
349 1785
349 1819
349 1883
350 461
350 746
350 1290
350 1393
350 1449
350 1585
350 1671
351 835
351 929
351 1084
351 1871
351 1985
352 528
352 874
352 1228
352 1698
352 1717
352 1744
352 1892
353 480
353 532
353 703
353 956
353 1098
353 1131
353 1733
354 477
354 517
354 753
354 806
354 976
354 985
354 1094
354 1707
354 1895
354 1962
355 587
355 606
355 674
355 806
355 1445
355 1673
355 1701
355 1968
356 670
356 747
356 808
356 1029
356 1321
356 1395
356 1836
357 513
357 697
357 969
357 970
357 977
357 1036
357 1262
357 1468
357 1721
357 1833
357 1912
358 1088
358 1169
358 1189
358 1407
358 1580
358 1671
358 1748
358 1919
358 1927
359 405
359 602
359 1362
359 1538
359 1620
359 1637
359 1670
360 754
360 851
360 933
360 1012
360 1804
360 1925
360 1950
361 387
361 430
361 667
361 1354
361 1524
361 1718
361 1897
362 373
362 431
362 1115
362 1325
362 1484
362 1682
362 1847
362 1995
363 394
363 630
363 754
363 783
363 1902
363 1911
364 366
364 377
364 521
364 600
364 817
364 1215
364 1289
364 1598
364 1703
364 1782
365 695
365 789
365 906
365 1349
365 1372
365 1570
366 397
366 398
366 871
366 1002
366 1025
366 1226
366 1246
366 1310
366 1711
366 1784
367 885
367 985
367 1000
367 1025
367 1141
367 1390
367 1514
367 1782
367 1995
368 455
368 677
368 726
368 773
368 867
368 1058
368 1633
368 1914
369 482
369 616
369 1021
369 1126
369 1274
369 1740
369 1804
369 1866
370 422
370 463
370 522
370 723
370 886
370 1063
370 1131
370 1210
370 1301
370 1537
370 1590
370 1600
370 1643
370 1673
370 1701
371 473
371 858
371 990
371 1196
371 1292
371 1442
371 1621
372 411
372 447
372 855
372 910
372 1013
372 1055
372 1111
372 1131
372 1506
372 1572
372 1643
373 636
373 655
373 710
373 851
373 969
373 1212
373 1351
373 1400
373 1478
373 1739
374 499
374 573
374 685
374 915
374 1046
374 1094
374 1151
374 1223
374 1377
374 1486
374 1523
374 1596
374 1764
375 455
375 1945
375 1964
375 1970
376 1497
376 1702
377 1030
377 1089
377 1114
377 1302
377 1317
377 1324
377 1592
377 1819
378 386
378 712
378 732
378 848
378 878
378 1017
378 1204
378 1328
378 1428
378 1594
379 803
379 931
379 972
379 1072
379 1151
379 1339
379 1354
379 1451
379 1478
379 1537
379 1544
379 1679
379 1801
380 491
380 731
380 802
380 1227
380 1386
380 1438
380 1441
380 1618
380 1686
381 403
381 445
381 587
381 663
381 713
381 1006
381 1034
381 1088
381 1220
381 1515
381 1519
381 1668
381 1712
381 1836
382 928
382 1196
382 1469
382 1588
383 409
383 433
383 495
383 881
383 1109
383 1123
383 1323
383 1457
383 1699
383 1751
383 1788
383 1849
383 1939
384 517
384 675
384 805
384 970
384 1184
384 1289
384 1771
384 1979
385 629
385 688
385 794
385 1349
385 1900
385 1979
386 410
386 575
386 946
386 981
386 1167
386 1189
386 1278
386 1615
386 1806
386 1850
387 459
387 570
387 784
387 1045
387 1052
387 1205
387 1219
387 1245
387 1409
387 1803
388 542
388 550
388 785
388 1076
388 1257
388 1421
388 1734
388 1833
389 420
389 779
389 823
389 989
389 1003
389 1146
389 1514
389 1583
390 1002
390 1006
390 1043
390 1532
390 1584
390 1688
390 1935
391 1469
391 1666
391 1672
391 1791
391 1871
392 578
392 795
392 924
392 1076
392 1200
392 1240
392 1246
392 1351
392 1475
392 1525
392 1797
393 874
393 906
393 1095
393 1406
393 1504
393 1540
394 485
394 613
394 1234
394 1237
394 1407
394 1556
394 1727
395 478
395 858
395 930
395 984
395 1075
395 1181
395 1551
396 450
396 493
396 1295
396 1650
396 1765
396 1832
396 1900
396 1958
397 760
397 883
397 1117
397 1428
397 1981
398 474
398 564
398 854
398 1248
398 1343
398 1602
398 1894
399 617
399 886
399 894
399 1024
399 1080
399 1349
399 1647
399 1750
399 1896
400 506
400 634
400 740
400 821
400 1161
400 1368
400 1389
400 1582
400 1613
400 1680
401 1018
401 1033
401 1523
401 1621
401 1704
401 1839
401 1977
402 435
402 586
402 589
402 809
402 848
402 990
402 1402
402 1585
402 1735
402 1736
403 1058
403 1159
403 1310
403 1651
403 1917
404 423
404 446
404 631
404 757
404 792
404 910
404 1048
404 1221
404 1301
404 1375
405 431
406 674
406 1183
406 1684
406 1838
407 498
407 713
407 725
407 769
407 884
407 1101
407 1241
407 1251
407 1557
407 1704
407 1910
407 1943
408 493
408 744
408 783
408 972
408 1192
408 1360
408 1718
409 855
409 906
409 943
409 1087
409 1252
409 1411
409 1499
409 1718
409 1838
410 436
410 440
410 554
410 717
410 1166
410 1614
410 1976
411 646
411 867
411 1365
411 1605
411 1963
412 480
412 855
412 882
412 998
412 1014
412 1124
412 1497
412 1595
413 553
413 869
413 979
413 1190
413 1388
413 1548
413 1606
413 1708
413 1945
414 528
414 773
414 1089
414 1579
414 1629
415 622
415 888
415 1344
415 1743
415 1915
416 584
416 1327
416 1606
417 693
417 864
417 1099
417 1107
417 1161
417 1300
417 1413
417 1488
417 1603
417 1730
418 871
418 1416
418 1431
418 1543
418 1636
418 1745
419 442
419 528
419 800
419 814
419 999
419 1158
419 1524
419 1853
419 1880
419 1945
419 1996
420 513
420 853
420 867
420 1571
420 1857
420 1878
421 461
421 888
421 897
421 999
421 1017
421 1190
421 1471
422 457
422 463
422 1249
422 1635
422 1643
423 503
423 584
423 698
423 785
423 826
423 914
423 1019
423 1506
423 1524
423 1529
423 1649
424 467
424 547
424 965
424 1071
424 1169
424 1355
424 1410
424 1443
424 1521
424 1679
424 1680
424 1798
425 453
425 459
425 586
425 611
425 1030
425 1286
425 1760
426 444
426 506
426 534
426 599
426 919
426 1149
426 1182
426 1222
426 1385
426 1457
426 1598
427 690
427 1058
427 1297
427 1605
428 677
428 911
428 1009
428 1014
428 1147
428 1154
428 1181
428 1565
428 1655
429 438
429 498
429 660
429 973
429 1066
429 1912
429 1938
430 583
430 593
430 784
430 890
430 1292
430 1368
430 1688
430 1909
431 519
431 520
431 639
431 718
431 723
431 1058
431 1124
431 1146
431 1227
431 1320
431 1385
431 1845
432 1911
433 721
433 923
433 964
433 1193
433 1253
433 1680
433 1960
434 460
434 579
434 745
434 1106
434 1498
434 1646
434 1728
434 1828
434 1916
435 479
435 1554
435 1653
435 1703
435 1755
436 478
436 669
436 740
436 860
436 941
436 1144
436 1831
436 1931
436 1945
437 608
437 802
437 872
437 1132
437 1172
437 1507
437 1805
438 586
438 730
438 857
438 1150
438 1253
438 1394
438 1401
438 1513
438 1747
438 1769
438 1813
438 1974
439 866
439 1152
439 1212
439 1278
439 1552
440 606
440 634
440 707
440 724
440 894
440 922
440 1291
440 1369
440 1439
441 601
441 852
441 987
441 1175
441 1251
441 1621
441 1644
441 1907
442 615
442 655
442 717
442 749
442 985
442 1231
442 1604
442 1666
442 1785
442 1838
443 527
443 641
443 792
443 829
443 840
443 958
443 1025
443 1284
443 1298
443 1591
443 1621
443 1636
443 1741
443 1827
444 595
444 701
444 1073
444 1481
444 1550
444 1625
444 1657
444 1849
444 1938
445 534
445 861
445 873
445 917
445 1087
445 1193
445 1542
446 745
446 1076
446 1173
446 1271
446 1323
446 1335
446 1423
446 1493
446 1557
446 1566
446 1882
446 1885
447 488
447 574
447 830
447 944
447 1247
447 1419
447 1909
447 1953
448 495
448 618
448 657
448 1375
448 1381
448 1558
448 1850
448 1889
449 831
449 922
449 1050
449 1100
449 1155
449 1476
449 1614
449 1777
450 752
450 890
450 1173
450 1339
450 1500
450 1590
450 1677
450 1762
451 608
451 1061
451 1264
451 1563
451 1730
451 1955
452 648
452 1238
452 1614
452 1820
452 1882
453 515
453 534
453 747
453 909
453 933
453 1441
453 1571
453 1589
453 1648
453 1722
453 1835
454 752
454 876
454 955
454 1090
454 1241
454 1271
454 1307
454 1475
454 1591
454 1755
455 503
455 627
455 681
455 861
455 954
455 1169
455 1300
455 1330
455 1497
455 1873
455 1995
456 1638
456 1648
456 1830
457 640
457 736
457 788
457 908
457 1066
457 1328
457 1424
457 1459
457 1826
458 527
458 536
458 591
458 1010
458 1252
458 1371
458 1523
458 1945
459 534
459 723
459 1299
459 1546
459 1751
459 1855
459 1957
460 632
460 1229
460 1415
460 1574
460 1647
460 1750
461 512
461 649
461 1035
461 1055
461 1206
461 1267
461 1322
461 1829
461 1879
461 1998
462 509
462 1047
462 1092
462 1116
462 1149
462 1451
462 1562
463 1588
464 514
464 573
464 820
464 851
464 1042
464 1108
464 1244
464 1584
464 1602
464 1848
465 538
465 700
465 762
465 1019
465 1082
465 1386
465 1875
465 1886
466 706
466 743
466 833
466 1037
466 1366
466 1589
466 1637
466 1703
467 500
467 717
467 748
467 794
467 931
467 960
467 1058
467 1097
467 1141
467 1783
468 531
468 875
468 1919
469 516
469 529
469 779
469 909
469 972
469 974
469 1699
469 1737
469 1756
469 1972
470 684
470 880
470 1169
470 1692
470 1742
470 1764
471 572
471 677
471 1031
471 1032
471 1050
471 1303
471 1312
471 1873
472 1007
472 1012
472 1180
472 1724
473 660
473 1218
473 1395
473 1727
473 1755
473 1977
474 639
474 692
474 777
474 888
474 1050
474 1061
474 1517
475 494
475 518
475 922
475 978
475 1420
475 1421
476 520
476 525
476 696
476 769
476 957
476 983
476 1148
476 1309
476 1456
477 571
477 616
477 693
477 1325
477 1617
477 1858
477 1906
477 1952
478 723
478 869
478 1093
478 1553
479 617
479 620
479 1309
479 1326
479 1551
479 1628
479 1795
479 1861
480 830
480 1100
480 1822
481 733
481 764
481 835
481 921
481 930
481 938
481 941
481 1112
481 1189
481 1206
481 1232
481 1893
482 760
482 862
482 921
482 1003
482 1058
482 1149
482 1161
482 1288
482 1652
482 1772
483 527
483 619
483 826
483 1116
483 1338
483 1430
483 1637
483 1707
483 1760
483 1954
484 577
485 624
485 792
485 917
485 1176
485 1184
485 1451
485 1540
485 1715
485 1759
485 1777
485 1960
485 1965
486 617
486 635
486 938
486 1004
486 1448
486 1601
486 1659
486 1662
487 606
487 651
487 781
487 1007
487 1126
487 1245
487 1296
487 1492
487 1610
487 1630
487 1710
487 1907
488 578
488 1025
488 1069
488 1122
488 1950
489 502
489 515
489 809
489 828
489 854
489 870
489 938
489 1534
489 1814
489 1936
489 1972
490 530
490 557
490 601
490 878
490 1174
490 1652
490 1845
490 1928
491 772
491 825
491 831
491 1069
491 1257
491 1698
491 1870
491 1928
491 1997
492 892
492 1116
492 1354
492 1555
492 1600
493 776
493 1129
493 1195
493 1287
493 1332
493 1453
493 1533
493 1614
493 1859
493 1871
493 1879
494 719
494 731
494 783
494 928
494 1055
494 1343
494 1889
495 591
495 746
495 862
495 1026
495 1045
495 1182
495 1192
495 1241
495 1359
495 1493
495 1613
495 1662
495 1692
495 1695
496 791
496 816
496 893
496 917
496 930
496 1051
496 1400
496 1441
496 1503
496 1654
496 1665
496 1829
497 839
497 1235
497 1367
497 1739
497 1740
498 521
498 1296
498 1672
498 1684
498 1704
498 1719
498 1757
499 1270
499 1342
499 1545
499 1574
499 1691
499 1973
499 1998
500 665
500 970
500 1079
500 1104
500 1431
501 565
501 781
501 824
501 880
501 912
501 1001
501 1058
501 1296
501 1318
501 1527
501 1790
501 1811
501 1815
501 1920
502 1125
502 1221
502 1299
502 1600
502 1668
502 1699
503 564
503 576
503 929
503 1159
503 1175
503 1400
503 1507
503 1582
503 1992
504 593
504 940
504 1187
504 1413
504 1512
504 1594
504 1695
504 1699
504 1708
504 1925
505 733
505 827
505 1000
505 1180
505 1301
505 1345
505 1797
505 1888
506 690
506 1024
506 1558
506 1856
507 539
507 620
507 991
507 1120
507 1141
507 1509
507 1523
507 1673
507 1813
508 1597
508 1833
508 1837
509 519
509 608
509 669
509 733
509 894
509 1164
509 1494
509 1567
509 1855
509 1952
510 527
510 633
510 666
510 1070
511 736
511 766
511 792
511 991
511 1196
511 1299
511 1483
511 1486
511 1858
512 793
512 878
512 887
512 902
512 1065
512 1146
512 1261
512 1331
512 1544
512 1632
512 1760
512 1909
512 1973
513 555
513 719
513 1416
513 1664
513 1962
514 581
514 601
514 957
514 1223
514 1404
514 1701
514 1727
514 1923
515 744
515 1598
515 1793
515 1872
516 766
516 1082
516 1253
516 1576
516 1831
516 1837
517 818
517 885
517 935
517 1175
517 1189
517 1712
517 1732
517 1987
518 1138
518 1318
518 1503
518 1536
518 1542
518 1805
518 1933
519 594
519 616
519 758
519 817
519 1248
519 1594
519 1636
519 1707
519 1757
520 566
520 1013
520 1027
520 1636
521 594
521 822
521 965
521 1035
521 1087
521 1101
521 1138
521 1229
521 1920
522 614
522 663
522 1082
522 1271
522 1346
522 1371
523 668
523 779
523 919
523 1186
523 1287
523 1416
523 1429
524 547
524 658
524 742
524 956
524 1327
524 1788
524 1828
524 1830
524 1889
524 1931
525 580
525 768
525 1045
525 1183
525 1202
525 1289
525 1564
525 1630
525 1649
525 1694
525 1803
526 537
526 546
526 1177
526 1344
526 1610
526 1722
527 569
527 705
527 737
527 926
527 1147
527 1407
527 1657
527 1696
527 1714
527 1814
528 780
528 1358
528 1382
528 1458
528 1525
528 1740
528 1944
529 985
529 992
529 1544
530 739
530 792
530 1058
530 1143
530 1211
530 1243
530 1777
530 1935
530 1985
530 1989
531 673
531 690
531 716
531 1412
531 1520
531 1665
532 584
532 993
532 1036
532 1525
532 1705
532 1798
532 1993
533 648
533 654
533 706
533 745
533 790
533 984
533 985
533 1258
533 1306
533 1825
534 762
534 830
534 896
534 1073
534 1137
534 1900
534 1902
534 1982
535 1261
535 1308
535 1317
535 1609
535 1655
535 1782
536 597
536 620
536 741
536 830
536 906
536 1069
536 1210
536 1576
536 1675
536 1728
536 1921
536 1950
537 764
537 842
537 1119
537 1641
537 1647
537 1859
538 633
538 796
538 919
538 922
538 1041
538 1712
538 1722
538 1979
539 596
539 662
539 675
539 814
539 1481
539 1651
539 1664
539 1999
540 808
540 993
540 997
540 1012
540 1203
540 1598
540 1612
540 1653
540 1708
540 1758
540 1848
540 1942
541 594
541 1078
541 1244
541 1370
541 1519
541 1537
541 1552
541 1704
541 1743
542 905
542 1110
542 1214
542 1380
542 1615
542 1729
542 1820
543 670
543 796
543 1098
543 1192
543 1261
543 1453
543 1677
543 1805
543 1808
543 1819
543 1965
544 663
544 677
544 964
544 1192
544 1251
544 1719
545 624
545 803
545 1027
545 1068
545 1266
545 1475
545 1644
545 1868
546 714
546 1959
547 769
547 862
547 1028
547 1101
547 1184
547 1194
547 1552
548 1006
548 1195
548 1243
548 1438
548 1454
548 1534
548 1609
548 1964
548 1979
549 1711
550 766
550 1128
550 1294
550 1351
550 1564
550 1995
551 706
551 723
551 835
551 946
551 978
551 1333
551 1496
551 1513
551 1549
551 1874
551 1917
552 569
552 612
552 1228
552 1440
552 1497
552 1559
552 1719
552 1774
552 1797
552 1824
552 1934
553 938
553 954
553 1010
553 1021
553 1058
553 1275
553 1712
554 555
554 652
554 1481
554 1528
554 1606
554 1638
554 1703
554 1924
555 1022
555 1025
555 1076
555 1487
555 1579
555 1587
555 1859
556 913
556 1393
556 1477
556 1682
556 1767
556 1926
556 1973
557 894
557 1303
557 1501
557 1857
557 1974
558 643
558 673
558 696
558 1008
558 1296
558 1339
558 1954
559 590
559 610
559 1286
559 1872
559 1970
560 620
560 723
560 734
560 880
560 1500
560 1968
561 612
561 678
561 1026
561 1243
561 1324
561 1372
562 590
562 942
562 1646
563 958
563 1063
563 1135
563 1408
563 1578
563 1675
563 1844
563 1909
563 1974
564 765
564 1079
564 1156
564 1173
564 1260
564 1339
564 1346
564 1569
564 1594
564 1940
565 799
565 817
565 989
565 1198
565 1570
565 1913
566 780
566 971
566 1210
566 1262
566 1453
566 1676
566 1677
567 780
567 1126
567 1216
567 1315
567 1345
567 1510
568 702
568 1085
568 1776
569 772
569 889
569 1127
569 1342
569 1378
569 1618
569 1902
569 1988
570 955
570 1028
570 1081
570 1576
570 1682
570 1697
570 1852
571 607
571 628
571 979
571 1107
571 1177
571 1253
571 1490
571 1734
571 1969
572 752
572 1062
572 1397
572 1593
572 1639
572 1859
572 1927
573 1002
573 1492
573 1515
573 1782
574 925
574 1227
574 1269
574 1350
574 1570
574 1685
574 1687
574 1734
574 1752
574 1867
574 1970
575 733
575 836
575 1123
576 648
576 659
576 688
576 693
576 930
576 1047
576 1163
576 1164
576 1267
576 1368
576 1509
576 1529
576 1749
576 1808
576 1811
576 1851
577 627
577 711
577 756
577 999
577 1059
577 1065
577 1105
577 1388
577 1503
577 1909
578 640
578 982
578 1163
578 1739
579 782
579 1423
580 1456
580 1652
581 892
581 893
581 1105
581 1195
581 1202
581 1434
581 1499
581 1736
582 777
582 977
582 1156
583 590
583 627
583 808
583 974
583 1291
583 1459
583 1579
583 1838
584 685
584 731
584 991
584 1158
584 1424
584 1444
584 1586
584 1877
584 1961
585 787
585 886
585 1154
585 1444
585 1475
585 1591
585 1668
585 1720
585 1819
586 611
586 732
586 807
586 1024
586 1181
586 1237
586 1363
586 1990
587 734
587 826
587 1019
587 1024
587 1140
587 1349
587 1353
587 1493
587 1592
588 665
588 687
588 909
588 1186
588 1191
588 1358
588 1364
588 1999
589 826
589 1295
589 1394
589 1412
589 1506
589 1637
590 618
590 754
590 971
590 1027
590 1094
590 1110
590 1260
590 1292
590 1891
591 652
591 659
591 931
591 1401
591 1672
591 1748
592 603
592 771
592 858
592 1018
592 1130
592 1559
592 1564
592 1584
592 1744
593 687
593 712
593 813
593 853
593 1033
593 1116
593 1198
593 1298
593 1406
593 1433
593 1670
593 1882
594 644
594 1135
594 1387
594 1451
594 1555
594 1724
594 1794
595 693
595 930
595 1854
596 751
596 1035
596 1048
596 1191
596 1231
596 1341
596 1494
596 1710
596 1824
596 1840
597 819
597 1092
597 1237
597 1338
597 1480
597 1669
597 1780
597 1927
597 1977
598 998
598 1097
598 1611
598 1769
598 1918
599 689
599 769
599 932
599 998
599 1434
599 1538
599 1540
599 1606
599 1973
600 618
600 834
600 1796
601 866
601 984
601 1765
601 1806
601 1905
602 642
602 1557
602 1776
602 1779
602 1986
603 631
603 702
603 988
603 1197
603 1204
603 1374
604 719
604 872
604 900
604 1005
604 1078
604 1351
604 1452
604 1701
604 1845
604 1956
604 1997
605 671
605 674
605 717
605 783
605 1654
605 1812
606 940
606 1501
606 1825
606 1910
606 1983
607 949
607 1214
607 1546
608 626
608 1000
608 1170
608 1294
608 1316
608 1406
608 1648
609 1099
609 1323
609 1354
609 1405
609 1507
609 1739
610 666
610 1000
610 1252
610 1370
610 1640
610 1800
610 1948
611 652
611 1119
611 1362
611 1593
611 1817
611 1828
612 711
612 971
612 976
612 1375
612 1506
612 1642
612 1753
612 1881
613 695
613 1348
613 1384
613 1892
614 617
614 619
614 773
614 879
614 1349
614 1480
614 1644
614 1786
614 1876
614 1920
614 1967
615 755
615 894
615 1215
615 1229
615 1293
615 1524
615 1553
615 1654
615 1712
615 1729
615 1943
616 699
616 718
616 726
616 855
616 890
616 1241
616 1407
616 1849
617 1611
617 1628
617 1645
617 1879
618 693
618 1106
618 1323
618 1329
619 1014
619 1077
619 1187
619 1235
619 1260
619 1429
619 1715
620 753
620 787
620 876
620 894
620 912
620 994
620 1001
620 1020
620 1095
620 1233
620 1261
620 1582
621 928
621 1097
621 1226
621 1574
621 1591
621 1689
621 1935
621 1983
622 668
622 958
622 1003
622 1129
622 1162
622 1203
622 1250
622 1513
622 1755
622 1801
622 1930
623 773
623 1001
623 1060
623 1252
623 1287
623 1695
624 992
624 1248
624 1253
624 1433
624 1584
624 1704
624 1863
624 1967
624 1972
625 713
625 753
625 1096
625 1136
625 1363
625 1615
625 1751
625 1783
625 1923
626 973
626 1071
626 1091
626 1180
626 1193
626 1473
626 1503
626 1589
627 721
627 1521
627 1608
627 1750
627 1821
628 710
628 807
628 898
628 1289
628 1538
628 1589
628 1954
629 701
629 730
629 1092
629 1221
629 1726
629 1939
630 689
630 1401
630 1725
630 1781
631 838
631 1069
631 1267
631 1271
631 1399
631 1424
631 1558
632 897
632 1469
632 1543
632 1700
632 1925
632 1977
633 682
633 718
633 858
633 1031
633 1219
633 1336
633 1429
633 1453
633 1681
633 1955
634 762
634 924
634 966
634 1244
634 1623
634 1759
635 646
635 798
635 985
635 993
635 1145
635 1217
635 1400
635 1548
635 1885
636 1086
636 1259
636 1264
636 1273
636 1652
636 1661
636 1821
636 1829
636 1882
637 799
637 1102
637 1410
637 1434
637 1438
637 1567
637 1763
637 1795
637 1811
637 1815
638 1227
638 1247
638 1571
638 1674
639 759
639 899
639 1192
639 1288
639 1328
639 1372
639 1409
639 1993
640 719
640 1105
640 1149
640 1318
640 1339
640 1788
640 1835
640 1947
641 739
641 1046
641 1100
641 1130
641 1464
641 1570
642 729
642 1026
642 1068
642 1135
642 1655
643 913
643 1238
643 1326
643 1829
644 1135
644 1142
644 1228
644 1589
644 1613
644 1651
644 1789
645 721
646 734
646 854
646 1420
646 1634
646 1779
646 1798
647 941
647 955
647 1134
647 1374
647 1571
647 1670
647 1681
647 1713
648 1132
648 1158
648 1309
648 1359
648 1397
648 1580
648 1601
648 1615
649 734
649 1325
649 1369
649 1382
649 1414
649 1512
649 1939
650 932
650 1031
650 1048
650 1268
650 1386
650 1454
650 1495
650 1671
650 1704
650 1972
651 783
651 888
651 1123
651 1385
651 1575
651 1913
652 713
652 1304
652 1683
652 1915
653 749
653 889
653 961
653 970
653 1115
653 1559
653 1823
653 1970
654 750
654 818
654 920
654 1269
654 1826
654 1839
654 1930
655 1426
655 1464
655 1528
655 1564
656 697
656 868
656 1053
656 1255
656 1396
656 1443
656 1448
656 1486
656 1517
656 1627
656 1669
656 1696
656 1828
657 688
657 725
657 1494
657 1520
657 1723
657 1998
658 1233
658 1329
658 1401
658 1792
658 1794
658 1859
658 1887
659 861
659 1054
659 1091
659 1145
659 1621
659 1854
660 1066
660 1080
660 1222
660 1253
660 1370
660 1517
660 1559
660 1619
660 1643
660 1858
660 1937
661 699
661 827
661 892
661 1022
661 1348
661 1356
661 1526
661 1626
661 1733
662 1547
662 1589
662 1912
662 1935
663 1369
663 1635
663 1690
663 1961
664 750
664 924
664 1102
664 1119
664 1223
664 1363
664 1760
664 1937
664 1952
664 1996
665 969
665 1044
665 1304
665 1378
665 1602
665 1814
666 689
666 737
666 1356
666 1685
666 1790
667 686
667 984
667 1345
667 1977
668 952
668 1019
668 1028
668 1101
668 1258
668 1305
669 696
669 792
669 961
669 1302
669 1315
669 1321
669 1742
669 1836
670 757
670 796
670 1072
670 1429
670 1514
670 1710
670 1928
671 740
671 952
671 1012
671 1364
671 1427
671 1479
671 1742
672 677
672 700
672 1015
672 1067
672 1094
672 1103
672 1357
672 1577
672 1700
673 784
673 879
673 904
673 924
673 1382
673 1438
673 1507
673 1678
673 1963
674 742
674 780
674 876
674 1440
674 1521
674 1569
674 1580
675 738
675 913
675 1107
675 1112
675 1254
675 1257
675 1516
675 1672
676 1013
676 1167
676 1271
676 1316
676 1384
676 1492
676 1565
676 1740
677 1029
677 1253
677 1422
677 1424
678 1226
678 1593
679 854
679 1216
679 1362
679 1866
679 1882
680 995
680 1054
680 1056
680 1131
680 1225
680 1457
680 1472
680 1914
680 1952
680 1982
680 1997
681 754
681 874
681 949
681 1351
681 1397
681 1482
681 1575
681 1716
681 1887
681 1951
682 730
682 749
682 1325
682 1336
682 1441
682 1565
682 1964
682 1996
683 771
683 816
683 1175
683 1336
683 1552
683 1750
683 1767
683 1925
684 728
684 963
684 1122
684 1186
684 1282
684 1295
684 1481
684 1806
684 1973
685 939
685 1006
685 1133
685 1249
685 1697
685 1763
686 690
686 777
686 823
686 960
686 1044
686 1177
686 1413
686 1826
687 752
687 977
687 1113
687 1318
687 1532
687 1642
687 1701
687 1788
687 1794
687 1858
688 700
688 729
688 834
688 1019
688 1326
688 1365
688 1414
688 1460
688 1652
688 1704
688 1999
689 800
689 824
689 875
689 1024
689 1345
689 1402
689 1531
689 1601
689 1846
689 1892
689 1895
689 1922
690 959
690 971
690 1740
691 801
691 918
691 1061
691 1252
691 1339
691 1442
692 747
692 878
692 901
692 1332
692 1394
692 1841
693 734
693 865
693 902
693 930
693 1354
693 1458
693 1540
693 1653
693 1703
693 1879
693 1929
694 925
694 1070
694 1162
694 1173
694 1355
694 1772
694 1924
695 777
695 812
695 835
695 1077
695 1133
695 1136
695 1453
695 1628
695 1763
695 1881
696 748
696 780
696 958
696 992
696 1011
696 1229
696 1773
697 804
697 1090
697 1420
697 1887
698 840
698 865
698 1138
698 1596
698 1914
698 1999
699 798
699 822
699 843
699 1042
699 1615
700 824
700 1024
700 1132
700 1181
700 1197
700 1955
701 912
701 1105
701 1424
701 1437
701 1743
702 793
702 1207
702 1215
702 1444
702 1526
703 793
703 838
703 1167
703 1478
703 1702
704 773
704 837
704 1058
704 1299
704 1506
704 1579
705 923
705 951
705 963
705 980
705 1098
705 1109
705 1227
705 1530
705 1547
705 1704
705 1710
705 1785
705 1800
705 1882
705 1958
705 1976
706 856
706 1038
706 1813
707 864
707 1070
707 1172
707 1293
707 1456
707 1473
707 1562
707 1642
707 1716
707 1816
707 1940
708 748
708 1076
708 1085
708 1123
708 1413
708 1482
709 1114
709 1362
709 1586
709 1887
709 1920
710 827
710 902
710 1207
710 1291
710 1399
710 1456
710 1909
711 727
711 777
711 783
711 1088
711 1099
711 1514
711 1642
711 1720
712 1070
712 1145
712 1404
712 1564
712 1692
713 788
713 848
713 918
713 970
713 1153
713 1644
713 1875
714 719
714 836
714 979
714 1087
714 1452
714 1566
714 1784
714 1994
715 817
715 826
715 878
715 1278
715 1859
715 1913
716 742
716 765
716 785
716 867
716 1179
716 1261
716 1715
716 1827
716 1854
716 1947
717 779
717 1058
717 1460
717 1517
717 1864
718 740
718 1017
718 1094
718 1169
718 1540
719 900
719 962
719 993
720 759
720 843
720 1225
720 1306
720 1505
720 1598
720 1689
720 1690
720 1710
720 1791
721 1160
721 1398
721 1582
721 1681
721 1903
722 770
722 930
722 970
722 1050
722 1223
722 1307
722 1448
722 1792
722 1828
722 1838
722 1910
723 975
723 998
723 1071
723 1337
723 1428
723 1531
723 1784
723 1892
724 888
724 1118
724 1169
724 1389
724 1491
724 1499
725 781
725 1057
725 1953
726 883
726 904
726 1041
726 1188
726 1266
726 1556
726 1683
727 821
727 1295
727 1317
727 1701
727 1729
727 1834
728 745
728 853
728 861
728 916
728 1094
728 1250
728 1252
728 1471
728 1626
728 1695
728 1727
728 1875
728 1879
728 1916
729 767
729 877
729 1537
729 1622
729 1906
729 1990
730 764
730 1301
730 1337
730 1342
730 1842
731 840
731 872
731 962
731 971
731 1110
731 1400
731 1450
731 1688
731 1830
731 1985
732 788
732 1349
732 1357
732 1440
732 1837
732 1872
732 1895
732 1922
733 827
733 1024
733 1062
733 1214
733 1534
733 1672
733 1694
734 1244
734 1357
734 1442
734 1827
734 1978
734 1985
735 1588
735 1681
735 1884
735 1931
736 754
736 911
736 1098
736 1439
736 1801
736 1885
736 1951
737 765
737 778
737 835
737 837
737 1775
738 810
738 868
738 994
738 1168
738 1218
738 1482
738 1630
738 1889
739 746
739 972
739 1019
739 1239
739 1297
739 1580
739 1798
740 1267
740 1402
740 1583
740 1751
740 1993
741 953
741 1173
741 1474
741 1484
741 1645
741 1827
741 1897
742 797
742 971
742 1104
742 1111
742 1475
742 1544
742 1761
742 1784
742 1897
743 954
743 1579
743 1892
744 897
744 916
744 948
744 957
744 1335
744 1496
744 1786
744 1974
745 775
745 816
745 867
745 1221
745 1252
745 1267
745 1294
745 1299
746 1266
746 1351
746 1933
747 831
747 1080
747 1318
747 1528
747 1754
747 1817
747 1871
748 783
748 1019
748 1094
748 1839
749 812
749 1271
749 1598
749 1609
749 1782
750 847
750 1132
750 1377
750 1406
750 1409
750 1479
750 1501
751 914
751 1272
751 1381
751 1417
751 1640
751 1690
752 1114
752 1148
752 1420
752 1992
753 890
753 896
753 1154
753 1373
753 1807
754 815
754 854
754 993
754 1116
754 1630
754 1965
755 961
755 1726
755 1770
755 1913
756 823
756 959
756 1027
756 1299
756 1457
756 1550
756 1726
756 1757
757 950
757 1179
757 1272
757 1373
757 1381
757 1437
757 1568
757 1746
758 850
758 864
758 1378
758 1803
759 889
759 1142
759 1542
759 1646
759 1758
760 1393
760 1765
760 1819
761 852
761 996
761 1123
761 1190
761 1513
761 1579
761 1719
762 956
762 972
762 1040
762 1261
762 1545
762 1662
762 1750
763 1032
763 1113
763 1277
763 1377
763 1571
763 1770
764 1106
764 1476
764 1548
764 1669
764 1780
764 1926
765 838
765 1537
765 1548
765 1612
765 1949
766 1046
766 1529
766 1749
766 1765
766 1987
767 1159
767 1274
767 1687
767 1747
767 1775
767 1806
767 1965
768 796
768 1104
768 1259
768 1349
768 1768
769 799
769 868
769 1310
769 1562
769 1742
769 1770
769 1813
769 1889
770 877
770 998
770 1195
770 1253
770 1552
770 1570
770 1632
770 1633
770 1648
770 1780
770 1911
771 1267
771 1392
771 1495
771 1733
772 940
772 1125
772 1229
772 1252
772 1417
772 1559
773 1008
773 1190
773 1328
773 1621
773 1902
774 885
774 1489
774 1550
774 1660
774 1777
775 998
775 1266
775 1376
775 1381
775 1451
775 1526
775 1593
775 1731
775 1828
775 1951
776 1054
776 1522
776 1617
776 1630
776 1632
776 1645
776 1660
776 1751
777 890
777 910
777 1620
777 1662
777 1870
778 923
778 1000
778 1111
778 1452
778 1541
778 1653
778 1910
778 1974
779 815
779 953
779 955
779 1461
779 1481
779 1870
780 1063
780 1279
780 1676
780 1857
781 836
781 1019
781 1254
781 1309
782 1023
782 1199
782 1619
782 1683
782 1746
782 1807
783 975
783 1025
783 1157
783 1189
783 1282
783 1542
783 1788
783 1887
783 1907
784 880
784 995
784 1519
785 857
785 891
785 941
785 1033
785 1586
785 1824
786 967
786 1076
786 1244
786 1260
786 1666
786 1777
786 1812
787 1270
787 1861
788 906
788 1082
788 1128
788 1432
788 1778
789 1129
789 1301
789 1306
789 1498
789 1697
789 1732
790 851
790 1109
790 1249
790 1300
790 1661
790 1896
791 946
791 1105
791 1512
791 1832
791 1882
791 1901
791 1948
791 1958
791 1986
792 1180
792 1372
792 1951
793 1138
793 1150
793 1255
793 1273
793 1345
793 1593
794 977
794 1286
794 1381
794 1409
794 1644
794 1679
794 1971
795 859
795 970
795 1005
795 1008
795 1061
795 1112
795 1375
795 1601
795 1753
795 1992
796 805
796 926
796 946
796 981
796 990
796 1201
797 867
797 1116
797 1207
797 1287
797 1312
797 1331
797 1334
797 1439
797 1640
798 961
798 1036
798 1238
798 1461
798 1565
798 1568
798 1604
798 1951
799 1138
799 1504
799 1520
799 1780
799 1919
800 1200
800 1282
800 1407
800 1542
800 1567
800 1670
800 1692
801 1562
801 1627
801 1692
802 808
802 888
802 1173
802 1474
802 1729
803 915
803 954
803 1163
803 1203
803 1661
803 1675
803 1987
804 1001
804 1060
804 1099
804 1323
804 1392
804 1575
804 1581
804 1686
804 1742
804 1827
804 1898
804 1932
804 1997
805 955
805 979
805 984
805 1078
805 1180
805 1204
805 1596
805 1619
806 1050
806 1292
806 1314
806 1499
806 1670
807 966
807 1425
807 1520
807 1869
808 1158
808 1321
808 1504
808 1644
808 1715
808 1826
808 1844
808 1879
809 1134
809 1228
809 1772
810 1391
810 1411
810 1769
810 1848
810 1912
811 1396
812 934
812 1087
812 1886
813 887
813 967
813 1175
813 1338
813 1424
814 943
814 947
814 948
814 1209
814 1444
814 1456
814 1475
814 1908
815 1325
815 1742
815 1929
815 1941
815 1956
815 1957
815 1973
816 973
816 1065
816 1768
816 1812
817 1263
817 1691
818 988
818 1099
818 1126
818 1158
818 1166
818 1589
818 1955
819 1080
819 1342
819 1513
819 1927
820 982
820 1377
820 1491
820 1532
820 1549
820 1578
820 1596
820 1709
821 954
821 1149
822 1252
822 1414
822 1779
822 1919
823 950
823 977
823 1043
823 1584
823 1702
823 1912
824 854
824 919
824 994
824 1053
824 1104
824 1159
824 1516
824 1670
824 1695
824 1772
824 1925
824 1976
825 993
825 1032
825 1049
825 1281
825 1843
825 1915
825 1924
826 875
826 960
826 975
826 976
826 1411
826 1491
826 1629
827 914
827 991
827 1062
827 1121
827 1981
827 1991
828 1028
828 1113
828 1156
828 1180
828 1247
828 1664
828 1680
828 1743
828 1784
828 1801
829 844
829 1004
829 1107
829 1188
829 1236
829 1279
829 1508
829 1558
829 1649
829 1697
829 1706
829 1761
829 1770
829 1810
830 955
830 1733
830 1760
830 1938
831 893
831 959
831 968
831 1350
831 1550
831 1637
831 1746
831 1896
832 1062
832 1128
832 1326
832 1393
832 1697
832 1749
832 1918
832 1979
833 953
833 1254
833 1317
833 1864
833 1895
834 1776
834 1883
834 1993
835 1102
836 856
836 1125
836 1856
837 840
837 888
837 1069
837 1255
837 1345
837 1527
837 1840
838 1321
838 1477
838 1512
838 1614
838 1932
839 1026
839 1408
839 1610
839 1798
839 1899
840 865
840 870
840 1113
840 1212
840 1441
840 1585
840 1835
841 1034
841 1047
841 1187
841 1379
841 1631
841 1875
842 1249
842 1537
842 1682
842 1721
843 1076
843 1393
843 1549
843 1567
843 1676
843 1936
844 1314
844 1509
844 1528
844 1674
845 863
845 994
845 1123
845 1583
845 1588
846 985
846 1000
846 1164
846 1169
846 1534
846 1579
846 1786
846 1795
846 1806
847 1089
847 1177
847 1191
847 1619
847 1644
847 1649
847 1823
848 866
848 1508
848 1647
848 1881
848 1923
849 892
849 1326
849 1339
849 1655
850 882
850 1546
850 1915
851 1329
851 1615
851 1848
852 1636
852 1795
852 1841
853 928
853 943
853 1122
853 1362
853 1445
853 1669
853 1785
854 1055
854 1102
854 1842
855 941
855 997
855 1488
855 1760
855 1856
856 1003
856 1069
856 1255
856 1340
856 1621
857 1096
857 1112
857 1285
857 1535
857 1561
857 1816
857 1824
857 1889
857 1988
857 1994
858 1030
858 1183
858 1277
858 1307
858 1512
858 1811
859 1149
859 1226
859 1438
859 1451
859 1586
859 1603
859 1925
860 1061
860 1099
860 1298
860 1426
860 1667
860 1682
860 1720
861 1000
861 1050
861 1057
861 1072
861 1959
861 1971
861 1981
862 1257
862 1553
862 1599
862 1778
862 1919
863 1139
863 1200
863 1427
863 1659
863 1749
863 1878
863 1984
864 914
864 921
864 1224
864 1363
864 1366
864 1410
864 1569
866 1194
866 1288
866 1352
866 1421
866 1504
867 1259
867 1302
867 1419
867 1437
867 1506
867 1734
867 1821
868 1194
868 1347
868 1516
868 1693
868 1745
868 1786
868 1802
868 1987
869 945
869 1329
869 1408
869 1422
869 1446
869 1652
869 1837
869 1913
870 969
870 1057
870 1167
870 1385
870 1945
871 908
871 977
871 980
871 1003
871 1530
872 900
872 1701
872 1749
872 1895
873 921
873 1013
873 1219
873 1291
873 1343
873 1394
873 1454
873 1905
874 1327
874 1914
875 1070
875 1724
875 1817
876 893
876 1033
876 1115
876 1165
876 1529
876 1573
876 1859
877 943
877 1143
877 1156
877 1558
877 1872
878 888
878 993
878 1146
878 1294
878 1405
878 1472
878 1588
879 938
879 980
879 1479
879 1500
879 1518
879 1849
880 1062
880 1222
880 1551
880 1669
880 1708
880 1758
880 1878
881 1337
881 1394
881 1573
881 1870
882 1465
883 1207
883 1238
883 1634
883 1872
884 899
884 959
884 982
884 1504
884 1735
885 1001
885 1057
885 1251
885 1774
886 941
886 1044
886 1063
886 1516
886 1673
887 962
887 1056
887 1427
887 1519
887 1856
887 1910
888 1013
888 1175
888 1195
888 1240
888 1268
888 1316
888 1867
889 1327
889 1352
889 1423
889 1464
889 1632
889 1795
890 1184
890 1335
890 1401
890 1824
890 1972
891 1166
891 1501
891 1515
891 1518
891 1735
891 1953
892 1165
892 1178
892 1689
893 1242
893 1509
893 1587
894 914
894 929
894 957
894 1193
894 1338
894 1365
894 1458
894 1499
894 1515
894 1657
894 1662
894 1818
895 1025
895 1036
895 1403
895 1469
895 1515
895 1528
895 1839
895 1862
896 899
896 1009
896 1036
896 1178
896 1182
896 1593
896 1749
897 908
897 1058
897 1125
897 1378
897 1440
897 1648
897 1777
897 1789
897 1908
897 1911
898 961
898 1141
898 1392
898 1611
898 1981
899 957
899 1032
899 1800
900 1079
900 1130
900 1190
900 1256
900 1393
900 1789
900 1806
900 1912
901 1208
901 1458
901 1539
901 1690
901 1766
901 1951
902 958
902 1298
902 1307
902 1460
902 1461
902 1480
902 1482
902 1605
902 1766
903 1008
903 1081
903 1556
903 1891
904 1000
904 1094
904 1270
904 1576
904 1600
904 1811
905 1085
905 1144
905 1417
905 1524
905 1750
906 1154
906 1393
906 1605
906 1866
907 1057
907 1123
907 1335
907 1482
907 1526
907 1535
907 1800
908 1148
908 1436
908 1447
908 1456
908 1478
908 1615
908 1637
908 1816
908 1850
909 1146
909 1500
909 1638
909 1668
909 1767
909 1776
909 1919
910 1163
910 1264
910 1538
910 1682
910 1946
911 1027
911 1156
911 1309
911 1438
911 1797
911 1894
912 1042
912 1246
912 1497
912 1515
912 1529
912 1764
913 1133
913 1263
913 1374
913 1385
913 1748
913 1786
914 1246
914 1436
914 1444
914 1508
914 1665
914 1827
914 1926
915 1618
915 1640
916 1290
916 1324
916 1470
916 1614
916 1633
917 1038
917 1085
917 1321
917 1678
917 1847
917 1952
917 1995
918 1053
918 1289
918 1629
918 1828
919 1034
919 1110
919 1573
919 1819
920 979
920 1588
920 1613
920 1840
920 1907
921 1167
921 1400
921 1466
921 1751
921 1942
922 999
922 1337
922 1451
922 1731
923 1214
923 1877
923 1977
924 1090
924 1458
924 1534
925 1010
925 1486
925 1810
926 1046
926 1107
926 1161
926 1935
927 1025
927 1076
927 1282
927 1348
927 1374
927 1797
928 1290
928 1639
928 1744
928 1800
928 1826
928 1904
929 1446
929 1867
929 1962
930 940
930 1134
930 1185
930 1209
930 1216
930 1290
930 1339
930 1385
930 1422
930 1556
930 1668
930 1682
931 1457
931 1917
932 1057
932 1323
932 1622
932 1674
932 1701
932 1761
932 1782
933 961
933 1102
933 1340
933 1490
933 1793
933 1848
934 968
934 1081
934 1298
934 1341
934 1388
934 1419
934 1504
934 1781
935 1302
935 1537
935 1575
935 1782
936 1211
936 1617
936 1839
937 1180
937 1998
938 1044
938 1055
938 1153
938 1169
938 1401
938 1980
939 1497
940 1041
940 1312
940 1423
940 1565
941 1264
941 1285
941 1548
941 1653
941 1904
941 1962
942 1038
942 1215
942 1614
942 1839
943 1144
943 1262
943 1373
943 1582
943 1586
943 1817
944 971
944 1230
944 1231
944 1643
945 1234
945 1666
946 1048
946 1292
946 1640
946 1938
947 1011
947 1972
947 1995
948 984
948 1034
948 1205
948 1341
948 1716
948 1718
948 1819
948 1824
948 1991
949 972
949 1388
949 1778
950 951
950 1087
950 1095
950 1188
950 1406
950 1424
950 1470
950 1644
950 1700
950 1825
950 1853
950 1879
950 1962
951 981
951 989
951 1035
951 1253
951 1528
951 1568
951 1699
951 1836
951 1924
952 1041
952 1269
952 1323
952 1347
952 1509
952 1607
952 1647
953 1082
953 1083
953 1472
953 1478
953 1504
953 1514
953 1600
953 1604
953 1800
954 980
954 986
954 1035
954 1053
954 1163
954 1274
954 1623
954 1702
955 1155
955 1188
955 1688
955 1850
955 1998
956 1018
956 1019
956 1349
956 1448
956 1476
956 1542
956 1804
957 1204
957 1449
957 1470
957 1645
957 1780
957 1938
958 994
958 1056
958 1205
958 1210
958 1542
958 1711
958 1826
958 1961
959 1098
959 1514
959 1944
960 975
960 1077
960 1321
960 1410
960 1413
960 1907
961 963
961 1081
961 1444
961 1445
961 1472
961 1627
961 1671
961 1694
961 1854
962 1244
962 1594
962 1641
962 1686
962 1904
963 1236
963 1304
963 1374
963 1557
963 1723
963 1756
963 1881
963 1894
964 994
964 1373
964 1386
964 1665
964 1823
965 1060
965 1115
965 1534
965 1822
966 1100
966 1109
966 1194
966 1530
966 1668
967 1543
968 1052
968 1083
968 1476
968 1526
968 1724
968 1903
968 1944
968 1955
969 977
969 1026
969 1059
969 1173
969 1572
970 992
970 1022
970 1059
970 1201
970 1739
971 1017
971 1034
971 1151
971 1215
971 1417
971 1788
971 1895
972 995
972 1419
972 1446
972 1987
973 1023
973 1115
973 1116
973 1151
973 1278
973 1513
973 1567
974 1185
974 1471
974 1478
974 1607
974 1683
974 1748
974 1831
975 1046
975 1076
975 1319
975 1416
975 1494
975 1581
975 1758
975 1856
976 1023
976 1183
976 1292
976 1306
976 1999
977 995
977 1076
977 1101
977 1369
977 1382
977 1426
977 1562
978 1055
978 1362
978 1636
978 1713
979 1341
979 1593
979 1720
979 1844
979 1925
979 1949
979 1991
980 1150
980 1401
980 1464
980 1518
980 1552
980 1639
980 1845
981 1387
981 1551
981 1672
981 1908
982 1055
982 1308
982 1677
982 1710
982 1852
983 1207
983 1251
983 1366
983 1376
983 1514
983 1601
983 1913
984 1207
984 1340
984 1421
984 1505
984 1571
984 1599
984 1787
984 1788
984 1794
984 1860
984 1863
984 1941
985 1071
985 1076
985 1318
985 1347
985 1525
985 1588
985 1645
986 1153
986 1494
986 1626
987 1257
987 1342
987 1506
987 1541
987 1713
988 1353
988 1389
988 1783
988 1864
989 1017
989 1154
989 1160
989 1192
989 1462
989 1614
989 1745
989 1840
989 1923
990 1635
990 1797
990 1874
990 1875
991 1172
991 1244
991 1380
991 1533
991 1534
992 1008
992 1148
992 1211
992 1412
992 1804
992 1988
993 1427
993 1533
994 1039
994 1168
995 1141
995 1387
995 1428
996 1004
996 1342
996 1378
996 1449
996 1652
996 1885
996 1904
997 1019
997 1134
997 1193
997 1334
997 1574
997 1624
997 1834
997 1838
997 1924
998 1158
998 1286
998 1609
998 1733
998 1919
999 1306
999 1535
999 1666
1000 1252
1000 1380
1000 1425
1000 1559
1001 1070
1001 1383
1001 1560
1001 1954
1002 1284
1002 1313
1002 1723
1002 1761
1002 1883
1003 1158
1003 1251
1003 1724
1003 1800
1003 1891
1004 1120
1004 1243
1004 1266
1004 1386
1004 1489
1004 1561
1004 1980
1005 1286
1005 1386
1005 1463
1005 1533
1005 1767
1005 1874
1006 1544
1006 1731
1006 1785
1006 1807
1006 1977
1007 1365
1007 1601
1007 1685
1007 1895
1007 1960
1008 1059
1008 1395
1008 1571
1008 1929
1008 1951
1009 1031
1009 1124
1009 1586
1010 1841
1010 1864
1011 1100
1011 1555
1011 1939
1012 1315
1013 1281
1013 1548
1013 1586
1014 1248
1014 1596
1014 1800
1015 1344
1015 1466
1015 1899
1016 1018
1016 1155
1016 1221
1016 1575
1017 1382
1017 1383
1017 1532
1017 1774
1017 1942
1018 1312
1019 1845
1020 1101
1020 1255
1020 1425
1020 1546
1020 1716
1020 1997
1021 1365
1021 1681
1022 1155
1022 1230
1022 1246
1022 1297
1022 1460
1022 1512
1022 1564
1022 1978
1023 1298
1023 1343
1023 1355
1023 1454
1023 1586
1023 1686
1023 1852
1024 1539
1024 1712
1024 1989
1025 1034
1025 1272
1025 1369
1025 1656
1025 1870
1026 1151
1026 1173
1026 1566
1026 1794
1026 1840
1026 1877
1026 1950
1027 1148
1027 1369
1027 1384
1027 1558
1027 1771
1027 1855
1028 1502
1028 1582
1029 1301
1030 1190
1030 1297
1030 1985
1031 1125
1031 1279
1031 1294
1031 1305
1031 1309
1031 1545
1031 1671
1031 1684
1031 1806
1031 1911
1031 1983
1032 1247
1032 1307
1032 1487
1032 1576
1032 1773
1032 1826
1032 1858
1033 1125
1033 1427
1033 1577
1033 1939
1034 1378
1034 1475
1034 1645
1034 1764
1034 1884
1035 1152
1035 1248
1035 1323
1035 1587
1035 1611
1035 1873
1036 1238
1036 1511
1036 1530
1036 1550
1036 1761
1036 1957
1036 1981
1037 1064
1037 1337
1037 1513
1037 1623
1037 1795
1037 1804
1037 1931
1038 1074
1038 1161
1038 1166
1038 1441
1038 1674
1038 1730
1038 1826
1038 1868
1039 1552
1039 1569
1039 1648
1039 1700
1039 1726
1040 1211
1040 1367
1040 1567
1040 1692
1040 1732
1041 1089
1041 1195
1041 1286
1041 1300
1041 1328
1041 1627
1041 1635
1041 1940
1041 1994
1042 1077
1042 1418
1042 1507
1042 1531
1042 1812
1042 1927
1043 1056
1043 1062
1043 1148
1043 1758
1043 1844
1044 1214
1044 1624
1044 1648
1044 1679
1045 1170
1045 1230
1045 1345
1045 1415
1045 1488
1045 1545
1045 1551
1045 1589
1045 1621
1045 1927
1046 1208
1046 1232
1046 1314
1046 1671
1046 1775
1047 1294
1047 1300
1047 1404
1047 1463
1047 1477
1047 1682
1047 1708
1048 1160
1048 1232
1048 1574
1048 1845
1048 1946
1048 1959
1048 1986
1049 1488
1049 1516
1049 1582
1049 1661
1049 1798
1049 1819
1049 1943
1050 1249
1050 1519
1051 1166
1051 1515
1051 1671
1051 1766
1051 1768
1051 1901
1052 1200
1053 1333
1053 1349
1053 1386
1053 1487
1053 1490
1053 1510
1053 1606
1054 1152
1054 1255
1054 1290
1054 1302
1054 1649
1054 1753
1055 1357
1055 1482
1055 1554
1055 1567
1055 1606
1055 1815
1056 1281
1056 1723
1056 1808
1056 1913
1056 1942
1057 1370
1057 1378
1057 1542
1057 1673
1058 1400
1058 1645
1058 1727
1058 1731
1059 1135
1059 1864
1059 1929
1060 1152
1060 1387
1060 1580
1060 1724
1060 1817
1061 1671
1062 1111
1062 1298
1062 1661
1062 1876
1062 1913
1062 1930
1062 1947
1063 1200
1063 1334
1063 1455
1063 1823
1063 1968
1063 1969
1064 1113
1064 1129
1064 1386
1064 1408
1064 1678
1064 1693
1064 1760
1064 1836
1064 1918
1064 1971
1064 1973
1065 1858
1065 1971
1065 1999
1066 1083
1066 1174
1066 1276
1066 1493
1067 1234
1067 1651
1067 1743
1068 1226
1068 1838
1069 1104
1069 1933
1070 1223
1070 1398
1070 1611
1070 1796
1070 1809
1070 1858
1070 1862
1070 1926
1071 1209
1071 1332
1071 1407
1071 1521
1071 1650
1071 1719
1071 1980
1072 1152
1072 1269
1072 1284
1072 1668
1073 1616
1073 1720
1073 1916
1074 1378
1074 1532
1074 1803
1075 1097
1075 1541
1075 1741
1075 1904
1076 1320
1076 1765
1077 1777
1077 1803
1078 1345
1078 1455
1078 1536
1078 1568
1078 1754
1078 1809
1078 1998
1079 1086
1079 1249
1079 1398
1079 1416
1079 1456
1079 1807
1080 1309
1080 1315
1080 1719
1080 1998
1081 1117
1081 1128
1081 1459
1081 1609
1081 1884
1082 1359
1082 1571
1082 1719
1083 1270
1083 1302
1083 1476
1083 1689
1083 1896
1084 1118
1084 1230
1084 1271
1084 1500
1084 1601
1084 1870
1085 1163
1085 1302
1085 1441
1085 1736
1085 1928
1086 1643
1086 1693
1087 1134
1087 1205
1087 1524
1087 1930
1088 1090
1088 1117
1088 1627
1088 1989
1089 1246
1089 1302
1089 1350
1089 1511
1089 1618
1089 1662
1089 1935
1090 1396
1090 1778
1090 1841
1090 1976
1091 1347
1091 1431
1091 1914
1092 1188
1092 1262
1092 1469
1092 1636
1092 1685
1092 1845
1093 1111
1093 1482
1093 1492
1093 1797
1093 1828
1094 1224
1094 1388
1094 1518
1094 1760
1095 1229
1095 1327
1095 1555
1095 1731
1095 1768
1095 1847
1096 1147
1096 1417
1096 1654
1096 1760
1096 1768
1096 1912
1096 1986
1097 1611
1098 1218
1098 1293
1098 1313
1098 1365
1098 1580
1098 1598
1098 1853
1099 1236
1099 1363
1099 1788
1100 1114
1100 1432
1100 1517
1100 1596
1100 1910
1101 1336
1101 1570
1101 1596
1101 1794
1101 1807
1101 1911
1102 1133
1102 1181
1102 1713
1102 1841
1103 1406
1103 1416
1103 1431
1103 1598
1103 1693
1103 1790
1104 1254
1104 1562
1104 1759
1104 1812
1105 1478
1105 1507
1105 1630
1105 1690
1105 1697
1105 1783
1105 1810
1106 1413
1106 1575
1106 1578
1106 1607
1106 1701
1106 1848
1107 1419
1107 1466
1107 1683
1107 1826
1108 1310
1108 1426
1108 1442
1108 1461
1109 1140
1109 1355
1109 1574
1109 1713
1109 1781
1110 1876
1111 1193
1111 1215
1111 1553
1111 1602
1111 1706
1111 1743
1112 1147
1112 1599
1112 1646
1112 1768
1112 1794
1112 1911
1113 1210
1113 1888
1113 1901
1113 1925
1114 1211
1114 1861
1114 1936
1115 1758
1116 1748
1116 1765
1117 1436
1117 1723
1117 1792
1117 1897
1117 1961
1118 1393
1118 1403
1118 1602
1119 1220
1119 1296
1119 1697
1119 1870
1119 1961
1120 1281
1121 1565
1121 1618
1121 1997
1122 1638
1122 1728
1122 1738
1122 1842
1123 1199
1123 1258
1123 1469
1123 1698
1123 1809
1123 1978
1124 1145
1124 1169
1124 1230
1124 1433
1124 1504
1124 1508
1124 1539
1124 1640
1124 1946
1125 1271
1125 1488
1125 1702
1126 1562
1126 1572
1126 1963
1127 1332
1127 1338
1127 1578
1127 1663
1127 1708
1127 1794
1127 1801
1127 1865
1128 1216
1128 1290
1128 1421
1128 1577
1128 1618
1128 1863
1129 1198
1129 1298
1129 1333
1129 1499
1129 1574
1129 1750
1130 1997
1131 1436
1131 1561
1132 1191
1132 1246
1132 1304
1132 1635
1133 1191
1133 1560
1133 1938
1133 1976
1134 1507
1134 1922
1135 1593
1135 1646
1135 1690
1135 1729
1136 1212
1136 1311
1136 1416
1137 1289
1137 1366
1137 1373
1137 1421
1138 1185
1138 1217
1138 1624
1138 1705
1139 1457
1139 1661
1139 1669
1140 1170
1140 1353
1140 1441
1140 1482
1140 1576
1140 1733
1140 1989
1141 1589
1141 1761
1142 1216
1142 1368
1142 1465
1142 1718
1142 1843
1142 1940
1143 1379
1143 1508
1143 1613
1143 1724
1144 1176
1144 1405
1144 1673
1145 1312
1146 1492
1147 1161
1147 1224
1147 1331
1147 1429
1147 1655
1147 1760
1147 1925
1147 1957
1148 1744
1149 1156
1149 1286
1149 1916
1150 1630
1150 1689
1150 1726
1150 1825
1151 1307
1151 1514
1151 1636
1151 1723
1151 1833
1152 1328
1152 1592
1152 1961
1152 1998
1153 1244
1153 1277
1153 1333
1153 1426
1153 1446
1153 1611
1153 1663
1153 1918
1154 1480
1154 1554
1154 1747
1154 1791
1154 1846
1155 1532
1155 1560
1155 1999
1156 1377
1156 1578
1156 1648
1156 1847
1156 1894
1157 1164
1157 1185
1157 1299
1157 1365
1157 1863
1158 1294
1158 1316
1159 1174
1159 1558
1159 1645
1159 1798
1160 1411
1161 1490
1161 1648
1162 1175
1162 1554
1162 1706
1162 1815
1162 1935
1163 1227
1163 1441
1163 1692
1163 1720
1163 1756
1163 1979
1164 1408
1164 1554
1164 1829
1164 1916
1165 1449
1166 1449
1166 1785
1167 1177
1167 1265
1167 1377
1167 1473
1167 1538
1167 1841
1168 1335
1168 1464
1168 1515
1168 1536
1168 1768
1169 1233
1169 1315
1169 1568
1169 1868
1170 1185
1170 1191
1170 1488
1171 1265
1171 1332
1171 1454
1171 1544
1171 1640
1171 1844
1171 1999
1172 1523
1173 1201
1173 1207
1173 1495
1173 1603
1173 1623
1173 1664
1173 1777
1174 1201
1174 1258
1174 1368
1174 1824
1174 1902
1174 1967
1175 1262
1175 1423
1175 1480
1175 1583
1175 1941
1176 1239
1176 1638
1176 1651
1176 1662
1176 1821
1176 1942
1177 1180
1177 1280
1177 1366
1177 1466
1177 1618
1177 1649
1177 1654
1178 1309
1178 1347
1178 1388
1178 1447
1178 1547
1178 1584
1178 1756
1179 1404
1179 1888
1179 1903
1180 1273
1180 1830
1181 1348
1181 1577
1182 1376
1182 1656
1182 1739
1182 1898
1182 1988
1183 1218
1183 1336
1183 1503
1183 1644
1184 1322
1184 1657
1185 1286
1185 1341
1185 1485
1185 1617
1185 1802
1185 1903
1185 1952
1186 1444
1186 1620
1186 1682
1186 1800
1187 1420
1188 1546
1188 1678
1188 1729
1188 1777
1189 1311
1189 1393
1189 1480
1189 1491
1189 1864
1190 1291
1190 1422
1190 1753
1191 1207
1191 1279
1191 1567
1192 1445
1192 1727
1193 1680
1193 1744
1194 1669
1194 1772
1194 1828
1194 1833
1195 1315
1195 1539
1195 1882
1196 1314
1196 1408
1196 1412
1196 1488
1196 1882
1196 1919
1197 1258
1197 1431
1197 1550
1197 1735
1197 1974
1198 1259
1198 1287
1198 1405
1198 1503
1198 1644
1198 1792
1199 1275
1199 1658
1200 1267
1201 1535
1201 1779
1201 1926
1201 1959
1202 1409
1202 1812
1203 1308
1203 1309
1203 1337
1203 1483
1203 1499
1203 1575
1203 1616
1203 1654
1203 1744
1204 1445
1204 1558
1204 1606
1204 1777
1204 1835
1204 1917
1205 1397
1205 1724
1206 1351
1206 1627
1206 1791
1206 1849
1207 1236
1207 1331
1207 1677
1207 1811
1207 1982
1208 1248
1208 1552
1208 1697
1208 1702
1208 1992
1209 1481
1209 1672
1210 1361
1211 1404
1211 1575
1212 1510
1212 1780
1213 1233
1213 1256
1213 1709
1214 1398
1214 1446
1214 1624
1214 1681
1214 1747
1215 1329
1215 1686
1215 1687
1215 1703
1215 1740
1215 1822
1216 1814
1217 1552
1217 1708
1217 1735
1217 1738
1218 1908
1218 1917
1219 1227
1219 1238
1219 1522
1219 1598
1219 1633
1219 1806
1219 1831
1220 1742
1220 1836
1220 1851
1221 1774
1221 1849
1221 1883
1222 1406
1222 1434
1222 1550
1222 1570
1222 1594
1222 1706
1222 1816
1222 1924
1222 1926
1223 1228
1223 1334
1223 1518
1223 1653
1223 1733
1223 1952
1224 1740
1224 1832
1224 1927
1224 1978
1225 1958
1225 1997
1226 1439
1227 1366
1227 1796
1227 1836
1227 1880
1227 1992
1228 1696
1229 1395
1229 1524
1229 1581
1229 1798
1229 1814
1229 1939
1229 1946
1230 1374
1230 1381
1230 1757
1231 1848
1231 1921
1231 1983
1232 1426
1232 1595
1232 1791
1232 1852
1232 1971
1233 1636
1233 1876
1234 1350
1234 1353
1234 1374
1234 1592
1235 1287
1235 1301
1235 1910
1236 1952
1236 1963
1237 1699
1237 1872
1238 1644
1238 1651
1239 1273
1239 1340
1239 1567
1239 1794
1239 1879
1239 1880
1240 1261
1240 1508
1240 1575
1240 1629
1241 1312
1241 1706
1243 1850
1243 1976
1244 1286
1244 1393
1244 1404
1244 1458
1245 1616
1245 1654
1245 1920
1246 1272
1246 1849
1247 1263
1247 1322
1247 1456
1247 1591
1248 1259
1248 1437
1248 1570
1248 1663
1248 1852
1248 1950
1249 1375
1249 1558
1249 1637
1249 1755
1249 1757
1249 1858
1250 1306
1250 1579
1250 1858
1251 1302
1251 1818
1251 1888
1252 1540
1252 1632
1252 1866
1254 1358
1254 1572
1255 1256
1255 1408
1255 1761
1255 1931
1256 1305
1256 1311
1256 1453
1256 1667
1256 1996
1257 1269
1257 1859
1258 1435
1258 1515
1258 1574
1258 1779
1258 1854
1258 1905
1259 1477
1259 1764
1259 1791
1259 1884
1259 1959
1260 1664
1260 1695
1260 1952
1261 1602
1261 1638
1261 1739
1261 1814
1261 1870
1262 1332
1262 1396
1262 1479
1262 1675
1262 1749
1262 1867
1262 1963
1263 1593
1263 1721
1264 1288
1264 1459
1265 1301
1265 1761
1265 1898
1267 1339
1267 1602
1268 1318
1268 1652
1268 1975
1268 1986
1269 1561
1269 1714
1270 1552
1270 1666
1270 1724
1271 1341
1271 1374
1271 1424
1271 1658
1271 1709
1271 1938
1271 1942
1272 1367
1272 1496
1272 1918
1273 1394
1273 1905
1273 1969
1274 1331
1274 1413
1274 1654
1274 1756
1274 1757
1275 1333
1275 1700
1275 1829
1275 1959
1276 1963
1276 1971
1277 1839
1277 1884
1277 1941
1278 1433
1278 1475
1278 1727
1278 1794
1279 1352
1279 1849
1280 1286
1280 1621
1280 1789
1280 1834
1281 1625
1281 1658
1281 1670
1281 1672
1281 1838
1281 1932
1282 1588
1283 1584
1283 1744
1283 1841
1283 1876
1283 1884
1283 1898
1283 1900
1284 1665
1284 1696
1284 1773
1284 1802
1285 1546
1285 1782
1285 1906
1285 1934
1286 1569
1286 1679
1286 1802
1287 1810
1287 1847
1288 1320
1288 1417
1289 1930
1289 1964
1290 1606
1290 1692
1290 1805
1291 1467
1291 1813
1291 1934
1292 1307
1292 1503
1293 1326
1293 1541
1293 1558
1294 1412
1294 1517
1294 1758
1294 1944
1295 1316
1295 1681
1295 1885
1295 1888
1295 1903
1296 1659
1297 1502
1297 1524
1297 1692
1297 1723
1297 1772
1297 1992
1298 1779
1299 1364
1299 1911
1299 1960
1300 1504
1300 1621
1300 1663
1300 1849
1301 1369
1301 1514
1301 1963
1302 1377
1302 1651
1303 1567
1303 1583
1303 1587
1303 1803
1303 1850
1303 1966
1304 1474
1304 1498
1304 1571
1304 1682
1304 1741
1305 1444
1305 1709
1305 1768
1306 1463
1306 1478
1306 1690
1306 1706
1306 1827
1307 1436
1307 1449
1307 1481
1307 1656
1308 1470
1308 1496
1308 1646
1308 1686
1308 1698
1308 1801
1309 1510
1309 1601
1310 1663
1310 1739
1310 1810
1311 1823
1312 1867
1312 1895
1312 1962
1314 1360
1314 1452
1315 1846
1316 1459
1316 1477
1316 1499
1316 1947
1317 1339
1317 1444
1317 1511
1318 1672
1318 1706
1318 1878
1319 1338
1319 1482
1319 1538
1319 1858
1319 1901
1320 1340
1320 1508
1320 1888
1320 1892
1321 1657
1321 1714
1321 1728
1322 1429
1322 1496
1322 1583
1322 1725
1322 1819
1323 1484
1323 1519
1323 1590
1323 1623
1323 1762
1324 1817
1325 1454
1325 1940
1326 1360
1326 1490
1327 1403
1327 1418
1327 1476
1327 1725
1327 1727
1328 1516
1328 1600
1328 1719
1328 1803
1328 1877
1328 1878
1329 1786
1329 1798
1330 1354
1330 1378
1330 1398
1330 1476
1330 1490
1330 1580
1330 1760
1330 1788
1331 1463
1331 1578
1331 1923
1332 1335
1332 1576
1332 1588
1333 1554
1333 1663
1333 1687
1333 1928
1334 1337
1334 1458
1334 1610
1334 1663
1334 1728
1335 1465
1335 1622
1335 1726
1335 1863
1336 1482
1336 1522
1336 1671
1336 1861
1337 1582
1338 1365
1338 1411
1338 1777
1338 1897
1339 1462
1339 1684
1339 1982
1340 1461
1340 1500
1341 1727
1341 1755
1341 1830
1342 1481
1342 1517
1342 1545
1342 1635
1342 1665
1342 1796
1342 1955
1343 1538
1343 1554
1343 1644
1343 1920
1345 1603
1345 1672
1345 1783
1345 1841
1346 1399
1346 1567
1346 1695
1346 1890
1346 1953
1347 1578
1347 1936
1347 1958
1348 1716
1348 1717
1348 1791
1348 1949
1349 1414
1349 1419
1349 1940
1350 1509
1350 1772
1350 1864
1351 1354
1351 1441
1351 1616
1351 1701
1351 1776
1352 1539
1352 1774
1353 1431
1353 1862
1353 1928
1353 1953
1354 1984
1355 1496
1355 1837
1355 1838
1356 1611
1356 1870
1356 1986
1357 1552
1357 1743
1357 1896
1358 1404
1358 1543
1358 1632
1358 1723
1358 1805
1358 1858
1358 1928
1359 1472
1359 1475
1360 1481
1360 1534
1360 1792
1360 1878
1360 1897
1360 1931
1360 1953
1361 1536
1361 1751
1361 1973
1362 1404
1362 1549
1362 1980
1363 1477
1363 1480
1363 1483
1363 1506
1364 1421
1364 1467
1364 1781
1364 1795
1364 1804
1364 1846
1365 1411
1365 1492
1365 1780
1366 1394
1366 1683
1366 1826
1366 1930
1367 1677
1367 1918
1368 1541
1368 1629
1368 1846
1369 1664
1369 1859
1370 1552
1370 1745
1371 1423
1371 1621
1371 1704
1372 1462
1372 1505
1372 1668
1372 1937
1373 1405
1373 1555
1373 1631
1373 1688
1373 1701
1373 1965
1374 1632
1375 1534
1375 1565
1375 1775
1376 1585
1376 1656
1376 1820
1377 1396
1377 1505
1377 1551
1377 1561
1377 1678
1377 1798
1377 1935
1378 1458
1379 1431
1380 1577
1380 1712
1380 1757
1380 1778
1380 1982
1381 1613
1381 1712
1381 1939
1381 1992
1382 1624
1382 1842
1384 1531
1384 1741
1384 1824
1384 1975
1385 1485
1385 1509
1385 1791
1386 1545
1387 1441
1387 1636
1387 1676
1387 1684
1387 1686
1387 1986
1388 1662
1388 1777
1388 1981
1389 1589
1389 1612
1389 1793
1389 1843
1389 1895
1390 1467
1390 1623
1390 1942
1391 1471
1391 1546
1391 1691
1391 1724
1391 1763
1391 1850
1392 1529
1392 1941
1394 1700
1395 1660
1395 1819
1396 1760
1396 1764
1397 1480
1397 1648
1397 1687
1398 1553
1398 1676
1398 1687
1399 1808
1399 1947
1400 1645
1401 1412
1401 1499
1401 1649
1401 1680
1401 1807
1402 1451
1403 1421
1403 1772
1404 1553
1404 1582
1404 1729
1404 1732
1404 1849
1405 1519
1405 1541
1405 1617
1405 1656
1405 1671
1405 1816
1405 1893
1406 1536
1406 1619
1406 1868
1406 1940
1407 1550
1408 1942
1409 1429
1409 1691
1409 1865
1409 1877
1410 1562
1410 1573
1410 1938
1410 1960
1411 1554
1411 1745
1411 1922
1412 1519
1412 1654
1412 1698
1412 1779
1414 1742
1415 1982
1416 1620
1416 1723
1417 1604
1417 1787
1417 1964
1418 1424
1418 1513
1418 1733
1418 1765
1418 1891
1418 1894
1419 1462
1419 1580
1419 1598
1419 1699
1419 1746
1419 1760
1419 1803
1419 1893
1419 1930
1420 1568
1420 1598
1420 1696
1420 1829
1420 1965
1420 1996
1421 1588
1421 1769
1421 1892
1421 1915
1421 1942
1422 1574
1422 1980
1423 1615
1423 1959
1423 1993
1424 1601
1424 1662
1425 1471
1425 1616
1425 1757
1425 1977
1426 1556
1426 1986
1427 1913
1427 1964
1428 1441
1428 1519
1428 1597
1428 1780
1428 1797
1429 1471
1429 1854
1429 1928
1429 1974
1429 1999
1430 1523
1430 1655
1430 1806
1431 1507
1432 1459
1432 1506
1432 1665
1432 1912
1432 1999
1433 1980
1434 1521
1434 1644
1435 1470
1435 1486
1435 1625
1435 1640
1435 1669
1436 1748
1437 1525
1437 1627
1437 1721
1438 1477
1438 1869
1439 1607
1439 1636
1439 1735
1440 1461
1440 1574
1440 1672
1440 1827
1440 1940
1441 1499
1441 1887
1442 1902
1443 1620
1444 1519
1444 1984
1446 1708
1446 1919
1446 1923
1447 1886
1447 1956
1448 1800
1448 1805
1449 1599
1450 1724
1451 1552
1451 1690
1451 1939
1452 1486
1452 1697
1452 1824
1452 1947
1452 1951
1453 1905
1454 1669
1454 1695
1454 1758
1454 1766
1455 1989
1456 1475
1456 1673
1456 1757
1456 1774
1458 1550
1458 1573
1458 1726
1459 1495
1459 1610
1459 1754
1459 1872
1459 1938
1461 1502
1461 1538
1461 1618
1461 1843
1462 1488
1462 1730
1463 1853
1464 1594
1464 1675
1464 1848
1465 1570
1465 1771
1466 1944
1467 1559
1467 1685
1467 1709
1467 1754
1468 1927
1469 1743
1469 1914
1470 1553
1470 1728
1470 1739
1471 1731
1471 1768
1471 1897
1472 1633
1473 1684
1473 1806
1473 1986
1474 1967
1475 1577
1475 1917
1475 1972
1476 1478
1476 1559
1476 1844
1476 1892
1477 1478
1477 1758
1477 1992
1478 1483
1478 1981
1479 1791
1479 1889
1479 1893
1480 1550
1481 1516
1481 1715
1481 1950
1482 1640
1482 1874
1483 1566
1483 1580
1484 1512
1485 1628
1485 1687
1486 1575
1486 1733
1486 1941
1488 1607
1488 1657
1488 1944
1489 1516
1489 1668
1489 1763
1490 1746
1490 1764
1490 1868
1490 1906
1491 1657
1491 1890
1492 1758
1492 1773
1492 1822
1493 1587
1493 1674
1493 1694
1493 1923
1494 1584
1494 1673
1494 1790
1494 1842
1494 1885
1495 1765
1495 1929
1495 1980
1496 1836
1496 1959
1497 1516
1497 1517
1497 1568
1497 1667
1498 1841
1498 1922
1498 1976
1500 1603
1500 1764
1500 1784
1500 1817
1501 1837
1502 1697
1502 1948
1502 1951
1503 1608
1504 1708
1505 1740
1505 1792
1505 1965
1505 1982
1506 1552
1506 1705
1506 1838
1507 1627
1507 1945
1508 1597
1508 1855
1508 1856
1509 1649
1509 1731
1510 1726
1510 1960
1511 1593
1511 1656
1512 1677
1512 1825
1512 1939
1512 1958
1513 1752
1514 1615
1514 1886
1515 1570
1516 1638
1516 1644
1516 1689
1517 1682
1517 1859
1517 1942
1517 1961
1518 1568
1518 1793
1518 1934
1518 1982
1519 1560
1519 1705
1520 1700
1521 1644
1521 1656
1521 1670
1521 1714
1522 1687
1522 1692
1523 1605
1523 1613
1523 1707
1523 1856
1523 1890
1523 1931
1523 1942
1524 1718
1524 1872
1524 1907
1525 1835
1527 1542
1527 1809
1527 1864
1527 1949
1528 1747
1528 1767
1529 1530
1529 1532
1529 1577
1529 1591
1529 1695
1529 1766
1529 1937
1531 1684
1531 1839
1533 1955
1534 1913
1534 1953
1534 1961
1536 1821
1536 1840
1537 1743
1537 1819
1537 1838
1537 1839
1537 1882
1537 1994
1538 1604
1538 1664
1538 1730
1538 1760
1538 1801
1539 1587
1539 1933
1540 1913
1541 1656
1543 1559
1543 1867
1543 1928
1543 1974
1544 1621
1544 1748
1545 1672
1546 1571
1546 1810
1547 1582
1547 1624
1547 1730
1547 1741
1547 1895
1547 1920
1548 1661
1548 1753
1549 1613
1549 1648
1549 1676
1549 1800
1550 1629
1550 1635
1550 1891
1551 1570
1551 1582
1551 1698
1551 1959
1552 1697
1552 1932
1552 1933
1553 1628
1553 1704
1553 1795
1554 1933
1555 1578
1555 1728
1556 1694
1556 1805
1556 1961
1558 1592
1558 1963
1559 1664
1559 1899
1559 1904
1559 1920
1559 1941
1560 1715
1560 1811
1560 1976
1561 1828
1562 1623
1562 1728
1562 1837
1562 1994
1563 1622
1563 1755
1564 1695
1564 1917
1565 1797
1566 1604
1567 1682
1568 1761
1571 1857
1573 1697
1574 1643
1574 1820
1575 1640
1575 1807
1576 1591
1576 1647
1576 1744
1577 1610
1577 1900
1579 1620
1579 1868
1579 1961
1580 1654
1580 1741
1580 1866
1581 1768
1581 1932
1582 1641
1582 1683
1582 1866
1582 1904
1583 1720
1585 1599
1585 1754
1585 1780
1585 1890
1586 1928
1586 1970
1588 1710
1588 1719
1588 1761
1589 1618
1590 1606
1590 1647
1590 1728
1590 1757
1590 1864
1591 1596
1591 1671
1592 1626
1592 1825
1592 1858
1593 1832
1594 1728
1594 1872
1594 1886
1594 1899
1595 1693
1595 1786
1595 1876
1596 1697
1596 1849
1596 1933
1596 1999
1597 1710
1597 1723
1597 1924
1599 1603
1599 1895
1600 1824
1601 1694
1601 1714
1601 1751
1602 1957
1602 1996
1603 1930
1604 1611
1604 1629
1604 1777
1604 1817
1604 1975
1606 1733
1606 1841
1607 1640
1607 1760
1608 1890
1609 1770
1609 1821
1609 1974
1610 1753
1610 1796
1610 1871
1610 1896
1611 1622
1611 1826
1612 1733
1613 1619
1614 1761
1614 1890
1615 1653
1615 1758
1615 1895
1615 1906
1616 1913
1617 1642
1617 1889
1618 1870
1619 1622
1619 1696
1620 1705
1620 1783
1621 1874
1622 1667
1622 1710
1622 1719
1622 1768
1623 1838
1623 1845
1624 1871
1625 1884
1626 1652
1626 1774
1626 1784
1627 1719
1627 1816
1627 1855
1628 1685
1628 1718
1628 1749
1628 1785
1628 1949
1629 1659
1629 1707
1629 1992
1630 1760
1630 1794
1630 1984
1631 1729
1631 1749
1631 1850
1632 1822
1632 1866
1633 1641
1633 1778
1633 1907
1634 1682
1634 1879
1634 1905
1635 1703
1635 1908
1636 1768
1636 1789
1637 1652
1637 1911
1637 1962
1638 1884
1639 1725
1640 1646
1640 1906
1641 1753
1641 1968
1643 1658
1643 1790
1643 1809
1644 1706
1645 1657
1645 1907
1646 1929
1647 1774
1649 1776
1649 1786
1650 1934
1651 1705
1651 1998
1652 1967
1653 1822
1656 1679
1656 1766
1656 1869
1656 1968
1657 1659
1657 1689
1657 1871
1657 1960
1658 1682
1658 1746
1658 1839
1659 1869
1659 1913
1660 1821
1661 1703
1661 1721
1662 1919
1664 1857
1665 1726
1665 1745
1665 1809
1665 1892
1665 1901
1665 1902
1665 1907
1666 1750
1666 1834
1667 1779
1667 1920
1668 1824
1668 1933
1669 1757
1669 1840
1669 1900
1671 1730
1671 1878
1671 1886
1671 1991
1672 1808
1675 1687
1676 1939
1677 1805
1677 1987
1677 1989
1678 1751
1681 1720
1681 1757
1681 1859
1684 1853
1684 1951
1685 1770
1688 1743
1688 1933
1689 1726
1689 1730
1689 1959
1691 1949
1691 1971
1692 1712
1693 1916
1693 1934
1693 1945
1695 1788
1696 1912
1698 1726
1699 1866
1700 1741
1701 1929
1703 1799
1703 1854
1703 1856
1703 1952
1705 1987
1706 1823
1707 1824
1707 1906
1708 1901
1709 1875
1709 1940
1710 1744
1710 1903
1711 1878
1711 1883
1712 1768
1713 1780
1714 1921
1714 1952
1715 1866
1716 1922
1716 1945
1717 1770
1717 1993
1718 1804
1718 1934
1719 1761
1721 1924
1723 1739
1723 1759
1723 1867
1723 1963
1724 1892
1724 1915
1725 1751
1726 1952
1727 1835
1727 1962
1728 1827
1729 1766
1729 1808
1730 1886
1731 1870
1731 1977
1732 1783
1733 1932
1734 1758
1734 1764
1736 1803
1737 1866
1738 1927
1739 1827
1739 1931
1741 1894
1743 1827
1744 1790
1744 1933
1745 1826
1746 1760
1746 1968
1747 1768
1748 1838
1749 1785
1751 1766
1752 1792
1752 1975
1753 1825
1754 1977
1755 1901
1756 1970
1756 1980
1757 1899
1757 1971
1758 1804
1758 1884
1761 1782
1761 1887
1762 1769
1765 1783
1767 1799
1768 1999
1769 1776
1769 1828
1769 1844
1770 1935
1772 1823
1772 1981
1773 1843
1773 1850
1773 1959
1773 1986
1774 1866
1775 1837
1775 1937
1775 1975
1776 1845
1777 1904
1777 1939
1778 1817
1778 1966
1779 1780
1779 1988
1780 1953
1780 1991
1783 1809
1783 1868
1783 1950
1786 1895
1788 1941
1788 1963
1789 1914
1789 1930
1790 1807
1792 1798
1792 1922
1793 1805
1794 1916
1795 1817
1795 1920
1795 1931
1796 1945
1797 1930
1801 1994
1803 1862
1803 1943
1804 1906
1804 1934
1806 1989
1807 1936
1808 1845
1808 1949
1809 1861
1809 1895
1810 1938
1812 1879
1813 1817
1815 1926
1815 1956
1815 1970
1816 1882
1816 1963
1817 1895
1818 1845
1818 1857
1818 1948
1820 1988
1821 1953
1822 1839
1824 1905
1825 1845
1826 1946
1827 1968
1828 1903
1828 1906
1828 1990
1831 1885
1831 1941
1832 1836
1834 1882
1834 1961
1835 1842
1835 1843
1835 1886
1837 1971
1838 1977
1840 1861
1840 1995
1842 1851
1842 1906
1844 1888
1848 1904
1849 1941
1855 1911
1856 1887
1858 1869
1863 1934
1863 1970
1865 1894
1866 1992
1866 1994
1871 1945
1872 1887
1874 1923
1874 1969
1875 1984
1877 1906
1879 1921
1880 1999
1881 1948
1882 1937
1886 1989
1887 1978
1889 1930
1891 1908
1891 1945
1891 1980
1895 1924
1898 1913
1899 1934
1899 1964
1901 1958
1905 1911
1909 1967
1910 1927
1914 1996
1915 1992
1917 1978
1919 1982
1921 1973
1927 1971
1928 1973
1928 1995
1930 1955
1930 1972
1932 1993
1933 1942
1934 1952
1936 1982
1937 1974
1937 1989
1942 1994
1944 1983
1947 1981
1951 1961
1951 1996
1960 1990
1975 1989
1977 1982
