0.218921
0.224183
0.236601
0.22047
0.223996
0.220562
0.206581
0.222343
0.223786
0.212863
0.211418
0.223961
0.225341
0.219127
0.214376
0.197764
0.212651
0.214025
0.218266
0.219943
0.205666
0.217514
0.220949
0.214113
0.240617
0.218243
0.230878
0.221889
0.21488
0.211666
0.221704
0.232099
0.228678
0.212746
0.208733
0.218779
0.229334
0.219179
0.230482
0.225427
0.208343
0.229371
0.217054
0.219005
0.219408
0.222815
0.220557
0.210487
0.217617
0.20303
0.212315
0.214945
0.216706
0.220572
0.228853
0.20654
0.231901
0.215425
0.219573
0.206323
0.218157
0.249288
0.223613
0.199461
0.229062
0.218186
0.210404
0.218763
0.219827
0.195243
0.216595
0.231881
0.221163
0.217279
0.214179
0.226056
0.215218
0.201737
0.220046
0.237016
0.216805
0.209583
0.218291
0.232893
0.214347
0.205063
0.221819
0.189072
0.227057
0.203452
0.235032
0.217503
0.232478
0.210425
0.207511
0.215997
0.221655
0.262422
0.204157
0.224327
0.205008
0.200714
0.215138
0.21157
0.210715
0.219468
0.224294
0.238636
0.203401
0.215766
0.223136
0.21703
0.231193
0.222701
0.214778
0.234305
0.191503
0.222764
0.215405
0.199215
0.189148
0.212546
0.217032
0.228333
0.211252
0.207369
0.18297
0.209984
0.216047
0.205793
0.226335
0.235158
0.222116
0.219108
0.198087
0.195811
0.219179
0.208426
0.219778
0.231211
0.216395
0.204133
0.214073
0.205629
0.224105
0.203333
0.206586
0.21115
0.230979
0.207357
0.208486
0.217687
0.205843
0.216656
0.212505
0.216665
0.219092
0.232329
0.199349
0.228665
0.227557
0.220753
0.203305
0.2193
0.183056
0.19815
0.214248
0.169688
0.194484
0.226913
0.228671
0.215858
0.211107
0.21671
0.229817
0.19721
0.225898
0.212974
0.211067
0.219179
0.205009
0.222869
0.233919
0.216335
0.207334
0.22481
0.228754
0.208738
0.215732
0.164507
0.205532
0.230696
0.210031
0.217936
0.242246
0.196911
0.192908
0.211614
0.20954
0.236626
0.182674
0.204247
0.233309
0.210883
0.216657
0.202309
0.22102
0.193187
0.210681
0.227938
0.208518
0.197985
0.199951
0.218115
0.175685
0.214759
0.231085
0.245854
0.21165
0.210725
0.20444
0.212368
0.227786
0.209475
0.247982
0.215628
0.232981
0.220278
0.21946
0.226259
0.209204
0.20486
0.190548
0.221172
0.23684
0.202159
0.208496
0.22098
0.192744
0.208909
0.182983
0.206842
0.242201
0.225252
0.223701
0.207894
0.211041
0.224279
0.2159
0.223543
0.213842
0.169829
0.230376
0.223776
0.179785
0.226391
0.206586
0.221688
0.234132
0.226741
0.219812
0.212182
0.219782
0.213553
0.205164
0.222605
0.228926
0.222891
0.204063
0.20474
0.210312
0.221789
0.232401
0.22642
0.219179
0.232979
0.217564
0.184337
0.201752
0.214466
0.180348
0.18881
0.22774
0.234302
0.188166
0.214298
0.213738
0.19075
0.217438
0.214204
0.230166
0.199623
0.1985
0.200191
0.203324
0.217445
0.201668
0.184335
0.229243
0.216743
0.235442
0.213515
0.182099
0.196652
0.228944
0.206536
0.20402
0.213536
0.230687
0.248219
0.219983
0.224518
0.232876
0.212973
0.226001
0.225778
0.182117
0.223981
0.216228
0.215363
0.217921
0.220043
0.191347
0.217412
0.220664
0.221161
0.225243
0.205226
0.193036
0.212693
0.223685
0.206764
0.217823
0.213189
0.191502
0.209773
0.192023
0.195116
0.227638
0.202826
0.21433
0.205993
0.199629
0.217617
0.208987
0.167482
0.228914
0.179858
0.220683
0.213146
0.216155
0.192397
0.219172
0.205096
0.197073
0.195194
0.21488
0.193757
0.193692
0.148342
0.203659
0.193625
0.193786
0.196114
0.202662
0.231725
0.219369
0.207458
0.206693
0.212675
0.216024
0.209309
0.217375
0.208212
0.192071
0.195483
0.213772
0.208473
0.228886
0.249121
0.216978
0.209282
0.166606
0.196845
0.210536
0.213928
0.213442
0.216334
0.243435
0.213192
0.183863
0.236067
0.208434
0.238098
0.20765
0.225332
0.220124
0.234373
0.221699
0.216466
0.221747
0.196161
0.197225
0.211709
0.200114
0.2051
0.207441
0.209074
0.215032
0.209574
0.2104
0.209236
0.227468
0.217982
0.206194
0.201564
0.219179
0.188176
0.216636
0.232458
0.21868
0.213928
0.171772
0.185736
0.217981
0.234962
0.212941
0.203979
0.211831
0.226484
0.188736
0.194522
0.181656
0.220536
0.220782
0.21502
0.216825
0.240768
0.201012
0.208719
0.211428
0.191663
0.155614
0.196555
0.192605
0.185047
0.212071
0.193881
0.218829
0.231503
0.218233
0.21292
0.223159
0.233388
0.231165
0.211805
0.225851
0.188724
0.219639
0.207696
0.222449
0.224163
0.190523
0.17977
0.215852
0.192575
0.194159
0.181179
0.20554
0.144451
0.227071
0.193076
0.228798
0.213012
0.188288
0.21825
0.235212
0.180596
0.197853
0.217551
0.215586
0.218808
0.185115
0.166195
0.208342
0.224934
0.220333
0.214512
0.229305
0.210313
0.226741
0.21112
0.221439
0.181291
0.208527
0.224656
0.234435
0.192212
0.216156
0.206771
0.212937
0.246933
0.226524
0.215159
0.233976
0.183205
0.19396
0.197141
0.221929
0.216202
0.171915
0.198632
0.217969
0.188484
0.214978
0.198873
0.146475
0.215211
0.158609
0.215078
0.234801
0.215508
0.19691
0.212941
0.225625
0.214579
0.21039
0.210014
0.205278
0.215902
0.205794
0.206915
0.182982
0.228538
0.203824
0.200684
0.223336
0.221246
0.222945
0.189103
0.230109
0.218062
0.218187
0.193116
0.20653
0.208768
0.200721
0.213392
0.208509
0.182553
0.246257
0.219046
0.215798
0.214644
0.201127
0.234741
0.197113
0.209618
0.213032
0.198826
0.222762
0.190044
0.201923
0.236466
0.228666
0.227391
0.207413
0.218426
0.202125
0.216437
0.239558
0.20477
0.212866
0.205939
0.217543
0.209167
0.232012
0.196975
0.167258
0.216889
0.161577
0.206835
0.219402
0.211849
0.21352
0.19898
0.2426
0.185419
0.237207
0.210628
0.211864
0.193597
0.214771
0.219448
0.20194
0.215707
0.22103
0.212787
0.208142
0.16508
0.193357
0.215739
0.193819
0.168418
0.201942
0.219093
0.226896
0.150355
0.21232
0.140682
0.2192
0.186614
0.208746
0.205382
0.220226
0.205562
0.188957
0.208029
0.23195
0.217454
0.224872
0.237317
0.22285
0.217199
0.235708
0.169565
0.223518
0.220883
0.210912
0.230896
0.205739
0.202281
0.158707
0.215607
0.189524
0.23263
0.199762
0.196178
0.22479
0.183727
0.218873
0.208171
0.220998
0.211672
0.206928
0.19159
0.221921
0.213598
0.236016
0.210672
0.204071
0.232176
0.219375
0.190121
0.185069
0.211192
0.200211
0.188825
0.213248
0.195126
0.218141
0.210431
0.217947
0.185081
0.222229
0.199007
0.221232
0.231317
0.200763
0.205925
0.211179
0.223966
0.184977
0.185902
0.22669
0.23464
0.217779
0.182232
0.209342
0.240162
0.200193
0.232948
0.219927
0.230863
0.211237
0.212045
0.21734
0.191576
0.234618
0.165626
0.167987
0.21542
0.195228
0.189965
0.207749
0.197139
0.231502
0.234082
0.209261
0.217339
0.195669
0.14985
0.218414
0.181782
0.246057
0.202983
0.143204
0.191341
0.20071
0.218832
0.21224
0.202958
0.225354
0.17691
0.219704
0.162658
0.226625
0.218399
0.205661
0.198668
0.194025
0.20877
0.214995
0.220528
0.213517
0.204483
0.194036
0.202735
0.220757
0.223057
0.220691
0.232619
0.228466
0.172932
0.18689
0.237475
0.209524
0.16981
0.220916
0.174884
0.216684
0.221222
0.205966
0.228555
0.195085
0.221146
0.136857
0.217768
0.215076
0.138442
0.181668
0.200313
0.161733
0.226604
0.193749
0.184768
0.218264
0.215859
0.221875
0.184781
0.202978
0.196012
0.21983
0.144341
0.196735
0.194758
0.23049
0.205622
0.186062
0.196943
0.184284
0.213132
0.186364
0.18805
0.208038
0.182011
0.22614
0.219511
0.220076
0.22049
0.197418
0.195245
0.187763
0.202179
0.207635
0.188586
0.155519
0.191948
0.201306
0.214384
0.233084
0.178189
0.191182
0.220851
0.138583
0.214798
0.209298
0.174351
0.209021
0.210361
0.209966
0.203258
0.193157
0.209294
0.201111
0.206192
0.189016
0.189793
0.212916
0.225984
0.230319
0.151367
0.162979
0.218797
0.234665
0.217949
0.196749
0.201915
0.151607
0.218819
0.193928
0.20516
0.219783
0.157305
0.205807
0.21208
0.200691
0.19564
0.202586
0.201572
0.177061
0.190762
0.211037
0.228364
0.175709
0.221004
0.225019
0.209633
0.210315
0.170804
0.21766
0.217038
0.206049
0.215828
0.209237
0.21692
0.173671
0.194865
0.23255
0.207419
0.213395
0.215612
0.200754
0.219871
0.205918
0.218934
0.194469
0.213613
0.210191
0.212006
0.218057
0.181625
0.222747
0.224546
0.229956
0.21615
0.161177
0.191915
0.195061
0.199018
0.206274
0.201224
0.230841
0.206586
0.213177
0.209603
0.167256
0.192049
0.228825
0.191609
0.190764
0.161983
0.23107
0.213051
0.233426
0.206301
0.17831
0.163115
0.199696
0.210603
0.216113
0.215128
0.183899
0.165132
0.216903
0.190418
0.178957
0.1721
0.229383
0.180734
0.231511
0.191165
0.240835
0.221418
0.174249
0.219905
0.213049
0.217982
0.172952
0.212574
0.185239
0.212887
0.210414
0.189387
0.204448
0.183399
0.208406
0.221193
0.171291
0.228172
0.178984
0.189934
0.21199
0.131589
0.215287
0.213501
0.210971
0.166508
0.199455
0.155842
0.145904
0.198593
0.161003
0.228597
0.220619
0.173732
0.204656
0.231424
0.236998
0.218287
0.23209
0.229432
0.199613
0.21177
0.220055
0.230733
0.194346
0.175786
0.196462
0.194303
0.217089
0.217579
0.213254
0.22508
0.187479
0.237428
0.209045
0.231808
0.142075
0.131525
0.202239
0.195422
0.193964
0.219493
0.21094
0.219179
0.184588
0.166717
0.214047
0.159888
0.237538
0.226597
0.189273
0.235438
0.182395
0.165873
0.219816
0.225308
0.213053
0.217381
0.168597
0.214631
0.219768
0.217634
0.212538
0.183548
0.193279
0.15908
0.200867
0.174254
0.194268
0.213367
0.1904
0.181014
0.206398
0.217717
0.204183
0.205368
0.20393
0.217189
0.207215
0.190817
0.174315
0.231045
0.205547
0.225201
0.19514
0.215859
0.227586
0.201735
0.194067
0.211834
0.173253
0.199048
0.239614
0.20803
0.132792
0.203059
0.194811
0.206915
0.220174
0.181521
0.230403
0.21834
0.218664
0.138617
0.117943
0.223645
0.199419
0.222098
0.185969
0.200243
0.212188
0.219969
0.192338
0.209385
0.21893
0.175249
0.191311
0.221616
0.185443
0.194708
0.174505
0.235587
0.155721
0.216781
0.16856
0.238137
0.1733
0.169419
0.231209
0.226753
0.19462
0.201817
0.16026
0.230157
0.226046
0.21953
0.160953
0.207063
0.212412
0.229226
0.210095
0.187121
0.224125
0.209315
0.124981
0.149578
0.21712
0.21509
0.177121
0.218215
0.211197
0.187713
0.172011
0.168661
0.213416
0.1875
0.198939
0.204836
0.204416
0.222
0.228612
0.195055
0.206862
0.189551
0.239822
0.202392
0.227956
0.214302
0.191431
0.211131
0.252518
0.189278
0.223339
0.179545
0.140811
0.128225
0.214685
0.209452
0.238619
0.191326
0.22014
0.207417
0.17486
0.188598
0.200238
0.207189
0.208797
0.147316
0.186195
0.185937
0.199745
0.197765
0.220295
0.175579
0.232043
0.158983
0.217332
0.191741
0.196009
0.210694
0.183759
0.171329
0.211868
0.221714
0.215935
0.176147
0.213246
0.206924
0.17657
0.206586
0.193748
0.208309
0.154467
0.195378
0.182813
0.166749
0.203763
0.220214
0.216428
0.208163
0.176031
0.211965
0.207452
0.219396
0.157689
0.214108
0.200311
0.224199
0.152631
0.170464
0.220289
0.193476
0.210318
0.211701
0.192983
0.213179
0.212194
0.207688
0.218704
0.213027
0.210058
0.208364
0.175758
0.196306
0.216606
0.189827
0.19787
0.209356
0.197217
0.223212
0.222497
0.216862
0.207171
0.161978
0.204127
0.185219
0.171135
0.227395
0.131928
0.206385
0.187601
0.218784
0.21778
0.188763
0.185609
0.158247
0.221323
0.200669
0.168637
0.215954
0.154762
0.206376
0.220261
0.190964
0.193611
0.186382
0.219906
0.206915
0.226362
0.208583
0.192546
0.211642
0.194905
0.225482
0.22618
0.166857
0.140153
0.178178
0.158571
0.175111
0.205493
0.208386
0.166697
0.218907
0.231975
0.231424
0.185771
0.172995
0.164332
0.189654
0.1493
0.155368
0.181119
0.218551
0.229514
0.176876
0.167792
0.190346
0.169211
0.196763
0.207631
0.209461
0.169736
0.22046
0.168003
0.186557
0.231999
0.228944
0.209161
0.192443
0.213059
0.207264
0.194746
0.22652
0.215814
0.205627
0.158438
0.236097
0.191146
0.171715
0.169352
0.164573
0.182031
0.19801
0.153581
0.229032
0.217697
0.16575
0.210352
0.216503
0.233488
0.178726
0.211645
0.218214
0.166153
0.225813
0.15366
0.200207
0.186196
0.227847
0.185116
0.191182
0.221532
0.220188
0.170782
0.228424
0.191043
0.207288
0.206437
0.191488
0.18493
0.211848
0.200189
0.178397
0.175482
0.180077
0.158149
0.161033
0.185186
0.224747
0.217141
0.176
0.218284
0.186117
0.142505
0.22321
0.136231
0.220846
0.209841
0.192485
0.180793
0.201617
0.23063
0.238231
0.139506
0.173536
0.186739
0.223724
0.198138
0.174873
0.190514
0.213418
0.191756
0.21894
0.217995
0.197755
0.210545
0.179741
0.217192
0.210687
0.232333
0.160487
0.170554
0.216527
0.163563
0.229535
0.189738
0.220546
0.223861
0.165913
0.157107
0.197002
0.183291
0.18978
0.221563
0.188649
0.140046
0.211332
0.193091
0.177069
0.159329
0.217407
0.183266
0.185519
0.172542
0.225524
0.231665
0.211511
0.136871
0.161263
0.226594
0.22183
0.210016
0.19665
0.137652
0.188451
0.13881
0.189016
0.223973
0.232847
0.200894
0.210424
0.148147
0.211952
0.182404
0.183971
0.206729
0.179691
0.172636
0.183575
0.196837
0.215348
0.169224
0.221247
0.186874
0.206157
0.223789
0.156312
0.180132
0.21926
0.208178
0.202767
0.211189
0.161913
0.191462
0.124923
0.219295
0.207638
0.18567
0.216917
0.148518
0.19507
0.223994
0.184282
0.191646
0.236184
0.225227
0.179167
0.199881
0.216067
0.216411
0.228707
0.21361
0.218921
0.176022
0.159611
0.184176
0.2006
0.228505
0.242976
0.187533
0.210217
0.15839
0.194546
0.207557
0.186716
0.212549
0.225046
0.211339
0.187208
0.220014
0.13455
0.203395
0.191298
0.216901
0.194772
0.193527
0.220979
0.220581
0.213366
0.12042
0.182718
0.208874
0.197006
0.173149
0.204171
0.19356
0.159631
0.143538
0.215409
0.213861
0.21242
0.22416
0.166454
0.188799
0.183839
0.215853
0.213808
0.196071
0.15084
0.142951
0.240887
0.173791
0.172488
0.228243
0.186007
0.20066
0.188923
0.215591
0.191824
0.211287
0.159476
0.215106
0.218157
0.224187
0.172475
0.156352
0.194614
0.225298
0.219146
0.177501
0.223531
0.20778
0.164127
0.199838
0.1892
0.221027
0.215801
0.195317
0.182298
0.163182
0.190831
0.20163
0.231355
0.22383
0.21396
0.236034
0.172151
0.20757
0.233636
0.224169
0.213589
0.158082
0.192402
0.191025
0.152906
0.224638
0.239763
0.225656
0.175874
0.195626
0.158969
0.154528
0.235924
0.219993
0.136908
0.231996
0.231403
0.211374
0.22877
0.183285
0.221389
0.193929
0.204572
0.18729
0.20581
0.232738
0.200938
0.163129
0.184016
0.188814
0.161321
0.215202
0.205081
0.208484
0.223981
0.225532
0.187335
0.231751
0.217982
0.206931
0.220658
0.197985
0.22098
0.201356
0.241556
0.211118
0.204279
0.224947
0.181733
0.141998
0.214858
0.230281
0.192813
0.157836
0.227633
0.157887
0.166795
0.167835
0.19233
0.191138
0.202338
0.168684
0.208401
0.195002
0.213756
0.232063
0.216086
0.191837
0.226698
0.231647
0.203858
0.220644
0.196438
0.220173
0.167735
0.227599
0.170947
0.191601
0.206345
0.230824
0.21957
0.177025
0.210787
0.218456
0.16346
0.188243
0.162878
0.215476
0.210994
0.147934
0.200408
0.171238
0.233952
0.178995
0.224084
0.220655
0.219305
0.144814
0.190612
0.162227
0.208142
0.19569
0.222651
0.219223
0.159537
0.146233
0.152886
0.189312
0.224085
0.233189
0.213382
0.210023
0.211648
0.20899
0.200806
0.189287
0.22605
0.144516
0.237803
0.21206
0.185698
0.186825
0.178421
0.190132
0.117711
0.218872
0.21042
0.244394
0.212026
0.191975
0.230797
0.144322
0.208557
0.191112
0.21015
0.226232
0.157724
0.234206
0.216182
0.221574
0.202022
0.1922
0.200249
0.177582
0.205931
0.210106
0.146497
0.152344
0.224126
0.196349
0.181891
0.191154
0.227724
0.22648
0.158832
0.199178
0.187155
0.155575
0.186643
0.165208
0.164862
0.156616
0.196645
0.186728
0.200393
0.161769
0.207494
0.223099
0.189134
0.195566
0.237631
0.186788
0.138318
0.222837
0.21537
0.17957
0.220721
0.192361
0.21625
0.20105
0.221834
0.220514
0.169058
0.210536
0.220831
0.196728
0.175674
0.201069
0.223545
0.210041
0.154724
0.229948
0.194022
0.180435
0.190186
0.225199
0.195255
0.195393
0.177159
0.186253
0.168811
0.215778
0.224664
0.178652
0.210536
0.172819
0.152304
0.159539
0.206189
0.173754
0.190975
0.232584
0.211552
0.17379
0.189601
0.216443
0.175224
0.18118
0.19141
0.15815
0.190009
0.194405
0.196671
0.223898
0.232815
0.223997
0.186189
0.187346
0.223777
0.214178
0.164534
0.1991
0.165895
0.187935
0.225796
0.220448
0.197237
0.195507
0.183219
0.193967
0.127615
0.174981
0.200403
0.223636
0.152451
0.160276
0.207466
0.223102
0.16833
0.167478
0.173079
0.216306
0.224596
0.221887
0.214715
0.23102
0.225156
0.23117
0.238587
0.217147
0.211578
0.197909
0.219825
0.24415
0.182446
0.187741
0.21575
0.199035
0.212382
0.226682
0.213904
0.219422
0.226666
0.221145
0.174053
0.129673
0.19771
0.177057
0.209941
0.242067
0.153462
0.164769
0.190975
0.209645
0.217738
0.205359
0.212575
0.218376
0.183332
0.230763
0.170472
0.186322
0.223888
0.230709
0.149418
0.217331
0.18962
0.228378
0.19268
0.187887
0.210368
0.162491
0.212894
0.233831
0.203249
0.166845
0.202994
0.133131
0.186933
0.149622
0.193152
0.17061
0.216001
0.194348
0.214356
0.153145
0.234829
0.213629
0.190019
0.185151
0.201259
0.174042
0.148581
0.204146
0.175986
0.169888
0.215028
0.164679
0.174357
0.18693
0.184156
0.235951
0.212337
0.214664
0.188169
0.189011
0.210543
0.131538
0.204818
0.186283
0.171186
0.217802
0.217577
0.217842
0.200594
0.186973
0.14868
0.189138
0.185218
0.195948
0.155654
0.216777
0.165053
0.18438
0.148713
0.149173
0.22421
0.19522
0.171554
0.207397
0.210313
0.144364
0.178199
0.208692
0.212906
0.235579
0.206482
0.201038
0.164058
0.162325
0.212406
0.170288
0.189273
0.231157
0.215985
0.210158
0.190848
0.134955
0.148619
0.176536
0.20997
0.216658
0.213959
0.1757
0.15414
0.235982
0.230582
0.178537
0.188009
0.192679
0.217277
0.166332
0.195328
0.216282
0.21728
0.193471
0.157255
0.169436
0.221553
0.178331
0.210455
0.184754
0.222272
0.146716
0.221156
0.139659
0.225656
0.239361
0.214868
0.199931
0.205473
0.144171
0.195889
0.188839
0.166546
0.149987
0.226855
0.188455
0.168555
0.216594
0.215424
0.199993
0.192687
0.220981
0.17236
0.192025
0.167338
0.172753
0.228683
0.228968
0.212999
0.161538
0.212137
0.21704
0.196598
0.186649
0.146768
0.124971
0.194868
0.221715
0.223146
0.144221
0.215594
0.198995
0.211586
0.22291
0.220609
0.204862
0.163207
0.159471
0.159533
0.17312
0.191302
0.210453
0.15868
0.150846
0.213138
0.155259
0.208007
0.189386
0.190749
0.174079
0.138839
0.226892
0.196235
0.21046
0.094964
0.198599
0.227131
0.217773
0.238366
0.209332
0.167718
0.204878
0.174252
0.229663
0.136612
0.202388
0.231909
0.180765
0.18164
0.186646
0.1605
0.20208
0.179157
0.224226
0.139916
0.225832
0.153319
0.210032
0.196386
0.220852
0.193675
0.213697
0.190873
0.166716
0.192988
0.182772
0.17416
0.214418
0.164482
0.218682
0.21503
0.171143
0.18718
0.23676
0.21855
0.192801
0.240836
0.212915
0.200822
0.183213
0.15594
0.221707
0.17556
0.166319
0.228602
0.194095
0.177957
0.143776
0.199315
0.128756
0.229789
0.210814
0.181162
0.223034
0.201002
0.159946
0.156455
0.204601
0.248688
0.230215
0.21457
0.152885
0.214512
0.144215
0.216245
0.138296
0.221449
0.2362
0.15963
0.20055
0.199922
0.186064
0.182053
0.152051
0.186934
0.218295
0.229684
0.200384
0.224969
0.182629
0.188856
0.206782
0.216022
0.190098
0.146916
0.179484
0.207043
0.210464
0.213241
0.226804
0.212362
0.229085
0.154905
0.161156
0.190055
0.187978
0.157225
0.150264
0.200372
0.102291
0.209843
0.203612
0.236737
0.193601
0.191399
0.171146
0.192503
0.226172
0.219862
0.214641
0.232816
0.150126
0.20148
0.185622
0.146849
0.142678
0.191809
0.211032
0.168267
0.187643
0.204058
0.173992
0.192548
0.196658
0.221677
0.17035
0.175708
0.227571
0.238443
0.187723
0.207021
0.204493
0.210781
0.197079
0.192396
0.188446
0.218722
0.209724
0.166162
0.163016
0.208641
0.169289
0.226668
0.177042
0.146283
0.207219
0.168824
0.2214
0.174574
0.188475
0.148101
0.20227
0.198886
0.190612
0.189621
0.189138
0.164192
0.152458
0.221172
0.19729
0.184943
0.159439
0.17383
0.185382
0.151491
0.206795
0.221061
0.17331
0.189521
0.177211
0.150821
0.1346
0.218369
0.236419
0.146479
0.173997
0.183761
0.171222
0.178368
0.144893
0.213517
0.177262
0.146054
0.207605
0.211619
0.180065
0.252611
0.207011
0.186789
0.223685
0.177177
0.213291
0.181674
0.20936
0.160777
0.123199
0.22895
0.160516
0.218438
0.218555
0.19936
0.136037
0.232164
0.11927
0.206848
0.142509
0.171839
0.208021
0.197979
0.239066
0.15427
0.164786
0.217195
0.180709
0.208157
0.159414
0.219092
0.193329
0.192197
0.178865
0.160254
0.224509
0.211057
0.160878
0.203588
0.166089
0.211346
0.127068
0.19705
0.230522
0.140931
0.213456
0.221039
0.176171
0.245982
0.16849
0.158135
0.203135
0.148798
0.215865
0.149021
0.211793
0.204728
0.223696
0.21445
0.177967
0.179729
0.172284
0.228983
0.157576
0.185474
0.193619
0.182479
0.152889
0.196249
0.196165
0.184186
0.171844
0.188534
0.165578
0.23005
0.221337
0.222311
0.220396
0.226828
0.169213
0.216487
0.17179
0.173689
0.235474
0.186522
0.227751
0.220872
0.186171
0.177811
0.17717
0.255245
0.135245
0.172856
0.217099
0.23311
0.178785
0.169149
0.17959
0.162344
0.213829
0.207522
0.224373
0.184725
0.18004
0.163695
0.177453
0.172916
0.197157
0.18492
0.148111
0.207456
0.178926
0.229191
0.22506
0.227822
0.190687
0.194472
0.217617
0.196877
0.21383
0.186664
0.152712
0.218238
0.192643
0.206921
0.198782
0.197723
0.113512
0.171792
0.193355
0.2182
0.171493
0.220959
0.156263
0.240873
0.223676
0.182004
0.216301
0.208034
0.172261
0.141821
0.24393
0.22465
0.141655
0.211092
0.213413
0.214395
0.235315
0.237759
0.182009
0.223096
0.162619
0.142537
0.224965
0.188519
0.208348
0.212196
0.19423
0.158991
0.114464
0.185824
0.230036
0.152293
0.181111
0.147847
0.240649
0.204544
0.160132
0.199832
0.136393
0.179478
0.214321
0.194923
0.160907
0.179921
0.185771
0.205959
0.178236
0.169536
0.167021
0.205824
0.139537
0.157849
0.201989
0.159181
0.166647
0.195486
0.180388
0.177897
0.184413
0.136027
0.198585
0.215879
0.201915
0.231436
0.216469
0.235153
0.21048
0.225376
0.140902
0.185008
0.207062
0.149981
0.173852
0.193831
0.183147
0.22546
0.162782
0.183719
0.199471
0.151033
0.179054
0.160419
0.135506
0.176267
0.211984
0.208928
0.16031
0.233299
0.154993
0.219704
0.186926
0.217651
0.216844
0.213313
0.218075
0.14055
0.214265
0.151386
0.227945
0.13793
0.227517
0.175212
0.195278
0.210072
0.232273
0.175849
0.157041
0.203445
0.179294
0.164927
0.219229
0.220909
0.220014
0.129644
0.198346
0.20359
0.178993
0.181639
0.128811
0.207823
0.222655
0.216265
0.192191
0.201433
0.185825
0.205789
0.143652
0.164578
0.157044
0.167688
0.227217
0.166259
0.201356
0.246357
0.237322
0.184291
0.172273
0.249623
0.20034
0.209662
0.170674
0.213561
0.134531
0.219521
0.167202
0.198126
0.204207
0.195869
0.193908
0.173398
0.200884
0.217453
0.227523
0.247018
0.211282
0.148826
0.140386
0.181028
0.20816
0.238559
0.195303
0.203203
0.190258
0.200335
0.159782
0.213581
0.134741
0.193852
0.190865
0.195018
0.190023
0.164151
0.195327
0.169147
0.233789
0.112006
0.23422
0.18476
0.134916
0.225528
0.164083
0.178873
0.166292
0.161894
0.169651
0.201419
0.225522
0.208073
0.180663
0.137474
0.183356
0.169407
0.14849
0.184295
0.178494
0.236614
0.173602
0.203469
0.17811
0.204242
0.170858
0.211136
0.22321
0.193481
0.19678
0.190288
0.158634
0.185383
0.18212
0.174762
0.216236
0.101869
0.213997
0.191066
0.206087
0.155538
0.195462
0.116995
0.202796
0.189864
0.166715
0.210257
0.134312
0.192811
0.189462
0.184299
0.15513
0.199281
0.177309
0.17743
0.230812
0.218248
0.226814
0.188949
0.239794
0.188892
0.144929
0.214374
0.202603
0.226125
0.241504
0.215658
0.162788
0.230882
0.168181
0.17952
0.2185
0.173536
0.129438
0.209658
0.155668
0.150075
0.161689
0.225415
0.204539
0.186652
0.194952
0.209418
0.175033
0.201626
0.228438
0.19252
0.183689
0.178256
0.194463
0.145528
0.176211
0.162133
0.200773
0.222902
0.151531
0.177419
0.206597
0.191978
0.227718
0.207246
0.183168
0.232773
0.181606
0.174128
0.177561
0.141823
0.169035
0.202895
0.224497
0.209279
0.128121
0.227244
0.174417
0.168088
0.188632
0.16651
0.143028
0.177248
0.171809
0.140545
0.157956
0.200992
0.187867
0.19733
0.215577
0.195578
0.19666
0.16866
0.172586
0.221508
0.178168
0.225926
0.180799
0.104695
0.159123
0.209066
0.213317
0.20894
0.220731
0.230453
0.163732
0.203487
0.223878
0.192156
0.157088
0.194033
0.186237
0.188811
0.159684
0.204255
0.150709
0.21891
0.168138
0.180619
0.209558
0.176646
0.172736
0.194517
0.170424
0.232106
0.189517
0.183566
0.199535
0.216429
0.200108
0.239683
0.185408
0.190859
0.218457
0.184666
0.184946
0.230742
0.152203
0.151504
0.210385
0.209995
0.168577
0.222439
0.200279
0.172468
0.198619
0.230539
0.227999
0.167821
0.164762
0.19
0.136913
0.186274
0.154706
0.196549
0.231558
0.199736
0.239455
0.218607
0.211634
0.225878
0.224194
0.134429
0.23082
0.179325
0.228616
0.213049
0.179949
0.18093
0.220644
0.184686
0.191439
0.182746
0.11429
0.192841
0.171775
0.207188
0.183675
0.189011
0.133254
0.211992
0.196571
0.192398
0.171467
0.199145
0.181743
0.182622
0.154943
0.166719
0.171126
0.205412
0.213841
0.197273
0.223579
0.138166
0.11479
0.189648
0.180054
0.178467
0.233709
0.220512
0.225822
0.174148
0.135929
0.197551
0.206104
0.220421
0.21654
0.195115
0.146673
0.133168
0.138348
0.141288
0.177592
0.196501
0.242956
0.148736
0.171891
0.18834
0.228845
0.185587
0.188172
0.223478
0.228893
0.183027
0.218981
0.202625
0.208657
0.21356
0.189977
0.183104
0.138288
0.198786
0.184579
0.224646
0.205912
0.209592
0.193117
0.15694
0.146614
0.170954
0.238402
0.218909
0.129348
0.196527
0.13712
0.183476
0.205081
0.140244
0.164061
0.13429
0.174467
0.182024
0.188275
0.215576
0.20071
0.222126
0.18778
0.188501
0.225599
0.178353
0.142561
0.220562
0.125956
0.16831
0.188502
0.194674
0.17734
0.111458
0.211504
0.145602
0.225345
0.187906
0.150459
0.226297
0.224989
0.139823
0.223924
0.207635
0.206385
0.170005
0.176358
0.190682
0.141102
0.228305
0.211105
0.153394
0.170504
0.221863
0.175725
0.183015
0.164385
0.204065
0.141079
0.211772
0.195464
0.20025
0.202035
0.193122
0.178441
0.193444
0.226341
0.170401
0.163885
0.135507
0.219857
0.206582
0.216001
0.223159
0.188341
0.186868
0.168229
0.241173
0.162981
0.19457
0.130648
0.203982
0.253301
0.155391
0.179959
0.157223
0.193797
0.192654
0.235922
0.171523
0.165637
0.167469
0.212969
0.203512
0.205312
0.189913
0.238772
0.141343
0.214351
0.198322
0.13267
0.193225
0.223566
0.227644
0.192191
0.195809
0.190789
0.170698
0.198166
0.248664
0.141821
0.198673
0.180639
0.156427
0.141328
0.199083
0.183657
0.225159
0.167568
0.216277
0.188699
0.195618
0.116273
0.184421
0.242595
0.141273
0.169887
0.203196
0.173132
0.180971
0.148715
0.181618
0.228127
0.157071
0.143804
0.213559
0.202338
0.221455
0.181275
0.159915
0.184666
0.161969
0.167753
0.115989
0.19598
0.199777
0.206919
0.205164
0.217661
0.198929
0.226579
0.141328
0.215878
0.146423
0.1796
0.168343
0.224369
0.188251
0.187348
0.23539
0.214183
0.23464
0.169436
0.213674
0.164246
0.209591
0.129728
0.203541
0.15582
0.229236
0.195288
0.148665
0.154346
0.154055
0.217292
0.196788
0.173755
0.229278
0.11776
0.223893
0.212216
0.227423
0.187102
0.213042
0.23218
0.176697
0.216221
0.160296
0.187215
0.232586
0.217176
0.231554
0.175674
0.147379
0.127109
0.187705
0.213843
0.163657
0.191338
0.127568
0.181689
0.156882
0.23357
0.217679
0.178933
0.150688
0.188612
0.116949
0.201742
0.229667
0.219079
0.194522
0.167879
0.188297
0.201107
0.212778
0.153394
0.180462
0.196348
0.212936
0.22278
0.166151
0.162524
0.235878
0.211902
0.200512
0.177347
0.133971
0.170376
0.20423
0.187187
0.192337
0.224681
0.213692
0.152121
0.225728
0.138769
0.193449
0.203961
0.228314
0.176449
0.200795
0.204208
0.15503
0.147517
0.188017
0.220997
0.159747
0.176493
0.158676
0.24341
0.153485
0.180897
0.186855
0.183996
0.151157
0.183132
0.211098
0.210706
0.17774
0.186817
0.166127
0.191117
0.210397
0.232612
0.149672
0.173465
0.200306
0.162159
0.172141
0.16813
0.139666
0.221401
0.156224
0.192154
0.181422
0.232778
0.214604
0.220268
0.184238
0.154311
0.182852
0.156041
0.203169
0.170716
0.137266
0.147313
0.189301
0.165747
0.21247
0.220555
0.192127
0.1397
0.207136
0.217727
0.195967
0.144581
0.140458
0.18681
0.163073
0.184776
0.169367
0.16371
0.156598
0.183526
0.181612
0.177679
0.176913
0.190903
0.107688
0.110318
0.188767
0.108801
0.179539
0.213755
0.172846
0.187247
0.1503
0.210623
0.122169
0.193135
0.21629
0.212556
0.214179
0.172431
0.214836
0.21075
0.176513
0.16934
0.174448
0.195908
0.132357
0.212505
0.183234
0.185446
0.187425
0.193698
0.167137
0.130501
0.139428
0.208045
0.229275
0.198678
0.156079
0.186473
0.211022
0.206865
0.19737
0.187345
0.176172
0.170788
0.184228
0.17655
0.245759
0.241525
0.170632
0.166069
0.15517
0.175955
0.14354
0.242917
0.189282
0.208159
0.136796
0.173612
0.198233
0.166273
0.178059
0.210795
0.210605
0.163369
0.242535
0.129097
0.164375
0.16899
0.20633
0.185377
0.145512
0.182714
0.202497
0.177622
0.191971
0.155844
0.116704
0.168908
0.209594
0.185339
0.218093
0.167428
0.170533
0.221851
0.148453
0.138207
0.193422
0.145295
0.20156
0.156309
0.250108
0.182943
0.161203
0.159316
0.227129
0.17716
0.201501
0.152225
0.222862
0.195369
0.200624
0.238531
0.161367
0.189039
0.226602
0.204473
0.164799
0.174506
0.233822
0.209298
0.215714
0.170726
0.170352
0.148737
0.199947
0.206169
0.179775
0.160013
0.212402
0.185182
0.182599
0.238733
0.202049
0.206352
0.166277
0.146142
0.214625
0.251779
0.180057
0.18617
0.216546
0.154655
0.253044
0.218736
0.169659
0.168686
0.171386
0.174435
0.157699
0.231767
0.160272
0.190487
0.161878
0.192308
0.153481
0.168663
0.191402
0.194158
0.187452
0.179087
0.185603
0.226859
0.239929
0.163551
0.231048
0.173701
0.178886
0.218192
0.135663
0.195016
0.175566
0.213556
0.207305
0.167363
0.21615
0.165471
0.140715
0.210858
0.235233
0.164132
0.233267
0.215968
0.171713
0.143649
0.207781
0.21362
0.2126
0.199075
0.189671
0.214164
0.183505
0.14019
0.181047
0.192344
0.22694
0.173787
0.215933
0.120304
0.153042
0.158645
0.161433
0.207105
0.119292
0.165147
0.185989
0.169058
0.14053
0.189215
0.101961
0.243799
0.151069
0.231702
0.168139
0.178792
0.173782
0.219805
0.175812
0.227621
0.214147
0.190104
0.172154
0.230631
0.13854
0.237953
0.238505
0.124359
0.160097
0.184903
0.215525
0.156171
0.235157
0.210948
0.133158
0.224466
0.152799
0.13575
0.208004
0.175004
0.169107
0.207732
0.190351
0.16465
0.255128
0.177953
0.179991
0.169267
0.226576
0.184151
0.228017
0.235119
0.143942
0.178159
0.165113
0.198363
0.129795
0.149782
0.151686
0.148152
0.232645
0.18
0.191008
0.136372
0.232566
0.168957
0.215161
0.165358
0.194052
0.168184
0.196604
0.226163
0.189546
0.17031
0.161654
0.225897
0.220029
0.191547
0.157541
0.158445
0.208182
0.245149
0.193725
0.195085
0.20103
0.168021
0.156235
0.159201
0.204246
0.206982
0.194782
0.169225
0.171358
0.229911
0.231711
0.130859
0.173351
0.193408
0.215627
0.222118
0.206171
0.169637
0.195991
0.205364
0.150691
0.211334
0.189096
0.175322
0.227508
0.200324
0.195725
0.15853
0.191205
0.244087
0.230599
0.184013
0.160581
0.153462
0.194867
0.182783
0.213642
0.204866
0.178109
0.187145
0.190869
0.135131
0.16668
0.213408
0.158596
0.115666
0.184314
0.232202
0.132325
0.179087
0.176678
0.242288
0.176485
0.251679
0.118519
0.161413
0.120568
0.196912
0.180073
0.213009
0.212191
0.146475
0.190468
0.182093
0.150185
0.165063
0.190052
0.200907
0.182487
0.155011
0.1674
0.126358
0.224684
0.157146
0.204202
0.196713
0.183643
0.149962
0.242665
0.196385
0.194616
0.154719
0.202887
0.163036
0.172579
0.225439
0.18511
0.183528
0.191276
0.222383
0.151126
0.184128
0.23607
0.209302
0.188132
0.156395
0.184207
0.132863
0.220422
0.180758
0.236179
0.174218
0.156653
0.187585
0.210203
0.16461
0.131719
0.182151
0.202364
0.117307
0.160959
0.162822
0.225022
0.170993
0.191598
0.174852
0.232703
0.210224
0.177973
0.152823
0.224887
0.166725
0.198222
0.169719
0.192718
0.200285
0.193343
0.16123
0.150505
0.158609
0.180013
0.123979
0.224637
0.195463
0.201619
0.147503
0.154856
0.241873
0.134564
0.19614
0.169093
0.217437
0.182529
0.178963
0.201768
0.181279
0.225804
0.153087
0.150606
0.232405
0.205575
0.141777
0.128975
0.222045
0.130687
0.192372
0.130763
0.169738
0.183341
0.200835
0.189635
0.228975
0.185895
0.210655
0.174177
0.162689
0.161317
0.147424
0.23016
0.214479
0.190383
0.163142
0.220523
0.151062
0.169075
0.180969
0.220073
0.212222
0.168716
0.139603
0.187576
0.154939
0.16998
0.187314
0.160198
0.198398
0.162185
0.183118
0.114255
0.17294
0.197493
0.169717
0.213934
0.166718
0.212245
0.231358
0.150913
0.213169
0.191696
0.195414
0.189223
0.137757
0.221204
0.207831
0.201522
0.197445
0.247419
0.175888
0.1662
0.1739
0.183379
0.234348
0.146083
0.162436
0.218399
0.19278
0.174528
0.187091
0.182835
0.096768
0.134408
0.135108
0.18144
0.220675
0.142972
0.213259
0.192192
0.18282
0.224586
0.181548
0.143075
0.213361
0.206773
0.215254
0.190409
0.175212
0.232592
0.166806
0.187892
0.172158
0.17631
0.2089
0.197829
0.144416
0.129004
0.225102
0.245996
0.167966
0.236347
0.18017
0.164244
0.218795
0.147428
0.149016
0.197756
0.15989
0.166389
0.146556
0.20101
0.198702
0.208713
0.238899
0.209941
0.175666
0.206198
0.205157
0.132587
0.141833
0.157442
0.183172
0.185492
0.179249
0.16588
0.165301
0.147601
0.153039
0.229084
0.252288
0.201548
0.181188
0.190303
0.180004
0.133685
0.142125
0.240914
0.126853
0.124695
0.175024
0.155165
0.198154
0.195469
0.148599
0.188466
0.175504
0.210023
0.163447
0.153244
0.198392
0.12015
0.141227
0.214836
0.159207
0.103614
0.132228
0.150862
0.143601
0.164563
0.239513
0.176738
0.186527
0.136647
0.190319
0.219608
0.164546
0.204602
0.162963
0.173845
0.170404
0.183978
0.186737
0.165866
0.121021
0.178533
0.171976
0.184334
0.136624
0.168823
0.190105
0.222576
0.20359
0.172402
0.145748
0.16726
0.166898
0.13448
0.175115
0.233347
0.143796
0.188526
0.177723
0.147074
0.165235
0.203037
0.173208
0.188216
0.147789
0.172866
0.153622
0.167047
0.228497
0.183461
0.19811
0.147584
0.224167
0.223418
0.157383
0.120752
0.19021
0.201231
0.172348
0.173577
0.218387
0.147008
0.187021
0.149963
0.209495
0.250143
0.214277
0.167884
0.171221
0.20416
0.15169
0.19716
0.210789
0.142563
0.225624
0.18754
0.195956
0.183587
0.151798
0.200768
0.179486
0.217386
0.197566
0.192927
0.218529
0.165684
0.178912
0.117786
0.137532
0.181572
0.21049
0.211341
0.190441
0.213188
0.164488
0.200288
0.199071
0.204519
0.141419
0.247652
0.180433
0.234466
0.168191
0.197487
0.16462
0.162797
0.187443
0.156216
0.222359
0.140366
0.174172
0.163282
0.194423
0.189204
0.149507
0.174741
0.177216
0.221179
0.207264
0.222344
0.253794
0.20966
0.170638
0.175494
0.192214
0.221775
0.229742
0.167685
0.214444
0.197774
0.151006
0.218257
0.237666
0.209348
0.212038
0.193903
0.174506
0.150332
0.190595
0.208977
0.148023
0.131751
0.205363
0.207114
0.209943
0.190456
0.149402
0.226987
0.141685
0.198937
0.142404
0.182658
0.131046
0.110318
0.169974
0.184305
0.190994
0.234787
0.200582
0.212118
0.198173
0.166423
0.175386
0.163192
0.206505
0.227928
0.131928
0.159432
0.196113
0.201148
0.176687
0.180242
0.193859
0.174704
0.191986
0.223822
0.17415
0.169757
0.160297
0.147789
0.191276
0.163557
0.228639
0.152942
0.197151
0.108269
0.167759
0.165553
0.162653
0.189924
0.148688
0.169278
0.19713
0.179165
0.181366
0.16832
0.226126
0.130093
0.163086
0.176439
0.216352
0.18836
0.186437
0.174364
0.214834
0.195975
0.144517
0.192414
0.163149
0.221383
0.220665
0.22972
0.157959
0.18487
0.215376
0.161634
0.162923
0.143587
0.204148
0.227324
0.173357
0.126435
0.133586
0.228994
0.106945
0.146551
0.193824
0.176056
0.15542
0.180153
0.218776
0.151409
0.159558
0.212668
0.211556
0.226231
0.176767
0.176954
0.188311
0.203647
0.165101
0.181762
0.152069
0.197917
0.227439
0.202531
0.126588
0.209176
0.185189
0.206648
0.19015
0.20067
0.16693
0.21373
0.219943
0.146656
0.216038
0.143245
0.212395
0.178554
0.183252
0.154304
0.240204
0.163244
0.179699
0.214794
0.199627
0.13262
0.204732
0.177769
0.155467
0.198251
0.178221
0.204577
0.157465
0.188001
0.205758
0.164739
0.214968
0.16344
0.246182
0.203324
0.136499
0.160402
0.153619
0.174238
0.192146
0.208073
0.246554
0.189422
0.190875
0.16967
0.186944
0.176499
0.17618
0.118873
0.169837
0.1681
0.118815
0.146298
0.17116
0.138469
0.204276
0.235566
0.136475
0.186805
0.198437
0.233947
0.186508
0.150073
0.208721
0.129598
0.149034
0.1871
0.135824
0.185151
0.205818
0.16037
0.158634
0.22508
0.182782
0.207849
0.133722
0.17705
0.191707
0.156053
0.225287
0.178546
0.173431
0.177657
0.165954
0.20366
0.170838
0.157153
0.103267
0.193118
0.152769
0.186887
0.195986
0.193677
0.12781
0.159254
0.229824
0.195719
0.171301
0.197004
0.232037
0.168477
0.174313
0.179701
0.181228
0.171046
0.182609
0.193236
0.138753
0.168687
0.155644
0.152783
0.153004
0.225135
0.225469
0.19968
0.179085
0.193524
0.173613
0.173008
0.158412
0.198931
0.148366
0.221685
0.183192
0.202593
0.167518
0.170297
0.146613
0.133357
0.206542
0.140074
0.139333
0.185629
0.221898
0.218685
0.184707
0.198849
0.178212
0.14375
0.207901
0.170624
0.202778
0.213015
0.231089
0.149174
0.16816
0.219972
0.196641
0.139606
0.166774
0.158207
0.227002
0.184778
0.162114
0.119508
0.181124
0.206
0.172748
0.139474
0.181518
0.206178
0.211986
0.172351
0.222037
0.201196
0.21091
0.197841
0.1858
0.232628
0.191266
0.205204
0.174459
0.195921
0.209495
0.199362
0.212343
0.14166
0.212602
0.152747
0.216465
0.169498
0.246384
0.139423
0.21176
0.191491
0.215238
0.169296
0.192603
0.196109
0.221069
0.227867
0.16673
0.152293
0.162593
0.205298
0.193787
0.215719
0.177889
0.199126
0.223527
0.140328
0.185489
0.205768
0.182892
0.154358
0.230526
0.15894
0.184014
0.189903
0.172477
0.209321
0.234934
0.17472
0.221863
0.166129
0.228819
0.1396
0.207752
0.131343
0.208236
0.209809
0.168516
0.194952
0.18913
0.182526
0.129707
0.163527
0.164789
0.197522
0.215066
0.208978
0.209947
0.152356
0.144768
0.202274
0.149069
0.139537
0.176284
0.159963
0.159337
0.207484
0.131388
0.217495
0.218801
0.203302
0.129134
0.162311
0.206914
0.108846
0.187143
0.131826
0.14103
0.169744
0.16067
0.225308
0.163374
0.156506
0.176602
0.220963
0.201991
0.166537
0.184204
0.190776
0.133874
0.233403
0.201558
0.169109
0.203941
0.243895
0.224495
0.176408
0.151416
0.1437
0.165071
0.168664
0.20821
0.185631
0.19838
0.161266
0.145231
0.182749
0.156547
0.207147
0.162327
0.173825
0.182854
0.255749
0.24418
0.185239
0.215081
0.145846
0.131702
0.171621
0.197388
0.206716
0.183551
0.209213
0.185483
0.214131
0.21624
0.163629
0.193338
0.164432
0.163591
0.11141
0.207253
0.17093
0.158361
0.146632
0.185181
0.195653
0.168461
0.153017
0.192178
0.178892
0.176824
0.161978
0.181243
0.172576
0.194367
0.165119
0.159034
0.193759
0.146623
0.162362
0.175345
0.221839
0.174024
0.187244
0.13505
0.192053
0.202625
0.14232
0.141165
0.225075
0.233299
0.183576
0.182045
0.131027
0.220455
0.143694
0.196496
0.205834
0.218371
0.132736
0.1941
0.127303
0.219324
0.202201
0.161742
0.209432
0.143363
0.229386
0.155846
0.179969
0.161227
0.13351
0.152356
0.17324
0.221472
0.156364
0.166966
0.15955
0.115184
0.195557
0.169546
0.182396
0.140309
0.19894
0.148427
0.223773
0.201781
0.195079
0.136028
0.147034
0.131129
0.216589
0.164865
0.178436
0.146286
0.226511
0.17372
0.155454
0.132823
0.168726
0.179203
0.162644
0.235922
0.171386
0.222191
0.169357
0.215349
0.137909
0.19581
0.20407
0.182419
0.161012
0.16858
0.182843
0.220587
0.179767
0.18883
0.193852
0.155652
0.146343
0.163756
0.215983
0.157144
0.163038
0.173719
0.164732
0.199678
0.182788
0.196028
0.235132
0.152702
0.228914
0.147145
0.160651
0.201013
0.159613
0.210017
0.151982
0.205976
0.167046
0.240437
0.148137
0.208806
0.150929
0.129495
0.142398
0.183366
0.218844
0.170938
0.197943
0.16627
0.123768
0.24031
0.204224
0.159609
0.229459
0.127066
0.146986
0.171825
0.18328
0.182658
0.126119
0.157483
0.183785
0.19016
0.18327
0.145794
0.175161
0.160873
0.168906
0.136428
0.191865
0.159167
0.216663
0.152775
0.2058
0.231751
0.20812
0.191782
0.170117
0.212617
0.159035
0.206784
0.158871
0.213731
0.198734
0.155966
0.178866
0.181035
0.16511
0.223092
0.202296
0.105048
0.241364
0.182971
0.213083
0.156586
0.193582
0.205952
0.130308
0.158119
0.200174
0.208291
0.188778
0.189834
0.172327
0.128789
0.209292
0.145362
0.192753
0.173605
0.166567
0.149627
0.17694
0.214054
0.178661
0.138314
0.101913
0.195642
0.171329
0.137127
0.136772
0.180073
0.189402
0.144824
0.189274
0.163539
0.144043
0.184224
0.147308
0.187852
0.123518
0.210436
0.198161
0.166097
0.150044
0.189517
0.160862
0.232787
0.103898
0.205309
0.234675
0.160574
0.197369
0.16769
0.143326
0.174916
0.202263
0.222031
0.147198
0.165487
0.218742
0.179337
0.235963
0.174734
0.200592
0.190266
0.192676
0.206295
0.217815
0.224574
0.205379
0.184084
0.150766
0.163301
0.162568
0.194836
0.178147
0.190089
0.22146
0.169969
0.182946
0.142999
0.166571
0.165029
0.176781
0.161914
0.173662
0.199583
0.195868
0.164858
0.205575
0.207237
0.191587
0.190129
0.140999
0.139061
0.202343
0.18728
0.182749
0.206044
0.198972
0.139092
0.165497
0.154891
0.195333
0.147907
0.170871
0.192128
0.227052
0.190948
0.123347
0.150953
0.118744
0.170967
0.165044
0.233237
0.134448
0.193436
0.186927
0.169638
0.152701
0.159331
0.211303
0.188028
0.226859
0.200004
0.212096
0.148714
0.215838
0.158544
0.223986
0.235433
0.15619
0.100092
0.202043
0.218986
0.183945
0.179997
0.121204
0.164387
0.166084
0.189904
0.151645
0.235995
0.198563
0.218481
0.167447
0.150742
0.226706
0.162477
0.193981
0.158789
0.193303
0.208922
0.22389
0.209134
0.186671
0.162968
0.16909
0.220787
0.145232
0.135564
0.184958
0.175509
0.208424
0.158324
0.206701
0.120773
0.137657
0.219116
0.160446
0.181323
0.127689
0.207469
0.175501
0.12032
0.198593
0.175668
0.183278
0.174728
0.186455
0.238736
0.198658
0.177678
0.186859
0.183351
0.19257
0.149314
0.157497
0.199692
0.173448
0.194044
0.220319
0.185277
0.17905
0.225603
0.188356
0.180908
0.193956
0.150312
0.216008
0.126775
0.170754
0.200548
0.14273
0.116719
0.175361
0.19251
0.137296
0.121821
0.218463
0.179304
0.176616
0.171022
0.166149
0.19057
0.169078
0.2185
0.169807
0.169144
0.123485
0.200976
0.165296
0.132041
0.202023
0.200127
0.139886
0.141832
0.160558
0.155184
0.161697
0.146552
0.14534
0.222833
0.224068
0.133503
0.182299
0.146916
0.178203
0.156291
0.126076
0.181502
0.135237
0.18301
0.165996
0.166138
0.159892
0.181738
0.205577
0.226247
0.160475
0.118098
0.193705
0.191171
0.191401
0.201995
0.150557
0.206656
0.221719
0.160122
0.151944
0.195271
0.131965
0.130695
0.198084
0.192158
0.103111
0.209947
0.206446
0.175672
0.135863
0.224695
0.210247
0.137635
0.154655
0.180199
0.19768
0.122332
0.161182
0.184757
0.232757
0.175408
0.194572
0.145024
0.144943
0.188015
0.178005
0.181522
0.203502
0.111078
0.240762
0.18597
0.138788
0.148111
0.141772
0.165085
0.148097
0.17729
0.214697
0.168553
0.218473
0.16226
0.214081
0.235385
0.138195
0.133953
0.164829
0.146104
0.168214
0.122532
0.170115
0.149216
0.200792
0.153803
0.143885
0.180379
0.207655
0.1892
0.140173
0.154233
0.144944
0.189938
0.187515
0.183026
0.147805
0.185962
0.234885
0.204813
0.155913
0.180098
0.230537
0.232981
0.177025
0.215542
0.201182
0.117439
0.191223
0.176239
0.211291
0.238174
0.205336
0.183568
0.207444
0.162388
0.185
0.16961
0.182376
0.136361
0.152139
0.181756
0.211808
0.179706
0.152989
0.163136
0.203745
0.142975
0.230629
0.143683
0.200204
0.186879
0.156269
0.153177
0.162639
0.200778
0.180125
0.18697
0.168613
0.162089
0.163493
0.154171
0.193574
0.188094
0.174307
0.205576
0.186592
0.190199
0.222252
0.252608
0.179984
0.174191
0.126208
0.194796
0.180963
0.103264
0.149476
0.165213
0.104436
0.187704
0.142707
0.16435
0.170996
0.172973
0.17428
0.203794
0.190997
0.24892
0.183652
0.211795
0.205521
0.146578
0.135077
0.17858
0.181345
0.172071
0.218976
0.183559
0.161952
0.189048
0.176971
0.126601
0.187295
0.171958
0.150143
0.17518
0.210562
0.174307
0.143754
0.238992
0.200591
0.181156
0.189613
0.22562
0.133559
0.170829
0.209185
0.222081
0.168656
0.191423
0.207054
0.184005
0.251965
0.204979
0.219493
0.176301
0.188779
0.160923
0.177637
0.202265
0.123567
0.211074
0.197859
0.156773
0.163404
0.204942
0.148032
0.15213
0.150946
0.184021
0.122804
0.17239
0.230993
0.233843
0.1661
0.189963
0.201642
0.15428
0.215203
0.180754
0.128542
0.210274
0.205428
0.214793
0.141183
0.181408
0.191495
0.228931
0.14521
0.149858
0.191388
0.158013
0.176751
0.160027
0.205593
0.165374
0.163275
0.181467
0.157496
0.200562
0.187036
0.180047
0.180708
0.233976
0.162228
0.158466
0.151797
0.182464
0.162161
0.21025
0.177231
0.225883
0.134602
0.15011
0.164299
0.147976
0.174064
0.194792
0.169323
0.150123
0.228204
0.205804
0.176591
0.20862
0.172132
0.170851
0.161934
0.185246
0.145137
0.224158
0.187725
0.156391
0.241426
0.206211
0.188645
0.180761
0.173577
0.144487
0.128756
0.135898
0.187237
0.153297
0.211187
0.181701
0.15218
0.179352
0.187035
0.191035
0.19314
0.189347
0.184421
0.144682
0.178157
0.180246
0.15539
0.108384
0.17084
0.160091
0.145453
0.190389
0.173925
0.201673
0.151073
0.1413
0.184335
0.20992
0.208301
0.243771
0.16256
0.185293
0.143561
0.151229
0.214631
0.215308
0.155689
0.189232
0.23592
0.186161
0.163517
0.185617
0.178434
0.110522
0.247655
0.209998
0.159961
0.205457
0.151813
0.194279
0.170513
0.196036
0.167776
0.156807
0.175005
0.19492
0.190824
0.17398
0.21297
0.166636
0.167712
0.1537
0.210299
0.178625
0.135187
0.174409
0.163877
0.1758
0.212804
0.215411
0.202037
0.185865
0.173984
0.147128
0.149201
0.206374
0.189038
0.191101
0.178921
0.118008
0.170348
0.192341
0.157711
0.186988
0.134219
0.222924
0.199983
0.119249
0.114792
0.183473
0.187816
0.169934
0.140213
0.210028
0.177008
0.169523
0.145431
0.117839
0.215035
0.213668
0.154385
0.143251
0.182564
0.202726
0.200951
0.185008
0.209845
0.169975
0.163868
0.145393
0.202659
0.135928
0.13487
0.144861
0.188132
0.162386
0.193775
0.208209
0.220938
0.184017
0.172575
0.141539
0.196251
0.214858
0.119522
0.189575
0.222484
0.148995
0.184377
0.210382
0.169472
0.191613
0.238955
0.183495
0.151539
0.203199
0.188264
0.16009
0.149889
0.131758
0.185339
0.155362
0.242495
0.186293
0.212859
0.195395
0.215692
0.185092
0.181607
0.131662
0.190424
0.125383
0.201955
0.194319
0.182078
0.161975
0.17827
0.138814
0.163431
0.148454
0.107015
0.160461
0.12365
0.145521
0.218693
0.150652
0.14542
0.179022
0.145966
0.16517
0.211069
0.180236
0.124865
0.192802
0.156294
0.174355
0.156252
0.163852
0.138994
0.164421
0.157947
0.166068
0.229545
0.122063
0.181711
0.132433
0.191622
0.181498
0.207172
0.173803
0.146438
0.187938
0.194597
0.165336
0.219235
0.15277
0.142619
0.152554
0.144745
0.142334
0.129039
0.173003
0.16946
0.210472
0.177463
0.158253
0.161167
0.212011
0.195313
0.14674
0.162128
0.134815
0.146447
0.182383
0.205049
0.15953
0.152635
0.179789
0.172377
0.121058
0.228285
0.142034
0.21658
0.190145
0.127936
0.160724
0.175159
0.227867
0.173848
0.212718
0.217968
0.200692
0.174105
0.147091
0.16526
0.125568
0.232922
0.135251
0.20835
0.161541
0.158261
0.23357
0.192962
0.193492
0.215846
0.161576
0.145021
0.237028
0.179651
0.18585
0.186046
0.219463
0.152626
0.222756
0.180091
0.13531
0.188247
0.148263
0.149426
0.239136
0.179663
0.192529
0.18308
0.188274
0.172642
0.248883
0.204031
0.224711
0.175708
0.115022
0.169129
0.138385
0.133795
0.178538
0.142939
0.19238
0.191716
0.151386
0.165965
0.158162
0.159429
0.152641
0.155183
0.132801
0.174278
0.160409
0.20756
0.178764
0.157884
0.176018
0.234801
0.178262
0.173424
0.14673
0.194342
0.128804
0.151151
0.190505
0.16621
0.232977
0.137872
0.202333
0.152405
0.186711
0.166243
0.236973
0.147759
0.161011
0.172468
0.142452
0.179156
0.116997
0.164654
0.143895
0.189318
0.156832
0.132569
0.169694
0.171214
0.134656
0.218728
0.181642
0.145581
0.17464
0.221128
0.142215
0.166736
0.169429
0.164407
0.15435
0.188713
0.188801
0.177391
0.168749
0.17119
0.161668
0.16625
0.149484
0.151296
0.17895
0.167796
0.160442
0.191059
0.207459
0.152669
0.18438
0.183486
0.161944
0.196373
0.2399
0.192826
0.145226
0.216883
0.180014
0.187409
0.2169
0.193543
0.186759
0.159405
0.144842
0.213894
0.193459
0.138055
0.176683
0.128527
0.180047
0.15777
0.185212
0.134237
0.148336
0.162471
0.195326
0.228794
0.202329
0.180966
0.172615
0.229201
0.21756
0.20726
0.22379
0.193021
0.158285
0.244546
0.186561
0.171631
0.141808
0.179514
0.185204
0.231112
0.155377
0.11931
0.163585
0.193711
0.199906
0.216473
0.158501
0.169956
0.245321
0.163291
0.158119
0.168751
0.208598
0.179789
0.197522
0.168855
0.162218
0.169319
0.169626
0.21368
0.151292
0.196726
0.153029
0.177064
0.136373
0.142031
0.130571
0.189855
0.210424
0.236422
0.174513
0.168133
0.120966
0.140676
0.197239
0.177078
0.110358
0.137953
0.188719
0.218704
0.198882
0.140589
0.185224
0.202643
0.157557
0.178838
0.18932
0.155416
0.219598
0.210627
0.175015
0.205381
0.140593
0.206034
0.133055
0.202261
0.194962
0.176185
0.183422
0.228925
0.178498
0.186241
0.16684
0.171744
0.162724
0.150003
0.162257
0.2186
0.142976
0.207148
0.194741
0.167067
0.195547
0.135374
0.140964
0.194173
0.122831
0.178425
0.187152
0.170155
0.155486
0.198269
0.173823
0.219214
0.183909
0.158586
0.212049
0.194856
0.20555
0.226205
0.239303
0.193453
0.178368
0.15321
0.166076
0.169716
0.195539
0.19559
0.189877
0.171293
0.145668
0.196222
0.179673
0.196698
0.17368
0.108034
0.187123
0.196293
0.195572
0.194945
0.142717
0.207402
0.126701
0.190149
0.213798
0.163435
0.148331
0.249388
0.152505
0.137117
0.207517
0.184208
0.227062
0.156394
0.147408
0.161103
0.209131
0.232466
0.240983
0.179986
0.236137
0.159083
0.140047
0.126477
0.163062
0.194971
0.13216
0.202071
0.145466
0.151434
0.19177
0.178719
0.18343
0.157108
0.125676
0.142034
0.159415
0.142281
0.179361
0.197814
0.176
0.153719
0.210677
0.203947
0.182923
0.172426
0.17522
0.171036
0.210407
0.163837
0.169351
0.199271
0.215161
0.240197
0.164784
0.143245
0.172699
0.11702
0.185367
0.190148
0.198498
0.142959
0.175036
0.212518
0.151192
0.156888
0.168469
0.162319
0.121366
0.209959
0.220545
0.105251
0.113368
0.233714
0.147829
0.144716
0.187266
0.156755
0.136261
0.190775
0.143081
0.158019
0.169664
0.137574
0.215496
0.142061
0.182039
0.18285
0.182518
0.21011
0.23162
0.192607
0.136559
0.158986
0.177775
0.178638
0.208322
0.165615
0.154905
0.156376
0.152092
0.145608
0.159711
0.221744
0.212842
0.159818
0.124021
0.177556
0.145206
0.135696
0.166589
0.146881
0.213557
0.16444
0.201544
0.170231
0.216555
0.151857
0.136157
0.155107
0.161805
0.199116
0.171236
0.181978
0.190698
0.152816
0.176513
0.181334
0.179265
0.121256
0.116494
0.197783
0.149147
0.155737
0.178619
0.172313
0.191004
0.18722
0.181881
0.236975
0.217413
0.197708
0.179611
0.138125
0.186324
0.170241
0.185499
0.151283
0.165832
0.168119
0.164517
0.180404
0.119001
0.231873
0.109356
0.174086
0.176862
0.171572
0.186746
0.188128
0.154142
0.206335
0.169136
0.180634
0.150126
0.135914
0.215381
0.171479
0.170777
0.199331
0.189213
0.219234
0.167758
0.17592
0.220923
0.153515
0.177759
0.13995
0.172125
0.179125
0.192792
0.161112
0.196997
0.127341
0.103564
0.211957
0.189232
0.225275
0.20868
0.169704
0.123883
0.217552
0.160244
0.136759
0.160588
0.140951
0.167957
0.193665
0.121869
0.216371
0.229704
0.184807
0.184884
0.188039
0.190953
0.193301
0.168375
0.170183
0.145248
0.151831
0.161941
0.185548
0.260024
0.178187
0.176354
0.21354
0.2187
0.218884
0.12921
0.177389
0.15495
0.187211
0.216634
0.15633
0.155719
0.165206
0.217411
0.214644
0.171382
0.150289
0.137535
0.163267
0.160415
0.165735
0.161015
0.198959
0.18799
0.219845
0.17405
0.152
0.227284
0.183832
0.227732
0.202979
0.162118
0.166371
0.182466
0.15194
0.123311
0.146409
0.193155
0.16415
0.162142
0.146305
0.199874
0.179794
0.146826
0.153221
0.189656
0.184448
0.164346
0.225264
0.177348
0.20186
0.163884
0.146658
0.118296
0.168737
0.160018
0.14685
0.134612
0.170694
0.201273
0.14954
0.175104
0.178536
0.133441
0.154546
0.160447
0.143259
0.184503
0.17807
0.201629
0.178957
0.161826
0.228754
0.110439
0.165142
0.212182
0.196398
0.189902
0.219629
0.194814
0.158239
0.162587
0.201141
0.234211
0.133871
0.199787
0.157055
0.129425
0.193184
0.262827
0.162103
0.161599
0.161713
0.158086
0.138121
0.167526
0.199392
0.158826
0.184058
0.116976
0.170549
0.135754
0.173067
0.118992
0.189148
0.126001
0.173045
0.196063
0.153014
0.175864
0.154447
0.171563
0.206563
0.159145
0.21482
0.194078
0.179077
0.17219
0.216408
0.118396
0.117068
0.108694
0.164767
0.10693
0.110356
0.166484
0.169567
0.17
0.201817
0.194321
0.133874
0.240271
0.162058
0.17215
0.137047
0.150159
0.240824
0.218507
0.177408
0.229231
0.112254
0.146351
0.153137
0.23951
0.182827
0.142706
0.172382
0.220225
0.229602
0.210001
0.173513
0.16052
0.203673
0.15476
0.130062
0.179923
0.157735
0.162092
0.108907
0.134375
0.174763
0.196646
0.196952
0.176809
0.167201
0.133174
0.139448
0.180511
0.216915
0.187954
0.161476
0.157251
0.224714
0.201443
0.219655
0.20253
0.217547
0.152657
0.138672
0.14304
0.147094
0.227313
0.205359
0.178744
0.225611
0.152997
0.143041
0.258018
0.184897
0.146914
0.129489
0.21053
0.190939
0.168894
0.14739
0.195221
0.144509
0.157903
0.125665
0.179731
0.219011
0.131378
0.162623
0.142776
0.177789
0.164
0.132725
0.134393
0.173681
0.212856
0.200213
0.169645
0.19502
0.166195
0.132203
0.136555
0.125665
0.162121
0.216961
0.130891
0.194752
0.193809
0.192287
0.221027
0.168177
0.151082
0.168047
0.161255
0.148752
0.140758
0.166254
0.205759
0.190582
0.192024
0.216992
0.158973
0.19385
0.24999
0.170016
0.205411
0.171104
0.197952
0.124114
0.193364
0.215718
0.162673
0.142239
0.181762
0.228059
0.142838
0.176784
0.192059
0.188541
0.155304
0.19916
0.18655
0.167909
0.147368
0.210853
0.198085
0.159201
0.157044
0.165235
0.211524
0.138512
0.151913
0.153288
0.179475
0.195673
0.208955
0.194683
0.149315
0.163243
0.17568
0.124912
0.151982
0.199716
0.148511
0.206977
0.142988
0.173262
0.174263
0.16649
0.169089
0.145833
0.123534
0.101428
0.210054
0.1737
0.191835
0.216635
0.188292
0.169554
0.155157
0.152156
0.171616
0.188343
0.172997
0.16872
0.182622
0.159973
0.236577
0.197744
0.154309
0.157256
0.162849
0.155681
0.188646
0.156475
0.15324
0.241165
0.205002
0.136956
0.185172
0.169468
0.143923
0.155585
0.197277
0.146261
0.188566
0.196849
0.199321
0.167947
0.14536
0.174227
0.157193
0.228837
0.221331
0.13016
0.172834
0.21605
0.178764
0.161876
0.231778
0.211154
0.180801
0.149786
0.233112
0.189713
0.22404
0.156044
0.145722
0.188226
0.163979
0.169416
0.206913
0.14116
0.110195
0.11875
0.153473
0.205311
0.152959
0.155088
0.173698
0.151344
0.158027
0.188336
0.180086
0.231148
0.157165
0.14737
0.194421
0.173144
0.212485
0.136386
0.205073
0.149577
0.213653
0.219244
0.182224
0.202237
0.150501
0.145377
0.132049
0.106525
0.199243
0.192245
0.171648
0.154946
0.136103
0.176409
0.164995
0.18477
0.214691
0.177455
0.1839
0.173727
0.195666
0.176274
0.12751
0.123394
0.205066
0.136081
0.159045
0.1545
0.232517
0.229112
0.162004
0.16532
0.189845
0.143433
0.183722
0.168137
0.222455
0.138529
0.186218
0.184583
0.172206
0.131644
0.188304
0.157584
0.166645
0.182975
0.16608
0.127741
0.151151
0.17318
0.18146
0.187935
0.121344
0.137205
0.246394
0.178568
0.223094
0.188132
0.157508
0.173069
0.181708
0.222467
0.155038
0.189769
0.174244
0.132471
0.171408
0.227029
0.135683
0.212489
0.223853
0.179093
0.188926
0.166956
0.220784
0.163615
0.164891
0.202022
0.240562
0.197445
0.186993
0.216646
0.155233
0.170933
0.154577
0.111772
0.151008
0.195479
0.172668
0.250171
0.181602
0.14571
0.202506
0.144578
0.174446
0.214948
0.179014
0.189391
0.203042
0.189414
0.138519
0.163302
0.198305
0.164854
0.206473
0.172751
0.119993
0.225245
0.156191
0.138778
0.117703
0.147772
0.144451
0.190661
0.198568
0.166304
0.13687
0.140599
0.205825
0.18274
0.178364
0.127702
0.160201
0.182767
0.216141
0.134871
0.137222
0.204729
0.173607
0.139936
0.124919
0.217051
0.147156
0.186235
0.165344
0.19254
0.157743
0.216739
0.169781
0.177558
0.231621
0.255374
0.180428
0.173657
0.23893
0.210484
0.18826
0.204861
0.189435
0.13265
0.16881
0.180071
0.153551
0.147399
0.148038
0.13729
0.191741
0.210351
0.219223
0.131336
0.153022
0.155606
0.140144
0.135616
0.152777
0.203086
0.192712
0.142502
0.123433
0.182096
0.168974
0.225808
0.145187
0.175635
0.155713
0.180747
0.199812
0.164282
0.191088
0.08303
0.18642
0.187218
0.205997
0.183168
0.169374
0.198208
0.224442
0.170966
0.154473
0.190103
0.217169
0.178977
0.188059
0.11648
0.181566
0.144564
0.189784
0.162469
0.183421
0.146758
0.147937
0.167138
0.186793
0.11691
0.190753
0.144421
0.16209
0.130473
0.133849
0.195961
0.147652
0.169347
0.190457
0.20586
0.136781
0.136158
0.182828
0.192664
0.134406
0.183792
0.189447
0.237949
0.208734
0.120644
0.188908
0.198702
0.15941
0.103778
0.11062
0.165002
0.170437
0.186305
0.161747
0.168763
0.170148
0.162346
0.221399
0.135842
0.170301
0.190076
0.19059
0.181931
0.206994
0.155652
0.157891
0.203294
0.206799
0.15375
0.127649
0.17195
0.123676
0.150794
0.210679
0.145115
0.135964
0.146804
0.155073
0.173776
0.16611
0.180603
0.16517
0.175485
0.20411
0.166118
0.205516
0.191562
0.180451
0.140629
0.231837
0.178852
0.127455
0.14715
0.186459
0.166244
0.169755
0.214574
0.149127
0.154859
0.198513
0.201714
0.215214
0.159621
0.164416
0.204623
0.1723
0.17508
0.147874
0.135567
0.182763
0.190204
0.126157
0.198728
0.168614
0.202935
0.177299
0.180009
0.138237
0.185929
0.19238
0.166495
0.210145
0.162305
0.20443
0.166319
0.214033
0.209442
0.13587
0.15229
0.166336
0.12777
0.169636
0.199772
0.166683
0.18213
0.170841
0.159818
0.184462
0.166636
0.178474
0.144079
0.192033
0.154558
0.201531
0.162627
0.188677
0.168663
0.225837
0.138682
0.220032
0.15595
0.194633
0.125977
0.169338
0.195822
0.172262
0.140066
0.173561
0.15384
0.153507
0.143641
0.137508
0.191741
0.116629
0.177502
0.223302
0.195186
0.218579
0.14892
0.198703
0.165165
0.141737
0.138776
0.158239
0.156975
0.178248
0.154888
0.137913
0.152529
0.154616
0.15606
0.147452
0.238965
0.125463
0.203985
0.144918
0.179517
0.199948
0.140359
0.125641
0.169628
0.181363
0.135003
0.209906
0.16505
0.192048
0.147027
0.180599
0.171657
0.182057
0.130266
0.180321
0.163259
0.161402
0.194849
0.189715
0.170095
0.168416
0.190373
0.235045
0.182662
0.190595
0.153964
0.163858
0.183137
0.205793
0.138453
0.176612
0.177455
0.159636
0.166659
0.160923
0.159044
0.21406
0.152578
0.181586
0.140388
0.116279
0.184955
0.155848
0.145533
0.173818
0.142276
0.207249
0.164609
0.151285
0.173033
0.172658
0.164559
0.170993
0.191945
0.147083
0.193954
0.112386
0.164806
0.176935
0.187872
0.222749
0.202372
0.125731
0.138926
0.162558
0.199538
0.1747
0.161651
0.164619
0.159964
0.146494
0.198155
0.172322
0.151015
0.157168
0.20458
0.129321
0.131881
0.163299
0.133075
0.167293
0.14102
0.196453
0.141687
0.156687
0.167895
0.160922
0.121666
0.151254
0.222366
0.163586
0.222836
0.215805
0.15109
0.115676
0.210783
0.117055
0.154385
0.145947
0.179872
0.194726
0.128231
0.145913
0.235609
0.193679
0.17428
0.155641
0.124252
0.119244
0.174844
0.170999
0.139318
0.176701
0.173649
0.170176
0.193165
0.199923
0.165741
0.160449
0.165611
0.169213
0.170973
0.11925
0.154088
0.187143
0.143608
0.184616
0.153503
0.212098
0.187365
0.188407
0.191897
0.209151
0.12126
0.151795
0.182523
0.127548
0.196554
0.230036
0.155849
0.14524
0.169226
0.229723
0.168419
0.140653
0.128079
0.147934
0.144964
0.133767
0.187025
0.156284
0.165819
0.180939
0.16813
0.20519
0.146872
0.176987
0.12837
0.148025
0.154669
0.164997
0.233129
0.151554
0.190726
0.201785
0.132188
0.179674
0.122292
0.178298
0.235797
0.179287
0.201632
0.205917
0.150547
0.171383
0.223189
0.171881
0.178545
0.210937
0.191831
0.158636
0.201725
0.187558
0.167642
0.196378
0.128873
0.178783
0.149928
0.174536
0.154913
0.165851
0.179319
0.170256
0.238129
0.16628
0.131852
0.180157
0.171491
0.184919
0.232875
0.212224
0.20064
0.126866
0.167994
0.184203
0.174963
0.135739
0.153378
0.185521
0.203993
0.217027
0.177905
0.171682
0.152992
0.167134
0.181777
0.156213
0.174148
0.143527
0.149959
0.182084
0.19022
0.172338
0.221128
0.230543
0.14368
0.135165
0.115132
0.163745
0.157643
0.150507
0.162884
0.186359
0.217108
0.116132
0.210028
0.11477
0.208451
0.169968
0.148499
0.141134
0.195775
0.211733
0.16902
0.198889
0.151769
0.156244
0.171943
0.124181
0.183445
0.142265
0.201084
0.206486
0.140688
0.133846
0.207622
0.132977
0.22424
0.176667
0.162875
0.193829
0.14197
0.143509
0.188366
0.194902
0.111379
0.137773
0.159078
0.174457
0.172897
0.145197
0.141677
0.210275
0.155224
0.22955
0.21608
0.193574
0.190237
0.171552
0.133473
0.161342
0.156177
0.245751
0.149551
0.145074
0.158079
0.216653
0.123045
0.186917
0.196694
0.159974
0.157134
0.218011
0.216986
0.161215
0.153368
0.195454
0.188665
0.153715
0.149947
0.18252
0.162973
0.210914
0.1201
0.126218
0.2376
0.163947
0.156036
0.151121
0.146105
0.174155
0.157242
0.198281
0.176868
0.191442
0.163403
0.160601
0.17243
0.166258
0.174921
0.171224
0.185264
0.152442
0.215522
0.188448
0.183324
0.18641
0.123803
0.224272
0.176497
0.134159
0.181761
0.194265
0.231819
0.225805
0.143509
0.241741
0.146241
0.129708
0.155546
0.182549
0.168898
0.167524
0.222958
0.202977
0.127099
0.154918
0.165745
0.193846
0.165782
0.150975
0.176616
0.143265
0.202247
0.133776
0.164904
0.167125
0.188239
0.205968
0.134201
0.198331
0.167267
0.16006
0.126512
0.150396
0.154209
0.200177
0.188589
0.150044
0.14379
0.18463
0.240263
0.156147
0.164707
0.175241
0.185583
0.152142
0.137131
0.16747
0.144719
0.169993
0.174612
0.173676
0.134103
0.160289
0.173225
0.181562
0.136431
0.209251
0.203155
0.159439
0.154994
0.18513
0.164111
0.212068
0.1322
0.180253
0.201512
0.186234
0.128867
0.12117
0.170129
0.191505
0.176538
0.112703
0.189637
0.185988
0.181163
0.221067
0.136632
0.189619
0.234225
0.167094
0.157488
0.151836
0.185202
0.161536
0.188307
0.135519
0.158407
0.138177
0.135245
0.152189
0.197965
0.173596
0.169145
0.177079
0.167311
0.168938
0.172001
0.186565
0.101693
0.188607
0.171343
0.204129
0.132965
0.150588
0.132818
0.16188
0.155663
0.159365
0.156066
0.205078
0.154969
0.16519
0.115848
0.15675
0.160563
0.247966
0.132046
0.145244
0.16324
0.172419
0.108077
0.160366
0.160363
0.220018
0.174487
0.188359
0.200669
0.163421
0.169649
0.119433
0.202129
0.204469
0.164923
0.209518
0.13428
0.209717
0.176068
0.141352
0.155236
0.176353
0.175163
0.116998
0.11264
0.193768
0.177286
0.15939
0.181826
0.182833
0.161535
0.184597
0.225391
0.189714
0.137619
0.2083
0.23261
0.145608
0.170137
0.108921
0.141754
0.176896
0.150702
0.169492
0.231625
0.183936
0.112658
0.120765
0.125477
0.168853
0.153286
0.1139
0.179434
0.170056
0.190678
0.17459
0.149919
0.228909
0.195915
0.203587
0.131755
0.164854
0.134054
0.154205
0.142183
0.130303
0.168525
0.230661
0.176862
0.212165
0.162224
0.176211
0.177721
0.1546
0.216952
0.155199
0.169344
0.159659
0.168539
0.154149
0.178754
0.11941
0.126346
0.139263
0.216962
0.171788
0.166526
0.157525
0.176793
0.147421
0.181464
0.133335
0.191515
0.173071
0.194627
0.219823
0.188619
0.139196
0.155306
0.149602
0.166584
0.175787
0.185921
0.163366
0.173542
0.223109
0.162382
0.249183
0.22132
0.163342
0.140484
0.146559
0.15973
0.146955
0.151663
0.133482
0.17285
0.185756
0.145731
0.177249
0.175535
0.15357
0.117678
0.138707
0.142286
0.180756
0.150264
0.142543
0.197011
0.132676
0.114801
0.175562
0.147891
0.183225
0.197731
0.126671
0.13865
0.15194
0.140232
0.138019
0.202838
0.176035
0.240406
0.22529
0.214603
0.178591
0.242388
0.196782
0.153598
0.157805
0.193394
0.178206
0.184928
0.136422
0.188394
0.144414
0.14885
0.182096
0.172263
0.200972
0.19519
0.159472
0.134242
0.16643
0.168284
0.154961
0.187009
0.130452
0.195244
0.16484
0.141748
0.147288
0.17596
0.224431
0.174921
0.143003
0.144782
0.15089
0.171767
0.153557
0.177457
0.114588
0.166086
0.16054
0.134407
0.093475
0.180279
0.147418
0.129312
0.216163
0.149756
0.15394
0.210017
0.13652
0.190576
0.165376
0.187326
0.185036
0.168169
0.094126
0.201549
0.194354
0.161979
0.177108
0.158349
0.165219
0.190253
0.14842
0.181488
0.173248
0.19531
0.195182
0.181746
0.208209
0.123896
0.176742
0.146611
0.206671
0.19777
0.183637
0.132911
0.201325
0.155672
0.132058
0.170768
0.186757
0.144011
0.233975
0.155516
0.193706
0.153121
0.20508
0.146918
0.165378
0.14445
0.192446
0.179845
0.145378
0.143473
0.153355
0.167611
0.145883
0.165863
0.165824
0.169665
0.163089
0.156687
0.185363
0.148777
0.164413
0.174579
0.19308
0.141132
0.150341
0.213976
0.229567
0.229355
0.149788
0.195039
0.154527
0.170464
0.174578
0.125152
0.148273
0.185431
0.202465
0.124824
0.152321
0.168857
0.211933
0.155957
0.172179
0.172985
0.214796
0.197497
0.153293
0.135578
0.174822
0.121442
0.179951
0.14292
0.185362
0.164854
0.199906
0.176784
0.126384
0.146785
0.190612
0.125083
0.167717
0.141929
0.191791
0.163755
0.184644
0.148953
0.197681
0.114297
0.184214
0.142401
0.123575
0.15338
0.163221
0.173676
0.169505
0.181852
0.199823
0.158009
0.160475
0.134027
0.18599
0.136682
0.12819
0.192692
0.164352
0.201551
0.218322
0.200736
0.148499
0.164769
0.196962
0.171429
0.208297
0.172054
0.181521
0.197389
0.190238
0.144313
0.179903
0.167854
0.136095
0.138151
0.16483
0.159676
0.216811
0.180076
0.203863
0.147919
0.173008
0.124523
0.20516
0.172668
0.220128
0.180722
0.22894
0.154767
0.134514
0.179621
0.113127
0.196901
0.16726
0.176575
0.231115
0.183056
0.152599
0.170229
0.151191
0.177644
0.188622
0.187215
0.209755
0.145588
0.215735
0.221815
0.162427
0.167573
0.132724
0.138761
0.196053
0.139989
0.134376
0.163297
0.152179
0.164998
0.159821
0.18073
0.204277
0.138273
0.164635
0.124485
0.177664
0.146339
0.123034
0.200569
0.175197
0.130888
0.164325
0.146431
0.169708
0.221471
0.147159
0.221196
0.176679
0.170773
0.212765
0.102561
0.165971
0.138227
0.153005
0.122953
0.155686
0.17659
0.14279
0.15089
0.130188
0.189375
0.179916
0.199524
0.12756
0.167546
0.23263
0.139939
0.208406
0.188078
0.155719
0.209737
0.188682
0.167667
0.191912
0.165261
0.143553
0.166464
0.135624
0.093512
0.197442
0.155927
0.129717
0.117243
0.125941
0.140975
0.117807
0.194117
0.186034
0.179016
0.187781
0.157987
0.169138
0.149207
0.163973
0.113348
0.127128
0.121143
0.166963
0.201712
0.115972
0.151057
0.203181
0.177985
0.133627
0.151031
0.210507
0.15725
0.131704
0.120693
0.187218
0.176659
0.245756
0.146643
0.210104
0.174185
0.146136
0.14901
0.178012
0.154046
0.204982
0.159361
0.217751
0.187591
0.191462
0.215584
0.181617
0.141493
0.145127
0.210817
0.125869
0.123463
0.168495
0.171844
0.157338
0.15396
0.169474
0.146014
0.18973
0.155023
0.226997
0.159399
0.126724
0.140058
0.139689
0.155391
0.14191
0.163036
0.180116
0.202214
0.226226
0.122714
0.189495
0.166329
0.166991
0.171347
0.159546
0.183778
0.157366
0.127942
0.15159
0.181969
0.169491
0.171858
0.135285
0.138889
0.128971
0.202754
0.207049
0.156801
0.148383
0.15221
0.172859
0.164005
0.185258
0.157808
0.14167
0.180461
0.117728
0.202309
0.205404
0.162604
0.14111
0.171399
0.152374
0.171727
0.200773
0.193195
0.161329
0.165442
0.112333
0.198177
0.185218
0.157028
0.206438
0.180312
0.174757
0.17392
0.16635
0.210224
0.165257
0.193701
0.156926
0.211006
0.205712
0.170293
0.168383
0.207286
0.135396
0.202266
0.17119
0.230685
0.15403
0.165867
0.116458
0.211793
0.143023
0.160485
0.218757
0.223057
0.188419
0.165369
0.150561
0.195169
0.125593
0.130751
0.171095
0.131757
0.149589
0.169184
0.153214
0.140021
0.162881
0.154571
0.110533
0.192947
0.152804
0.151983
0.18142
0.173355
0.184573
0.186583
0.204367
0.141286
0.211624
0.180562
0.163019
0.219688
0.138656
0.222496
0.180566
0.245127
0.181679
0.155712
0.142458
0.164154
0.17863
0.163432
0.154004
0.176613
0.177097
0.211799
0.182744
0.160012
0.146397
0.220784
0.157968
0.158361
0.175421
0.156785
0.151148
0.158984
0.126426
0.153234
0.224796
0.145862
0.137721
0.170419
0.162059
0.146959
0.16174
0.167416
0.178879
0.138007
0.202605
0.152912
0.20523
0.20655
0.139575
0.133933
0.18112
0.092179
0.129005
0.208006
0.131648
0.150531
0.164399
0.155274
0.151941
0.144889
0.187708
0.220473
0.149608
0.116852
0.1478
0.166032
0.20237
0.157313
0.142595
0.16771
0.191625
0.116227
0.178961
0.261402
0.171136
0.166702
0.205106
0.181946
0.160748
0.222787
0.180064
0.11607
0.169404
0.186728
0.122515
0.15576
0.164103
0.147414
0.157116
0.178396
0.192838
0.210781
0.13265
0.187943
0.139838
0.15579
0.12734
0.177151
0.217308
0.177118
0.1939
0.144024
0.234479
0.188467
0.153493
0.099897
0.184386
0.132176
0.156702
0.145844
0.211242
0.193988
0.125014
0.181834
0.174111
0.165715
0.167675
0.171172
0.213338
0.189827
0.17442
0.129294
0.148791
0.149274
0.120797
0.208277
0.169487
0.193483
0.132237
0.150301
0.155343
0.110932
0.143287
0.159439
0.159678
0.192823
0.154917
0.095889
0.173772
0.160944
0.154144
0.20327
0.183143
0.172292
0.175752
0.239504
0.145846
0.181491
0.182737
0.163542
0.14246
0.137418
0.138779
0.122629
0.157301
0.178474
0.134111
0.168156
0.175483
0.169648
0.201321
0.142797
0.147673
0.173044
0.194241
0.192073
0.240523
0.165858
0.194683
0.137195
0.155929
0.166334
0.179373
0.154595
0.18177
0.170161
0.17576
0.166909
0.201323
0.203297
0.111197
0.121018
0.141391
0.150391
0.188865
0.162088
0.140025
0.191936
0.116802
0.210768
0.214558
0.172918
0.164205
0.144013
0.190589
0.168748
0.14751
0.126634
0.144279
0.149251
0.159971
0.147364
0.157791
0.187882
0.182861
0.18393
0.122362
0.185466
0.161825
0.164242
0.140935
0.139692
0.125326
0.13607
0.185882
0.159075
0.150022
0.174778
0.158729
0.136344
0.166647
0.187117
0.204796
0.19504
0.162418
0.157487
0.156704
0.184897
0.166785
0.216269
0.194093
0.132767
0.147966
0.201282
0.168407
0.230767
0.127589
0.167162
0.206953
0.18201
0.17007
0.178924
0.176703
0.159234
0.125441
0.155077
0.162509
0.170956
0.110326
0.124979
0.156939
0.216507
0.197993
0.172978
0.183133
0.174352
0.179228
0.182882
0.198109
0.179574
0.150561
0.151737
0.213399
0.128088
0.210978
0.171093
0.186534
0.105741
0.166886
0.145052
0.1902
0.175106
0.17199
0.144663
0.160514
0.198319
0.191116
0.202905
0.119756
0.156757
0.212538
0.162701
0.150429
0.153345
0.208729
0.182168
0.165771
0.211723
0.181132
0.149784
0.149069
0.214659
0.187435
0.169474
0.157171
0.152595
0.14086
0.147497
0.155653
0.17107
0.131144
0.166198
0.180506
0.173372
0.147843
0.114834
0.17418
0.180265
0.115881
0.153629
0.209782
0.189363
0.214669
0.141612
0.146407
0.210255
0.148684
0.143198
0.158769
0.151562
0.153698
0.123572
0.168568
0.151949
0.161062
0.172473
0.170985
0.137254
0.156288
0.173529
0.197834
0.191613
0.198742
0.160158
0.093187
0.145281
0.166157
0.142518
0.160926
0.155961
0.175605
0.128698
0.153625
0.15949
0.17817
0.162095
0.144954
0.173703
0.201886
0.153214
0.168848
0.174526
0.193804
0.142891
0.141673
0.131296
0.170203
0.132544
0.181534
0.177939
0.157788
0.225616
0.170368
0.148954
0.140431
0.166117
0.188815
0.188997
0.165382
0.122142
0.170493
0.129578
0.144351
0.157333
0.161314
0.149272
0.175992
0.136856
0.162794
0.141208
0.130689
0.201913
0.153581
0.218471
0.178741
0.174848
0.151513
0.150685
0.222279
0.13001
0.126828
0.197717
0.164975
0.131468
0.172332
0.171093
0.201166
0.214304
0.141446
0.174032
0.120235
0.117057
0.135867
0.184454
0.192364
0.175
0.160487
0.188555
0.183817
0.200684
0.188281
0.166211
0.193327
0.190989
0.168222
0.182861
0.21931
0.218017
0.183775
0.196004
0.173867
0.113229
0.183098
0.11697
0.228269
0.162896
0.201154
0.113573
0.169112
0.172102
0.159122
0.182757
0.137975
0.181194
0.174147
0.135268
0.229375
0.122937
0.153991
0.183125
0.167857
0.166745
0.166329
0.178282
0.138748
0.16433
0.183848
0.141803
0.16158
0.190125
0.180286
0.149099
0.145355
0.20465
0.184756
0.164451
0.192587
0.163999
0.19075
0.146752
0.145305
0.210937
0.12318
0.182088
0.160254
0.156455
0.16041
0.18706
0.220401
0.175146
0.134589
0.153902
0.153108
0.147514
0.126265
0.181185
0.135504
0.229484
0.148728
0.158316
0.172623
0.165965
0.120963
0.193035
0.123472
0.183728
0.18804
0.210996
0.167277
0.217357
0.204364
0.190459
0.221931
0.143455
0.131027
0.176689
0.160487
0.143932
0.223601
0.168512
0.138104
0.153766
0.190397
0.118218
0.244342
0.149823
0.194819
0.15952
0.17105
0.12628
0.201679
0.141116
0.200697
0.162503
0.240291
0.133379
0.154781
0.205092
0.194538
0.126316
0.138452
0.182228
0.167009
0.164586
0.144852
0.131553
0.231
0.143611
0.174198
0.143414
0.183403
0.195759
0.170964
0.183427
0.193457
0.121571
0.184564
0.168861
0.155626
0.190824
0.233829
0.151978
0.126457
0.207487
0.140359
0.223804
0.121306
0.169271
0.153223
0.151757
0.166937
0.181694
0.126493
0.122221
0.215164
0.195903
0.205512
0.144834
0.18477
0.140257
0.145585
0.147392
0.161594
0.214549
0.172957
0.179758
0.167116
0.168825
0.15422
0.233191
0.160306
0.187503
0.179334
0.18472
0.178802
0.179966
0.145982
0.160121
0.178801
0.191304
0.172504
0.210131
0.194344
0.161747
0.159502
0.217899
0.134764
0.138771
0.130912
0.152077
0.160282
0.136882
0.161249
0.163864
0.169671
0.129112
0.170098
0.173615
0.130966
0.175946
0.183001
0.176927
0.172436
0.201172
0.159315
0.164535
0.160007
0.187669
0.15477
0.174168
0.158151
0.143242
0.141181
0.161504
0.157002
0.183222
0.183597
0.139305
0.154971
0.151004
0.204579
0.162094
0.113995
0.200972
0.151516
0.160627
0.183574
0.145053
0.199449
0.196846
0.153688
0.128774
0.168772
0.188733
0.211197
0.13931
0.18253
0.219631
0.169749
0.173025
0.124437
0.156446
0.169371
0.158826
0.182733
0.191274
0.156467
0.151509
0.123443
0.184966
0.165727
0.155336
0.202208
0.174276
0.133067
0.128827
0.160402
0.160296
0.144403
0.157949
0.171362
0.186243
0.157063
0.170361
0.17276
0.178683
0.175692
0.166065
0.16689
0.185003
0.147088
0.153724
0.143116
0.159363
0.161727
0.140152
0.203086
0.201681
0.185001
0.152422
0.15379
0.179372
0.132175
0.155396
0.141662
0.146568
0.19173
0.130387
0.16765
0.206696
0.190672
0.182132
0.164403
0.180595
0.15995
0.123293
0.146776
0.129943
0.153158
0.141529
0.2156
0.195758
0.18406
0.148339
0.200159
0.143974
0.157866
0.129635
0.129134
0.176214
0.183876
0.183977
0.14072
0.153169
0.177326
0.147656
0.152578
0.152447
0.164335
0.150448
0.146491
0.200381
0.1493
0.208803
0.129138
0.179109
0.17611
0.147371
0.189215
0.198064
0.152247
0.157
0.137839
0.136927
0.177346
0.188268
0.145577
0.162613
0.117952
0.191493
0.167941
0.143695
0.12059
0.214237
0.156632
0.134392
0.143913
0.177194
0.141097
0.198137
0.133302
0.131982
0.161977
0.199188
0.126728
0.185007
0.154716
0.201315
0.186047
0.191792
0.145957
0.170365
0.197165
0.140375
0.204159
0.202513
0.158998
0.143554
0.200179
0.176985
0.111997
0.11716
0.150199
0.160621
0.149364
0.177007
0.182637
0.141437
0.155482
0.214739
0.191637
0.134394
0.134476
0.139775
0.178084
0.121374
0.163972
0.212712
0.199771
0.132779
0.181263
0.149352
0.156419
0.209626
0.175844
0.116538
0.221413
0.152847
0.153984
0.153173
0.165256
0.207822
0.169933
0.160283
0.132565
0.195407
0.209764
0.135043
0.181868
0.188682
0.188705
0.15665
0.17205
0.152657
0.177607
0.193213
0.195702
0.119381
0.162328
0.168232
0.162351
0.1568
0.16847
0.134338
0.130273
0.148093
0.137158
0.167012
0.230902
0.15746
0.163858
0.168824
0.130289
0.139207
0.160428
0.144135
0.218869
0.155107
0.196982
0.111073
0.155107
0.132365
0.143467
0.149253
0.173254
0.136972
0.154761
0.196478
0.184942
0.140355
0.160631
0.133696
0.199429
0.132402
0.151098
0.160125
0.2177
0.135973
0.155332
0.127053
0.203275
0.154854
0.164281
0.131046
0.200806
0.167853
0.159614
0.184325
0.233274
0.145822
0.155433
0.145037
0.155575
0.160633
0.128549
0.202413
0.15397
0.178511
0.184489
0.139021
0.168718
0.219953
0.167921
0.154589
0.190099
0.212856
0.196611
0.149837
0.146576
0.156632
0.216423
0.141108
0.116827
0.200699
0.138246
0.17708
0.219132
0.18103
0.20255
0.16495
0.116558
0.114617
0.116004
0.14561
0.182973
0.113711
0.16733
0.141934
0.174582
0.146691
0.168801
0.143574
0.172937
0.122838
0.196661
0.160515
0.226024
0.160498
0.19425
0.220896
0.15526
0.126761
0.174358
0.136082
0.146514
0.171687
0.142774
0.190984
0.242689
0.163776
0.131032
0.135749
0.153611
0.172556
0.128722
0.203762
0.194772
0.119457
0.153643
0.119746
0.207554
0.19287
0.154294
0.184983
0.161668
0.163514
0.151242
0.121329
0.210153
0.171752
0.14693
0.192552
0.169896
0.174166
0.166049
0.166627
0.153493
0.176891
0.159595
0.167472
0.15344
0.132172
0.16002
0.134774
0.205233
0.120752
0.114937
0.204622
0.159496
0.182321
0.167527
0.217579
0.171748
0.160268
0.167623
0.185979
0.149221
0.15404
0.11659
0.17312
0.119506
0.162202
0.132526
0.1774
0.131391
0.200802
0.132706
0.211645
0.16247
0.170451
0.138616
0.175688
0.16386
0.20787
0.23843
0.168416
0.216695
0.196776
0.172803
0.151335
0.242106
0.182652
0.142175
0.174075
0.202958
0.160291
0.211331
0.15773
0.154232
0.175816
0.17421
0.169772
0.188716
0.164423
0.157566
0.22819
0.161343
0.163156
0.085142
0.155156
0.149744
0.140822
0.145697
0.110303
0.151101
0.180763
0.102815
0.134976
0.117513
0.146086
0.164987
0.170493
0.163263
0.197925
0.186287
0.136384
0.193932
0.177832
0.145618
0.170703
0.134818
0.185162
0.182889
0.162999
0.178307
0.118631
0.130522
0.133118
0.235958
0.146678
0.120386
0.158345
0.134613
0.145698
0.15616
0.211623
0.139105
0.154492
0.153425
0.188154
0.172165
0.147291
0.176591
0.155833
0.17751
0.154983
0.139143
0.174521
0.178237
0.170689
0.155735
0.142508
0.187367
0.153432
0.203592
0.204412
0.178962
0.127094
0.201271
0.149505
0.223941
0.187183
0.160363
0.152498
0.168127
0.134896
0.158267
0.179357
0.179686
0.156336
0.154243
0.142331
0.135774
0.150152
0.174683
0.158983
0.156432
0.174332
0.123518
0.124494
0.135647
0.189602
0.154688
0.20035
0.167255
0.120741
0.169737
0.12341
0.158393
0.143908
0.160042
0.21462
0.161992
0.171727
0.190192
0.107207
0.148339
0.163533
0.116488
0.135894
0.132333
0.187838
0.244011
0.159103
0.16518
0.129661
0.235923
0.149546
0.136164
0.141602
0.225064
0.112233
0.139778
0.158726
0.170408
0.23152
0.142208
0.147987
0.136068
0.116802
0.150318
0.179371
0.137074
0.168564
0.195913
0.150377
0.186999
0.18195
0.148722
0.178866
0.15661
0.129941
0.189833
0.159258
0.194426
0.183265
0.210037
0.155645
0.12938
0.138939
0.212159
0.145358
0.207616
0.16189
0.2357
0.17549
0.1655
0.188256
0.144528
0.208869
0.156017
0.187845
0.189562
0.183949
0.193995
0.144172
0.182949
0.218873
0.228478
0.159647
0.227932
0.129647
0.098915
0.154767
0.130533
0.192355
0.190822
0.183417
0.139812
0.196452
0.240011
0.202379
0.159641
0.142864
0.225119
0.184129
0.133629
0.170909
0.15931
0.120247
0.246972
0.196039
0.16412
0.163281
0.162026
0.148384
0.179264
0.124334
0.207911
0.123279
0.164586
0.183512
0.160988
0.155761
0.222194
0.155587
0.180164
0.120858
0.104884
0.171
0.203907
0.172553
0.200928
0.132411
0.247287
0.130297
0.172405
0.146601
0.124394
0.16619
0.193894
0.177895
0.149895
0.208939
0.222469
0.132646
0.180311
0.162441
0.134815
0.126591
0.152258
0.21618
0.150038
0.158734
0.173239
0.180427
0.155709
0.221824
0.163542
0.233341
0.180034
0.176594
0.139149
0.22763
0.17303
0.167956
0.146958
0.136423
0.15571
0.1067
0.163432
0.141731
0.173603
0.15257
0.166243
0.160351
0.163257
0.174814
0.145967
0.190066
0.144703
0.162425
0.197399
0.170028
0.195414
0.205272
0.158815
0.186721
0.155366
0.148839
0.154956
0.12106
0.211335
0.177846
0.149104
0.186199
0.201243
0.148017
0.138103
0.161612
0.129937
0.190401
0.170771
0.153687
0.173264
0.118782
0.14269
0.209448
0.149522
0.204647
0.212834
0.170952
0.163314
0.183433
0.158592
0.208713
0.174412
0.188104
0.146124
0.171034
0.172705
0.172799
0.153433
0.158735
0.180152
0.196238
0.139635
0.111789
0.172324
0.198072
0.185267
0.237203
0.168055
0.189339
0.170739
0.189142
0.122387
0.197407
0.150586
0.175916
0.183876
0.15952
0.160413
0.20699
0.136995
0.200412
0.208936
0.101661
0.158432
0.148909
0.139694
0.187848
0.11264
0.14788
0.124939
0.180816
0.146142
0.167096
0.176113
0.154792
0.168459
0.187796
0.153617
0.089387
0.146151
0.168331
0.216656
0.182381
0.14696
0.145541
0.154373
0.154141
0.147631
0.191798
0.104539
0.114147
0.143576
0.159885
0.145425
0.159102
0.14785
0.191364
0.208912
0.161538
0.140702
0.2345
0.180483
0.192754
0.159219
0.172022
0.167398
0.181661
0.190149
0.162294
0.187988
0.154588
0.158409
0.201461
0.145749
0.204978
0.151191
0.188514
0.192213
0.145749
0.143351
0.214551
0.179506
0.125718
0.161838
0.16823
0.185373
0.132308
0.170887
0.120582
0.126436
0.119496
0.160925
0.184489
0.15174
0.140501
0.186553
0.178288
0.213456
0.177803
0.213059
0.186997
0.170501
0.171688
0.174544
0.163084
0.177802
0.183315
0.179479
0.197442
0.12812
0.175383
0.151846
0.184512
0.156192
0.199016
0.12774
0.224399
0.138131
0.123775
0.247461
0.121183
0.170433
0.153069
0.180004
0.203705
0.157634
0.151637
0.140325
0.202061
0.166338
0.152385
0.191725
0.153925
0.177689
0.151313
0.174149
0.125783
0.153962
0.231014
0.228266
0.113062
0.164962
0.165014
0.183471
0.168442
0.162865
0.135593
0.193763
0.177235
0.138878
0.208131
0.198306
0.122608
0.18515
0.161511
0.198256
0.212136
0.156205
0.179231
0.173358
0.181562
0.162217
0.176783
0.180199
0.175172
0.136189
0.224491
0.145191
0.214579
0.150802
0.137838
0.142452
0.240058
0.119966
0.151237
0.191153
0.128622
0.166492
0.1642
0.192659
0.131432
0.215925
0.218477
0.151875
0.193606
0.12815
0.130668
0.177216
0.134144
0.176818
0.15697
0.163064
0.18265
0.156152
0.182208
0.196591
0.123355
0.203641
0.126125
0.167033
0.155508
0.14737
0.177611
0.212685
0.146135
0.167466
0.2281
0.200255
0.169254
0.170913
0.183367
0.19719
0.160605
0.152878
0.143424
0.221802
0.199893
0.152185
0.189179
0.172642
0.134973
0.124833
0.164036
0.121789
0.172756
0.137442
0.154147
0.160165
0.162432
0.215327
0.160966
0.143653
0.167482
0.159428
0.150737
0.114854
0.159508
0.146403
0.15735
0.151903
0.141083
0.162497
0.137742
0.138864
0.195384
0.199916
0.125247
0.146147
0.171112
0.133444
0.186723
0.141367
0.195139
0.148943
0.173343
0.15189
0.174473
0.148353
0.177312
0.206231
0.153061
0.163136
0.166442
0.16059
0.165809
0.19351
0.212415
0.14815
0.145767
0.15641
0.198451
0.14912
0.211347
0.167567
0.15489
0.220173
0.111873
0.150733
0.148259
0.148541
0.1689
0.139212
0.10723
0.172255
0.131818
0.157321
0.163991
0.176907
0.169539
0.145992
0.152467
0.1462
0.134234
0.222654
0.162221
0.18387
0.207739
0.142514
0.218057
0.167359
0.097767
0.143985
0.220418
0.169069
0.17606
0.151543
0.157459
0.163922
0.137388
0.166431
0.177989
0.158811
0.175529
0.181176
0.189244
0.141246
0.220394
0.17934
0.156723
0.195754
0.120456
0.226017
0.171497
0.202216
0.142557
0.1973
0.157556
0.165203
0.151875
0.131894
0.175585
0.213354
0.182127
0.157423
0.173173
0.123001
0.20459
0.141096
0.140312
0.152341
0.143518
0.135451
0.162934
0.177954
0.169807
0.168245
0.167245
0.136018
0.170342
0.168424
0.184529
0.222927
0.163102
0.167995
0.16531
0.134884
0.180603
0.165616
0.192076
0.172658
0.163665
0.186229
0.179003
0.195401
0.102732
0.17347
0.13996
0.157815
0.171493
0.196713
0.21696
0.116871
0.178038
0.135758
0.180643
0.173132
0.18154
0.150531
0.139855
0.158807
0.140996
0.1539
0.169295
0.170102
0.197007
0.138233
0.113595
0.215221
0.147497
0.17802
0.210264
0.154146
0.178985
0.186896
0.181723
0.146642
0.155137
0.169512
0.241812
0.181238
0.123191
0.164762
0.146323
0.157183
0.175987
0.143904
0.172426
0.131475
0.199007
0.146086
0.136388
0.221026
0.149059
0.144847
0.156617
0.137665
0.117789
0.142306
0.16818
0.1627
0.193593
0.153576
0.138543
0.14756
0.213331
0.1649
0.190951
0.176383
0.098728
0.119574
0.125331
0.175187
0.151548
0.138614
0.208396
0.135984
0.153058
0.166622
0.207739
0.113013
0.182958
0.157067
0.15666
0.167118
0.183424
0.178518
0.142689
0.170311
0.229647
0.184597
0.249021
0.201346
0.218286
0.161378
0.124702
0.207084
0.194324
0.194116
0.132213
0.158016
0.156063
0.133355
0.173874
0.153291
0.128293
0.149324
0.173246
0.21693
0.180098
0.119392
0.230579
0.168242
0.135842
0.128716
0.17796
0.18933
0.166434
0.169677
0.167828
0.137421
0.148444
0.157134
0.137639
0.211075
0.197351
0.146893
0.167011
0.156618
0.190816
0.189158
0.155397
0.145799
0.199088
0.157601
0.139654
0.147856
0.149509
0.17726
0.153453
0.194985
0.111268
0.156091
0.154847
0.110753
0.160636
0.154146
0.14835
0.159718
0.16878
0.182131
0.149934
0.19183
0.17944
0.206391
0.19271
0.150311
0.129264
0.173361
0.196008
0.148813
0.141052
0.191744
0.163827
0.172981
0.145666
0.169185
0.161442
0.135933
0.147918
0.161801
0.129203
0.137926
0.144959
0.191343
0.197865
0.193936
0.175102
0.153625
0.164948
0.147408
0.169766
0.120054
0.199672
0.158507
0.198233
0.142812
0.183337
0.175595
0.155846
0.180239
0.158806
0.130546
0.165708
0.171433
0.125798
0.149381
0.20101
0.115017
0.215321
0.10166
0.17708
0.151146
0.146505
0.192202
0.118278
0.194159
0.112026
0.182003
0.170436
0.170111
0.167129
0.138094
0.191292
0.201115
0.124931
0.167121
0.137599
0.146146
0.208349
0.147685
0.148851
0.217991
0.163982
0.198075
0.146442
0.185715
0.119059
0.135954
0.197364
0.173682
0.192828
0.201525
0.155626
0.189313
0.105557
0.120819
0.139018
0.151748
0.202116
0.187734
0.177124
0.160741
0.194621
0.163267
0.176778
0.1294
0.225836
0.123299
0.165916
0.220861
0.210124
0.156093
0.184848
0.147041
0.18488
0.189644
0.127644
0.191436
0.175792
0.154242
0.167691
0.137952
0.162688
0.124901
0.187088
0.142205
0.124069
0.146095
0.133593
0.1805
0.141483
0.155607
0.163484
0.104177
0.183253
0.12744
0.158927
0.169798
0.152163
0.162604
0.173565
0.163611
0.16179
0.201774
0.130984
0.115602
0.169115
0.194694
0.161285
0.122697
0.184694
0.126725
0.176607
0.148843
0.156707
0.171988
0.135088
0.178761
0.13576
0.222857
0.187916
0.139746
0.117381
0.178737
0.153597
0.185371
0.168584
0.1699
0.151582
0.183988
0.204016
0.183347
0.146572
0.199789
0.148288
0.148525
0.175491
0.142973
0.17407
0.148411
0.133024
0.181785
0.196425
0.167637
0.175147
0.135368
0.19917
0.178953
0.127053
0.130353
0.191261
0.211379
0.167654
0.178375
0.134144
0.147749
0.132401
0.19707
0.171354
0.157752
0.132232
0.220626
0.160331
0.157058
0.170251
0.187327
0.179431
0.142856
0.163199
0.141072
0.175236
0.162369
0.160231
0.106414
0.17296
0.165186
0.143661
0.148504
0.164092
0.166502
0.202157
0.194834
0.210554
0.156628
0.182004
0.144548
0.164115
0.187615
0.148835
0.131327
0.225119
0.139836
0.185742
0.153407
0.206063
0.173478
0.187233
0.144376
0.153459
0.147217
0.159363
0.189669
0.106528
0.15412
0.188961
0.169983
0.181056
0.160532
0.173264
0.127246
0.174413
0.159965
0.189409
0.144706
0.193815
0.168585
0.159542
0.220521
0.224981
0.188796
0.152622
0.140575
0.196861
0.149131
0.214916
0.176079
0.188275
0.199327
0.135775
0.171222
0.094844
0.137782
0.205635
0.134474
0.19212
0.147958
0.16138
0.150755
0.168516
0.153447
0.139101
0.21758
0.14634
0.162036
0.120448
0.174858
0.147339
0.150082
0.18962
0.17548
0.117671
0.134248
0.182516
0.167121
0.186199
0.140234
0.216451
0.187167
0.142583
0.138797
0.188107
0.139661
0.169894
0.151885
0.215914
0.204908
0.218731
0.178627
0.245537
0.145808
0.161377
0.203966
0.15268
0.185565
0.168844
0.155525
0.145723
0.183255
0.188265
0.11892
0.172687
0.171284
0.180348
0.175054
0.126956
0.170354
0.166591
0.130634
0.171746
0.182349
0.195679
0.175766
0.135405
0.166436
0.135986
0.137627
0.167827
0.146698
0.150165
0.168745
0.165605
0.124311
0.253244
0.168858
0.172707
0.195056
0.139
0.127256
0.149894
0.172604
0.162286
0.154116
0.16566
0.137558
0.174051
0.180595
0.118276
0.179275
0.180055
0.122544
0.146718
0.167855
0.121267
0.195173
0.157938
0.12497
0.142577
0.135935
0.154899
0.199308
0.184035
0.216012
0.225781
0.185651
0.116882
0.144424
0.13831
0.1853
0.168975
0.179171
0.176415
0.149243
0.223779
0.144861
0.155077
0.139238
0.217702
0.152855
0.120798
0.190253
0.213589
0.11892
0.165579
0.136931
0.131717
0.144126
0.135953
0.165934
0.183172
0.179231
0.171309
0.228723
0.155897
0.162842
0.170536
0.20665
0.133753
0.155284
0.17928
0.119892
0.12268
0.1256
0.11812
0.156625
0.196323
0.151486
0.193142
0.176651
0.155985
0.188964
0.160293
0.157692
0.160678
0.152267
0.131711
0.137755
0.187761
0.183891
0.162773
0.111985
0.17349
0.164763
0.164566
0.208128
0.097888
0.161755
0.172855
0.169746
0.152096
0.188339
0.175392
0.134466
0.208451
0.138771
0.219575
0.143531
0.138134
0.199195
0.129544
0.19091
0.197493
0.185517
0.213926
0.148696
0.204144
0.100396
0.178956
0.153401
0.148671
0.146455
0.185447
0.11841
0.140094
0.150267
0.136654
0.153403
0.175943
0.183545
0.164489
0.187387
0.131526
0.164827
0.119742
0.147934
0.138807
0.188308
0.180131
0.202372
0.170704
0.140113
0.183458
0.143212
0.111431
0.20089
0.18775
0.144079
0.125484
0.195755
0.115947
0.139567
0.164758
0.14807
0.166187
0.133148
0.135748
0.171233
0.137329
0.156305
0.13819
0.140725
0.147104
0.139132
0.210576
0.204756
0.152535
0.246818
0.14611
0.147401
0.096494
0.121878
0.192235
0.169692
0.111941
0.174324
0.165739
0.120921
0.127826
0.18925
0.161444
0.133098
0.150052
0.120976
0.1562
0.15004
0.153239
0.219849
0.163105
0.154908
0.152861
0.130258
0.211532
0.170449
0.166388
0.11513
0.198554
0.174056
0.160582
0.151213
0.158381
0.20132
0.161296
0.18804
0.133426
0.186408
0.171592
0.185798
0.154315
0.213686
0.180785
0.132264
0.158888
0.157186
0.161211
0.199526
0.175533
0.16744
0.155272
0.196008
0.119197
0.178767
0.155551
0.166367
0.196152
0.161668
0.163631
0.143559
0.207226
0.160258
0.175697
0.11584
0.181247
0.126056
0.19661
0.137319
0.152401
0.137595
0.224482
0.167288
0.199361
0.156401
0.113716
0.151822
0.19338
0.145714
0.162653
0.155703
0.166776
0.183842
0.132301
0.199613
0.119792
0.132951
0.200773
0.099476
0.190697
0.19025
0.165482
0.130171
0.157034
0.158407
0.127984
0.178647
0.19456
0.184299
0.164925
0.205068
0.177599
0.126611
0.189744
0.130464
0.137136
0.140084
0.15731
0.106999
0.216271
0.129803
0.190841
0.176861
0.187249
0.170506
0.171826
0.186986
0.158414
0.161394
0.131788
0.180619
0.155758
0.158342
0.19924
0.203861
0.16248
0.191146
0.169691
0.193562
0.134072
0.127835
0.154999
0.130062
0.174218
0.196055
0.141266
0.166353
0.160867
0.13664
0.161062
0.175097
0.155341
0.151208
0.141104
0.195045
0.187125
0.155936
0.157577
0.15857
0.145213
0.166889
0.135595
0.134805
0.155014
0.167484
0.141664
0.138247
0.145447
0.170922
0.144137
0.191229
0.204181
0.178273
0.172509
0.147388
0.184924
0.182924
0.181712
0.194493
0.175017
0.165482
0.116856
0.185619
0.173776
0.205596
0.135298
0.187489
0.17577
0.155142
0.148129
0.139918
0.180486
0.195478
0.12733
0.174857
0.153751
0.216773
0.108452
0.13547
0.136897
0.137154
0.157105
0.20029
0.123603
0.148704
0.172247
0.154659
0.176286
0.122756
0.172256
0.174
0.156608
0.138529
0.163708
0.122725
0.193392
0.182285
0.171308
0.206135
0.169887
0.157009
0.203306
0.205033
0.204239
0.150181
0.177463
0.203735
0.159104
0.175771
0.163303
0.216449
0.191185
0.091668
0.172302
0.097571
0.176887
0.205099
0.164613
0.152615
0.165924
0.161934
0.156908
0.121943
0.119857
0.17732
0.205249
0.212732
0.160056
0.135087
0.146078
0.102224
0.155773
0.156947
0.161163
0.127248
0.162601
0.167212
0.197063
0.16109
0.173821
0.199629
0.151544
0.140655
0.175704
0.151623
0.197345
0.129669
0.196614
0.166022
0.153377
0.131151
0.196133
0.174721
0.141774
0.116372
0.18139
0.159176
0.228352
0.118713
0.182127
0.207845
0.15067
0.177946
0.18708
0.14916
0.161112
0.202686
0.171921
0.147056
0.148685
0.164815
0.215387
0.176585
0.123179
0.187187
0.127149
0.181668
0.17591
0.148383
0.156201
0.152839
0.165153
0.18915
0.143785
0.181129
0.116951
0.188788
0.141315
0.147659
0.143925
0.190156
0.119199
0.201652
0.137221
0.121615
0.171108
0.170058
0.191205
0.115954
0.126691
0.180956
0.187229
0.137287
0.131886
0.176242
0.175541
0.148882
0.17488
0.171328
0.172733
0.134392
0.134406
0.187513
0.149102
0.159882
0.158788
0.165486
0.175432
0.163193
0.154498
0.159638
0.189259
0.176871
0.158416
0.166882
0.165176
0.141199
0.119931
0.176999
0.171152
0.160497
0.194159
0.188104
0.151366
0.178778
0.189546
0.172865
0.171056
0.155641
0.192105
0.137945
0.168409
0.159347
0.151441
