0.004743
0.999896
0.029213
0.000156
0.0001
0.001006
0.002287
0.80439
0.004141
0.007939
0.013281
0.0001
0.0001
0.114343
0.998077
0.201947
0.000117
0.991299
0.004226
0.00026
0.993781
0.000146
0.000104
0.000104
0.00019
0.000726
0.000616
0.002287
0.014976
0.952126
0.030632
0.000104
0.029802
0.936551
0.000701
0.000102
0.999773
0.99985
0.405892
0.000119
0.936984
0.000247
0.285424
0.11077
0.000673
0.938997
0.001035
0.034007
0.000115
0.005764
0.004127
0.999434
0.000113
0.000423
0.316403
0.000107
0.003603
0.929208
0.000107
0.00084
0.007671
0.000937
