0.457467
0.250834
0.379751
0.391888
0.294588
0.587991
0.243816
0.454825
0.454825
0.622077
0.998681
0.357234
0.950941
0.04933
0.231383
0.247985
0.105602
0.529573
0.154942
0.856536
0.906146
0.992529
0.712616
1.000032
0.131833
0.405562
0.533622
0.872656
0.347431
0.955127
0.527298
0.41323
0.331378
0.649021
0.338377
0.527931
0.262999
0.46742
0.393984
0.393984
0.393984
0.393984
0.606841
0.694775
1.0
0.962774
0.826072
0.998497
0.248951
0.913772
0.34362
0.352013
0.260442
0.106356
0.99888
0.575865
0.27259
0.530008
0.207614
0.33247
0.207614
0.207614
0.207614
0.985293
0.90004
0.859492
0.429212
0.524106
0.996769
0.999274
0.254015
0.576469
0.975826
0.731834
0.99979
0.97435
0.912668
1.000008
1.000089
0.915043
0.989955
0.999099
0.964444
1.00002
0.401356
0.347494
0.144418
0.867562
0.989619
0.421596
0.073649
0.976696
0.839331
0.823112
0.076204
0.995977
0.741696
0.942645
0.652666
0.895326
0.625874
0.922039
0.411599
0.337958
0.251934
0.038352
0.038352
0.054671
0.989929
0.621629
0.955789
0.096508
0.015694
0.122137
0.324746
0.999884
0.036214
0.655208
0.841626
0.266466
0.366903
0.596167
0.03194
0.02406
0.082729
0.127687
0.282261
0.127687
0.127687
0.133596
0.10361
0.143818
0.100721
0.013651
0.298574
1.000069
0.035695
0.035224
0.035224
0.975497
0.666269
0.732233
0.593185
0.619241
0.619241
0.70534
1.000003
0.611764
0.570439
0.570439
0.570439
0.570439
0.570439
0.570439
0.570439
0.570439
0.570439
0.570439
0.570439
0.570439
0.570439
0.570439
0.570439
0.570439
0.570439
0.570439
0.570439
0.570439
0.570439
0.570439
0.570439
0.570439
0.570439
0.999376
0.989692
0.998325
0.898791
0.999542
0.501733
0.915185
0.075416
0.755704
0.860997
0.997062
0.994448
0.954424
0.631269
0.278501
0.999947
0.362683
0.31589
0.307337
0.580279
0.778768
0.984396
0.456251
0.993333
0.079438
0.078289
0.917211
0.971596
0.999775
0.033108
0.998611
0.786987
0.241349
0.435242
0.566364
0.624001
0.999074
0.549787
0.685546
0.168554
0.991604
0.616584
0.976739
0.998897
0.064739
0.648183
0.651525
0.171048
0.998523
0.104539
0.963973
0.708679
0.457636
0.85069
0.919519
0.04906
0.996946
1.000091
0.875327
0.324016
1.000027
0.468635
0.355796
0.133908
0.917164
0.972458
0.063703
0.104624
0.814303
0.873078
0.551555
0.082117
0.385743
0.970298
0.068274
0.98516
0.427457
0.329669
0.789208
0.85751
0.002047
0.199407
0.902333
0.956099
0.778086
0.419299
0.428258
0.619303
0.998335
0.98722
0.815161
0.986678
0.041146
0.78074
0.893202
0.738114
1.000098
0.798166
0.551647
0.973645
0.075091
0.180469
0.075091
0.075091
0.692195
0.12976
0.857094
0.081789
0.932614
0.136989
0.997105
0.913265
0.077963
0.04867
0.098931
0.836361
0.147139
0.607251
0.681181
0.69771
0.110525
0.984353
0.021604
0.833124
0.781163
0.436713
0.756394
0.757914
0.624107
0.053592
0.278112
0.053592
0.053592
0.186761
0.900119
0.204433
0.089371
0.020335
0.373389
0.146108
0.255274
0.277587
0.792472
0.969235
0.801527
0.390686
0.051953
0.931741
0.272456
0.550956
0.482746
0.652034
0.62189
0.28543
0.464196
0.852829
0.451495
1.000097
0.658221
0.224398
0.221629
0.214197
0.865855
0.078259
0.39654
0.662838
0.827157
0.004548
0.352547
0.994411
0.886245
0.770779
0.993507
0.25662
0.005549
0.901579
0.597329
0.17879
0.69784
0.535183
0.003736
0.082934
0.163846
0.053861
0.435063
0.335983
0.384078
0.053861
0.053861
0.053861
0.254469
0.118206
0.447441
0.969615
0.44525
0.069668
0.153573
0.116016
0.028984
0.00985
0.027455
0.002599
0.167424
0.183269
0.028803
0.016951
0.016951
0.274838
0.214577
0.006209
0.144969
0.100759
0.100759
0.100759
0.601733
0.150545
0.128188
0.064586
0.064586
0.144911
0.144911
0.012814
0.04421
0.04421
0.04421
0.120467
0.018116
0.002886
0.016172
0.049728
0.274466
0.07616
0.07616
0.07616
0.07616
0.07616
0.01359
0.730702
0.507497
0.21093
0.63114
0.813981
0.965632
0.998287
0.611547
0.498474
0.092374
0.092374
0.092374
0.851237
0.851478
0.920232
0.558857
0.999209
0.408952
0.19558
0.924657
0.137265
0.155175
0.853701
0.053289
0.053289
0.192878
0.363576
0.073276
0.625363
0.306891
0.252549
0.061013
0.999539
0.170315
0.579822
0.099347
0.053218
0.081738
0.053218
0.066215
0.998141
0.301554
0.992573
0.079824
0.853249
0.915071
0.980492
0.895039
1.000007
0.89017
0.26286
0.988999
0.976932
0.829876
0.872656
0.998447
0.853901
0.917904
0.947874
0.720047
0.994712
0.192697
0.452418
0.999981
0.689086
0.383393
0.981369
0.57524
0.284383
0.952356
0.860149
0.06882
0.560203
0.14752
0.676375
0.368579
0.706701
0.145725
0.094452
0.962892
0.912047
0.355011
0.804685
0.261765
0.145064
0.042399
0.592573
0.271712
0.18384
0.888662
0.769483
0.241537
0.024799
0.71428
0.411743
0.574289
0.921111
1.000031
0.201178
0.082478
0.896213
0.526282
0.556477
0.184893
0.324673
0.871718
0.03817
0.172606
0.084226
0.991966
0.145149
0.981875
0.15938
0.068078
0.114023
0.07818
0.07818
0.126604
0.149044
0.15539
0.206065
0.331648
0.079404
0.116167
0.23066
0.599912
0.010555
0.010555
0.312146
0.176056
0.75056
0.433621
0.038229
0.038229
0.038229
1.000098
0.009827
0.009827
0.037735
0.8402
0.137615
0.99671
0.554416
0.025339
0.549365
0.79298
0.981683
0.959023
0.282891
0.956652
0.458755
0.905751
0.801276
0.104919
0.249181
0.102834
0.693361
0.939936
0.351412
0.637233
0.925523
0.028984
0.035862
0.305295
0.83441
0.423332
0.968221
0.017541
0.225938
0.093228
0.048281
0.080052
0.527557
0.922014
0.462482
0.352006
1.000091
0.615685
0.181849
0.0993
0.0993
0.223629
0.147354
0.088483
0.039856
0.039856
0.092572
0.039856
0.085398
0.031114
0.997381
0.034973
0.707495
0.588564
0.014694
0.154866
0.203849
0.937679
0.999935
0.473642
0.999519
0.836029
0.99825
0.99232
0.103363
1.000014
0.411626
0.175335
0.733352
0.105465
0.124532
0.98924
0.388323
0.439609
0.730024
0.613939
0.04112
0.506848
0.296112
0.07952
0.169547
0.00501
0.00501
0.00501
0.00501
0.108377
0.108377
0.108377
0.108377
0.205251
0.00478
1.000041
0.937899
0.090698
0.767062
0.759701
0.099229
0.099229
0.207656
0.076371
0.076371
0.158581
0.31186
0.535468
0.179711
0.599832
0.100179
0.419709
0.249124
0.526083
0.419709
0.992822
0.462979
0.417623
0.171929
0.242645
0.991002
0.552752
0.883727
0.901637
0.333474
0.133954
0.133954
0.542931
0.865099
0.341835
0.473162
0.321758
0.958476
0.065853
0.679037
0.26305
0.722324
0.995415
0.194778
0.911636
0.286472
0.089089
0.550572
0.142944
0.725048
0.405638
0.515618
0.53537
0.873497
0.753098
0.356462
0.509724
0.931603
0.641024
0.712779
0.494249
0.021087
0.085168
0.381981
0.205282
0.313645
0.053145
0.146247
0.092819
0.141272
0.162054
0.162054
0.181551
0.114144
0.118021
0.114144
0.409266
0.234403
0.185814
0.185814
0.518633
0.465162
0.876873
0.253907
0.587948
0.259192
0.934017
0.597047
0.314473
0.29239
0.184003
0.113548
0.113548
0.113548
0.311944
0.225359
0.991869
0.755261
0.165054
0.090833
0.090833
0.994522
0.090833
0.9993
0.32708
0.209755
0.123411
0.833121
0.034249
0.096569
1.000097
0.259323
0.104132
0.092779
0.092779
0.148649
0.380824
0.092779
0.054199
0.054199
0.34173
0.78281
0.421544
0.353076
0.353076
0.353076
0.353076
0.515803
0.119893
0.999878
0.480401
0.119893
0.132271
0.250416
0.401422
0.392051
0.367706
0.119893
0.229916
0.119893
0.431405
0.135103
0.119893
0.314547
0.119893
0.119893
0.799553
0.668839
0.49193
0.714291
0.837267
0.88235
0.49193
0.49193
0.49193
0.49193
0.49193
0.838215
0.606955
0.560153
0.816615
0.49193
0.960486
0.49193
0.987963
0.272687
0.998653
0.853036
0.784734
0.048677
0.29953
0.991414
0.965507
0.099771
0.705521
0.986048
0.314379
0.975882
0.615925
0.183335
0.984502
0.393012
0.915984
0.279879
0.30242
0.171572
0.545201
0.495282
0.269076
0.331806
0.070729
0.627387
0.78264
0.476228
0.996089
0.167744
0.417643
0.999881
0.906383
0.491113
0.953794
1.000094
0.471748
0.99929
0.874148
0.956864
0.195944
0.194655
0.285786
0.610012
0.182612
0.085993
0.998674
0.697937
0.576387
0.237497
0.699952
0.32031
0.259107
0.036953
0.482355
0.227737
0.056159
0.832958
0.4189
0.406038
0.103612
0.829556
0.999358
0.486569
0.997974
0.129486
0.326229
0.055574
0.108643
0.705453
0.07868
0.076156
0.697411
0.065548
0.550698
0.021421
0.045956
1.0001
0.015288
0.00382
0.468678
0.024852
0.854864
0.17865
0.244466
0.577382
0.6097
0.085778
0.331671
0.564221
0.028085
0.104684
0.726633
0.080876
0.95436
0.999661
0.021862
0.000895
0.119338
0.971629
0.774794
0.979108
0.169915
0.000201
0.00573
0.002406
0.001446
0.881705
0.051089
0.003749
0.08447
0.064712
0.064712
0.064712
0.031085
0.366148
0.60479
0.010594
0.974609
0.075614
0.006002
0.011315
0.539791
0.921229
0.306223
0.213992
0.054769
0.442438
0.054769
0.054769
0.36968
0.256563
0.987711
0.02207
0.138596
0.085398
0.063539
0.074708
0.865782
0.016717
0.890693
0.456078
0.914174
0.006435
0.088167
0.046805
0.103632
0.094207
0.795511
0.468882
0.098914
0.236097
0.025226
0.633925
0.46027
0.208097
0.858412
0.012746
0.460397
0.201693
0.053518
0.801189
0.931176
0.361477
0.829132
0.882759
0.107977
0.569341
0.052877
0.003086
0.012497
0.984634
0.000793
0.074261
0.999997
0.999997
0.997412
0.177905
0.036283
0.036283
0.036283
0.036283
0.388011
0.036283
0.036283
0.054307
0.022266
0.028644
0.416322
0.062385
0.058458
0.00363
0.003271
0.053845
1.000024
0.448391
0.941761
0.480957
0.472961
0.962358
0.416978
0.999937
0.073344
0.250822
0.857311
0.265673
0.338307
0.6587
0.747993
0.665784
1.000074
0.952409
0.999988
0.15644
0.164264
0.818698
0.213328
0.967761
0.03531
0.826091
0.925682
0.568103
0.566707
0.720176
0.937727
0.026102
0.153988
0.901625
0.765143
0.189261
0.002703
0.033904
0.005273
0.724208
0.465574
0.429197
0.035835
0.088518
0.002069
0.385752
0.415756
0.088662
0.237167
0.555636
0.068911
0.075466
0.091999
0.068911
0.068911
0.079102
0.068911
0.55145
0.142792
0.995628
0.450499
0.510157
0.400762
0.022664
0.046623
0.522408
0.2627
0.146448
0.616049
0.358205
0.536018
0.573378
0.366487
0.039903
0.015695
0.114119
0.002561
0.350483
0.038246
0.791207
0.639109
0.595424
0.12143
0.001571
0.040819
0.001552
0.03225
0.004398
0.018866
0.429826
0.339242
0.05019
0.049468
0.008064
0.02281
0.131287
0.131287
0.131287
0.131287
0.131287
0.131287
0.005685
0.017541
0.017541
0.017541
0.017541
0.094049
0.239129
0.038152
0.014634
0.063076
1.000006
0.209188
0.806993
0.980835
0.845246
0.975167
0.578866
0.048997
0.561281
0.062885
0.659002
0.995784
0.550016
0.861238
0.181905
0.431018
0.06937
0.026749
0.807058
0.24366
0.528231
0.916443
0.998245
0.134418
0.907797
0.18691
0.070583
0.681846
0.819879
0.320966
0.104107
0.000761
0.000761
0.32763
0.758668
0.806951
0.269765
0.704012
0.759706
0.615168
0.09309
0.065875
0.532617
0.104211
0.041231
0.020814
0.012779
0.012171
0.066437
0.329432
0.000753
0.10559
0.068147
0.022299
0.046096
0.034301
0.022299
0.02887
0.02887
0.02887
0.02887
0.405807
0.034772
0.02887
0.02887
0.213526
0.013897
0.009567
0.026014
0.016564
0.011271
0.755524
0.81177
0.902625
0.189939
0.4605
0.989738
0.315023
0.570675
0.698717
0.025514
0.999005
0.723658
0.854509
0.161255
0.81038
0.204983
0.04266
0.000538
0.181684
0.326632
0.537097
0.226143
0.885178
0.544844
0.825143
0.395477
0.466191
0.992017
0.6032
0.417097
0.432543
0.198118
0.091985
0.091985
0.091985
0.091985
0.091985
0.091985
0.091985
0.220137
0.091985
0.091985
0.08469
0.004835
0.003953
0.527813
0.668654
1.000097
0.280647
0.083962
0.863089
0.071101
0.339302
0.074937
0.029328
0.170725
0.001008
0.070848
0.42393
0.086083
0.002827
0.286192
0.42994
0.995393
0.004989
0.24208
0.050286
0.918778
0.337602
0.224633
0.031385
0.010769
0.510739
0.098004
0.354776
0.87044
0.008509
0.008509
0.008509
0.836479
0.525312
0.689847
0.405674
0.892022
0.296516
0.083822
0.24739
0.055963
0.11836
0.055963
0.531796
0.178817
0.178817
0.178817
0.079473
0.079473
0.942753
0.995092
0.612846
0.834134
0.551412
0.250708
0.346788
0.123787
0.168843
0.123787
0.123787
0.028954
0.211403
0.028954
0.028727
0.028727
0.028727
0.028727
0.20048
0.645261
0.224867
0.075604
0.049912
0.514732
0.049912
0.097864
0.15392
0.047602
0.017887
0.058769
0.077636
0.976779
0.020039
0.03632
0.124826
0.513865
0.277355
0.08966
0.9284
0.676859
0.018794
0.02918
0.375379
1.000026
0.631227
0.12216
0.45108
0.463768
0.086784
0.168801
0.322383
0.6629
0.553608
0.012457
0.012457
0.062374
0.003672
0.008984
0.011573
0.914988
0.401319
0.639054
0.565063
0.48167
0.983619
0.179588
0.005909
0.005646
0.924641
0.352931
0.636512
0.825446
0.388821
0.06119
0.072152
0.241205
0.002336
0.357292
0.584562
0.593977
0.988992
0.066395
0.098613
0.015269
0.015269
0.015269
0.246296
0.059525
0.035904
0.015346
0.25647
0.1803
0.009576
0.201926
0.227788
0.201926
0.834508
0.369733
0.975771
0.499504
0.186259
0.695833
0.932015
0.486082
0.379144
0.830651
0.274426
0.503627
0.421843
0.344657
0.119158
0.263538
0.732539
0.099338
0.00943
0.231405
0.027054
0.081522
0.583916
0.853711
0.097984
0.241882
0.097984
0.553697
0.180764
0.097984
0.097984
0.104719
0.097984
0.205218
0.027505
0.396302
0.379675
0.379675
0.379675
0.379675
0.379675
0.379675
0.379675
0.379675
0.379675
0.379675
0.379675
0.01181
0.629274
0.553011
0.506342
0.669785
0.407646
0.257104
0.540413
0.643468
0.540413
0.540413
0.540413
0.56012
0.56012
0.56012
0.367712
0.693139
0.742537
0.809305
0.558034
0.685222
0.567375
0.567375
0.567375
0.738442
0.567375
0.567375
0.567375
0.474271
0.474271
0.474271
0.577858
0.577858
0.577858
0.577858
0.577858
0.577858
0.577858
0.634648
0.735973
0.577858
0.577858
0.754916
0.814264
0.282691
0.140884
0.986131
0.226989
0.615745
0.46606
0.551785
0.551785
0.551785
0.707146
0.468384
0.468384
0.607775
0.607775
0.607775
0.607775
0.607775
0.607775
0.483507
0.483507
0.483507
0.483507
0.483507
0.483507
0.483507
0.70926
0.999667
0.262053
0.229529
0.304399
0.246147
0.229529
0.229529
0.954705
0.558145
0.229529
0.229529
0.606833
0.909366
0.596888
0.578495
0.657202
0.305437
0.355684
0.56658
0.563192
0.805566
0.821818
0.40878
0.343537
0.331093
0.73277
0.396709
0.396709
0.396709
0.396709
0.396709
0.442439
0.455815
0.396709
0.396709
0.396709
0.490407
0.360073
0.360073
0.39183
0.360073
0.322655
0.360073
0.324125
0.601321
0.601321
0.601321
0.601321
0.571439
0.27956
0.081025
0.457953
0.056037
0.885324
0.58045
0.689282
0.26609
0.741731
0.496961
0.461063
0.096376
0.121245
0.098824
0.975162
0.501943
0.663641
0.478537
0.119091
0.303566
0.579759
0.579759
0.579759
0.579759
0.579759
0.579759
0.579759
0.579759
0.192447
0.601185
0.192447
0.363358
0.363358
0.363358
0.363358
0.949311
0.744656
0.722986
0.640077
0.621041
0.557491
0.800254
0.545109
0.545109
0.665065
0.545109
0.545109
0.545109
0.545109
0.545109
0.288832
0.49477
0.352937
0.352937
0.620893
0.620893
0.620893
0.620893
0.620893
0.620893
0.620893
0.620893
0.620893
0.620893
0.620893
0.620893
0.620893
0.620893
0.620893
0.620893
0.620893
0.620893
0.637881
0.637881
0.392413
0.392413
0.639549
0.579059
0.431166
0.431166
0.431166
0.024359
0.617024
0.436353
0.436353
0.514741
0.543441
0.543441
0.543441
0.543441
0.543441
0.543441
0.543441
0.451617
0.451617
0.451617
0.451617
0.309807
0.617024
0.931346
0.833509
0.048432
0.920484
0.083672
0.24975
0.194131
0.187476
0.546109
0.771855
0.469298
0.087727
0.890672
0.745723
0.164086
0.006031
0.10216
0.000781
0.461954
0.663339
0.752685
0.127666
0.561283
0.363657
0.056406
0.023918
0.391763
0.023918
0.014924
0.236084
0.323507
0.068784
0.001481
0.001073
0.129281
0.002408
0.000843
0.419143
0.003775
0.079755
0.288096
0.803228
0.983549
0.711346
0.688433
0.669295
0.070517
0.550211
0.129253
0.088191
0.035007
0.035007
0.074185
0.210523
0.158216
0.98009
0.04648
0.985888
0.922083
0.695262
0.390853
0.218773
0.565221
0.825994
0.127074
0.115147
0.368555
0.055335
0.116408
0.650699
0.231514
0.892609
0.287005
0.629062
0.87606
0.07042
0.107872
0.544497
0.003312
0.003312
0.003312
0.003312
0.003312
0.224097
0.318083
0.948683
0.073758
0.035016
0.02232
0.590891
0.080754
0.864516
0.020026
0.155136
0.013434
0.081487
0.033098
0.079587
0.100865
0.105832
0.276006
0.535874
0.494388
0.422816
0.729412
0.948908
0.306217
0.209301
0.027517
0.523835
0.282685
0.015859
0.448021
0.021711
0.161191
0.195867
0.166764
0.026286
0.086974
0.192253
0.205553
0.107948
0.135383
0.227954
0.061912
0.061912
0.18128
0.073778
0.287302
0.111958
0.148314
0.017116
0.070489
0.034369
0.038393
0.054577
0.033553
0.005543
0.006889
0.037037
0.227326
0.039896
0.033048
0.033048
0.004222
0.007823
0.167274
0.863838
0.804452
0.597744
0.820926
0.058512
0.928451
0.007583
0.457629
0.879484
0.869631
0.58996
0.493903
0.141091
0.248437
0.467828
0.004004
0.004004
0.175759
0.262413
0.009031
0.006433
0.086975
0.001804
0.183684
0.165912
0.030568
0.008858
0.886784
0.003457
0.005392
0.788085
0.002664
0.108743
0.000517
0.004014
0.000518
0.380082
0.36799
0.170782
0.296819
0.259178
0.395551
0.139513
0.229151
0.034092
0.202846
0.155613
0.138797
0.002069
0.104139
0.061776
0.127751
0.153451
0.086116
0.155212
0.158294
0.158294
0.158294
0.040308
0.171526
0.040038
0.040038
0.040038
0.07124
0.014289
0.014289
0.014289
0.050522
0.557944
0.12926
0.266094
0.145149
0.070943
0.144219
0.451647
0.361533
0.230711
0.116096
0.093092
0.561091
0.703633
0.143284
0.143284
0.143284
0.845588
0.143284
0.393568
0.305563
0.584932
0.245867
0.416415
0.143284
0.143284
0.764153
0.143284
0.865751
0.636592
0.154187
0.148317
0.105455
0.133952
0.329092
0.036057
0.1721
0.506304
0.02686
0.02686
0.328231
0.604236
0.125448
0.253401
0.055497
0.055497
0.851632
0.89593
0.233573
0.981099
0.48549
0.062195
0.150048
0.396793
0.300064
0.416957
0.365942
0.254456
0.13522
0.13522
0.13522
0.13522
0.343059
0.403391
0.494967
0.847155
0.872596
0.357529
0.304017
0.93233
0.183353
0.183353
0.26478
0.42906
0.469807
0.238643
0.183353
0.617189
0.183353
0.183353
0.183353
0.428294
0.183353
0.23513
0.183353
0.183353
0.183353
0.255684
0.183353
0.282673
0.485996
0.233427
0.179244
0.183566
0.099004
0.121877
0.445023
0.539989
0.284681
0.391811
0.989453
0.875454
0.72806
0.575206
0.044631
0.147956
0.278497
0.044818
0.08645
0.789552
0.875386
0.289138
0.24281
0.158956
0.28303
0.56342
0.103345
0.919002
0.093262
0.06444
0.300967
0.930544
0.1501
0.021895
0.046137
0.021895
0.021895
0.157383
0.307383
0.531787
0.390636
0.021895
0.021895
0.4457
0.673775
0.274496
0.906892
0.697421
0.154841
0.008165
0.008165
0.09672
0.008165
0.194141
0.257895
0.054785
0.147716
0.054785
0.430981
0.280569
0.054785
0.054785
0.813537
0.01797
0.01797
0.072016
0.01797
0.01797
0.01797
0.138896
0.01797
0.164789
0.350721
0.196479
0.204987
0.167153
0.246244
0.34568
0.127631
0.069149
0.60196
0.326965
0.009651
0.474495
0.012921
0.012921
0.012921
0.09574
0.012921
0.003466
0.003466
0.085257
0.038189
0.33114
0.039141
0.039141
0.055178
0.013691
0.287903
0.547985
0.560267
0.467397
0.463878
0.002228
0.001763
0.219522
0.283597
0.01321
0.055991
0.01321
0.01321
0.049218
0.00059
0.034497
0.000775
0.001432
0.304857
0.167297
0.16222
0.082163
0.082163
0.03272
0.398994
0.488048
0.303214
0.518709
0.369977
0.074006
0.369977
0.074006
0.215363
0.074006
0.074006
0.144497
0.144497
0.144497
0.144497
0.170933
0.181435
0.092995
0.025374
0.018712
0.014113
0.00761
0.00761
0.447633
0.036244
0.06903
0.020227
0.601722
0.835224
0.870364
0.978481
0.163305
0.338274
0.153731
0.130912
0.345549
0.262641
0.170998
0.878477
0.411815
0.258037
0.134239
0.29223
0.225111
0.103734
0.66851
0.60609
0.109628
0.100269
0.157198
0.075915
0.229568
0.094588
0.225537
0.425431
0.380688
0.781086
0.154227
0.118084
0.071215
0.071215
0.071215
0.169977
0.071215
0.071215
0.458298
0.230948
0.230948
0.230948
0.230948
0.230948
0.230948
0.141934
0.141934
0.141934
0.141934
0.141934
0.512404
0.359102
0.598327
0.950794
0.443577
0.409661
0.036148
0.281232
0.012125
1.0001
0.415098
0.957434
0.81494
0.968119
0.137159
0.10043
0.450096
0.10043
0.769765
0.10043
0.10043
0.196257
0.872755
0.532559
0.019122
0.019122
0.019122
0.033863
0.037826
0.191196
0.037006
0.107976
0.702143
0.175386
0.34124
0.329622
0.164604
0.217732
0.532767
0.157428
0.217732
0.217732
0.997761
0.012555
0.012555
0.068612
0.038686
0.050128
0.719775
0.475865
0.380975
0.050801
0.326447
0.995907
0.111566
0.650833
0.774973
0.099837
0.932928
0.76743
0.010473
0.041168
0.665856
0.217915
0.131876
0.340655
0.95477
0.971504
0.240931
0.450453
0.111998
0.887672
0.094104
0.070526
0.92432
0.058966
0.192446
0.463393
0.262841
0.090836
0.037476
0.662059
0.128842
0.150529
0.235941
0.016534
0.016534
0.627526
0.66278
0.19075
0.374484
0.005608
0.005608
0.303733
0.060251
0.417312
0.23973
0.378202
0.69426
0.23973
0.23973
0.23973
0.23973
0.23973
0.23973
0.23973
0.23973
0.291723
0.23973
0.23973
0.23973
0.23973
0.768785
0.163649
0.019588
0.037394
0.037394
0.017241
0.001719
0.320623
0.36726
0.6651
0.272324
0.858032
0.368471
0.75972
0.398876
0.147481
0.401813
0.073012
0.379898
0.60712
0.509492
0.297493
0.345485
0.123694
0.129594
0.483358
0.999504
0.455765
0.332596
0.425252
0.261014
0.261014
0.261014
0.827263
0.311196
0.311196
0.169361
0.169361
0.169361
0.169361
0.169361
0.225439
0.191013
0.410558
0.714288
0.169361
0.169361
0.315718
0.340311
0.66476
0.672828
0.006263
0.044589
0.993037
0.156655
0.156655
0.156655
0.156655
0.782761
0.021641
0.017362
0.224657
0.510881
0.57765
0.213481
0.097764
0.483085
0.128666
0.893401
0.040919
0.054918
0.38042
0.569931
0.709296
0.84821
0.433884
0.340321
0.624958
0.500558
0.940669
0.549329
0.478913
0.104292
0.3729
0.487147
0.3729
0.3729
0.420677
0.3729
0.3729
0.3729
0.3729
0.3729
0.3729
0.3729
0.3729
0.3729
0.3729
0.3729
0.3729
0.3729
0.3729
0.3729
0.419249
0.3729
0.3729
0.50067
0.3729
0.3729
0.444566
0.908219
0.201255
0.540126
0.227485
0.046786
0.96391
0.834616
0.412871
0.179889
0.240088
0.609
0.037259
0.493158
0.109732
0.331026
0.179035
0.334597
0.767692
0.007238
0.229322
0.032932
0.204282
0.061139
0.551654
0.151994
0.132767
0.13693
0.271642
0.423659
0.078952
0.404543
0.340924
0.133598
0.128141
0.030645
0.150606
0.20917
0.216381
0.461252
0.103772
0.146972
0.294238
0.875167
0.041031
0.041031
0.107987
0.041032
0.118191
0.041031
0.284238
0.484028
0.061672
0.061672
0.230759
0.061672
0.331316
0.011452
0.011452
0.011452
0.006865
0.006865
0.737482
0.369182
0.287021
0.055675
0.076879
0.055675
0.055675
0.463707
0.149113
0.549462
0.136948
0.043519
0.034908
0.034908
0.034908
0.034908
0.034908
0.10438
0.141735
0.548515
0.10438
0.10438
0.10438
0.10438
0.10438
0.10438
0.10438
0.10438
0.57728
0.64082
0.029958
0.072779
0.038402
0.302189
0.212471
0.212471
0.212471
0.161051
0.080121
0.070114
0.002181
0.058379
0.026988
0.026988
0.577393
0.311517
0.092295
0.213749
0.928158
0.448567
0.167912
0.347025
0.284078
0.130715
0.252534
0.062674
0.042393
0.169152
0.212549
0.293103
0.058383
0.094302
0.081449
0.003875
0.022197
0.022395
0.683691
0.788252
0.46341
0.238947
0.071417
0.091783
0.017382
0.062548
0.062548
0.059304
0.330658
0.071082
0.879292
0.009884
0.072506
0.00901
0.075865
0.075865
0.197401
0.081582
0.860948
0.436119
0.92723
0.167292
0.070201
0.01093
0.187039
0.327583
0.557224
0.227237
0.232151
0.142039
0.091492
0.091492
0.111116
0.160861
0.160861
0.160861
0.221431
0.005909
0.332607
0.081282
0.312995
0.081282
0.081282
0.004791
0.76688
0.649991
0.485339
0.822546
0.319333
0.552009
0.348365
0.88187
0.170001
0.170001
0.170001
0.170001
0.170001
0.170001
0.170001
0.414572
0.445301
0.745193
0.127736
0.122876
0.273034
0.539764
0.156052
0.156052
0.156052
0.156052
0.156052
0.156052
0.143615
0.143615
0.143615
0.143615
0.143615
0.143615
0.090716
0.090716
0.090716
0.090716
0.130944
0.130944
0.204827
0.573989
0.222438
0.222438
0.222438
0.336913
0.616571
0.222438
0.222438
0.222438
0.222438
0.222438
0.309631
0.251595
0.500515
0.012607
0.076049
0.899974
0.968267
0.603402
0.097724
0.861806
0.103124
0.231731
0.008312
0.008312
0.035229
0.123103
0.087749
0.050979
0.646062
0.016566
0.016566
0.253674
0.186782
0.127736
0.040188
0.097784
0.07041
0.061158
0.619718
0.172799
0.172799
0.376771
0.172799
0.172799
0.172799
0.172799
0.172799
0.292103
0.219962
0.482929
0.154473
0.073603
0.33374
0.161902
0.060724
0.266177
0.060724
0.034052
0.109531
0.069405
0.069405
0.577444
0.492335
0.31951
0.089442
0.089442
0.448818
0.168281
0.089442
0.089442
0.671902
0.089442
0.607229
0.089442
0.089442
0.089442
0.430021
0.63917
0.430021
0.430021
0.430021
0.604548
0.430021
0.430021
0.430021
0.430021
0.749717
0.599959
0.430021
0.430021
0.430021
0.430021
0.430021
0.430021
0.430021
0.430021
0.430021
0.430021
0.430021
0.430021
0.430021
0.430021
0.430021
0.566266
0.623847
0.640297
0.430021
0.531024
0.599959
0.430021
0.430021
0.678734
0.430021
0.648954
0.430021
0.658344
0.430021
0.430021
0.430021
0.430021
0.430021
0.374035
0.241366
0.655044
0.723719
0.606079
0.78082
0.278723
0.018095
0.018095
0.125567
0.100934
0.077777
0.071218
0.011533
0.091065
0.008085
0.090144
0.100659
0.017744
0.017744
0.228351
0.147564
0.656931
0.070797
0.009145
0.009145
0.773492
0.342382
0.04485
0.165697
0.34378
0.131566
0.438325
0.12752
0.531527
0.042018
0.178058
0.139875
0.053771
0.709435
0.193409
0.663139
0.616053
0.357868
0.407493
0.285925
0.072737
0.072737
0.072737
0.072737
0.098491
0.602419
0.626637
0.332147
0.676004
0.127035
0.050839
0.050839
0.022115
0.368791
0.197705
0.684386
0.665892
0.274473
0.098851
0.380955
0.081443
0.022442
0.32534
0.046773
0.10821
0.10821
0.10821
0.112417
0.298845
0.225902
0.225902
0.225902
0.225902
0.225902
0.225902
0.225902
0.412285
0.225902
0.225902
0.225902
0.607099
0.032028
0.001891
0.029891
0.385083
0.163945
0.144234
0.267073
0.762215
0.102481
0.108359
0.00879
0.028672
0.610735
0.603447
0.388439
0.011626
0.039259
0.011626
0.164507
0.129302
0.141212
0.031773
0.006726
0.006726
0.006726
0.003666
0.03666
0.011859
0.32543
0.011859
0.131948
0.023847
0.009091
0.077765
0.434235
0.008401
0.029481
0.029481
0.029481
0.287766
0.11198
0.11198
0.277756
0.481235
0.337755
0.337755
0.337755
0.337755
0.337755
0.006633
0.006633
0.198473
0.198473
0.198473
0.125226
0.107117
0.125226
0.125226
0.085548
0.085548
0.004605
0.008387
0.02173
0.085002
0.060434
0.10999
0.233407
0.06516
0.028857
0.001161
0.061389
0.061389
0.074993
0.038506
0.201903
0.229818
0.032897
0.085217
0.850692
0.274331
0.124818
0.288065
0.355199
0.175568
0.004601
0.250247
0.280016
0.264131
0.185459
0.279392
0.686387
0.462042
0.17108
0.327727
0.124757
0.314465
0.314465
0.314465
0.198911
0.615883
0.314465
0.515429
0.060321
0.026884
0.026884
0.026884
0.026884
0.026884
0.199042
0.199042
0.199042
0.199042
0.199042
0.199042
0.199042
0.199042
0.199042
0.199042
0.199042
0.199042
0.044979
0.003231
0.249811
0.09415
0.09415
0.09415
0.09415
0.09415
0.09415
0.060066
0.124146
0.060066
0.060066
0.275003
0.142401
0.312518
0.532535
0.312518
0.52122
0.312518
0.312518
0.312518
0.299455
0.312518
0.641275
0.154095
0.087305
0.228791
0.206739
0.087305
0.000718
0.9019
0.980272
0.91662
0.675713
0.589837
0.878568
0.530249
0.349613
0.349613
0.555695
0.679299
0.530819
0.349613
0.349613
0.779955
0.349613
0.349613
0.349613
0.349613
0.674207
0.349613
0.897453
0.349613
0.349613
0.349613
0.349613
0.850891
0.349613
0.349613
0.978297
0.349613
0.846964
0.850891
0.966639
0.349613
0.475271
0.349613
0.349613
0.349613
0.5468
0.788524
0.48835
0.788524
0.349613
0.349613
0.431756
0.349613
0.349613
0.165765
0.016517
0.182318
0.221515
0.096077
0.502116
0.289887
0.554596
0.200753
0.56695
0.298458
0.912037
0.168525
0.469766
0.240797
0.195169
0.128448
0.128448
0.128448
0.784507
0.397429
0.463757
0.19921
0.064567
0.048496
0.087475
0.165538
0.028425
0.028425
0.009378
0.082758
0.142775
0.00799
0.056161
0.056161
0.259971
0.304988
0.067918
0.049115
0.224622
0.177045
0.853127
0.529166
0.890729
0.217041
0.442073
0.090959
0.639998
0.306611
0.721825
0.341059
0.218375
0.190334
0.145489
0.220794
0.145489
0.145489
0.383993
0.724306
0.058569
0.06267
0.01654
0.040747
0.357986
0.081613
0.421724
0.23176
0.480309
0.136103
0.047723
0.158298
0.479765
0.555972
0.223004
0.223004
0.009483
0.182443
0.589644
0.54652
0.291898
0.686175
0.623467
0.111048
0.398494
0.406861
0.326936
0.252272
0.961929
0.34696
0.23786
0.12738
0.974614
0.04643
0.184043
0.054486
0.027198
0.268338
0.125897
0.122946
0.128202
0.034944
0.034944
0.473278
0.013821
0.013821
0.356293
0.083959
0.290144
0.354151
0.033337
0.115784
0.155291
0.155291
0.155291
0.087827
0.087827
0.087827
0.047955
0.382585
0.423663
0.130305
0.497301
0.045618
0.102696
0.048145
0.072515
0.147547
0.072515
0.084372
0.084372
0.093186
0.132283
0.244625
0.132283
0.240458
0.29902
0.001337
0.276654
0.106275
0.106275
0.003994
0.411151
0.053032
0.67665
0.068527
0.068527
0.610259
0.068527
0.068527
0.068527
0.068527
0.068527
0.068527
0.095985
0.391937
0.115115
0.287451
0.287451
0.222862
0.428238
0.394969
0.024419
0.21708
0.024419
0.073435
0.500476
0.22047
0.22047
0.317767
0.22047
0.22047
0.306044
0.12583
0.268349
0.810415
0.002023
0.018643
0.018643
0.053435
0.053435
0.637006
0.609087
0.594797
0.594797
0.594797
0.879851
0.261453
0.839336
0.651178
0.438264
0.735973
0.750622
0.677746
0.498275
0.733609
0.316754
0.263964
0.780642
0.008398
0.659118
0.053603
0.081053
0.438926
0.677749
0.294133
0.108088
0.01552
0.030798
0.123039
0.205102
0.130862
0.218953
0.218953
0.218953
0.353233
0.85658
0.738244
0.454034
0.53528
0.454034
0.246515
0.911531
0.853372
0.761678
0.507695
0.294062
0.294062
0.466627
0.466627
0.143411
0.332599
0.092985
0.01802
0.015278
0.105047
0.931825
0.862815
0.30561
0.711814
0.45375
0.249347
0.135036
0.232127
0.353066
0.227432
0.172939
0.050318
0.050318
0.233729
0.339565
0.07531
0.888018
0.214962
0.404209
0.141089
0.024823
0.172345
0.039273
0.005875
0.110375
0.036557
0.069269
0.303283
0.061798
0.086488
0.473327
0.059572
0.059572
0.072386
0.072386
0.25131
0.09813
0.09813
0.09813
0.09813
0.09813
0.09813
0.09813
0.179799
0.026947
0.016623
0.001236
0.076966
0.008454
0.011349
0.235634
0.908358
0.333197
0.341051
0.030627
0.336392
0.042681
0.00738
0.308593
0.437651
0.308593
0.308593
0.363786
0.308593
0.308593
0.530107
0.308593
0.308593
0.308593
0.308593
0.308593
0.024498
0.333472
0.383345
0.383345
0.366686
0.383345
0.383345
0.271311
0.271311
0.271311
0.271311
0.271311
0.271311
0.065658
0.000769
0.036755
0.002412
0.784087
0.139809
0.43082
0.055071
0.110271
0.221098
0.267851
0.197827
0.010059
0.080758
0.203514
0.521026
0.887667
0.010099
0.100727
0.100727
0.100727
0.116306
0.129713
0.269662
0.252338
0.049903
0.108624
0.573347
0.083428
0.375171
0.39466
0.39466
0.615031
0.39466
0.39466
0.722598
0.192435
0.417393
0.244879
0.479741
0.083585
0.083585
0.083585
0.083585
0.083585
0.331051
0.473886
0.331051
0.331051
0.331051
0.331051
0.331051
0.105995
0.330905
0.330905
0.330905
0.085754
0.577286
0.347513
0.129111
0.555118
0.669223
0.272696
0.490164
0.257231
0.707121
0.710066
0.111671
0.416318
0.417263
0.680073
0.387099
0.217378
0.281917
0.767631
0.407028
0.407028
0.407028
0.304147
0.304147
0.304147
0.217457
0.000255
0.037617
0.049904
0.049904
0.049904
0.019536
0.912284
0.150755
0.330479
0.046888
0.016293
0.024954
0.056121
0.015136
0.146354
0.015136
0.688671
0.114804
0.083169
0.152961
0.431898
0.051472
0.15826
0.041035
0.649253
0.138438
0.138496
0.04838
0.02545
0.02545
0.02545
0.509783
0.013496
0.488014
0.141369
0.241968
0.136853
0.141369
0.449538
0.159942
0.074578
0.222344
0.019451
0.009953
0.042762
0.042762
0.095488
0.095488
0.105329
0.095488
0.023389
0.059452
0.059452
0.043348
0.192088
0.370603
0.143206
0.57036
0.198928
0.099054
0.118727
0.118727
0.145642
0.118727
0.126141
0.087798
0.337803
0.322097
0.414449
0.24256
0.061304
0.206409
0.0469
0.236476
0.008154
0.556484
0.053609
0.127428
0.053609
0.21572
0.001125
0.017006
0.081587
0.339789
0.339789
0.339789
0.339789
0.339789
0.243537
0.243537
0.246209
0.257914
0.010899
0.037068
0.037068
0.497085
0.040698
0.040698
0.080992
0.068155
0.04306
0.04306
0.040768
0.005565
0.010144
0.028149
0.060993
0.67986
0.063027
0.180604
0.063027
0.00716
0.000659
0.041735
0.371215
0.043714
0.162657
0.056662
0.012642
0.008188
0.021668
0.315181
0.721684
0.428943
0.255222
0.34389
0.079225
0.194278
0.054606
0.069869
0.107327
0.058647
0.058647
0.038914
0.004367
0.006427
0.042441
0.019797
0.157953
0.004685
0.004685
0.024921
0.110321
0.005101
0.010261
0.015772
0.015772
0.573228
0.151822
0.054069
0.19169
0.139389
0.299092
0.299092
0.299092
0.080628
0.606514
0.21323
0.023495
0.424339
0.514534
0.38876
0.378461
0.378461
0.646916
0.084907
0.38101
0.314099
0.291559
0.076493
0.437854
0.777883
0.456127
0.520437
0.441627
0.443895
0.348989
0.108473
0.127039
0.100109
0.100109
0.247794
0.079315
0.267366
0.072338
0.207442
0.172865
0.014917
0.234962
0.10079
0.171603
0.235171
0.078576
0.278191
0.014624
0.014624
0.031401
0.085135
0.158686
0.031401
0.031978
0.865293
0.305897
0.47505
0.217484
0.217484
0.416579
0.370139
0.217484
0.695305
0.310239
0.51567
0.382374
0.455006
0.217484
0.217484
0.31053
0.434069
0.184852
0.105071
0.184852
0.105071
0.105071
0.328146
0.156849
0.051273
0.016162
0.360439
0.247739
0.247739
0.247739
0.039489
0.019639
0.019639
0.107588
0.107588
0.214184
0.214184
0.214184
0.214184
0.016936
0.226651
0.226651
0.226651
0.226651
0.226651
0.226651
0.226651
0.226651
0.224021
0.155397
0.155397
0.155397
0.047491
0.047491
0.047491
0.176522
0.13168
0.100729
0.100729
0.100729
0.281846
0.909416
0.124471
0.223144
0.318994
0.205151
0.124471
0.690525
0.521491
0.258792
0.524855
0.258792
0.258792
0.54694
0.258792
0.258792
0.258792
0.258792
0.258792
0.258792
0.258792
0.258792
0.258792
0.258792
0.406973
0.258792
0.376245
0.395447
0.258792
0.395447
0.258792
0.936796
0.258792
0.258792
0.258792
0.258792
0.258792
0.137083
0.099542
0.021745
0.001376
0.022123
0.022123
0.083398
0.31566
0.01079
0.117776
0.028489
0.028489
0.06239
0.020285
0.012472
0.146777
0.755875
0.127497
0.118334
0.000702
0.001253
0.001081
0.120933
0.07774
0.006524
0.006524
0.171176
0.04351
0.008321
0.723969
0.297929
0.079451
0.079451
0.079451
0.125532
0.125532
0.125532
0.125532
0.462688
0.648132
0.858602
0.486958
0.403439
0.403439
0.403439
0.497456
0.032047
0.187521
0.032047
0.032047
0.032047
0.116859
0.169824
0.206498
0.130117
0.214452
0.214452
0.214452
0.258675
0.214452
0.569274
0.690576
0.526107
0.005491
0.005491
0.562691
0.426801
0.383264
0.433511
0.433511
0.433511
0.433511
0.433511
0.433511
0.433511
0.433511
0.433511
0.057291
0.023753
0.017855
0.464111
0.30835
0.17675
0.091143
0.091143
0.091143
0.497926
0.091143
0.091143
0.091143
0.767279
0.146582
0.146582
0.146582
0.146582
0.383358
0.146582
0.146582
0.146582
0.146582
0.146582
0.366502
0.266266
0.266266
0.266266
0.266266
0.765071
0.203059
0.688964
0.422221
0.509563
0.482412
0.808934
0.422221
0.422221
0.422221
0.422221
0.422221
0.422221
0.422221
0.422221
0.422221
0.422221
0.422221
0.422221
0.422221
0.422221
0.422221
0.422221
0.422221
0.422221
0.722408
0.422221
0.422221
0.422221
0.422221
0.646305
0.422221
0.422221
0.499886
0.556974
0.709541
0.422221
0.422221
0.422221
0.422221
0.422221
0.422221
0.422221
0.539095
0.281867
0.53642
0.085438
0.085438
0.085438
0.085438
0.10688
0.012404
0.149799
0.035537
0.565226
0.085162
0.011434
0.070319
0.120851
0.110068
0.161644
0.105384
0.236448
0.105384
0.105384
0.105384
0.105384
0.105384
0.105384
0.101974
0.043384
0.04093
0.04093
0.114492
0.200655
0.109383
0.013305
0.013305
0.129451
0.337698
0.065529
0.016295
0.004745
0.165753
0.165753
0.165753
0.165753
0.073173
0.26579
0.058221
0.226801
0.144652
0.548768
0.136761
0.99999
0.033087
0.14408
0.02933
0.554602
0.783287
0.516602
0.426409
0.067783
0.071939
0.045228
0.008079
0.025402
0.246622
0.192987
0.557551
0.171632
0.011279
0.01185
0.013844
0.013844
0.013844
0.038938
0.144426
0.129131
0.019462
0.008002
0.055898
0.083199
0.01535
0.002113
0.091915
0.019141
0.019141
0.013932
0.055082
0.128626
0.082571
0.082571
0.082571
0.082571
0.082571
0.082571
0.082571
0.409113
0.082571
0.082571
0.061311
0.12113
0.098449
0.099839
0.099839
0.111183
0.005103
0.301383
0.22715
0.22715
0.22715
0.22715
0.22715
0.22715
0.22715
0.22715
0.22715
0.22715
0.283309
0.077408
0.160184
0.072257
0.018226
0.385536
0.313191
0.313191
0.313191
0.137795
0.137795
0.137795
0.137795
0.00796
0.00796
0.570519
0.390193
0.39486
0.154488
0.154488
0.154488
0.154488
0.154488
0.153779
0.088909
0.5809
0.179196
0.411466
0.882514
0.245824
0.003239
0.003239
0.003239
0.26389
0.085305
0.152393
0.135582
0.000208
0.030439
0.030439
0.030439
0.206311
0.020755
0.005949
0.010657
0.019871
0.014082
0.068132
0.068132
0.021399
0.180596
0.533215
0.124464
0.317316
0.557413
0.381632
0.909953
0.020014
0.020014
0.049451
0.207015
0.326183
0.056695
0.390908
0.082352
0.398938
0.398938
0.398938
0.398938
0.398938
0.398938
0.351023
0.577293
0.600197
0.577293
0.577293
0.577293
0.577293
0.577293
0.577293
0.577293
0.577293
0.634457
0.577293
0.577293
0.200844
0.065236
0.065236
0.482276
0.556605
0.556605
0.423416
0.423416
0.423416
0.423416
0.423416
0.423416
0.423416
0.423416
0.423416
0.559346
0.423416
0.423416
0.423416
0.423416
0.423416
0.423416
0.625215
0.423416
0.423416
0.546819
0.091851
0.422387
0.422387
0.422387
0.422387
0.422387
0.422387
0.422387
0.422387
0.809317
0.018683
0.377408
0.393057
0.494917
0.098783
0.098783
0.098783
0.369491
0.369491
0.547516
0.369491
0.212907
0.057538
0.119287
0.189722
0.158523
0.062333
0.292715
0.090434
0.447721
0.04654
0.253753
0.274206
0.001352
0.142531
0.01546
0.076221
0.01546
0.050756
0.050756
0.056421
0.050756
0.029646
0.029646
0.029646
0.172994
0.172994
0.056402
0.047347
0.047347
0.037963
0.113902
0.081343
0.120641
0.111068
0.059281
0.090169
0.045806
0.055922
0.108698
0.105893
0.061041
0.061041
0.061041
0.079773
0.162434
0.372062
0.163281
0.594104
0.084973
0.084973
0.084973
0.084973
0.084973
0.037448
0.037448
0.016041
0.016041
0.072736
0.072736
0.072736
0.196067
0.29513
0.366682
0.506925
0.384915
0.066271
0.108804
0.248616
0.139091
0.321201
0.139091
0.139091
0.139091
0.196408
0.462732
0.165126
0.157191
0.010722
0.138917
0.035427
0.203084
0.252779
0.595039
0.164004
0.197021
0.197021
0.010007
0.133863
0.133863
0.11822
0.186843
0.186843
0.186843
0.186843
0.284574
0.302904
0.11091
0.11091
0.11091
0.11091
0.362582
0.09192
0.09192
0.950001
0.658067
0.311638
0.344477
0.157787
0.618082
0.690542
0.618082
0.618082
0.618082
0.618082
0.779636
0.618082
0.688593
0.547155
0.648806
0.528734
0.82542
0.768928
0.578965
0.578965
0.578965
0.578965
0.578965
0.578965
0.578965
0.622226
0.622226
0.622226
0.995874
0.46144
0.998114
0.079202
0.079202
0.446285
0.490175
0.672342
0.446285
0.490175
0.446285
0.509338
0.007561
0.547496
0.675916
0.730485
0.007561
0.79859
0.769845
0.710156
0.311628
0.40705
0.665077
0.40705
0.690659
0.577104
0.124359
0.726498
0.365392
0.365392
0.365392
0.460468
0.999978
0.618275
0.618275
0.618275
0.414374
0.414374
0.414374
0.546986
0.636064
0.97196
0.642989
0.517872
0.423414
0.62278
0.423414
0.423414
0.423414
0.639114
0.577925
0.577925
0.577925
0.577925
0.577925
0.577925
0.577925
0.577925
0.577925
0.577925
0.577925
0.577925
0.577925
0.577925
0.577925
0.86204
0.577925
0.577925
0.577925
0.577925
0.577925
0.577925
0.577925
0.577925
0.577925
0.577925
0.577925
0.577925
0.577925
0.577925
0.577925
0.577925
0.577925
0.577925
0.577925
0.577925
0.577925
0.577925
0.577925
0.577925
0.577925
0.577925
0.577925
0.577925
0.577925
0.770779
0.686063
0.792141
0.697579
0.609258
0.930104
0.609258
0.609258
0.703561
0.609258
0.609258
0.609258
0.609258
0.745372
0.609258
0.609258
0.609258
0.736948
0.609258
0.741739
0.609258
0.609258
0.759675
0.609258
0.609258
0.609258
0.609258
0.635954
0.609258
0.609258
0.609258
0.609258
0.609258
0.609258
0.609258
0.871287
0.609258
0.609258
0.609258
0.609258
0.609258
0.609258
0.502303
0.541298
0.541298
0.541298
0.502303
0.662321
0.60624
0.60624
0.60624
0.60624
0.60624
0.60624
0.549657
0.549657
0.549657
0.557131
0.557131
0.557131
0.557131
0.602167
0.557131
0.557131
0.44873
0.55158
0.44873
0.242652
0.543906
0.543906
0.543906
0.543906
0.29998
0.867428
0.686595
0.190352
0.566713
0.465043
0.468627
0.695103
0.468627
0.616257
0.857697
0.29998
0.394497
0.560284
0.190352
0.561221
0.561221
0.561221
0.561221
0.190352
0.595387
0.545433
0.545433
0.545433
0.894713
0.762503
0.762503
0.545433
0.559091
0.938256
0.177573
0.772491
0.439724
0.605287
0.465756
0.465756
0.414342
0.414342
0.475463
0.603144
0.658637
0.652758
0.870642
0.618699
0.479108
0.479108
0.479108
0.726798
0.479108
0.353756
0.980696
0.619458
0.323666
0.282278
0.19758
0.548631
0.215082
0.397346
0.685193
0.215082
0.457236
0.457236
0.120285
0.155873
0.557042
0.943438
0.646147
0.401516
0.266536
0.266536
0.266536
0.266536
0.266536
0.55254
0.55254
0.55254
0.796693
0.550403
0.959559
1.000099
0.719402
0.402473
0.570373
0.571923
0.636204
0.310775
0.661464
0.480364
0.345146
0.419967
0.419967
0.419967
0.419967
0.419967
0.419967
0.419967
0.419967
0.677134
0.789721
0.548399
0.434121
0.243192
0.243192
0.243192
0.243192
0.314656
0.314656
0.751484
0.988922
0.220446
0.083579
0.173188
0.375613
0.173188
0.246297
0.116262
0.300341
0.368783
0.032802
0.199007
0.268723
0.404082
0.268723
0.268723
0.268723
0.268723
0.206571
0.206571
0.206571
0.34991
0.206571
0.01747
0.032789
0.023567
0.023567
0.451317
0.023567
0.069874
0.037229
0.037229
0.037229
0.049808
0.037229
0.007732
0.003041
0.023812
0.601361
0.057627
0.009911
0.009911
0.01787
0.436657
0.436657
0.606002
0.436657
0.400819
0.436657
0.515499
0.436657
0.436657
0.436657
0.436657
0.436657
0.436657
0.117335
0.207925
0.005453
0.149714
0.161922
0.161922
0.010239
0.006033
0.7098
0.64931
0.219152
0.219152
0.219152
0.219152
0.219152
0.361754
0.361754
0.361754
0.361754
0.361754
0.361754
0.361754
0.361754
0.361754
0.361754
0.361754
0.361754
0.258946
0.258946
0.28225
0.258946
0.490687
0.368213
0.198856
0.28656
0.270161
0.198856
0.198856
0.198856
0.198856
0.198856
0.174995
0.174995
0.174995
0.200527
0.174995
0.174995
0.032011
0.006581
0.105807
0.001074
0.087361
0.086064
0.010975
0.014345
0.128988
0.060198
0.044419
0.204959
0.044419
0.013915
0.186794
0.02447
0.046236
0.290967
0.040494
0.040494
0.462315
0.074287
0.174103
0.109411
0.119746
0.119746
0.119746
0.119746
0.069307
0.069307
0.069307
0.022207
0.022207
0.136942
0.099962
0.0376
0.016833
0.032349
0.077478
0.334726
0.009
0.009
0.148271
0.061689
0.061689
0.082226
0.162492
0.067777
0.067777
0.067777
0.008113
0.22816
0.247534
0.015724
0.372752
0.047058
0.069972
0.27802
0.035407
0.03678
0.317144
0.116587
0.179286
0.014305
0.141056
0.141056
0.141056
0.141056
0.487394
0.121507
0.234858
0.036465
0.010906
0.100252
0.056498
0.121967
0.094588
0.413701
0.041804
0.222056
0.288743
0.01958
0.169304
0.023201
0.04312
0.36175
0.129128
0.231629
0.020215
0.036941
0.067294
0.053686
0.067845
0.047648
0.003203
0.125823
0.637428
0.190113
0.041413
0.041413
0.268656
0.272975
0.11925
0.28552
0.28552
0.28552
0.28552
0.012127
0.101239
0.016683
0.292687
0.70315
0.050246
0.032846
0.032846
0.032846
0.217218
0.057788
0.950528
0.376035
0.376035
0.376035
0.376035
0.376035
0.376035
0.376035
0.401315
0.309702
0.096446
0.096446
0.096446
0.096446
0.096446
0.096446
0.096446
0.096446
0.229325
0.111388
0.99969
0.02704
0.02704
0.02704
0.02704
0.050061
0.02704
0.02704
0.02704
0.02704
0.523372
0.169783
0.185833
0.1156
0.004827
0.004827
0.158087
0.083382
0.00705
0.058136
0.058136
0.016076
0.127318
0.015336
0.039022
0.047151
0.047151
0.036506
0.036506
0.036506
0.036506
0.036506
0.020123
0.020123
0.067768
0.067768
0.094841
0.094841
0.016249
0.181218
0.41815
0.048073
0.048073
0.30407
0.048073
0.019929
0.286694
0.373363
0.084229
0.143073
0.089692
0.625529
0.097367
0.102322
0.005457
0.369904
0.342159
0.478788
0.708197
0.244015
0.08412
0.08412
0.336088
0.336088
0.336088
0.043726
0.581314
0.000191
0.047978
0.089063
0.092778
0.047978
0.023034
0.008806
0.008806
0.008806
0.00123
0.137977
0.000724
0.050978
0.050978
0.139927
0.039027
0.057255
0.015251
0.015251
0.039414
0.01923
0.01923
0.050743
0.01923
0.280558
0.113773
0.641627
0.101591
0.022095
0.022095
0.065572
0.023138
0.014569
0.298753
0.110945
0.009609
0.009609
0.009609
0.067918
0.072725
0.009893
0.009893
0.019977
0.005798
0.005798
0.024834
0.002733
0.071164
0.071164
0.083111
0.083111
0.083111
0.33629
0.42532
0.42532
0.42532
0.464098
0.42532
0.42532
0.42532
0.42532
0.42532
0.42532
0.42532
0.191433
0.191433
0.191433
0.333401
0.092609
0.092609
0.209627
0.092609
0.092609
0.092609
0.099342
0.099342
0.099342
0.099342
0.099342
0.002507
0.197975
0.197975
0.536365
0.019975
0.499811
0.046855
0.006146
0.227731
0.428183
0.002465
0.293599
0.293599
0.293599
0.032813
0.436352
0.099586
0.111113
0.227507
0.058181
0.049265
0.058181
0.044797
0.161448
0.044797
0.108896
0.007638
0.12904
0.304763
0.105595
0.117743
0.117743
0.083598
0.083598
0.083598
0.057945
0.023975
0.023975
0.017841
0.051249
0.038282
0.031463
0.095086
0.072467
0.176116
0.0307
0.042267
0.05374
0.228286
0.017015
0.013941
0.044811
0.01916
0.017556
0.118651
0.016208
0.016208
0.072804
0.022839
0.007607
0.179485
0.010519
0.263453
0.119067
0.06036
0.055118
0.049238
0.049238
0.049238
0.024137
0.01963
0.01963
0.033727
0.089024
0.089024
0.089024
0.102288
0.05352
0.001508
0.15489
0.09325
0.198611
0.020001
0.006612
0.090563
0.161995
0.004135
0.028195
0.010726
0.232113
0.144848
0.144848
0.144848
0.144848
0.00604
0.165256
0.416621
0.151173
0.151173
0.089833
0.366223
0.008226
0.016001
0.06667
0.007917
0.015841
0.015841
0.136557
0.005435
0.058463
0.030984
0.030984
0.587953
0.071528
0.00826
0.027544
0.335378
0.12713
0.12713
0.434658
0.184532
0.184532
0.201651
0.399631
0.317542
0.294349
0.220443
0.214006
0.214006
0.214006
0.110822
0.110822
0.110822
0.41803
0.283443
0.283443
0.268296
0.268296
0.319611
0.329416
0.001832
0.227292
0.15687
0.15687
0.15687
0.15687
0.232609
0.232609
0.232609
0.118037
0.231745
0.118037
0.118037
0.388016
0.071669
0.019329
0.019329
0.04703
0.04703
0.407791
0.112295
0.248775
0.439531
0.248775
0.248775
0.023686
0.045023
0.040777
0.040777
0.040777
0.168325
0.017278
0.017278
0.055055
0.772265
0.034997
0.01269
0.01269
0.049892
0.049892
0.092464
0.049892
0.049892
0.049892
0.763831
0.394452
0.091808
0.091808
0.297619
0.365808
0.456714
0.222177
0.222177
0.222177
0.222177
0.222177
0.222177
0.222177
0.222177
0.222177
0.222177
0.222177
0.222177
0.048826
0.167209
0.048826
0.036515
0.036515
0.036515
0.036515
0.186239
0.018919
0.934674
0.191488
0.03155
0.372441
0.372441
0.372441
0.372441
0.470732
0.287013
0.279037
0.825404
0.256769
0.256769
0.256769
0.256769
0.256769
0.256769
0.256769
0.011725
0.315888
0.037175
0.236611
0.236611
0.236611
0.236611
0.065144
0.043654
0.03955
0.03955
0.166085
0.052496
0.052496
0.032482
0.011373
0.003622
0.117082
0.158558
0.117082
0.117082
0.044271
0.261385
0.261385
0.290242
0.335595
0.261385
0.261385
0.261385
0.261385
0.261385
0.261385
0.261385
0.261385
0.043233
0.032249
0.002657
0.069977
0.085472
0.077165
0.033819
0.034556
0.00503
0.566863
0.014777
0.510871
0.59094
0.428066
0.363363
0.458664
0.458664
0.458664
0.118737
0.293897
0.293897
0.293897
0.293897
0.490957
0.154777
0.233651
0.155531
0.155531
0.096859
0.096859
0.096859
0.096859
0.096859
0.036124
0.13775
0.13775
0.233652
0.038815
0.023407
0.020866
0.020866
0.184591
0.137695
0.137695
0.055176
0.37199
0.355085
0.355085
0.355085
0.355085
0.355085
0.355085
0.355085
0.355085
0.355085
0.355085
0.355085
0.355085
0.355085
0.355085
0.355085
0.355085
0.355085
0.090184
0.090184
0.090184
0.090184
0.007404
0.055586
0.014108
0.0572
0.089139
0.010238
0.030095
0.179167
0.086197
0.086197
0.040198
0.149729
0.554634
0.326934
0.125876
0.125876
0.125876
0.125876
0.125876
0.125876
0.125876
0.125876
0.356306
0.125079
0.182836
0.125079
0.125079
0.125079
0.125079
0.507523
0.13771
0.262076
0.002456
0.107208
0.107208
0.107208
0.107208
0.107208
0.107208
0.217138
0.107208
0.045722
0.045722
0.208485
0.045722
0.045722
0.045722
0.00684
0.00684
0.030585
0.030585
0.030585
0.002629
0.002629
0.137942
0.083265
0.104191
0.104191
0.446518
0.201763
0.201763
0.201763
0.201763
0.201763
0.201763
0.201763
0.201763
0.201763
0.082298
0.082298
0.082298
0.082298
0.186226
0.142056
0.082441
0.004657
0.021504
0.021504
0.062414
0.016093
0.042639
0.042639
0.019787
0.073012
0.012243
0.043519
0.043519
0.047194
0.076698
0.123635
0.046827
0.037082
0.037082
0.013937
0.024572
0.087258
0.047092
0.047092
0.114289
0.114289
0.114289
0.085277
0.057251
0.002987
0.023449
0.41832
0.050177
0.050177
0.050177
0.050177
0.050177
0.016856
0.008876
0.414049
0.059298
0.059298
0.050574
0.408092
0.024442
0.041242
0.045771
0.056497
0.150088
0.012996
0.012996
0.220502
0.254
0.182001
0.182001
0.018715
0.182732
0.196267
0.14102
0.189915
0.079833
0.689125
0.542272
0.086869
0.192107
0.001183
0.276651
0.300546
0.067354
0.201273
0.047367
0.103287
0.103287
0.069584
0.025074
0.043486
0.210335
0.023799
0.153661
0.153661
0.323711
0.153661
0.061231
0.061231
0.033724
0.033724
0.033724
0.098929
0.877845
0.283795
0.283795
0.430325
0.027388
0.337684
0.238121
0.243865
0.202994
0.26299
0.362199
0.005993
0.236188
0.115959
0.115959
0.115959
0.115959
0.211064
0.109471
0.11244
0.42038
0.123321
0.015426
0.162321
0.005004
0.005004
0.008012
0.00607
0.00607
0.126841
0.126841
0.165067
0.029071
0.029071
0.029071
0.184896
0.082241
0.054152
0.054152
0.091247
0.248288
0.00419
0.174565
0.038287
0.114262
0.134516
0.144538
0.191671
0.023909
0.411262
0.042183
0.562233
0.224833
0.148716
0.148716
0.148716
0.124331
0.045905
0.040514
0.028062
0.028062
0.026051
0.026051
0.083759
0.083759
0.058984
0.008441
0.021463
0.613259
0.016154
0.505336
0.640906
0.379587
0.201701
0.113996
0.065016
0.089854
0.039422
0.46905
0.003469
0.113645
0.064106
0.123721
0.061488
0.061488
0.061488
0.061488
0.061488
0.35849
0.808031
0.239891
0.259114
0.090706
0.064721
0.268657
0.069381
0.069381
0.069381
0.269645
0.177465
0.177465
0.177465
0.090056
0.090056
0.015239
0.018091
0.014424
0.062559
0.062559
0.020033
0.030085
0.0787
0.074695
0.042709
0.061982
0.061982
0.061982
0.01439
0.037133
0.037133
0.273805
0.234253
0.234253
0.234253
0.157891
0.2765
0.2765
0.2765
0.2765
0.2765
0.071135
0.071135
0.071135
0.012401
0.41932
0.41932
0.60048
0.402157
0.594336
0.402157
0.402157
0.402157
0.402157
0.031969
0.176233
0.016763
0.103842
0.025795
0.253552
0.025795
0.025795
0.00321
0.00321
0.071113
0.14984
0.304073
0.247006
0.207792
0.207792
0.207792
0.061833
0.079026
0.236413
0.079026
0.079026
0.009635
0.360113
0.020722
0.184503
0.013227
0.017813
0.040692
0.021021
0.220151
0.255344
0.255344
0.255344
0.255344
0.255344
0.255344
0.255344
0.255344
0.255344
0.018553
0.118754
0.05869
0.489589
0.068783
0.48016
0.068783
0.11251
0.11251
0.11251
0.031856
0.282863
0.12915
0.12915
0.084497
0.41641
0.13171
0.072568
0.13171
0.622397
0.230829
0.230829
0.858974
0.230829
0.525535
0.388868
0.22393
0.676135
0.22393
0.22393
0.22393
0.376742
0.576229
0.376742
0.376742
0.376742
0.376742
0.376742
0.376742
0.376742
0.536326
0.536326
0.536326
0.536326
0.536326
0.536326
0.536326
0.536326
0.536326
0.536326
0.536326
0.536326
0.536326
0.536326
0.267358
0.585707
0.26586
0.302915
0.26586
0.574017
0.26586
0.737034
0.014121
0.014121
0.234034
0.234034
0.234034
0.234034
0.000596
0.478145
0.478145
0.478145
0.478145
0.478145
0.478145
0.478145
0.478145
0.478145
0.478145
0.396231
0.396231
0.396231
0.396231
0.396231
0.430219
0.396231
0.396231
0.000596
0.478145
0.478145
0.478145
0.478145
0.478145
0.478145
0.478145
0.478145
0.478145
0.478145
0.014121
0.014121
0.199999
0.069111
0.662312
0.077165
0.077165
0.077165
0.512163
0.147906
0.147906
0.147906
0.060349
0.060349
0.371398
0.014121
0.014121
0.478145
0.478145
0.478145
0.478145
0.478145
0.478145
0.478145
0.478145
0.478145
0.478145
0.000596
0.823367
0.134631
0.70279
0.000412
0.721539
0.574245
0.585978
0.776049
0.611051
0.241598
0.595682
0.241598
0.241598
0.241598
0.714473
0.241597
0.128202
0.176925
0.128202
0.128202
0.128202
0.128202
0.128202
0.128202
0.968188
0.578978
0.760362
0.712035
0.532907
0.496434
0.367134
0.367134
0.620525
0.367134
0.473371
0.367134
0.367134
0.367134
0.367134
0.46304
0.367134
0.367134
0.367134
0.610936
0.367134
0.67803
0.367134
0.625229
0.523075
0.517696
0.466011
0.562949
0.522706
0.497041
0.493559
0.677432
0.536416
0.536416
0.608022
0.608022
0.536416
0.536416
0.536416
0.536416
0.530105
0.530105
0.530105
0.530105
0.530105
0.530105
0.530105
0.530105
0.530105
0.530105
0.744829
0.728987
0.598582
0.62939
0.363339
0.518069
0.429329
0.164562
0.821137
0.164562
0.164562
0.543511
0.542063
0.52829
0.52829
0.36785
0.424072
0.525217
0.480769
0.671451
0.316671
0.222604
0.222604
0.583428
0.465084
0.367201
0.226387
0.226387
0.226387
0.567583
0.871168
0.656356
0.887047
0.303075
0.475597
0.303075
0.625884
0.303075
0.590028
0.570982
0.552165
0.468181
0.570957
0.468181
0.468181
0.468181
0.637959
0.468181
0.468181
0.468181
0.468181
0.468181
0.594717
0.492963
0.468181
0.57377
0.468181
0.468181
0.468181
0.468181
0.828195
0.468181
0.468181
0.537457
0.468181
0.468181
0.468181
0.468181
0.468181
0.468181
0.637959
0.468181
0.468181
0.468181
0.626038
0.61246
0.420516
0.420516
0.420516
0.420516
0.420516
0.420516
0.420516
0.420516
0.337362
0.410389
0.078157
0.078157
0.078157
0.413795
0.70201
0.459818
0.264699
0.264699
0.264699
0.264699
0.264699
0.264699
0.264699
0.264699
0.264699
0.264699
0.498184
0.209111
0.209111
0.209111
0.209111
0.209111
0.209111
0.209111
0.46325
0.46325
0.308976
0.308976
0.308976
0.308976
0.308976
0.308976
0.308976
0.308976
0.308976
0.308976
0.290992
0.531154
0.039342
0.039342
0.62136
0.420081
0.420081
0.420081
0.420081
0.420081
0.420081
0.420081
0.420081
0.420081
0.420081
0.420081
0.420081
0.420081
0.420081
0.420081
0.420081
0.420081
0.420262
0.420262
0.420262
0.420262
0.420262
0.420262
0.420262
0.420262
0.420262
0.420262
0.420262
0.420262
0.420262
0.420262
0.420262
0.420262
0.420262
0.420262
0.753469
0.661344
0.668821
0.590352
0.592124
0.418537
0.216446
0.558272
0.411607
0.411607
0.411607
0.411607
0.411607
0.411607
0.659681
0.740899
0.625882
0.696346
0.587188
0.618711
0.615584
0.616106
0.542082
0.542082
0.542082
0.542082
0.542082
0.542082
0.542082
0.542082
0.542082
0.542082
0.542082
0.542082
0.542082
0.542082
0.542082
0.542082
0.542082
0.542082
0.427066
0.427066
0.391585
0.14438
0.14438
0.14438
0.14438
0.415806
0.469588
0.382481
0.491756
0.197197
0.197197
0.476685
0.529686
0.529686
0.529686
0.529686
0.529686
0.529686
0.529686
0.614824
0.173583
0.422208
0.173583
0.451146
0.173583
0.451146
0.173583
0.18942
0.18942
0.18942
0.18942
0.18942
0.18942
0.18942
0.18942
0.18942
0.124374
0.046712
0.146632
0.041521
0.00917
0.00917
0.00917
0.029238
0.15795
0.194823
0.15795
0.031585
0.031585
0.031585
0.031585
0.158682
0.158682
0.158682
0.158682
0.291608
0.53729
0.507118
0.60195
0.511525
0.367197
0.381919
0.367197
0.600178
0.367197
0.367197
0.367197
0.601787
0.367197
0.367197
0.367197
0.458302
0.458302
0.458302
0.458302
0.458302
0.458302
0.458302
0.458302
0.481539
0.148849
0.148849
0.148849
0.148849
0.148849
0.148849
0.148849
0.596809
0.254387
0.461164
0.254387
0.254387
0.254387
0.254387
0.254387
0.254387
0.254387
0.579907
0.619928
0.570474
0.26619
0.26619
0.464082
0.26619
0.26619
0.26619
0.26619
0.26619
0.26619
0.592107
0.674468
0.552832
0.360594
0.132208
0.324098
0.132208
0.378842
0.132208
0.203372
0.015221
0.03041
0.028028
0.028028
0.10069
0.178391
0.030131
0.099501
0.024303
0.064278
0.035278
0.175108
0.228046
0.127716
0.228046
0.038511
0.039548
0.059834
0.015457
0.010828
0.010828
0.197205
0.124847
0.024627
0.001099
0.016228
0.043851
0.019089
0.010728
0.007698
0.001941
0.001973
0.02479
0.172229
0.00985
0.166124
0.027474
0.262737
0.612751
0.008003
0.038884
0.012838
0.286573
0.535625
0.286573
0.286573
0.266726
0.286573
0.605034
0.258183
0.258183
0.281019
0.111266
0.089744
0.089744
0.005594
0.40106
0.10878
0.276719
0.276719
0.276719
0.276719
0.276719
0.276719
0.177828
0.177828
0.288277
0.15404
0.010398
0.287787
0.162851
0.411915
0.538834
0.296542
0.328775
0.278432
0.278432
0.538668
0.480506
0.374443
0.004349
0.093042
0.051756
0.051756
0.020576
0.731297
0.172742
0.097158
0.614058
0.451816
0.507811
0.397784
0.397784
0.397784
0.397784
0.781135
0.397784
0.397784
0.397784
0.397784
0.397784
0.397784
0.397784
0.397784
0.397784
0.26723
0.26723
0.26723
0.010805
0.00754
0.045849
0.021657
0.021657
0.021657
0.01093
0.074581
0.074581
0.074581
0.074581
0.074581
0.074581
0.75595
0.344788
0.344788
0.344788
0.344788
0.344788
0.002767
0.018122
0.01714
0.202241
0.066276
0.021457
0.002206
0.092508
0.19178
0.004165
0.026599
0.026599
0.198974
0.076192
0.046166
0.102116
0.102116
0.102116
0.102116
0.07956
0.07956
0.120697
0.09965
0.015454
0.048516
0.055739
0.082689
0.082689
0.211865
0.211865
0.058511
0.376302
0.059243
0.342956
0.107783
0.118362
0.077468
0.059117
0.015126
0.015126
0.015126
0.015126
0.330532
0.040794
0.040794
0.040794
0.206223
0.344452
0.219636
0.219636
0.209238
0.138982
0.097944
0.044572
0.06291
0.053708
0.003693
0.011618
0.011618
0.044577
0.029161
0.021244
0.049426
0.032429
0.032429
0.001906
0.028875
0.004324
0.006933
0.317108
0.082874
0.082874
0.082874
0.082874
0.082874
0.082874
0.082874
0.005703
0.005703
0.005703
0.005703
0.024922
0.009121
0.016283
0.123925
0.098462
0.123925
0.226534
0.010361
0.141485
0.340307
0.141485
0.057754
0.159521
0.230323
0.014116
0.014116
0.08809
0.109174
0.060996
0.08137
0.08137
0.520217
0.058198
0.225937
0.00199
0.094999
0.172288
0.279186
0.00449
0.003265
0.003265
0.031476
0.182088
0.260232
0.277405
0.265622
0.265622
0.025525
0.025525
0.025525
0.061154
0.061154
0.046591
0.006181
0.031251
0.006807
0.011023
0.026879
0.001872
0.243264
0.056553
0.001722
0.033272
0.033272
0.062851
0.145874
0.145874
0.113126
0.113126
0.113126
0.013281
0.006882
0.006882
0.110994
0.110994
0.110994
0.005853
0.310547
0.155252
0.155252
0.155252
0.155252
0.083335
0.022819
0.051661
0.041421
0.045867
0.167745
0.024439
0.016485
0.170497
0.170497
0.170497
0.170497
0.170497
0.170497
0.170497
0.170497
0.170497
0.051627
0.053545
0.376812
0.075079
0.637152
0.345211
0.345211
0.345211
0.345211
0.164075
0.164075
0.164075
0.164075
0.231995
0.231995
0.313153
0.199357
0.231012
0.061023
0.023845
0.139474
0.066509
0.00911
0.001535
0.179662
0.179662
0.179662
0.179662
0.179662
0.033699
0.0233
0.0233
0.165467
0.165467
0.165467
0.165467
0.11613
0.11613
0.11613
0.11613
0.003195
0.003195
0.007225
0.160188
0.504599
0.10532
0.122237
0.448124
0.051871
0.298314
0.340433
0.298314
0.298314
0.016298
0.001765
0.001765
0.002945
0.054207
0.054207
0.054207
0.046075
0.046075
0.383679
0.003193
0.124591
0.124591
0.158888
0.158888
0.158888
0.158888
0.006886
0.035418
0.013971
0.122196
0.019229
0.258808
0.207284
0.04714
0.363582
0.192286
0.142592
0.142592
0.142592
0.035675
0.138173
0.138173
0.138173
0.138173
0.138173
0.057205
0.00341
0.000358
0.12721
0.006115
0.0575
0.000851
0.012302
0.012302
0.119657
0.083073
0.101507
0.003019
0.036788
0.011799
0.033335
0.001378
0.016286
0.016286
0.016286
0.005197
0.005197
0.005197
0.005197
0.005197
0.041107
0.041107
0.008539
0.005404
0.018901
0.049241
0.214347
0.176158
0.176158
0.176158
0.006869
0.361459
0.061233
0.064545
0.00037
0.047652
0.10474
0.050753
0.127452
0.01937
0.007922
0.002106
0.302114
0.302114
0.302114
0.302114
0.302114
0.266488
0.017463
0.017463
0.010749
0.006894
0.011966
0.053041
0.015625
0.479215
0.296034
0.132794
0.41258
0.175941
0.299609
0.299609
0.002335
0.155222
0.241708
0.007138
0.007138
0.015789
0.046495
0.030882
0.00052
0.065006
0.134334
0.065006
0.065006
0.001198
0.014096
0.041728
0.708979
0.530124
0.857578
0.438423
0.438423
0.562865
0.438423
0.650109
0.408662
0.408662
0.408662
0.684161
0.322012
0.322012
0.478083
0.478083
0.478083
0.478083
0.63694
0.47769
0.252605
0.252605
0.252605
0.252605
0.47769
0.47769
0.47769
0.521694
0.521694
0.521694
0.521694
0.807355
0.521694
0.311959
0.311959
0.644324
0.644324
0.644324
0.644324
0.644324
0.644324
0.644324
0.644324
0.644324
0.644324
0.644324
0.655646
0.610588
0.671642
0.610588
0.610588
0.610588
0.610588
0.789575
0.635154
0.635154
0.635154
0.635154
0.606395
0.488061
0.606395
0.488061
0.488061
0.488061
0.606395
0.488061
0.606395
0.488061
0.488061
0.488061
0.479977
0.479977
0.479977
0.479977
0.479977
0.479977
0.479977
0.479977
0.007489
0.107292
0.000124
0.348013
0.003098
0.000928
0.000166
0.063453
0.085312
0.031162
0.014606
0.022317
0.00488
0.000393
0.009296
0.009296
0.009296
0.174938
0.068571
0.068571
0.068571
0.068571
0.035508
0.035508
0.035508
0.013744
0.013744
0.009826
0.009826
0.004725
0.069509
0.069509
0.069509
0.069509
0.069509
0.010365
0.010365
0.010365
0.010365
0.167468
0.167468
0.167468
0.138453
0.167469
0.167469
0.167469
0.070339
0.004783
0.130058
0.051908
0.051908
0.010939
0.010939
0.012646
0.012646
0.012646
0.012646
0.022177
0.022177
0.014518
0.014518
0.014518
0.008799
0.008799
0.066732
0.066732
0.066732
0.059562
0.059562
0.059562
0.059562
0.059562
0.393959
0.15728
0.15728
0.15728
0.15728
0.15728
0.15728
0.223603
0.049591
0.021886
0.114902
0.028645
0.024811
0.024811
0.264744
0.264744
0.381991
0.264744
0.264744
0.264744
0.405615
0.264744
0.076108
0.076108
0.007298
0.025533
0.025533
0.009449
0.009449
0.009449
0.009449
0.009449
0.019277
0.019277
0.019277
0.035033
0.17591
0.039312
0.039312
0.515255
0.209399
0.22522
0.159645
0.22522
0.22522
0.22522
0.153089
0.033978
0.016352
0.016352
0.016352
0.016352
0.022864
0.011516
0.015325
0.209019
0.006519
0.074139
0.006519
0.036312
0.246361
0.009757
0.150215
0.150215
0.150215
0.001042
0.003922
0.197793
0.263774
0.263774
0.263774
0.263774
0.263774
0.263774
0.263774
0.008121
0.068235
0.100112
0.068235
0.180703
0.393833
0.372205
0.491202
0.269484
0.269484
0.269484
0.269484
0.269484
0.269484
0.024961
0.024961
0.243325
0.000105
0.106362
0.055961
0.003755
0.02444
0.044012
0.044012
0.044012
0.004638
0.001138
0.004782
0.00044
0.037257
0.040936
0.067629
0.019582
0.010062
0.077009
0.040343
0.115692
0.026784
0.002684
0.001058
0.001058
0.00303
0.016618
0.001818
0.031889
0.031889
0.031889
0.003755
0.537106
0.537106
0.537106
0.537106
0.537106
0.537106
0.537106
0.537106
0.592162
0.343397
0.659912
0.298808
0.440622
0.243801
0.113834
0.113834
0.113834
0.293164
0.392331
0.392331
0.392331
0.392331
0.165822
0.165822
0.292144
0.469264
0.084692
0.097152
0.230966
0.230966
0.230966
0.005743
0.16755
0.044393
0.044393
0.044393
0.161338
0.161338
0.07541
0.07541
0.232934
0.13664
0.13664
0.174497
0.174497
0.174497
0.174497
0.174497
0.174497
0.174497
0.239455
0.266006
0.239455
0.239455
0.239455
0.239455
0.239455
0.239455
0.060359
0.207803
0.207803
0.000696
0.193932
0.148025
0.238864
0.148025
0.148025
0.148025
0.148025
0.148025
0.148025
0.148025
0.25416
0.148025
0.148025
0.148025
0.089055
0.484668
0.049313
0.030666
0.525822
0.277796
0.277796
0.277796
0.3579
0.030987
0.030987
0.030987
0.017638
0.017638
0.529916
0.373856
0.581587
0.373856
0.529916
0.010952
0.480219
0.350178
0.347575
0.480219
0.350178
0.334152
0.334152
0.334152
0.394402
0.144957
0.144957
0.144957
0.144957
0.144957
0.144957
0.518236
0.814375
0.070025
0.070025
0.206842
0.433959
0.206842
0.206842
0.363931
0.363931
0.363931
0.363931
0.363931
0.597384
0.597384
0.597384
0.597384
0.597384
0.597384
0.597384
0.597384
0.597384
0.597384
0.597384
0.597384
0.597384
0.597384
0.597384
0.597384
0.597384
0.597384
0.018027
0.018027
0.182374
0.081236
0.114572
0.114572
0.034169
0.044089
0.0914
0.041631
0.041631
0.001413
0.249713
0.000143
0.07077
0.016924
0.129542
0.048293
0.048293
0.048293
0.213374
0.213374
0.213374
0.005918
0.008196
0.185512
0.239359
0.239359
0.239359
0.101775
0.022505
0.100907
0.100907
0.23523
0.278648
0.278648
0.098873
0.050584
0.022055
0.069416
0.323665
0.323665
0.323665
0.091722
0.091722
0.091722
0.090024
0.090024
0.370429
0.856783
0.370429
0.370429
0.624324
0.025569
0.004103
0.004103
0.000101
0.000224
0.000224
0.044532
0.044532
0.044532
0.852942
0.337615
0.044532
0.044532
0.044532
0.904502
0.044532
0.040619
0.17152
0.17152
0.17152
0.17152
0.17152
0.17152
0.17152
0.17152
0.17152
0.17152
0.004092
0.004092
0.010176
0.010176
0.010176
0.000579
0.000579
0.001163
0.001163
0.001163
0.000332
0.000332
0.006582
0.036743
0.006582
0.016902
0.421889
0.025856
0.196133
0.15304
0.011062
0.099045
0.099045
0.099045
0.099045
0.099045
0.099045
0.514823
0.099045
0.099045
0.004533
0.319138
0.057209
0.085345
0.057209
0.057209
0.057209
0.098147
0.021581
0.017738
0.017738
0.025414
0.184601
0.184601
0.041458
0.041458
0.021207
0.079618
0.079618
0.072044
0.079618
0.045313
0.045313
0.045313
0.033802
0.033802
0.033802
0.031086
0.031086
0.087772
0.031086
0.001637
0.121059
0.121059
0.121059
0.121059
0.121059
0.002482
0.125015
0.012571
0.012571
0.036768
0.000299
0.011913
0.011913
0.006297
0.006297
0.01374
0.000871
0.099945
0.001133
0.069692
0.028056
0.036705
0.036705
0.046416
0.001334
0.005418
0.057014
0.014632
0.025063
0.000587
0.255197
0.121198
0.1362
0.246729
0.005424
0.013559
0.013559
0.060064
0.060064
0.060064
0.132594
0.008345
0.002453
0.002023
0.089928
0.011721
0.011721
0.503144
0.021966
0.00349
0.635226
0.532998
0.02868
0.02868
0.479728
0.479728
0.479728
0.479728
0.479728
0.479728
0.479728
0.479728
0.479728
0.220431
0.220431
0.220431
0.109174
0.268629
0.007758
0.113857
0.113857
0.113857
0.113857
0.032053
0.548723
0.086697
0.086697
0.013263
0.216476
0.216476
0.216476
0.216476
0.216476
0.031839
0.340431
0.007698
0.01927
0.007782
0.01848
0.01848
0.01848
0.021419
0.021419
0.201334
0.677248
0.136273
0.073699
0.073699
0.073699
0.163779
0.16282
0.163779
0.234788
0.034296
0.027682
0.138869
0.138869
0.138869
0.030623
0.047241
0.386216
0.386216
0.386216
0.386216
0.386216
0.315767
0.315767
0.315767
0.315767
0.315767
0.039589
0.028418
0.028418
0.109429
0.109429
0.094131
0.094131
0.094131
0.109717
0.145682
0.012578
0.012578
0.028162
0.019268
0.099136
0.036717
0.20618
0.20618
0.20618
0.050185
0.432374
0.378955
0.268974
0.268974
0.268974
0.203837
0.050829
0.050829
0.007483
0.075454
0.075454
0.118466
0.252776
0.252776
0.252776
0.252776
0.112697
0.19547
0.19547
0.19547
0.19547
0.19547
0.132184
0.132184
0.132184
0.097568
0.020454
0.242818
0.242818
0.242818
0.242818
0.242818
0.242818
0.242818
0.27672
0.242818
0.552226
0.003887
0.020232
0.001291
0.092287
0.092287
0.092287
0.303074
0.303074
0.303074
0.303074
0.463112
0.287948
0.205712
0.417652
0.049011
0.00097
0.003132
0.066363
0.066363
0.066363
0.116128
0.116128
0.116128
0.116128
0.056701
0.056701
0.056701
0.056701
0.22696
0.22696
0.22696
0.22696
0.048222
0.084973
0.256688
0.374664
0.196434
0.19295
0.109002
0.062955
0.256343
0.107948
0.09393
0.069676
0.01788
0.095548
0.095548
0.070728
0.070728
0.070728
0.021988
0.00404
0.175952
0.089994
0.007978
0.07221
0.122948
0.041609
0.331194
0.331194
0.331194
0.331194
0.331194
0.161935
0.020682
0.020682
0.020682
0.020152
0.017392
0.017392
0.097375
0.097375
0.097375
0.097375
0.070239
0.070239
0.172467
0.172467
0.011385
0.007031
0.007031
0.009943
0.275325
0.033084
0.033084
0.033084
0.063495
0.020648
0.167936
0.280099
0.37514
0.156671
0.28098
0.156671
0.156671
0.156671
0.025803
0.067497
0.000791
0.016766
0.064354
0.000102
0.000203
0.116227
0.116227
0.116227
0.032824
0.045137
0.045137
0.403891
0.17046
0.153664
0.153664
0.163833
0.001091
0.039773
0.039773
0.039773
0.295474
0.295474
0.295474
0.295474
0.295474
0.295474
0.002226
0.007195
0.035526
0.037812
0.037812
0.037812
0.021315
0.021315
0.428636
0.851666
0.087562
0.283264
0.290809
0.290809
0.290809
0.080992
0.080992
0.042431
0.040277
0.05127
0.002926
0.18832
0.18832
0.002037
0.038561
0.038561
0.012819
0.209854
0.079043
0.079043
0.057631
0.057631
0.057631
0.045569
0.045569
0.045569
0.000124
0.05744
0.050163
0.050163
0.05677
0.002118
0.100032
0.315456
0.315456
0.438761
0.438761
0.438761
0.438761
0.438761
0.383771
0.383771
0.383771
0.383771
0.383771
0.383771
0.383771
0.120706
0.120706
0.120706
0.003477
0.027071
0.040686
0.002344
0.007435
0.023732
0.023732
0.023732
0.023732
0.023732
0.098495
0.200246
0.078784
0.078784
0.078784
0.078784
0.078784
0.164271
0.078664
0.008183
0.138264
0.126261
0.195093
0.195093
0.307597
0.156504
0.166512
0.017666
0.017666
0.16419
0.16419
0.16419
0.217399
0.16419
0.16419
0.16419
0.16419
0.16419
0.16419
0.16419
0.102572
0.102572
0.046544
0.060467
0.060467
0.215382
0.001464
0.259338
0.077178
0.165534
0.165534
0.603052
0.728968
0.603052
0.603052
0.603052
0.603052
0.603052
0.603052
0.353379
0.353379
0.353379
0.132006
0.059542
0.199023
0.081204
0.081204
0.081204
0.081204
0.283734
0.007532
0.126963
0.087372
0.075984
0.075984
0.075984
0.075984
0.061548
0.094804
0.006093
0.317669
0.317669
0.317669
0.317669
0.317669
0.322906
0.322906
0.620894
0.711644
0.620894
0.620894
0.620894
0.620894
0.620894
0.620894
0.620894
0.620894
0.711644
0.620894
0.620894
0.629351
0.927795
0.6401
0.919814
0.475408
0.475408
0.475408
0.475408
0.475408
0.475408
0.475408
0.475408
0.475408
0.475408
0.475408
0.475408
0.475408
0.613787
0.475408
0.475408
0.475408
0.006076
0.004233
0.334439
0.20708
0.022687
0.037442
0.054246
0.191374
0.024308
0.990685
0.057253
0.000344
0.467762
0.467762
0.467762
0.01715
0.104359
0.15208
0.15208
0.331727
0.331727
0.543952
0.331727
0.331727
0.61771
0.448039
0.124135
0.392709
0.392709
0.392709
0.269686
0.131205
0.451292
0.356481
0.099622
0.076055
0.113399
0.51127
0.30359
0.30359
0.037378
0.105113
0.018238
0.014299
0.585371
0.585371
0.585371
0.585371
0.585371
0.085262
0.552638
0.552638
0.552638
0.552638
0.584875
0.584875
0.584875
0.584875
0.584875
0.584875
0.10611
0.691244
0.359871
0.359871
0.359871
0.359871
0.359871
0.359871
0.038944
0.120549
0.120549
0.120549
0.120549
0.168866
0.168866
0.168866
0.00102
0.405315
0.405315
0.405315
0.405315
0.405315
0.405315
0.405315
0.405315
0.115444
0.007026
0.032234
0.51055
0.51055
0.51055
0.097983
0.097983
0.097983
0.464373
0.464373
0.464373
0.464373
0.464373
0.464373
0.464373
0.464373
0.464373
0.464373
0.464373
0.176538
0.176538
0.176538
0.625853
0.625853
0.723962
0.625853
0.625853
0.625853
0.202719
0.164833
0.229269
0.052083
0.051071
0.341397
0.248544
0.248544
0.077702
0.245872
0.245872
0.245872
0.000926
0.005218
0.142254
0.130009
0.130009
0.130009
0.007675
0.065134
0.006857
0.144064
0.144064
0.144064
0.100892
0.506265
0.506265
0.506265
0.506265
0.506265
0.506265
0.506265
0.506265
0.037004
0.061583
0.061583
0.031088
0.031088
0.031088
0.508645
0.508645
0.508645
0.508645
0.508645
0.508645
0.129407
0.002175
0.207449
0.316246
0.316246
0.316246
0.316246
0.102914
0.102914
0.013626
0.013626
0.046776
0.498244
0.200153
0.200153
0.017171
0.067795
0.025191
0.261976
0.261976
0.261976
0.108259
0.108259
0.108259
0.334353
0.334353
0.334353
0.05609
0.05609
0.05609
0.064435
0.251602
0.324237
0.324237
0.324237
0.060402
0.164059
0.174147
0.174147
0.174147
0.174147
0.174147
0.174147
0.174147
0.017712
0.032079
0.004412
0.189899
0.189899
0.336255
0.553637
0.553637
0.553637
0.553637
0.553637
0.553637
0.220021
0.220021
0.401695
0.373071
0.373071
0.373071
0.373071
0.373071
0.373071
0.373071
0.373071
0.373071
0.018717
0.031166
0.031166
0.188094
0.313282
0.194607
0.194607
0.194607
0.095034
0.119519
0.119519
0.119519
0.119519
0.119519
0.218928
0.218928
0.168528
0.26892
0.503226
0.356205
0.616944
0.24729
0.081576
0.204082
0.32967
0.32967
0.317045
0.14301
0.349831
0.606902
0.606902
0.606902
0.606902
0.606902
0.606902
0.606902
0.606902
0.606902
0.606902
0.257967
0.194334
0.035114
0.015035
0.029131
0.003027
0.030362
0.08143
0.005971
0.120238
0.005034
0.002132
0.004906
0.003077
0.00206
0.088538
0.035722
0.035722
0.035722
0.02509
0.02509
0.00175
0.097248
0.030124
0.000451
0.023351
0.011098
0.00375
0.00296
0.003294
0.08154
0.001553
0.002286
0.002286
0.000451
0.012349
0.222686
0.076926
0.005414
0.003507
0.022949
0.005202
0.005202
0.005202
0.011009
0.01198
0.25139
0.085492
0.146796
0.085492
0.037667
0.162517
0.162517
0.162517
0.162517
0.162517
0.162517
0.162517
0.162517
0.026043
0.026043
0.026043
0.026043
0.011225
0.006061
0.015
0.1018
0.003487
0.003487
0.006359
0.015052
0.015052
0.059808
0.059808
0.059808
0.007641
0.007641
0.007641
0.4348
0.4348
0.282757
0.49895
0.49895
0.49895
0.49895
0.341335
0.341335
0.341335
0.341335
0.001603
0.12099
0.12099
0.12099
0.12099
0.12099
0.12099
0.23984
0.23984
0.303452
0.23984
0.23984
0.23984
0.23984
0.23984
0.303452
0.009972
0.215806
0.215806
0.215806
0.044103
0.274259
0.274259
0.274259
0.547105
0.547105
0.547105
0.547105
0.547105
0.197823
0.197823
0.197823
0.197823
0.197823
0.197823
0.578314
0.578314
0.578314
0.578314
0.578314
0.578314
0.578314
0.578314
0.578314
0.578314
0.578314
0.578314
0.578314
0.578314
0.578314
0.578314
0.578314
0.578314
0.578314
0.578314
0.578314
0.020426
0.020426
0.020426
0.508962
0.264764
0.264764
0.264764
0.264764
0.067212
0.116108
0.419392
0.419392
0.419392
0.419392
0.419392
0.419392
0.419392
0.419392
0.545404
0.545404
0.545404
0.545404
0.545404
0.545404
0.545404
0.545404
0.545404
0.545404
0.545404
0.069777
0.035994
0.424914
0.424914
0.424914
0.424914
0.614285
0.372308
0.305004
0.511525
0.305004
0.305004
0.335987
0.335987
0.335987
0.335987
0.335987
0.329563
0.329563
0.329563
0.104686
0.083251
0.083251
0.003212
0.036335
0.017041
0.092595
0.092595
0.524282
0.296237
0.263318
0.136526
0.136526
0.111534
0.103441
0.103441
0.012705
0.439471
0.439471
0.439471
0.439471
0.439471
0.439471
0.439471
0.226481
0.226481
0.328184
0.328184
0.277894
0.514562
0.514562
0.514562
0.514562
0.514562
0.514562
0.514562
0.514562
0.667157
0.116682
0.116682
0.108363
0.108363
0.108363
0.108363
0.330864
0.171851
0.330864
0.049316
0.104813
0.088042
0.088042
0.263708
0.526899
0.263708
0.263708
0.263708
0.157593
0.157593
0.157593
0.157593
0.106692
0.106692
0.0843
0.0843
0.0843
0.002396
0.428021
0.428021
0.428021
0.428021
0.282047
0.282047
0.282047
0.282047
0.282047
0.153615
0.153615
0.153615
0.024752
0.024752
0.024752
0.674689
0.089209
0.089209
0.089209
0.089209
0.121745
0.121745
0.071412
0.051377
0.079446
0.079446
0.079446
0.089893
0.089893
0.089893
0.089893
0.089893
0.089893
0.059158
0.001496
0.567753
0.567753
0.567753
0.567753
0.567753
0.567753
0.066633
0.066633
0.597273
0.597273
0.597273
0.597273
0.597273
0.597273
0.357485
0.357485
0.617997
0.617997
0.617997
0.617997
0.617997
0.617997
0.431211
0.431211
0.431211
0.431211
0.431211
0.431211
0.14556
0.269954
0.269954
0.269954
0.269954
0.118431
0.118431
0.118431
0.141909
0.141909
0.138923
0.138923
0.138923
0.264294
0.264294
0.264294
0.264294
0.264294
0.264294
0.170047
0.201885
0.201885
0.201885
0.052206
0.052206
0.068231
0.10591
0.061802
0.061802
0.018646
0.018646
0.018646
0.016975
0.016975
0.110079
0.110303
0.110303
0.046658
0.125266
0.125266
0.031143
0.087247
0.11474
0.11474
0.062299
0.062299
0.062299
0.10645
0.015912
0.003175
0.234317
0.234317
0.022849
0.022849
0.022849
0.564127
0.564127
0.564127
0.564127
0.564127
0.564127
0.564127
0.564127
0.564127
0.564127
0.564127
0.564127
0.564127
0.564127
0.564127
0.108318
0.108318
0.030241
0.030241
0.24868
0.030241
0.030241
0.027079
0.018099
0.097129
0.018099
0.034641
0.034641
0.000862
0.106996
0.579405
0.579405
0.579405
0.579405
0.579405
0.579405
0.579405
0.579405
0.579405
0.579405
0.654811
0.654811
0.654811
0.654811
0.654811
0.654811
0.654811
0.654811
0.654811
0.654811
0.654811
0.654811
0.640064
0.604222
0.604222
0.604222
0.604222
0.604222
0.604222
0.604222
0.604222
0.604222
0.125814
0.125814
0.125814
0.0415
0.598888
0.903618
0.976923
0.95848
0.709979
0.286999
0.614668
0.497702
0.990636
0.859486
0.076427
0.391458
0.391458
0.391458
0.391458
0.391458
0.059671
0.059671
0.059671
0.059671
0.311365
0.311365
0.311365
0.23328
0.23328
0.392851
0.392851
0.392851
0.392851
0.014432
0.014432
0.11259
0.452882
0.452882
0.452882
0.426376
0.426376
0.511263
0.511263
0.511263
0.511263
0.511263
0.583177
0.583177
0.583177
0.583177
0.583177
0.583177
0.583177
0.714037
0.583177
0.583177
0.583177
0.697396
0.542533
0.57788
0.437295
0.437295
0.033588
0.071173
0.020958
0.031178
0.031178
0.031178
0.355272
0.21556
0.21556
0.355272
0.21556
0.355272
0.21556
0.21556
0.21556
0.088416
0.088416
0.088416
0.001622
0.001622
0.0001
0.002459
0.002459
0.168355
0.813411
0.924672
0.658576
0.168355
0.486315
0.168355
0.672879
0.168355
0.168355
0.107034
0.425401
0.107034
0.107034
0.510148
0.107034
0.107034
0.107034
0.002299
0.664158
0.664158
0.708275
0.136983
0.278161
0.278161
0.719659
0.992575
0.689363
0.628638
0.48176
0.48176
0.48176
0.48176
0.48176
0.48176
0.475788
0.652506
0.682821
0.494632
0.370952
0.310492
0.46959
0.013401
0.013401
0.106263
0.683644
0.631825
0.707659
0.631825
0.729648
0.631825
0.631825
0.631825
0.631825
0.631825
0.646964
0.631825
0.631825
0.631825
0.631825
0.631825
0.465876
0.465876
0.465876
0.465876
0.465876
0.465876
0.465876
0.669919
0.744298
0.767776
0.53304
0.53304
0.53304
0.53304
0.53304
0.53304
0.53304
0.53304
0.53304
0.686937
0.53304
0.53304
0.471259
0.554003
0.605195
0.471259
0.471259
0.471259
0.471259
0.471259
0.494663
0.494663
0.494663
0.494663
0.494663
0.657159
0.494663
0.494663
0.572852
0.722371
0.660358
0.529923
0.529923
0.709065
0.681187
0.529923
0.529923
0.529923
0.680967
0.529923
0.529923
0.529923
0.857356
0.54545
0.307611
0.416484
0.416484
0.416484
0.416484
0.416484
0.416484
0.416484
0.416484
0.416484
0.315028
0.315028
0.315028
0.461672
0.224229
0.162258
0.476744
0.476744
0.476744
0.567702
0.476744
0.476744
0.476744
0.613373
0.613373
0.613373
0.613373
0.613373
0.613373
0.613373
0.613373
0.613373
0.613373
0.613373
0.613373
0.613373
0.613373
0.613373
0.613373
0.613373
0.613373
0.613373
0.613373
0.613373
0.613373
0.613373
0.613373
0.613373
0.613373
0.195261
0.195261
0.195261
0.195261
0.195261
0.195261
0.178878
0.541799
0.674454
0.541799
0.541799
0.541799
0.719794
0.746322
0.541799
0.541799
0.773305
0.541799
0.539395
0.539395
0.539395
0.539395
0.539395
0.539395
0.690698
0.5801
0.5801
0.5801
0.5801
0.5801
0.5801
0.777546
0.5801
0.5801
0.538223
0.538223
0.538223
0.538223
0.538223
0.538223
0.538223
0.610508
0.14334
0.61905
0.311326
0.578725
0.578725
0.578725
0.578725
0.578725
0.578725
0.578725
0.578725
0.578725
0.578725
0.578725
0.578725
0.578725
0.604854
0.767216
0.470794
0.56809
0.471508
0.952011
0.471508
0.391033
0.391033
0.982183
0.632346
0.83191
0.368874
0.859679
0.922807
0.751716
0.944252
0.624502
0.690938
0.767425
0.650428
0.775875
0.707758
0.818346
0.76334
0.866783
0.539665
0.716813
0.814302
0.917495
0.322671
0.709341
0.699175
0.640226
0.646323
0.322671
0.322671
0.526313
0.797892
0.556203
0.453808
0.625276
0.453808
0.604465
0.694691
0.453808
0.453808
0.453808
0.58684
0.487675
0.487675
0.517674
0.988413
0.602036
0.434719
0.434719
0.628649
0.14123
0.844231
0.508762
0.542525
0.576217
0.398319
0.572875
0.635723
0.44034
0.228015
0.399073
0.399073
0.399073
0.410589
0.410589
0.410589
0.410589
0.388967
0.388967
0.388967
0.388967
0.388967
0.388967
0.388967
0.617253
0.550252
0.513877
0.513877
0.580172
0.580172
0.605079
0.689108
0.789071
0.514544
0.689108
0.514544
0.707342
0.328094
0.328094
0.328094
0.328094
0.328094
0.328094
0.328094
0.703516
0.452648
0.51759
0.51759
0.551071
0.551071
0.551071
0.551071
0.624567
0.624567
0.624567
0.624567
0.624567
0.624567
0.42894
0.42894
0.42894
0.616443
0.616443
0.616443
0.493364
0.493364
0.493364
0.493364
0.493364
0.493364
0.493364
0.139567
0.139567
0.139567
0.000564
0.119554
0.000531
0.759846
0.643855
0.64165
0.515573
0.515573
0.700671
0.643855
0.656957
0.656957
0.707339
0.515573
0.700671
0.515573
0.515573
0.515573
0.515573
0.644943
0.656957
0.590015
0.662318
0.590015
0.671357
0.662318
0.590015
0.590015
0.590015
0.590015
0.590015
0.590015
0.590015
0.590015
0.590015
0.590015
0.590015
0.671357
0.662318
0.590015
0.662318
0.650492
0.53406
0.53406
0.53406
0.650492
0.53406
0.53406
0.53406
0.53406
0.53406
0.53406
0.528756
0.528756
0.642718
0.528756
0.642718
0.642718
0.642718
0.528756
0.528756
0.528756
0.528756
0.528756
0.528756
0.528756
0.53413
0.53413
0.53413
0.53413
0.53413
0.53413
0.53413
0.53413
0.046741
0.046741
0.744717
0.046741
0.046741
0.175568
0.175568
0.175568
0.175568
0.175568
0.175568
0.175568
0.175568
0.251545
0.251545
0.052646
0.100963
0.75693
0.423919
0.641533
0.641533
0.641533
0.641533
0.641533
0.641533
0.303783
0.303783
0.536841
0.511318
0.511318
0.511318
0.622069
0.289409
0.390786
0.390786
0.120673
0.778616
0.501303
0.501303
0.557605
0.511524
0.557605
0.557605
0.557605
0.557605
0.557605
0.517791
0.517791
0.517791
0.517791
0.517791
0.517791
0.315511
0.315511
0.315511
0.315511
0.555696
0.315511
0.315511
0.394215
0.222286
0.222286
0.246604
0.246604
0.246604
0.246604
0.246604
0.481884
0.082393
0.115589
0.573145
0.082393
0.451557
0.418245
0.50304
0.235759
0.319385
0.141932
0.141932
0.141932
0.418336
0.59326
0.352351
0.352351
0.352351
0.352351
0.352351
0.352351
0.352351
0.352351
0.352351
0.352351
0.352351
0.352351
0.480698
0.614303
0.614303
0.614303
0.614303
0.614303
0.614303
0.614303
0.465984
0.465984
0.582572
0.582572
0.582572
0.582572
0.11209
0.11209
0.285001
0.500866
0.360572
0.360572
0.435687
0.435687
0.435687
0.414489
0.694746
0.498361
0.498361
0.498361
0.498361
0.189699
0.189699
0.01682
0.01682
0.013633
0.002942
0.003527
0.611327
0.611327
0.611327
0.418234
0.418234
0.322972
0.517079
0.693536
0.569797
0.492138
0.272479
0.528307
0.373743
0.373743
0.373743
0.014411
0.464281
0.425289
0.425289
0.425289
0.425289
0.425289
0.425289
0.425289
0.501701
0.676706
0.699187
0.889225
0.554868
0.461125
0.61514
0.656783
0.467291
0.467291
0.467291
0.505907
0.446219
0.446219
0.446219
0.446219
0.531801
0.61
0.462801
0.691861
0.529594
0.023057
0.015001
0.015001
0.015001
0.008636
0.003353
0.00896
0.009543
0.014224
0.014224
0.014224
0.001947
0.001947
0.001895
0.004032
0.004032
0.005494
0.005494
0.005494
0.022186
0.00223
0.005764
0.005764
0.000987
0.006563
0.006563
0.006563
0.006563
0.050186
0.050186
0.050186
0.01659
0.059434
0.000789
0.08246
0.027564
0.028066
0.028066
0.34907
0.34907
0.609601
0.34907
0.34907
0.290013
0.290013
0.613973
0.162104
0.135647
0.601944
0.277023
0.536137
0.277023
0.290013
0.290013
0.290013
0.290013
0.436177
0.382129
0.437787
0.437787
0.530062
0.530062
0.43844
0.363061
0.279842
0.279842
0.816925
0.577003
0.327172
0.281452
0.255793
0.231594
0.231594
0.231594
0.231594
0.231594
0.231594
0.231594
0.203742
0.071486
0.571774
0.099749
0.146303
0.384017
0.634156
0.384017
0.384017
0.384017
0.267448
0.267448
0.001618
0.303523
0.303523
0.099749
0.001618
0.260858
0.260858
0.260858
0.260858
0.260858
0.260858
0.260858
0.260858
0.260858
0.260858
0.330239
0.348253
0.348253
0.594399
0.594399
0.594399
0.241168
0.353902
0.218919
0.376071
0.218919
0.218919
0.218919
0.218919
0.218919
0.517675
0.517675
0.517675
0.517675
0.470882
0.470882
0.470882
0.000449
0.108554
0.727
0.641165
0.641165
0.641165
0.641165
0.641165
0.641165
0.641165
0.641165
0.512641
0.512641
0.32339
0.519854
0.519854
0.519854
0.591575
0.732168
0.365647
0.896686
0.430422
0.550767
0.36089
0.345199
0.392339
0.421027
0.515956
0.515956
0.568515
0.459483
0.459483
0.306233
0.445049
0.445049
0.549801
0.445049
0.445049
0.771273
0.619034
0.619034
0.619034
0.985545
0.749098
0.733242
0.53432
0.53432
0.53432
0.53432
0.53432
0.53432
0.742231
0.55514
0.55514
0.429453
0.429453
0.468658
0.4916
0.551798
0.551798
0.683182
0.116329
0.437322
0.437322
0.544055
0.544055
0.544055
0.544055
0.544055
0.033055
0.260534
0.260534
0.260534
0.610302
0.610302
0.610302
0.640238
0.610302
0.548317
0.548317
0.548317
0.494294
0.494294
0.000807
0.687294
0.591303
0.591303
0.482
0.62466
0.591303
0.576172
0.576172
0.576172
0.576172
0.576172
0.160814
0.104081
0.401781
0.293227
0.293227
0.946682
0.585058
0.524894
0.524894
0.550763
0.524894
0.695601
0.524894
0.655022
0.691108
0.50759
0.50759
0.50759
0.635015
0.50759
0.50759
0.675967
0.50759
0.254047
0.546435
0.648659
0.684957
0.546435
0.546435
0.546435
0.546435
0.546435
0.626622
0.546435
0.546435
0.590268
0.590268
0.590268
0.590268
0.590268
0.590268
0.590268
0.590268
0.590268
0.590268
0.590268
0.590268
0.590268
0.590268
0.576094
0.576094
0.576094
0.576094
0.576094
0.576094
0.576094
0.639494
0.639494
0.639494
0.639494
0.639494
0.639494
0.639494
0.639494
0.639494
0.639494
0.865971
0.639494
0.639494
0.664998
0.639494
0.639494
0.639494
0.639494
0.16071
0.4618
0.4618
0.523112
0.523112
0.523112
0.523112
0.523112
0.523112
0.587206
0.373993
0.373993
0.177759
0.140655
0.140655
0.140655
0.140655
0.46181
0.46181
0.46181
0.610061
0.610061
0.46181
0.46181
0.610061
0.562144
0.562144
0.562144
0.562144
0.562144
0.562144
0.562144
0.562144
0.562144
0.562144
0.562144
0.562144
0.276213
0.289681
0.23195
0.23195
0.23195
0.23195
0.23195
0.23195
0.23195
0.210416
0.012719
0.342884
0.342884
0.342884
0.342884
0.342884
0.342884
0.342884
0.342884
0.342884
0.342884
0.342884
0.342884
0.342884
0.025412
0.025412
0.025412
0.025412
0.000407
0.000587
0.000587
0.156147
0.156147
0.156147
0.156147
0.156147
0.025513
0.025513
0.025513
0.129271
0.025513
0.030122
0.030122
0.000101
0.006281
0.006281
0.000587
0.000587
0.313271
0.060776
0.060776
0.060776
0.060776
0.060776
0.191012
0.191012
0.191012
0.191012
0.508182
0.191012
0.117654
0.428805
0.117654
0.305511
0.074598
0.074598
0.074598
0.074598
0.093391
0.225389
0.093391
0.034561
0.034561
0.04739
0.04739
0.04739
0.098508
0.098508
0.098508
0.098508
0.098508
0.098508
0.056219
0.056219
0.056219
0.056219
0.129016
0.129016
0.129016
0.129016
0.346084
0.129016
0.219396
0.219396
0.219396
0.500047
0.219396
0.21759
0.21759
0.21759
0.21759
0.21759
0.21759
0.21759
0.21759
0.21759
0.219645
0.219645
0.219645
0.219645
0.219645
0.219645
0.091348
0.091348
0.091348
0.091348
0.603696
0.81223
0.003854
0.549383
0.549383
0.549383
0.410358
0.410358
0.410358
0.479776
0.479776
0.479776
0.479776
0.479776
0.005045
0.209406
0.587793
0.587793
0.24172
0.24172
0.09168
0.09168
0.09168
0.082501
0.082501
0.082501
0.003596
0.7454
0.7454
0.561872
0.561872
0.561872
0.638299
0.638299
0.638299
0.638299
0.638299
0.618267
0.552875
0.552875
0.552875
0.552875
0.23805
0.782633
0.606149
0.465998
0.739139
0.63092
0.647739
0.38886
0.674321
0.390547
0.390547
0.487762
0.4006
0.655652
0.655652
0.4006
0.661893
0.727912
0.680864
0.510974
0.505321
0.480796
0.770533
0.607912
0.626639
0.692004
0.477102
0.477102
0.477102
0.578713
0.604391
0.424783
0.424783
0.424783
0.424783
0.6134
0.735989
0.773318
0.733214
0.70373
0.701127
0.625143
0.6097
0.682681
0.814768
0.587418
0.587418
0.587418
0.27248
0.594862
0.077266
0.307051
0.580735
0.589581
0.561978
0.678548
0.803304
0.75809
0.593149
0.409856
0.315422
0.315422
0.52121
0.55055
0.319146
0.319146
0.407945
0.64238
0.52089
0.52089
0.52089
0.52089
0.597557
0.52089
0.52089
0.123182
0.607312
0.509656
0.585589
0.509656
0.509656
0.509656
0.509656
0.69395
0.509656
0.509656
0.509656
0.82291
0.509656
0.509656
0.509656
0.509656
0.509656
0.509656
0.660027
0.703391
0.509656
0.509656
0.509656
0.509656
0.509656
0.627383
0.509656
0.509656
0.509656
0.509656
0.536265
0.638275
0.236757
0.467581
0.266927
0.442851
0.542183
0.442851
0.442851
0.442851
0.524598
0.519304
0.642079
0.64285
0.664344
0.267375
0.724155
0.496845
0.496845
0.496845
0.162855
0.345981
0.536929
0.378783
0.62898
0.289795
0.289795
0.289795
0.71176
0.712486
0.658174
0.68669
0.594021
0.072107
0.492528
0.492528
0.492528
0.492528
0.492528
0.492528
0.492528
0.492528
0.492528
0.607789
0.492528
0.492528
0.492528
0.492528
0.492528
0.492528
0.492528
0.492528
0.492528
0.492528
0.492528
0.492528
0.492528
0.492528
0.727056
0.687268
0.544151
0.544151
0.699846
0.544151
0.544151
0.544151
0.544151
0.544151
0.544151
0.544151
0.544151
0.544151
0.548238
0.616625
0.49404
0.484415
0.686536
0.484415
0.484415
0.484415
0.484415
0.484415
0.641137
0.611087
0.484415
0.698164
0.500357
0.500357
0.500357
0.596793
0.500357
0.500357
0.500357
0.500357
0.500357
0.500357
0.500357
0.752565
0.443717
0.722063
0.33971
0.57297
0.391794
0.391794
0.391794
0.391794
0.391794
0.559596
0.466284
0.466284
0.466284
0.466284
0.466284
0.459225
0.486721
0.486721
0.443803
0.486721
0.486721
0.298335
0.26328
0.298335
0.26328
0.186129
0.320413
0.541479
0.574991
0.463491
0.463491
0.749915
0.607464
0.534345
0.662902
0.474858
0.474858
0.474858
0.639457
0.510245
0.474858
0.474858
0.474858
0.474858
0.565826
0.474858
0.607864
0.567938
0.499645
0.499645
0.606162
0.499645
0.499645
0.666228
0.441841
0.441841
0.441841
0.441841
0.569781
0.569781
0.569781
0.569781
0.552571
0.552571
0.552571
0.426742
0.204922
0.503415
0.503415
0.235037
0.235037
0.235037
0.235037
0.235037
0.235037
0.290409
0.290409
0.290409
0.290409
0.290409
0.290409
0.290409
0.161327
0.346212
0.346212
0.346212
0.161327
0.228392
0.228392
0.228392
0.538885
0.538885
0.538885
0.538885
0.538885
0.538885
0.538885
0.538885
0.538885
0.649498
0.538885
0.538885
0.538885
0.538885
0.538885
0.538885
0.538885
0.538885
0.538885
0.209194
0.209194
0.209194
0.209194
0.209194
0.209194
0.730931
0.209194
0.209194
0.038126
0.038126
0.038126
0.509813
0.509813
0.509813
0.509813
0.509813
0.509813
0.509813
0.509813
0.509813
0.509813
0.604247
0.509813
0.509813
0.509813
0.509813
0.509813
0.509813
0.038126
0.038126
0.038126
0.527616
0.527616
0.527616
0.527616
0.527616
0.527616
0.527616
0.527616
0.527616
0.527616
0.660988
0.527616
0.527616
0.527616
0.527616
0.527616
0.527616
0.437504
0.437504
0.437504
0.557571
0.437504
0.557571
0.557571
0.437504
0.437504
0.437504
0.437504
0.405608
0.405608
0.405608
0.405608
0.405608
0.405608
0.038126
0.038126
0.038126
0.082109
0.013406
0.304665
0.304665
0.003192
0.003192
0.546531
0.670949
0.546328
0.72605
0.546328
0.546328
0.546328
0.546328
0.546328
0.546328
0.546328
0.546328
0.546328
0.546328
0.546328
0.546328
0.608374
0.452106
0.452106
0.452106
0.42524
0.42524
0.600542
0.464718
0.4418
0.554347
0.536832
0.653028
0.4418
0.4418
0.4418
0.4418
0.4418
0.4418
0.365256
0.365256
0.365256
0.365256
0.6222
0.6222
0.365256
0.365256
0.562822
0.562822
0.562822
0.562822
0.562822
0.562822
0.562822
0.562822
0.562822
0.562822
0.562822
0.604972
0.609969
0.700987
0.700987
0.743623
0.539112
0.539112
0.539112
0.539112
0.539112
0.539112
0.539112
0.217773
0.658153
0.559687
0.559687
0.559687
0.600627
0.600627
0.559687
0.559687
0.559687
0.559687
0.559687
0.559687
0.559687
0.559687
0.559687
0.559687
0.559687
0.559687
0.475984
0.475984
0.632519
0.348915
0.348915
0.499782
0.499782
0.499782
0.499782
0.499782
0.499782
0.499782
0.499782
0.499782
0.499782
0.499782
0.499782
0.499782
0.450191
0.450191
0.450191
0.450191
0.450191
0.450191
0.450191
0.450191
0.450191
0.450191
0.450191
0.411325
0.411325
0.411325
0.497732
0.281219
0.281219
0.470032
0.470032
0.470032
0.470032
0.365188
0.39805
0.39805
0.39805
0.386819
0.386819
0.386819
0.625461
0.386819
0.386819
0.46874
0.207103
0.61827
0.61827
0.61827
0.61827
0.61827
0.61827
0.61827
0.61827
0.61827
0.61827
0.61827
0.61827
0.61827
0.61827
0.61827
0.61827
0.61827
0.61827
0.61827
0.61827
0.61827
0.61827
0.076613
0.076613
0.352465
0.352465
0.352465
0.427886
0.000414
0.000414
0.34841
0.000149
0.454355
0.354881
0.354881
0.354881
0.336646
0.611661
0.336646
0.354881
0.354881
0.354881
0.5552
0.5552
0.5552
0.5552
0.5552
0.5552
0.354881
0.354881
0.354881
