0.004407
0.000662
0.0006
0.011237
0.938657
0.146282
0.915759
0.00061
0.02077
0.021742
0.053452
0.005355
0.069925
0.019223
0.005637
0.006368
0.000101
0.228109
0.006137
0.000283
0.000237
0.000351
0.001693
0.069248
0.004965
0.10241
0.001556
0.039889
0.070213
0.04386
0.005004
0.374804
0.050302
0.000399
0.281332
0.005407
0.009479
0.045859
0.00274
0.050302
0.000544
0.002617
0.011623
0.083444
0.000544
0.004183
0.004244
0.005637
0.363066
0.021828
0.006152
0.000169
0.445938
0.693795
0.007004
0.029029
0.127276
0.020942
0.000462
1.000099
0.073209
0.013551
0.014154
0.01699
0.022238
0.030655
0.021552
0.000439
0.810755
0.992905
0.141167
0.00068
0.102721
0.010525
0.002443
0.001647
0.066088
0.022712
0.004789
0.040109
0.449054
0.00029
0.990712
0.000775
0.013676
0.461395
0.010064
0.189519
0.000391
0.226015
0.059776
0.017015
0.003383
0.002366
0.131183
0.960081
0.003394
0.366608
0.973335
0.574468
0.610941
0.017123
0.016582
0.031129
0.746874
0.121824
0.173193
0.95073
0.0217
0.291212
0.343498
0.025057
0.001137
0.37153
0.190014
0.068645
0.002554
0.416655
0.020355
0.027589
0.237255
0.96499
0.155603
0.008323
0.01237
0.001659
0.00967
0.414918
0.005482
0.078429
0.877818
0.998774
0.013037
0.010847
0.952022
1.0001
0.001446
0.026951
0.019746
0.078213
0.001322
0.015101
0.001002
0.002945
0.000849
0.003511
0.326661
0.012698
0.996117
0.287568
0.00454
0.273047
0.999413
0.281333
0.154829
0.02895
0.390948
0.954047
0.0075
0.00012
0.035845
0.033165
0.00075
0.814144
0.006365
0.000439
0.985041
0.999983
0.018951
0.489523
0.444754
0.666444
0.0232
0.902031
0.001751
0.042063
0.003535
0.299976
0.77441
0.25472
0.00274
0.002862
0.26658
0.00906
0.001583
0.00055
0.001655
0.000971
0.805175
0.003511
0.017133
0.931164
0.004782
0.885814
0.650622
0.49032
0.055702
0.006461
