0.000163
0.937776
0.996604
0.001617
0.034378
0.000105
0.005376
0.011083
0.990082
0.001987
0.075335
0.003647
0.843189
0.994432
0.607402
0.999885
0.766986
0.203462
0.43746
0.000556
0.099442
0.304606
0.249278
0.001295
0.811698
0.997688
0.782639
0.876854
0.129539
0.011119
0.957665
0.669938
0.966264
0.028687
0.658507
0.988597
0.956836
0.051745
0.989367
0.363705
0.986796
0.001756
0.125283
0.967763
0.003173
0.993786
0.160783
0.022885
0.775695
0.2258
0.959246
0.320487
0.282974
0.001339
0.998297
0.740737
0.031565
0.392908
0.5014
0.812277
0.000955
0.000955
0.994578
0.000231
0.29794
0.012956
0.000285
0.997302
0.070768
0.145639
0.117273
0.328063
0.016066
0.352061
0.191992
0.938103
0.992231
0.183794
0.004092
0.648447
0.028244
0.072401
0.000123
0.007632
0.258227
0.003494
1.000097
0.039756
0.054797
0.958213
0.041449
0.06139
0.648291
0.504429
0.9423
0.001633
0.424084
0.389795
0.180936
0.075683
0.04343
0.606633
0.171943
0.000398
0.988358
0.000398
0.628734
0.869021
0.215771
0.076677
0.601463
0.023174
0.724664
0.457981
0.449281
0.066717
0.994651
0.445872
0.02394
0.992823
0.019224
0.088836
0.242735
0.308668
0.797495
0.095305
0.002366
0.235671
0.009264
0.003276
0.562131
0.01452
0.870993
0.107595
0.054259
0.000188
0.083735
0.004801
0.920355
0.044628
0.01652
0.983711
0.471719
0.083762
0.846763
0.000373
0.015609
0.272737
0.79769
0.129912
0.349343
0.000171
0.001643
0.03163
0.546213
0.060374
0.000156
0.000274
0.000217
0.000246
0.055754
0.00027
0.568125
0.995656
0.980569
0.404838
0.013244
0.202582
0.00024
0.002965
0.015233
0.448479
0.983381
0.985718
0.00033
0.37011
0.135881
0.146716
0.770339
0.086558
0.446662
0.004866
0.029755
0.002586
0.975493
0.040446
0.000153
0.917333
0.464105
0.008432
0.282067
0.005811
0.175998
0.067745
0.267075
0.028514
0.000682
0.0056
0.354376
0.067693
0.231373
0.846844
0.58664
0.002397
0.125159
0.010221
0.096619
0.773897
0.076144
0.104277
0.01214
0.457374
0.047167
0.000682
0.167223
0.029667
0.047787
0.010212
0.783192
0.004232
0.816518
0.059198
0.91684
0.015478
0.999303
0.697953
0.000167
0.060485
0.31475
0.000452
0.930721
0.761373
0.08645
0.526953
0.094128
0.107736
0.002179
0.000105
0.069631
0.000748
0.005641
0.000177
0.496518
0.414778
0.000233
0.294344
0.034141
0.012172
0.524282
0.004591
0.03544
0.446567
0.938647
0.040539
0.700842
0.212325
0.160501
0.481608
0.719265
0.923752
0.651494
0.04895
0.254722
0.820252
0.125128
0.057757
0.74896
0.323424
0.161679
0.781663
0.933707
0.033799
0.086368
0.048376
0.495908
0.891723
0.895018
0.997566
0.808407
0.200701
0.008267
0.000287
0.315347
0.786737
0.110918
0.004973
0.01219
0.696455
0.075004
0.009194
0.780283
0.023652
0.001295
0.081601
0.005943
0.186924
0.126455
0.33071
0.000878
0.125172
0.875675
0.035813
0.028372
0.775428
0.09441
0.938358
0.960964
0.018191
0.024257
0.832459
0.985616
0.405846
0.144551
0.153431
0.091948
0.189104
0.199344
0.002694
0.320644
0.03065
0.179293
0.983269
0.825018
0.623857
0.218283
0.462182
0.728163
0.00404
0.957598
0.00404
0.016423
0.016423
0.218283
0.252122
0.979667
0.984375
0.671414
0.956948
0.184072
0.726477
0.285269
0.000358
0.679823
0.409289
0.027798
0.008202
0.398891
0.184072
0.056496
0.002129
0.666141
0.8132
0.000515
0.333907
0.99735
0.997642
0.210316
0.000127
0.000596
0.295366
0.982394
0.00254
0.00063
0.949355
0.010047
0.115622
0.235454
0.000921
0.310015
0.072905
0.897869
0.006099
0.002975
0.014956
0.421557
0.019608
0.016216
0.000247
0.000776
0.001235
0.03001
0.000254
0.963475
0.000119
0.013325
0.235952
0.904616
0.344409
0.036246
0.101332
0.01109
0.117517
0.740946
0.079961
0.729052
0.047085
0.030071
0.023429
0.11736
0.038348
0.973304
0.08212
0.680314
0.079444
0.137155
0.00032
0.008688
0.255431
0.576587
0.404076
0.941521
0.014827
0.108404
0.99652
0.077796
0.00056
0.27431
0.069299
0.713586
0.618825
0.961633
0.059434
0.956098
0.01374
0.047458
0.204128
0.025293
0.521821
0.98878
0.883223
0.017402
0.983631
0.215242
0.854521
0.695401
0.661118
0.230517
0.872788
0.009827
0.952101
0.321463
0.927006
0.996095
0.11809
0.271725
0.06449
0.845916
0.811529
0.010172
0.001969
0.782747
0.033879
0.676516
0.014918
0.973157
0.213847
0.401508
0.018259
0.993027
0.195864
0.356717
0.177776
0.580015
0.974863
0.018679
0.624555
0.008343
0.021346
0.081788
0.150527
0.021346
0.192436
0.035669
0.039637
0.999453
0.844562
0.005797
0.004713
0.962499
0.007781
0.147949
0.000154
0.002357
0.61185
0.141213
0.979842
0.003804
0.733747
0.597531
0.017771
0.879899
0.993997
0.000513
0.082781
0.000358
0.419869
0.025389
0.075123
0.186117
0.150271
0.000513
0.912157
0.266812
0.000513
0.04359
0.04359
0.881435
0.728936
0.753164
0.434338
0.030149
0.949347
0.711683
0.199138
0.019005
0.975411
0.565636
0.934061
0.068467
0.317478
0.416529
0.810897
0.908944
0.993688
0.96001
0.205254
0.502473
0.993691
0.054452
0.599011
0.176204
0.107006
0.000334
0.023061
0.026787
0.705561
0.613912
0.195049
0.36827
0.051631
0.008556
0.006319
0.051631
0.011742
0.980065
0.018761
0.037813
0.010903
0.002354
0.009354
0.002354
0.032246
0.002354
0.72926
0.090121
0.72289
0.531814
0.205655
0.002354
0.009268
0.343386
0.22571
0.992961
0.002526
0.528949
0.002526
0.449079
0.002972
0.000357
0.155734
0.923386
0.03911
0.620311
0.249411
0.422411
0.274481
0.437694
0.091664
0.249411
0.024929
0.50515
0.000188
0.928347
0.813815
0.047735
0.001337
0.015017
0.381408
0.956808
0.074668
0.99227
0.020883
0.074213
0.074213
0.00158
0.538999
0.301035
0.003923
0.069708
0.063427
0.999316
0.000278
0.019691
0.936073
0.127012
0.068093
0.26256
0.346826
0.988579
0.114736
0.56048
0.591421
0.000298
0.240984
0.699875
0.000135
0.586759
0.019189
0.397177
0.644683
0.001366
0.012897
0.007809
0.128297
0.788544
0.973088
0.01807
0.877335
0.203062
0.15296
0.0611
0.032464
0.971517
0.381079
0.594599
0.128934
0.005673
0.239415
0.015833
0.448713
0.037394
0.005258
0.180328
0.682443
0.808743
0.805235
0.183097
0.441037
0.413207
0.413207
0.905835
0.413207
0.623386
0.127574
0.253121
0.786944
0.253121
0.127574
0.413207
0.878074
0.052174
0.826481
0.453095
0.839174
0.738058
0.332225
0.435896
0.040498
0.194503
0.614885
0.185406
0.185406
0.151
0.85489
0.700398
0.793565
0.128089
0.202278
0.733141
0.172693
0.958249
0.536818
0.81526
0.798871
0.493075
0.517524
0.277312
0.277312
0.175447
0.014548
0.040859
0.990831
0.832433
0.143253
0.002636
0.944411
0.118365
0.188969
0.037371
0.011801
0.037371
0.67568
0.505205
0.729616
0.169372
0.264955
0.072605
0.310445
0.000195
0.195518
0.125722
0.01361
0.069044
0.297477
0.027791
0.279405
0.012489
0.084527
0.956498
0.746459
0.277574
0.893316
0.070463
0.000309
0.325789
0.26761
0.952347
0.929736
0.002197
0.687672
0.934735
0.956983
0.722249
0.032367
0.995872
0.804602
0.061862
0.180524
0.913059
0.06302
0.922563
0.005775
0.758575
0.005775
0.560108
0.482505
0.166852
0.954434
0.433914
0.166852
0.285698
0.83603
0.307239
0.772759
0.922708
0.492666
0.042923
0.706846
0.453605
0.509318
0.932616
0.000417
0.292943
0.0684
0.006355
0.257583
0.031961
0.095484
0.000166
0.003763
0.006824
0.007513
0.251726
0.000278
0.005878
0.007239
0.182577
0.000417
0.005601
0.000482
0.000134
0.000224
0.000313
0.008772
0.011158
0.003062
0.008734
0.347548
0.07443
0.756467
0.263066
0.003855
0.162886
0.144632
0.031961
0.005684
0.028013
0.897583
0.508883
0.409537
0.000166
0.029576
0.636748
0.25726
0.093445
0.008489
0.998152
0.694199
0.781459
0.943026
0.044686
0.154668
0.00061
0.000111
0.003062
0.014777
0.751623
0.411016
0.049253
0.20802
0.004446
0.537499
0.032549
0.148083
0.739848
0.742373
0.614846
0.00419
0.418487
0.617674
0.415757
0.11824
0.053306
0.517127
0.730562
0.001655
0.685748
0.332064
0.157595
0.962018
0.023001
0.783468
0.030224
0.674661
0.145564
0.423026
0.062902
0.985375
0.270782
0.015836
0.00045
0.999624
0.278559
0.00045
0.032046
0.933076
0.212468
0.002817
0.337581
0.001543
0.245321
0.0252
0.016811
0.010158
0.290634
0.000147
0.112134
0.814807
0.864867
0.832557
0.060835
0.986621
0.174679
0.782594
0.000281
0.025228
0.181387
0.847467
0.00441
0.316698
0.689212
0.909298
0.410764
0.322351
0.464407
0.395968
0.046437
0.175216
0.011633
0.996433
0.009305
0.000314
0.000264
0.745957
0.000929
0.680704
0.135004
0.680704
0.484568
0.331776
0.253088
0.59283
0.02291
0.004197
0.996299
0.000195
0.99664
0.386912
0.063883
0.181507
0.001745
0.004927
0.244458
0.021963
0.910988
0.114607
0.001163
0.049963
0.000119
0.068314
1.000063
0.386203
0.198776
0.048026
0.001822
0.475232
0.038022
0.000236
0.433528
0.002371
0.07885
0.000379
0.625902
0.094745
0.010233
0.329546
0.000177
0.01772
0.000379
0.002586
0.0164
0.145363
0.170035
0.033875
0.023409
0.642892
0.867349
0.702376
0.201219
0.417352
0.000473
0.984148
0.001198
0.017408
0.015637
0.04328
0.17325
0.001798
0.091112
0.424607
0.149383
0.917075
0.292629
0.128204
0.085759
0.577743
0.216506
0.012895
0.076857
0.070923
0.145929
0.012919
0.000174
0.008923
0.08136
0.005024
0.000386
0.193704
0.033071
0.012647
0.162045
0.002299
0.789194
0.000104
0.000137
0.843689
0.135637
0.302325
0.113414
0.113414
0.002413
0.557378
0.067959
0.795602
0.000824
0.160828
0.112073
0.034977
0.485644
0.160828
0.019454
0.54089
0.013048
0.164454
0.055738
0.030143
0.004932
0.021138
0.789161
0.001752
0.070829
0.001752
0.001752
0.229776
0.006576
0.341902
0.008971
0.037364
0.109832
0.133833
0.019044
0.090999
0.892683
0.123216
0.002899
0.000484
0.900614
0.02405
0.079707
0.975872
0.746016
0.064952
0.091937
0.290452
0.033278
0.067401
0.001388
0.067401
0.008174
0.314434
0.022336
0.021839
0.446548
0.562055
0.014968
0.014652
0.016483
0.183245
0.10957
0.688983
0.923821
0.78506
0.335286
0.183245
0.350211
0.229511
0.161852
0.001056
0.126998
0.017764
0.38602
0.035102
0.001056
0.001056
0.968419
0.563513
0.345347
0.75172
0.98463
0.001056
0.036707
0.621514
0.377447
0.377447
0.121631
0.707133
0.337857
0.548042
0.167123
0.77792
0.669075
0.105673
0.002529
0.681115
0.781049
0.305058
0.134521
0.988067
0.330881
0.896717
0.350463
0.408187
0.986739
0.002151
0.979826
0.600247
0.51771
0.005071
0.806629
0.006109
0.00568
0.436414
0.722851
0.074052
0.000136
0.000261
0.55977
0.025317
0.404361
0.179288
0.002092
0.000203
0.00125
0.001802
0.000101
0.072106
0.001131
0.198258
0.181209
0.01952
0.701851
0.023227
0.018708
0.051523
0.326877
0.003113
0.884328
0.066272
0.994057
0.555313
0.000637
0.310132
0.995742
0.151661
0.062236
0.007673
0.2388
0.000983
0.281592
0.086111
0.763049
0.047364
0.078853
0.058127
0.000406
0.254159
0.002898
0.036702
0.015409
0.876394
0.003521
0.00235
0.106022
0.058127
0.178643
0.011104
0.053259
0.000126
0.000353
0.09287
0.003521
0.42678
0.770485
0.008989
0.003521
0.00235
0.212649
0.261922
0.034442
0.007513
0.258088
0.058039
0.021384
0.018913
0.120986
0.035761
0.203892
0.05828
0.354302
0.008735
0.081709
0.035759
0.035746
0.037487
0.74215
0.029291
0.006911
0.006911
0.920743
0.07454
0.969819
0.440963
0.361764
0.061794
0.550754
0.843812
0.563906
0.201911
0.036162
0.992411
0.314898
0.729914
0.088629
0.233501
0.036162
0.255947
0.985152
0.263716
0.019317
0.207829
0.010651
0.719848
0.010728
0.011551
0.024173
0.011551
0.011464
0.355079
0.110382
0.968617
0.994744
0.039867
0.59978
0.000568
0.659062
0.620758
0.961229
0.454446
0.572651
0.026795
0.123938
0.994047
0.000626
0.528682
0.000658
0.337704
0.961611
0.202509
0.032499
0.032499
0.488643
0.920739
0.676076
0.024607
0.757162
0.853768
0.074055
0.672665
0.982821
0.925131
0.402895
0.493135
0.393415
0.065207
0.45408
0.036645
0.999991
0.756014
0.030213
0.335974
0.610053
0.030213
0.776331
0.026693
0.730952
0.817199
0.009245
0.006546
0.09208
0.058061
0.009245
0.139456
0.005103
0.255269
0.29575
0.01152
0.29984
0.294603
0.073015
0.313249
0.235006
0.599949
0.023888
0.083508
0.610919
0.885293
0.347333
0.385835
0.002618
0.859572
0.447007
0.679136
0.253511
0.898584
0.119148
0.278725
0.992472
0.075612
0.874628
0.185274
0.175148
0.163912
0.17206
0.045766
0.85925
0.995155
0.853825
0.000198
0.014516
0.066638
0.381497
0.09685
0.102697
0.00017
0.603629
0.773614
0.02045
0.131015
0.030283
0.006861
0.001962
0.044225
0.000546
0.000999
0.992389
0.00053
0.940265
0.024661
0.246236
0.881442
0.000109
0.662134
0.992207
0.072565
0.087058
0.005671
0.0001
0.64883
0.000198
0.02344
0.0001
0.10425
0.858516
0.031073
0.006861
0.339796
0.639098
0.000102
0.17059
0.407691
0.736496
0.461013
0.180059
0.785573
0.581571
0.439771
0.307466
0.900143
0.307466
0.431494
0.011191
0.239257
0.009677
0.008382
0.349403
0.010269
0.005467
0.000119
0.001808
0.961982
0.074891
0.652317
0.001206
0.319486
0.472654
0.836178
0.000223
0.987858
0.000119
0.993283
0.001111
0.076566
0.018946
0.59731
0.10947
0.030199
0.003566
0.256574
0.000579
0.268699
0.009221
0.002465
0.019918
0.10762
0.031787
0.000169
0.000131
0.02889
0.001427
0.296068
0.000244
0.000437
0.000227
0.001427
0.821564
0.129254
0.970311
0.000171
0.000162
0.001018
0.003918
0.000538
0.127675
0.000117
0.99857
0.006176
0.000781
0.536009
0.035058
0.00352
0.991368
0.002675
0.018383
0.02191
0.144575
0.006125
0.90844
0.317168
0.000562
0.00053
0.015368
0.015502
0.000365
0.002197
0.085412
0.024754
0.161654
0.467101
0.569795
0.226132
0.883411
0.964787
0.895448
0.990719
0.986526
0.599123
0.285643
0.15059
0.292859
0.000503
0.897894
0.652618
0.092273
0.213423
0.96146
0.90577
0.185963
0.480796
0.024047
0.18867
0.866944
0.952487
0.099903
0.001052
0.683208
0.000349
0.312575
0.105211
0.740494
0.111655
0.060476
0.826068
0.973688
0.272145
0.590298
0.405419
0.010995
0.955943
0.9059
0.12607
0.386761
0.010995
0.590298
0.135018
0.092666
0.881373
0.799091
0.424883
0.314349
0.307996
0.499568
0.092666
0.346342
0.01388
0.086909
0.092666
0.119052
0.90091
0.086313
0.964388
0.897715
0.310102
0.883467
0.983333
0.979071
0.74399
0.071335
0.644776
0.44712
0.446045
0.124148
0.001022
0.808307
0.591216
0.11364
0.108874
0.401186
0.86146
0.001022
0.662725
0.525111
0.592403
0.705266
0.059128
0.741296
0.001458
0.383076
0.007281
0.958466
0.001458
0.010834
0.258329
0.047045
0.193468
0.845078
0.061285
0.076544
0.996177
0.405788
0.076544
0.835424
0.03018
0.424819
0.424819
0.018652
0.762466
1.000064
0.000128
0.035324
0.328501
0.176919
0.470715
0.162776
0.991224
0.00027
0.854675
0.813904
0.00024
0.322506
0.007197
0.017089
0.034951
0.000127
0.99567
0.306765
0.001835
0.155895
0.000127
0.002321
0.000127
0.009097
0.000544
0.188414
0.001085
0.046095
0.055011
0.667942
0.056285
0.107324
0.995416
0.703606
0.005804
0.717977
0.007551
0.12957
0.005105
0.021249
0.00135
0.002893
0.016353
0.004801
0.002893
0.021249
0.000228
0.422718
0.06044
0.445096
0.070751
0.002092
0.247088
0.138502
0.195463
0.143834
0.824295
0.437505
0.300482
0.143834
0.292627
0.06244
0.044708
0.346629
0.017468
0.06244
0.023505
0.796186
0.190527
0.014154
0.014154
0.014154
0.014154
0.193382
0.725857
0.283632
0.346804
0.588327
0.524384
0.168
0.9205
0.146306
0.083283
0.790728
0.055544
0.007012
0.011009
0.011945
0.338735
0.045454
0.085247
0.33381
0.065659
0.098978
0.27487
0.945864
0.099864
0.346243
0.061284
0.030988
0.537953
0.608655
0.648536
0.022346
0.96914
0.9343
0.50652
0.606044
0.446647
0.04577
0.04577
0.11523
0.196337
0.002443
0.757711
0.67588
0.957439
0.196337
0.327677
0.577042
0.706913
0.706913
0.066569
0.398153
0.066569
0.169694
0.059362
0.023087
0.013592
0.888951
0.708479
0.359701
0.236843
0.731401
0.064345
0.315549
0.247298
0.08007
0.006471
0.402425
0.946084
0.015377
0.303047
0.597299
0.267384
0.666597
0.00046
0.645913
0.659809
0.965453
0.997217
0.124664
0.017763
0.81639
0.124306
0.136064
0.317601
0.694345
0.877637
0.080989
0.523407
0.803428
0.888091
0.031983
0.001762
0.118997
0.829779
0.108906
0.132279
0.881398
0.741761
0.007582
0.010696
0.917571
0.188887
0.480288
0.765303
0.259826
0.161438
0.052421
0.000509
0.831331
0.325375
0.118663
0.998737
0.026245
0.517311
0.325375
0.460442
0.803207
0.55247
0.019412
0.435809
0.76523
0.05434
0.077236
0.6759
0.906922
0.422411
0.623075
0.123853
0.032646
0.192675
0.253833
0.550424
0.014926
0.000461
0.993574
0.000704
0.002091
0.03158
0.409793
0.276725
0.998574
0.302468
0.214754
0.799805
0.288916
0.702455
0.034268
0.01922
0.841295
0.096792
0.050045
0.069045
0.974587
0.68204
0.446154
0.999495
0.16014
0.916597
0.997563
0.287847
0.570077
0.018891
0.043345
0.862131
0.043345
0.043345
0.043345
0.031039
0.243783
0.73774
0.10533
0.000136
0.000315
0.022247
0.161472
0.818561
0.141767
0.02077
0.583784
0.252619
0.003571
0.799858
0.054774
0.004029
0.001085
0.012593
0.001267
0.011044
0.007807
0.418608
0.001817
0.059061
0.777834
0.030064
0.766084
0.000942
0.006642
0.000376
0.000278
0.005394
0.000145
0.008674
0.003302
0.015454
0.998754
0.466282
0.576542
0.068647
0.334837
0.030064
0.267357
0.34517
0.925782
0.799526
0.150667
0.407524
0.956855
0.366121
0.015072
0.298521
0.16547
0.206927
0.89432
0.214355
0.72574
0.912804
0.078259
0.182513
0.283499
0.516797
0.456581
0.149522
0.154946
0.552887
0.311683
0.042238
0.00493
0.173186
0.426762
0.179941
0.062613
0.130073
0.99107
0.000785
0.051541
0.012673
0.842185
0.967948
0.044884
0.081858
0.457588
0.000142
0.946024
1.000034
0.030704
0.962238
0.025943
0.011564
0.123178
0.012151
0.337934
0.820488
0.134859
0.328987
0.880285
0.117606
0.485835
0.027099
0.866203
0.117606
0.000574
0.210133
0.965941
0.43409
0.22856
0.083517
0.595482
0.005087
0.18624
0.005342
0.853385
0.381761
0.025559
0.000227
0.995899
0.004976
0.075102
0.99792
0.310218
0.001013
0.000211
0.023833
0.10966
0.365554
0.046157
0.000148
0.001849
0.003106
0.917256
0.013771
0.187148
0.047815
0.978365
0.994152
0.288123
0.032333
0.519024
0.662735
0.858909
0.000986
0.002056
0.04389
0.783385
0.007121
0.027532
0.950679
0.025783
0.32399
0.805383
0.000416
0.000476
0.968738
0.323735
0.002796
0.209193
0.030144
0.000262
0.091967
0.015101
0.000275
0.279907
0.986514
0.011009
0.835228
0.250991
0.269876
0.201648
0.000362
0.013825
0.978788
0.02527
0.000202
0.000317
0.044358
0.000555
0.010357
0.070301
0.003339
0.001158
0.037933
0.000184
0.005646
0.003451
0.013789
0.187932
0.148394
0.736812
0.017763
0.0005
0.299033
0.478145
0.742531
0.42888
0.01205
0.016405
0.008031
0.305511
0.86827
0.000301
0.572273
0.369215
0.17892
0.000169
0.02609
0.24935
0.622865
0.848828
0.016405
0.123096
0.993027
0.027153
0.027153
0.01743
0.090434
0.090434
0.090434
0.090434
0.245703
0.084516
0.002982
0.001124
0.090434
0.090434
0.090434
0.001346
0.041934
0.090434
0.090434
0.090434
0.702922
0.090434
0.090434
0.131711
0.382364
0.090434
0.090434
0.090434
0.090434
0.090434
0.080463
0.090434
0.090434
0.049563
0.028919
0.356121
0.038184
0.80749
0.037286
0.89777
0.05452
0.001093
0.376951
0.041993
0.024962
0.004319
0.032508
0.000131
0.003908
0.178472
0.001624
0.794573
0.005075
0.236961
0.665229
0.645882
0.726042
0.017793
0.000192
0.651192
0.587935
0.01119
0.989161
0.000204
0.682238
0.01119
0.01119
0.221244
0.175489
0.01119
0.08954
0.001182
0.01313
0.014511
0.664038
0.244383
0.021377
0.007449
0.000116
0.838643
0.838643
0.708573
0.228305
0.105274
0.011882
0.108468
0.046505
0.616667
0.015221
0.648587
0.003577
0.025683
0.105049
0.128598
0.002723
0.078852
0.000432
0.092186
0.119013
0.016796
0.000229
0.000764
0.000229
0.8905
0.170358
0.936123
0.001197
0.000229
0.002593
0.781434
0.041568
0.002897
0.000277
0.766748
0.185526
0.185526
0.772773
0.185526
0.437178
0.00088
0.070721
0.156799
0.001343
0.006101
0.017677
0.875765
0.205349
0.999669
0.011743
0.794703
0.090985
0.000157
0.002551
0.03047
0.107266
0.003108
0.030122
0.058753
0.030122
0.00636
0.028817
0.004875
0.617882
0.012621
0.005023
0.002993
0.002985
0.000192
0.000241
0.001701
0.009092
0.082944
0.000118
0.024496
0.0002
0.05129
0.091561
0.091561
0.089689
0.166954
0.561574
0.473809
0.943769
0.352873
0.287081
0.189296
0.15937
0.086064
0.467412
0.019923
0.021295
0.851675
0.387423
0.814153
0.005162
0.020637
0.231192
0.46895
0.000118
0.046927
0.000365
0.028195
0.001349
0.969779
0.000695
0.30712
0.000142
0.000689
0.264594
0.511864
0.164325
0.353955
0.860969
0.173999
0.001036
0.776879
0.470797
0.932174
0.237673
0.950312
0.249648
0.180803
0.502134
0.17312
0.180803
0.17312
0.358159
0.989423
0.004935
0.603087
0.033467
0.98979
0.155726
0.488499
0.333459
0.907377
0.593367
0.184271
0.174272
0.105838
0.506121
0.035217
0.345875
0.988147
0.001721
0.001721
0.189453
0.082669
0.034533
0.126179
0.008211
0.067226
0.592111
0.322911
0.220389
0.38325
0.056613
0.095485
0.018259
0.000179
0.261869
0.00613
0.003798
0.10074
0.000273
0.02041
0.004023
0.036199
0.000605
0.000314
0.000263
0.000179
0.000125
0.801901
0.008954
0.235747
0.023615
0.004968
0.123259
0.022946
0.273129
0.008345
0.00135
0.005349
0.000244
0.004515
0.58902
0.132682
0.013413
0.058025
0.136166
0.013402
0.133265
0.078648
0.729077
0.037197
0.962493
0.037197
0.980991
0.444093
0.61932
0.085407
0.11521
0.231227
0.000725
0.851145
0.751656
0.000725
0.949501
0.000509
0.124398
0.364824
0.23862
0.01164
0.001789
0.001789
0.032191
0.002284
0.18579
0.028935
0.043514
0.028935
0.06795
0.061249
0.06795
0.142178
0.088587
0.002706
0.227698
0.976124
0.002706
0.002706
0.506007
0.430594
0.454903
0.454903
0.677514
0.848935
0.156752
0.491385
0.00025
0.511419
0.131132
0.045305
0.995439
0.00655
0.131132
0.928734
0.997152
0.000214
0.757513
0.70122
0.707287
0.039508
0.120333
0.247092
0.90992
0.017004
0.171198
0.837652
0.981009
0.009791
0.020201
0.414049
0.144107
0.004134
0.394472
0.144107
0.34073
0.878563
0.055611
0.057104
0.17299
0.100615
0.037037
0.679432
0.615981
0.949234
0.021746
0.015586
0.163549
0.915901
0.161304
0.000291
0.000995
0.000143
0.005717
0.511621
0.686644
0.006797
0.987552
0.032792
0.00101
0.492588
0.013498
0.013443
0.001899
0.019472
0.038807
0.943839
0.716731
0.240864
0.236522
0.047838
0.219071
0.01549
0.694721
0.315316
0.38864
0.236131
0.03284
0.00389
0.330276
0.159056
0.004789
0.03492
0.03492
0.906893
0.252059
0.038262
0.022272
0.047622
0.66166
0.000203
0.049716
0.04737
0.061787
0.281252
0.038262
0.015899
0.091564
0.062116
0.030036
0.872435
0.990795
0.854979
0.044916
0.158609
0.127454
0.423858
0.132355
0.5852
0.423708
0.81316
0.122162
0.794729
0.118992
0.134604
0.600563
0.813378
0.654235
0.712603
0.176448
0.579285
0.578142
0.176448
0.988
0.692205
0.314323
0.091868
0.840003
0.011824
0.014554
0.018155
0.009057
0.231643
0.025586
0.184073
0.017084
0.369508
0.003293
0.513048
0.513048
0.001135
0.837537
0.000945
0.679971
0.12424
0.121687
0.002495
0.001447
0.011184
0.002231
0.425958
0.108321
0.006191
0.954482
0.006191
0.821251
0.966884
0.005169
0.383738
0.001589
0.912341
0.54629
0.143784
0.979135
0.442483
0.792875
0.207227
0.207227
0.098022
0.028319
0.108369
0.330568
0.193587
0.081439
0.108917
0.395457
0.236887
0.618655
0.340646
0.060089
0.053146
0.053146
0.519056
0.003696
0.440664
0.121642
0.121642
0.121642
0.105139
0.859307
0.128078
0.542997
0.498532
0.936224
0.283547
0.754936
0.010324
0.294644
0.000236
0.013871
0.236981
0.000236
0.479526
0.666448
0.479526
0.910191
0.641599
0.641599
0.286223
0.77002
0.216994
0.118773
0.264169
0.903885
0.485736
0.429096
0.951743
0.297096
0.799781
0.021494
0.264169
0.675596
0.873886
0.00037
0.01045
0.016126
0.074043
0.769727
0.010629
0.000111
0.025766
0.314905
0.74812
0.657276
0.292635
0.232185
0.596254
0.000551
0.996312
0.795012
0.023523
0.229966
0.105786
0.001204
0.25209
0.142829
0.339008
0.131464
0.010637
0.261365
0.683759
0.00932
0.711757
0.00932
0.076421
0.252316
0.653258
0.069785
0.004749
0.060045
0.814223
0.047935
0.156305
0.004914
0.03903
0.047935
0.275447
0.039612
0.039612
0.039612
0.595121
0.985101
0.165493
0.336096
0.951898
0.393895
0.772335
0.911705
0.203877
0.017994
0.431147
0.982901
0.003957
0.000133
0.000634
0.000133
0.002041
0.001689
0.008401
0.422133
0.030917
0.000176
0.008148
0.003411
0.158598
0.869371
0.381109
0.303822
0.946114
0.109122
0.200998
0.11141
0.256911
0.045059
0.017521
0.045059
0.007999
0.717832
0.120706
0.978008
0.165358
0.306423
0.161175
0.332139
0.547601
0.052143
0.114711
0.000231
0.454511
0.431753
0.231864
0.706368
0.592188
0.003255
0.001064
0.020715
0.226896
0.986084
0.042036
0.111768
0.020715
0.027471
0.166888
0.631174
0.191886
0.245903
0.216847
0.5819
0.050104
0.005682
0.079416
0.002213
0.282037
0.015457
0.136994
0.20513
0.279393
0.079416
0.007163
0.110567
0.51745
0.728829
0.954289
0.77976
0.344597
0.215279
0.135786
0.048177
0.055109
0.676529
0.290428
0.83056
0.585171
0.225347
0.956197
0.151677
0.055109
0.91141
0.474552
0.059295
0.005268
0.758303
0.556081
0.944581
0.137773
0.286951
0.061108
0.104265
0.065411
0.743795
0.003093
0.125865
0.959759
0.125865
0.561306
0.482776
0.9849
0.805334
0.272311
0.137172
0.713412
0.260319
0.105911
0.950049
0.058795
0.04194
0.00093
0.851593
0.984081
0.122652
0.106416
0.701907
0.000651
0.000763
0.3947
0.046821
0.783888
0.000252
0.00122
0.008173
0.002531
0.791706
0.146518
0.018041
0.002921
0.596476
0.448483
0.329895
0.971052
0.560511
0.729774
0.929516
0.046123
0.158243
0.120416
0.949908
0.608657
0.432281
0.009969
0.000119
0.40867
0.034253
0.006312
0.000287
0.180727
0.441242
0.000203
0.019361
0.004154
0.003823
0.034879
0.000317
0.000317
0.000317
0.000317
0.980315
0.000317
0.957919
0.821479
0.005136
0.634266
0.056542
0.056542
0.722146
0.811614
0.028352
0.011324
0.675369
0.93639
0.210454
0.098472
0.621902
0.757233
0.016534
0.939848
0.105518
0.00104
0.026835
0.009822
0.01522
0.003158
0.331949
0.977521
0.003158
0.003158
0.817346
0.689165
0.895132
0.070868
0.666049
0.376297
0.297139
0.182134
0.074148
0.024478
0.573971
0.20332
0.229596
0.900269
0.997267
0.025618
0.513463
0.204025
0.867384
0.372909
0.905819
0.083744
0.198716
0.183799
0.004265
0.318205
0.183799
0.032066
0.001577
0.116558
0.733252
0.095902
0.177367
0.981686
0.613131
0.177367
0.472379
0.177367
0.209253
0.874414
0.000459
0.98436
0.000459
0.677264
0.239655
0.033457
0.082931
0.621603
0.546684
0.013078
0.013078
0.165962
0.009603
0.009603
0.210869
0.009603
0.411987
0.663863
0.009603
0.210869
0.235602
0.026466
0.615007
0.026466
0.07553
0.814083
0.842135
0.007853
0.143377
0.189055
0.513093
0.116063
0.015293
0.849544
0.002853
0.002853
0.336111
0.114194
0.009307
0.000236
0.083166
0.001378
0.895153
0.04707
0.086227
0.311559
0.001354
0.019309
0.019309
0.750923
0.519851
0.007472
0.317809
0.607521
0.578417
0.986966
0.102242
0.223951
0.830506
0.002848
0.838643
0.838643
0.08509
0.342441
0.511595
0.013952
0.002235
0.006883
0.006883
0.897058
0.242667
0.381207
0.197015
0.941813
0.003098
0.268688
0.86438
0.003098
0.464942
0.003098
0.095834
0.095834
0.24056
0.141931
0.027052
0.00416
0.210745
0.327756
0.134587
0.012312
0.595088
0.012788
0.048682
0.24177
0.478933
0.24177
0.02809
0.113047
0.029809
0.220382
0.0276
0.003135
0.751533
0.714035
0.002784
0.066953
0.505533
0.109107
0.794599
0.041951
0.109107
0.056773
0.994965
0.226258
0.223272
0.337364
0.002515
0.559528
0.909358
0.0001
0.0001
0.001747
0.001915
0.068676
0.761142
0.983377
0.618129
0.134556
0.780082
0.134556
0.005903
0.128984
0.770002
0.007727
0.033588
0.004374
0.975499
0.083255
0.699299
0.136586
0.604388
0.871334
0.64528
0.09645
0.579054
0.043446
0.971869
0.062965
0.043446
0.106637
0.813645
0.106637
0.006704
0.086642
0.043446
0.043446
0.09645
0.374379
0.001054
0.13469
0.461798
0.002396
0.642615
0.014564
0.129526
0.018118
0.021667
0.20096
0.078913
0.664518
0.000484
0.03751
0.003497
0.000484
0.000484
0.977149
0.632056
0.000484
0.107673
0.004085
0.620726
0.094666
0.012876
0.67435
0.101383
0.012876
0.156945
0.616482
0.076096
0.001302
0.761067
0.002698
0.521798
0.088259
0.948969
0.049569
0.088259
0.010989
0.049569
0.805854
0.000128
0.002454
0.86539
0.01594
0.00379
0.001029
0.035709
0.979458
0.996955
0.341077
0.002358
0.038304
0.124803
0.005159
0.005159
0.012866
0.000432
0.000128
0.781929
0.000432
0.000128
0.008497
0.715089
0.000186
0.027208
0.811631
0.94904
0.359213
0.096694
0.000493
0.130193
0.096694
0.054118
0.918168
0.288817
0.247138
0.000493
0.027208
0.865189
0.562757
0.985795
0.290433
0.001799
0.022166
0.092035
0.00717
0.000498
0.119907
0.001693
0.661831
0.000124
0.009378
0.136319
0.075975
0.003435
0.016954
0.000159
0.951127
0.097317
0.001297
0.143719
0.002014
0.136333
0.003583
0.136333
0.333017
0.767932
0.002014
0.582881
0.087279
0.884187
0.657568
0.332789
0.963649
0.170401
0.394369
0.803618
0.345843
0.122757
0.711242
0.001113
0.022979
0.831632
0.350332
0.985313
0.531179
0.181085
0.987229
0.011061
0.012281
0.927575
0.090886
0.001113
0.709539
0.003555
0.013534
0.218075
0.058845
0.889099
0.207097
0.000225
0.065156
0.517397
0.038982
0.058845
0.22334
0.885004
0.294104
0.207226
0.928413
0.965429
0.370319
0.428749
0.295246
0.868841
0.099492
0.428749
0.860887
0.507417
0.507417
0.060722
0.203412
0.173409
0.22286
0.865577
0.000571
0.081864
0.000172
0.007434
0.002135
0.106479
0.009499
0.000172
0.002535
0.362204
0.877293
0.15991
0.703242
0.622014
0.49209
0.34734
0.219583
0.425545
0.378379
0.768716
0.588035
0.080541
0.080541
0.175131
0.28195
0.836643
0.681926
0.528975
0.009552
0.635944
0.593604
0.549277
0.86881
0.873635
0.00062
0.00062
0.021637
0.004123
0.002475
0.096475
0.005776
0.094724
0.000316
0.094595
0.46275
0.173386
0.134828
0.577014
0.99847
0.060545
0.00265
0.172713
0.253161
0.02953
0.439808
0.284364
0.524392
0.542875
0.371223
0.632009
0.456053
0.918651
0.152487
0.001597
0.149274
0.000691
0.009478
0.000287
0.009026
0.02109
0.314267
0.847032
0.010088
0.474895
0.024051
0.006203
0.02122
0.00911
0.004194
0.995042
0.078204
0.000968
0.000693
0.253318
0.004027
0.000612
0.000444
0.000207
0.697388
0.013938
0.157065
0.000444
0.373795
0.000142
0.588523
0.4767
0.457585
0.816497
0.001149
0.001149
0.000112
0.000112
0.166913
0.053117
0.190527
0.000759
0.000759
0.809398
0.33969
0.33969
0.023342
0.568743
0.063273
0.954642
0.33969
0.041171
0.003624
0.14117
0.127989
0.446696
0.448557
0.224752
0.312855
0.533121
0.025126
0.101725
0.323499
0.533121
0.007054
0.013443
0.052657
0.002849
0.052657
0.000482
0.007054
0.052657
0.043476
0.013559
0.881709
0.066999
0.717637
0.853633
0.151139
0.396077
0.540571
0.438813
0.660935
0.391847
0.353781
0.129443
0.295831
0.359607
0.222715
0.023616
0.832438
0.722801
0.52387
0.324491
0.691027
0.026571
0.622568
0.630263
0.079949
0.492662
0.076339
0.84886
0.070941
0.020342
0.663556
0.036706
0.31447
0.193138
0.00057
0.00057
0.044864
0.006775
0.044864
0.63436
0.541352
0.044864
0.044864
0.006775
0.806106
0.00057
0.487498
0.103631
0.103631
0.657866
0.110014
0.236674
0.05491
0.044882
0.002374
0.040457
0.036077
0.076212
0.774574
0.072798
0.173464
0.006762
0.417762
0.191939
0.773749
0.016476
0.002222
0.191939
0.309595
0.804664
0.441612
0.108455
0.023443
0.224056
0.107339
0.00497
0.053742
0.087749
0.000108
0.027812
0.002195
0.000301
0.954482
0.306068
0.000258
0.000217
0.056593
0.336495
0.901574
0.000575
0.002195
0.026689
0.00552
0.299385
0.263634
0.210774
0.8691
0.432856
0.436213
0.5069
0.144056
0.200096
0.07875
0.94971
0.265891
0.020438
0.667998
0.273285
0.104671
0.443137
0.000993
0.668543
0.459648
0.0135
0.08703
0.015848
0.000237
0.000465
0.00211
0.027889
0.000102
0.000117
0.000213
0.000465
0.00012
0.000248
0.00115
0.000186
0.000225
0.009808
0.000403
0.025958
0.00702
0.60382
0.000229
0.007448
0.004496
0.245667
0.018978
0.000193
0.000193
0.708676
0.189273
0.885119
0.0437
0.140067
0.437426
0.330375
0.533395
0.890258
0.517004
0.965976
0.364008
0.364008
0.078044
0.686404
0.999373
0.091367
0.059484
0.133364
0.110587
0.116196
0.001767
0.026717
0.097722
0.009986
0.301436
0.004415
0.734119
0.215478
0.043024
0.186719
0.107296
0.602025
0.59333
0.024246
0.005695
0.052441
0.002577
0.043374
0.091117
0.113741
0.004234
0.384066
0.056375
0.056375
0.000609
0.012742
0.078156
0.000609
0.000198
0.003743
0.304441
0.195526
0.000289
0.195526
0.00011
0.195526
0.195526
0.195526
0.195526
0.011935
0.040653
0.040653
0.999535
0.002432
0.02384
0.617618
0.000151
0.009554
0.103141
0.002432
0.002432
0.000687
0.000188
0.00031
0.978083
0.02384
0.000182
0.000229
0.000815
0.990712
0.002528
0.000297
0.02384
0.145782
0.000188
0.000107
0.496709
0.038688
0.668603
0.000151
0.000569
0.178333
0.857256
0.980732
0.000123
0.001155
0.23642
0.000176
0.764699
0.282814
0.91088
0.154199
0.00012
0.015014
0.00029
0.161594
0.001152
0.184042
0.326933
0.596128
0.000207
0.03627
0.002422
0.033751
0.869225
0.00013
0.001166
0.000135
0.262051
0.020992
0.00054
0.273774
0.211574
0.857433
0.990657
0.024474
0.005293
0.608801
0.483746
0.791562
0.952378
0.000245
0.002371
0.936145
0.558064
0.114947
0.016006
0.123825
0.002518
0.483707
0.000245
0.942425
0.34088
0.61913
0.164979
0.014753
0.317885
0.366403
0.087144
0.039331
0.207073
0.069196
0.233838
0.183891
0.94014
0.004227
0.165259
0.027515
0.039343
0.081351
0.658034
0.875538
0.958058
0.328284
0.054735
0.096214
0.098792
0.100981
0.569264
0.320663
0.006729
0.821614
0.013634
0.351629
0.509744
0.00533
0.017349
0.001235
0.000414
0.006729
0.000414
0.576869
0.183908
0.183908
0.708066
0.02512
0.426672
0.114335
0.722386
0.055699
0.385353
0.055699
0.055699
0.242873
0.057447
0.083773
0.057447
0.191719
0.975897
0.314142
0.000164
0.057447
0.436359
0.041724
0.77246
0.387508
0.446608
0.913707
0.446608
0.607723
0.186527
0.315326
0.037147
0.23776
0.003525
0.240373
0.041674
0.123327
0.123327
0.041674
0.123327
0.02927
0.078637
0.760695
0.221265
0.287748
0.104573
0.040152
0.898641
0.017821
0.194984
0.031017
0.183653
0.517167
0.10523
0.000227
0.286232
0.016131
0.305796
0.001425
0.310026
0.084214
0.885617
0.289572
0.289572
0.837575
0.039804
0.004946
0.664763
0.714494
0.298791
0.859661
0.50964
0.09875
0.050652
0.09875
0.001186
0.997418
0.004756
0.91279
0.05017
0.001186
0.190045
0.011211
0.244405
0.075871
0.024911
0.300693
0.931459
0.190045
0.075871
0.001276
0.028449
0.048219
0.92324
0.001276
0.086246
0.307552
0.001276
0.086246
0.698634
0.001276
0.001276
0.926267
0.394053
0.312568
0.572813
0.137607
0.43019
0.517466
0.137607
0.057512
0.622275
0.03804
0.106159
0.137607
0.995329
0.20236
0.309403
0.001516
0.155326
0.168052
0.155326
0.04894
0.28316
0.000141
0.006477
0.998743
0.475439
0.330657
0.000215
0.000215
0.000215
0.103484
0.597232
0.346131
0.058293
0.055626
0.166529
0.064886
0.139629
0.488928
0.149803
0.105742
0.922545
0.509261
0.986578
0.001572
0.105341
0.435714
0.6392
0.772836
0.025266
0.174937
0.609017
0.37112
0.355144
0.932434
0.955989
0.057229
0.423907
0.041328
0.002853
0.058832
0.135076
0.002853
0.970072
0.058832
0.043355
0.158682
0.158682
0.158682
0.838643
0.838643
0.601165
0.095457
0.537334
0.951237
0.866718
0.277143
0.734998
0.470541
0.470541
0.716225
0.513399
0.119729
0.513399
0.581407
0.257077
0.319153
0.721928
0.004727
0.045433
0.015893
0.027909
0.090235
0.588495
0.017289
0.13836
0.098475
0.050319
0.014673
0.014673
0.000194
0.005705
0.844693
0.826169
0.154574
0.353824
0.857411
0.173365
0.283092
0.107459
0.007298
0.000298
0.035847
0.000847
0.232158
0.915592
0.036524
0.279958
0.004727
0.652692
0.902174
0.559508
0.525508
0.124971
0.010967
0.003041
0.187921
0.124971
0.990971
0.007472
0.06802
0.105642
0.164208
0.105642
0.105642
0.007932
0.105642
0.105642
0.467125
0.105642
0.105642
0.105642
0.135278
0.105642
0.105642
0.655841
0.186302
0.146449
0.105642
0.186302
0.105642
0.424287
0.077034
0.863565
0.02913
0.02913
0.158563
0.04115
0.023454
0.018394
0.007203
0.094917
0.000332
0.684162
0.819325
0.513869
0.019355
0.052111
0.265936
0.483729
0.010509
0.525104
0.748462
0.695584
0.000565
0.114097
0.146292
0.175672
0.855289
0.575585
0.818984
0.489392
0.016744
0.75228
0.0802
0.02298
0.004143
0.002006
0.122912
0.946028
0.002006
0.275982
0.016225
0.016225
0.000218
0.00099
0.004984
0.063952
0.063952
0.66564
0.286573
0.301625
0.694617
0.212823
0.336992
0.139382
0.199641
0.086208
0.000492
0.323769
0.287865
0.487453
0.267141
0.835657
0.640261
0.002322
0.076695
0.013943
0.223339
0.000292
0.742421
0.031635
0.034335
0.031635
0.000292
0.367981
0.003847
0.10039
0.982333
0.221229
0.238555
0.173004
0.790627
0.521722
0.556035
0.418125
0.73283
0.046775
0.472202
0.000279
0.050036
0.004168
0.005421
0.4335
0.723949
0.871816
0.77127
0.43927
0.000551
0.007313
0.79336
0.031984
0.082674
0.034668
0.041804
0.540156
0.969724
0.959076
0.717686
0.254714
0.137114
0.000594
0.053372
0.571874
0.030356
0.792349
0.007465
0.030356
0.001375
0.195578
0.313165
0.002692
0.018073
0.074055
0.074055
0.080551
0.718397
0.145928
0.514623
0.016639
0.428841
0.072597
0.016877
0.016877
0.425297
0.016877
0.197044
0.398062
0.438046
0.179893
0.249304
0.002225
0.057316
0.002496
0.549561
0.053632
0.727342
0.094201
0.003759
0.004969
0.244478
0.244478
0.732221
0.005041
0.005041
0.01391
0.127484
0.104413
0.137896
0.518787
0.110552
0.525095
0.070689
0.487412
0.220761
0.018513
0.546651
0.032675
0.018513
0.075922
0.660062
0.192411
0.82353
0.706393
0.965826
0.615326
0.000685
0.190982
0.003372
0.3389
0.890844
0.522423
0.48842
0.018715
0.37564
0.080845
0.699207
0.699207
0.017442
0.001531
0.885935
0.943482
0.005692
0.229068
0.415586
0.005692
0.005692
0.168663
0.06548
0.849651
0.480684
0.530804
0.141147
0.021671
0.027164
0.143264
0.934705
0.143264
0.033735
0.033735
0.381848
0.022147
0.365969
0.000652
0.244411
0.004667
0.000652
0.000557
0.000214
0.000181
0.022147
0.015934
0.075151
0.000214
0.281754
0.107998
0.192128
0.360638
0.33721
0.023706
0.009137
0.681437
0.499224
0.39237
0.208438
0.335967
0.022515
0.278915
0.999093
0.465909
0.02761
0.152538
0.100743
0.034491
0.005914
0.002835
0.000369
0.018591
0.468343
0.000691
0.056276
0.011898
0.145975
0.23371
0.866145
0.179169
0.183555
0.051383
0.788415
0.710127
0.710127
0.007749
0.189618
0.189618
0.007749
0.654492
0.84661
0.599125
0.093671
0.180413
0.983424
0.712136
0.975724
0.075051
0.525693
0.802087
0.525693
0.839771
0.232744
0.084109
0.69557
0.314949
0.34747
0.780924
0.332921
0.349375
0.189151
0.849854
0.145152
0.000221
0.299772
0.019751
0.296067
0.791949
0.010349
0.019283
0.053013
0.004151
0.000274
0.004151
0.000133
0.212354
0.019283
0.002627
0.116081
0.315638
0.995351
0.033049
0.000446
0.004455
0.582009
0.445462
0.411739
0.977345
0.019374
0.019374
0.905115
0.011188
0.205399
0.160123
0.770194
0.088246
0.006749
0.020636
0.016239
0.06297
0.046842
0.000734
0.06297
0.000734
0.000734
0.039795
0.380633
0.003
0.003
0.003
0.02195
0.787053
0.434625
0.626117
0.626117
0.576595
0.111264
0.204862
0.845497
0.429503
0.941805
0.046286
0.015238
0.083705
0.349837
0.020817
0.002314
0.004992
0.426441
0.052251
0.052251
0.930741
0.044955
0.000679
0.019833
0.00066
0.195759
0.058341
0.095463
0.00066
0.058341
0.113064
0.507421
0.310618
0.310618
0.28403
0.310618
0.28403
0.310618
0.310618
0.113064
0.66823
0.310618
0.399344
0.570672
0.014193
0.680088
0.212529
0.209159
0.209159
0.949042
0.000514
0.454289
0.924765
0.046569
0.528158
0.046569
0.301421
0.060475
0.825206
0.015018
0.546267
0.245725
0.044325
0.012793
0.003496
0.154917
0.447015
0.908383
0.447015
0.004771
0.009931
0.02292
0.238852
0.948875
0.446304
0.796465
0.628461
0.628461
0.238852
0.044689
0.838643
0.838643
0.869517
0.18516
0.340055
0.424049
0.2612
0.015225
0.015225
0.207921
0.207921
0.000371
0.207921
0.033174
0.207921
0.207921
0.087743
0.000371
0.632989
0.001625
0.973299
0.064537
0.659812
0.645781
0.57827
0.201517
0.57827
0.082466
0.24783
0.117537
0.02752
0.021632
0.014239
0.001577
0.001577
0.390346
0.270777
0.002768
0.006465
0.106642
0.2482
0.126902
0.030945
0.063828
0.001227
0.808657
0.977789
0.023503
0.841633
0.087549
0.606977
0.000565
0.767801
0.038956
0.110043
0.161972
0.161972
0.151335
0.962005
0.013982
0.292451
0.714548
0.803836
0.251682
0.969488
0.75452
0.002392
0.05456
0.001602
0.251682
0.731189
0.561113
0.561113
0.873049
0.567129
0.567129
0.934332
0.794788
0.025562
0.295195
0.466979
0.723495
0.43691
0.852761
0.763333
0.256705
0.010394
0.113507
0.423841
0.197977
0.147775
0.88221
0.307095
0.897234
0.150568
0.035612
0.035612
0.143179
0.733607
0.316795
0.356565
0.429169
0.385274
0.877822
0.013157
0.223459
0.02664
0.099754
0.01648
0.000225
0.008232
0.002308
0.06262
0.06262
0.000288
0.010244
0.052103
0.286289
0.971351
0.002772
0.049735
0.191864
0.047266
0.694823
0.231536
0.159385
0.000416
0.000416
0.094676
0.54134
0.002597
0.059074
0.002597
0.891301
0.031788
0.002597
0.175433
0.256186
0.051294
0.256186
0.145162
0.145162
0.004244
0.060316
0.000132
0.601159
0.687035
0.000576
0.011633
0.004282
0.167188
0.844289
0.760783
0.017922
0.823442
0.206501
0.596181
0.185027
0.363446
0.156397
0.917109
0.212611
0.062895
0.658674
0.028632
0.167392
0.000298
0.299907
0.293773
0.304532
0.105421
0.105421
0.093219
0.093219
0.304532
0.130073
0.633733
0.130073
0.213168
0.964513
0.629446
0.27592
0.575652
0.091474
0.465733
0.024145
0.465733
0.155916
0.07608
0.235983
0.85785
0.127983
0.961087
0.004259
0.018335
0.018335
0.439075
0.085207
0.20041
0.010115
0.538321
0.607403
0.273451
0.273451
0.273451
0.420392
0.755505
0.273451
0.273451
0.273451
0.273451
0.273451
0.000101
0.273451
0.273451
0.273451
0.273451
0.273451
0.273451
0.273451
0.273451
0.273451
0.273451
0.273451
0.273451
0.273451
0.420392
0.572259
0.273451
0.273451
0.273451
0.331804
0.273451
0.075401
0.227823
0.261467
0.180668
0.795409
0.197103
0.197103
0.162309
0.003548
0.067422
0.033689
0.898099
0.010139
0.838643
0.838643
0.46366
0.002696
0.016689
0.002696
0.003583
0.016689
0.002696
0.203368
0.241276
0.241276
0.797456
0.872628
0.694607
0.694607
0.801136
0.572808
0.917231
0.277462
0.277462
0.277462
0.667024
0.006766
0.916021
0.035849
0.706133
0.456376
0.135621
0.88139
0.942898
0.833332
0.5941
0.266204
0.033923
0.037496
0.416617
0.124764
0.119747
0.17181
0.133776
0.984598
0.005827
0.441122
0.345239
0.143288
0.143288
0.435597
0.838643
0.838643
0.096142
0.751605
0.616941
0.370787
0.366043
0.354262
0.242732
0.143035
0.992674
0.143035
0.839614
0.887839
0.133719
0.038162
0.218275
0.157351
0.629023
0.069468
0.849582
0.093831
0.012821
0.137252
0.824444
0.093831
0.133719
0.044942
0.985654
0.965167
0.045119
0.107639
0.420529
0.539604
0.583033
0.218112
0.838643
0.838643
0.088753
0.799122
0.667684
0.103488
0.239856
0.939368
0.09541
0.083619
0.001815
0.2584
0.487549
0.2584
0.16607
0.562741
0.2584
0.001815
0.083619
0.04571
0.001815
0.664918
0.664918
0.838643
0.838643
0.926714
0.943697
0.150421
0.242857
0.59429
0.746982
0.032561
0.801739
0.004228
0.004881
0.122661
0.838643
0.838643
0.931716
0.050659
0.596745
0.263942
0.182546
0.493378
0.432037
0.883754
0.652212
0.8414
0.972145
0.06693
0.250882
0.990318
0.004885
0.335497
0.356455
0.061966
0.04481
0.596439
0.232352
0.140222
0.22281
0.957445
0.22281
0.292745
0.22281
0.827455
0.384382
0.079856
0.00326
0.677057
0.682381
0.144522
0.109406
0.00326
0.982271
0.257555
0.811192
0.030208
0.603716
0.000255
0.699137
0.012549
0.000255
0.094174
0.050693
0.013395
0.303451
0.803744
0.000115
0.249418
0.03385
0.001646
0.001646
0.004144
0.003189
0.803082
0.025624
0.473685
0.025879
0.123317
0.000192
0.678764
0.000192
0.483187
0.011265
0.241021
0.253342
0.030184
0.003647
0.252766
0.030081
0.812124
0.005517
0.252766
0.898396
0.0005
0.018308
0.004958
0.216443
0.000686
0.0029
0.0029
0.000686
0.902609
0.091139
0.194728
0.003157
0.152702
0.028094
0.152702
0.174536
0.174536
0.005001
0.174536
0.127772
0.174536
0.596212
0.057466
0.686074
0.08851
0.865757
0.000848
0.031304
0.104938
0.388322
0.926646
0.277406
0.799192
0.429345
0.617819
0.017385
0.143734
0.745677
0.999387
0.194795
0.276593
0.899091
0.279868
0.028226
0.028226
0.028226
0.279868
0.971976
0.080266
0.016121
0.983926
0.002827
0.157264
0.757736
0.291951
0.291951
0.315087
0.326046
0.022267
0.022267
0.370068
0.678703
0.09665
0.320022
0.834771
0.092725
0.074964
0.320022
0.092725
0.903291
0.008743
0.478515
0.074964
0.652498
0.803311
0.473251
0.428609
0.255401
0.255401
0.728962
0.001333
0.00131
0.653418
0.805121
0.0879
0.023702
0.937021
0.034161
0.776076
0.776076
0.776076
0.776076
0.143976
0.43266
0.582797
0.582797
0.259965
0.559925
0.016848
0.033864
0.033864
0.000158
0.009243
0.003166
0.009243
0.01323
0.000158
0.01323
0.038803
0.864909
0.135468
0.038803
0.439855
0.871662
0.468862
0.566948
0.387289
0.213456
0.677892
0.314702
0.030147
0.867695
0.484953
0.043686
0.234071
0.48782
0.809312
0.809312
0.809312
0.320522
0.564404
0.305733
0.162479
0.102445
0.00393
0.180514
0.91346
0.522845
0.295262
0.522845
0.068858
0.250031
0.370897
0.370897
0.370897
0.365015
0.090082
0.076324
0.645996
0.256154
0.053289
0.732702
0.27788
0.27788
0.783471
0.079881
0.26322
0.157491
0.157491
0.157491
0.000291
0.036105
0.017614
0.047368
0.014367
0.007722
0.092254
0.014367
0.014367
0.014367
0.701222
0.702282
0.102146
0.765515
0.359021
0.838643
0.838643
0.06282
0.233115
0.003851
0.000522
0.89793
0.000522
0.011253
0.520386
0.882124
0.046739
0.09205
0.046739
0.039256
0.046739
0.017894
0.017894
0.590791
0.131726
0.072898
0.011974
0.013928
0.015478
0.006677
0.013928
0.470588
0.001246
0.155255
0.330137
0.115849
0.404958
0.429034
0.210655
0.210655
0.210655
0.095534
0.183706
0.090388
0.913649
0.027659
0.313506
0.316396
0.01482
0.077033
0.085099
0.153895
0.172692
0.750737
0.000519
0.000143
0.00769
0.321085
0.000271
0.367624
0.190242
0.963368
0.221448
0.240531
0.379517
0.183421
0.342221
0.075793
0.023776
0.386805
0.386805
0.838643
0.838643
0.342826
0.933947
0.448127
0.957399
0.342826
0.247188
0.172637
0.935799
0.238038
0.015641
0.013573
0.233503
0.238038
0.193199
0.087773
0.146804
0.146804
0.269489
0.085744
0.028788
0.077371
0.865357
0.833348
0.675472
0.891829
0.51476
0.232198
0.894835
0.961968
0.289791
0.596972
0.169861
0.517497
0.075028
0.191578
0.191578
0.248789
0.637577
0.248789
0.82006
0.708265
0.708265
0.833216
0.833216
0.5884
0.232009
0.063384
0.459554
0.779109
0.525927
0.002703
0.095064
0.074104
0.036902
0.742983
0.679306
0.898504
0.527153
0.971322
0.616336
0.616336
0.716895
0.070087
0.009762
0.022537
0.949654
0.888942
0.330429
0.022537
0.197402
0.698298
0.022537
0.753347
0.160011
0.160011
0.10508
0.189888
0.577334
0.087829
0.023709
0.142806
0.493762
0.019532
0.010539
0.688064
0.000976
0.506782
0.506782
0.728008
0.019655
0.805072
0.863559
0.510413
0.335692
0.629863
0.000694
0.136075
0.016631
0.350368
0.350368
0.040952
0.142725
0.142725
0.699063
0.787688
0.252551
0.252551
0.460496
0.004109
0.464548
0.940662
0.519642
0.617724
0.230385
0.758891
0.330496
0.330496
0.685583
0.067338
0.813149
0.152275
0.004885
0.153726
0.884488
0.412339
0.788087
0.545508
0.400621
0.545508
0.290535
0.932519
0.947846
0.556639
0.717436
0.781839
0.556639
0.303399
0.054002
0.30683
0.000163
0.08984
0.019034
0.200072
0.105629
0.415358
0.129159
0.803274
0.357179
0.100663
0.381512
0.100663
0.162049
0.314548
0.052076
0.527765
0.449608
0.038966
0.333976
0.946483
0.379026
0.347053
0.000933
0.273417
0.000265
0.000265
0.000265
0.040957
0.010082
0.024721
0.040957
0.900379
0.799662
0.222851
0.271721
0.027741
0.418399
0.668988
0.537969
0.437733
0.735268
0.161424
0.649572
0.838643
0.838643
0.936369
0.089435
0.174074
0.654313
0.256793
0.747823
0.829897
0.33994
0.333031
0.957508
0.891014
0.796213
0.347155
0.402599
0.014245
0.002771
0.577832
0.006625
0.002715
0.009616
0.381038
0.875229
0.49366
0.788748
0.964959
0.491912
0.339162
0.776256
0.565908
0.671617
0.81179
0.960235
0.268402
0.049077
0.049077
0.049077
0.874163
0.067437
0.067437
0.251523
0.067437
0.067437
0.084248
0.084248
0.143435
0.848059
0.019847
0.159424
0.04889
0.010813
0.464447
0.010813
0.383739
0.04889
0.159424
0.159424
0.001329
0.03897
0.355875
0.355875
0.03897
0.03897
0.762464
0.365491
0.92743
0.631249
0.608794
0.101193
0.035235
0.351486
0.351486
0.85972
0.721358
0.721358
0.231478
0.707587
0.901094
0.05191
0.930448
0.258442
0.871878
0.315906
0.707917
0.358379
0.834616
0.315906
0.358379
0.068166
0.324976
0.084214
0.183622
0.429123
0.17232
0.17232
0.040235
0.033991
0.851164
0.001001
0.001018
0.097405
0.490996
0.235323
0.093785
0.591007
0.591007
0.052997
0.566697
0.488162
0.822796
0.689124
0.689124
0.029396
0.029396
0.014395
0.001629
0.001629
0.094514
0.094514
0.292983
0.457473
0.470606
0.503526
0.523751
0.43879
0.055357
0.055357
0.192221
0.055357
0.000804
0.055357
0.000804
0.001358
0.576235
0.26354
0.633883
0.033456
0.019496
0.001358
0.132638
0.604278
0.631758
0.148394
0.050517
0.016828
0.204387
0.017377
0.877187
0.864421
0.157024
0.878034
0.115403
0.044971
0.44156
0.568133
0.977533
0.047029
0.275607
0.345074
0.017142
0.857219
0.045171
0.00393
0.045171
0.017142
0.029998
0.045171
0.172584
0.00393
0.045171
0.033496
0.039201
0.826639
0.125432
0.125432
0.016304
0.463794
0.121514
0.078172
0.973839
0.5953
0.010368
0.052323
0.14948
0.023832
0.14948
0.008422
0.1603
0.776076
0.776076
0.776076
0.776076
0.028752
0.028752
0.470097
0.080553
0.024916
0.095251
0.079436
0.927687
0.916649
0.079436
0.642294
0.079436
0.103846
0.357859
0.250731
0.224114
0.079231
0.10333
0.10333
0.012768
0.05183
0.296155
0.06811
0.06811
0.505087
0.222594
0.738213
0.838643
0.838643
0.439655
0.837064
0.804086
0.577714
0.693812
0.693812
0.846464
0.022499
0.031885
0.000878
0.000878
0.884402
0.579851
0.034997
0.374462
0.109416
0.858939
0.354884
0.354884
0.877161
0.358871
0.770108
0.383578
0.500147
0.500147
0.244543
0.838643
0.838643
0.981143
0.74608
0.792149
0.387278
0.117989
0.007448
0.367733
0.418968
0.007448
0.637636
0.088632
0.007398
0.000256
0.000704
0.001547
0.674731
0.865869
0.680268
0.915735
0.005722
0.016891
0.165516
0.13085
0.036845
0.616649
0.024504
0.500528
0.500528
0.125939
0.227077
0.227077
0.227077
0.021067
0.227508
0.629903
0.32732
0.32732
0.681298
0.560639
0.154952
0.480954
0.154952
0.311121
0.918366
0.499885
0.612812
0.612812
0.761838
0.334334
0.678923
0.24622
0.991001
0.12475
0.063687
0.54938
0.54938
0.128802
0.54938
0.615682
0.00411
0.666906
0.466254
0.558184
0.101624
0.101624
0.059806
0.101624
0.695257
0.383564
0.456476
0.029168
0.427656
0.847927
0.035809
0.037658
0.468605
0.429752
0.00032
0.369168
0.751637
0.001613
0.00032
0.7514
0.00032
0.760773
0.432061
0.472921
0.472921
0.472921
0.019854
0.432061
0.887267
0.418005
0.418005
0.445848
0.729426
0.01165
0.99088
0.27789
0.163472
0.209851
0.019263
0.146722
0.209035
0.013766
0.209035
0.425147
0.013766
0.06996
0.433621
0.007609
0.868042
0.169964
0.043771
0.076115
0.019906
0.326588
0.83116
0.586597
0.586597
0.586597
0.586597
0.362466
0.362466
0.651256
0.588929
0.455067
0.905097
0.579188
0.42602
0.743229
0.016465
0.194564
0.054823
0.054823
0.463697
0.202476
0.952871
0.378567
0.002323
0.002323
0.002221
0.10262
0.002323
0.087317
0.397447
0.445171
0.097025
0.22396
0.980163
0.778272
0.196406
0.475807
0.039246
0.939227
0.196406
0.080251
0.313979
0.293157
0.903606
0.752852
0.752852
0.563196
0.700623
0.700623
0.10862
0.336443
0.336443
0.739672
0.507107
0.507107
0.048373
0.991341
0.018467
0.018467
0.018467
0.018467
0.018467
0.024765
0.05481
0.024765
0.571899
0.96194
0.378389
0.378389
0.351242
0.378389
0.838643
0.838643
0.225532
0.249851
0.225532
0.005288
0.001274
0.005288
0.000136
0.001274
0.001449
0.000912
0.018
0.016515
0.000912
0.018
0.657439
0.018
0.008064
0.000336
0.036965
0.424449
0.839754
0.081231
0.064992
0.070709
0.256653
0.577885
0.431369
0.256653
0.465874
0.055046
0.032182
0.306104
0.968442
0.232768
0.29819
0.29819
0.29819
0.747928
0.450966
0.373662
0.00201
0.553994
0.954482
0.098563
0.04486
0.958241
0.003545
0.625692
0.185464
0.04752
0.185464
0.003545
0.809312
0.809312
0.809312
0.068441
0.112963
0.012198
0.289141
0.020704
0.433991
0.00866
0.959131
0.115945
0.494253
0.494253
0.321174
0.524777
0.205209
0.026654
0.20324
0.006227
0.026968
0.000213
0.006911
0.730021
0.555571
0.730021
0.015443
0.004014
0.248109
0.436952
0.000129
0.011234
0.373239
0.136838
0.280137
0.528573
0.280137
0.154243
0.11684
0.23819
0.477744
0.025087
0.355128
0.630467
0.077986
0.049604
0.000493
0.049604
0.529118
0.748589
0.898123
0.529118
0.513224
0.87415
0.761435
0.447483
0.784007
0.101058
0.004947
0.004947
0.838643
0.838643
0.301378
0.129999
0.006548
0.018006
0.037635
0.393435
0.006548
0.929881
0.431519
0.038929
0.376683
0.281395
0.739608
0.209114
0.209114
0.539083
0.010588
0.296511
0.296511
0.126404
0.001105
0.14244
0.225694
0.846632
0.357204
0.214717
0.476233
0.155204
0.311225
0.009772
0.361515
0.136213
0.259114
0.58879
0.035911
0.078512
0.419355
0.972803
0.186764
0.378926
0.936734
0.062123
0.200655
0.062123
0.565538
0.565538
0.713887
0.902866
0.713887
0.108266
0.142542
0.037115
0.037115
0.014691
0.259591
0.259591
0.929737
0.94688
0.031076
0.330882
0.849909
0.492084
0.366312
0.717399
0.207291
0.286721
0.191489
0.897193
0.922745
0.404163
0.009434
0.225548
0.735988
0.05142
0.018747
0.715198
0.262484
0.316646
0.838643
0.838643
0.167793
0.000938
0.002701
0.00407
0.838643
0.838643
0.028158
0.037026
0.032159
0.081509
0.441647
0.680562
0.480515
0.182568
0.288317
0.738375
0.64992
0.64992
0.499943
0.831916
0.515291
0.900366
0.266116
0.098472
0.138825
0.456919
0.456919
0.078966
0.266263
0.266263
0.004281
0.042045
0.042045
0.039668
0.00154
0.00154
0.36905
0.050992
0.103553
0.033966
0.109411
0.210099
0.467354
0.045164
0.172555
0.647947
0.172555
0.054944
0.549542
0.137431
0.528999
0.528999
0.137431
0.796508
0.946947
0.672504
0.346601
0.166417
0.672504
0.752128
0.576538
0.163186
0.921499
0.688016
0.737196
0.641156
0.391535
0.335027
0.145876
0.537698
0.452053
0.934548
0.929644
0.999035
0.381452
0.381452
0.590252
0.955414
0.665653
0.665653
0.113999
0.665653
0.665653
0.499886
0.622554
0.007245
0.899923
0.137637
0.242701
0.017635
0.005506
0.556719
0.694347
0.340346
0.340346
0.463307
0.697843
0.351328
0.351328
0.26873
0.513421
0.254878
0.25933
0.096332
0.096332
0.015446
0.015446
0.011076
0.00038
0.380008
0.007217
0.179349
0.179349
0.094999
0.380246
0.094999
0.117641
0.277452
0.717404
0.117641
0.277452
0.364672
0.246627
0.957366
0.960499
0.246627
0.246627
0.246627
0.010765
0.201158
0.104756
0.99144
0.609277
0.225491
0.011518
0.125952
0.011518
0.609277
0.435222
0.819007
0.272577
0.225491
0.802101
0.407283
0.140517
0.048626
0.797313
0.738918
0.738918
0.738918
0.738918
0.738918
0.033242
0.603587
0.924319
0.924319
0.621001
0.160779
0.468303
0.322131
0.996665
0.000488
0.004804
0.038449
0.030639
0.084476
0.030639
0.507929
0.425378
0.000488
0.012411
0.057723
0.614104
0.614104
0.351603
0.989241
0.413085
0.061469
0.774414
0.229881
0.229881
0.061469
0.413085
0.061469
0.881464
0.002404
0.113042
0.828768
0.51573
0.113042
0.002404
0.689788
0.53968
0.674577
0.08533
0.088233
0.005826
0.574042
0.313996
0.716675
0.33498
0.391558
0.028872
0.013282
0.006342
0.0099
0.026571
0.344765
0.004335
0.004335
0.016107
0.038084
0.000354
0.000354
0.000354
0.90403
0.028664
0.309208
0.309208
0.92115
0.519166
0.71724
0.257773
0.208744
0.519166
0.817043
0.779694
0.219783
0.445204
0.576479
0.937995
0.576479
0.576479
0.90327
0.502522
0.029871
0.7827
0.551623
0.971292
0.184279
0.029871
0.029871
0.921336
0.935596
0.071918
0.066932
0.927397
0.299513
0.0586
0.854413
0.997902
0.303492
0.653824
0.653824
0.479713
0.024818
0.03563
0.907917
0.372896
0.014814
0.000671
0.049918
0.00622
0.553886
0.413008
0.413008
0.247548
0.869335
0.045994
0.198116
0.947923
0.198116
0.144911
0.79021
0.032802
0.327474
0.327474
0.103528
0.032491
0.117916
0.127472
0.953791
0.302517
0.62777
0.62777
0.62777
0.62777
0.850328
0.75185
0.75185
0.885713
0.557636
0.820789
0.415238
0.83731
0.205157
0.000152
0.008325
0.000205
0.013656
0.039812
0.039812
0.004377
0.1494
0.1494
0.004377
0.012002
0.288814
0.701817
0.982317
0.080597
0.455748
0.455748
0.080597
0.080597
0.911038
0.015187
0.028335
0.836754
0.634805
0.011469
0.008216
0.083003
0.011469
0.011469
0.173749
0.303611
0.627584
0.627584
0.627584
0.630238
0.353464
0.870359
0.347343
0.347343
0.03978
0.03092
0.03092
0.468559
0.127208
0.074556
0.338379
0.948674
0.815249
0.717263
0.289244
0.801971
0.38152
0.564859
0.516413
0.004561
0.015867
0.004561
0.274328
0.587334
0.453964
0.787473
0.478218
0.458548
0.838643
0.838643
0.000511
0.041148
0.533978
0.01
0.000511
0.356468
0.494036
0.06281
0.245783
0.366745
0.078922
0.195179
0.032185
0.029316
0.126724
0.97614
0.126724
0.126724
0.422937
0.501252
0.808519
0.501252
0.422937
0.501252
0.501252
0.900247
0.343929
0.343844
0.343844
0.384545
0.574634
0.868842
0.040586
0.056271
0.056271
0.289591
0.153387
0.645601
0.056271
0.27402
0.27402
0.838643
0.838643
0.032103
0.032103
0.242253
0.646048
0.646048
0.646048
0.646048
0.708468
0.583753
0.528274
0.528274
0.6812
0.300661
0.192452
0.018526
0.327042
0.327042
0.327042
0.327042
0.514782
0.314094
0.145822
0.002887
0.063446
0.031411
0.345436
0.624957
0.624957
0.10789
0.10789
0.229962
0.229962
0.006655
0.238276
0.060276
0.713887
0.902866
0.713887
0.996308
0.602584
0.306024
0.602016
0.602016
0.94623
0.229671
0.730215
0.205356
0.787467
0.304662
0.263412
0.496374
0.496374
0.64272
0.008111
0.008111
0.359372
0.155594
0.001601
0.072125
0.072125
0.252944
0.252944
0.060465
0.268518
0.393003
0.393003
0.174851
0.071667
0.70185
0.152708
0.164344
0.874004
0.047098
0.886254
0.070747
0.798201
0.442207
0.019627
0.019627
0.019627
0.533139
0.821656
0.019627
0.065323
0.443208
0.90403
0.399892
0.772981
0.690934
0.838643
0.838643
0.309821
0.309821
0.384524
0.000324
0.094041
0.125317
0.450384
0.125317
0.156888
0.124001
0.004607
0.156888
0.004607
0.595187
0.004677
0.148603
0.148603
0.556128
0.556128
0.556128
0.556128
0.556128
0.556128
0.556128
0.854623
0.198064
0.145625
0.340666
0.915922
0.809312
0.809312
0.809312
0.884098
0.630408
0.630408
0.648594
0.648594
0.884098
0.095297
0.978884
0.148441
0.98007
0.236148
0.061483
0.351071
0.278991
0.41381
0.515128
0.214821
0.321911
0.321911
0.105149
0.095697
0.949594
0.470417
0.095697
0.700552
0.470417
0.601359
0.043726
0.6839
0.118691
0.007372
0.109601
0.007372
0.007372
0.344272
0.007372
0.11598
0.241115
0.11598
0.965287
0.159167
0.159167
0.099962
0.132716
0.178888
0.13375
0.078412
0.022865
0.002209
0.149586
0.22488
0.002209
0.51525
0.019734
0.790588
0.149586
0.025526
0.026376
0.078412
0.025526
0.080019
0.080019
0.838643
0.838643
0.120186
0.461561
0.730427
0.791694
0.83199
0.637412
0.554282
0.750325
0.435541
0.185256
0.704471
0.118172
0.777955
0.013659
0.032793
0.881393
0.238038
0.207781
0.885383
0.207781
0.207781
0.003038
0.35449
0.00753
0.827795
0.75667
0.823526
0.394533
0.56367
0.260216
0.480219
0.5019
0.747005
0.472421
0.324817
0.90329
0.381645
0.154619
0.838643
0.838643
0.447401
0.414668
0.440897
0.414668
0.937196
0.440897
0.838643
0.838643
0.163224
0.657104
0.081717
0.657104
0.464322
0.901482
0.56511
0.521527
0.92127
0.430432
0.693958
0.430432
0.83208
0.70227
0.377839
0.377839
0.76634
0.061591
0.145413
0.096888
0.825001
0.395153
0.093106
0.324522
0.532529
0.036324
0.008066
0.838643
0.838643
0.477541
0.820634
0.460862
0.188362
0.110892
0.02299
0.02299
0.046043
0.107669
0.272758
0.981769
0.875014
0.852636
0.225268
0.287048
0.409607
0.287048
0.409607
0.034481
0.380625
0.380625
0.46932
0.494268
0.168241
0.223507
0.94821
0.672686
0.734585
0.077757
0.098013
0.706316
0.626015
0.122544
0.395875
0.344871
0.252473
0.920907
0.060022
0.36898
0.03413
0.674411
0.674411
0.674411
0.030071
0.824554
0.410389
0.410389
0.392537
0.147982
0.754758
0.147982
0.392537
0.392537
0.952911
0.019256
0.019256
0.392537
0.101195
0.834783
0.898004
0.32264
0.32264
0.383061
0.123488
0.231036
0.27415
0.531791
0.531791
0.759529
0.682115
0.682115
0.375174
0.375174
0.117397
0.046759
0.046759
0.875922
0.037272
0.838643
0.838643
0.060235
0.003805
0.496899
0.197176
0.197176
0.361297
0.361297
0.0425
0.912937
0.564867
0.776821
0.564867
0.838414
0.777336
0.860405
0.707724
0.643267
0.702788
0.702788
0.239149
0.660483
0.582976
0.371583
0.838643
0.838643
0.838643
0.838643
0.236065
0.127923
0.484483
0.873918
0.575515
0.746187
0.982609
0.545392
0.28602
0.248475
0.724012
0.202195
0.390411
0.708579
0.248475
0.476039
0.390411
0.227775
0.769824
0.702884
0.93762
0.194406
0.566083
0.718791
0.10102
0.92024
0.443882
0.737577
0.332493
0.738918
0.738918
0.738918
0.738918
0.738918
0.07084
0.72338
0.171776
0.622323
0.488925
0.488925
0.239515
0.822765
0.48981
0.905031
0.269605
0.030885
0.724519
0.001395
0.01759
0.086755
0.086755
0.411948
0.767676
0.411948
0.252829
0.553056
0.708271
0.344826
0.100586
0.012941
0.000606
0.082542
0.000606
0.069757
0.320301
0.013454
0.516452
0.749889
0.142353
0.100586
0.009074
0.252508
0.916656
0.801419
0.864496
0.603012
0.743524
0.048689
0.263284
0.81478
0.58021
0.265415
0.070569
0.086585
0.087344
0.087344
0.24193
0.803056
0.68105
0.01025
0.587039
0.587039
0.910055
0.711284
0.711284
0.000262
0.162107
0.003901
0.108879
0.082006
0.155225
0.849551
0.064491
0.011983
0.776076
0.776076
0.776076
0.776076
0.838274
0.685838
0.617458
0.544545
0.544545
0.304184
0.27405
0.594687
0.692796
0.594687
0.325247
0.140981
0.16815
0.004131
0.09794
0.822454
0.63124
0.63124
0.82343
0.665751
0.205949
0.723635
0.419096
0.930722
0.419096
0.430116
0.430116
0.018792
0.018792
0.018792
0.181537
0.298388
0.838643
0.838643
0.574259
0.169223
0.362299
0.362299
0.010059
0.81597
0.345165
0.21632
0.991919
0.364418
0.181562
0.037175
0.20669
0.109992
0.314708
0.082771
0.061218
0.32187
0.04885
0.600568
0.04885
0.04885
0.204207
0.101473
0.438976
0.006594
0.000253
0.000235
0.004181
0.084241
0.74526
0.000253
0.719605
0.719605
0.835069
0.331785
0.237611
0.013704
0.237611
0.917703
0.843462
0.398727
0.454373
0.328252
0.328252
0.318124
0.100699
0.100699
0.063491
0.03113
0.63264
0.03113
0.031846
0.167676
0.012025
0.000606
0.000606
0.000606
0.007849
0.000606
0.74985
0.433492
0.24356
0.425786
0.425786
0.011794
0.425786
0.903663
0.020731
0.059992
0.016731
0.024904
0.838643
0.838643
0.152694
0.847855
0.049777
0.681687
0.072912
0.001662
0.936212
0.634352
0.316976
0.441774
0.057869
0.935153
0.634352
0.057842
0.514637
0.023504
0.10139
0.015093
0.008441
0.12735
0.39962
0.10139
0.030609
0.012595
0.012595
0.227864
0.198202
0.910798
0.000255
0.117304
0.05291
0.052473
0.941025
0.946858
0.690683
0.411742
0.411742
0.690683
0.563196
0.903606
0.752852
0.752852
0.106779
0.05131
0.17689
0.439615
0.216585
0.44842
0.649582
0.105235
0.43705
0.43705
0.080919
0.000487
0.000487
0.150071
0.261097
0.058726
0.023212
0.144342
0.506742
0.187304
0.012334
0.776076
0.776076
0.776076
0.776076
0.69546
0.69546
0.91446
0.69546
0.69546
0.687292
0.687292
0.655872
0.04651
0.04651
0.322503
0.322503
0.04651
0.382592
0.635886
0.380116
0.104676
0.722543
0.104676
0.254827
0.254827
0.024703
0.024703
0.056919
0.811879
0.162952
0.056919
0.946215
0.251359
0.103835
0.005454
0.838643
0.838643
0.394865
0.394865
0.421464
0.637768
0.204159
0.856581
0.00989
0.660197
0.351028
0.351028
0.061554
0.160548
0.572958
0.372772
0.364147
0.758504
0.300707
0.300707
0.499354
0.169522
0.005973
0.169522
0.005973
0.041929
0.731951
0.056845
0.02775
0.838643
0.838643
0.303345
0.119517
0.004407
0.409413
0.291443
0.043814
0.390853
0.828159
0.709141
0.709141
0.838643
0.838643
0.523405
0.377992
0.377992
0.182828
0.049202
0.274646
0.68775
0.408394
0.68775
0.666634
0.10171
0.512814
0.147175
0.011072
0.011072
0.071175
0.281229
0.063824
0.630502
0.622802
0.622802
0.032507
0.881267
0.438111
0.438111
0.80014
0.256452
0.838643
0.838643
0.346551
0.085251
0.1664
0.852836
0.080939
0.121379
0.027359
0.083231
0.838643
0.838643
0.166891
0.269737
0.368153
0.671174
0.354818
0.491342
0.491342
0.294055
0.124921
0.013862
0.06436
0.129357
0.227117
0.023223
0.393394
0.023223
0.121959
0.002829
0.004212
0.404387
0.713887
0.902866
0.713887
0.377499
0.377499
0.098463
0.098463
0.098463
0.457506
0.05661
0.05661
0.05661
0.05661
0.803707
0.151101
0.106637
0.071097
0.168168
0.025236
0.662895
0.662895
0.07216
0.965821
0.850276
0.706179
0.07216
0.388687
0.349913
0.388687
0.212381
0.21708
0.052945
0.773042
0.618618
0.540892
0.540892
0.148004
0.148004
0.148004
0.14658
0.14658
0.530045
0.246072
0.127127
0.087973
0.570036
0.218353
0.706823
0.35082
0.135848
0.135848
0.002894
0.789326
0.095757
0.095757
0.226098
0.027921
0.45138
0.635262
0.331524
0.054013
0.331524
0.835805
0.054601
0.008118
0.158195
0.71449
0.345823
0.703968
0.737796
0.302752
0.414915
0.414915
0.414915
0.629062
0.338962
0.026077
0.002726
0.026077
0.064336
0.878546
0.782311
0.386982
0.092263
0.574279
0.356553
0.495557
0.356553
0.356553
0.356553
0.356553
0.528554
0.761591
0.103338
0.221631
0.629693
0.221631
0.635737
0.284156
0.095059
0.473697
0.755383
0.473697
0.095059
0.838643
0.838643
0.044036
0.010958
0.044036
0.212669
0.032852
0.192273
0.018093
0.327221
0.683717
0.803802
0.838643
0.838643
0.566083
0.227197
0.838643
0.838643
0.691133
0.691133
0.691133
0.821042
0.310093
0.33429
0.33429
0.738595
0.202496
0.30504
0.004275
0.319605
0.019241
0.20435
0.00043
0.625091
0.002095
0.00043
0.00043
0.102566
0.349037
0.221889
0.218666
0.368451
0.368451
0.035588
0.035588
0.024814
0.838643
0.838643
0.003632
0.3158
0.401609
0.174565
0.47456
0.340996
0.09922
0.132495
0.47456
0.532942
0.532942
0.946397
0.745154
0.594504
0.594504
0.466751
0.637793
0.195962
0.195962
0.801699
0.321672
0.475569
0.008397
0.525248
0.676901
0.22369
0.349139
0.880419
0.743366
0.743366
0.743366
0.47254
0.22871
0.787118
0.168758
0.949046
0.403822
0.721407
0.22871
0.786544
0.845967
0.55744
0.55744
0.686201
0.882639
0.882639
0.562538
0.562538
0.022837
0.013913
0.07432
0.295195
0.661006
0.325276
0.839511
0.979464
0.457062
0.61597
0.910835
0.18765
0.18765
0.331817
0.838643
0.838643
0.02936
0.00024
0.115056
0.134217
0.301483
0.918515
0.301483
0.324003
0.719307
0.719307
0.82596
0.812683
0.001804
0.014027
0.44135
0.20801
0.223451
0.351237
0.083293
0.609561
0.005122
0.338933
0.71739
0.838643
0.838643
0.743366
0.743366
0.743366
0.880419
0.47254
0.042527
0.931499
0.020826
0.082331
0.045794
0.117177
0.677446
0.027235
0.21221
0.845614
0.652978
0.652978
0.809312
0.809312
0.809312
0.826756
0.39547
0.39547
0.441843
0.941043
0.441843
0.441843
0.395471
0.373337
0.373337
0.243204
0.073541
0.243204
0.135658
0.549765
0.167874
0.549765
0.001791
0.02696
0.570721
0.169232
0.032973
0.169232
0.838643
0.838643
0.421973
0.421973
0.903867
0.031475
0.318668
0.043632
0.824104
0.286868
0.286868
0.022595
0.286868
0.286868
0.01609
0.776076
0.776076
0.776076
0.776076
0.329979
0.838643
0.838643
0.089555
0.639019
0.060947
0.423401
0.147972
0.147972
0.38302
0.037781
0.38302
0.43706
0.113551
0.801311
0.113551
0.80905
0.437878
0.679904
0.091798
0.838643
0.838643
0.352465
0.599845
0.418148
0.769434
0.930861
0.639436
0.599976
0.639436
0.599976
0.639436
0.601878
0.462338
0.539561
0.757256
0.085927
0.394005
0.462338
0.7833
0.084501
0.549922
0.325997
0.21732
0.318046
0.838643
0.838643
0.257399
0.011041
0.441816
0.066607
0.00699
0.220706
0.111534
0.316288
0.089491
0.089491
0.089491
0.089491
0.752852
0.752852
0.903606
0.563196
0.044297
0.47065
0.864926
0.5795
0.5795
0.79703
0.5795
0.5795
0.5795
0.5795
0.5795
0.5795
0.801913
0.582183
0.738918
0.738918
0.738918
0.738918
0.738918
0.838643
0.838643
0.264793
0.49969
0.49969
0.264793
0.273495
0.838643
0.838643
0.306469
0.656391
0.267918
0.267918
0.838643
0.838643
0.428396
0.098016
0.428396
0.007998
0.000291
0.080442
0.080442
0.080442
0.15185
0.00268
0.799963
0.485933
0.216292
0.340423
0.00074
0.09886
0.391952
0.113714
0.734069
0.667919
0.667919
0.689422
0.899582
0.915128
0.519021
0.314684
0.244408
0.351123
0.90192
0.838643
0.838643
0.00069
0.668762
0.668762
0.006196
0.991268
0.656411
0.149742
0.507416
0.028172
0.028172
0.507416
0.507416
0.028172
0.402692
0.219767
0.883752
0.659613
0.659613
0.763014
0.592543
0.87541
0.486719
0.338883
0.515992
0.486719
0.651556
0.427529
0.393668
0.393668
0.730533
0.362538
0.237712
0.12971
0.003751
0.442464
0.0408
0.381688
0.434771
0.622353
0.766566
0.470275
0.446661
0.389041
0.940151
0.462781
0.462781
0.736228
0.838643
0.838643
0.011179
0.057995
0.183877
0.398476
0.281761
0.003792
0.030465
0.838643
0.838643
0.63663
0.104156
0.187937
0.184936
0.187937
0.011697
0.48714
0.001575
0.073724
0.802112
0.440333
0.633103
0.124513
0.077774
0.811992
0.239192
0.309506
0.000914
0.103258
0.245174
0.245174
0.347073
0.657698
0.229618
0.229618
0.262786
0.809312
0.809312
0.809312
0.721615
0.721615
0.655967
0.655967
0.471992
0.471992
0.269946
0.919026
0.450207
0.450207
0.838643
0.838643
0.650677
0.650677
0.87255
0.09042
0.639071
0.223441
0.671427
0.41049
0.41049
0.386812
0.066894
0.077371
0.018701
0.798964
0.221497
0.809312
0.809312
0.809312
0.082914
0.312887
0.75853
0.404675
0.050224
0.555372
0.50698
0.400192
0.400192
0.179345
0.400192
0.91138
0.832867
0.597275
0.597275
0.597275
0.597275
0.279477
0.454109
0.454109
0.085476
0.838643
0.838643
0.465233
0.779449
0.36406
0.722631
0.284062
0.784359
0.115813
0.435279
0.588259
0.839638
0.684046
0.576336
0.576336
0.094488
0.002992
0.002992
0.002992
0.126449
0.126449
0.002992
0.173575
0.016056
0.016056
0.004851
0.004851
0.004851
0.341482
0.004851
0.838643
0.838643
0.838643
0.838643
0.472576
0.829403
0.625423
0.625423
0.944948
0.838643
0.838643
0.937995
0.576474
0.576474
0.576474
0.452974
0.210843
0.048093
0.452974
0.533666
0.452396
0.79934
0.794112
0.454753
0.454753
0.662247
0.662247
0.104885
0.662247
0.662247
0.170921
0.865074
0.370072
0.313679
0.448757
0.351963
0.351963
0.063207
0.69148
0.426523
0.426523
0.802646
0.410913
0.410913
0.481477
0.294809
0.697849
0.697849
0.867507
0.937119
0.49171
0.008037
0.155392
0.206224
0.001213
0.001213
0.01452
0.52962
0.595061
0.917298
0.241689
0.091893
0.091893
0.965664
0.21913
0.844575
0.21913
0.523666
0.231134
0.133629
0.133629
0.464647
0.62804
0.464647
0.112983
0.531503
0.050788
0.317113
0.050788
0.838643
0.838643
0.174062
0.478397
0.478397
0.483742
0.478397
0.875529
0.592236
0.55694
0.315381
0.315381
0.315381
0.838643
0.838643
0.325356
0.336669
0.976609
0.489416
0.336669
0.586661
0.017642
0.201777
0.919265
0.043148
0.052331
0.368886
0.245475
0.780576
0.571286
0.571286
0.930495
0.639343
0.639343
0.332653
0.214991
0.08058
0.07702
0.119088
0.07702
0.673376
0.673376
0.074366
0.171914
0.68254
0.641025
0.838643
0.838643
0.258743
0.547691
0.160172
0.160172
0.480103
0.869048
0.595047
0.841484
0.001912
0.197833
0.076661
0.79641
0.838643
0.838643
0.289987
0.139754
0.326062
0.440542
0.364574
0.139754
0.4049
0.591653
0.233103
0.045597
0.125245
0.009848
0.902866
0.713885
0.713885
0.633542
0.00565
0.570318
0.041886
0.041886
0.177062
0.615077
0.738659
0.713843
0.352932
0.375404
0.001336
0.011711
0.068463
0.481699
0.851408
0.733459
0.733459
0.224477
0.838643
0.838643
0.838643
0.838643
0.627615
0.627615
0.924111
0.885428
0.498972
0.637824
0.637824
0.498972
0.45965
0.838643
0.838643
0.00624
0.113823
0.47552
0.47552
0.809312
0.809312
0.809312
0.036969
0.046433
0.046433
0.792806
0.421577
0.248024
0.819359
0.380745
0.096564
0.048508
0.061664
0.007761
0.007761
0.007761
0.364542
0.603093
0.837418
0.574908
0.730834
0.730834
0.730834
0.137151
0.022022
0.214819
0.000839
0.137151
0.750848
0.214819
0.701062
0.445596
0.014742
0.022725
0.015177
0.395562
0.395562
0.261872
0.261872
0.986754
0.037495
0.016924
0.016924
0.016924
0.186209
0.186209
0.006698
0.210237
0.36118
0.256326
0.016846
0.632113
0.128399
0.838643
0.838643
0.031084
0.214391
0.197653
0.344526
0.344526
0.036745
0.250318
0.157897
0.436481
0.838643
0.838643
0.742751
0.278447
0.017792
0.017792
0.815115
0.488997
0.717669
0.927596
0.473928
0.809312
0.809312
0.809312
0.042478
0.202579
0.692149
0.692149
0.309935
0.253266
0.816004
0.086761
0.040155
0.040155
0.015
0.779746
0.821102
0.033698
0.033698
0.061468
0.061468
0.055037
0.055037
0.055037
0.055037
0.195655
0.195655
0.580909
0.098737
0.098737
0.496866
0.496866
0.404613
0.598395
0.598395
0.427225
0.258776
0.258776
0.072669
0.072669
0.059433
0.061017
0.362046
0.362046
0.057843
0.002745
0.362046
0.714061
0.040636
0.991019
0.45882
0.088717
0.45882
0.305989
0.91446
0.69546
0.69546
0.69546
0.69546
0.407312
0.699321
0.407312
0.453123
0.001187
0.099861
0.551966
0.528383
0.528383
0.870979
0.623956
0.051566
0.466075
0.270682
0.689343
0.85982
0.931002
0.507932
0.507932
0.507932
0.338953
0.701815
0.553763
0.553763
0.256893
0.256893
0.972386
0.199914
0.996628
0.069805
0.838643
0.838643
0.019278
0.809312
0.809312
0.809312
0.897611
0.332298
0.332298
0.332298
0.954167
0.087025
0.096219
0.087025
0.01727
0.073661
0.543813
0.31656
0.159444
0.159444
0.082707
0.670117
0.631809
0.053498
0.866465
0.260293
0.732488
0.233337
0.645734
0.487064
0.432598
0.492927
0.219186
0.205774
0.678181
0.023717
0.236197
0.023717
0.241443
0.003313
0.809312
0.809312
0.809312
0.310887
0.838643
0.838643
0.892204
0.427302
0.427302
0.691767
0.893557
0.330914
0.442253
0.593977
0.442253
0.845592
0.242384
0.390965
0.390965
0.106993
0.084931
0.86786
0.448233
0.448233
0.857565
0.448233
0.729934
0.448233
0.00832
0.072782
0.659031
0.678446
0.056297
0.159175
0.492728
0.492728
0.732449
0.576605
0.576605
0.233196
0.156355
0.156355
0.752131
0.5944
0.636507
0.961011
0.5944
0.440765
0.306378
0.861565
0.01379
0.01379
0.713887
0.902866
0.713887
0.451421
0.451421
0.451421
0.048615
0.048615
0.048615
0.048615
0.809312
0.809312
0.809312
0.184264
0.396587
0.081827
0.065914
0.086954
0.307057
0.171492
0.12066
0.11577
0.000617
0.009646
0.000947
0.165575
0.302732
0.831569
0.302732
0.838643
0.838643
0.084345
0.776076
0.776076
0.776076
0.776076
0.838643
0.838643
0.652517
0.867651
0.652517
0.18466
0.889662
0.972644
0.193547
0.34796
0.792748
0.521855
0.521855
0.238986
0.157763
0.157763
0.664597
0.814701
0.664597
0.664597
0.060652
0.444895
0.547393
0.547393
0.547393
0.547393
0.547393
0.049539
0.625797
0.012508
0.563196
0.903606
0.752852
0.752852
0.012636
0.012636
0.670152
0.484148
0.484148
0.902866
0.713887
0.713887
0.609983
0.609983
0.838643
0.838643
0.462456
0.503034
0.503034
0.503034
0.420692
0.499881
0.499881
0.499881
0.499881
0.427047
0.300889
0.598323
0.318686
0.319145
0.020844
0.838643
0.838643
0.639885
0.778893
0.875836
0.778894
0.639885
0.838643
0.838643
0.110882
0.110882
0.002458
0.902866
0.713887
0.713887
0.471513
0.825169
0.838643
0.838643
0.611003
0.611003
0.258969
0.258969
0.258969
0.004305
0.28789
0.841861
0.696047
0.841861
0.696047
0.151969
0.151969
0.238331
0.315953
0.315953
0.07984
0.838643
0.838643
0.902866
0.713887
0.713887
0.121696
0.361426
0.204541
0.234107
0.654065
0.047332
0.003067
0.010155
0.519341
0.838643
0.838643
0.49708
0.325988
0.325988
0.016299
0.304084
0.654993
0.654993
0.838643
0.838643
0.838643
0.838643
0.433022
0.736459
0.433022
0.433022
0.433022
0.902075
0.645499
0.645499
0.645499
0.738918
0.738918
0.738918
0.738918
0.738918
0.809312
0.809312
0.809312
0.903607
0.752851
0.563194
0.752851
0.273888
0.046615
0.010851
0.010851
0.010851
0.838643
0.838643
0.083743
0.882261
0.709345
0.709345
0.171608
0.086951
0.086951
0.0616
0.0616
0.926439
0.52977
0.20137
0.52977
0.20137
0.52977
0.20137
0.926439
0.20137
0.288496
0.646269
0.646269
0.776076
0.776076
0.776076
0.776076
0.509964
0.536365
0.536365
0.509964
0.03499
0.484294
0.240536
0.709617
0.816757
0.880737
0.81915
0.68073
0.68073
0.332237
0.68073
0.68073
0.68073
0.838643
0.838643
0.838643
0.838643
0.527038
0.946858
0.690683
0.690683
0.411742
0.411742
0.299275
0.010769
0.563196
0.903606
0.752852
0.752852
0.714239
0.714239
0.89828
0.010499
0.483336
0.033029
0.589016
0.589016
0.212907
0.350582
0.480968
0.14723
0.49956
0.49956
0.49956
0.100219
0.710728
0.622368
0.952338
0.546981
0.546981
0.392846
0.559785
0.554861
0.838643
0.838643
0.574515
0.232277
0.378293
0.378293
0.106201
0.138785
0.264312
0.101282
0.720556
0.720556
0.720556
0.613134
0.844408
0.613134
0.416029
0.416029
0.120048
0.09305
0.250302
0.250302
0.250302
0.838643
0.838643
0.27721
0.218603
0.038252
0.014854
0.235894
0.067149
0.043262
0.043262
0.134419
0.174926
0.551083
0.444988
0.385539
0.438251
0.574039
0.602186
0.29382
0.088086
0.574036
0.721816
0.721816
0.721816
0.695187
0.695187
0.838643
0.838643
0.438791
0.325561
0.230767
0.186542
0.186542
0.011771
0.011771
0.532453
0.011771
0.230767
0.241606
0.709256
0.08517
0.838643
0.838643
0.620788
0.004923
0.005177
0.668099
0.403797
0.49316
0.713887
0.902866
0.713887
0.955703
0.13712
0.13712
0.529353
0.529353
0.838643
0.838643
0.475072
0.903607
0.752851
0.752851
0.563194
0.60638
0.238902
0.60638
0.707018
0.707018
0.211409
0.210026
0.838643
0.838643
0.405333
0.385991
0.205388
0.582708
0.582708
0.257152
0.257152
0.219327
0.219327
0.011544
0.809312
0.809312
0.809312
0.264123
0.838643
0.838643
0.134831
0.944807
0.745664
0.570018
0.932513
0.745664
0.334024
0.570018
0.242472
0.242472
0.321351
0.838643
0.838643
0.838643
0.838643
0.809312
0.809312
0.809312
0.167235
0.358492
0.697941
0.697941
0.372475
0.332487
0.166634
0.166634
0.838643
0.838643
0.838643
0.838643
0.838643
0.838643
0.838643
0.838643
0.888115
0.464286
0.685338
0.645457
0.238049
0.833325
0.543268
0.174147
0.647494
0.632007
0.02543
0.545862
0.970229
0.545862
0.157724
0.157724
0.255257
0.837653
0.597408
0.459557
0.387329
0.387329
0.387329
0.060603
0.387329
0.025983
0.002703
0.002703
0.002703
0.525067
0.838643
0.838643
0.838643
0.838643
0.532951
0.532951
0.532951
0.532951
0.218852
0.886032
0.218852
0.486696
0.605686
0.605686
0.605686
0.486696
0.596628
0.276562
0.330392
0.810875
0.580129
0.582666
0.312161
0.233245
0.013115
0.233245
0.510893
0.336323
0.602494
0.061247
0.877057
0.379413
0.838643
0.838643
0.262797
0.094256
0.903606
0.752852
0.752852
0.563196
0.41077
0.41077
0.838643
0.838643
0.044289
0.636446
0.636446
0.259136
0.636446
0.259136
0.259136
0.029975
0.645059
0.809312
0.809312
0.809312
0.962339
0.535749
0.630097
0.11914
0.535749
0.630097
0.630097
0.077595
0.077595
0.225313
0.185998
0.361028
0.361028
0.871062
0.902866
0.713887
0.713887
0.106268
0.026796
0.026796
0.268666
0.268666
0.495234
0.949366
0.495234
0.133815
0.133815
0.270951
0.000405
0.006997
0.18304
0.18304
0.18304
0.18304
0.613606
0.837455
0.063626
0.077544
0.077544
0.005651
0.649309
0.649309
0.000187
0.000695
0.004104
0.004104
0.576165
0.085146
0.001418
0.006551
0.006551
0.178117
0.563123
0.225896
0.961747
0.225896
0.436268
0.410826
0.934032
0.732912
0.732912
0.906929
0.731968
0.47823
0.44143
0.44143
0.905428
0.001866
0.001866
0.299168
0.44143
0.001866
0.44143
0.05276
0.44143
0.44143
0.170256
0.838643
0.838643
0.838643
0.838643
0.838643
0.838643
0.030155
0.530044
0.530044
0.838643
0.838643
0.241423
0.838643
0.838643
0.838643
0.838643
0.838643
0.838643
0.147394
0.378878
0.625415
0.378878
0.671405
0.671405
0.838633
0.61777
0.477361
0.477361
0.477361
0.809312
0.809312
0.809312
0.203436
0.364686
0.521755
0.181153
0.278501
0.357668
0.799239
0.621851
0.906144
0.779282
0.490979
0.441958
0.671959
0.671959
0.671959
0.671959
0.02716
0.837666
0.606788
0.259847
0.259847
0.010072
0.010072
0.555901
0.257325
0.838643
0.838643
0.0743
0.110994
0.961742
0.246002
0.405343
0.405343
0.034692
0.034692
0.000511
0.000511
0.519473
0.520793
0.756601
0.520793
0.530707
0.809312
0.809312
0.809312
0.084798
0.132305
0.034513
0.062686
0.578261
0.737609
0.023455
0.656075
0.403025
0.456735
0.200228
0.838643
0.838643
0.657708
0.130535
0.000195
0.03507
0.839501
0.388243
0.154758
0.154758
0.004216
0.004216
0.612916
0.454464
0.361967
0.361967
0.043032
0.009339
0.826096
0.57219
0.574273
0.80303
0.124645
0.39563
0.39563
0.69546
0.91446
0.69546
0.69546
0.69546
0.807815
0.371633
0.515948
0.515948
0.21125
0.497596
0.251228
0.080622
0.838643
0.838643
0.536917
0.698918
0.882023
0.698918
0.882022
0.566207
0.838643
0.838643
0.135016
0.135016
0.135016
0.144062
0.144062
0.586076
0.353121
0.086309
0.752852
0.903606
0.752852
0.563196
0.192937
0.838643
0.838643
0.776076
0.776076
0.776076
0.776076
0.321547
0.460578
0.18897
0.048266
0.869353
0.598005
0.825246
0.472786
0.455765
0.902866
0.713887
0.713887
0.838643
0.838643
0.467471
0.838643
0.838643
0.533078
0.261075
0.230484
0.540053
0.980774
0.230484
0.275124
0.230986
0.453224
0.453224
0.795732
0.453224
0.45565
0.500605
0.842927
0.314673
0.838643
0.838643
0.431127
0.431127
0.067597
0.636179
0.009706
0.630629
0.362919
0.024397
0.278004
0.339167
0.18714
0.076373
0.076373
0.077533
0.059278
0.463503
0.463503
0.028747
0.657662
0.657662
0.657662
0.606573
0.606573
0.26694
0.780579
0.3695
0.106744
0.646462
0.646462
0.520599
0.746477
0.023781
0.023781
0.513933
0.078429
0.136204
0.011208
0.45837
0.838643
0.838643
0.420815
0.838643
0.838643
0.956767
0.663149
0.663149
0.320788
0.400739
0.838643
0.838643
0.702429
0.702429
0.01539
0.933199
0.671158
0.841361
0.776948
0.679189
0.679189
0.679189
0.071821
0.419901
0.419901
0.50021
0.946174
0.260606
0.50021
0.07383
0.838643
0.838643
0.838643
0.838643
0.77445
0.549369
0.549369
0.239581
0.245992
0.245992
0.838643
0.838643
0.609159
0.110528
0.110528
0.504481
0.83964
0.756888
0.571335
0.756888
0.800164
0.578304
0.838643
0.838643
0.796616
0.576897
0.267175
0.526045
0.838643
0.838643
0.307326
0.307326
0.632514
0.632514
0.632514
0.25406
0.646055
0.757792
0.8357
0.646055
0.539706
0.90999
0.353798
0.838643
0.838643
0.128853
0.747268
0.713887
0.902866
0.713887
0.838643
0.838643
0.744723
0.583513
0.583513
0.583513
0.583513
0.748183
0.435223
0.435223
0.838643
0.838643
0.838643
0.838643
0.628515
0.847536
0.420232
0.866083
0.414952
0.838643
0.838643
0.928406
0.836826
0.546715
0.546715
0.6757
0.412198
0.214307
0.412198
0.479501
0.166393
0.191379
0.974338
0.555525
0.555525
0.555525
0.191379
0.555525
0.559677
0.838643
0.838643
0.633549
0.633549
0.319259
0.322705
0.776076
0.776076
0.776076
0.776076
0.151649
0.151649
0.010377
0.210415
0.210415
0.195958
0.892509
0.429898
0.83617
0.627576
0.454161
0.454161
0.291562
0.838643
0.838643
0.353569
0.750904
0.750904
0.224177
0.224177
0.264769
0.240234
0.005454
0.189306
0.698205
0.424351
0.424351
0.902866
0.713887
0.713887
0.838643
0.838643
0.384561
0.644438
0.240404
0.464903
0.856718
0.856718
0.660513
0.660513
0.576479
0.937995
0.576479
0.576479
0.104254
0.285994
0.353241
0.809312
0.809312
0.809312
0.005786
0.059323
0.209106
0.356319
0.838643
0.838643
0.665828
0.517539
0.665828
0.665828
0.264171
0.196174
0.038962
0.903606
0.752852
0.752852
0.563196
0.410359
0.113491
0.388815
0.776076
0.776076
0.776076
0.776076
0.307688
0.838643
0.838643
0.649594
0.838643
0.838643
0.438945
0.438945
0.838643
0.838643
0.123811
0.744672
0.744672
0.744672
0.904538
0.23792
0.086432
0.765272
0.838643
0.838643
0.838643
0.838643
0.469009
0.469009
0.838643
0.838643
0.202171
0.788945
0.980521
0.447269
0.523921
0.523921
0.129799
0.129799
0.62915
0.528948
0.528948
0.041625
0.528948
0.809312
0.809312
0.809312
0.59388
0.239773
0.848384
0.420657
0.420657
0.081258
0.420657
0.378933
0.838643
0.838643
0.193096
0.193096
0.809312
0.809312
0.809312
0.350111
0.838643
0.838643
0.902866
0.713887
0.713887
0.937995
0.576479
0.576479
0.576479
0.31775
0.31775
0.809312
0.809312
0.809312
0.838643
0.838643
0.809312
0.809312
0.809312
0.000846
0.000846
0.024474
0.480388
0.480388
0.838643
0.838643
0.743366
0.743366
0.743366
0.880419
0.47254
0.915899
0.63035
0.63035
0.813998
0.445486
0.319236
0.319236
0.838643
0.838643
0.633307
0.587805
0.395666
0.736626
0.736626
0.736626
0.26619
0.838643
0.838643
0.35694
0.838643
0.838643
0.838643
0.838643
0.838643
0.838643
0.870126
0.505323
0.740013
0.515031
0.486726
0.486726
0.221134
0.937995
0.576479
0.576479
0.576479
0.339596
0.069891
0.339596
0.339596
0.05554
0.139366
0.098896
0.098896
0.098896
0.139366
0.098896
0.869232
0.688995
0.484036
0.484036
0.164361
0.838643
0.838643
0.653269
0.653269
0.701902
0.701902
0.776076
0.776076
0.776076
0.776076
0.776076
0.776076
0.776076
0.776076
0.388546
0.655154
0.655154
0.27347
0.838643
0.838643
0.776076
0.776076
0.776076
0.776076
0.590237
0.562473
0.838643
0.838643
0.679875
0.679875
0.479462
0.479462
0.838643
0.838643
0.92068
0.441893
0.441893
0.838643
0.838643
0.541286
0.579259
0.576121
0.838643
0.838643
0.358725
0.838643
0.838643
0.838643
0.838643
0.080899
0.902866
0.713887
0.713887
0.578516
0.10218
0.10218
0.838643
0.838643
0.409235
0.579157
0.713887
0.902866
0.713887
0.838643
0.838643
0.600716
0.600716
0.622835
0.622835
0.268498
0.809312
0.809312
0.809312
0.548023
0.543861
0.543861
0.543861
0.068935
0.068935
0.068935
0.068935
0.068935
0.068935
0.068935
0.068935
0.068935
0.068935
0.068935
0.068935
0.068935
0.068935
0.068935
0.068935
0.068935
0.068935
0.068935
0.068935
0.068935
0.068935
0.068935
0.838643
0.838643
0.866676
0.660655
0.566086
0.660655
0.660655
0.660655
0.566086
0.660655
0.776076
0.776076
0.776076
0.776076
0.360004
0.136441
0.108104
0.838643
0.838643
0.645714
0.645714
0.838643
0.838643
0.340423
0.809312
0.809312
0.809312
0.313463
0.838643
0.838643
0.713887
0.902866
0.713887
0.135822
0.626536
0.948649
0.626536
0.552443
0.299794
0.82595
0.579738
0.93453
0.331934
0.706596
0.706596
0.706596
0.331934
0.742369
0.048991
0.048991
0.048991
0.838643
0.838643
0.530124
0.809312
0.809312
0.809312
0.838643
0.838643
0.414145
0.100582
0.006122
0.903606
0.752852
0.752852
0.563196
0.838643
0.838643
0.838643
0.838643
0.624135
0.445518
0.387104
0.387104
0.387104
0.006877
0.738918
0.738918
0.738918
0.738918
0.738918
0.447682
0.838643
0.838643
0.167331
0.282575
0.483744
0.188345
0.159281
0.450082
0.713887
0.902866
0.713887
0.321966
0.838643
0.838643
0.9242
0.807416
0.527973
0.778361
0.362076
0.436206
0.902866
0.713887
0.713887
0.443867
0.239633
0.902866
0.713887
0.713887
0.318909
0.43423
0.428441
0.841861
0.841861
0.696047
0.696047
0.3921
0.838643
0.838643
0.838643
0.838643
0.660521
0.660521
0.31431
0.583246
0.851707
0.902579
0.626913
0.838643
0.838643
0.339996
0.838643
0.838643
0.579517
0.579517
0.025039
0.647649
0.905252
0.647649
0.707718
0.707718
0.707718
0.838643
0.838643
0.060064
0.525583
0.525583
0.468271
0.468271
0.095705
0.095705
0.838643
0.838643
0.14118
0.646392
0.646392
0.012588
0.012588
0.776076
0.776076
0.776076
0.776076
0.231815
0.809312
0.809312
0.809312
0.838643
0.838643
0.256906
0.838643
0.838643
0.841861
0.696047
0.696047
0.841861
0.738918
0.738918
0.738918
0.738918
0.738918
0.838643
0.838643
0.563173
0.838643
0.838643
0.902866
0.713887
0.713887
0.583747
0.583747
0.648425
0.865941
0.620917
0.620917
0.721726
0.620917
0.620917
0.838643
0.838643
0.402227
0.838643
0.838643
0.738918
0.738918
0.738918
0.738918
0.738918
0.834984
0.832228
0.168649
0.838643
0.838643
0.535345
0.422295
0.760104
0.760104
0.562985
0.776076
0.776076
0.776076
0.776076
0.838643
0.838643
0.903606
0.752852
0.752852
0.563196
0.228017
0.134211
0.838643
0.838643
0.878945
0.442744
0.365949
0.833256
0.294804
0.504367
0.504367
0.903606
0.752852
0.563196
0.752852
0.838643
0.838643
0.838643
0.838643
0.584958
0.44869
0.352545
0.352545
0.838643
0.838643
0.776076
0.776076
0.776076
0.776076
0.591544
0.776076
0.776076
0.776076
0.776076
0.248912
0.838643
0.838643
0.53588
0.838643
0.838643
0.000102
0.838643
0.838643
0.177796
0.277019
0.825315
0.075968
0.662881
0.834526
0.883608
0.838643
0.838643
0.526447
0.563545
0.743224
0.743224
0.555114
0.63102
0.673095
0.673095
0.673095
0.673095
0.03634
0.515138
0.258863
0.394546
0.809312
0.809312
0.809312
0.838643
0.838643
0.696558
0.696558
0.696558
0.561231
0.561231
0.435358
0.838643
0.838643
0.838643
0.838643
0.713887
0.902866
0.713887
0.508565
0.290364
0.838643
0.838643
0.427483
0.383204
0.1857
0.559343
0.559343
0.559343
0.559343
0.559343
0.825315
0.102211
0.838643
0.838643
0.809312
0.809312
0.809312
0.838643
0.838643
0.838643
0.838643
0.838643
0.838643
0.838643
0.838643
0.838643
0.838643
0.838643
0.838643
0.387921
0.809312
0.809312
0.809312
0.334748
0.563739
0.838643
0.838643
0.838643
0.838643
0.293101
0.188669
0.433548
0.30661
0.838643
0.838643
0.605107
0.809312
0.809312
0.809312
0.809312
0.809312
0.809312
0.838643
0.838643
0.451947
0.494909
0.838643
0.838643
0.592394
0.592394
0.214073
0.194436
0.838643
0.838643
0.838643
0.838643
0.384814
0.337915
0.838643
0.838643
0.838643
0.838643
0.337691
0.838643
0.838643
0.237031
0.543066
0.838643
0.838643
0.69892
0.69892
0.838643
0.838643
0.902866
0.713887
0.713887
0.702788
0.619278
0.447046
0.538037
0.776076
0.776076
0.776076
0.776076
0.552231
0.838643
0.838643
0.838643
0.838643
0.838643
0.838643
0.809312
0.809312
0.809312
0.648594
0.648594
0.809312
0.809312
0.809312
0.439753
0.458233
0.694563
0.694563
0.402125
0.902866
0.713887
0.713887
0.838643
0.838643
0.838643
0.838643
0.838643
0.838643
0.446537
0.360004
0.838643
0.838643
0.316605
0.838643
0.838643
0.838643
0.838643
0.838643
0.838643
0.838643
0.838643
0.280546
0.838643
0.838643
0.838643
0.838643
0.902866
0.713887
0.713887
0.383694
0.838643
0.838643
0.776076
0.776076
0.776076
0.776076
0.838643
0.838643
0.838643
0.838643
0.545427
0.181781
0.838643
0.838643
0.809312
0.809312
0.809312
0.838643
0.838643
0.838643
0.838643
0.776076
0.776076
0.776076
0.776076
0.838643
0.838643
0.838643
0.838643
0.838643
0.838643
0.838643
0.838643
0.838643
0.838643
0.838643
0.838643
0.838643
0.838643
0.838643
0.838643
0.429092
0.809312
0.809312
0.809312
0.685814
0.685814
0.685814
0.838643
0.838643
0.838643
0.838643
0.838643
0.838643
0.838643
0.838643
0.838643
0.838643
0.809312
0.809312
0.809312
0.838643
0.838643
0.838643
0.838643
0.612047
0.612047
0.809312
0.809312
0.809312
0.838643
0.838643
0.809312
0.809312
0.809312
0.838643
0.838643
0.838643
0.838643
0.838643
0.838643
0.776076
0.776076
0.776076
0.776076
0.838643
0.838643
0.809312
0.809312
0.809312
0.838643
0.838643
0.838643
0.838643
0.869481
0.610094
0.838643
0.838643
0.563847
0.838643
0.838643
0.838643
0.838643
0.838643
0.838643
0.776076
0.776076
0.776076
0.776076
0.776076
0.776076
0.776076
0.776076
0.838643
0.838643
0.809312
0.809312
0.809312
0.838643
0.838643
0.838643
0.838643
0.838643
0.838643
0.838643
0.838643
0.809312
0.809312
0.809312
0.838643
0.838643
0.838643
0.838643
0.838643
0.838643
0.838643
0.838643
0.838643
0.838643
0.809312
0.809312
0.809312
