0.965891
0.993781
0.279232
0.028487
0.681004
0.973804
0.460368
0.859219
0.953652
0.968692
0.879066
0.993671
0.999491
0.965578
0.99459
0.998075
0.863065
0.999803
0.932319
0.998042
0.928969
0.026768
0.970847
0.999773
0.999553
0.758105
0.971332
0.88537
0.034311
0.654524
0.633762
0.997562
0.994571
0.637668
0.521692
0.965491
0.420728
0.577266
0.985711
0.505244
0.326995
0.521841
0.985696
0.995274
0.983071
0.996453
0.476835
0.281318
0.997109
0.976666
0.985501
0.181602
0.99878
0.014795
0.013851
0.998551
0.999535
0.999383
0.761136
0.949374
0.037234
0.990651
0.883373
0.26079
0.89796
0.988494
0.96033
0.282138
0.86248
0.873072
0.94465
0.969728
0.635413
0.919589
0.969861
0.393771
0.999657
0.852541
0.999626
0.99842
0.819745
0.994558
0.992119
0.696564
0.947399
0.99631
0.99882
0.994306
0.820983
0.782889
0.992694
0.999624
0.972024
0.999847
0.840808
0.957155
0.98453
0.874771
0.971525
1.000055
0.987122
0.995709
0.818418
0.986254
0.942647
0.982403
0.014998
0.14196
0.672819
0.137577
0.997434
0.912621
0.999723
0.912698
0.992851
0.943292
0.992591
0.909514
0.913807
0.999417
0.990942
0.99869
0.930871
0.95725
0.926846
0.969816
0.02139
0.528775
0.999618
0.985115
0.999019
0.875113
0.059611
0.999402
0.999945
0.988152
0.999883
0.445329
0.953682
0.853895
0.889815
0.908952
0.998463
0.47226
0.952392
0.999578
0.958481
0.998049
0.255447
0.995807
0.717841
0.970354
0.467528
0.986126
0.982617
0.65851
0.995034
0.993883
0.411429
0.949007
0.999129
0.968215
0.993242
0.960014
0.934559
0.92402
0.888084
0.998935
0.249243
0.778483
0.987454
0.214219
0.999528
0.645682
0.218355
0.892405
0.994573
0.999603
0.012964
0.955474
0.978164
0.993848
0.965779
0.973344
0.010407
0.990118
0.993142
0.267764
0.599534
0.991622
0.99254
0.486138
0.989069
0.914867
0.978613
0.998689
0.999389
0.944777
0.704938
0.851791
0.768395
0.990615
0.554962
0.992408
0.95225
0.809866
0.999056
0.051546
0.929622
0.580256
0.964906
0.550669
0.529617
0.067708
0.975483
0.955974
0.971191
0.940563
0.353016
0.78573
0.996399
0.993627
0.993765
0.948224
0.999744
0.7567
0.96592
0.594044
0.982847
0.999434
0.415667
0.922104
0.034768
0.467603
0.868216
0.346095
0.109396
0.85576
0.646904
0.311317
0.973245
0.893841
0.963097
0.80486
0.957567
0.357142
0.981983
0.999222
0.961304
0.323789
0.387486
0.906533
0.999846
0.998099
0.25472
0.987248
0.996704
0.894954
0.999593
0.999719
0.994799
0.041402
0.595664
0.998261
0.995585
0.981128
0.969706
0.99945
0.998311
0.969501
0.987409
0.89954
0.999852
0.811766
0.200222
0.849522
0.978807
0.841619
0.971558
0.987346
0.291971
0.999518
0.974209
0.759892
0.971656
0.997526
0.926936
0.55684
0.981514
0.967574
0.955578
0.926191
0.96804
0.319795
0.639995
0.087976
0.999747
0.99805
0.966378
0.999995
0.88886
0.723826
0.689028
0.978103
0.962425
0.990825
0.981691
0.950626
0.999549
0.758929
0.330922
0.370066
0.968838
0.970965
0.301236
0.106187
0.677809
0.941955
0.190669
0.966941
0.987343
0.273643
0.986374
0.989565
0.280965
0.906584
0.059889
0.924727
0.205244
0.999658
0.327509
0.68102
0.999938
0.999746
0.053777
0.998598
0.950063
0.999706
0.523446
0.10445
0.758477
0.969843
0.516547
0.558246
0.992835
0.998378
0.957515
0.99933
0.615343
0.963
0.940519
0.526674
0.670969
0.922593
0.997861
0.995586
0.951475
0.989735
0.821604
0.611792
0.999665
0.922793
0.999489
0.952187
0.648303
0.935183
0.060869
0.688679
0.720873
0.996497
0.833092
0.997436
0.809435
0.999323
0.999686
0.999079
0.999592
0.987102
0.999257
0.988808
0.027756
0.998442
0.99161
0.999966
0.625129
0.172245
0.519761
0.99455
0.99255
0.999169
0.996274
0.198085
1.000017
0.970745
0.991447
0.639091
0.994238
0.545131
0.296619
0.032766
0.920921
0.187769
0.721796
0.979222
0.993376
0.924608
0.874065
0.998912
0.990904
0.977166
0.996238
0.18611
0.821283
0.994003
0.999783
0.9666
0.999235
0.996168
0.11627
0.994928
0.998371
0.054751
1.000058
0.960686
0.984075
0.974548
0.896335
0.828603
0.990192
0.995523
0.996291
0.998296
0.999941
0.038643
0.999213
0.994223
0.34292
0.997931
0.999726
0.98429
0.871712
0.960927
0.999618
0.871148
0.735615
0.999104
0.988011
0.01281
0.998405
0.234008
0.999862
0.994402
0.217889
0.89001
0.404046
0.953131
0.883473
0.660916
0.998111
0.018678
0.475882
0.966919
0.999769
0.883814
0.944685
0.753566
0.966125
0.985542
0.361551
0.995761
0.999186
0.2501
0.999205
0.965048
0.733588
0.898578
0.684288
0.972363
0.711215
0.927855
0.484208
0.978294
0.99588
0.991856
0.999395
0.999999
0.311817
0.652883
0.999234
0.899636
0.129928
0.999672
0.967067
0.815676
0.174997
0.977411
0.999836
0.999794
0.998446
0.99981
0.451881
0.973982
0.765451
0.999803
0.993896
0.9374
0.892384
0.999634
0.991094
0.986765
0.937077
0.996105
0.944188
0.978416
0.957104
0.995895
0.768426
0.988183
0.999585
0.256935
0.971905
0.796692
0.91318
0.788596
0.948891
0.07018
0.990223
0.509149
0.717758
0.998816
0.560693
0.04991
0.811201
0.993988
0.978955
0.99996
0.523932
0.965789
0.983064
0.712199
0.864641
0.967842
0.998578
0.975675
0.989353
0.886821
0.993539
0.99712
0.953903
0.996069
0.992442
0.049838
0.316481
0.936052
0.228104
0.982311
0.998452
0.51101
0.997991
0.985511
0.979052
0.954993
0.983991
0.55112
0.829105
0.941965
0.476761
0.995873
0.721708
0.540732
0.996841
0.004928
0.945899
0.497623
0.982699
0.971499
0.715947
0.940336
0.46369
0.893117
0.929063
0.979903
0.275281
0.995689
0.991952
0.252975
0.066311
0.995498
0.551764
0.99776
0.17603
0.809091
0.981979
0.896463
0.999915
0.999648
0.995133
0.963673
0.765594
0.996769
0.990237
0.999192
0.999922
0.140607
0.987654
0.996188
0.998625
0.663919
0.997537
0.999383
0.360851
0.016407
0.966516
0.946674
0.872715
0.999947
0.826987
0.948017
0.978615
0.943821
0.999912
0.982206
0.414318
0.342688
0.152563
0.839818
0.98012
0.917821
0.998848
0.99931
0.999898
0.016165
0.999943
0.984043
0.940747
0.96789
0.994284
0.99598
0.397145
0.06343
0.993946
0.107246
0.528571
0.927542
0.295758
0.278624
0.868622
0.701691
0.968381
0.024384
0.959057
0.99907
0.99431
0.9999
0.059294
0.912398
0.994493
0.905081
0.588585
0.845157
0.129866
0.951198
0.919474
0.432988
0.980424
0.926806
0.99621
0.990027
0.052533
0.998868
0.204071
0.769609
0.036882
0.969268
0.999995
0.998749
0.964281
0.985307
0.985804
0.79135
0.073138
0.963546
0.636363
0.995232
0.999713
0.850331
0.206522
0.870174
0.991006
0.999005
0.692061
0.998622
0.996426
0.917753
0.995013
0.947491
0.999873
0.910057
0.648769
0.962737
0.919324
0.980126
0.98578
0.549749
0.136332
0.794022
0.063953
0.547233
0.985469
0.701004
0.995395
0.867379
0.016525
0.996715
0.01443
0.998004
0.09843
0.987933
0.811376
0.097526
0.329615
0.903915
0.697896
0.943671
0.865427
0.996567
0.560494
0.809327
0.927763
0.488604
0.999374
0.958202
0.505846
0.999649
0.978467
0.620865
0.613747
0.942359
0.919271
0.99714
0.997682
0.062239
0.817098
0.775501
0.280662
0.539375
0.965507
0.999747
0.954551
0.986637
0.990171
0.759884
0.982487
0.991368
0.992282
0.990236
0.474927
0.919619
0.991721
0.760245
0.050607
0.897699
0.252289
0.673571
0.997194
0.993471
0.974662
0.32306
0.99658
0.395304
0.982551
0.988513
0.686081
0.994625
0.980354
0.989236
0.920899
0.990905
0.882964
0.999737
0.056892
0.998902
0.991903
0.883133
0.433184
0.993903
0.93682
0.98586
0.985686
0.880009
0.997059
0.110104
0.854339
0.929057
0.998759
0.999737
0.980183
0.200342
0.998813
0.882544
0.194255
0.989018
0.768342
0.999258
0.947443
0.987123
0.999852
0.936998
0.944352
0.993429
0.892522
0.103332
0.646461
0.993712
0.30727
0.62367
0.994538
0.312427
0.999853
0.95782
0.643164
0.987968
0.999842
0.025294
0.623952
0.999772
0.964494
0.993862
0.987721
0.972092
0.999531
0.949831
0.964884
0.868079
0.990279
0.99783
0.997747
0.981722
0.970074
0.948518
0.763135
0.99315
0.743453
0.840657
0.751761
0.678162
0.403122
0.923844
0.594144
0.996981
0.899868
0.999895
0.945489
0.990383
0.736268
0.684613
0.747681
0.984795
0.995581
1.000039
0.941991
0.415644
0.999825
0.967809
0.851165
0.989888
0.862196
0.992137
0.979738
0.894962
0.637025
0.90592
0.993024
0.997704
0.884428
0.992135
0.913988
0.054312
0.886585
0.965316
0.172753
0.791601
0.998889
0.76579
0.936448
0.001789
0.982832
0.864528
0.941302
0.989541
0.788351
0.225791
0.993574
0.738644
0.859234
0.041112
0.724113
0.070947
0.99806
0.993042
0.982757
0.998654
0.983175
0.335427
0.977427
0.474971
0.010429
0.998284
0.997671
0.999536
0.632479
0.99995
0.885609
0.991287
0.888886
0.946401
0.574024
0.706402
0.512134
0.012244
0.995719
0.009274
0.919379
0.839269
0.873377
1.000069
0.431381
0.970103
0.717379
0.750237
0.913141
0.918409
0.84086
0.998714
0.987098
0.960835
0.969195
0.994911
0.67362
0.999572
0.94563
0.985084
0.987417
0.9997
0.996885
0.551416
0.399469
0.998578
0.647647
0.51002
0.935495
0.989008
0.637192
0.737844
0.834322
0.95094
0.998117
0.971224
0.987132
0.996772
0.894952
0.390254
0.968172
0.997281
0.103903
0.967694
0.981989
0.642437
0.953546
0.897198
0.246581
0.861485
0.994429
0.566077
0.957078
0.998982
0.784734
0.987092
0.844198
0.073342
0.128066
0.982202
0.997034
0.865366
0.05953
0.999049
0.91628
0.999434
0.996057
0.995844
0.967171
0.905198
0.99359
0.20235
0.065374
0.992078
0.998417
0.013132
0.994823
0.998428
0.991823
0.881692
0.999902
0.006225
0.942704
0.95795
0.095076
1.000002
0.934543
0.1894
0.978161
0.995895
0.914553
0.832598
0.982236
0.985703
0.990465
0.954261
0.60158
0.995134
0.63785
0.283234
0.727897
0.998962
0.987768
0.989685
0.10736
0.999942
0.992758
0.999578
0.077211
0.955102
0.999859
0.999532
0.957157
0.999678
0.582636
0.957377
0.089267
0.986945
0.998499
0.999696
0.721545
0.975816
0.59575
0.936418
0.625923
0.990467
0.831188
0.879083
0.98866
0.635511
0.879952
0.995577
0.998744
0.107682
0.950653
0.995863
0.997568
0.533611
0.971453
0.009598
0.999239
0.963149
0.466853
0.993424
0.995829
0.995621
0.998953
0.70157
0.897274
0.07068
0.999102
0.948764
0.852524
0.959696
0.600362
0.982061
0.919622
0.898778
0.999699
0.964488
0.71783
0.932176
0.990001
0.049653
0.986469
0.395112
0.693094
0.882727
0.990269
0.999666
0.020993
0.999468
0.920429
0.980734
0.355857
0.955341
0.997948
0.027191
0.966845
0.999568
0.955929
0.99438
0.754947
0.525078
0.990496
0.94304
0.634439
0.718342
0.946106
0.948962
0.717407
0.99545
0.922684
0.999944
0.545922
0.953223
0.998121
0.876469
0.922671
0.498505
0.974072
0.990788
0.959817
0.64868
0.724752
0.998732
0.9963
0.989863
0.939341
0.941534
0.919727
0.334714
0.543185
0.672242
0.937721
0.95872
0.950665
0.935205
0.899005
0.999238
0.993752
0.856155
0.94489
0.952177
0.20357
0.995431
0.994447
0.828454
0.996795
0.992167
0.878551
0.922276
0.998714
0.946161
0.999326
0.87741
0.969344
0.938
0.90106
0.950755
0.94492
0.995072
0.978164
0.985845
0.973534
0.704535
0.999043
0.980884
0.346446
0.992073
0.720432
0.990342
0.876232
0.429782
0.746896
0.996722
0.989151
0.996537
0.979907
0.009807
0.117234
0.829401
0.998698
0.718527
0.881458
0.889536
0.992737
0.909372
0.992039
0.999974
0.996301
0.093176
0.983681
0.999603
0.969032
0.964399
0.809766
0.021394
0.90555
0.914778
0.691074
0.670987
0.029844
1.000042
0.982635
0.989637
0.045823
0.999965
0.94398
0.047548
0.999727
0.690672
0.401674
0.999972
0.999388
0.978084
0.991191
0.895624
0.677457
0.852599
0.999729
0.997253
0.965585
0.942971
0.96796
0.992601
0.800682
0.571738
0.848298
0.524425
0.59932
0.949569
0.971864
0.974968
0.896334
0.285592
0.996533
0.997899
0.997086
0.997555
0.546103
0.928486
0.909827
0.980324
0.989856
0.676041
0.964272
0.840258
0.993514
0.999757
1.000012
0.538721
0.995624
0.976226
0.687579
0.9276
0.065745
0.943037
0.99171
0.958703
0.980697
0.960484
0.996766
0.970186
0.971672
0.93055
0.889792
0.914783
0.999638
0.892615
0.997152
0.999133
0.976431
0.895975
0.793387
0.947041
0.103335
0.951615
0.999461
0.999296
0.997209
0.830252
0.10844
0.999931
0.865917
0.947969
0.999069
0.999452
0.960998
0.179451
0.247759
0.019166
0.833964
0.993346
0.894549
0.99808
0.998749
0.963444
0.227981
0.867507
0.99643
0.898483
0.999741
0.318044
0.994744
1.000031
0.987153
0.990859
0.292359
0.987356
0.977624
0.999746
0.967455
0.89451
0.735118
0.997564
0.962206
0.995975
0.921051
0.999117
0.965165
0.999817
0.990711
0.997435
0.952659
0.978823
0.663397
0.973005
0.96259
0.476425
0.947318
0.99771
0.865265
0.849893
0.193422
0.880349
0.998121
0.999929
0.179266
0.983079
0.999608
0.496723
0.980295
0.598242
0.460489
1.000012
0.955085
1.00004
0.998546
0.098981
0.959413
0.31397
0.997897
0.843301
0.99904
0.443228
0.926641
0.801583
0.660683
0.871402
0.697179
0.327736
0.976791
0.963034
0.977767
0.446444
0.788994
0.999665
0.883452
0.998315
0.987405
0.998153
0.981619
0.868272
0.970699
0.991913
0.922755
0.871252
0.984192
0.997707
0.949446
0.996292
0.99832
0.762545
0.966055
0.839685
0.998393
0.950541
0.716276
0.876434
0.651943
0.175366
0.014025
0.982543
0.999201
0.979569
0.991705
0.995513
0.995299
0.827818
0.854901
0.999875
0.817293
0.996268
0.6989
0.986007
0.916708
0.8229
0.786351
0.864253
1.000011
0.867539
0.68628
0.443199
0.99929
0.957421
0.995663
0.008951
0.998514
0.845027
0.759324
0.991062
0.198812
0.670478
0.985665
0.903705
1.000006
0.99958
0.90259
0.921989
0.941706
0.970506
0.990757
0.690139
0.49107
0.982829
0.27178
0.98186
0.240248
0.992465
0.998196
0.564787
0.539579
0.999871
0.994873
0.497417
0.983499
0.883769
0.990023
0.378283
0.976173
0.998023
0.410896
0.980272
0.983486
0.934085
0.995653
0.845726
0.962399
0.978594
0.947557
0.975269
0.836671
0.014302
0.996392
0.750977
0.974236
0.733664
0.793976
0.997959
0.981146
0.836263
0.714827
0.705865
0.834481
0.439778
0.030123
0.814844
0.414396
0.999357
0.99575
0.127724
0.986949
0.99884
0.873495
0.377801
0.99896
0.985068
0.998565
0.831883
0.78641
0.004387
0.999759
0.274923
0.823007
0.79575
0.974926
0.914462
1.00001
0.78833
0.299847
1.000003
0.936888
0.996877
0.996827
0.026794
0.14227
0.821325
0.914188
0.042342
0.938774
0.978901
0.986101
0.147205
0.024761
0.478569
0.027283
0.614794
0.874626
0.997619
0.942536
0.484571
0.822425
0.992585
0.241687
0.346327
0.165707
0.950088
0.999572
0.596941
0.9041
0.408351
0.997463
0.98506
0.998953
0.940733
0.999952
0.981616
0.84198
0.90693
0.844492
0.748029
0.99898
0.993431
0.946912
0.999846
0.888796
0.957993
0.996397
0.980398
0.317617
0.099577
0.98001
0.741304
0.998075
0.986624
0.999065
0.983413
0.99929
0.967697
0.395924
0.747619
0.975718
0.977238
0.394855
0.99303
0.868577
0.997752
0.93529
0.078117
0.999983
0.998544
0.972754
0.954989
0.995013
0.288719
0.905294
0.993185
0.968097
0.975898
0.304408
0.998213
0.565996
0.688247
0.991684
0.939594
0.997464
0.961286
0.999758
0.730847
0.98824
0.985366
0.14414
0.631047
0.972432
0.97511
0.954081
0.999815
0.998996
0.954893
0.966136
0.997921
0.860025
0.973244
0.997662
0.123576
0.99014
0.140628
1.000024
0.988118
0.472392
0.999932
0.848151
0.009834
0.86517
0.313858
0.961923
0.995882
0.948986
0.882651
0.970884
0.998825
0.997268
0.16291
0.984161
0.999243
0.683273
0.961661
0.754636
0.981123
0.980655
0.207183
0.995426
0.987603
0.998794
0.999868
0.999834
0.994376
0.995931
0.602973
0.999611
0.221639
0.893335
0.828955
0.969103
0.996403
0.982883
0.918878
0.985782
0.149634
0.997511
0.998584
0.93889
0.996542
0.994139
0.997996
0.974596
0.196061
0.957554
0.890905
0.999808
0.999952
0.881858
0.975752
0.400229
0.887852
0.999846
0.13579
0.987245
0.785165
0.999784
0.300152
0.911154
0.975314
0.83768
0.887839
0.99555
0.670453
0.665099
0.867522
0.764183
0.012803
0.058001
0.998383
0.162515
0.927631
0.99931
0.99386
0.235857
0.999324
0.555926
0.998448
0.974807
0.990911
0.983672
0.93945
0.660366
0.99928
0.923873
0.98927
0.875077
0.112491
0.990415
0.999269
0.299129
0.990812
0.84622
0.779219
0.013402
0.999765
0.987421
0.999823
0.023337
0.999632
0.979816
0.99505
0.621105
0.996201
0.690856
0.999651
0.995877
0.823324
0.986149
0.997773
0.93107
0.998264
0.998556
0.975112
0.503666
0.999781
0.324197
0.211186
0.995825
0.353604
0.998259
0.430286
0.053272
0.993494
0.848061
0.986059
0.999777
0.065869
0.670366
0.899845
0.999404
0.926724
0.124778
0.684533
0.998273
0.771372
0.909021
0.120808
0.998934
0.764959
0.684408
0.709261
0.468179
0.999359
0.691513
0.993259
0.975436
0.997778
0.972386
0.968579
0.997016
0.990955
0.719148
0.986731
0.99133
0.999169
0.999655
0.68467
0.669824
0.912111
0.084816
0.996522
0.052501
0.552629
0.986029
0.999778
0.896424
0.998955
0.627876
0.806071
0.991277
0.999808
0.679205
0.994577
0.982365
0.957801
0.238784
0.963114
0.987334
0.369941
0.980842
0.384056
0.02124
0.993681
0.995963
0.810109
0.778701
0.996163
0.975849
0.340566
0.999217
0.866157
0.018289
0.977857
0.70038
0.786058
0.998562
0.721467
0.998166
1.000029
0.9371
0.915028
0.183194
0.99458
0.676966
0.265638
0.963737
0.998165
0.853784
0.974624
0.890667
0.867369
0.965048
0.948602
0.997363
0.990932
0.831848
0.990227
0.9933
0.99977
0.625215
0.999211
0.269453
0.010142
0.994454
0.772237
0.994678
0.446526
0.999543
0.748546
0.999821
0.992175
0.818876
0.682405
0.818611
0.568394
0.915052
0.997566
0.926699
0.157691
0.937118
0.760834
0.857498
0.825386
0.838309
0.110687
0.724619
0.99917
0.997226
0.269076
0.166153
0.439743
0.99721
0.976936
0.989304
0.991135
0.586452
0.999286
0.844574
0.829327
0.986141
0.942029
0.819003
0.954615
0.791094
0.00975
0.998641
0.955035
0.720145
1.000024
0.822843
0.267361
0.941917
0.998591
0.929542
0.998312
0.985052
0.278441
0.990272
0.821119
0.996264
0.819728
0.380441
0.991231
0.995395
0.765881
0.914051
0.086917
1.000002
0.999493
0.863453
0.999074
0.896944
0.992828
0.501575
0.994637
0.385807
0.995832
0.403385
0.999108
0.988943
0.71647
0.967485
0.995071
0.976785
0.946809
0.998645
0.530855
0.537046
0.991514
0.611809
0.970724
0.163821
0.988585
0.423778
0.999157
0.961427
0.991278
0.990799
0.924753
0.687329
0.107977
0.689765
0.998701
0.206804
0.986015
0.970705
0.998455
0.907641
0.652566
0.682173
0.990794
0.975344
0.993715
0.929388
0.019834
0.011197
0.997113
0.999692
0.987617
0.996069
0.990148
0.990858
0.993114
0.999794
0.395307
0.998819
0.495875
0.140782
0.997454
0.898878
0.935503
0.99122
0.890525
0.952807
0.995416
0.889771
0.988847
0.368722
0.995332
0.99973
0.959214
0.999714
0.977531
0.916831
0.222234
0.994174
0.950186
0.981487
0.998786
0.975919
0.079513
0.805899
0.850968
0.998545
0.99146
0.143513
0.883344
0.969243
0.957399
0.762201
0.99959
0.493491
0.996918
0.026525
0.980112
0.830937
0.998649
0.984344
0.378495
0.765272
0.91486
0.696515
0.934057
0.934079
0.993233
0.969685
0.395383
0.960257
0.987915
0.898986
0.985166
0.961956
0.920045
0.247313
0.517839
0.991697
0.652583
0.012074
0.972971
0.866814
0.992138
0.953524
0.992894
0.958851
0.974847
0.978482
0.995112
0.054945
0.804049
0.374339
0.764319
0.947091
0.208518
0.999872
0.746422
0.082663
0.637076
0.985046
0.857859
0.895357
0.088535
0.977762
0.991609
0.999195
0.998281
0.938652
0.852133
0.979991
0.539156
0.906533
0.882078
0.030846
0.647668
0.128195
0.890598
0.210397
0.996166
1.000001
0.991256
0.273135
0.962297
0.798743
0.946887
0.711304
0.900481
0.999642
0.956138
0.999726
0.989501
0.836437
0.677538
0.998823
0.857802
0.979222
0.278875
0.996755
0.993836
0.29563
0.095434
0.597675
0.024933
0.967023
0.779029
0.999606
0.339328
0.743766
0.96467
0.682085
0.996827
0.257149
0.998599
0.998529
0.019055
0.963035
0.999369
0.924015
0.988543
0.23601
0.979048
0.457304
0.991121
0.116818
0.928646
0.999767
0.64461
0.994332
0.95297
0.642906
0.619042
0.99224
0.195534
0.948643
0.943106
0.977029
0.994838
0.980429
0.969559
0.764829
0.862241
0.570285
0.794092
0.67207
0.996772
0.984502
0.906228
0.998373
0.991349
0.999365
0.983047
0.992045
0.412633
0.087465
0.97497
0.92151
0.993715
0.965116
0.06787
0.996964
0.767038
0.999975
0.735937
0.989257
0.997605
0.901056
0.976119
0.888928
0.084188
0.662271
0.936329
0.995418
0.997888
0.936803
0.973629
0.959227
0.901115
0.959459
0.999279
0.735299
0.346655
0.072274
0.774189
0.457758
0.993929
0.998026
0.99555
0.942721
0.981525
0.999528
0.175503
0.672899
0.011336
0.930082
0.989525
0.998676
0.766113
0.384228
0.996919
0.949794
0.591583
0.632277
0.995942
0.05392
0.998441
0.992751
0.995966
0.993287
0.998348
0.330353
0.015662
0.513863
0.982145
0.976125
0.907885
0.908696
0.922678
0.999492
0.641566
0.915941
0.958316
0.831388
0.990296
0.996623
0.995651
0.888464
0.999889
0.369856
0.485114
0.504786
0.949747
0.998812
0.463245
0.978395
0.712999
0.9389
0.986321
0.991952
0.454228
0.386286
0.938092
0.940636
0.279894
0.746007
0.5805
0.059092
0.973664
0.999426
0.977752
0.987852
0.989525
0.998483
0.957414
0.975941
0.988736
0.987342
0.150049
0.054759
0.995887
0.013732
0.997015
0.203817
0.026308
0.936092
0.999757
0.916018
0.998056
0.980329
0.992007
0.998197
0.025684
0.980692
0.712851
0.929095
0.518798
0.999243
0.933221
0.977329
0.977559
0.944052
0.972944
0.084002
0.995366
0.655103
0.52527
0.994437
0.936322
0.968267
0.313552
0.999828
0.368244
0.99039
0.999247
0.07663
0.99396
0.748378
0.854804
0.566922
0.190547
0.246026
0.970332
0.735654
0.995346
0.453954
0.998965
0.999995
0.070142
0.65307
0.964609
0.889805
0.991108
0.953377
0.913982
0.735915
0.988435
0.932138
0.937552
0.970042
0.874067
0.989419
0.580818
0.807941
0.998757
0.974359
0.997646
0.998077
0.953224
0.825403
0.917318
0.248796
0.725416
0.585767
0.999606
0.640403
0.830344
0.697392
0.655216
0.751806
0.962157
0.98161
0.999266
0.343344
0.991569
0.773611
0.991319
0.01172
0.999686
0.912352
0.964013
0.989444
0.083742
0.994744
0.868067
0.507725
0.994108
0.828341
0.997591
0.993848
0.996052
0.312998
0.778785
0.999687
0.571735
0.999058
0.488842
0.999742
0.435441
1.000065
0.500597
0.85669
0.810201
0.454494
0.081618
0.893263
0.978142
0.999666
0.62625
0.685993
0.058814
0.999341
1.000008
0.99887
0.957081
0.966952
0.987232
0.066008
0.669284
0.850835
0.835585
0.997518
0.986332
0.643617
0.874399
0.981501
0.778032
0.414944
0.997477
0.647965
0.111738
0.999577
0.451465
0.726003
0.540516
0.985622
0.836043
0.999541
0.996396
0.995573
0.174718
0.862819
0.995987
0.183148
0.991994
0.979051
0.997396
0.994637
0.95101
0.998409
0.91111
0.091807
0.687254
0.986747
0.999653
0.317931
1.000035
0.917825
0.999933
0.998068
0.99628
0.951118
0.9768
0.73176
0.987379
0.957435
0.957022
0.900572
0.836841
0.949109
0.647586
0.86075
0.80369
0.012543
0.980533
0.934915
0.609343
0.995692
0.449741
0.999718
0.934483
0.942296
0.679432
0.978496
0.998611
0.20255
0.888408
0.976494
0.999691
0.432481
0.997262
0.983186
0.118613
0.99951
0.993055
0.999868
0.986864
0.965569
0.995667
0.607504
0.885615
0.991435
0.997554
0.85897
0.997316
0.956194
0.998965
0.729079
0.978738
0.999946
0.88555
0.71447
0.998679
0.99874
0.991423
0.097352
0.959583
0.926725
0.708386
0.438851
0.994676
0.999591
0.955804
0.149426
0.999779
0.8994
0.896512
0.998305
0.248802
0.730581
0.975208
0.992662
0.943367
0.802757
0.350836
0.208557
0.973871
0.967943
0.931768
0.999702
0.373795
0.835372
0.613193
0.645322
0.501143
0.834563
0.99334
0.921907
0.023352
0.922491
0.14174
0.994284
0.978951
0.531728
0.977815
0.986811
0.039581
0.861794
0.521082
0.581905
0.925333
0.983455
1.000043
0.701686
0.16644
0.741369
0.490314
0.992545
0.629504
0.977887
0.894082
0.999333
0.966111
0.936852
0.343269
0.988128
0.982364
0.992563
0.034617
0.999985
0.214554
0.987438
0.926389
0.022139
0.99972
0.669961
0.998719
0.032291
0.999884
0.855979
0.986144
0.998869
0.016406
0.99954
0.436803
0.988053
0.405803
0.996921
0.990622
0.201722
0.629314
0.98022
0.539234
0.967557
0.123914
0.805864
0.015289
0.994896
0.997461
0.948253
0.666677
0.996854
0.860912
0.999366
0.092604
0.828433
0.911637
0.249365
0.331742
0.988614
0.012255
0.827552
0.999638
0.961837
0.677447
0.99574
0.999179
0.997996
0.985211
0.870979
0.881778
0.950248
0.951391
0.996199
0.989986
0.924525
0.952195
0.989562
0.994307
0.138626
0.998533
0.320121
0.971127
0.655071
0.987361
0.932774
0.896199
0.23577
0.964977
0.997634
0.749775
0.023345
0.998779
0.454485
0.995227
0.977543
0.37608
0.983337
0.996886
0.631087
0.975135
0.931812
0.978962
0.935977
0.999341
0.937309
0.832722
0.935433
0.956904
0.975827
0.524859
0.995714
0.984286
0.021727
0.997453
0.998046
0.984066
0.998472
0.503042
0.999455
0.999642
0.294283
0.990699
0.851228
0.840854
0.247297
0.096018
0.984101
0.748337
0.653479
0.833747
0.999579
0.910049
0.998745
0.898017
0.999887
0.215469
0.911009
0.977649
0.913162
0.005764
0.996077
0.482173
0.990315
0.984409
0.977319
0.992986
0.995916
0.969198
0.993988
0.016775
0.591815
0.943104
0.995641
0.137132
0.193758
0.995792
0.944802
0.986794
0.999724
0.053694
0.998541
0.323672
0.903891
0.960747
0.982787
0.493093
0.876621
0.562539
0.995702
0.999644
0.906006
0.888329
0.995899
0.984993
0.837726
0.338995
0.99213
0.465097
0.880367
0.968463
0.999652
0.951097
0.150927
1.000033
0.496343
0.41046
0.9853
0.877495
0.998758
0.999527
0.076397
0.026778
0.241147
0.987597
0.997748
0.961599
0.962354
0.998303
0.994735
0.047686
0.435148
0.994621
0.623661
0.99947
0.834847
0.93536
0.995422
0.985032
0.91996
0.97061
0.999082
0.999001
0.931354
0.947097
0.998863
0.796743
0.986875
0.999867
0.936527
0.945568
0.49484
0.996702
0.87905
0.921381
0.886309
0.269521
0.052867
0.836565
0.949062
0.872993
0.785224
0.804701
0.999563
0.993823
0.916255
0.988654
0.99764
0.612179
0.999632
0.994874
0.964279
0.092927
0.95834
0.908059
0.913044
0.972023
0.902241
0.427368
0.998622
0.94809
0.986508
0.978497
1.0
0.999913
0.979193
0.970327
0.996781
0.9962
0.997668
0.993038
0.268443
0.991109
0.904345
0.997438
0.993956
0.282737
0.948265
0.999347
0.982498
0.901169
0.975678
0.891757
0.999329
0.999247
0.082826
0.341323
0.980046
0.920105
0.993575
0.999172
0.207908
0.970105
0.918942
0.97211
0.995633
0.181992
0.98721
0.770903
0.584005
0.998583
0.933386
0.997643
0.991461
0.933171
0.997578
0.164992
0.377535
0.998594
0.999624
0.996545
0.534858
0.83548
0.974412
0.996164
0.943906
0.991155
0.947696
0.994064
0.994429
0.599433
0.997218
0.506534
0.998963
0.871854
0.984988
0.626212
0.034157
0.693567
0.081613
0.99485
0.999755
0.152082
0.999357
0.895778
0.997911
0.993877
0.989785
0.668058
0.898884
0.980471
0.835207
0.986931
0.997904
0.896154
0.947389
0.12428
0.994099
0.978721
0.999522
0.909321
0.954235
0.606184
0.987327
0.047737
0.129314
0.993725
0.99845
0.99742
0.710216
0.948915
0.976939
0.713277
0.975709
0.984841
0.989399
1.000043
0.733485
0.893786
0.998658
0.912751
0.997483
0.905309
0.789261
0.635649
0.994745
0.069013
0.982775
0.149122
0.95893
0.999556
0.99314
0.985307
0.178038
0.387987
0.997935
0.940255
0.999913
0.598014
0.013878
0.986498
0.997764
0.989504
0.625381
0.895532
0.765192
0.999791
1.000061
0.006266
0.976465
0.926798
0.999597
0.991263
0.094262
0.001672
0.960644
0.9478
0.980015
0.284407
0.951544
0.562725
0.253652
0.993823
0.983987
0.999324
0.998566
0.998063
0.996811
0.997426
0.993721
0.851986
0.824284
0.934824
0.352459
0.991825
0.986017
0.99993
0.994455
0.990055
0.963865
0.976061
0.999839
0.99479
0.895202
0.998296
0.995957
0.520505
0.968192
0.998664
0.398158
0.986725
0.99599
0.998161
0.952152
0.953632
0.953206
0.999695
0.979089
0.985386
0.997941
0.934351
0.59579
0.588743
0.956269
0.906175
0.992922
0.972221
0.829504
0.617069
0.997617
0.019121
0.986482
0.394832
0.999079
0.681519
0.949864
0.146196
0.937793
0.975304
0.980581
0.939357
0.091432
0.628403
0.987166
0.286367
0.975926
0.999263
0.997869
0.659109
0.998517
0.994918
0.735471
0.020705
0.202998
0.996867
0.330089
0.814218
0.949422
0.987371
0.978718
0.975562
0.907068
0.975209
0.840553
0.017163
0.547434
0.308801
0.983067
0.935503
0.993349
0.986419
0.883224
0.928743
0.981012
0.357691
0.664206
0.0146
0.697635
0.920896
0.7177
0.861597
0.999421
0.999212
0.960725
0.952997
0.999907
0.14948
0.83044
0.398052
0.300514
0.99958
0.995238
0.996319
0.510159
0.149665
0.937619
0.504321
0.153203
0.973842
0.99587
0.997508
0.837328
0.965364
0.991658
0.890069
0.058885
0.944169
0.761553
0.955329
0.977437
0.879164
0.956522
0.998026
0.5845
0.004514
0.999838
0.988466
0.864724
0.331558
0.997634
0.810789
0.986302
0.999474
0.998195
0.519561
0.163536
0.754119
0.367089
0.998289
0.066759
0.88301
0.954947
0.95212
0.988968
0.985834
0.661472
0.998297
1.000062
0.9361
0.991604
0.628083
0.998524
0.069886
0.986218
0.998735
0.00843
0.356607
0.995809
0.99493
0.888227
0.932683
0.35868
0.980417
0.049819
0.814075
0.125495
0.998102
0.9768
0.999775
0.689945
0.972134
0.985022
0.992842
0.939436
0.999567
0.901707
0.995052
0.858334
0.787782
0.994659
0.472541
0.041826
0.996717
0.980795
0.927004
0.635831
0.96814
0.982506
0.667744
0.996444
0.997934
0.987473
0.857264
0.81929
0.942396
0.999701
0.09649
0.149108
0.712934
0.999052
0.015244
0.697201
0.994584
0.988095
0.055909
0.997802
0.996886
0.92104
0.941338
0.999556
0.771378
0.16829
0.333787
0.999433
0.485283
0.811601
0.488281
0.140979
0.920423
0.939991
0.615139
0.991082
0.997137
0.960678
0.944826
0.998114
0.84431
0.998919
0.901537
0.999822
0.826878
0.873556
0.98644
0.728519
0.926114
0.800485
1.000044
0.999904
0.987209
0.829116
0.492838
0.992509
0.991217
0.068832
0.60464
0.92398
0.981273
0.989345
0.998111
0.999666
0.956412
0.03872
0.696092
0.266534
0.995068
0.438602
0.256349
0.969803
0.312775
0.98548
0.123791
0.928789
0.934749
0.491997
0.491243
0.978625
0.016592
0.919824
0.644729
0.560189
0.817316
0.890409
0.919919
0.981046
0.999484
0.722079
1.00003
0.999992
0.995224
0.777524
0.319435
0.905218
0.988945
0.997918
0.125698
0.988462
0.077449
0.956211
0.998987
0.989526
0.99861
0.999268
0.910216
0.995985
0.994807
0.036355
0.065542
1.000056
0.687403
0.999638
0.989784
0.997587
0.787083
0.973768
0.997071
0.986797
0.939385
0.353269
0.995903
0.454823
0.981649
0.283545
0.799989
0.996633
0.167342
0.93606
0.25557
0.389023
0.705389
0.699156
0.504913
0.178869
0.571922
0.152795
0.968005
0.928641
0.995838
0.617931
0.742056
1.000014
0.658135
0.57956
0.991109
0.91778
0.998996
0.835917
0.995731
0.879026
0.999919
0.977366
0.991493
0.995997
0.974609
0.998772
0.976747
0.02601
0.754071
0.999783
0.91681
0.481382
0.964561
0.955579
0.823462
0.881543
0.915004
0.96189
0.984656
0.464574
0.293126
0.757272
0.490591
0.131635
0.995627
0.794088
0.967221
0.964679
0.168756
0.999836
0.464008
0.993563
0.338344
0.99818
0.981677
0.999519
0.969918
0.93409
0.788843
0.9211
0.999609
0.776197
0.113882
0.599135
0.838541
1.000003
0.920972
0.866534
0.994473
0.786413
0.961251
0.192621
0.931701
0.993956
0.992948
0.585496
0.989652
0.813004
0.997916
0.997812
0.272817
0.50564
0.986898
0.980866
0.629774
0.996192
0.988906
0.362754
0.994703
0.113533
0.975682
0.040142
0.017824
0.991177
0.886261
0.996042
0.987176
0.858834
0.970961
0.775872
0.554957
0.662091
0.733739
0.8774
0.886437
0.965096
0.989289
0.544987
0.871898
0.997412
0.936364
0.561072
0.984973
0.99338
0.999571
0.989296
0.974779
0.972974
0.168088
0.998355
0.812348
0.99833
0.996927
0.974213
0.893395
0.742315
0.995997
0.993296
0.390208
0.939743
0.982561
1.000086
0.992528
0.729184
0.998125
0.998902
0.906255
0.529331
0.806955
0.999869
0.988166
0.993385
0.997551
0.998403
0.999905
0.997544
0.411533
0.946789
0.999403
0.9999
0.694992
0.96308
0.990507
0.984337
0.961262
0.993432
0.212281
0.99622
0.99641
0.060375
0.999214
0.99946
0.994375
0.06599
0.868779
0.968851
0.966806
0.024742
0.649776
0.986104
0.999357
0.963948
0.011286
0.998398
0.983033
0.935229
0.407352
0.859183
0.890373
0.976898
0.91517
0.978473
0.997283
0.999011
0.999777
0.935704
0.709668
0.801726
0.05742
0.926067
0.072474
0.954594
0.905852
0.996178
0.98976
0.997867
1.000023
0.979454
0.97976
0.987976
0.896826
0.830503
0.999726
0.999649
0.909149
0.862966
0.967524
0.725862
0.984971
0.798162
0.993742
0.997679
0.999658
0.984943
0.900423
0.987047
0.091402
0.999551
0.96474
0.811014
0.185521
0.997489
0.894067
0.999776
0.972675
0.127216
0.994392
0.94543
0.990143
0.389356
0.619352
0.605316
0.969704
0.989236
0.889821
0.927412
0.884239
0.95498
0.983165
0.736915
0.381386
0.971261
0.963906
0.997603
0.95639
0.999807
0.961413
0.982767
0.787521
0.079442
0.772611
0.985794
0.952674
0.916944
0.514555
0.992127
0.97939
0.936746
0.967764
0.691154
0.998429
0.762735
0.316385
0.848864
0.999914
0.132829
0.310897
0.982803
0.256881
0.976361
0.93743
0.983537
0.749604
0.98256
0.775331
0.99628
0.993821
0.724617
0.997661
0.989386
0.5907
0.998021
0.973146
0.989477
0.992822
0.881492
0.039668
0.19751
0.961368
0.970705
0.995003
0.652867
0.944642
0.992933
0.984732
0.197588
0.985123
0.926028
0.017796
0.981607
0.915422
0.434506
0.908194
0.301555
0.585719
0.986757
0.997015
0.999457
0.693781
0.169098
0.987589
0.995836
0.969155
0.663077
0.693907
0.972546
0.435041
0.981369
0.998011
0.698361
0.378226
0.362424
0.858701
0.978108
0.997433
0.99899
0.548525
0.054556
0.988401
0.220154
0.990589
0.293844
0.999666
0.966774
0.999498
0.965091
0.996016
0.913908
0.742783
0.831844
0.362789
0.990333
0.981561
0.024584
0.885873
0.970049
0.9998
0.925858
0.820141
0.996812
0.987128
0.73132
0.278977
0.821577
0.989987
0.848034
0.991528
0.088351
0.915039
0.992686
0.543769
0.982525
0.019318
0.384858
0.956744
0.994596
0.867534
0.606195
0.951045
0.930283
0.999689
0.925768
0.977145
0.994148
0.625834
0.467503
0.313999
0.997438
0.844216
0.738199
0.104362
0.904628
0.987553
0.985363
0.952826
0.422341
0.999735
0.786974
0.069424
0.941174
0.999451
0.998568
0.962686
0.929486
0.164393
0.999679
0.98818
0.758754
0.999559
0.913013
0.9854
0.201052
0.94498
0.928414
0.96221
0.998784
0.997969
0.6116
0.876216
0.996244
1.000062
0.992951
0.866957
0.998819
0.98774
0.726518
0.988646
0.980042
0.827169
0.299578
0.994903
0.154554
0.997721
0.981159
0.816225
0.981334
0.533686
0.304335
0.872924
0.961205
0.968296
0.919093
0.811779
0.975248
0.765381
0.999906
0.940847
0.99147
0.402214
0.997192
0.998663
0.974192
0.998537
0.99932
0.954676
0.937242
0.983487
0.964358
0.724947
0.952847
0.846896
0.618426
0.638534
0.992204
0.850435
0.638402
0.996903
0.872684
0.765601
0.094758
0.960892
0.996114
0.990509
0.999447
0.992571
0.984129
0.998846
0.904424
0.965147
0.960066
0.966064
0.9714
0.993072
0.962624
0.980263
0.704358
0.997271
0.989907
0.848321
0.994136
0.610213
0.997587
0.991285
0.625476
0.695316
0.29193
0.996654
0.002184
0.816473
0.974672
0.994594
0.62726
0.852493
0.999738
0.996966
0.996862
0.997126
0.753077
0.163008
0.526377
0.99978
0.167336
0.995973
0.911766
0.949573
0.301618
0.028366
0.368544
0.04331
0.98263
0.982002
0.921512
0.999955
0.965266
0.452175
0.990435
0.981622
0.998571
0.515799
0.866
0.135084
0.994345
0.027656
0.951173
0.999702
0.99482
0.968982
0.995991
0.975798
0.929031
0.999573
0.974725
0.337132
0.99289
0.998926
0.996392
0.994219
0.792039
0.950571
0.934184
0.677692
0.960164
0.84951
0.962882
0.996167
0.992506
0.998863
0.164559
0.99732
0.997265
0.992799
0.99158
0.799849
0.978378
0.758765
0.786824
0.713111
0.982221
0.999796
0.915298
0.665051
0.578823
0.271822
0.997688
0.612434
0.95443
0.486924
0.644768
0.919978
0.454834
0.03287
0.991043
0.995078
0.945467
0.874135
0.162857
0.890696
0.863103
0.131172
0.996248
0.144404
0.999126
0.032403
0.998068
0.237309
0.999395
0.883577
0.72463
0.864182
0.960422
0.876482
0.035287
0.236836
0.234739
0.997243
0.114048
0.983685
0.92099
0.349923
0.014038
0.998733
0.97319
0.956515
0.138871
0.46411
0.893085
0.331663
0.788185
0.973443
0.993843
0.959017
0.727649
0.999896
0.88718
0.950824
0.999853
0.922445
0.98201
0.616984
0.934301
0.99967
0.979156
0.339248
0.766195
0.989817
0.970744
0.69613
0.260223
0.028592
0.770485
0.968521
0.991061
0.938946
0.95599
0.999686
0.013492
0.798215
0.913332
0.882831
0.982133
0.445114
0.045987
0.998436
0.865527
0.686537
0.928458
0.762452
0.971842
0.88444
0.999252
0.808736
0.418647
0.999457
0.99977
0.986687
0.364303
0.999937
0.934479
0.964238
0.994739
0.270043
0.866805
0.78482
0.913494
0.999898
1.000015
0.999809
0.980079
0.090121
0.903937
0.013499
0.103873
0.567259
0.992489
0.179305
0.936157
0.994044
0.996794
0.99939
0.779116
0.733197
0.05664
0.971745
0.935491
0.746206
0.943829
0.920592
0.017761
0.983656
0.953157
0.999801
0.426765
0.996109
0.996602
0.952444
0.807912
0.989753
0.959803
0.9582
0.999808
0.234071
0.995908
1.000025
0.549474
0.869161
1.000014
0.884579
0.675812
0.996712
0.946946
0.959321
0.911768
0.515933
0.997439
0.510152
0.768731
0.97148
0.812031
0.260427
0.794822
0.691403
0.998963
0.965504
0.997557
0.860316
0.996304
0.934324
0.995056
0.872213
0.982338
0.996009
0.849214
0.415284
0.929208
0.419452
0.993479
0.912347
0.998979
0.73735
0.996177
0.990486
0.988603
0.254558
0.991477
0.907568
0.995454
0.949167
0.979986
1.000001
0.999246
0.531714
0.957927
0.173824
0.911963
0.45918
0.901647
0.994263
0.918393
0.998543
0.690208
0.339753
0.845231
0.299296
0.023621
0.962355
0.998901
0.972786
0.940137
0.957463
0.798801
0.980696
0.998525
0.630062
0.998178
0.998345
0.74693
0.935301
0.99148
0.911011
0.016341
0.796161
0.240938
0.980981
0.971878
0.958182
0.893762
0.991199
0.781854
0.98876
0.86212
0.829105
0.980616
0.950614
0.817468
0.987461
0.396489
0.981343
0.999396
0.690387
0.999801
0.747149
0.736626
0.838585
0.544387
0.856844
0.765168
0.42117
0.117982
0.7289
0.979879
0.963281
0.897026
0.999833
0.999684
0.656035
0.898856
0.936131
0.955881
0.999955
0.987449
0.982531
0.952945
0.178401
0.645529
0.567831
0.210529
0.949392
0.052344
0.910825
0.967162
0.080486
0.990016
0.008284
0.780327
0.158309
0.907803
0.278609
0.987404
0.969134
0.408712
0.971462
0.954754
0.092514
0.922244
0.648017
0.9983
0.986461
0.991396
0.998905
0.898345
0.90149
0.846014
0.716862
0.398124
0.99978
0.050153
0.988575
0.812419
0.79084
0.965434
0.321278
0.99717
0.5122
0.864525
0.191551
0.999368
0.99919
0.993131
0.956496
0.991375
0.97505
0.658312
0.988726
0.976996
0.982964
0.840503
0.9683
0.921082
0.598342
0.99747
0.591932
0.851064
0.042833
0.997715
0.171444
0.838174
0.154431
0.9153
0.999875
0.999685
0.990938
0.999849
0.953569
0.158755
0.996119
0.72487
0.490768
0.020717
0.994734
0.999624
0.940182
0.944871
0.72089
0.988081
0.356349
0.067004
0.877913
0.107887
0.854304
0.245499
0.913893
0.970666
0.967489
0.578821
0.951486
0.995222
0.889741
0.966134
0.971436
0.995829
0.987418
0.046901
0.999759
0.988495
0.998468
0.980767
0.927149
0.99988
0.984857
0.949192
0.986959
0.999534
0.994448
0.951294
0.959004
1.00009
0.499992
0.543765
0.889694
0.70549
0.896972
0.982202
0.99794
0.999697
0.987999
0.72398
0.999944
0.942359
0.992153
0.805805
0.994329
0.772107
0.897159
0.890063
0.84641
0.964247
0.953279
0.898954
0.263767
0.844556
0.995235
0.585183
0.997536
0.993639
0.978772
0.580454
0.99341
0.737884
0.157544
0.889052
0.973569
0.97149
0.997778
0.996098
0.976833
0.996984
0.449023
0.823107
0.974507
1.000038
0.515245
0.995068
0.999884
0.999347
0.98478
0.200383
0.793328
0.998089
0.61693
0.92853
0.84153
0.329612
0.99933
0.948186
0.33395
0.57663
0.995884
0.92409
0.999289
0.99905
0.846864
0.9975
0.77725
0.977528
0.767094
0.976656
0.031748
0.873666
0.957662
0.987827
0.989754
0.687955
0.99995
0.992131
0.98131
0.407136
0.999808
0.730523
0.975325
0.215631
0.996483
0.00336
0.99113
0.293475
0.272659
0.678462
0.358507
0.577102
0.928696
0.883018
0.973039
0.911451
0.996842
0.998639
0.689137
0.966523
0.996533
0.97315
0.997648
0.976117
0.506732
0.986441
0.982968
0.998326
0.999966
0.998323
0.923683
0.509236
0.984837
0.994711
0.911768
0.999531
0.874504
0.064642
0.110058
0.958905
0.953652
0.678738
0.991214
0.943641
0.999711
0.916581
0.997623
0.915882
0.536764
0.609406
0.44605
0.998307
1.000059
0.83117
0.27144
0.997956
0.932219
0.533651
0.994107
0.640521
0.736765
0.997277
0.993126
0.996763
0.997217
0.998547
0.993109
0.985272
0.767542
0.97304
0.99537
0.921849
0.985572
0.999839
0.99986
0.987971
0.980607
0.434194
0.958665
0.840973
0.963479
0.995336
0.964702
0.057633
0.78434
0.885679
0.990651
0.046512
0.989623
0.393779
0.129474
0.145289
0.21539
0.99459
0.998051
0.994873
0.878115
0.40029
0.426131
0.979189
0.035745
0.999959
0.584061
0.434782
0.984178
0.954207
0.999599
0.999621
0.822398
0.910606
0.13543
0.647076
0.996726
0.80434
0.99367
0.594034
0.924604
0.682208
0.570062
0.975722
0.899203
0.912997
0.020741
0.731023
0.995155
0.683706
0.983465
0.941285
0.899225
0.945541
0.961093
0.912295
0.114643
0.484047
0.507829
0.962588
0.687076
0.94836
0.893238
0.855555
0.906295
0.684851
0.915978
0.97457
0.996434
0.984169
0.97849
0.84986
0.866592
0.926606
0.995358
0.98161
0.998506
0.981085
0.937522
0.740487
0.096615
0.899445
0.985816
0.999755
0.978977
0.998611
0.999976
0.776187
0.994316
0.90449
0.9649
0.992738
0.951107
0.96878
0.789821
0.057466
0.96797
0.985165
0.976397
0.699805
0.979296
0.997276
0.939454
0.996243
0.899241
0.993579
0.878266
0.999013
0.84656
0.856456
0.857675
0.160874
0.598998
0.999207
0.999663
0.904657
0.996765
0.999632
0.998848
0.81291
0.142141
0.998764
0.999902
0.514487
0.995708
0.998601
0.016683
0.950942
0.99149
0.998886
0.955942
0.965137
0.018121
0.869132
0.185913
0.489857
0.295073
0.380485
0.986878
0.979783
0.827918
0.984306
0.998574
0.878032
0.870387
0.999124
0.940436
0.182446
0.890022
0.179985
0.97197
0.967123
0.991962
0.938081
0.493121
0.266173
0.829396
0.999108
0.98813
0.141576
0.888993
0.95125
0.999681
0.491907
0.492369
0.999963
0.999433
0.868316
0.223952
0.364113
0.64184
0.98728
0.902167
0.030852
0.305603
0.874762
0.996426
0.756255
0.928895
0.985115
0.151045
0.916828
0.531782
0.802336
0.983996
0.981855
0.964232
0.998726
0.997151
0.909224
0.999861
0.914425
0.609049
0.562713
0.991997
0.998532
0.997013
0.700028
0.963303
0.999971
0.999701
0.746124
0.984157
0.920366
0.999197
0.21784
0.993855
0.999131
0.999317
0.984374
0.145587
0.007607
0.146499
0.580665
0.998884
1.000021
0.343247
0.935406
0.973581
0.994032
0.770487
0.987403
0.999855
0.612669
0.990012
0.993471
0.679208
0.856037
0.645738
0.852605
0.996787
0.970542
0.857667
0.618431
0.988758
0.979271
0.02201
0.477499
0.999849
0.710514
0.987929
0.912892
0.291597
0.927646
0.209011
0.050125
0.999585
0.908249
0.189911
0.709971
0.154672
0.792562
0.810086
0.750777
0.999642
0.99461
0.944862
0.999269
0.999267
0.817174
0.868185
0.981795
0.610256
0.412493
0.997065
0.569165
0.999309
0.44222
0.006831
0.62027
0.999403
0.834902
0.977897
0.486242
0.822313
0.937418
0.994756
0.976647
0.999042
0.224669
0.882946
0.186293
0.99992
0.999901
0.999898
0.997325
0.917957
0.486685
0.570208
0.985747
0.867515
0.984765
0.101291
0.995992
0.976485
0.75478
0.999554
0.713371
0.51536
0.987957
0.997253
0.570577
0.923282
0.999779
0.57283
0.993329
0.999908
0.881015
0.750532
0.990728
0.830207
0.844974
0.946192
0.990379
0.134225
0.965417
0.999754
0.949704
0.563238
0.369065
0.936251
0.997526
0.984411
0.928603
0.931202
0.998173
0.93157
1.000013
0.940748
0.757289
0.982272
0.997082
0.301424
0.36647
0.146974
0.999782
0.948109
0.998477
0.949458
0.998395
0.803479
0.323772
0.159206
0.667767
0.973394
0.113893
0.974012
0.9912
0.766511
0.990407
0.178482
0.090933
0.998054
0.521805
0.925217
0.987822
0.969306
0.998434
0.869387
0.522715
0.590758
0.187867
0.89338
0.981178
0.995679
0.904326
0.998635
0.467057
0.632365
0.999831
0.999889
0.944769
0.994691
0.47975
0.993744
0.955533
0.192174
0.992684
0.999809
0.999948
0.999474
0.204551
0.996212
0.830759
0.062965
0.871596
0.656426
0.43974
0.937353
0.788158
0.360083
0.999854
0.890742
0.882812
0.993138
0.98736
0.291643
0.999896
0.940687
0.999881
0.999628
0.997507
0.397861
0.974291
0.868105
0.979745
0.999607
0.892161
0.999753
0.348633
0.769804
0.99767
0.994232
0.999972
0.977802
0.68076
0.445534
0.887306
0.589137
0.994387
0.920118
0.999221
0.99637
0.994167
0.97925
0.989201
0.958896
0.988213
0.994741
0.990261
0.566077
0.750275
0.766645
0.305074
0.87184
0.950368
0.999791
0.927382
0.040494
0.991222
0.971709
0.950191
0.980297
0.993709
0.885725
0.814885
0.700052
0.99953
0.01694
0.96273
0.208201
1.000009
0.997217
0.965514
0.011945
0.493877
0.973882
0.969941
0.985355
0.939756
0.999753
0.993619
0.35182
0.997642
0.684673
0.053877
0.961235
0.123545
0.564509
0.952161
0.630406
0.300744
0.980333
0.999855
0.322466
0.947878
0.780906
0.97448
0.964006
0.968433
0.975466
0.998666
0.958415
0.953416
0.731253
0.75179
0.512957
0.748871
0.965169
0.550849
0.985552
0.520558
0.93621
0.997221
0.134879
0.999222
0.742288
0.113269
0.944205
0.878718
0.413835
0.943
0.902816
0.899708
0.028697
0.646575
0.606932
0.166058
0.812941
0.51986
0.300738
0.999835
0.53814
0.904704
0.997851
0.227089
0.975814
0.969905
0.942528
0.994704
0.999895
0.994213
0.349723
0.929937
0.042903
0.93025
0.990412
0.919522
0.689577
0.901281
0.999651
0.544636
0.996672
0.760186
0.797214
0.998055
0.989072
0.994876
0.955296
0.845797
0.974135
0.411045
0.950916
0.975182
0.983734
0.236865
0.999901
0.992537
0.950057
0.942183
0.970301
0.013597
0.991505
0.390103
0.995275
0.947226
0.215653
0.995772
0.100477
0.964784
0.998684
0.896584
0.581148
0.71089
0.64235
0.309084
0.460203
0.344102
0.498822
0.985107
0.521313
0.957231
0.945078
0.954904
0.996614
0.350746
0.939329
0.704644
0.95297
0.139437
0.93452
0.058351
0.214699
0.299072
0.997127
0.868933
0.975404
0.865095
0.922517
0.998647
0.989963
0.974162
0.918594
0.998104
0.996103
0.990827
0.971119
0.976996
0.535349
0.996253
0.821654
1.00005
0.976153
0.921202
0.932547
0.720066
0.0546
0.999837
0.940758
0.98202
0.714655
0.990176
0.510893
0.986365
0.991224
0.996751
0.005521
0.327999
0.935649
0.568594
0.437802
0.32495
0.953584
0.430901
0.267935
0.335766
0.987059
0.043023
0.15592
0.604526
0.953333
0.975628
0.644786
0.700281
0.984501
0.983084
0.362704
0.739098
0.861451
0.998276
0.977517
0.668246
0.999841
0.276908
0.163362
0.971781
0.921959
0.978522
0.059329
0.627147
0.949566
0.993964
0.993031
0.86961
0.852966
0.959359
0.90938
0.994066
0.98163
0.998901
0.999002
0.860638
0.916797
0.989598
0.101012
0.97778
0.370018
0.996706
0.532473
0.061155
0.193501
0.99237
0.704733
0.969008
0.972149
1.000032
0.877173
0.524394
0.982513
0.740111
0.999608
0.664559
0.993317
0.999662
0.999673
0.99396
0.916275
0.036554
0.36459
0.995493
0.752361
0.729944
0.977102
1.000028
0.064215
0.987514
0.106437
0.999604
0.135514
0.969137
1.000007
0.987269
0.943691
0.999218
0.288128
0.994607
0.478022
0.774819
0.995373
0.99346
0.968939
0.101357
0.985877
0.998936
0.466392
0.957405
0.999474
0.814645
0.946164
0.189783
0.83335
0.933328
0.08464
1.00008
0.565226
0.991726
0.926367
0.979578
0.999898
0.310985
0.948465
0.596304
0.982418
0.923897
0.750146
0.788842
0.983383
0.398972
0.013717
0.369328
0.999607
0.994179
0.983836
0.619131
0.900286
0.986669
0.926603
0.9861
0.999413
0.999722
0.966889
0.222383
0.027549
0.995525
0.980915
0.944935
0.413789
0.999897
0.99511
0.826959
0.986543
0.975005
0.845942
0.351525
0.999659
0.94235
0.642494
1.000073
0.998994
0.656983
0.897144
0.997884
0.997535
0.997879
0.995303
0.39323
0.012185
0.717606
0.998823
0.997838
0.997564
0.99129
0.995374
0.390237
0.881077
0.961129
0.975503
0.831715
0.958504
0.65534
0.890228
0.995765
0.994971
0.999772
0.997457
0.881899
0.989536
0.778544
0.995852
0.999692
0.47221
0.995571
0.998872
0.998884
0.814901
0.541932
0.560298
0.999397
0.999363
0.9936
0.993777
0.998065
0.689483
0.974548
0.798505
0.142318
0.997862
0.582255
0.958137
0.695289
0.966992
0.99352
0.746669
0.998617
0.219781
0.927675
0.019582
0.930762
0.996216
0.327014
0.839923
0.971752
0.999209
0.015799
0.045957
0.999818
0.826449
0.51256
0.18185
0.971585
0.839454
0.742472
0.512968
0.987996
0.568303
0.993619
0.998584
0.999836
0.589444
0.822056
0.999539
0.99864
0.967227
0.87902
0.828874
0.998543
0.09801
0.947379
0.934011
0.538307
0.885598
0.962038
0.48142
0.733042
0.961353
0.998881
0.987504
0.597888
0.930518
0.998504
0.960432
0.995316
0.018636
0.93421
0.975056
0.142931
0.894128
0.999728
0.590234
0.842054
0.982109
0.97077
0.923146
0.752026
0.937603
0.999455
0.71236
0.998385
0.875747
0.454163
0.015236
0.009966
0.557417
0.770053
0.833328
0.992764
0.99293
0.98723
0.761313
0.996439
0.986819
0.949571
0.483647
0.999966
0.984941
0.844884
0.962886
0.816893
0.999341
0.994243
0.820786
0.358296
0.655414
0.999816
0.998817
0.998395
0.032222
0.1481
0.948549
0.990968
0.986031
0.951641
0.9924
0.99972
0.903645
0.175541
0.982181
0.989026
0.068393
0.978695
0.994261
0.891678
0.662471
0.943051
0.936612
0.052419
0.891048
0.999074
0.826018
0.884601
0.991631
0.581383
0.861194
0.997797
0.975457
0.99781
0.982619
0.984212
0.999818
0.998086
0.97893
0.637439
0.985932
0.999214
0.992406
0.843493
0.863653
0.071256
0.997895
0.710653
0.878982
0.953238
0.145169
0.765219
1.000079
0.987602
0.250762
0.967354
0.974776
0.451445
0.911533
0.954574
0.941689
0.999317
0.597998
0.995412
0.98053
0.924954
0.880758
0.259353
0.936556
0.220398
0.9961
0.905047
0.99922
0.928599
0.977195
0.939495
0.990618
0.977959
0.789158
0.127151
0.832019
0.987854
0.99969
0.999428
0.905647
1.000025
0.107498
0.999056
0.994097
0.999139
0.998551
0.498809
0.83743
0.784637
0.949468
0.995662
0.978855
0.917255
0.980658
0.261276
0.492755
0.987232
0.991445
0.029636
0.931415
0.309978
0.999708
0.99258
0.951912
0.620541
0.961796
0.998978
0.999653
0.966613
0.4887
0.963556
0.998281
0.92635
0.995843
0.768093
0.980672
0.952939
0.954332
0.792755
0.976091
0.992312
0.225407
0.999614
0.904969
0.987581
0.999885
0.097598
0.962556
0.903256
0.989286
0.056284
0.461559
0.999935
0.940488
0.219568
0.999615
0.938982
0.045147
0.990644
0.947628
0.970929
0.998414
0.642322
0.132125
0.95238
0.994672
0.012229
0.970872
0.998261
0.69879
0.999541
0.998474
0.51219
0.992153
0.954262
0.888933
0.697822
0.902431
0.353923
0.998142
0.870704
0.863268
0.086435
0.946116
0.360129
0.993546
0.997917
0.974412
0.971094
0.01544
0.937344
0.985014
0.928268
0.999803
0.988294
0.017418
0.231405
0.999693
0.999656
0.875859
0.999867
0.892215
0.119223
0.986993
0.996786
0.824734
0.984321
0.981479
0.608626
0.309036
0.402496
0.47468
0.117221
0.987183
0.99356
0.988767
0.987407
0.47708
0.813861
0.998558
0.949572
0.996133
0.146649
0.987563
0.852381
0.123303
0.257771
0.999325
0.999712
0.603558
0.889953
0.801368
0.77385
0.992757
0.905503
0.199918
1.000023
0.763328
0.863677
0.868262
0.997819
0.929489
0.127451
0.999684
0.976661
0.995949
0.511031
0.405398
0.682544
0.998233
0.968203
0.453704
0.35233
0.746923
0.673886
0.142674
0.556751
0.348784
0.520922
0.942154
0.984678
0.084646
0.628381
0.994778
0.944259
0.997862
0.732699
0.23061
0.334522
0.969688
0.996411
0.152074
0.991072
0.955829
0.990999
0.926328
0.793434
0.037307
0.954529
0.554167
0.991301
0.997237
0.995891
0.345059
0.989815
0.999417
1.000012
0.999698
0.805441
0.933989
0.955466
0.961948
0.630835
0.93107
0.999752
0.98629
1.000038
0.909647
0.997626
0.999851
0.950227
0.223893
0.937578
0.969477
0.998209
0.995864
0.218823
0.998381
0.124602
0.770082
0.981612
1.000006
0.999821
0.048587
0.98206
0.995758
0.580231
0.991213
0.99957
0.554171
0.987931
0.126189
0.99568
0.966683
0.789163
0.991449
0.987736
0.979035
0.987535
0.918325
0.987604
0.986275
0.989352
0.999541
0.195047
0.997306
0.929508
0.170671
0.261766
0.946337
0.20737
0.998509
0.975068
0.921783
0.897573
0.997588
0.994962
0.999549
0.994089
0.979067
0.176155
0.998082
0.255763
0.999636
0.999209
0.999666
0.99533
0.707805
0.677501
0.438935
0.578436
0.988928
0.014566
0.99982
0.902092
0.995559
0.998618
0.959229
0.999032
0.99335
0.999061
0.076406
0.753861
0.997494
0.951989
0.9751
0.997303
0.009158
0.993441
0.619795
0.978249
0.99583
0.197026
0.981971
0.945434
0.041712
0.222394
0.748316
0.993268
0.169174
0.360186
0.523971
0.692328
0.999546
0.029877
1.00008
0.999641
0.996382
0.896892
0.999921
0.81311
0.963823
0.393215
0.999565
0.327083
0.999285
0.998176
0.147187
0.984592
0.995084
0.999733
0.495289
0.703578
0.938277
0.996505
0.994428
0.217589
0.991082
0.996273
0.872905
0.997699
0.21089
0.999985
0.98094
0.754996
0.942194
0.976107
0.998636
0.923133
0.995029
0.970132
0.999719
0.970783
0.786343
0.997354
0.710417
0.934708
0.208981
0.67671
0.865326
0.959497
0.998563
0.998574
0.014191
0.974111
0.989712
0.821358
0.961781
0.907122
0.997401
0.999893
0.998285
0.67366
0.998221
0.994171
0.549902
0.99922
0.575354
0.939098
0.993569
0.943359
0.121834
0.994083
0.98539
0.736253
0.999505
0.800149
0.678438
0.994145
0.999783
0.658461
0.953146
0.9532
0.6768
0.999969
0.840968
0.996617
0.997228
0.696054
0.984253
0.990751
0.990206
0.99305
0.939907
0.612397
0.987963
0.999935
0.998929
0.038274
0.023459
0.932139
0.998799
0.917748
0.999481
0.993221
0.904759
0.999831
0.904381
0.996713
0.999118
0.968014
0.978517
0.822552
0.63824
0.148457
1.000065
0.728356
0.519593
0.781006
0.997289
0.603086
0.77655
0.949568
0.758684
0.231041
0.686081
0.392953
0.971106
0.998544
0.931745
0.999181
0.949432
0.016583
0.020282
0.164948
0.992182
0.999795
0.998198
0.043822
0.992286
0.867871
0.996464
0.999635
0.990359
0.463361
0.827317
0.77031
0.997113
0.997351
0.255803
0.881283
0.22428
0.997886
0.725966
0.978622
0.888591
0.994978
0.944621
0.010464
0.990584
0.995846
0.994698
0.019575
0.999137
0.999263
0.081116
0.933529
0.671123
0.993958
0.905065
0.133855
0.594671
0.99726
0.95761
0.91022
0.985814
0.869562
0.928034
0.981894
0.999666
0.985174
0.635378
0.989939
0.139904
0.99298
0.96526
0.317505
0.809086
0.034911
0.984401
0.981185
0.827178
0.936183
0.999765
0.018359
0.745782
0.933849
0.956058
0.960581
0.487982
0.996384
0.988955
0.930795
0.759053
0.753206
1.000046
0.998486
0.982285
0.158079
0.998953
0.978964
0.441837
0.878426
0.999162
0.425496
0.99728
0.954406
0.349493
0.838323
0.997456
0.761406
0.909383
0.707389
0.49432
0.861778
0.258415
0.997639
0.992752
0.068402
0.988052
0.923241
0.016628
0.992374
0.854578
0.883093
0.503457
0.999413
0.274269
0.820777
0.056363
0.95691
0.628936
0.792511
0.962287
0.76903
0.171686
0.691496
0.996376
0.842087
0.733385
0.969536
0.995123
0.994133
0.087652
0.353119
0.783529
0.921655
0.650077
0.026487
0.973908
0.999651
0.984133
0.807611
0.725706
0.999705
0.793443
0.229762
0.98948
0.96946
0.197723
0.916601
0.990856
0.422897
0.140433
0.999158
0.986031
0.999508
0.993587
0.17969
0.996316
0.970504
0.094191
0.999836
0.999915
0.812512
0.879151
0.912481
0.993511
0.149277
0.215002
0.391314
0.999946
0.993116
0.979719
0.61586
0.663703
0.217614
0.649822
0.565414
0.966303
0.90834
0.432228
0.782046
0.993296
0.82526
0.944863
0.033514
0.724136
0.980383
0.966232
0.999787
0.877333
0.900077
0.011227
0.996936
0.992031
0.769702
0.98132
0.852139
0.92841
0.899186
0.999624
0.938397
0.90176
0.852612
0.997774
0.997195
0.996174
0.965146
0.968741
0.987789
0.966405
0.466689
0.992872
0.049681
0.999009
0.85295
0.993772
0.725925
0.96724
0.993451
0.56762
0.230216
0.938865
0.971808
0.866062
0.998735
0.926134
0.992149
0.996789
0.966224
0.999545
0.986028
0.101439
0.68689
0.946712
0.977997
0.863775
0.531466
0.997778
0.888144
0.096125
0.934834
0.953258
0.820916
0.986159
0.978986
0.487641
0.999185
0.983532
0.999946
0.978844
0.935907
0.999801
0.622832
0.997943
0.480428
0.9999
0.971802
0.998711
0.998729
0.721159
0.195181
0.036728
0.96756
0.981921
0.9997
0.793941
0.492994
0.975666
0.398702
0.999778
0.997742
0.987985
0.995173
0.534262
0.986676
0.809058
0.951256
0.999905
0.979768
0.995808
0.99804
0.183402
0.71684
0.999199
0.565008
0.999744
0.994882
0.909786
0.911784
0.973555
0.979387
0.923259
0.957235
0.145059
0.996109
0.987973
0.995984
0.982333
0.991421
0.986464
0.131578
0.998766
0.883571
0.996903
0.999694
0.994895
0.98952
0.992202
0.991923
0.686059
0.999985
0.602375
0.983744
0.669705
0.999211
0.053401
0.924863
0.989829
0.770534
0.997723
0.181089
0.997132
0.922889
0.999988
0.919465
0.998841
0.997173
0.932619
0.962306
0.915103
0.998535
0.998268
0.988706
0.99068
0.977573
0.936678
0.973225
0.999037
0.987041
0.300726
1.000009
0.930877
0.981032
0.918241
0.998012
0.996422
0.12174
0.992378
0.761848
0.999437
0.963354
0.997658
0.879124
0.881178
0.767982
0.390948
0.92085
0.961846
0.944947
0.998018
0.871601
0.791819
0.917162
0.743677
0.712998
0.055853
0.210929
0.999058
0.768216
0.917643
0.964661
0.996988
0.978132
0.988504
0.896538
0.956547
0.994214
0.15957
0.994828
0.680075
0.999721
0.997497
0.971938
0.957363
0.885591
0.01652
0.984597
0.987058
0.978703
0.111136
0.99559
0.993765
0.650106
0.944389
0.983718
0.279732
0.424384
0.997061
0.629446
0.990446
0.05521
0.99709
1.000085
0.629326
0.618747
0.675435
0.784239
0.831874
0.028247
0.999005
0.021447
0.96926
0.999566
0.999718
0.999939
0.668062
0.999869
0.757233
0.999923
0.999547
0.97608
0.997295
0.988525
0.922071
0.993459
0.385405
0.967316
0.816768
0.99401
0.296629
0.92773
0.984334
0.982269
0.806648
0.42615
0.919735
0.99103
0.06975
0.981025
0.523765
0.99683
0.987538
1.000059
0.180071
0.996255
0.999899
0.424862
0.793437
0.361973
0.985836
0.976302
0.960808
0.998341
0.983699
0.868594
0.722004
0.89697
0.992824
0.98705
0.999803
0.994018
0.910458
0.137001
0.999239
0.892451
0.997722
0.999458
0.010884
0.998329
0.851473
0.954911
0.21965
0.254958
0.850924
0.985127
0.650559
0.986948
0.305264
0.94253
0.943796
0.991336
0.311625
0.351527
0.995226
0.991446
0.851771
0.018851
0.911454
0.922457
0.963258
0.998513
0.636672
0.997854
0.122329
0.969866
0.00364
0.999797
0.986444
0.892637
0.985165
0.849778
0.993176
0.993141
0.969338
1.000017
0.984039
0.949795
0.890394
0.755659
0.998437
0.986033
0.951584
0.063747
0.877317
0.885928
0.747046
0.655251
0.999095
0.987092
0.036775
0.224648
0.998916
0.972205
0.99917
0.994009
0.955029
0.998051
0.965602
0.113415
0.798656
0.91683
0.253771
0.989834
0.044388
0.178815
0.998716
0.785106
0.965929
0.249734
0.972752
0.289322
0.987233
0.96883
0.969022
0.961791
0.972458
0.940917
0.945824
0.984821
0.984462
0.7328
0.643036
0.973532
0.992795
0.980176
0.860798
0.992376
0.057941
0.981638
0.895335
0.991248
0.016855
0.880919
0.646884
0.840406
0.585492
0.995448
0.546543
0.911074
0.99117
0.114378
0.976796
0.848186
0.512722
0.908688
0.486909
0.888764
0.99322
0.990254
0.996321
0.999613
0.995784
0.81038
0.992334
0.041727
0.999732
0.122896
0.33065
0.995527
0.997464
0.953876
0.999983
0.999854
0.844355
0.544042
0.801519
0.986821
0.866275
0.99755
0.951452
0.960336
0.412311
0.263173
0.995709
0.997446
0.976077
0.950881
0.979951
0.830035
0.152605
0.712147
0.797279
0.930837
0.103398
0.995584
0.969852
0.966197
0.739186
0.999026
0.998148
0.999725
0.999994
0.98973
0.935668
0.96356
0.99752
0.940871
0.999737
0.454535
0.876426
1.000032
0.993322
0.9205
0.014135
0.152605
0.758079
0.984525
0.243264
0.480785
0.998384
0.480514
0.993074
0.691325
0.998783
0.974278
0.974117
0.078796
0.035685
0.782998
0.978129
0.993426
0.969126
0.663013
0.997104
0.978006
0.82929
0.977197
0.018306
0.079847
0.998211
0.876469
0.986189
0.576212
0.357604
0.983873
0.833999
0.927858
0.999414
0.971524
0.891913
0.999825
0.064872
0.978572
1.000003
0.988771
0.973695
0.543639
0.639321
0.999998
0.994223
0.999139
0.591305
0.996701
0.998725
0.951702
0.927532
0.019706
0.125741
0.524717
0.358701
0.995418
0.973046
0.87283
0.988011
0.855273
0.999926
0.952931
0.993967
0.220406
0.995164
0.983449
0.99562
0.049394
0.767167
0.997759
0.075385
0.926329
0.378046
0.073348
0.142586
1.00007
0.951963
0.997717
0.994021
0.229343
0.858127
0.229026
0.986933
0.995865
0.999921
0.998919
0.943031
0.998099
0.20793
0.981895
0.996968
0.997382
0.767267
0.927897
0.969765
0.941919
0.601383
0.895063
0.875077
0.851584
0.99968
0.99878
0.995978
0.998462
0.785155
0.982894
0.240612
0.743453
0.806968
0.87812
0.997208
0.606407
0.770213
0.902885
0.998333
0.492115
0.016271
0.997307
0.855598
0.999916
0.960435
0.875253
0.987093
0.962717
0.97793
0.999848
0.551364
0.86876
0.953949
0.967478
0.772194
0.12133
0.998391
0.912102
0.996346
0.997683
0.986061
0.865206
0.999863
0.896093
0.993697
0.87422
0.989004
0.997782
0.44155
0.185148
0.985996
0.960639
0.301921
0.254229
0.990547
0.900867
0.79577
0.99731
0.252036
0.988803
0.969108
0.123941
0.969591
0.993188
0.71535
0.535168
0.998837
0.990397
0.99681
0.980215
0.904016
0.96614
0.956868
0.999679
0.9488
0.269544
0.963701
0.262222
0.975819
0.999904
0.993094
0.979325
0.993391
0.949297
0.217728
0.693037
0.999853
0.831873
0.98404
0.757706
0.326766
0.102116
0.177811
0.998674
0.994583
0.999027
0.502685
0.251239
0.106165
0.990029
0.115052
0.229272
0.949641
0.225338
0.912606
0.987636
0.996308
0.78412
0.567609
0.954255
0.99304
0.70836
0.911376
0.984371
0.056141
0.982124
0.992248
0.291925
0.958039
0.406656
0.998861
0.951056
0.466442
0.957283
0.995077
0.982475
0.973863
1.000069
0.986564
0.992858
0.51409
0.954297
0.244184
0.963413
0.996686
0.076592
0.956507
0.991179
0.641397
0.999625
0.999887
0.687281
0.225357
0.988141
0.70066
0.998251
0.315134
0.997842
0.805122
0.992549
0.732281
0.355122
0.934006
0.101601
0.982371
0.9993
0.997855
0.680551
0.988522
0.982309
0.996222
0.977434
0.405016
0.989005
0.918332
0.888576
0.51633
0.996516
0.93884
0.998599
0.98687
0.985537
0.98585
0.999611
0.779711
0.9855
0.999274
0.462281
0.618916
0.722466
0.969216
0.988246
0.853087
0.979268
0.52747
0.903456
0.516075
0.98628
0.98817
0.902651
0.831762
0.9911
0.325193
0.996445
0.97961
0.998114
0.286795
0.994587
0.019121
1.000033
0.715784
0.91236
0.996337
0.859894
0.988634
0.985096
0.95967
0.217826
0.821287
0.737243
0.995347
0.355021
0.592119
0.954036
0.723963
0.853904
0.989915
0.56577
0.988442
0.969416
0.88824
0.991364
0.671144
0.959748
0.991421
0.983763
0.990176
0.77563
0.886682
0.947589
0.937124
0.937847
0.94922
0.857572
0.449166
0.997435
0.97788
0.752657
0.999667
0.619958
0.963602
0.963694
0.946336
0.973037
0.90456
0.977502
0.993506
0.795999
0.975157
0.796364
0.853168
0.999017
0.950185
0.022503
0.010357
0.960914
0.908298
0.994953
0.7478
0.933411
0.979641
0.96246
0.989449
0.9695
0.211552
0.999821
0.311618
0.973617
0.959181
0.956581
0.719809
0.532686
0.993754
0.986611
0.998439
0.979439
0.997426
0.964584
0.991685
0.995797
0.985355
0.982085
0.766678
0.999438
0.993363
1.000047
0.988944
0.999004
0.528419
0.992528
0.850216
0.997192
0.854343
0.992843
0.940173
0.938899
0.999364
0.432563
0.954744
0.617406
0.99167
0.550881
0.990973
0.985225
0.985732
0.996178
0.991361
0.998032
0.999225
0.971612
0.999915
0.979514
0.848123
0.784061
0.605078
0.999805
0.025279
0.921953
0.999807
0.918665
0.907944
0.992983
0.996873
0.984795
0.010271
0.6865
0.795911
0.905266
0.960764
0.999872
0.976829
0.774546
0.959485
0.969974
0.967818
0.985387
0.964475
0.997439
0.968012
0.568858
0.998679
0.903024
0.854538
0.994135
0.994536
0.999437
0.994688
0.898254
0.910916
0.945723
0.031121
0.83978
0.999099
0.994408
0.829628
0.994366
0.664214
0.29655
0.952228
0.972626
0.998644
0.944975
0.22097
0.015338
0.987925
0.354032
0.991947
0.333595
0.999378
0.989387
0.280345
0.944723
0.855205
0.997998
0.999901
0.782965
0.980022
0.97715
0.995026
0.342778
0.973015
0.91349
0.318041
0.88651
0.953136
0.945059
0.531274
0.985192
0.978213
0.954744
0.597327
0.933373
0.984418
0.855394
0.998531
0.830684
0.998375
0.994742
0.980099
0.993142
0.996992
0.950057
0.180231
0.998886
0.17802
0.49044
0.989944
0.427073
0.999903
0.209006
0.951511
0.790888
0.990588
0.936977
0.366562
0.951487
0.939008
0.99707
0.911576
0.916749
0.73447
0.420632
0.991806
0.862139
0.998485
0.387132
0.639538
0.998908
0.976199
0.662446
0.992021
0.993344
0.959671
0.968488
0.999329
0.99634
0.999727
0.288541
0.994843
0.998674
0.882883
0.492125
0.90533
0.964083
0.740544
0.975835
0.983227
0.849775
0.503671
0.999189
0.988963
0.764491
0.990455
0.944858
0.988376
0.999737
0.938831
0.997186
0.993511
0.984402
0.8395
0.99962
0.379351
0.999526
0.175839
0.42609
0.98428
0.999918
0.982681
0.992184
0.620727
0.897957
0.929808
0.348569
0.998235
0.972463
0.98855
0.94002
0.978564
0.991684
0.999133
0.901551
0.998399
0.992192
0.991781
0.999417
0.007115
0.997928
0.99893
0.971215
0.908593
0.991592
0.994031
0.965831
0.284192
0.973905
0.986849
0.952266
0.993816
0.969078
0.996575
0.934949
0.820592
0.997727
0.909089
0.996263
0.881389
0.720253
0.851759
0.98745
0.986682
0.957855
0.970624
0.478586
0.995023
0.909299
0.98525
0.998174
0.934261
0.587849
0.997801
0.999268
0.987418
0.961517
0.020659
0.860932
0.971657
0.999398
0.98951
0.153381
0.997692
0.99946
0.991376
0.973091
0.411127
0.981295
0.933007
0.64739
0.988795
0.980546
0.62103
0.999859
0.941127
0.986806
0.999634
0.467057
0.59436
0.958302
0.015252
0.654434
0.94808
0.017154
0.872025
0.463296
0.007089
0.993204
0.99998
0.986173
0.98568
0.997718
0.998587
0.889574
0.981232
0.979731
0.267084
0.965175
0.470395
0.262169
0.999803
0.978947
0.037472
0.935527
0.999512
0.840809
0.667678
0.991325
0.97604
0.991952
0.84214
0.98229
0.82282
0.980629
0.852279
0.437667
0.975269
0.279869
0.98312
0.797882
0.98651
0.984971
0.945762
0.539008
0.998211
0.975118
0.861886
0.995484
0.999009
0.82206
0.890313
0.627508
0.747576
0.627397
0.997343
0.139429
0.357962
0.995597
0.506576
0.718485
0.254034
0.934069
0.999299
0.859192
0.836784
0.998075
0.114906
0.998375
0.926482
0.031065
0.997001
0.999248
0.695604
0.999483
0.898111
0.954532
0.973819
0.999477
0.9999
0.989727
0.171367
0.087708
0.375343
0.969557
0.995745
0.045306
0.545781
0.587949
0.928451
0.747144
0.605615
0.821278
0.999733
0.999566
0.922538
0.966661
0.099457
0.999275
0.090913
0.242554
0.613973
0.594978
0.885009
0.992025
0.011793
0.927688
0.928228
0.999767
0.721321
0.971196
0.933754
0.674368
0.993252
0.982014
0.983128
0.996146
0.355329
0.934919
0.884659
0.983637
0.999038
0.206635
0.991649
0.671362
0.024483
0.987614
0.092869
0.99134
0.448922
0.79364
0.37772
0.829056
0.988818
0.417976
0.01185
0.931981
0.513746
0.998501
0.998745
0.882216
0.982966
0.96397
0.924982
0.978372
0.995764
0.812333
0.968729
0.356414
0.996453
0.994179
0.009069
0.822409
0.972881
0.988599
0.999903
0.996892
0.578295
0.393042
0.878588
0.997769
0.969455
0.998107
0.999361
0.881782
0.975762
0.967824
0.597302
0.998287
0.752703
0.986648
0.999595
0.977759
0.99874
0.641538
0.67096
0.998985
0.769603
0.98525
0.988766
0.999378
0.767573
0.838153
0.994797
0.965653
0.982049
0.965526
0.655432
0.994051
0.998782
0.895459
0.104629
0.885573
0.04477
0.234455
0.979252
0.999366
0.99263
0.886963
0.999551
1.000005
0.82634
0.854367
0.997984
0.941428
0.813348
0.918255
0.999714
0.99282
0.866373
0.959815
0.998662
0.809372
0.486614
0.687923
0.814457
0.854524
0.999553
0.999869
0.9614
0.999081
0.884773
0.933244
0.999567
0.976527
0.948902
0.984518
0.695028
0.113716
0.998488
0.881078
0.814439
0.994566
0.9821
0.637458
0.9949
0.870531
0.154715
0.995692
0.87485
0.940386
0.994526
0.955168
0.819277
0.973738
0.092539
0.988249
0.797705
0.334195
0.012365
0.988997
0.229177
0.9718
0.995602
0.165286
0.998898
0.805682
0.720472
0.320326
0.982922
0.964524
0.859113
0.413699
0.970391
0.132846
0.103066
0.933532
0.961423
0.998507
0.981826
0.936932
0.999517
0.91041
0.987343
0.983621
0.876826
0.997059
0.689693
0.902644
0.999257
0.92327
0.997196
0.995708
0.997446
0.9621
0.885542
0.999764
0.994946
0.997355
0.999878
0.450669
0.432274
0.984702
0.998458
0.991504
0.864663
0.9338
0.925103
0.954767
0.274069
0.99972
0.999984
0.987722
0.650777
0.982678
0.775913
0.988168
0.999234
0.123433
0.869819
0.9926
0.998164
0.994556
0.255698
0.982693
0.870252
1.000011
0.953265
0.969146
0.973321
0.85847
0.795123
0.267213
0.99873
0.283872
0.041673
0.999734
0.977357
0.979637
0.911907
0.984146
0.993752
0.296493
0.862257
0.996465
0.363084
0.347511
0.504171
0.991136
0.713043
0.860468
0.998784
0.963972
0.999586
0.676233
0.978256
0.961134
0.17546
0.995513
0.996552
0.970544
0.923715
0.977116
0.103525
0.919697
0.956276
0.876437
0.995423
0.484071
0.972881
0.952636
0.994403
0.999005
0.994853
0.998567
0.932954
0.998113
0.880862
0.986209
0.999738
0.810297
0.777795
0.998707
0.366571
0.977265
0.737526
0.962031
0.999371
0.9963
0.995131
0.972391
0.986494
0.812575
0.998032
0.997373
0.858253
0.998195
0.912682
0.994208
0.933059
1.00001
0.371629
0.254537
1.000042
1.000007
0.225154
0.990421
0.189751
0.991358
0.993074
0.929706
0.948745
0.866009
0.889394
0.94764
0.990179
0.888432
0.960948
0.993099
0.736108
0.985778
0.997407
0.998554
0.981418
0.996533
0.998836
0.999994
0.991093
0.990363
0.995336
0.245778
0.994035
0.994427
0.99663
0.564663
0.993514
0.567723
0.802492
0.999881
0.988919
0.986018
0.993762
0.811006
0.900848
0.007732
0.999125
0.999815
0.982959
0.671891
0.991175
0.920275
0.957995
0.999036
0.999439
0.999493
0.996264
0.990237
0.982656
0.999423
0.994312
0.974347
0.992765
0.992859
0.994154
0.9903
0.849872
0.970133
0.809965
0.999762
0.424416
0.755482
0.763938
0.904305
0.889809
0.824666
0.968498
0.991682
0.985968
0.658944
0.99772
0.985588
0.830262
0.970602
0.998877
0.831377
0.950453
0.989701
0.033948
0.111284
0.995291
0.990443
0.820561
0.987841
0.88633
0.997244
0.993349
0.970443
0.972996
0.627708
0.388395
0.915955
0.996601
0.390821
0.04344
0.374721
0.987502
0.912712
0.627682
0.995464
0.989003
0.858474
0.962198
0.45003
0.765268
0.215001
0.372067
0.693295
0.997915
0.99143
0.991369
1.000022
0.99855
0.491822
0.999714
0.99593
0.98035
0.953137
0.93614
0.997902
0.514051
0.953423
0.207726
0.686427
0.5453
0.997429
0.988392
0.982478
0.880674
0.978324
0.696188
0.999992
0.821876
0.651321
0.970372
0.998273
0.253146
0.969657
0.997141
0.737833
0.253589
0.43073
0.977939
0.996141
0.983257
0.998513
0.936106
0.167824
0.468779
0.951423
0.751578
0.997224
0.930611
0.349772
0.965007
0.99848
0.975354
0.97116
0.97538
0.18478
0.998912
0.911325
0.147865
0.712271
0.201213
0.872432
0.999715
0.994462
0.273907
0.999358
0.261158
0.895329
0.932809
0.99634
0.987711
0.378662
0.952675
0.260269
0.972791
0.994597
0.993765
0.997006
0.748101
0.99813
0.999893
0.710259
0.999089
0.869311
0.999756
0.258667
0.050499
0.512519
0.999677
0.915333
0.217978
0.960497
0.999851
0.998999
0.966186
0.996564
0.999964
0.826907
0.444245
0.994004
0.54603
0.055872
0.999551
0.993071
0.014234
0.219544
0.536912
0.930822
0.994699
0.988666
0.998309
0.999827
0.919236
0.99665
0.668858
0.989903
0.842467
0.925255
0.996543
0.995722
0.942832
0.997963
0.98975
0.984849
0.98363
0.301915
0.032628
0.999596
0.998893
0.946216
0.981557
0.766954
0.980961
0.998271
0.632819
0.730572
0.93306
0.998817
0.514268
0.90569
0.985788
0.998667
0.237338
0.648161
0.931258
0.996161
0.970476
0.907252
0.926784
0.908647
0.853691
0.963995
0.998168
0.352771
0.997968
0.987858
0.97634
0.912967
0.953323
0.974225
0.904275
0.996459
0.99868
0.96786
0.191411
0.997884
0.847034
0.992509
0.998582
0.834626
0.498365
0.99614
0.99599
0.845214
0.176817
0.999029
0.864042
0.98509
0.93246
0.848356
0.864521
0.995535
0.56075
0.507679
1.000085
0.415771
0.751385
0.998725
0.999669
0.999825
0.91199
0.741977
0.456895
0.988765
0.999984
0.194715
0.999668
0.862455
0.984392
0.294352
0.978135
0.951198
0.985767
0.994204
0.760642
0.997404
0.89926
0.952291
0.921123
0.450441
0.998678
0.16637
0.974972
0.983149
0.984209
0.999174
0.993513
0.015216
0.972388
0.847785
0.054861
0.983164
0.613144
0.211991
0.943893
0.874304
0.938183
0.985719
0.731109
0.994359
0.954264
0.996213
0.962874
0.600255
0.995864
0.991247
0.967232
0.873675
0.99663
0.019862
0.92585
0.120068
0.544523
0.999362
0.674329
0.641949
0.695617
0.999253
0.993231
0.60596
0.720687
0.998554
0.999547
0.999849
0.990991
0.838761
0.893394
0.999526
0.009055
0.892427
0.999693
0.145929
0.666188
0.00813
0.388942
0.959275
0.865536
0.986452
0.981669
0.782079
0.998162
0.999977
0.91064
0.998973
0.967721
0.08697
0.735348
0.65442
0.904036
0.901165
0.920957
0.997127
0.996944
0.809247
0.999774
0.999853
0.904848
0.31477
0.611903
0.999575
0.980962
0.090259
0.997212
0.924553
0.937321
0.9972
0.997874
0.996063
0.979264
0.980942
0.995638
0.998716
0.061953
0.955947
0.842997
0.037341
0.901056
0.993936
0.325315
0.992265
0.952699
0.998237
0.094564
0.986808
0.993972
0.975801
0.994282
0.833846
0.99999
0.992488
0.974939
0.515705
0.920653
0.942276
0.973595
0.9891
0.907315
0.997571
0.822184
0.997466
0.979561
0.997071
0.931307
0.521259
0.893817
1.000071
0.978965
0.985326
0.97508
0.853665
0.988691
0.973142
0.131175
0.916248
0.993497
0.952511
0.878225
0.65117
0.414786
0.39914
0.918022
0.999779
0.49433
0.999301
0.869953
0.961503
0.940429
0.999668
0.982417
0.992223
0.81927
0.97328
0.77398
0.961479
0.995753
0.994637
0.980555
0.894329
0.991357
0.998014
0.029935
0.960754
0.900369
0.356783
0.919713
0.99953
0.833524
0.845884
0.99524
0.883592
0.945739
0.981353
0.989881
0.838475
0.999417
0.998249
0.997906
0.975293
0.97983
0.758329
0.34042
0.979683
0.998149
0.0939
0.993822
0.868552
0.9865
0.993532
0.6513
0.98971
0.999887
0.946171
0.700473
0.804134
0.973034
0.331404
0.953196
0.324264
0.91261
0.979916
0.972556
0.496773
0.922097
0.997918
0.92271
0.837326
0.946067
0.998574
0.98557
0.875188
0.622378
0.896814
0.938699
0.013284
0.998982
0.999181
0.992297
0.951524
0.180457
0.934242
0.90739
0.986828
0.995288
0.776756
0.956942
0.907266
0.775253
0.757457
0.874365
0.138364
0.057818
0.565302
0.727315
0.974421
0.124673
0.998664
0.923574
0.854986
0.686929
0.115916
0.999096
0.970769
0.070456
0.975947
0.988627
0.941278
0.993499
0.944754
0.148116
0.99987
1.000012
0.996384
0.997627
0.78057
0.396038
0.205829
0.984423
0.957228
0.756682
0.598324
0.013245
0.026746
0.940574
0.455659
0.999745
0.572068
0.999481
0.512057
0.8884
0.987367
0.972778
0.668563
0.999918
0.10919
0.59455
0.513775
0.710353
0.999229
0.923698
0.384472
0.994018
0.993645
0.910866
0.556608
0.990721
0.364288
0.863777
0.288033
0.511936
0.960371
0.922691
0.89418
0.965595
0.844339
0.997062
0.706464
0.999867
0.996338
0.139472
0.30047
0.691498
0.450441
0.893685
0.998837
0.22003
0.945591
0.995218
0.941418
0.981659
0.996062
0.997347
0.778795
0.07574
0.991321
0.597197
0.599937
0.954915
0.997695
0.752149
0.152599
0.993212
0.068047
0.980142
0.857463
0.738687
0.96824
0.989783
0.131642
0.592686
0.705351
0.87021
0.956855
0.951729
0.99951
0.889295
0.267486
0.923451
0.520953
0.597663
0.842976
0.897935
0.99996
0.999399
0.963006
0.924794
0.995769
0.680931
0.914673
0.197372
0.984382
0.325991
0.992814
0.919494
0.222462
0.996079
0.014371
0.695069
0.258327
0.039192
0.637547
0.998924
0.999475
0.999616
0.99022
0.995334
0.676616
0.998802
0.35011
0.992894
0.986342
0.97301
0.980349
0.928768
0.999803
0.999458
0.106942
0.994318
0.997311
0.979165
0.928592
0.74019
0.999845
0.991783
0.993901
0.990147
0.904103
0.372036
0.943606
0.683487
0.992964
0.991635
0.782354
0.103326
0.954385
0.760234
0.967907
0.996606
0.997389
0.997257
0.288621
0.446245
0.999329
0.993117
0.922821
0.272108
0.998956
0.961817
0.014019
0.988602
0.355566
0.987074
0.674077
0.999951
0.871952
0.283136
0.339888
0.898332
0.769087
0.990874
0.99772
0.855649
0.199856
0.99183
0.857425
0.991983
0.947639
0.962297
0.980194
0.999128
0.996644
0.992739
0.960586
0.891559
0.900108
0.992801
0.975543
0.208761
0.996368
0.972605
0.750956
0.113721
0.881713
0.962438
0.844275
0.665471
0.480809
0.67593
0.842701
0.49
0.025545
0.999956
0.998913
0.999414
0.762548
0.955728
0.997594
0.99913
0.795602
0.999272
0.985546
0.078517
0.992396
0.923456
0.745859
0.959083
0.999926
0.995961
0.155589
0.522519
0.997264
0.681301
0.818507
0.925217
0.999577
0.999768
1.000038
0.967597
0.798631
0.996641
0.791596
0.996739
0.645318
0.98442
0.686164
0.999924
0.99858
0.59802
0.99317
0.086755
0.589167
0.95962
0.977578
0.999487
0.997649
0.811073
0.224301
0.983177
0.690958
0.997161
0.941595
0.98061
0.984182
0.897399
0.128761
0.963611
0.999454
0.995043
0.833339
0.991554
0.702191
0.397024
0.374714
0.618873
0.998842
0.999894
0.999834
0.991515
0.084535
0.148789
0.375771
0.989754
0.317045
0.985848
0.97355
0.906127
0.917698
0.930206
0.932374
0.974642
0.998846
0.800502
0.999948
0.970024
0.808045
0.992771
0.773695
0.944487
0.986848
0.853536
0.888242
0.931263
0.915353
0.936873
0.611733
0.928961
0.957452
0.892604
0.688245
0.337052
0.97135
0.827868
0.64355
0.842778
0.837224
0.996059
0.999745
0.152378
0.602072
0.999265
0.911799
0.996456
0.693492
0.999685
0.998692
0.976977
0.987382
0.927875
0.646413
0.998376
0.975237
0.775418
0.811627
0.868873
0.984334
0.098494
0.999489
0.88715
0.997851
0.921045
0.116333
0.981075
0.953672
0.998203
0.52388
0.15362
0.99903
0.432129
0.967283
0.942607
0.839915
0.1204
0.00352
0.999395
0.674867
0.959951
0.998534
0.88207
0.991697
0.94282
0.692402
0.771387
0.980641
0.984467
0.945597
0.966974
0.950969
0.909166
0.807566
0.995182
0.998816
0.989034
0.024663
0.70665
0.035789
0.247662
0.89653
0.510839
0.966868
0.929902
0.612518
0.805944
0.976596
0.998094
0.999032
0.980209
0.996771
0.809297
0.096449
0.921454
0.973512
0.712295
0.105344
0.999866
0.880623
0.96524
0.997655
0.967282
0.116988
0.448212
0.919269
0.994993
0.987831
0.830499
0.991745
0.9867
0.068049
0.98808
0.63852
0.994374
0.358736
0.997621
0.998249
0.012215
0.933859
0.99973
0.480325
0.929124
0.955552
0.999101
0.015818
0.966094
0.973675
0.586334
0.993698
0.368551
0.998393
0.877429
0.91675
0.924642
0.965449
0.953887
0.982118
0.996404
0.911575
0.998922
0.005536
0.970613
0.893384
0.970684
0.982663
0.018459
0.951422
0.981862
0.992162
0.996495
0.942141
1.00002
0.686773
0.940874
0.999991
0.992139
0.999546
0.010295
0.716798
1.000085
0.997403
0.993851
0.998594
0.998641
0.99624
0.999795
0.999631
0.988476
0.994772
0.948085
0.849282
0.881752
0.849619
0.999198
0.231936
0.995401
0.990715
0.996146
0.601661
0.941889
0.996966
0.416233
0.810426
0.178725
0.983895
0.995984
0.972623
1.000007
0.015058
0.998638
0.971094
0.853098
0.893807
0.957197
0.867775
0.998428
0.327904
1.000041
0.987493
0.999796
0.923957
0.763615
0.991618
0.998946
0.994298
0.007454
0.999971
0.287545
0.963653
0.622177
0.789609
0.959276
0.011571
0.763727
0.98855
0.999668
0.720515
0.933199
0.999339
0.925952
0.812493
0.980216
0.986151
0.012397
0.961786
0.995392
0.986703
0.84173
0.998886
0.83143
0.871861
0.993693
0.968686
0.994514
0.429113
0.987389
0.998986
0.859211
0.958621
1.000004
0.993789
0.993695
0.999133
0.027088
0.949784
0.950394
0.998601
0.211815
0.989304
0.963119
0.823403
0.979858
0.683704
0.96485
0.288883
0.1755
0.398159
0.920533
0.79163
0.57842
0.99917
0.942278
0.025358
0.464419
0.904152
0.908847
0.999113
0.956461
0.889527
0.990898
0.629804
0.958857
0.705186
0.004164
0.991615
0.030541
0.992579
0.989648
0.999869
0.757247
0.99632
0.993255
0.945239
0.980272
0.228738
0.176197
0.192936
0.547197
0.667465
1.000008
0.986053
0.88237
0.984765
0.831923
0.175963
0.962396
0.919679
0.999539
0.967622
0.944148
0.997079
0.730682
0.959847
0.828507
0.893927
0.991296
0.607185
0.993121
0.721042
0.964247
0.33214
0.591247
0.831023
0.911056
0.661975
0.779483
0.999536
0.998367
0.904822
0.776963
0.987667
0.555191
0.999812
0.978702
1.00008
0.079086
0.109157
0.99963
0.81341
0.992608
0.998513
0.996555
0.336029
0.030509
0.999622
0.988749
0.827326
0.998414
0.985279
0.823165
0.999443
0.796718
0.984553
0.986723
0.467187
0.788396
0.036639
0.997661
0.999997
0.999871
0.994892
0.751587
0.30756
0.151748
0.754391
0.544828
0.905467
0.328717
0.01316
0.870495
0.960635
0.896798
0.976372
0.5256
0.948481
0.599966
0.987949
0.999972
0.996703
0.996329
0.447371
0.698283
0.94803
0.57004
0.982453
0.865883
0.828029
0.747975
0.96907
0.980007
0.511937
0.978005
0.732768
0.871713
0.948315
0.862188
0.908265
0.985794
1.000007
0.98231
0.999556
0.999905
0.937505
0.999569
0.847119
0.999057
0.849398
0.039902
0.012927
0.750008
0.947533
0.973101
0.970828
0.984642
0.039925
0.997632
0.920265
0.999801
0.982809
0.985718
0.976783
0.234715
0.999398
0.99939
0.98069
0.011676
0.838976
0.735557
0.549274
1.000091
0.310966
0.970088
0.984764
0.743182
0.974027
0.9264
0.998593
0.845699
0.99217
0.756284
0.995365
0.184763
0.999765
0.997924
0.928728
0.182978
0.962498
0.992965
0.999689
0.959684
0.944718
0.98923
0.998574
0.958758
0.067734
0.974426
1.000086
0.998499
0.990247
0.955033
0.993551
0.862888
0.475722
0.985766
0.96087
0.979253
0.657642
0.025249
0.980511
0.308362
0.999536
0.1551
0.971627
0.263957
0.673317
0.981887
0.984004
0.970627
0.017172
0.926392
0.904646
0.999731
0.995853
0.927053
0.997752
0.05622
0.139954
0.646083
0.939662
0.99446
0.942672
0.988426
0.991444
0.999828
0.941192
0.984644
0.974881
0.694394
0.944186
0.691598
0.851472
0.922279
0.999909
0.999879
0.997135
0.737731
0.037776
0.668714
0.84497
0.632263
0.387161
0.404239
0.898754
0.921437
0.980911
0.945682
0.076176
0.927
0.966556
0.988752
0.999232
0.999739
0.998847
0.973394
0.294348
0.999004
0.919948
0.91344
0.961804
0.66943
0.995938
0.047383
0.980418
0.878729
0.933984
0.883886
1.000006
0.425124
0.984795
0.948702
0.484946
0.996005
0.892239
0.007462
0.952097
0.973461
0.177612
0.093589
0.999813
0.970986
0.458041
0.999277
0.695274
0.65924
0.913057
0.967146
0.151242
0.78885
0.999232
0.126275
0.758005
0.293074
0.963679
0.988152
0.845362
0.864396
0.016345
0.569903
0.982184
0.965478
0.949413
0.487011
0.998316
0.502251
0.971188
0.849708
0.987756
0.042308
0.899105
0.39681
0.090571
0.999967
0.993427
0.976303
0.999785
0.978636
0.768096
0.707644
0.996154
0.99325
0.998329
0.841037
0.982772
0.010642
0.999339
0.999552
0.99464
0.992939
0.990213
0.974452
0.972979
0.997065
0.919778
0.96244
0.831211
0.901728
0.11741
0.694301
0.992366
0.819745
0.938263
0.210033
0.999874
0.999615
0.631603
0.788985
0.999927
0.988228
0.999359
0.991106
0.99276
0.997722
0.979946
0.988415
0.8256
0.987417
0.824026
0.998196
0.982466
0.998717
0.915393
0.185829
0.865357
0.982059
0.987496
0.962021
0.052439
0.454558
0.998689
0.999371
0.999654
0.995698
0.989316
0.994586
0.254763
0.790023
0.949439
0.977266
0.186766
0.995681
0.302238
0.998353
0.992805
0.965675
0.881478
0.991105
0.983533
0.745019
0.984627
0.957657
0.024164
0.35459
0.998224
0.887495
0.09981
0.999252
0.999802
0.999528
0.996632
0.935774
0.93727
0.997265
0.998884
0.968945
0.311251
0.780498
0.975549
0.905785
0.975281
0.905136
0.969369
0.594541
0.64781
0.954609
0.999885
0.127127
0.799103
0.933195
0.970232
0.997532
0.036391
0.995141
0.997995
0.989318
0.843346
0.999158
0.999719
0.99095
0.998555
0.911693
0.998179
0.860313
0.180398
0.744641
0.904764
0.895401
0.95451
0.631464
0.532679
0.559276
0.998394
0.997875
0.736859
0.919114
0.834432
0.269662
0.997363
0.999659
0.972565
0.845504
0.998304
0.965251
1.000046
0.979883
0.998574
0.489063
0.998142
0.998773
0.993865
0.963188
0.693721
0.841931
0.944433
0.273773
0.999865
0.823379
0.343617
0.991498
0.08692
0.99583
0.777853
0.9484
0.999582
0.787427
0.997882
0.995531
0.054461
0.99949
0.894859
0.357196
0.916827
0.818015
0.091569
0.995831
0.999631
0.95811
0.980164
0.731789
0.953552
0.968815
0.676693
0.983135
0.976343
0.972536
0.545677
0.849773
0.55252
0.982257
0.577852
0.999163
0.990717
0.989613
0.994829
0.956654
0.051317
0.999123
0.982056
0.018037
0.888116
0.974188
0.944461
0.979925
0.764857
0.999175
0.54523
0.556082
0.7051
0.995971
1.000081
0.057188
0.763909
0.986502
0.692426
0.641272
0.573213
0.999885
0.981791
0.123875
0.38079
0.674158
0.640846
0.746749
0.995549
0.011814
0.997254
0.901142
0.806267
0.89883
0.051529
0.997801
0.989749
0.994776
0.999773
0.965649
0.994089
1.000055
0.933681
0.999822
0.46229
0.936258
0.999858
0.999785
0.69439
0.96409
0.994417
0.999875
0.989361
0.999592
0.999781
0.96962
0.034106
0.764174
0.921331
0.831603
0.286173
0.997998
0.701859
0.959941
0.886244
0.996875
0.98591
0.005633
0.850931
0.988126
0.997057
0.964571
0.982968
0.99969
0.875346
0.332299
0.709228
0.999356
0.630634
0.950392
0.882304
0.97707
0.997104
0.801758
0.998835
0.972944
0.999859
0.105204
0.905869
0.982063
0.994024
0.395976
0.999778
0.999858
0.98296
0.9691
0.630518
0.89119
0.966056
0.930642
0.99961
0.999831
0.927782
0.998226
0.996487
0.953574
0.958942
0.72711
0.996757
0.779153
0.63737
0.200796
0.964631
0.999633
0.773842
0.999829
0.972075
0.992477
0.998357
0.96072
0.997571
0.98541
0.480695
0.996938
0.756902
0.016765
0.954184
0.994994
0.598987
0.953406
0.769333
0.116601
0.985438
0.942087
0.910569
0.211246
0.998244
0.904358
0.099756
0.932671
0.980238
0.994185
0.68661
0.20552
0.95696
0.951534
0.753095
0.536034
0.462121
0.321141
0.988426
0.782993
0.782266
0.955542
0.99178
0.966189
0.592434
0.763799
0.755351
0.99866
0.744303
0.675487
0.968925
0.992213
0.999663
0.463484
0.975042
0.988516
0.996062
0.998312
0.747447
0.997142
0.996047
0.996825
0.944862
0.051817
0.967631
0.311931
0.797524
0.979819
0.99873
0.829738
0.999682
0.837432
0.994257
0.947708
0.505681
0.240189
0.919491
0.999807
0.969703
0.26618
0.985908
0.984225
0.990788
0.999318
0.990618
0.408152
0.999231
0.200216
0.995654
0.572051
0.241771
0.25281
0.193415
0.997877
0.32137
0.649999
0.999835
0.999955
0.947482
0.858372
0.998899
0.96603
0.979238
0.763407
0.998137
0.999945
0.899742
0.952902
0.112438
0.915897
0.80044
0.250755
0.748208
0.513325
0.977674
0.007966
0.992488
0.971135
0.940168
0.992481
0.266827
0.995469
0.962844
0.945786
0.756233
0.987102
0.952257
0.888179
0.135496
0.955246
0.969608
0.499164
0.993224
0.915342
0.98174
0.013299
0.994225
0.281671
0.503968
0.998247
0.973676
0.976243
0.93522
0.979464
0.499557
0.975195
0.888639
0.982924
0.997278
0.988715
0.710245
0.979222
0.999377
0.995577
0.9983
0.995297
0.964463
0.212978
0.998232
0.829332
0.997253
0.707281
0.952801
0.689507
0.998917
0.14403
0.955914
0.976668
0.745156
0.881282
0.99958
0.39576
0.997491
0.990768
0.707578
1.000039
0.99953
0.938024
0.228321
0.991937
0.60345
0.714675
0.991436
0.895587
0.999951
0.990058
0.564648
0.964563
0.999924
0.980988
0.987963
0.13933
0.947562
0.741888
0.921821
0.895198
0.917479
0.906102
0.998918
0.181688
0.821776
0.977276
0.999973
0.996269
0.796073
0.453032
0.999779
0.999689
0.7285
0.638761
0.954887
0.995404
0.992255
0.964229
0.918495
0.97312
0.552179
0.215208
0.999351
0.554534
0.910002
0.976491
0.969351
0.604553
0.962891
0.328452
0.972854
0.999358
0.99985
0.997883
0.667351
0.970396
0.999304
0.414
0.992945
0.062734
0.983599
0.972374
0.999641
0.191642
0.595171
0.966208
0.397305
0.072919
0.996577
0.972609
0.648848
0.067908
0.956214
0.998752
0.993163
0.986366
0.471055
0.98532
0.969843
0.929956
0.974441
0.59404
0.323414
0.602882
0.702111
0.447882
0.887272
0.757272
0.967433
0.995574
0.893953
0.994599
0.995339
0.664529
0.99488
0.999832
0.996236
0.775396
0.999682
0.857539
0.328593
0.972507
0.999842
0.853981
0.349778
0.005968
0.988215
0.953873
0.999411
0.949165
0.892358
0.997364
0.911359
0.991023
0.122963
0.307867
0.963951
0.97092
0.961185
0.994503
0.974914
0.689698
0.974905
0.729464
0.993809
0.688108
0.301493
0.86736
0.689214
0.638789
0.931318
0.924487
0.4129
0.99371
0.995769
0.921239
0.563759
0.998922
0.888351
0.951368
0.926945
0.539568
0.78856
0.982286
0.982796
0.14171
0.992429
0.964292
0.994508
0.023169
0.999898
0.893854
0.120273
0.910471
0.572947
0.566972
0.991616
0.999952
0.980292
0.864655
0.989437
0.795315
0.999421
0.977788
0.618589
0.995803
0.993761
0.910311
0.9993
0.948695
0.537106
0.985986
0.997327
0.869758
0.442885
0.983691
0.927221
0.965871
0.911975
0.998864
0.923127
0.322132
0.99983
0.686729
0.762858
0.939025
0.991683
0.999955
0.007953
0.999063
0.978474
0.987391
0.837239
0.926516
0.993474
0.576435
0.791056
0.988309
0.999933
0.736404
0.928305
0.983934
0.963488
0.998585
0.555882
0.338111
0.636788
0.768785
0.270393
0.993476
0.154602
0.15592
0.99941
0.942027
0.992172
0.760497
0.965464
0.963513
0.994421
0.868912
0.692037
0.615694
0.831648
0.971278
0.777921
0.945574
0.996632
0.417287
0.938429
0.990477
0.743503
0.21683
0.859679
0.955058
1.000027
0.999877
0.937168
0.996087
0.82643
0.906619
0.996413
0.999433
0.428096
0.202009
0.9505
0.985009
0.997199
0.425264
0.924068
0.432231
0.989763
0.98855
0.615285
0.793639
0.996535
0.994591
0.940869
0.981726
0.987144
0.998644
0.738148
0.961652
0.683551
0.916354
0.998003
0.150688
0.99998
0.997194
0.939685
0.991613
0.991947
0.966282
0.950849
0.997262
0.404685
0.851311
0.499498
0.999699
0.692982
0.992524
0.980019
0.876603
0.996669
0.689323
0.999873
0.99299
0.996391
0.92462
0.99998
0.983688
0.832846
0.976283
0.891531
0.999238
0.889013
0.943083
0.914337
0.998666
0.986906
0.976982
0.900697
0.995172
0.997409
0.968054
1.000045
0.996281
0.997149
0.780927
0.906017
0.979211
0.810723
0.013266
0.905081
0.885362
0.792352
0.999754
0.995504
0.993276
0.992584
0.802914
0.995792
0.984542
0.902873
0.961969
0.563903
0.998896
0.780898
0.982931
0.803446
0.999341
0.056193
0.039535
0.834211
0.998833
0.160588
0.99969
0.305547
0.990666
0.054498
0.988458
0.994607
0.269413
0.106152
0.960025
0.477848
0.428694
0.992264
0.26314
0.997472
0.998927
0.991304
0.630383
0.995759
0.970552
0.991296
0.20026
0.424091
0.874373
0.929668
0.562873
0.368695
0.998174
0.979392
0.157194
0.137739
0.99493
0.994207
0.998127
0.996349
0.245959
0.899889
0.946797
0.908804
0.806026
0.990718
0.999336
0.899569
0.77528
0.958186
0.292058
0.986739
0.9941
0.99688
0.858655
0.126179
0.999452
0.726592
0.996186
0.8306
0.982679
0.994457
0.963098
0.907179
0.997642
0.997292
0.767121
0.422457
0.981661
0.984576
0.835822
0.843471
0.998985
0.979111
0.944071
0.026232
0.603342
0.993177
0.970886
0.966401
0.984499
0.875479
0.962117
0.986225
0.999529
0.721315
0.740772
0.778203
0.982537
0.925846
0.998746
0.815823
0.998997
0.345327
0.671397
0.955921
0.999801
0.946489
0.97605
0.989591
0.99678
0.847291
0.999997
0.991297
0.999677
0.013288
0.987697
0.975345
0.995146
0.999825
0.999611
0.925642
0.387827
0.987884
0.995767
0.981626
0.827872
0.985865
0.993084
0.990875
0.314743
0.343421
0.999738
0.969441
0.999817
0.999867
0.456905
0.966337
0.999674
0.928926
0.783954
0.26191
0.990803
0.761895
0.778697
0.106579
0.998401
0.979293
0.998159
0.626145
0.978875
0.999355
0.504353
0.097571
0.98365
0.393445
0.960741
0.992948
0.621421
0.474128
0.924779
0.9877
0.991368
0.986579
0.990275
0.991145
0.373868
0.251178
0.874794
0.829739
0.724379
0.770806
0.997238
0.858826
0.655565
0.975043
0.961112
0.981417
0.997997
0.692878
0.998893
0.013926
0.453794
0.968775
0.968812
0.959568
0.692835
0.980449
0.957362
0.981399
0.980818
0.709076
0.998482
0.525257
0.629929
0.997668
0.854498
0.91292
0.999913
0.999273
0.997206
0.967861
0.99043
0.998166
0.998621
0.678329
0.793802
0.804964
0.02333
0.95032
0.962668
0.053258
0.972494
0.998575
0.97771
0.984303
0.485412
0.999368
0.391562
0.807799
0.888334
0.991914
0.628714
0.581341
0.349657
0.881347
0.407248
1.000082
0.987753
0.915234
0.801222
0.948148
0.983384
0.271328
0.087794
0.987032
0.999892
0.537215
0.956944
0.395536
0.235659
0.471262
0.66026
0.653715
0.892496
0.967631
0.997576
0.972552
0.99948
0.97864
0.452711
0.909581
0.112774
0.939139
0.998338
0.998513
0.945282
0.997919
0.989105
0.509123
0.992541
0.99956
0.853893
0.998279
0.140588
0.993485
0.99606
0.953465
0.998571
0.883223
0.90397
0.932675
0.998459
0.929808
0.998002
0.376621
0.908769
0.728286
0.212805
0.999642
0.95304
0.704361
0.106895
0.829555
0.999023
0.234025
0.982492
0.913894
0.693208
0.80358
0.997731
0.994893
0.477734
0.94226
0.94559
1.00001
0.937676
0.997194
0.93497
0.30665
0.853699
0.980648
0.998843
0.983868
0.014299
0.988311
0.857298
0.968914
0.999227
0.59401
0.893056
0.999209
0.104564
0.997323
0.991653
0.967018
0.993024
0.867236
0.22178
0.942298
0.798062
0.147896
0.262432
0.993786
0.998974
0.591272
0.984589
0.01593
0.414427
0.980843
0.999487
0.918858
0.375138
0.96779
0.998007
0.998597
0.512105
0.979284
0.465157
0.986424
0.955974
0.748786
0.999705
0.999891
0.680915
0.644344
0.804067
0.538092
0.128405
0.99991
0.844002
0.915547
0.953713
0.952481
0.933296
0.99996
0.992144
0.917763
0.323424
0.378057
0.063439
