0.97341
0.990836
0.992946
0.866982
0.999017
0.960641
0.783642
0.995019
0.03473
0.956263
0.994098
0.510659
0.999108
0.976016
0.999245
0.974217
0.997941
0.989474
0.251575
0.835708
0.998398
0.958199
0.99941
0.824907
0.917316
0.99665
0.999518
0.017095
0.984463
0.787828
0.997698
0.997266
0.638752
0.997706
0.939234
0.998703
0.995127
0.983566
0.985548
0.976547
0.949154
0.981287
0.995753
0.98181
0.975248
0.997271
0.241539
0.998896
0.987332
0.999571
0.957181
0.999555
0.986168
0.997488
0.498365
0.994693
0.8794
0.998798
0.295013
0.999935
0.995569
0.890193
0.927096
0.926551
0.998951
0.66431
0.996008
0.979256
0.989892
0.797173
0.999608
0.932085
0.934335
0.461801
0.985165
0.983013
0.995558
0.991506
0.997513
0.931613
0.892324
0.998606
0.997257
0.892314
0.357594
0.999609
0.999773
0.999715
0.892741
0.985626
0.681666
0.928215
0.889667
0.932076
0.980238
0.995071
0.805011
0.992075
0.99041
0.974657
0.902519
0.998516
0.990061
0.969618
0.993314
0.781766
0.529478
0.975209
0.900963
0.974445
0.999424
0.996805
0.992039
0.992298
0.998804
0.974965
0.980055
0.999208
0.899779
0.940489
0.909769
0.999342
0.154498
0.999076
0.357803
0.933787
0.99482
0.999427
0.944236
0.999554
0.881491
0.996682
0.999747
0.79971
0.998193
0.996999
0.998916
0.999551
0.965051
0.876537
0.984014
0.999866
0.994336
0.922951
0.999654
0.961937
0.994387
0.897232
0.2946
0.987799
0.980776
0.698951
0.50096
0.960945
0.99991
0.998021
0.810538
0.991238
0.941522
0.481477
0.991777
0.994109
0.999668
0.999926
0.987901
0.99598
0.948661
0.99735
0.99945
0.977567
0.989666
0.999719
0.990927
0.98606
0.982899
0.942736
0.992966
0.872891
0.997828
0.998459
0.999307
0.999337
0.223642
1.000044
0.990314
0.9991
0.835834
0.905528
0.999554
0.999324
0.825172
0.568975
0.617868
0.994818
0.998109
0.998858
0.996623
0.970615
0.944869
0.999605
0.970439
0.949914
0.943946
0.849612
0.983908
0.999921
0.908894
0.150103
0.118207
0.999826
0.95306
0.992077
0.998119
0.781453
0.995862
0.966686
0.758235
0.95999
0.812817
0.987787
0.991288
0.99518
0.994077
0.999763
0.996273
0.998617
0.999837
0.952668
0.4088
0.984757
0.992541
0.997676
0.994066
0.961895
0.139014
0.979495
0.973068
0.809955
0.999096
0.980001
0.973687
0.783451
0.931183
0.996512
0.999791
0.999435
0.982708
0.375119
0.98663
0.90592
0.99951
0.914475
0.079571
0.952125
0.997712
0.971211
0.874513
0.985837
0.988108
0.996643
0.952804
0.997432
0.942658
0.997687
0.967269
0.973646
0.981706
0.971443
0.999393
0.999998
0.999181
0.436062
0.966392
0.9237
0.99431
0.997328
0.527268
0.872553
0.995341
0.876828
0.976305
0.993565
0.998965
0.380449
0.317133
0.986211
0.999739
0.920298
0.288803
0.987083
0.979482
0.82373
0.96685
0.999865
0.998693
0.681671
0.793307
0.994416
0.999196
0.954915
0.949881
0.997315
0.982181
0.99981
0.999807
0.232333
0.980615
0.996968
0.997446
0.988044
0.997112
0.99982
0.977912
0.951178
0.895069
0.994805
0.984285
0.63067
0.914746
0.920426
0.99159
0.97657
0.994516
0.999818
0.999413
0.997356
0.997616
0.953536
0.996662
0.904282
0.997006
0.983954
0.882486
0.87521
0.969272
0.961136
0.311522
0.021271
0.99967
0.989844
0.999782
0.999951
0.996179
0.965449
0.987685
0.999685
0.846135
0.971785
0.900246
0.936865
0.914078
0.904592
0.994851
0.996172
0.937603
0.999453
0.996663
0.555394
0.343004
0.870994
0.993036
0.999434
0.760196
0.997401
0.998896
0.268845
0.998534
0.977865
0.665351
0.965017
0.997076
1.000024
0.998333
0.999433
0.995633
0.997334
0.935549
0.998102
0.999355
0.038321
0.999865
0.988256
0.998782
0.91458
0.998168
0.9953
0.989415
0.351073
0.437065
0.907173
0.989667
0.944093
0.688317
0.979202
0.93584
0.931909
0.999336
0.994526
0.852781
0.994863
0.999393
0.793011
0.999632
0.987981
0.844604
0.983136
0.999519
0.934017
0.982199
0.968232
0.987102
0.989433
0.921841
0.752475
0.999563
0.950694
0.999792
0.067411
0.951628
0.999868
0.998361
0.834909
0.488657
0.999173
0.998769
0.718898
0.76768
0.586383
0.9971
0.793145
0.969176
0.963179
0.716713
0.997196
0.973711
0.983006
0.98745
0.999638
0.983817
0.792551
0.996921
0.997484
0.994655
0.820089
0.288734
0.999618
0.942846
0.999254
0.680542
0.422484
0.999771
0.993822
0.992879
0.999503
0.999806
0.9992
0.933823
0.9982
0.998354
0.971724
0.971914
0.853654
0.991839
0.278385
0.999154
0.985782
0.999929
0.972146
0.913072
0.996693
0.734707
0.872875
0.15834
0.932716
0.999756
0.988357
0.857187
0.994808
0.985731
0.163862
0.985633
0.999019
0.333794
0.183286
0.899952
0.993614
0.998253
0.976103
0.527554
0.680525
0.999288
0.98419
0.995897
0.326281
0.978837
0.730113
0.656658
0.958569
0.708929
0.999546
0.875109
0.984852
0.926851
0.957223
0.99933
0.124501
0.999744
0.940097
0.765334
0.755786
0.812922
0.994927
0.993441
0.968862
0.993189
0.993856
0.999507
0.999954
0.933499
0.969621
0.873584
0.976232
0.996755
0.997388
0.872645
0.997036
0.327325
0.921244
0.995156
0.827525
0.999418
0.998044
0.998188
0.852091
0.940456
1.000025
0.989751
0.815281
0.99724
0.999041
0.928452
0.986041
0.989698
0.960926
0.999409
0.998624
0.999214
0.936698
0.995297
0.994005
0.968019
0.987118
0.999221
0.262154
0.993714
0.909502
0.992511
0.885822
0.885735
0.953004
0.985257
0.996569
0.999388
0.958043
0.998875
0.979508
0.995799
0.997592
0.998358
0.80469
0.991409
0.805032
0.784547
0.991774
0.994131
0.987398
0.791289
0.702973
0.997085
0.999433
0.982142
0.997021
0.996428
0.947408
0.999987
0.668726
0.89449
0.677027
0.807567
0.999839
0.915215
0.969667
0.997085
0.970847
0.175243
0.927745
0.985844
0.955117
0.999568
0.866983
0.998838
0.953599
0.994098
1.00001
0.75534
0.939157
0.98248
0.998427
0.973243
0.999769
0.962928
0.968516
0.99014
0.160593
0.979027
0.999697
0.837946
0.996898
0.967819
0.984919
0.999311
0.85553
0.998209
0.989685
0.991792
0.998399
0.987949
0.584847
0.977441
0.996914
0.994792
0.992939
0.999389
0.999176
0.998707
0.998986
0.992044
0.864814
0.606417
0.996512
0.989852
0.987981
0.963666
0.963141
0.999485
0.990461
0.777449
0.998074
0.949223
0.812389
0.989775
0.916459
0.839331
0.660844
0.999762
0.994574
0.998715
0.933792
0.974715
0.997495
0.99381
0.998655
0.95497
0.991724
0.995264
0.978887
0.997792
0.998497
0.961616
0.928777
0.600574
0.99393
0.288357
0.724054
0.934069
0.998663
0.356558
0.989282
0.995081
0.996965
0.97931
0.806723
0.620816
0.94356
0.994437
0.992006
0.962877
0.989875
0.714136
0.928353
0.920235
0.94692
0.982096
0.99999
0.992316
0.991006
0.997772
0.872709
0.755312
0.740356
0.940413
0.995618
0.931395
0.998685
0.97263
0.993991
0.992933
0.987471
0.904994
0.995027
0.935433
0.9929
0.999666
0.9992
0.997117
0.992557
0.984057
0.979739
0.995028
0.992193
0.977012
0.875722
0.871634
0.995955
0.802002
0.825485
0.987557
0.999902
0.813148
1.000078
0.999449
0.919413
0.992666
0.989779
0.866987
0.960183
0.9966
0.999707
0.997796
0.997664
0.954426
0.969325
0.976124
0.997848
1.000061
0.970955
0.973325
0.968791
0.999116
0.998502
0.90684
0.962353
0.998952
0.356275
0.873883
0.984144
0.9843
0.957151
0.98701
0.999897
0.735701
1.000035
0.996986
0.869746
0.457064
0.984131
0.966223
0.999054
0.883626
0.749657
0.973243
0.989505
0.999649
0.994835
0.999196
0.997098
0.984223
0.975727
0.996651
0.988935
0.995218
0.997315
0.99343
0.985636
0.999636
0.875309
0.999914
0.999854
0.978997
0.8675
0.986766
0.890845
0.999933
0.997112
0.998671
0.986877
0.991848
0.876698
0.999163
0.998454
0.981543
0.979786
0.938146
0.999999
0.990765
0.998749
0.960981
0.874254
0.888324
0.500049
0.455613
0.996797
0.997965
0.999857
0.998359
0.103674
0.999145
0.997588
0.592899
0.992848
0.969889
0.807354
0.960287
0.898388
0.723359
0.997272
0.999157
0.430557
0.547817
0.9994
0.999912
0.981139
0.989556
0.412789
0.974087
0.993382
0.740474
0.99972
0.987931
0.99926
0.958999
0.9008
0.866153
0.827693
0.929158
0.946075
0.904637
0.203124
0.960029
0.964111
0.938567
0.998499
0.991968
0.996221
0.990301
0.996068
0.530089
0.322155
0.805104
0.996842
0.566323
0.997197
0.997644
0.999085
0.99676
0.998545
0.998597
0.975163
0.994093
0.99852
0.987524
0.983254
0.998287
0.372138
0.997128
0.999158
0.941119
0.994608
0.911079
0.78807
0.384569
0.025701
0.999592
0.996267
0.995819
0.998869
0.999655
0.999671
0.987269
0.973114
0.9993
0.87925
0.974471
0.989013
0.944302
0.9987
0.993904
0.074868
0.803128
0.985109
0.876821
0.965068
0.999525
0.998567
0.960008
0.982381
0.992151
0.999498
0.970112
0.522012
0.927211
0.998779
0.996529
0.570019
0.931312
0.859063
0.994407
0.779956
0.949849
0.771033
0.841007
0.867042
0.919609
0.907472
0.97968
0.989999
0.998869
0.999034
0.471977
0.844237
0.999278
0.999266
0.988142
0.773273
0.965687
0.978683
0.742818
0.999475
0.549074
0.985927
0.994206
0.998001
0.999257
0.981249
1.000034
0.950161
0.999986
0.707083
0.90875
0.797637
0.999994
0.914286
0.949019
0.998419
0.991728
0.991736
0.980417
0.999168
0.998301
0.918799
0.999827
0.996855
0.997949
1.000035
0.998059
0.996889
0.9984
0.998493
0.038841
0.998066
0.650142
0.996534
0.862252
0.997328
0.51248
0.826549
0.150671
0.98082
0.977352
0.993419
0.981099
0.994551
0.999158
0.494871
0.999138
0.150811
0.305822
0.605883
0.987393
0.991718
0.968785
0.999731
0.660467
0.98368
0.999848
0.482518
0.93281
0.986809
0.988669
0.915579
1.000022
0.891269
0.999312
0.922991
0.999813
0.963692
0.996094
0.993768
0.999809
0.993396
0.999251
0.933597
0.989284
0.992622
0.994212
0.738103
0.983943
0.459264
0.025199
0.980482
0.839982
0.331373
0.999508
0.850139
0.99226
0.997307
0.947313
0.724586
0.904449
0.999273
0.999724
0.931451
0.99857
0.830885
0.999152
0.995534
0.739958
0.999666
0.980992
0.834472
0.934981
0.785005
0.999538
0.993884
0.926153
0.812317
0.90802
0.330195
0.999351
0.992754
0.99948
0.993169
0.98992
0.892143
0.921072
0.981738
0.985807
0.995774
0.972995
0.78498
0.997281
0.994443
0.97168
0.988069
0.991541
0.838608
0.998792
0.997664
0.956842
0.995786
0.871074
0.983881
0.073149
0.997434
0.970301
0.974944
0.996831
0.994738
0.747967
0.979466
0.833176
0.988209
0.994528
0.900876
0.994547
0.915022
0.991608
0.998921
0.999435
0.999509
0.991335
0.940273
0.995204
0.998873
0.994681
0.433787
0.999763
0.991096
0.98719
0.999637
0.998792
0.994324
0.996593
0.982098
0.974278
0.850923
0.999174
0.999003
0.978936
0.796977
1.00003
0.978171
0.968402
0.982743
0.999455
0.991499
0.999535
0.999996
0.69033
0.999914
0.992967
0.999534
0.982914
0.995423
0.496249
0.947037
0.970144
0.991409
0.997904
0.866679
0.99483
0.993932
0.9997
0.984526
0.990277
0.977803
0.952124
0.982169
0.999019
0.999576
0.992754
0.957846
0.999775
0.991769
0.981732
0.999802
0.998856
0.504426
0.989146
0.997634
0.974564
0.837365
0.506605
0.992865
0.999673
0.993951
0.993671
0.874341
0.990982
0.911424
0.999818
0.999192
0.985189
0.99954
0.99815
0.903009
0.932798
0.988952
0.969229
0.959348
0.988653
0.997114
0.988323
0.967998
0.880157
0.997332
0.739973
0.999838
0.998347
0.995906
0.99771
0.971019
0.979726
0.995407
0.971056
0.021321
0.894695
0.998645
0.998105
0.996782
0.191356
0.999383
0.439011
0.907968
0.817017
0.984357
0.454998
0.383097
0.996567
0.188756
0.871479
0.992902
0.574742
0.993394
0.973843
0.822086
0.984633
0.948476
0.790416
0.991725
0.96431
0.964105
0.964408
0.999421
0.99755
0.988759
0.940627
0.990283
0.732267
0.996449
0.602764
0.999897
0.999603
0.856771
0.146631
0.995879
0.997787
0.914952
0.843784
0.991999
0.91795
0.115197
1.000039
0.999692
0.946467
0.99933
0.990686
0.615198
0.998142
0.979424
0.994994
0.970072
0.99686
0.969582
0.98626
0.996459
0.998278
0.555526
0.613838
0.990259
0.999976
0.884281
0.965669
0.991796
0.932891
0.999438
0.998904
0.999039
0.880367
0.941313
0.990501
0.966349
0.916512
0.971031
0.992388
0.999438
0.992257
0.989839
0.988716
0.01985
0.993152
0.985483
0.980409
0.779722
0.987212
0.999917
0.950105
0.987217
0.26993
0.995876
0.494412
0.996559
0.999867
0.999982
0.998697
0.497837
0.994137
0.999065
0.999794
0.99944
0.984996
0.999694
0.998379
0.986013
0.997892
0.925946
0.999484
0.991395
0.956626
0.963122
0.99899
0.998579
0.935676
0.951386
0.996448
0.994302
0.999231
0.78945
0.967383
0.963742
0.997187
0.832871
0.997757
0.916381
0.99587
0.861885
0.999546
1.000022
0.994768
0.995454
0.999573
0.999828
0.695101
0.999124
0.998312
0.986659
0.998005
0.681611
0.967294
0.324076
0.974239
0.941117
0.999986
0.956759
0.218314
0.958843
0.997844
0.981942
0.835088
0.998679
0.999992
0.612773
0.974186
0.869872
0.99538
0.974896
0.998907
0.998102
0.997529
0.985882
0.999321
0.997226
0.641116
0.920116
0.999023
0.901613
0.610728
0.987643
0.939819
0.842465
0.946478
0.934611
0.991138
0.883838
0.980689
0.985388
0.995385
0.980536
0.997264
0.999776
0.998137
0.998067
0.985607
0.997413
0.862477
0.999518
0.855123
0.998301
0.870318
0.999146
0.997974
0.932098
0.943273
0.985076
0.992051
0.999136
0.99241
0.999765
0.996903
0.987554
0.993183
0.995392
0.994295
0.745678
0.95332
0.969874
0.989508
0.999694
0.992713
0.998827
0.959873
0.998925
0.925928
0.999383
0.991391
0.998754
0.989723
0.168776
0.998412
0.995818
0.809769
0.611769
0.987933
0.513573
0.982343
0.991861
0.988269
0.998793
0.994718
0.998784
0.989833
0.988615
0.997949
0.992756
0.997689
0.991635
0.96355
0.806097
0.909153
0.998202
0.995867
0.958253
0.996135
0.999491
0.959525
0.998839
0.981719
0.990893
0.997372
0.971368
0.999294
0.998609
0.961706
0.96028
0.998585
0.997884
0.623813
0.919894
0.776778
0.285116
0.017703
0.988704
0.99887
0.991294
0.996807
0.654629
0.218079
0.666965
0.970818
0.99845
0.143673
0.921793
0.994533
0.994027
0.993558
0.993678
0.980531
0.998552
0.697087
0.972526
1.000015
0.991814
0.968011
0.999801
0.831071
0.998555
0.993118
0.960749
0.819648
0.581996
0.985686
0.992245
0.999787
0.35404
0.846416
0.89366
0.888031
0.994878
0.99981
0.461393
0.99893
0.998178
0.857229
0.802711
0.999929
0.986387
0.980886
0.944068
0.978013
0.969025
0.981433
0.992207
0.991558
0.897649
0.996971
0.996162
0.999514
0.999914
0.99764
0.999819
0.99985
0.515871
0.987055
0.875848
0.255712
0.979411
0.981284
0.803642
0.997261
0.981145
0.998034
0.99969
0.998243
0.997439
0.997186
0.981484
0.996034
0.981123
0.992867
0.988651
0.958547
0.997452
0.993771
0.74515
0.997168
0.975759
0.973112
0.574052
0.582099
0.997712
0.917974
0.999896
0.993328
0.991669
0.88988
0.997052
0.989148
0.999955
0.998178
0.987363
0.992295
0.996766
0.637656
0.957005
0.908146
0.989095
0.996746
0.967054
0.992188
0.982705
0.904891
0.996312
0.998434
0.965753
0.980398
0.998669
0.990667
0.007822
0.997167
0.958649
0.98905
0.965085
0.793289
0.996928
0.888743
0.890279
0.877449
0.999669
0.98872
0.947342
0.991851
0.898391
0.998204
0.986922
1.000037
0.97333
0.26112
0.993495
0.992003
0.965924
0.654447
0.999784
0.999172
0.944667
0.678082
0.999113
0.998019
0.869056
0.999997
0.98325
0.999477
0.188891
0.994207
0.951091
0.031763
0.997764
0.983715
0.998812
0.917158
0.964699
0.999193
0.998862
0.997369
0.996917
0.997112
0.99498
0.999936
0.998546
0.994576
0.970988
0.999295
0.998505
0.957179
0.760593
0.997225
0.438817
0.94515
0.243449
0.996184
0.794912
0.862711
0.781079
0.99584
0.954339
0.574885
0.992541
0.991929
0.994471
0.999192
0.994524
0.975701
0.998594
0.991027
0.731556
0.944909
0.999338
0.879832
0.980698
0.93978
0.986415
0.952454
0.995406
0.994244
0.978961
0.983032
0.800765
0.939375
0.991912
0.987085
0.505779
0.799461
0.082278
0.990838
0.999621
0.926755
0.964226
0.998964
0.25575
0.917181
0.967368
0.183627
0.970939
0.987861
0.922691
0.999274
0.665501
0.991371
0.994542
0.990839
0.707952
0.984128
0.662634
0.932291
0.989868
0.977427
0.99785
0.788551
0.999657
0.722928
0.999573
0.946585
0.999691
0.996026
0.992286
0.993639
0.909051
0.937709
0.956586
0.996743
0.999659
0.940077
0.725486
0.98133
0.995215
0.999921
0.958937
0.36503
0.975605
0.987014
0.994784
0.999289
0.998984
0.994473
0.992621
0.535259
0.995424
0.968249
0.992036
0.99688
0.99934
0.911359
0.992744
0.967652
0.997721
0.909252
0.991219
0.999711
0.998119
0.9554
0.87793
0.984575
0.986958
0.999703
0.066607
0.980542
0.997038
0.289016
0.999552
0.201777
0.970435
0.987091
0.998473
0.890023
0.998225
0.99964
0.99099
0.938123
0.97077
0.948902
0.994104
0.93456
0.998065
0.966678
0.999179
0.981473
0.976804
0.992361
0.978427
0.893992
0.993
0.365057
0.317635
0.99109
0.998837
0.94634
0.998212
0.885362
0.994434
0.993163
0.975975
0.999814
0.997112
0.935367
0.995734
0.999978
0.900463
0.997616
0.98183
0.999307
0.720621
0.51309
0.94219
0.997093
0.576943
0.977312
0.99384
0.999957
0.980808
0.999344
0.702038
0.387377
0.997168
0.999721
0.995886
0.822515
0.810055
0.999566
0.959917
0.328331
0.993008
0.998999
0.965467
0.995781
0.992209
0.999897
0.996514
0.998959
0.999142
0.893655
0.982941
0.957013
0.857102
0.998688
0.962388
0.147545
0.9933
0.921212
0.354037
0.8318
0.953308
0.993787
0.989336
0.998165
0.995282
0.996392
0.902295
0.992978
0.60132
0.998524
0.994629
0.997033
0.94993
0.19897
0.881289
0.998972
0.374576
0.867946
0.952974
0.998412
0.580636
0.999519
0.078751
0.794707
0.65424
0.996799
0.993045
0.985679
0.978637
0.973711
0.77435
0.942618
0.982249
0.994784
0.978091
0.981104
0.802974
0.982242
0.998721
0.999776
0.510509
0.694409
0.991489
0.994775
0.999822
0.954202
0.989121
0.9846
0.979378
0.999655
0.913197
0.984535
0.69048
0.988525
0.265523
0.999877
0.999558
0.602889
0.991308
0.932286
0.991437
0.851395
0.992502
0.954754
0.99956
0.975348
0.999714
0.988283
0.803121
0.931344
0.987032
0.991678
0.995364
0.210999
0.91365
0.994902
0.993798
0.826368
0.984531
0.941941
0.984736
0.313442
0.999464
0.987313
0.990703
0.996064
0.018536
0.999435
0.999964
0.702478
0.962684
0.803383
0.999208
0.996848
0.975303
0.999722
0.974804
0.979883
0.851463
0.183435
0.996106
0.999863
0.770028
0.995305
0.151409
0.905076
0.997437
0.987217
0.996931
0.981212
0.984094
0.946963
0.993964
0.857068
0.890393
0.984262
0.893432
0.999333
0.996945
0.898079
0.954552
0.310398
0.663833
0.900689
0.999953
0.995422
0.974315
0.915775
0.701762
0.998878
0.998375
0.999541
0.974983
0.359987
0.999352
0.999448
0.995361
0.821291
0.688979
0.95598
0.993371
0.95329
0.991494
0.910326
0.869858
0.541181
0.998354
0.996935
0.995436
0.999228
0.999241
0.992631
0.901473
0.737902
0.998754
0.940255
0.996668
0.998268
0.877514
0.901342
0.854754
0.996497
0.970731
0.938553
0.998379
0.878613
0.97604
0.931682
0.97843
0.971776
0.941935
0.974288
0.998118
0.993898
0.995626
0.999025
0.935253
0.992809
0.819979
0.998375
0.949826
0.237612
0.120704
0.961378
0.987634
0.957013
0.996222
0.999395
0.884153
0.989124
0.032726
0.934249
0.994266
0.875925
0.987628
0.999533
0.776563
0.962192
0.969148
0.996283
0.836385
0.993291
0.987653
0.952503
0.478558
0.845098
0.59482
0.979708
0.946667
0.979851
0.992533
0.997837
0.993063
0.933083
0.999099
0.944074
0.989469
0.831103
0.031634
0.994969
0.998157
0.997855
0.994908
0.99989
0.988718
0.991014
0.995359
0.993099
0.998854
0.457993
0.984487
0.836913
0.997122
0.998256
0.999226
0.96657
0.991184
0.917217
0.621292
0.952815
0.986642
0.947072
0.031104
0.999082
0.57494
0.997461
0.999209
0.907645
0.998438
0.983906
0.998672
0.997456
0.889598
0.79315
0.997901
0.999946
0.99756
0.999212
0.997561
0.999424
0.990759
0.896008
0.977823
0.900641
0.969074
0.999195
0.955173
0.975006
0.976379
0.988014
0.983913
0.998992
0.952484
0.993174
0.99642
0.944517
0.930621
0.966088
0.99154
0.998296
0.995985
0.999661
0.999057
0.989137
0.590825
0.994963
0.994594
0.972032
0.987502
0.989397
0.999509
0.99967
0.961586
0.984858
0.948061
0.895236
0.817812
0.987939
0.961613
0.889035
0.949646
0.998712
0.55917
0.960981
0.978442
0.462905
0.990578
0.991606
0.987688
0.999686
0.985313
0.982385
0.938503
0.594091
0.999155
0.998509
0.998701
0.976788
0.999604
0.986679
0.999464
0.998204
0.994795
0.99925
0.976057
0.084235
0.934284
0.955546
0.99979
0.935877
0.844234
0.973042
0.999579
0.990445
0.899986
0.862823
0.982136
0.838497
0.969928
0.963904
0.999434
0.751216
0.999922
0.953974
0.993793
0.999751
0.992089
0.986368
0.99907
0.999842
0.945477
0.997491
0.999935
0.98716
0.986961
0.58928
0.999009
0.925186
0.159971
0.998186
0.666639
0.904009
0.997615
0.957724
0.777898
0.990259
0.861063
0.99982
0.98275
0.754629
0.316221
0.630407
0.994647
0.999695
0.950008
0.999418
0.996375
0.439452
0.864026
0.988467
0.053937
0.998655
0.999554
0.896953
0.99963
0.895542
0.994185
0.987505
0.999589
0.875202
0.961096
0.991009
0.98658
0.975779
0.946377
0.98625
0.999658
0.997397
0.980692
0.993584
0.911676
0.999097
0.741167
0.854999
0.951662
0.95843
0.999194
0.507491
0.99924
0.996597
0.991793
0.996301
0.499376
0.998889
0.968424
0.92506
0.998263
0.999306
0.996007
0.998411
0.981069
0.18937
0.834515
0.991757
0.979156
0.991568
0.976608
0.92404
0.908048
0.9742
0.997718
0.89742
0.999233
0.999989
0.998501
0.990437
0.999917
0.999592
0.972967
0.958706
0.756829
0.980726
0.992463
0.999779
0.655781
0.904703
0.993295
0.106771
0.999274
0.996417
0.646982
0.999065
0.940163
0.568042
0.954
0.995185
0.994773
0.972694
0.876889
0.997679
0.983911
0.998207
0.964563
0.448136
0.991475
0.921303
0.761064
0.960169
0.795399
0.997296
0.839138
0.951859
0.882469
0.936682
0.939265
0.145795
0.999805
0.941244
0.896418
0.795201
0.519811
0.86841
0.904784
0.595076
0.934339
0.990312
0.973203
0.996339
0.935826
0.996658
0.9744
0.99814
0.850985
0.985894
0.994195
0.998282
0.067676
0.996629
0.786519
0.99771
0.998229
0.997492
0.999473
0.898363
0.970622
0.98882
0.993398
0.996103
0.999416
0.984103
0.988936
0.99434
0.99499
0.999226
0.996013
0.891464
0.993641
0.947114
0.116843
0.940473
0.982504
0.506724
0.390103
0.102679
0.939718
0.993821
0.991036
0.982761
0.978986
0.996647
0.993357
0.998163
0.926641
0.924106
0.451731
0.955733
0.984707
0.642148
0.993005
0.936663
0.874632
0.999722
0.999472
0.101525
0.897907
0.995682
0.999149
0.960635
0.419789
0.998891
0.693
0.980163
0.52293
0.997731
0.9937
0.406681
0.936127
0.487208
0.991287
0.977643
0.999067
0.998837
0.999351
0.956657
0.306985
0.972288
0.980703
1.000055
0.916162
0.99976
0.999875
0.390861
0.999536
0.991298
0.997182
0.251159
1.000067
0.88599
0.841552
0.447017
0.990794
0.985961
0.996395
0.991782
0.949952
0.937499
0.402359
0.96886
0.997118
0.995658
0.153821
0.999845
0.918933
0.929693
0.979127
0.999666
0.999301
0.678861
0.99265
0.967297
0.992649
0.723062
0.997022
0.84467
0.69651
0.991968
0.998295
0.994575
0.99635
0.425743
0.997503
0.937237
0.987286
0.942391
0.913102
0.853619
0.999122
0.474691
0.997154
0.392636
0.993779
0.998972
0.999014
0.844389
0.998584
0.975357
0.932158
0.999741
0.999907
0.975597
0.854105
0.998315
0.998607
0.998585
0.999809
0.997616
0.925634
0.999573
0.998729
0.931717
0.995531
0.990243
0.990652
0.998963
0.988577
0.982823
0.995519
0.846961
0.724859
0.941242
0.828244
0.936375
0.80029
1.00002
0.65616
0.821513
0.996489
0.965603
0.995904
0.985322
0.972625
0.994931
0.993644
0.366975
0.969821
0.834665
0.998128
0.998732
0.98176
0.995826
0.97643
0.994651
0.33625
0.739566
0.931713
0.83655
0.745501
0.900562
0.999792
0.999543
0.994798
0.995737
0.990367
0.995461
0.971501
0.996134
0.993374
0.997894
0.967336
0.834289
0.995388
0.992348
0.822897
0.86725
0.992725
0.999426
0.999921
0.987594
0.269161
0.976683
0.974171
0.997117
0.998684
0.953063
0.998355
0.999662
0.992919
0.999965
0.999491
0.636426
0.987842
0.999799
0.999506
0.999682
0.997166
0.992427
0.968863
0.993239
0.942087
0.956478
0.924937
0.990901
0.998227
0.998295
0.988691
0.98532
0.994477
0.475026
0.724902
0.978936
0.88486
0.997631
0.997849
0.999943
0.999407
0.724655
0.99942
0.999276
0.961731
0.996596
0.998851
0.563676
0.96454
0.559471
0.999611
0.99825
0.992613
0.996517
0.99746
0.916548
0.998375
0.983543
0.988547
0.441969
0.998953
0.994912
0.998523
0.995512
0.992769
0.997464
0.72021
0.991608
0.993344
0.997988
0.963071
0.99939
0.990593
0.970454
0.998574
0.99537
0.998966
0.994885
0.981564
0.901857
0.979246
0.92456
0.987376
0.994012
0.998979
0.310031
0.999312
0.956601
0.690734
0.998608
0.884862
0.996375
0.994948
0.997598
0.846335
0.988192
0.998625
0.955921
0.998512
0.894668
0.985015
0.999213
0.99695
0.944844
0.982296
0.998248
0.99329
0.540783
1.00006
0.644887
0.884706
0.998427
0.940676
0.973298
0.98144
0.929169
0.999494
0.998093
0.980467
0.995923
0.999502
0.983968
0.986564
0.948698
0.999427
0.995472
0.945291
0.997363
0.999946
0.951348
0.900741
0.99848
0.997263
0.999222
0.99096
0.996788
0.996989
0.986333
0.991188
0.311388
0.97618
0.992555
0.757261
0.741043
0.785096
0.970497
0.707723
0.997755
0.981092
0.997168
0.999644
0.695409
0.989936
0.991478
0.987851
0.985038
0.99803
0.901725
0.998161
0.998652
0.934305
0.812611
0.974982
0.991345
0.998047
0.98741
0.106732
0.881259
0.997754
0.623836
0.964324
0.994088
0.834841
0.999735
0.992247
0.99641
0.991793
0.998681
0.991588
0.914534
0.988453
0.999058
0.167615
0.995745
0.996414
0.980411
0.99995
0.507726
0.455823
0.998898
0.933694
0.999284
0.999118
0.973135
0.979797
0.999815
0.997484
0.989779
0.888724
0.94821
0.979717
0.956897
0.99337
0.948892
0.999173
0.942121
0.998317
0.986555
0.995755
0.992761
0.999649
0.998631
0.841841
0.995982
0.555655
0.999777
0.923946
0.959909
0.719531
0.994126
0.988851
0.840307
0.985628
0.99911
0.999724
0.588257
0.695221
0.994211
0.831011
0.653519
0.993434
0.997792
0.999195
0.992759
0.710757
0.979416
0.969383
0.923217
0.990958
0.787297
0.998005
0.980787
0.997902
0.457531
0.998365
0.999635
0.958305
0.975995
0.99816
0.996
0.895227
0.987535
0.941223
0.997342
0.997177
0.997258
0.999929
0.998841
0.019195
0.74471
0.986985
0.996725
0.992526
0.999558
0.540386
0.985807
0.997438
0.999947
0.512748
0.999586
0.998726
0.508737
0.910989
0.854914
0.967705
0.987312
0.982553
0.15078
0.312084
0.832322
0.98372
0.97482
0.743076
0.326684
0.997836
0.999127
0.998003
0.756141
0.977991
0.965468
0.488849
0.999688
0.44666
0.735595
0.9972
0.9437
0.991256
0.965248
0.999082
0.952023
0.112835
0.716784
0.873799
0.855789
0.704557
0.999356
0.856246
0.996354
0.998744
0.993482
0.633124
0.997053
0.681903
0.882211
0.986212
0.997311
0.998654
0.491915
0.971419
0.992588
0.945062
0.974666
0.947175
0.811976
0.554039
0.999037
0.666004
0.993757
0.932011
0.999199
0.997865
0.945995
0.074416
0.850338
0.992208
0.735738
0.996855
0.619324
0.950366
0.369632
0.99351
0.997888
0.662201
0.582365
0.979564
0.997155
0.998641
0.990163
0.990814
0.996761
0.941703
0.46096
0.998602
0.951791
0.998799
0.987027
0.978594
0.483665
0.990837
0.995142
0.999484
0.614022
0.684871
0.986245
0.89261
0.99838
0.97526
0.999837
0.99256
0.722064
0.574374
0.910242
0.998779
0.918509
0.999629
1.000007
0.995611
0.724632
0.963706
0.608951
0.997527
0.993474
0.998832
0.913922
0.999547
0.734267
0.978397
0.965165
0.995336
0.999483
0.915656
0.978705
0.997464
0.845997
0.998414
0.997578
0.998382
0.909103
0.973717
0.977184
0.999869
0.991514
0.955259
0.999472
0.999485
0.758678
0.750259
0.995935
0.998314
0.983973
0.995821
0.244497
0.998073
0.356499
0.964738
0.989106
0.996037
0.994923
0.874842
0.974567
0.99974
0.945698
0.996521
0.999629
0.999297
0.97729
0.851867
0.129006
0.818709
0.925669
0.999834
0.999152
0.980123
0.790089
0.9805
0.995529
0.999121
0.999684
0.996957
0.998379
0.997852
0.997972
0.889158
0.987118
0.904769
0.926819
0.659082
0.996089
0.999832
0.998275
0.996188
0.970542
0.943724
0.362364
0.998855
0.961105
0.999251
0.98696
0.987388
0.998976
0.985343
0.980288
0.999576
0.995214
0.999387
0.998771
0.978639
0.994071
0.938841
0.857096
0.990484
0.995242
0.990512
0.974052
0.420754
0.362962
0.921981
0.890974
0.998359
0.903819
0.998598
0.993397
0.945231
0.9659
0.907012
0.996562
0.982678
0.994935
0.999744
0.926378
0.980226
0.911994
0.985443
0.998683
0.911396
0.990591
0.974929
0.611429
0.998253
0.993681
0.679919
0.999609
0.930793
0.99749
0.93558
0.999298
0.837951
0.992958
0.953533
0.982222
0.968285
0.934909
0.999257
0.998197
0.815543
0.732827
0.950429
0.996733
0.950135
0.979169
0.286117
0.66149
1.000044
0.096662
0.997486
0.459721
0.871169
0.980242
0.863858
0.244016
0.989955
0.935198
0.929897
0.998959
0.998756
0.146626
0.033438
0.973234
0.999063
0.518587
0.997878
0.99771
0.99793
0.986106
0.625991
0.998079
0.97695
0.949027
0.998751
0.948189
0.999282
0.35792
0.570955
0.99756
0.995612
0.999055
0.972542
0.904669
0.990231
0.998071
0.999187
0.987238
0.968541
0.999984
0.999956
0.798312
0.999295
0.99003
0.991725
0.996621
0.956922
0.967916
0.4111
0.940154
0.949892
0.181333
0.998198
0.979847
0.998643
0.985108
0.92859
0.86059
0.996044
0.322377
0.914543
0.984836
0.986023
0.99979
0.924934
0.627657
0.897183
0.999226
0.937452
0.997911
0.993292
0.938338
0.998252
0.92226
0.994713
0.982593
0.842765
0.981763
0.999224
1.000005
0.385156
0.018371
0.999033
0.998066
0.997951
0.980271
0.998349
0.997934
0.988194
0.872213
0.999787
0.97453
0.999721
0.998283
0.997571
0.994821
0.981508
0.989739
0.999701
0.397724
0.99981
0.997482
0.990638
0.987694
0.95189
0.998766
1.000053
0.989058
0.988108
0.999881
0.999641
0.999639
1.000032
0.975689
0.989971
0.980274
0.447825
0.972622
0.999566
0.972572
0.110374
0.988002
0.652606
0.999747
0.992663
0.715727
0.998735
0.985872
0.997009
0.994243
0.219701
0.997074
0.99254
0.747878
0.992062
0.946071
0.994842
0.999298
0.999054
0.993698
0.998364
0.999893
0.920937
0.993015
0.233853
0.999322
0.983966
0.999668
0.966529
0.999432
0.995581
0.913711
0.627422
0.800799
0.824883
0.925068
0.783023
0.817422
0.997498
0.999518
0.985782
0.998128
0.993337
0.999798
0.991557
0.934305
0.959542
0.5926
0.967052
0.999628
0.997313
0.996924
0.628198
0.971941
0.957003
0.999351
0.999224
0.840694
0.988636
0.336012
0.956872
0.100236
0.881241
0.755706
0.972934
0.993517
0.999163
0.741242
0.986212
0.997095
0.993064
0.804766
0.999724
0.930797
0.999488
0.877682
0.999815
0.996339
0.921148
0.989054
0.998979
0.995314
0.958473
1.00006
0.994961
0.904702
0.943008
0.961576
0.999975
0.988366
0.982396
0.990608
0.853968
1.000084
0.998434
0.987713
0.922968
0.997968
0.999271
0.99972
0.963129
0.708788
0.964568
0.999589
0.998799
0.994442
0.990695
0.996288
0.590585
0.999358
0.439381
0.998559
0.843828
0.99879
0.999596
0.986651
0.89525
0.991227
0.999933
0.992604
0.99932
0.354498
0.970005
0.961764
0.960246
0.971934
0.990856
0.989519
0.959656
0.997114
0.9885
0.998294
0.99342
0.999851
0.960556
0.999363
0.917392
0.589485
0.999919
0.999254
0.984101
0.87756
0.963491
0.663466
0.169144
0.997162
0.986012
0.925858
0.996463
0.976523
0.994988
0.985375
0.998259
0.997617
0.991654
0.850696
0.999609
0.863952
0.999683
0.983961
0.738115
0.86697
0.936361
0.999168
0.999068
0.967891
0.987559
0.995747
0.937979
0.982123
0.45056
0.999159
0.742936
0.99638
0.981704
0.979428
0.999707
0.585906
0.976078
0.963248
0.999709
0.976732
0.999143
0.524773
0.908337
0.9998
0.924656
0.641622
0.994703
0.788006
0.403652
0.923557
0.999321
0.979382
0.220101
0.989358
0.825137
0.984234
0.998895
0.993325
0.855249
0.968192
0.192954
0.953166
0.996634
0.990729
0.8479
0.952073
0.999648
0.995585
0.626029
0.748643
0.824457
0.994401
0.927613
0.990755
0.993075
0.985221
0.997979
0.803961
0.983272
0.965181
0.506911
0.957385
0.635042
0.249562
0.914103
0.94225
0.999125
0.999378
0.995742
0.978851
0.990086
0.992424
0.985623
0.998968
0.937724
0.999763
0.905115
0.98706
0.453128
0.999634
0.955933
0.992381
0.995596
0.998989
0.736981
0.630163
0.973386
0.995185
0.99943
0.991121
0.917943
0.946378
0.999416
0.9929
0.981452
0.922887
0.880077
0.999984
0.975205
0.992724
0.965973
0.998658
0.604414
0.99939
0.998655
0.991738
0.864355
0.947511
0.996485
0.626314
0.987045
0.024156
0.852087
0.824759
0.992342
0.998764
0.999452
0.769867
0.999827
0.993698
0.947343
0.955295
0.990467
0.307249
0.890177
0.999647
0.999886
0.875472
0.796482
0.020584
0.997489
0.99982
0.85894
0.999331
0.879975
0.955421
0.983471
0.986935
0.989956
0.720978
0.918088
0.965331
0.778175
0.892143
0.727688
0.752451
0.999898
0.999594
0.219751
0.920985
0.996813
0.954967
0.984931
0.995536
0.634553
0.926018
0.998641
0.999723
0.995685
0.975201
0.999705
0.990625
0.992529
0.974861
0.388437
0.976221
0.998595
0.960826
0.976469
0.99926
0.951739
0.997264
0.985528
0.999738
0.727479
0.995437
0.998463
0.962156
0.998678
1.000077
0.996536
0.997172
0.972397
0.9538
0.976363
0.960253
0.994203
0.497199
0.999911
0.983602
0.999947
0.999646
0.997745
0.99861
0.98089
0.994703
0.992737
0.999288
0.485026
0.874455
0.963578
0.996788
0.980423
0.987491
0.898035
0.999375
0.926247
0.999289
0.937922
0.999867
0.997039
0.998889
0.99862
0.952583
0.709931
0.969861
0.987862
0.999472
0.999041
0.79206
0.997168
0.994792
0.77727
0.901358
0.989589
0.99885
0.955394
0.647294
0.999784
0.807437
0.982605
0.019114
0.978815
0.992562
0.998404
0.993774
0.974349
0.715322
0.997882
0.976179
0.980685
0.81878
0.990176
0.579177
0.997821
0.993762
0.999858
0.998674
0.967516
0.717968
0.399438
0.99972
0.950827
0.945259
0.947862
0.998764
0.908343
0.999955
0.991789
0.813412
0.999324
0.97302
0.999509
0.860906
0.616377
0.974314
0.985397
0.976481
0.897917
0.997618
0.863095
0.934819
0.997732
0.963365
0.994677
0.908686
0.993267
0.717984
0.783224
0.94898
0.912043
0.991773
0.999072
0.979059
0.995741
0.897477
0.856034
0.983929
0.876511
0.818163
0.995135
0.995854
0.720559
0.941682
0.999388
0.943287
0.985385
0.711034
1.000087
0.946896
0.095619
0.997449
0.621998
0.996652
0.997078
0.14569
0.875892
0.999969
0.925332
0.989613
0.999349
0.453757
0.995223
0.99948
0.99624
0.922901
0.937838
0.99279
0.995464
0.999665
0.9993
0.999379
0.999575
0.709604
0.855365
0.999557
0.999617
0.99959
0.985557
0.946245
0.989146
0.795442
0.992592
0.956845
0.998848
0.96791
0.999398
0.985765
0.997908
0.929995
0.996874
0.99134
0.987566
0.785528
0.996081
0.880271
0.569522
1.000071
0.927316
0.988061
0.990895
0.997246
0.99579
0.995984
0.993377
0.999188
0.994232
0.95153
0.141871
0.89274
0.286642
0.992249
0.940691
0.999583
0.350344
0.990125
0.967826
0.99869
0.908087
0.999733
0.436139
0.987257
0.131616
0.310714
0.996432
0.980161
0.766324
0.952254
0.989148
0.998861
0.982993
0.995382
0.988478
0.794698
0.999432
0.999156
0.995121
0.999967
0.790215
0.987822
0.975707
0.996782
0.97186
0.934983
0.979038
0.999563
0.995881
0.519201
0.999044
0.997272
0.990491
0.999009
0.990285
0.990612
0.999409
0.890484
0.288829
0.999249
0.999341
0.99915
0.7795
0.871616
0.985445
0.998844
0.610489
0.994958
0.997067
0.910793
0.976985
0.914574
0.967113
0.997473
0.968612
0.994538
0.306191
0.950152
0.997623
0.996881
0.993024
0.998493
0.918133
0.990376
0.987714
0.993807
0.992926
0.985252
0.936744
0.995723
0.944069
0.999768
0.213271
0.98621
0.999444
0.979765
0.687498
0.985485
0.950844
0.99979
0.993331
0.940849
0.994057
0.996369
0.999748
0.922431
0.973977
0.997119
0.999524
0.895084
0.895066
0.997789
0.969288
0.999703
0.999489
0.538359
0.923514
0.997732
0.995842
0.718035
0.995228
0.978008
0.993335
0.894089
0.951226
0.999723
0.95242
0.999976
0.999906
0.999493
0.718879
0.993084
0.999663
0.975689
0.982398
0.99854
0.998887
0.999344
0.675486
0.962928
0.739148
0.954365
0.995797
0.969098
0.987051
0.991563
0.99984
0.993953
0.982617
0.51977
0.998991
0.896956
0.998825
0.930492
0.981088
0.995716
0.983523
0.992666
0.999517
0.996295
0.996379
0.965067
0.758337
0.9988
0.962459
0.999828
0.138471
0.999639
0.988341
0.996126
0.998254
0.921821
0.835421
0.85532
0.803686
0.920796
0.999601
0.909921
0.995972
0.727346
0.997185
0.999524
0.907659
0.983024
0.97207
0.967014
0.992895
0.991412
0.99941
0.9353
0.995336
0.998041
0.912022
0.891292
0.259906
0.994115
0.989993
0.999244
0.617888
0.999485
0.95747
0.406769
0.853421
0.965947
0.996172
0.975884
0.996586
0.965898
0.978674
0.991133
0.997158
0.987657
0.977737
1.000021
0.944861
0.998268
0.997892
0.964321
0.45835
0.98402
0.963544
0.994739
0.992922
0.77086
0.999635
0.86331
0.709879
0.976801
0.882837
0.991977
0.774519
0.971709
0.188898
0.992992
0.998941
0.747876
0.999462
0.997485
0.965308
0.817754
0.98997
0.993131
0.987058
0.981262
0.98273
0.651897
0.999973
0.99288
0.997933
0.713944
0.999787
0.976359
0.996156
0.999325
0.995511
0.937084
0.529503
0.996649
0.99997
0.999863
0.999723
0.913672
0.995716
0.984433
0.483076
0.535272
0.999378
0.997399
0.13978
0.603247
0.960025
0.60259
0.99209
0.978025
0.487182
0.99978
0.977464
0.889743
0.985988
0.974716
0.966796
0.999848
0.999924
0.999715
0.999296
0.912957
0.944557
0.996996
0.989822
0.992803
0.968018
0.015733
0.998341
0.998749
0.885696
0.988481
0.999423
0.939568
0.955543
0.998424
0.999752
0.999322
0.995703
0.932237
0.984188
0.902232
0.991811
0.69427
0.997575
0.998544
0.998945
0.96117
0.702153
0.486077
0.742766
0.997935
0.986972
0.697729
0.97436
0.982857
0.980905
0.98048
0.945042
0.88629
0.992347
0.999265
0.99656
0.991744
0.998391
0.968043
0.999716
0.930129
0.592575
0.991259
0.999334
0.477302
0.932498
0.91901
0.970213
0.983761
0.959101
0.999926
0.992197
0.226617
0.710341
0.158558
0.961125
0.999936
0.995511
0.578211
0.999462
0.999184
0.997875
0.840992
0.578977
0.999162
0.995992
0.998167
0.972691
0.991707
0.967747
0.791334
0.907867
0.984117
0.923036
0.999956
0.819813
0.958176
0.983031
0.967055
0.998986
0.988231
0.989396
0.254007
0.976641
0.988814
0.998661
0.960528
0.999399
0.976993
0.695667
0.999456
0.948647
0.931423
0.35985
0.975481
0.998014
0.97689
0.968945
0.997118
0.041455
0.996203
0.977898
0.976557
0.999614
0.998321
0.998329
0.873092
0.863635
0.949986
0.955035
0.998349
0.950999
0.009648
0.997012
0.995976
0.933386
0.999112
0.996224
0.976458
0.999103
0.990616
0.978773
0.997637
0.281258
0.953716
0.492469
0.9989
0.987099
0.999968
0.812954
0.954107
0.951603
0.989497
0.993038
0.997311
0.976662
0.965255
0.997113
0.998071
0.998453
0.978523
0.973012
0.933915
0.954016
0.998432
0.643493
0.998812
0.944169
0.880615
0.993509
0.991642
0.999393
1.000051
0.991498
0.998564
0.979682
0.970889
0.997704
0.999455
0.90922
0.999665
0.975508
0.959432
0.993345
0.99805
0.918931
0.996484
0.999795
0.999125
0.95421
0.98043
0.122061
0.997359
0.929028
0.98702
0.998194
0.91572
0.94018
0.965944
0.99914
0.010022
0.999737
0.995317
0.976419
0.158505
0.895229
0.99922
0.99767
0.950723
0.971657
0.352038
0.984678
0.960973
0.934159
0.982404
0.998417
0.551982
0.983303
0.010929
0.999009
0.97396
0.92944
0.972214
0.998336
0.999872
0.995039
0.645305
0.994249
0.997605
0.835896
0.996529
0.835889
0.981049
0.635468
0.103601
0.66006
0.994581
0.998736
0.999498
0.930613
0.998937
0.971178
0.981007
0.981503
0.997023
0.834252
0.988807
0.842955
0.920801
0.53766
0.99821
0.994888
0.998562
0.998619
0.997871
0.999603
0.99955
0.998914
0.995557
0.988644
0.99943
0.056297
0.99622
0.983391
0.990985
0.931006
0.999285
0.899456
0.97835
0.986074
0.808059
0.924165
0.999804
0.157208
0.99964
0.999107
0.989812
0.99606
0.996177
0.998102
0.987838
0.956056
0.98699
0.771346
0.07771
0.943487
0.999741
0.987377
0.984763
0.999456
0.989038
0.888451
0.982524
0.994899
0.558222
0.694725
0.896786
0.655995
0.334868
0.998664
0.881883
0.999977
0.570374
0.999579
0.948003
0.943898
0.987474
0.447898
0.963212
0.909491
0.999922
0.97802
0.972293
0.998053
0.966044
0.416678
0.997038
0.984703
0.968497
0.63083
0.976743
0.982696
0.997654
0.999548
0.752608
0.994876
0.996666
0.976506
0.987442
0.967022
0.996999
0.849133
0.770217
0.982567
0.99986
0.815654
0.95866
0.9992
0.999462
0.989472
0.9856
0.564981
0.999714
0.99702
0.989144
0.944412
0.876989
0.975317
0.981113
0.668981
0.758005
0.999259
0.976858
0.99275
0.863005
0.992642
0.58654
0.998991
0.997703
0.999214
0.95189
0.99344
0.348221
0.956228
0.947286
0.807692
0.997579
0.97271
0.979426
0.987027
0.14532
0.985687
0.999629
0.219185
0.977738
0.999747
0.406732
0.98917
0.992519
0.99851
0.999996
0.975937
0.793825
0.996937
0.784807
0.061562
0.99326
0.985294
0.976464
0.952784
0.861307
0.991703
0.832888
0.999842
0.911905
0.99873
0.999595
0.999623
0.976939
0.694637
0.999194
0.988262
0.995469
0.906701
0.86555
0.985165
0.999474
0.995697
0.956505
0.971353
0.533132
0.951423
0.933227
0.990389
0.990286
0.98447
0.936535
0.999425
0.998813
0.998933
0.998363
0.99629
0.997382
0.917235
0.992034
0.966915
0.470207
0.977482
0.999691
0.999361
0.957011
0.859335
0.537205
0.975229
0.951415
0.999563
0.859691
0.822799
1.000024
0.985406
0.990896
0.995458
0.750657
0.577777
0.647105
0.998981
0.999368
0.997984
0.978657
0.79098
0.109792
0.996001
0.999641
0.126093
0.776439
0.713891
0.934689
0.999916
0.997254
0.276515
0.973173
0.991165
0.999981
0.99995
0.996618
0.999767
0.892161
0.986739
0.944446
0.95421
0.960522
0.997699
0.999902
0.999846
0.924664
0.067342
0.999602
0.041899
0.976839
0.999333
0.999186
0.998397
1.0
0.99616
0.96426
0.530949
0.999301
0.991524
0.999301
0.996637
0.98517
0.868331
0.994232
0.976589
0.996907
0.997968
0.396832
0.999872
0.604716
0.996454
0.985615
0.808017
0.994733
0.908498
0.973399
0.709808
0.99917
0.750615
0.99705
0.973997
0.791452
0.991295
0.97398
0.991763
0.996567
0.957192
0.988005
0.951442
0.960828
0.988254
0.998446
0.823485
0.99746
0.983155
0.999853
0.193848
0.745072
0.352539
0.991106
0.55629
0.400974
0.917305
0.991872
0.966945
0.788574
0.990142
0.998106
0.923347
0.961634
0.992081
0.992175
0.985501
0.971248
0.989017
0.996258
0.856937
0.9917
0.997953
0.95975
0.99783
0.998544
0.985894
0.999145
0.999477
0.915678
0.996549
0.984238
0.992333
0.999491
0.999668
0.999102
0.99508
0.926267
0.970932
0.83104
0.457999
0.99942
0.982379
0.865013
0.900828
0.999304
0.564249
0.67736
0.996016
0.59991
0.528808
0.897761
0.997899
0.99829
0.969689
0.484534
0.961691
0.780099
0.996963
0.9726
0.82838
0.971366
0.589053
0.099146
0.985662
0.999901
0.99714
0.997668
0.998108
0.977877
0.999847
0.998267
0.998097
0.994166
0.999139
0.99548
0.990611
0.998404
0.999892
0.996244
0.999573
0.598579
0.858204
0.956881
0.973025
0.994965
0.997908
0.99935
0.998208
0.6339
0.992387
0.419036
0.999611
0.992738
0.36753
0.985569
0.996675
0.194773
0.969237
0.57828
0.994755
0.823854
0.997388
0.999464
0.999131
0.951759
0.993233
0.99978
0.580414
0.998817
0.893736
0.392181
0.993922
0.996537
0.991069
0.854291
0.993966
0.997766
0.926157
0.996457
0.992335
0.986885
0.997758
0.991648
0.987755
0.997893
0.996726
0.977415
0.939483
0.994233
0.338169
0.837675
0.91686
0.997908
0.998025
0.722316
0.528493
0.627255
0.998803
0.227099
0.997655
0.966672
0.999576
0.988798
0.996741
0.988403
0.951878
0.982564
0.999668
0.969763
0.966488
0.763142
0.993943
0.990122
0.942422
0.754924
0.967472
0.513027
0.579499
0.98562
0.982308
0.999669
0.957859
0.958275
0.827574
0.997605
0.85061
0.989339
0.980057
0.879311
0.998586
0.998902
0.580143
0.608909
0.998431
0.999602
0.991517
0.993368
0.976311
0.99756
0.998525
0.940402
0.226524
0.998675
0.9984
0.677785
0.999907
0.994051
0.995809
0.939403
0.992009
0.999703
0.990499
0.989917
0.942546
0.999291
0.398228
0.943692
0.999959
0.060771
0.824255
0.605643
0.974037
0.267961
0.986208
0.996068
0.28522
0.848475
0.960071
0.893973
0.999023
0.979327
0.947705
0.674678
0.986928
0.998981
0.988604
0.822208
0.391024
0.977134
0.57178
0.998211
0.995751
0.591585
0.999194
0.898607
0.990054
0.992891
0.841117
0.997363
0.986985
0.273358
0.990502
0.955424
0.99357
0.955445
0.98472
0.997182
0.940801
0.99542
0.999789
0.949635
0.969902
0.995357
0.69352
0.994581
0.992285
0.970035
0.999947
0.997968
0.888862
0.537644
0.920261
0.999821
0.99924
0.918983
0.999899
0.999477
0.999759
0.961648
0.993904
0.866721
0.962381
0.893075
0.999463
0.998907
0.932234
0.979882
0.184816
0.586117
0.999331
0.963151
0.991207
0.768817
0.997118
0.982956
0.99487
0.995371
0.998378
0.999149
0.989894
0.899754
0.998307
0.999856
0.701308
0.986177
0.999762
0.9995
0.999246
0.521068
0.305586
0.999576
0.797224
0.947118
0.836412
0.24883
0.999775
0.998609
0.909886
0.962102
0.970314
0.9846
0.898339
0.86855
0.852629
0.996478
0.993299
0.942827
0.957887
0.936348
0.999745
0.970959
0.999725
0.95442
0.998208
0.997706
0.597971
0.457707
0.108219
0.951289
0.96209
0.95028
0.998377
1.00006
0.90434
0.997984
0.998282
0.917449
0.880755
0.995446
0.979025
0.941147
0.769109
0.697038
0.997132
0.996872
0.998446
0.347321
0.980991
0.843612
0.943658
0.961233
0.999878
0.16096
0.789807
0.997382
0.986384
0.910472
0.9453
0.943738
0.902664
0.99838
0.638728
0.938208
0.995592
0.999794
0.972734
0.215088
0.999065
0.99219
0.947722
0.969542
0.992795
0.997209
0.960936
0.996305
0.723358
0.806914
0.999507
0.150698
0.97941
0.998567
0.999614
0.992525
0.98795
0.999658
0.986131
0.998621
0.985346
0.998727
0.948403
0.994729
0.997415
0.98326
0.985052
0.98903
0.999618
0.974523
0.999237
0.998974
0.183185
0.993525
0.966009
0.544938
0.865392
0.997117
0.99895
0.374885
0.996871
0.887295
0.998346
0.942576
0.993888
0.9987
1.00001
0.959808
0.29526
0.970288
0.997609
0.953249
0.994216
0.999514
0.981716
0.995469
0.999971
0.99167
0.519353
0.400405
0.530954
0.997466
0.861248
0.999445
0.982774
0.99942
0.997556
0.997801
0.909117
0.987188
0.999977
0.8835
0.94011
0.988937
0.886282
0.974146
0.99402
0.761783
0.999855
0.997768
0.921057
0.999507
0.99865
0.544214
0.902341
0.998294
0.999575
0.892372
0.869523
0.999698
0.169899
0.651958
0.911417
0.809066
0.985806
0.421459
0.995099
0.597257
0.826287
0.999068
0.938811
0.999716
0.974284
0.998653
0.985096
0.996582
0.069334
0.715252
0.982863
0.864936
0.954291
0.85313
0.999795
0.967754
0.589867
0.99516
0.994995
0.920759
0.72987
0.998119
0.837884
0.878292
0.993013
0.991275
0.962938
0.993566
0.996074
0.904289
0.995515
0.941449
0.935258
0.9993
0.996197
0.986535
0.996104
0.126946
0.987155
0.994076
0.988093
0.974248
0.995552
0.942836
0.995776
0.759234
0.991984
0.999266
0.986626
0.998308
0.886632
0.999916
0.966899
0.996312
0.941186
0.999251
0.993889
0.998725
0.988347
0.352654
0.997989
0.990962
0.995723
0.696274
0.999598
0.999251
0.798052
0.648201
0.995228
0.998179
0.958197
0.995933
0.846163
0.998779
0.97495
0.998373
0.994132
0.993563
0.74096
0.990499
0.999776
0.590097
0.982342
0.889077
0.974724
0.998684
0.95849
0.996971
0.999098
0.995748
0.99575
0.901532
0.99688
0.987219
0.990126
0.997824
0.999374
0.02792
0.994892
0.93609
0.999332
0.229564
0.940572
0.983113
0.829991
0.999362
0.999837
0.996835
0.90577
0.99817
0.974481
0.989301
0.936729
0.999368
0.971162
0.935726
0.975479
0.987809
0.18343
0.482203
0.962093
0.998737
0.969891
0.991372
0.754482
0.879518
0.914024
0.996916
0.695633
0.957632
0.988674
0.378424
0.934883
0.989583
0.212769
0.735212
0.196975
0.948348
0.983363
0.965748
0.994163
0.937884
0.954175
0.906093
0.985534
0.902025
0.988652
0.987396
0.987497
0.995022
0.996445
0.996734
0.986845
0.852173
0.910592
0.642004
0.989879
0.979276
0.994912
0.213162
0.885324
0.976919
0.959713
0.978341
0.976126
0.987633
0.995463
0.03115
0.999686
0.952962
0.999502
0.9537
0.998819
0.999838
0.003816
0.844007
0.838372
0.705585
0.989858
0.572959
0.846468
0.99967
0.964097
0.93538
0.999956
0.998748
0.998002
0.98902
0.987899
0.978315
0.961411
0.910948
0.525653
0.996684
0.992339
0.996921
0.884155
0.998588
0.996407
0.924507
0.990995
0.96956
0.992891
0.955011
0.994432
0.772042
0.934497
0.977461
0.964139
0.868437
0.889759
0.956515
0.999144
0.999511
0.965425
0.924065
0.92878
0.999245
0.990988
0.999517
0.800736
0.998
0.998591
0.997248
0.889571
0.999444
0.964448
0.115157
0.999757
0.996689
0.999607
0.99666
0.993982
0.404768
0.924045
0.938773
0.995172
0.903279
0.99831
0.095535
0.99732
0.938615
0.091825
0.745706
0.375497
0.814459
0.989307
0.999936
0.939477
0.96855
0.971514
0.657561
0.999879
0.816053
0.977454
0.998317
0.791377
0.97933
0.945923
0.994078
0.999723
0.993741
0.913048
0.980013
0.993922
0.920251
0.967769
0.95347
0.998905
0.997633
0.93567
0.99471
0.344105
0.985369
0.975286
1.000047
0.64521
0.956995
0.745735
0.987796
0.675318
0.996503
0.792306
0.542
0.997347
0.801648
0.695967
0.999452
0.099716
0.930916
0.997633
0.999957
0.433237
0.994343
0.979714
0.803864
0.983749
1.000069
0.999469
0.999726
0.999958
0.241244
0.98036
0.993194
0.993234
0.998453
0.998888
0.999996
0.999988
1.000028
0.995097
0.973473
0.995296
0.124338
0.998121
0.999135
0.817399
0.999811
0.979249
0.98723
0.99623
0.998863
0.991599
0.987768
0.499009
0.997631
0.67184
0.827395
0.919211
0.999782
0.990354
0.989386
0.999662
0.985984
0.985781
0.70125
0.957641
0.962984
0.37398
0.942996
0.847037
0.998439
0.998548
0.995972
0.630607
0.630567
0.990649
0.443229
0.161939
0.971443
0.988215
0.998766
0.914349
0.888279
0.994544
0.995494
0.823065
0.995072
0.999755
0.989696
0.988088
0.998326
0.994838
0.853771
0.976981
0.882735
0.995909
0.911096
0.998894
0.999133
0.936254
0.74901
1.000022
0.99909
0.986802
0.974646
0.999248
0.985383
0.992545
0.842062
0.998804
0.99355
0.999227
0.977329
0.999127
0.974566
0.989481
0.99918
0.976986
0.730263
0.987041
0.777528
0.9466
0.998304
0.93431
0.999463
0.99953
0.998249
0.996376
0.999707
0.988956
0.980204
0.999072
0.948433
0.99011
0.922138
0.471681
0.982466
0.983211
0.997809
0.999715
0.993084
0.996515
0.997748
0.997303
0.99144
0.943114
0.876014
0.99616
0.987628
0.941727
0.974144
0.781385
0.985318
0.999896
0.999611
0.998634
0.981153
0.988208
0.800069
0.979927
0.963702
0.985309
0.997537
0.998269
1.000046
0.994294
0.986816
0.739835
0.980599
0.996979
0.877631
0.978895
0.998196
0.931305
0.994581
0.954691
0.999744
0.996004
0.999337
0.983863
0.999295
0.596318
0.98602
0.984753
0.998646
0.986453
0.958429
0.962549
0.996958
0.920187
0.699385
0.065584
0.999405
0.99325
0.987976
0.999322
0.996996
0.898493
0.997705
0.989732
0.790495
0.98376
0.991854
0.999984
0.998736
0.989527
0.658577
0.992412
0.994332
0.99827
0.999352
0.988514
0.996634
0.980408
0.999904
0.996713
0.819934
0.825267
0.94202
0.216773
0.998396
0.987499
0.972246
0.861522
0.956038
0.99798
0.836065
0.990707
0.406772
0.921661
0.985788
0.999503
0.996711
0.974461
0.920665
0.99953
0.998542
0.999858
0.976961
0.388856
0.999518
0.810339
0.999234
0.995991
0.973181
0.768615
0.165859
0.994678
0.899237
0.991835
0.998161
0.773135
0.999235
0.996953
0.999734
0.998988
0.999626
0.946389
0.996361
0.996549
0.812305
0.384207
0.602857
0.983327
0.994657
0.895185
0.997976
0.986459
0.999811
0.800518
0.857078
0.497104
0.984291
0.998668
0.989927
0.998824
0.987428
0.994009
0.994644
0.984044
0.984709
0.572057
0.953943
0.237466
0.998595
0.970688
0.997899
0.999438
0.999201
0.995104
0.993976
0.99053
0.931879
0.972686
0.980222
0.667529
0.987302
0.927639
0.999265
0.992875
0.988237
0.999861
0.874053
0.999907
0.998378
0.854161
0.991794
0.992224
0.909275
0.911253
0.987879
0.967179
0.981063
0.973269
1.000007
0.943708
0.999684
0.998815
0.949045
0.993892
0.96924
0.998185
0.9965
0.991227
0.743262
0.99853
0.960024
0.998311
0.999881
0.999174
0.604489
0.766343
0.878079
0.999598
0.996918
0.975149
0.238251
0.936188
0.97239
0.988234
0.988614
0.946076
0.961678
0.999067
0.772192
0.995428
0.998842
0.904363
0.986041
0.998165
0.999627
0.992614
0.986856
0.99853
0.998428
0.997435
0.998285
0.995186
0.977972
0.966028
0.994773
0.999571
0.882582
0.999371
0.979394
0.999919
0.998946
0.997108
0.999882
0.998594
0.521148
0.998989
0.992992
0.350367
0.999374
0.999112
0.989182
0.990407
0.99417
0.605646
0.999678
0.399917
0.993513
0.996502
0.999622
0.886666
0.998176
0.950047
0.994841
0.994284
0.999913
0.616899
0.884532
0.999288
0.997473
0.999941
0.998973
0.974805
0.999202
0.998514
0.987234
0.997149
0.672613
0.999937
0.999356
0.896602
0.991362
0.997885
0.440453
0.770721
0.98419
0.941259
0.826108
0.998755
0.833846
0.881053
0.998206
0.974908
0.989579
0.996888
0.89379
0.851618
0.973725
0.385591
0.999806
0.995439
0.921091
0.933701
0.96456
0.927576
0.991902
0.061
0.997044
0.999659
0.949362
0.991735
0.956282
0.990887
0.989664
0.994736
0.848665
0.910003
0.949023
0.986684
0.985869
0.996899
0.997312
0.368817
0.937998
0.956355
0.99723
0.755209
0.996337
0.999293
0.989967
0.521962
0.995993
0.996379
0.931332
0.993663
0.528531
0.987884
0.973141
0.998539
0.98426
0.999813
0.99625
0.934791
0.98036
0.999841
0.996631
0.994321
0.997124
0.991604
0.99962
0.998516
0.995201
0.976381
0.993801
0.993931
0.999084
0.870952
0.999831
0.989044
0.711373
0.999449
0.819919
0.289584
0.530467
0.998358
0.999046
0.998188
0.993908
0.947626
0.89429
0.999774
0.939629
0.993863
0.999245
0.715107
0.937204
0.88806
0.988187
0.989241
0.818432
0.978547
0.891446
0.999462
0.999482
0.993312
0.999773
0.932617
0.953766
0.546431
0.998106
0.999664
0.869209
0.999953
0.991083
0.693287
0.731724
0.997042
0.999807
0.995886
0.992736
0.946856
1.000006
0.044165
0.846849
1.00005
0.99702
0.961788
0.998941
0.984279
0.514508
0.91843
0.99798
0.304716
0.994625
0.972821
0.991854
0.982987
0.746326
0.987849
0.985363
0.990159
0.997861
0.997571
0.994784
0.972052
0.996115
0.965128
0.214552
0.642031
0.999576
0.348359
0.948965
0.972409
0.975879
0.173512
0.862435
0.997019
0.973227
0.998551
0.982769
0.992567
0.978825
0.996737
0.9973
0.994479
0.995996
0.990488
0.391419
0.986914
0.984238
0.999646
0.594703
0.990476
0.969635
0.979755
0.932882
0.991376
0.755449
0.984349
0.997304
0.939021
0.875887
0.845964
0.999884
0.998578
0.999898
0.985111
0.813124
0.48005
0.729207
0.127118
0.976132
0.021744
0.998587
0.996496
0.916159
0.983281
0.990131
0.98684
0.999584
0.351904
0.998779
0.955237
0.998177
0.999362
0.999595
0.987074
1.000032
0.922052
0.99905
0.839986
0.998052
0.991677
0.596265
0.999827
0.997168
0.926357
0.5053
0.991175
0.810144
0.995789
0.998952
0.997482
0.895274
0.987083
0.999981
0.993442
0.997662
0.998466
0.981012
0.995182
0.985603
0.972034
0.951075
0.999689
0.521044
0.526735
0.809271
0.997748
0.997824
0.950989
0.974997
0.996789
0.562472
0.988572
0.999567
0.997977
0.801125
0.999331
0.843504
0.978424
0.997314
0.567963
0.856312
0.998849
0.999494
0.97034
0.124993
0.996101
0.995814
0.252301
0.99958
0.578045
0.983099
0.951323
0.995349
0.986941
0.998309
0.989256
0.368748
0.989902
0.976924
0.991954
0.986397
0.999487
0.998883
0.986775
0.943071
0.854772
0.673305
0.933729
0.880438
0.96326
0.999569
0.956091
0.998148
0.999533
0.954868
0.986199
0.320309
0.949422
0.963915
0.463603
0.979725
0.647981
0.997805
0.373426
0.946927
0.848214
0.982823
0.910072
0.999855
0.996299
0.999215
0.999265
0.996686
0.996406
0.863063
0.999538
0.820701
0.999791
0.997666
0.979744
0.773205
0.875204
0.995368
0.9954
0.988366
0.999209
0.877506
0.986555
0.999526
0.997966
0.988095
0.999784
0.996965
0.927893
0.627481
0.996831
0.911411
0.996071
0.999861
0.96606
0.996284
0.99633
0.933967
0.911693
0.879792
0.999395
0.986146
0.971346
0.999505
0.566934
0.997526
0.873556
0.945234
0.997276
0.925917
0.691694
0.983345
0.387787
0.996283
0.973444
0.9995
0.990546
0.973632
0.950788
0.980185
1.000039
0.845768
0.973762
0.970761
0.986961
0.918046
0.95623
0.999374
0.993727
0.999022
0.988012
0.836079
0.999143
0.987858
0.99987
0.990282
0.762841
0.798466
0.950976
0.975472
0.996037
0.998879
0.160354
0.994041
0.980296
0.824195
0.993636
0.65136
0.987351
0.996241
0.929347
0.885831
0.930394
0.98728
0.662131
0.999058
0.999927
0.99066
0.951165
0.954644
0.996485
0.175114
0.999558
0.90519
0.957773
0.994359
0.994041
0.201789
0.957616
0.898892
0.904473
0.226283
0.986629
0.984274
0.820936
0.933536
0.987019
0.998933
0.980343
0.988013
0.903842
0.746296
0.996118
0.922011
0.986184
0.980922
0.996022
0.85536
0.971256
0.999411
0.986055
0.980809
0.910982
0.979484
0.999755
0.997896
0.836303
0.999105
0.982753
0.249493
0.99941
0.991336
0.703083
0.961738
0.998469
0.995311
0.998974
0.998368
0.625146
0.985684
0.997471
1.000011
0.994589
0.994681
0.859662
0.832528
0.998979
0.998705
0.933221
0.954235
0.972031
0.975643
0.975229
0.997459
0.993187
0.993494
0.716919
0.987607
0.997494
0.994719
0.999124
0.998624
0.964606
0.999749
0.806694
0.999976
0.760952
0.542844
0.861802
0.999596
0.998096
0.999679
0.99997
0.994839
0.994922
0.979114
0.999339
0.991567
0.480745
0.967113
0.999984
0.861026
0.995201
0.992365
0.994046
0.964999
0.998186
0.989544
0.998919
0.932466
0.99954
0.966878
0.990794
0.843855
0.884982
0.844519
0.999408
0.970986
0.999898
0.964
0.94132
0.717999
0.998557
0.994931
0.935491
0.998844
0.99852
0.993878
0.999584
0.99804
0.996243
0.998248
0.843953
0.784993
0.997569
0.992638
0.983556
0.936737
0.891565
0.999379
0.995214
0.275548
0.667723
0.999653
0.999545
0.999385
0.997022
0.99656
0.975189
0.014298
0.16102
0.991399
0.999714
0.958864
0.660466
0.8523
0.947647
0.888478
0.972198
0.999461
0.96551
0.999527
0.773993
0.994132
0.989964
0.979921
0.999307
0.584394
0.997647
0.984835
0.901193
0.999279
0.999843
0.62447
0.994423
0.228351
0.995375
0.197541
0.989951
0.151386
0.731651
0.99183
0.960749
0.417235
0.998622
0.998738
0.993476
0.999247
0.999844
0.947755
0.990775
0.894365
0.875824
0.949428
0.998927
0.44205
0.875222
0.989256
0.920287
0.989131
0.998876
0.856768
0.998134
0.999748
0.967015
0.972856
0.947345
0.76354
0.999661
0.786381
0.997215
0.989814
0.997593
0.902627
0.508669
0.93761
0.900689
0.938474
0.993254
0.820549
0.990868
0.591472
0.318811
0.865715
0.999809
0.996527
0.993981
0.938911
0.813168
0.97803
0.998619
0.999693
0.992045
0.999247
0.999276
0.984044
0.989748
0.965773
0.997934
0.998169
0.99492
0.989635
0.998581
0.026763
0.848911
0.985652
0.680895
0.98183
0.998578
0.293486
0.934667
0.860221
0.705675
0.516886
0.946675
0.99932
0.977692
0.100344
0.999218
0.85163
0.999165
0.993916
0.235248
0.958656
0.932634
0.999865
0.999491
0.986869
0.937615
0.984927
0.339534
0.967722
0.997808
0.965379
0.997387
0.995333
0.999388
0.997963
0.99974
0.995833
0.999412
0.455105
0.992447
0.7066
0.999892
0.997156
0.984896
0.905308
0.999304
0.99861
0.461286
0.915599
0.995464
0.999548
0.976896
0.992848
0.999955
0.994774
0.988349
0.997774
0.999101
0.991534
0.999329
0.990926
0.824573
0.926848
0.970274
0.946767
0.997056
0.76016
0.912288
0.999762
0.996512
0.438537
0.99392
0.988327
0.649496
0.999522
0.977666
0.998512
0.592907
0.882751
0.511278
0.996932
0.728626
0.999152
0.999538
0.605562
0.986705
0.996571
0.99956
0.838731
0.999764
0.998687
0.978378
0.969895
0.484695
0.997554
0.98331
0.999361
0.80571
0.998683
0.996621
0.983438
0.99065
0.999577
0.818396
0.783763
0.990496
0.979907
0.999849
0.999129
0.765691
0.998431
0.610834
0.998424
0.98965
0.949893
0.989192
0.988582
0.999575
0.998152
0.995262
0.987702
1.000011
0.919794
0.824428
0.61363
0.981316
0.825642
0.972943
1.000006
0.995714
0.768438
0.981625
0.987062
0.995024
0.992312
0.996977
0.926136
0.998222
0.825013
0.875772
0.072034
0.999632
0.996937
0.997642
0.960409
0.998443
0.989844
0.999425
0.565246
0.995436
0.985468
0.995614
0.999307
0.984596
0.996687
0.998025
0.998756
0.977101
0.979484
0.978546
0.987181
0.91861
0.857454
0.999727
0.151886
0.932145
0.991151
0.960068
0.998399
0.806039
0.535004
0.792831
0.910306
0.988682
0.84909
0.979407
0.99913
0.860863
0.826312
0.999725
0.941499
0.944708
0.886138
0.999539
0.996596
0.949408
0.99959
0.053727
0.999212
0.989551
0.983444
0.975945
0.928761
0.988927
0.995341
0.999157
0.997824
0.956288
0.999699
0.769363
0.980175
0.520531
0.998192
0.999912
0.98669
0.240406
0.995738
0.943859
0.964632
0.916187
0.997118
0.974396
0.998604
0.740018
0.98606
0.376153
0.766232
0.991581
0.479053
0.851145
0.997165
0.999169
0.981435
0.999391
0.999738
0.99853
0.333565
0.98538
0.998275
0.999693
0.737946
0.991855
0.995272
0.877563
0.998844
0.999065
0.832574
0.261767
0.999525
0.991097
0.765288
0.999357
0.991453
0.9994
0.951204
0.994742
0.994142
0.997795
0.931732
0.998872
0.995694
0.998784
0.917717
0.995388
0.999223
0.875347
0.971147
0.874373
1.000025
0.984364
0.523233
0.979456
0.995712
0.276115
0.114454
0.35247
0.996777
0.971688
0.995969
0.998932
0.998594
0.997322
0.807843
0.983538
0.997337
0.278712
0.97883
0.998939
0.931773
0.097968
0.977996
0.995211
0.977061
0.999379
0.975223
0.981541
0.989079
0.931133
0.978257
0.999826
0.884772
0.221156
0.989347
0.971986
0.94394
0.863245
0.943499
0.997677
0.998232
0.984677
0.877878
0.270323
0.945649
0.991143
0.962581
0.999576
0.229309
0.973873
0.973106
0.999891
0.999888
0.998868
0.511385
0.999463
0.981607
0.998108
0.998947
0.997855
0.998607
0.474344
0.941815
0.988298
0.910106
0.953721
0.738503
0.995808
0.996246
0.994667
0.999246
0.99966
0.996247
0.762903
0.999398
0.880951
0.980498
0.996958
0.926251
0.999149
0.994988
0.767958
0.949758
0.998214
0.79971
0.873001
0.882936
0.953897
0.965776
0.998737
0.983516
0.9369
0.998089
0.984662
0.999166
0.974677
0.932998
0.997905
0.899899
0.957842
0.998908
0.65463
0.04109
0.999094
0.999725
0.386447
0.984618
0.791472
0.957482
0.889466
0.998849
0.999114
0.982861
0.711005
0.999996
0.99559
0.998409
0.989128
0.968936
0.998501
0.957973
0.998837
0.246888
0.644235
0.999094
0.998749
0.995935
0.936813
0.998342
0.580082
0.739128
0.99909
0.999515
0.983624
0.998606
0.606553
0.989242
0.997996
0.302591
0.310346
0.983451
0.997902
0.743475
0.466493
0.99843
0.985086
0.294386
0.989333
0.975343
0.999122
0.988647
0.968866
0.999587
0.994183
0.986551
0.028908
0.999528
0.994049
0.255293
0.999989
0.988594
0.649111
0.997817
0.931871
0.999694
0.983564
0.949896
0.999955
0.972614
0.977086
0.993041
0.997585
0.997554
0.993371
0.992438
0.514997
0.981695
0.805018
0.713583
0.995607
0.998918
0.960339
0.967762
0.976852
0.998159
0.827765
0.996957
0.960221
0.990715
0.930986
0.999156
0.998301
0.99559
0.345771
0.132309
0.999629
0.98408
0.970919
0.962935
0.99064
0.998618
0.993059
0.997825
0.994142
0.991587
0.865662
0.97254
0.999077
0.997068
0.513797
0.985105
0.999833
0.994313
0.996058
0.999184
0.992551
0.993716
0.133402
0.998194
0.999938
0.547491
0.999602
0.119257
0.947496
0.995614
0.998572
0.488657
0.788523
0.679193
0.792941
0.172796
0.999227
0.251726
0.993946
0.422127
0.999524
0.982174
0.999297
0.998529
0.989642
0.983244
0.986181
0.998623
0.977224
0.999666
0.910792
0.994382
0.982382
0.999938
0.982475
0.498331
0.858599
0.996529
0.765617
0.663739
0.99636
0.993074
0.941097
0.985506
0.999311
0.996239
0.996597
0.735544
0.707054
0.999489
0.99977
0.985064
0.606303
0.977345
0.988943
0.987108
0.992118
0.980988
0.518701
0.994012
0.97105
0.996303
0.980694
0.977638
0.999705
0.560297
0.282064
0.997693
0.985399
0.7895
0.98299
0.98323
0.965451
0.991189
0.167042
0.966505
0.973114
0.75454
0.977709
0.999708
0.944639
0.899623
0.931534
1.000014
0.999577
0.952589
0.999018
0.999929
0.948687
0.78389
0.844744
0.949355
0.998768
0.963854
0.961851
0.966123
0.990964
0.999515
0.655574
0.992131
0.997204
0.955348
0.851517
0.927948
0.991556
0.997369
0.973456
0.464052
0.970903
0.998951
0.602959
0.852454
0.970173
0.968109
0.994618
0.999727
0.994955
0.956151
0.999265
0.721606
0.661754
0.848129
0.977145
0.991344
0.847085
0.992949
0.999641
0.999624
0.973559
0.998318
0.989725
0.999774
0.995792
0.999469
0.970805
0.977983
0.921435
0.999112
0.998857
0.973548
0.99842
0.997498
0.997628
0.949229
0.999726
0.99099
0.996798
0.999642
0.722873
0.965256
0.188763
0.984883
0.968819
0.994966
0.966974
0.991853
0.995162
0.999824
0.969856
0.9996
0.976678
0.304357
0.999483
0.89975
0.99415
0.999971
0.759576
0.998355
0.897948
0.997043
0.971867
0.992186
0.990822
0.99428
0.587461
0.973399
0.983225
0.999702
0.973714
0.996194
0.988328
0.989282
0.996372
0.999993
0.824749
0.998782
0.999076
0.994689
0.920618
0.999011
0.996072
0.798009
0.991492
0.767407
0.976604
0.069401
0.940643
0.890074
0.997054
0.977919
0.662624
0.954622
0.909075
0.999835
0.999513
0.999343
0.9743
0.908341
0.999643
0.975439
0.995662
0.974485
1.000063
0.995404
0.991464
0.964982
0.999357
0.99911
0.988603
0.999897
0.999294
0.999695
0.903917
0.969419
0.957473
0.911426
0.977504
0.941951
0.881475
0.942602
0.998637
0.997494
0.965116
0.998918
0.987636
0.994822
0.998713
0.213982
0.485451
0.992101
0.034678
0.997438
0.711781
0.999453
0.994553
0.98704
0.999622
0.877879
0.993672
0.992023
0.994156
0.999006
0.994987
0.998595
0.84942
0.97211
0.976762
0.998407
0.999864
0.942231
0.994841
0.999582
0.987422
0.998074
0.999979
0.975999
0.778553
0.693053
0.995461
0.997596
0.961361
0.798195
0.979145
0.961878
0.46574
0.999187
0.998372
0.997678
0.998116
0.975159
1.000055
0.920499
0.658218
0.701317
0.986091
0.812965
0.999199
0.993238
0.900779
0.698084
0.778718
0.995071
0.999494
0.998187
0.963866
0.955423
0.959082
0.957696
0.999398
0.964434
0.999911
0.940299
0.999369
0.975128
0.961492
0.989139
0.999168
0.994866
0.934312
0.977366
0.024513
0.996572
0.772039
0.897212
0.244032
0.929068
0.961108
0.999544
0.910258
0.984205
0.800851
0.923094
0.997467
0.990915
0.998158
0.994186
0.99609
0.996885
0.997165
0.997519
0.999523
0.976141
0.994149
0.991569
0.988028
0.999275
0.999977
0.949437
0.442054
0.999789
0.992914
0.810733
0.33987
0.996735
0.073272
0.998266
0.99623
0.99751
0.996329
0.91078
0.992961
0.84588
0.994383
0.994282
0.91538
0.955345
0.950114
0.599191
0.854065
0.994942
0.991988
0.905074
0.998042
0.994679
0.976236
0.995106
0.92137
0.998227
0.995991
0.999636
0.869086
0.999304
0.958587
0.957848
0.647157
0.802565
0.991576
0.997859
0.991312
0.96982
0.978672
0.957923
0.999869
0.99591
0.769251
0.918261
0.98657
0.995414
0.998992
0.921097
0.99773
0.99691
0.983257
0.986287
0.960344
0.999963
0.780322
0.94295
0.999748
0.965992
0.966072
0.989957
0.235302
0.997662
0.742772
0.999099
0.683579
0.968709
0.997683
0.999835
0.996323
0.960091
0.99614
0.721609
0.999098
0.996506
0.999518
0.443589
0.997499
0.949735
0.997813
0.812026
0.933645
0.994884
0.99971
0.999222
0.987138
0.665568
0.9966
0.996684
0.977309
0.043506
0.994867
0.989996
0.51797
0.999997
0.88201
0.994486
0.976471
0.953149
0.997157
0.94909
0.99455
0.992833
0.998937
0.964103
0.979346
0.98935
0.999656
0.996501
0.998622
0.977874
0.992506
0.999539
0.998797
0.999275
0.980077
0.999753
0.997369
0.990319
0.896393
0.999065
0.998513
0.227909
0.852199
0.979898
0.959412
0.999842
0.999011
0.954319
0.999813
0.975214
0.895546
0.794405
0.993953
0.978
0.989077
0.260253
0.977328
0.953549
0.998168
0.944738
0.98165
0.956883
0.983464
0.682197
0.996888
0.964789
0.99906
0.987572
0.399351
0.682259
0.974127
0.987733
0.994851
0.985595
0.999646
0.993177
0.979561
0.997878
0.544735
0.934136
0.996471
0.997006
0.999021
0.201027
0.961757
0.998938
0.996894
0.9921
0.999496
0.993761
0.999137
0.990338
0.99996
0.999732
0.997332
0.994978
0.977588
0.913938
0.936594
0.993877
0.995123
0.985723
0.997928
0.114699
0.999674
0.955392
0.981597
0.999462
0.982126
0.998086
0.909688
0.999966
0.990496
0.229906
0.988762
0.871233
0.987261
0.987745
0.848632
0.963763
0.589103
0.965173
0.480358
0.958661
0.519773
0.99867
0.81956
0.947625
0.830564
0.996142
0.994299
0.883863
1.000044
0.979188
0.996476
0.994664
0.952641
0.970328
0.936685
0.924862
0.587968
0.955142
0.89423
0.999709
0.99022
0.898852
0.998098
0.993606
0.893831
0.871656
0.636351
0.99955
0.954801
0.912798
0.97752
0.980726
0.997745
0.764377
0.999109
0.998611
0.378308
0.997873
0.96986
0.995767
0.992978
0.991745
0.998753
0.797508
0.708646
0.963694
0.999739
0.992761
0.964517
0.998074
0.452964
0.994983
0.495463
0.89617
0.922523
0.966647
0.891072
0.924061
0.752115
0.999338
0.985215
0.732463
0.986591
0.972392
0.865375
0.782998
0.973576
0.950939
0.944389
0.997115
0.895665
0.988292
0.999899
0.996472
0.981845
0.842118
0.351122
0.998608
0.998576
0.978742
0.986782
0.635092
0.999446
0.935049
0.968226
0.036289
0.970844
0.930209
0.816078
0.873512
0.393106
0.998574
0.997014
0.970806
0.997633
0.962354
0.98513
0.996523
0.938652
0.989706
0.954298
0.979881
0.980887
0.981702
0.191685
0.635472
0.947942
0.983943
0.956079
0.996818
0.963813
0.995494
0.999039
0.973854
0.984347
0.913345
0.98133
0.985204
0.866394
0.613049
0.077751
0.998714
0.64393
0.998107
0.992257
0.877207
0.989145
0.962724
0.898363
0.757642
0.952774
0.99834
0.916385
0.997677
0.999506
0.995212
0.928992
0.979758
0.999805
0.986186
0.762797
0.831228
0.997119
0.971944
0.993052
0.998409
0.998196
0.999449
0.997478
0.969186
0.979632
0.881431
0.99714
0.998939
0.990648
0.649908
0.998961
0.983043
0.996502
0.989873
0.936396
0.999999
0.962285
0.999037
0.98693
0.995873
0.995762
0.998194
0.018188
0.990544
0.732323
0.969963
0.865534
0.965276
0.94222
0.760421
0.831999
0.933754
0.999915
0.999746
0.990922
0.994119
0.23697
0.997161
0.905959
0.977434
0.942911
0.95436
0.909974
0.993633
0.964018
0.998118
0.968834
0.997623
0.99948
0.253925
0.998623
0.99698
0.972489
0.912673
0.9976
0.989917
0.963917
0.999293
0.966566
0.980388
0.997318
0.932636
0.999177
0.995142
0.894084
0.74762
0.965929
0.992462
0.828964
0.790983
0.997432
0.987707
0.92469
0.984582
0.999924
1.000029
0.999791
0.987405
0.998448
0.988915
0.912771
0.999464
0.965071
1.000045
0.997382
0.996652
0.995043
0.955125
0.91682
0.984386
0.576425
0.998345
0.995786
0.853657
0.986178
0.980635
0.937899
0.999918
0.853063
0.993007
0.999439
0.985312
0.982057
0.995905
0.995033
0.98389
0.938342
0.428869
0.969182
0.998554
0.99912
0.867326
0.71221
0.999967
0.943444
0.914644
0.998463
0.998357
0.967267
0.870448
0.991931
0.994204
0.99335
0.999664
0.9986
0.998431
0.865205
0.996038
0.936683
0.662298
0.998087
0.998002
0.774906
0.993414
0.27274
0.958843
0.91766
0.999704
0.903994
0.999853
0.999477
0.989885
0.999702
0.99936
0.995058
0.762191
0.526635
0.98337
0.577806
0.99955
0.999034
0.999624
0.991019
0.977795
0.979217
0.997831
0.993289
0.999249
0.988391
0.997686
0.997643
0.997203
0.99663
0.759673
0.53361
0.87693
0.977412
0.995551
0.959157
0.994538
0.999549
0.972827
0.999418
0.612208
0.986445
0.997847
0.980902
0.886812
0.995009
0.99902
0.997865
0.997086
0.9996
0.977698
0.999651
0.993173
0.994203
0.944818
0.995735
0.87836
0.99996
0.94796
0.311393
0.518125
0.988224
0.97328
0.999634
0.286263
0.173161
0.884662
0.998741
0.924864
0.664432
0.753769
0.973331
0.953049
0.646604
0.999814
0.999922
0.997725
0.99875
0.421835
0.700215
0.995703
0.986138
0.998053
0.987117
0.995062
0.992926
0.995526
0.995381
0.77786
0.992056
0.451393
0.997179
0.992663
0.998052
0.967784
0.803757
0.996926
0.998802
0.970835
0.75271
0.065018
0.913821
0.925386
0.990161
0.600463
0.998525
0.495118
0.999693
0.989647
0.989904
0.795104
0.967694
0.988277
0.890752
0.998593
0.997279
0.923017
1.000062
0.987819
0.953349
0.999917
0.999828
0.999494
0.569677
0.997527
0.617787
0.913059
0.988637
0.921688
0.996224
0.999675
0.99505
0.999193
0.994162
0.992533
0.675686
0.64729
0.997126
0.997237
0.994918
0.998101
0.992632
0.759759
0.955091
0.999576
0.96885
0.988727
0.995597
0.899643
0.999622
0.999829
0.990586
0.987106
0.998965
0.978787
0.999469
0.998885
0.991295
0.999875
0.993951
0.999392
0.998084
0.822412
0.999398
0.985356
0.979932
0.995553
0.925274
0.991918
0.99915
0.998004
0.995835
0.999326
0.953123
0.995108
0.988985
0.840918
0.631037
0.996341
0.937387
0.892539
0.989516
0.997277
0.93406
0.993196
0.968199
1.000059
0.789182
0.985298
0.998146
0.973453
0.996983
0.995795
0.977327
0.890624
0.802105
0.999676
0.99707
0.842282
0.73332
0.998207
0.986883
0.896496
0.922136
0.990101
0.998612
0.841144
0.995851
0.968397
0.990151
0.861224
0.916054
0.994436
0.533311
0.86898
0.998621
0.999203
0.981011
0.998044
0.957152
0.940192
0.983411
0.999771
0.11553
0.99758
0.98517
0.998478
0.795885
0.999652
0.991497
0.999185
0.997776
0.997176
0.998741
0.98504
0.999574
0.908375
0.993906
0.899298
0.985151
0.998934
0.99806
0.998406
0.999407
0.999675
0.941858
0.01186
0.451353
0.999355
0.999688
0.94178
0.998347
0.929436
0.999952
0.948444
0.994671
0.9436
0.905704
0.999747
0.039599
0.998649
0.989445
0.998871
0.994394
0.9944
0.994545
0.997453
0.947594
0.49782
0.868598
0.996949
0.620589
0.931624
0.999302
0.971154
0.998781
0.979577
0.997363
0.999955
0.898203
0.983387
0.986952
0.994116
0.928618
0.999354
0.94786
0.965111
0.99887
0.52911
0.749152
0.98882
0.938861
0.998428
0.998747
0.017739
0.97542
0.999345
1.000074
0.968089
0.988895
0.894046
0.073677
0.716321
0.968374
0.716521
0.815555
0.837677
0.999444
0.99513
0.999857
0.9994
0.861972
0.991802
0.999416
0.996867
0.999235
0.998
0.978056
0.991832
0.984769
0.916414
0.972855
0.973788
0.964576
0.613355
1.000019
0.990519
0.948329
0.899734
0.984628
0.998461
0.983333
0.99784
0.722522
0.967376
0.999562
0.990108
0.993444
0.995748
0.983161
0.993926
0.99796
0.998838
0.999423
0.996011
0.999039
0.973543
0.998278
0.999847
0.999725
0.997467
0.92901
0.803091
0.997406
0.999823
0.999461
0.997956
0.941752
0.953477
0.991824
0.990482
0.996475
0.949996
0.999805
0.970194
0.903334
0.999722
0.984656
0.989995
0.043986
0.54354
0.991486
0.997178
0.976807
0.996338
0.999831
0.999899
0.99612
0.988895
0.990515
0.999459
0.76469
0.977929
0.867246
0.886306
0.94314
0.991535
0.999454
0.999263
0.994091
0.998543
0.945098
0.95326
0.995128
0.858293
0.667318
0.990111
0.014825
0.988861
0.999828
0.997211
0.961441
0.795843
0.97179
0.868643
0.995059
0.999107
0.898106
0.996794
0.986646
0.997592
0.986277
0.993155
0.910573
0.98014
0.999761
0.982928
0.845599
0.924808
0.998969
0.948577
0.971035
0.966895
0.996757
0.990058
0.906026
0.999343
0.999586
0.999859
0.936465
0.900347
0.999124
0.998267
0.991749
0.997497
0.965625
0.990518
0.980329
0.952844
0.995353
0.996751
0.999192
0.356312
0.98536
0.970461
0.999416
0.999348
0.959062
0.999562
0.76244
0.308725
0.964626
0.993051
0.998766
0.833285
0.997994
0.997368
0.976893
0.782217
0.946474
0.94564
0.984535
0.996593
0.996784
0.988412
0.998018
0.999884
0.990128
0.85523
0.998557
0.998233
0.991911
0.99545
0.997416
0.998165
0.825661
0.897981
0.999279
0.973235
0.999385
0.922929
0.870531
0.96069
0.988791
0.948414
0.9309
0.996223
0.997415
0.24142
0.999507
0.999574
0.719676
0.997092
0.969729
0.995618
0.99947
0.999629
0.979932
0.992851
0.997973
0.764926
0.811551
0.996162
0.072391
0.992063
0.985374
0.998835
0.173557
0.425424
0.778675
0.995022
0.738892
0.999474
0.985779
0.989505
0.968442
0.997579
0.993637
0.996397
0.998706
0.353914
0.932261
0.989268
0.991686
0.998535
0.998665
0.848306
0.999307
0.999739
0.984214
0.933165
0.046052
0.966985
0.992944
0.998191
0.999343
0.975434
0.9997
0.997874
1.000026
0.841512
0.988023
0.99972
0.999087
0.976931
0.996659
0.98958
1.000001
0.999629
0.995926
0.896882
0.8886
0.973701
0.954809
0.999304
0.999878
0.992767
0.98897
0.968804
0.99251
0.98587
0.999917
0.950054
0.997935
0.916434
0.988698
0.960092
0.970757
0.999703
0.992398
0.999967
0.998992
0.970069
0.91405
0.792941
0.933111
0.572218
0.892511
0.907274
0.982713
0.998891
0.313247
0.980206
0.922244
0.909715
0.890873
0.967808
0.972773
0.997044
0.933398
0.969853
0.99599
0.995414
0.999826
0.999389
0.987019
0.979025
0.956576
0.911674
0.962586
0.999149
0.776274
0.999393
0.548891
0.985319
0.920817
0.999182
0.934628
0.960615
0.998012
0.970725
0.958802
0.994859
0.427709
0.997216
0.99987
0.993665
0.906881
0.999175
0.996357
0.370354
0.991788
0.992094
0.839607
0.997424
0.820734
0.98687
0.412186
0.998947
0.955918
0.994322
0.997567
0.917136
0.99904
0.988528
0.963325
0.973581
0.998121
0.990236
0.935341
0.781336
0.992429
0.998664
0.860539
0.552214
0.984424
0.939267
0.999228
0.08527
0.93591
0.991174
0.223082
0.989665
0.482317
0.778177
0.998662
0.928877
0.998193
0.998472
0.974556
0.999363
0.998113
0.997129
0.593811
0.998602
0.978615
0.997765
0.993862
0.991116
0.991165
0.996983
0.994796
0.998205
0.983915
0.992519
0.986517
0.452755
0.972366
0.997422
0.997749
0.974895
0.999491
0.987792
0.994152
0.999212
0.971239
0.972229
0.994845
0.979284
0.994488
0.999805
1.000053
0.998893
0.997348
0.992102
0.994328
0.915326
0.902942
0.999182
0.996441
0.995706
0.992605
0.833123
0.96627
0.996477
0.995325
0.966589
0.976387
0.999538
0.99818
1.00002
0.70075
0.856544
0.964475
0.854799
0.999918
0.998016
0.454808
0.99948
0.98773
0.99843
0.998971
0.398427
0.996015
0.988346
0.998625
0.992408
0.99742
0.999199
0.9989
0.392189
0.999159
0.99939
0.954719
0.884499
0.99899
0.685873
0.991565
0.99907
0.999476
0.905149
0.97424
0.881551
0.737361
0.992805
0.983216
0.800372
0.984109
0.993505
0.963805
0.993078
0.999903
0.995668
0.99952
0.988764
0.998173
0.115749
0.99652
0.991915
0.999761
0.988178
0.995265
0.935602
0.956002
0.912314
0.057677
0.302301
0.999981
0.537437
0.994052
0.994513
0.998557
0.980799
0.855481
0.886804
0.999491
0.999046
0.946479
0.975823
0.844912
0.986476
0.999021
0.976222
0.990217
0.994502
0.972203
0.976647
0.837149
0.996706
0.073514
0.989739
0.951673
0.903658
0.999837
0.759017
0.859537
0.999787
0.997714
0.998
0.976943
0.372466
0.994877
0.999738
0.995725
0.997536
0.999763
0.999733
0.970502
0.97692
0.992646
0.942827
0.885855
0.802639
0.902588
0.982159
0.929503
0.99998
0.922451
0.982559
0.988121
0.99757
0.960537
0.990605
0.993503
0.998518
0.999259
0.97773
0.978717
0.940409
0.996286
0.976991
0.893227
0.991316
0.994069
0.854326
0.998899
0.999416
0.976552
0.995731
0.724982
0.217651
0.662542
0.998142
0.581458
0.98925
0.792858
0.994646
0.872742
0.957289
0.42978
0.713579
0.683206
0.99733
0.999791
0.880107
0.942677
0.49327
0.999256
0.949722
0.992757
0.230959
0.972074
0.994888
0.84297
0.946012
0.976749
0.999139
0.819733
0.706511
0.954594
0.999286
0.965814
0.617845
0.999581
0.947332
0.985274
0.783417
0.999751
0.911172
0.879299
0.999193
1.000076
0.903475
0.999081
0.115688
0.938012
0.688598
0.924336
0.999748
0.993767
0.997192
0.999852
0.11481
0.9846
0.9632
0.999519
0.84012
0.454601
0.989745
0.999614
0.998849
0.999724
0.994817
0.99868
0.927791
0.975061
0.328132
0.997575
0.999785
0.959907
0.915677
0.987327
0.325273
0.927565
0.996195
0.997934
0.876497
0.993354
0.993089
1.000068
0.583303
0.957533
0.999926
0.981352
0.999779
0.973624
0.999275
0.99895
0.999867
0.999913
0.999126
0.890852
0.999709
0.999453
0.82971
0.991312
0.828051
0.9997
0.999437
0.999661
0.976377
0.995876
0.997893
0.883145
0.856285
0.99592
0.996417
0.993686
0.999756
0.999637
0.978392
0.993588
0.28168
0.941935
0.999941
0.366844
0.996769
0.9889
0.99238
0.999399
0.997564
0.911487
0.94894
0.999108
0.2692
0.999684
0.927454
0.992109
0.999753
0.872307
0.148393
0.967253
0.997407
0.575343
0.9911
0.260606
0.997764
0.912665
0.99863
0.970143
0.995678
0.99159
0.994106
0.684465
0.925229
0.969258
0.962442
0.999047
0.450343
0.939584
0.990833
0.996408
0.999753
0.757284
0.60988
0.992248
0.996011
0.68457
0.894986
0.999812
0.895338
0.997021
0.471462
0.993036
0.950448
0.997424
0.973959
0.966393
0.988318
0.923062
0.999516
0.874402
0.871311
0.848457
0.999773
0.954153
0.999727
0.992329
0.998046
0.963494
0.999305
0.961753
1.000079
0.796155
0.541369
0.990703
0.913774
0.992038
0.998557
0.544698
0.999403
0.874753
0.939006
0.98438
0.999078
0.392537
0.935547
0.890795
0.999096
0.883399
0.999157
0.940385
0.935538
0.967704
0.98036
0.993557
0.517626
0.99938
0.998133
0.949153
0.917725
0.961203
0.994955
0.999579
0.994393
0.870486
0.96236
1.00005
0.595482
0.99331
0.986615
0.976796
0.999981
0.999078
0.998792
0.819251
0.966062
0.902641
0.508974
0.999678
0.872371
0.983527
0.967204
0.999697
0.538727
0.995978
0.997191
0.996102
0.992497
0.819554
0.989252
0.958584
0.892103
0.99245
0.951189
0.983434
0.999943
0.999159
0.830249
0.977978
0.895025
0.889785
0.999703
0.483467
0.650514
0.992057
0.975726
0.31451
0.322707
0.999198
0.996275
0.98552
0.969814
0.99967
0.999932
0.978821
0.9984
0.994539
0.984846
0.982896
0.96065
0.020529
0.092596
0.874504
0.993182
0.861405
0.99178
0.993497
0.571991
0.999613
0.999011
0.96819
0.999117
0.965305
0.999193
0.999785
0.975397
0.995936
0.936042
0.924643
0.990697
0.760858
0.990956
0.860145
0.667408
0.984733
0.977392
0.99099
0.99764
0.965354
0.512327
0.971927
0.50805
0.998637
0.948153
0.996291
0.999956
0.997524
0.976582
0.914485
0.99733
0.990803
0.996846
0.910276
0.999106
0.872719
0.990333
0.896111
0.999442
0.99748
0.899975
0.27296
0.987056
0.99996
0.112431
0.83384
0.99024
0.996205
0.971719
0.874964
0.868961
0.966813
0.966754
0.979867
0.99722
0.98564
0.635469
0.867811
0.95334
0.994809
0.975105
0.997212
0.999953
0.581957
0.718215
0.990157
0.986603
0.998578
0.593065
0.999052
0.374643
0.987576
0.87469
0.977965
0.997974
0.97774
0.998521
0.999311
0.996211
0.997837
0.987881
0.972653
0.982688
0.954472
0.991641
0.994781
0.938735
0.914125
0.140038
0.999408
0.999442
0.35241
0.933513
0.77882
0.999983
0.999513
0.931473
0.999432
0.968518
0.996799
0.984294
0.994515
0.980561
0.996145
0.886125
0.925059
0.1522
0.997568
0.997191
0.92781
0.987369
0.987454
0.999277
0.391947
0.826303
0.974695
0.872636
0.978234
0.990893
0.870685
1.000061
0.498236
0.990996
0.998019
0.997579
0.999126
0.999337
0.996036
0.998233
0.929944
0.983971
0.969928
0.737693
0.785768
0.972395
0.999653
0.975058
0.999588
0.942498
0.452906
0.982887
0.994621
0.754914
0.976999
0.936858
0.691335
0.944521
0.845625
0.99833
0.999392
0.958793
0.990357
0.996928
0.362679
0.999413
0.999439
0.903414
0.849146
0.955858
0.937463
0.93131
0.992679
0.996557
0.984724
0.993445
0.927486
0.999362
0.610873
0.777986
0.995444
0.985989
0.97629
0.976448
0.960365
0.999569
0.995386
0.519703
0.983945
0.980717
0.997616
0.997498
0.963777
0.800066
0.962326
0.983355
0.998649
0.986103
0.938795
0.966901
0.935822
0.26743
0.99594
0.404822
0.989883
0.948758
0.988616
0.952423
0.919691
0.996979
0.996183
0.999768
0.965169
0.999625
0.999562
0.976874
0.970449
0.998482
0.999822
0.976641
0.998612
0.880809
0.993551
0.911304
0.972747
0.979504
0.999645
0.901249
0.996313
0.994543
0.947411
0.999355
0.99788
0.425246
0.943818
0.997374
0.997566
0.9997
0.958584
0.996065
0.8935
0.991274
0.989904
0.931691
0.973527
0.998442
0.919001
0.953376
0.950163
0.994793
0.998621
0.971002
0.998399
0.97381
0.94602
0.954748
0.941789
0.903826
0.998334
0.935435
0.272116
0.998692
0.929104
0.982941
0.99833
0.305415
0.971669
0.985056
0.99404
0.853751
0.513609
0.999524
0.989637
0.780069
0.999324
0.91215
0.998344
0.942553
0.952815
0.993481
0.993241
0.929495
0.958838
0.9999
0.977251
0.996932
0.999721
0.999373
0.995416
0.998486
0.99386
0.999708
0.982289
0.99515
0.996539
0.999578
0.994389
0.998064
0.999873
0.996558
0.951592
0.986585
0.987348
0.963406
0.999613
0.972704
0.937627
0.959554
0.900716
1.000063
0.999756
0.998107
0.99714
0.999428
0.89714
0.995268
0.964298
0.438871
0.999989
0.975271
0.321618
0.999652
0.993428
0.716567
0.925511
0.883353
0.073935
0.968531
0.990489
0.990828
0.992857
0.894833
0.983508
0.996221
0.984293
0.301736
0.998558
0.985709
0.999208
0.95146
0.992284
0.996605
0.988614
0.944891
0.942305
0.991441
0.504589
0.998037
0.99021
0.996021
0.830908
0.999354
0.949722
0.994164
0.276366
0.754524
0.277237
0.577679
0.98675
0.457608
0.958633
0.873558
0.368636
0.97797
0.944905
0.991749
0.988024
0.911446
0.991318
0.990399
0.998522
0.998599
0.862457
0.97848
0.999554
0.998151
0.998826
0.98468
0.996002
0.999777
0.965654
0.998671
0.942797
0.985566
0.998117
0.987122
0.877656
0.995656
0.974384
0.92084
0.325211
0.987085
0.805202
0.999777
0.995476
0.994318
0.939293
0.982507
0.99801
0.999219
0.376562
0.996168
0.963326
0.99896
0.854344
0.98541
0.999614
0.983949
0.992797
1.000042
0.991485
0.897583
0.999989
0.380955
0.997247
0.957899
0.999375
0.701469
0.875381
0.983161
0.997205
0.989678
0.999473
0.936874
0.98035
0.996738
0.96206
0.995458
0.99714
0.940004
0.862655
0.99238
0.977544
0.99913
0.998528
0.999599
0.789997
0.521839
0.999389
0.980174
0.783137
0.985881
0.967421
0.999867
0.999337
0.341216
0.999149
0.883762
0.919486
0.8771
0.999122
0.642536
0.999648
0.996602
0.981038
0.409258
0.992415
0.996773
0.974912
0.993012
0.853339
0.991497
0.995558
0.998255
1.000074
0.831371
0.801142
0.958655
0.909509
0.420987
0.851414
0.998115
0.969182
0.997029
0.976199
0.837684
0.921348
0.964008
0.97622
0.77948
0.546893
0.989837
0.877075
0.995623
0.988587
0.78066
0.915419
0.898223
0.954058
0.731158
0.97745
0.959373
0.998465
0.891441
0.972846
0.920116
0.990154
0.494672
0.998017
0.994853
0.999621
0.988445
0.933067
0.811646
0.998456
0.999788
0.98305
0.999232
0.699257
0.786924
0.920609
0.99643
0.930647
0.999378
0.997924
0.998812
0.995442
0.895468
0.763091
0.987981
0.974084
0.994959
0.977352
0.784192
0.999497
0.999656
0.855831
0.983298
0.985288
0.615634
0.998677
0.83672
0.999877
0.905137
0.992154
0.999447
0.999718
0.899052
0.999733
0.972881
0.992292
0.999385
0.999312
0.990899
0.967781
0.978104
0.992931
0.898872
0.604971
0.94117
0.648648
0.210794
0.999522
0.978571
0.783161
0.988287
0.995721
0.997294
0.87227
0.998631
0.960789
0.987183
0.998526
0.999472
0.986068
0.995676
0.965037
0.986246
0.999126
0.757541
0.988682
0.988999
0.998803
0.990747
0.979944
0.195499
0.573089
0.999814
0.818884
0.965973
0.176608
0.998468
0.814602
0.944007
0.985499
0.967331
0.04555
0.72923
0.969484
0.998819
0.975674
0.915831
0.999458
0.22473
0.986431
0.35287
0.985479
0.999814
0.998578
0.992945
0.999878
0.991632
0.999927
0.995542
0.999674
0.74438
0.996258
0.996053
0.489294
0.99449
0.932507
0.99853
0.993322
1.000015
0.573156
0.999099
0.377049
0.983126
0.999678
0.939825
0.99639
0.999097
0.995179
0.998325
0.161499
0.952672
0.997672
0.993083
0.998343
0.946335
0.911599
0.86531
0.986584
0.858163
0.800617
0.964945
0.988888
0.965828
0.982615
0.966235
0.906773
0.999439
0.541074
0.973841
0.960319
0.986714
0.982482
0.999736
0.964136
0.997636
0.738703
0.790055
0.998343
0.997322
0.964405
0.995666
0.992477
0.99064
0.448895
0.954871
0.996175
0.117238
0.946882
0.984721
0.972041
0.988042
0.968102
0.999731
0.032034
0.191234
0.25448
0.639854
0.999633
0.93887
0.990737
0.999307
0.96154
0.395065
0.897832
0.99695
0.123154
0.996562
0.972579
0.988083
0.550499
0.991673
0.99915
0.966662
0.995627
0.957419
0.849545
0.992982
0.99949
0.970563
0.81937
0.999194
0.947551
0.993451
0.9997
0.998531
0.968268
0.997752
0.927405
0.886394
0.997269
0.963526
0.204614
0.997836
0.995841
0.993401
0.994302
0.998694
0.99747
0.998739
0.964616
0.981374
0.999131
0.9817
0.999077
0.946064
0.956586
0.999716
0.996319
0.975291
0.994544
0.932934
0.998972
0.899907
0.994462
0.944513
0.957689
0.999292
0.949154
0.971034
0.999683
0.988255
0.882145
0.999888
0.993881
0.996769
0.96979
0.999719
0.999193
0.692331
0.943004
0.994928
0.941035
0.994608
0.996515
0.871533
0.948701
0.93542
0.868625
0.985857
0.999484
0.602013
0.997218
0.965519
0.991711
0.994333
0.998707
0.998986
0.99734
0.935256
0.98288
0.998686
0.998619
0.999259
0.948183
0.99998
0.388042
0.252949
0.80554
0.997327
0.97993
0.990656
1.000008
0.999249
0.825427
0.999824
0.995651
0.851426
0.975222
0.997734
0.963511
0.946995
0.235095
0.99894
1.000006
0.671154
0.993326
0.997303
0.801256
0.992161
0.98998
0.913056
0.992626
0.607299
0.999435
0.792084
0.99763
0.847075
0.994568
0.997281
0.986348
0.976386
0.997604
0.519841
0.119385
0.999266
0.809368
0.927457
0.998209
0.966928
0.940776
0.994039
0.999349
0.971467
1.000036
0.981011
0.997757
0.992673
0.999481
0.999677
0.997996
0.935636
0.976869
0.998164
0.059228
0.919615
0.996664
0.958839
0.758654
0.989967
0.995996
0.949603
0.999593
0.999399
0.995445
0.991472
0.984092
0.99856
0.997757
0.993459
0.968617
0.999032
0.999341
0.963685
0.948563
0.883101
0.907454
0.996945
0.98634
0.814163
0.831764
0.99936
0.989635
0.826825
0.869983
0.990917
0.604008
0.700358
0.995418
0.999956
0.989983
0.859284
0.995038
0.967398
0.992235
0.969814
0.990245
0.909913
0.999484
0.999017
0.402055
0.991678
0.99344
0.984658
0.998343
0.992
0.727492
0.968247
0.067058
0.993203
0.893636
0.994949
0.932778
0.999409
0.995479
0.715549
0.994205
0.988519
0.949459
0.996066
0.995293
0.606104
0.996618
0.077217
0.983772
0.908926
0.952141
0.98686
0.65064
0.97792
0.907937
0.968954
0.991466
0.991813
0.989881
0.90491
0.998112
0.99918
0.999884
0.992391
0.852079
0.985024
0.988719
0.991624
0.920093
0.992914
0.964471
0.995865
0.658281
0.999076
0.959714
0.965946
0.959208
0.998225
0.925687
0.427976
0.974737
0.236268
0.992999
0.987003
0.999175
0.880153
0.999966
0.946808
0.989169
0.990018
0.997965
0.986402
0.985291
0.999397
0.721775
0.947811
1.000021
0.996724
0.999325
0.849587
0.996952
0.968688
0.991943
0.985826
0.962049
0.911508
0.98983
0.66208
0.336818
0.997108
0.999083
0.938123
0.998377
0.844295
0.898552
0.988872
0.603764
0.323525
0.703412
0.99787
0.987722
0.946875
0.860815
0.997677
0.996826
0.99906
0.998871
0.994685
0.999174
0.994379
0.935238
0.990225
0.99682
0.992161
0.990641
0.986994
0.974967
0.906853
0.999245
0.98886
0.988313
0.999878
0.994838
0.9664
0.987718
0.990779
0.983138
0.997712
0.886967
0.970673
0.990027
0.757081
0.994882
0.969218
0.996253
0.998599
0.995002
0.568345
0.786998
0.932818
0.999792
0.652384
0.991823
0.998882
0.722571
0.345196
0.958002
0.999946
0.241231
0.992632
0.998394
0.991543
0.956763
0.474105
0.998754
0.195858
0.924683
0.981466
0.999619
0.812483
0.999378
0.993533
0.986408
0.988509
0.917581
0.999899
0.995522
0.998455
0.999693
0.861056
0.734183
0.938486
0.9878
0.583287
0.993242
0.744915
0.993916
0.306279
0.994852
0.961497
0.999883
0.999277
0.020273
0.945739
0.814655
0.999814
0.965189
0.980059
0.999947
0.448592
0.779658
0.86554
0.998903
0.995892
0.983932
0.998994
0.999959
0.964656
0.992137
0.930342
0.997532
0.99938
0.985299
0.950472
0.988338
0.946451
0.089385
0.999491
0.96101
0.999566
0.998196
0.949046
0.994207
0.899715
0.67997
0.994554
0.998894
0.961719
0.96014
0.988325
0.998988
0.832463
0.999637
0.968564
0.961055
0.717407
0.991273
0.903904
0.930649
0.681354
0.912543
0.550774
0.998512
0.629632
0.986324
0.883725
0.991343
0.990651
0.055249
0.998541
0.989035
0.999264
0.363607
0.999624
0.999516
0.975421
0.986098
0.832085
0.940915
0.992668
0.999543
0.959528
0.992537
0.784403
0.93252
0.994194
0.927403
0.987731
0.95856
0.997675
0.971188
0.999476
0.980452
0.854552
0.960233
0.995464
0.999511
0.992492
0.570221
0.984036
0.866195
0.986481
0.970431
0.964915
0.998195
0.984132
0.977162
0.947938
0.989362
0.999909
0.998438
0.999295
0.998216
0.999583
0.998717
0.881495
0.368211
0.9993
0.996949
0.999549
0.991905
0.993303
0.972098
0.99497
0.999003
0.998964
0.998386
0.996388
0.992997
0.99779
0.99306
0.820057
0.988702
0.430128
0.87812
0.043619
0.927932
0.962682
0.994737
0.374005
0.869134
0.991859
0.991722
0.995258
0.904506
0.999546
0.997137
0.998773
0.181823
0.98889
0.990619
0.859231
0.999752
0.997272
0.998844
0.726652
0.996039
0.999404
1.000012
0.999402
0.999306
0.978411
0.997609
0.998624
0.874724
0.994715
0.984894
0.999789
0.822485
0.095743
0.993934
0.960248
0.984043
0.978233
0.998236
0.999902
0.996687
0.998122
0.996746
0.995453
0.993346
0.69077
0.923708
0.949902
0.991824
0.997906
0.063491
0.922692
0.975147
0.918807
0.992822
0.209854
0.404786
0.989844
0.998627
0.999412
0.998817
0.996733
0.99939
0.996506
0.990403
0.989689
0.573332
0.84926
0.725317
0.990848
0.988192
0.995633
0.994783
0.996868
0.987695
0.950768
0.874305
0.117877
0.932933
0.656086
0.489323
0.994686
0.487187
0.999879
0.976315
0.999562
0.988536
0.972279
0.996065
0.983223
0.997504
0.777589
0.998502
0.999763
0.996632
0.977765
0.818996
0.998091
0.984957
0.781405
0.95042
0.957942
0.993731
0.993075
0.905394
0.945671
0.992244
0.998117
0.991691
0.99544
0.878944
0.974843
0.895
0.990236
0.82937
0.999639
0.976405
0.854127
0.978924
0.829375
0.9972
0.998495
0.917976
0.997124
0.998621
0.902005
0.984996
0.995449
0.817194
0.996456
0.979342
0.872128
0.953162
0.999912
0.97931
0.999247
0.965354
0.979472
0.993795
0.975566
0.958456
0.98364
0.998868
0.995389
0.824318
0.092403
0.98272
1.000009
0.998542
0.968042
0.995963
0.6282
0.991073
0.949518
0.968787
0.998616
0.992475
0.969246
0.99725
0.659204
0.183375
0.999192
0.988941
0.988119
0.996655
0.798268
0.956744
0.974956
0.822718
0.950494
0.95701
0.999234
0.992386
1.000036
0.972014
0.995484
0.997999
0.956899
0.999827
0.997011
0.953764
0.962112
0.278061
0.981486
0.977736
0.687088
0.793941
0.993151
0.994146
0.993317
0.99595
