time: 9.197547674179077, n: 1000
8.05623174e-04,7.86452540e-04,1.10000000e+01,3.40723056e-01,9.96606229e-04
9.61122725e-04,8.25043161e-04,1.20000000e+01,3.51142355e-01,1.09292060e-03
1.00128974e-03,8.25955042e-04,1.20000000e+01,3.49545136e-01,1.13517566e-03
6.51581669e-04,6.21342401e-04,8.00000000e+00,3.25513196e-01,5.92509598e-04
8.91784720e-04,7.84646980e-04,1.10000000e+01,3.38873813e-01,9.79994141e-04
1.03945323e-03,7.84313113e-04,1.10000000e+01,3.38988802e-01,9.49192636e-04
2.45291964e-03,1.11102735e-03,1.70000000e+01,3.63537118e-01,2.27889761e-03
3.10754366e-03,1.33927039e-03,2.10000000e+01,3.68498709e-01,3.20918222e-03
9.07395282e-04,8.24042403e-04,1.20000000e+01,3.49422875e-01,1.13033366e-03
1.05399157e-03,9.35127852e-04,1.40000000e+01,3.57040743e-01,1.44696752e-03
1.23336081e-03,1.00100651e-03,1.50000000e+01,3.55642577e-01,1.54116596e-03
1.37391820e-03,9.49121901e-04,1.40000000e+01,3.52132534e-01,1.61395020e-03
3.93696561e-03,1.50597243e-03,2.40000000e+01,3.73737374e-01,4.02314731e-03
2.03567401e-03,1.05595757e-03,1.60000000e+01,3.59481828e-01,2.04830500e-03
1.32587395e-03,1.00378756e-03,1.50000000e+01,3.54506742e-01,1.66665810e-03
2.46922581e-03,1.06788782e-03,1.60000000e+01,3.58449946e-01,2.14010499e-03
1.48291824e-03,1.06264983e-03,1.60000000e+01,3.55642577e-01,1.87693027e-03
2.85475667e-03,1.22550506e-03,1.90000000e+01,3.66874770e-01,2.73076433e-03
2.22103749e-03,1.06037419e-03,1.60000000e+01,3.57296137e-01,2.08827021e-03
1.41715069e-03,9.39677745e-04,1.40000000e+01,3.55516014e-01,1.48963892e-03
2.34406312e-03,1.11118772e-03,1.70000000e+01,3.65532382e-01,2.39601143e-03
9.71598439e-04,8.25095180e-04,1.20000000e+01,3.47116053e-01,1.00184693e-03
2.62286165e-03,1.23287811e-03,1.90000000e+01,3.64067055e-01,2.67768015e-03
1.04048772e-04,3.26503851e-04,3.00000000e+00,2.92532943e-01,7.06472142e-05
2.86266479e-03,1.22019502e-03,1.90000000e+01,3.67144432e-01,2.74264234e-03
1.08989291e-03,8.50009942e-04,1.20000000e+01,3.38414634e-01,1.07402149e-03
1.65219947e-03,8.47427128e-04,1.20000000e+01,3.46273830e-01,1.29728825e-03
1.19381285e-03,8.92194582e-04,1.30000000e+01,3.48083624e-01,1.23727103e-03
1.26549039e-03,8.85996227e-04,1.30000000e+01,3.53128314e-01,1.36834061e-03
1.18944431e-03,8.32593675e-04,1.20000000e+01,3.48447855e-01,1.16545812e-03
1.48637795e-03,1.01613851e-03,1.50000000e+01,3.52878841e-01,1.86133109e-03
2.38154450e-03,1.00837587e-03,1.50000000e+01,3.54758523e-01,1.79346542e-03
1.43059359e-03,9.13553594e-04,1.30000000e+01,3.47478261e-01,1.49201243e-03
3.56343095e-03,1.27596247e-03,2.00000000e+01,3.69043221e-01,2.99108617e-03
3.00405595e-03,1.27255726e-03,2.00000000e+01,3.66202346e-01,2.81993616e-03
3.32229400e-03,1.34777988e-03,2.10000000e+01,3.69452663e-01,3.50459003e-03
4.40071539e-04,6.03573333e-04,8.00000000e+00,3.31453218e-01,4.54437418e-04
1.11430385e-03,8.90376359e-04,1.30000000e+01,3.48326360e-01,1.24340897e-03
9.71660238e-04,8.27997842e-04,1.20000000e+01,3.48934684e-01,1.14430191e-03
2.43562961e-03,1.10284280e-03,1.70000000e+01,3.62613430e-01,2.00784579e-03
1.66661443e-03,9.93313754e-04,1.50000000e+01,3.56531049e-01,1.64208091e-03
3.10051948e-03,1.21963078e-03,1.90000000e+01,3.67279412e-01,2.73313886e-03
1.63538194e-03,9.44117612e-04,1.40000000e+01,3.53253182e-01,1.56033531e-03
1.68297349e-03,9.22945673e-04,1.30000000e+01,3.45316281e-01,1.50542129e-03
1.55422051e-03,1.02051935e-03,1.50000000e+01,3.51884466e-01,1.98163290e-03
1.37171753e-03,8.89955142e-04,1.30000000e+01,3.52505293e-01,1.37859230e-03
1.73881669e-03,9.39320760e-04,1.40000000e+01,3.54255319e-01,1.42168472e-03
1.07804430e-03,9.41587655e-04,1.40000000e+01,3.51018974e-01,1.37786491e-03
1.88592899e-03,1.04917893e-03,1.60000000e+01,3.60000000e-01,1.95485638e-03
8.97612872e-04,7.89187899e-04,1.10000000e+01,3.35347432e-01,8.98558774e-04
2.81380163e-03,1.10469689e-03,1.70000000e+01,3.64332604e-01,2.27920752e-03
3.90322494e-03,1.39029793e-03,2.20000000e+01,3.73737374e-01,3.73929682e-03
2.43888037e-03,1.20989468e-03,1.90000000e+01,3.71099554e-01,2.72288884e-03
2.59961007e-03,1.11790265e-03,1.70000000e+01,3.61040838e-01,2.28831900e-03
1.02646099e-03,8.43173616e-04,1.20000000e+01,3.44008264e-01,1.19063231e-03
3.60806415e-03,1.34185154e-03,2.10000000e+01,3.69452663e-01,3.32112565e-03
2.37541893e-03,1.26591509e-03,2.00000000e+01,3.71237458e-01,2.83511065e-03
2.05202815e-03,1.11495509e-03,1.70000000e+01,3.60519668e-01,2.31421581e-03
5.28202040e-03,1.55684074e-03,2.50000000e+01,3.78409091e-01,4.48676844e-03
1.29922807e-03,8.29315733e-04,1.20000000e+01,3.46393897e-01,1.06483806e-03
1.90069164e-03,9.96776677e-04,1.50000000e+01,3.56913183e-01,1.71171241e-03
1.41662785e-03,1.01885118e-03,1.50000000e+01,3.51142355e-01,1.62927043e-03
2.58250560e-03,1.11097849e-03,1.70000000e+01,3.62350381e-01,2.27377582e-03
1.30603029e-03,9.94814648e-04,1.50000000e+01,3.57040743e-01,1.69847574e-03
3.43187962e-04,6.07896030e-04,8.00000000e+00,3.29159802e-01,5.07350149e-04
2.18956389e-03,1.05540538e-03,1.60000000e+01,3.59611231e-01,2.03881645e-03
8.47747624e-04,6.65163436e-04,9.00000000e+00,3.33222148e-01,6.27623373e-04
1.66065325e-03,1.00132622e-03,1.50000000e+01,3.55642577e-01,1.72556370e-03
1.57122162e-03,9.55899718e-04,1.40000000e+01,3.51636748e-01,1.58240467e-03
1.86324719e-03,9.99335888e-04,1.50000000e+01,3.58321377e-01,1.77929814e-03
2.99972521e-03,1.16563997e-03,1.80000000e+01,3.66605505e-01,2.65814371e-03
9.43502649e-04,7.63856272e-04,1.10000000e+01,3.49300699e-01,9.15439585e-04
1.38307051e-03,9.51930045e-04,1.40000000e+01,3.51389377e-01,1.49378080e-03
1.93184798e-03,1.04583438e-03,1.60000000e+01,3.61040838e-01,1.90559598e-03
1.22582993e-03,9.40699019e-04,1.40000000e+01,3.51513019e-01,1.27118335e-03
9.04653951e-04,7.65464013e-04,1.10000000e+01,3.49789916e-01,9.46166143e-04
1.86672613e-03,1.04933040e-03,1.60000000e+01,3.60649819e-01,1.86146031e-03
1.90781331e-03,1.05468393e-03,1.60000000e+01,3.58064516e-01,1.92129370e-03
9.07493855e-04,7.77856298e-04,1.10000000e+01,3.46514048e-01,1.05862638e-03
2.56266657e-03,1.18389903e-03,1.80000000e+01,3.57551897e-01,2.35844785e-03
3.51151618e-03,1.38361026e-03,2.20000000e+01,3.74297490e-01,3.56142927e-03
4.18976228e-03,1.57215075e-03,2.50000000e+01,3.75281743e-01,4.61821584e-03
3.23660732e-03,1.21684436e-03,1.90000000e+01,3.67684947e-01,2.65675207e-03
1.12203522e-03,9.52236474e-04,1.40000000e+01,3.54506742e-01,1.67134461e-03
2.51351028e-03,1.16727479e-03,1.80000000e+01,3.61825426e-01,2.23240714e-03
1.82268410e-03,1.12052039e-03,1.70000000e+01,3.60519668e-01,2.35456246e-03
1.92686118e-03,1.13336012e-03,1.70000000e+01,3.61432706e-01,2.50446690e-03
1.40503621e-03,9.46395792e-04,1.40000000e+01,3.50157729e-01,1.37221683e-03
3.04347677e-03,1.18865383e-03,1.80000000e+01,3.62087713e-01,2.80298503e-03
2.62918573e-03,1.12834743e-03,1.70000000e+01,3.56022808e-01,2.18108376e-03
2.20302882e-03,1.05341128e-03,1.60000000e+01,3.58064516e-01,1.87614430e-03
1.59688202e-03,9.57981767e-04,1.40000000e+01,3.47478261e-01,1.41588305e-03
1.41034107e-03,9.45144710e-04,1.40000000e+01,3.51389377e-01,1.53630940e-03
2.09753794e-03,1.06139737e-03,1.60000000e+01,3.60000000e-01,2.13809760e-03
1.00826608e-03,9.04524236e-04,1.30000000e+01,3.46634282e-01,1.35193442e-03
9.12281642e-04,7.17196519e-04,1.00000000e+01,3.44008264e-01,8.51630660e-04
1.09227906e-03,8.36080474e-04,1.20000000e+01,3.46634282e-01,1.15088710e-03
1.62498206e-03,1.01603436e-03,1.50000000e+01,3.52629721e-01,1.76153664e-03
3.22410540e-03,1.28560167e-03,2.00000000e+01,3.64465524e-01,2.97936772e-03
2.45244847e-03,1.16736792e-03,1.80000000e+01,3.66740088e-01,2.61070318e-03
6.90249438e-04,7.69392500e-04,1.10000000e+01,3.46754599e-01,9.17886656e-04
7.56136324e-04,6.60400311e-04,9.00000000e+00,3.38988802e-01,7.31993849e-04
1.49736948e-03,8.35765757e-04,1.20000000e+01,3.49178609e-01,1.27041762e-03
8.47071832e-04,7.23910490e-04,1.00000000e+01,3.38758901e-01,7.89860011e-04
3.56890957e-03,1.33907508e-03,2.10000000e+01,3.69452663e-01,3.41634645e-03
1.56787658e-03,9.52874375e-04,1.40000000e+01,3.52008457e-01,1.53432501e-03
5.38880868e-04,6.67081930e-04,9.00000000e+00,3.34002006e-01,6.25395952e-04
7.15532166e-04,7.22387252e-04,1.00000000e+01,3.37158286e-01,7.19857313e-04
1.78394364e-03,9.85600228e-04,1.50000000e+01,3.58578607e-01,1.64811412e-03
1.98105489e-03,1.04196579e-03,1.60000000e+01,3.60519668e-01,1.76875407e-03
2.14411010e-03,1.02406757e-03,1.50000000e+01,3.53128314e-01,1.92545870e-03
1.15553774e-03,8.87392385e-04,1.30000000e+01,3.50157729e-01,1.26340780e-03
4.18028820e-04,5.55123783e-04,7.00000000e+00,3.23196377e-01,3.81260705e-04
1.34968653e-03,8.97018024e-04,1.30000000e+01,3.51389377e-01,1.37420850e-03
2.68097745e-03,1.14076572e-03,1.70000000e+01,3.57679914e-01,2.61709565e-03
2.65880343e-03,1.19808196e-03,1.80000000e+01,3.60649819e-01,2.71928782e-03
1.68280323e-03,9.90655348e-04,1.50000000e+01,3.59611231e-01,1.70072021e-03
1.50978782e-03,1.04979464e-03,1.60000000e+01,3.57679914e-01,1.79935962e-03
1.81302633e-03,1.02169079e-03,1.50000000e+01,3.47841226e-01,1.72224208e-03
7.57320577e-04,7.86038414e-04,1.10000000e+01,3.40374787e-01,9.24040608e-04
2.36773441e-03,1.11557506e-03,1.70000000e+01,3.61040838e-01,2.25633915e-03
3.95096258e-04,6.52685897e-04,9.00000000e+00,3.39680381e-01,5.29784747e-04
1.45350846e-03,1.00130109e-03,1.50000000e+01,3.56531049e-01,1.67627854e-03
1.84247946e-03,1.10259123e-03,1.70000000e+01,3.64199781e-01,2.24473981e-03
5.54470904e-04,6.65114863e-04,9.00000000e+00,3.33333333e-01,6.35963806e-04
1.95063675e-03,1.05599874e-03,1.60000000e+01,3.57936224e-01,1.87883798e-03
1.83879132e-03,1.00028418e-03,1.50000000e+01,3.57423971e-01,1.86025637e-03
1.72534858e-03,1.07280533e-03,1.60000000e+01,3.57551897e-01,2.11164804e-03
1.60627495e-03,1.05863255e-03,1.60000000e+01,3.59352518e-01,2.02414137e-03
2.09026195e-03,1.05346844e-03,1.60000000e+01,3.62218999e-01,2.05804849e-03
1.23642297e-03,8.31883892e-04,1.20000000e+01,3.49300699e-01,1.14516456e-03
1.08877351e-03,8.41299697e-04,1.20000000e+01,3.47236705e-01,1.31820821e-03
2.49719065e-03,1.16939227e-03,1.80000000e+01,3.65934066e-01,2.57941519e-03
9.80784715e-04,8.31372263e-04,1.20000000e+01,3.47962382e-01,1.18305562e-03
1.70076293e-03,8.74626821e-04,1.30000000e+01,3.54884547e-01,1.29871777e-03
1.00774218e-03,7.64955013e-04,1.10000000e+01,3.47236705e-01,8.62275396e-04
3.17862368e-03,1.19444572e-03,1.80000000e+01,3.61694424e-01,2.79308374e-03
1.23635996e-03,9.37091838e-04,1.40000000e+01,3.53003534e-01,1.38313742e-03
2.59602250e-03,1.24782691e-03,1.90000000e+01,3.61563518e-01,2.82387254e-03
1.84947103e-03,1.11017623e-03,1.70000000e+01,3.61171367e-01,2.18729257e-03
1.38620745e-03,8.83354760e-04,1.30000000e+01,3.51513019e-01,1.31107326e-03
1.48628804e-03,1.00434710e-03,1.50000000e+01,3.57296137e-01,1.86221614e-03
3.95227922e-03,1.28507867e-03,2.00000000e+01,3.68091378e-01,3.06592239e-03
1.01495445e-03,9.53167892e-04,1.40000000e+01,3.51142355e-01,1.54049443e-03
1.74223749e-03,1.12768408e-03,1.70000000e+01,3.55516014e-01,2.08146707e-03
1.14443766e-03,8.29751329e-04,1.20000000e+01,3.49789916e-01,1.22380583e-03
1.00810911e-03,8.92505632e-04,1.30000000e+01,3.49667483e-01,1.33742312e-03
4.15143313e-03,1.42781118e-03,2.20000000e+01,3.64998173e-01,3.80365307e-03
2.18525754e-03,1.11538258e-03,1.70000000e+01,3.58449946e-01,2.05634060e-03
1.16121887e-03,8.43396632e-04,1.20000000e+01,3.48569435e-01,1.26108395e-03
4.04955125e-03,1.57435157e-03,2.50000000e+01,3.75846501e-01,4.76526218e-03
6.45354547e-04,7.78689421e-04,1.10000000e+01,3.44958564e-01,1.01137261e-03
2.68006706e-03,1.23253935e-03,1.90000000e+01,3.64864865e-01,2.76181265e-03
1.41173657e-03,1.01503797e-03,1.50000000e+01,3.51018974e-01,1.65513587e-03
2.12251869e-03,1.11489530e-03,1.70000000e+01,3.59481828e-01,2.13797473e-03
2.68557193e-03,1.13099039e-03,1.70000000e+01,3.56403853e-01,2.21009155e-03
3.27712475e-03,1.17348601e-03,1.80000000e+01,3.62087713e-01,2.52632886e-03
1.42797909e-03,8.34187870e-04,1.20000000e+01,3.49300699e-01,1.25118977e-03
3.01365027e-03,1.39286771e-03,2.20000000e+01,3.71790100e-01,3.50927460e-03
3.97189877e-03,1.36062266e-03,2.10000000e+01,3.68227055e-01,3.58396001e-03
7.68381179e-04,7.63488910e-04,1.10000000e+01,3.46514048e-01,8.45766800e-04
1.29565489e-03,8.86773981e-04,1.30000000e+01,3.47357441e-01,1.20535617e-03
9.29556377e-04,7.78106727e-04,1.10000000e+01,3.43063187e-01,9.71503531e-04
9.56349018e-04,8.79434517e-04,1.30000000e+01,3.53253182e-01,1.32468003e-03
4.76170123e-03,1.53839214e-03,2.40000000e+01,3.74437781e-01,4.78508649e-03
9.15275702e-04,7.85448675e-04,1.10000000e+01,3.41188525e-01,9.78810965e-04
2.97996891e-03,1.12111980e-03,1.70000000e+01,3.59481828e-01,2.25227824e-03
2.11714791e-03,1.11505731e-03,1.70000000e+01,3.61171367e-01,2.21726244e-03
2.37489875e-03,1.22242370e-03,1.90000000e+01,3.61171367e-01,2.37122873e-03
1.54304298e-03,9.44759147e-04,1.40000000e+01,3.54004252e-01,1.52436250e-03
1.22912887e-03,8.86431209e-04,1.30000000e+01,3.51142355e-01,1.30507184e-03
2.67842527e-03,1.15545640e-03,1.80000000e+01,3.65532382e-01,2.24744170e-03
2.32682458e-03,1.11252635e-03,1.70000000e+01,3.59870317e-01,2.11292573e-03
1.55137798e-03,1.00136974e-03,1.50000000e+01,3.57296137e-01,1.87234123e-03
1.51236002e-03,8.94709363e-04,1.30000000e+01,3.48691099e-01,1.34204093e-03
1.99293249e-03,1.04780066e-03,1.60000000e+01,3.58578607e-01,1.80140906e-03
1.72375936e-03,1.00201753e-03,1.50000000e+01,3.55263158e-01,1.72344716e-03
2.98585027e-03,1.16847192e-03,1.80000000e+01,3.64864865e-01,2.49008834e-03
9.00889487e-04,8.22539544e-04,1.20000000e+01,3.50526316e-01,1.11506747e-03
1.29366065e-03,9.50617924e-04,1.40000000e+01,3.52380952e-01,1.49740919e-03
2.66865820e-03,1.16125308e-03,1.80000000e+01,3.65131579e-01,2.48276331e-03
1.99718406e-03,9.53247304e-04,1.40000000e+01,3.51389377e-01,1.58601793e-03
6.76654495e-04,7.74608639e-04,1.10000000e+01,3.42123288e-01,9.22070927e-04
1.44633166e-03,9.48081179e-04,1.40000000e+01,3.50772472e-01,1.51374604e-03
4.90271451e-04,6.07427434e-04,8.00000000e+00,3.31013917e-01,5.01746011e-04
2.34135855e-03,1.17757105e-03,1.80000000e+01,3.61432706e-01,2.46552898e-03
1.90000303e-03,1.00358825e-03,1.50000000e+01,3.54004252e-01,1.71571967e-03
1.23487915e-03,8.29606862e-04,1.20000000e+01,3.50157729e-01,1.15269072e-03
4.55877275e-03,1.45669183e-03,2.30000000e+01,3.71375465e-01,3.98405703e-03
2.81661837e-03,1.34347934e-03,2.10000000e+01,3.70686456e-01,3.63901834e-03
1.85327365e-03,1.06911732e-03,1.60000000e+01,3.57679914e-01,2.01028216e-03
2.41724886e-03,1.17042192e-03,1.80000000e+01,3.65800073e-01,2.57155503e-03
1.32145498e-03,8.80515874e-04,1.30000000e+01,3.51389377e-01,1.22855144e-03
9.34082357e-04,8.27518196e-04,1.20000000e+01,3.47962382e-01,1.02377777e-03
1.24592335e-03,8.83961324e-04,1.30000000e+01,3.52754237e-01,1.31286636e-03
1.78551539e-03,1.02940373e-03,1.50000000e+01,3.54884547e-01,2.06032282e-03
2.35890150e-03,1.00396553e-03,1.50000000e+01,3.57551897e-01,1.87570005e-03
4.27465666e-03,1.35093871e-03,2.10000000e+01,3.68091378e-01,3.45742639e-03
8.19644834e-04,7.08791388e-04,1.00000000e+01,3.44601587e-01,7.08879824e-04
1.34044726e-03,8.77783637e-04,1.30000000e+01,3.53878852e-01,1.23193152e-03
1.79118280e-03,1.05698312e-03,1.60000000e+01,3.58578607e-01,1.95151172e-03
1.41587052e-03,9.34644614e-04,1.40000000e+01,3.56022808e-01,1.46363107e-03
1.41493000e-03,1.11658584e-03,1.70000000e+01,3.59740727e-01,2.17853871e-03
1.04905210e-03,8.80944774e-04,1.30000000e+01,3.53878852e-01,1.27050914e-03
6.94660973e-04,7.78661947e-04,1.10000000e+01,3.40606887e-01,8.44576329e-04
7.67775576e-04,7.89098227e-04,1.10000000e+01,3.42123288e-01,9.95199737e-04
1.44781828e-03,9.55596350e-04,1.40000000e+01,3.51389377e-01,1.67386982e-03
1.98782245e-03,1.11538323e-03,1.70000000e+01,3.60389610e-01,2.23309581e-03
3.02741283e-03,1.21595775e-03,1.90000000e+01,3.67684947e-01,2.59164075e-03
7.41020274e-04,8.23510882e-04,1.20000000e+01,3.48326360e-01,1.01523616e-03
1.96893898e-03,1.11128458e-03,1.70000000e+01,3.59481828e-01,2.10356213e-03
1.76604083e-03,9.97488500e-04,1.50000000e+01,3.57936224e-01,1.79916336e-03
2.49017545e-03,1.12787547e-03,1.70000000e+01,3.60000000e-01,2.31842850e-03
1.21591526e-03,1.12736696e-03,1.70000000e+01,3.58449946e-01,2.23120234e-03
1.29918483e-03,8.92972343e-04,1.30000000e+01,3.48083624e-01,1.19018884e-03
1.12734951e-03,8.86970584e-04,1.30000000e+01,3.50895680e-01,1.28877828e-03
7.24910880e-04,7.28348217e-04,1.00000000e+01,3.36930860e-01,8.40708375e-04
9.70961642e-04,8.77082165e-04,1.30000000e+01,3.54004252e-01,1.26466602e-03
1.81903593e-03,9.48161508e-04,1.40000000e+01,3.54632588e-01,1.65082993e-03
9.31961612e-04,8.25279677e-04,1.20000000e+01,3.43653251e-01,8.73909274e-04
2.10215086e-03,1.04558301e-03,1.60000000e+01,3.63008721e-01,1.89663699e-03
2.51233860e-03,1.20614383e-03,1.90000000e+01,3.69316081e-01,2.59451514e-03
9.04647676e-04,7.19805050e-04,1.00000000e+01,3.39911535e-01,8.49657879e-04
6.49501383e-04,6.65690235e-04,9.00000000e+00,3.31893688e-01,6.06089205e-04
2.45727252e-03,1.10338562e-03,1.70000000e+01,3.63934426e-01,2.15810339e-03
1.86101999e-03,9.60027440e-04,1.40000000e+01,3.50403367e-01,1.63534363e-03
1.78728860e-03,1.05058562e-03,1.60000000e+01,3.58578607e-01,1.93569181e-03
7.29346179e-04,6.66718352e-04,9.00000000e+00,3.28186597e-01,5.70878712e-04
1.69000831e-03,1.05967192e-03,1.60000000e+01,3.56913183e-01,1.95558634e-03
1.00296435e-03,8.44436171e-04,1.20000000e+01,3.41772152e-01,1.05638965e-03
9.90717376e-04,8.75723314e-04,1.30000000e+01,3.54758523e-01,1.24215350e-03
6.28503011e-04,7.14986632e-04,1.00000000e+01,3.41655267e-01,8.08290071e-04
1.80440697e-03,9.44295326e-04,1.40000000e+01,3.52878841e-01,1.48758469e-03
1.74057074e-03,1.00051561e-03,1.50000000e+01,3.55263158e-01,1.65438965e-03
1.04649197e-03,8.28656842e-04,1.20000000e+01,3.46995485e-01,1.09668110e-03
2.03917599e-03,1.12630892e-03,1.70000000e+01,3.59094177e-01,2.26785096e-03
1.18996700e-03,9.35930307e-04,1.40000000e+01,3.53878852e-01,1.39614877e-03
1.78723260e-03,1.00681026e-03,1.50000000e+01,3.52629721e-01,1.61642020e-03
3.15607534e-03,1.34661823e-03,2.10000000e+01,3.67820324e-01,3.17000654e-03
2.56656107e-03,1.13625509e-03,1.70000000e+01,3.54758523e-01,2.19800752e-03
5.22611717e-03,1.68083083e-03,2.70000000e+01,3.77408387e-01,4.99396013e-03
3.50454255e-04,5.50057706e-04,7.00000000e+00,3.26150833e-01,3.73074143e-04
2.14227957e-03,1.11104642e-03,1.70000000e+01,3.59740727e-01,2.08106624e-03
2.45797111e-03,1.20490327e-03,1.80000000e+01,3.58449946e-01,2.71119006e-03
2.13565124e-03,1.12420063e-03,1.70000000e+01,3.59740727e-01,2.27066354e-03
8.08911607e-04,7.73060233e-04,1.10000000e+01,3.45435685e-01,9.30238629e-04
2.14539048e-03,1.03719359e-03,1.50000000e+01,3.48204949e-01,1.82411420e-03
1.65586808e-03,9.99412993e-04,1.50000000e+01,3.57679914e-01,1.81496611e-03
2.57744206e-03,1.21262972e-03,1.90000000e+01,3.68498709e-01,2.61805216e-03
2.32223747e-03,1.10444150e-03,1.70000000e+01,3.62876862e-01,2.04998377e-03
1.27068543e-03,9.41758873e-04,1.40000000e+01,3.55642577e-01,1.52851325e-03
1.16225963e-03,9.35071398e-04,1.40000000e+01,3.55389541e-01,1.44696417e-03
1.78025211e-03,9.97173625e-04,1.50000000e+01,3.57551897e-01,1.70604768e-03
2.47832846e-03,1.16437293e-03,1.80000000e+01,3.64731654e-01,2.56352335e-03
2.82870971e-03,1.24946373e-03,1.90000000e+01,3.63801894e-01,2.98600068e-03
4.72335734e-03,1.41325008e-03,2.20000000e+01,3.71513574e-01,3.90654656e-03
1.78109552e-03,1.11586037e-03,1.70000000e+01,3.61171367e-01,2.34591402e-03
2.15776434e-03,1.12480236e-03,1.70000000e+01,3.60519668e-01,2.38998202e-03
1.12042967e-03,7.75365575e-04,1.10000000e+01,3.44008264e-01,9.53549519e-04
5.14957459e-04,6.16045732e-04,8.00000000e+00,3.31673307e-01,5.71112113e-04
1.50989306e-03,1.06289152e-03,1.60000000e+01,3.56531049e-01,1.85068066e-03
1.31428742e-03,8.81129476e-04,1.30000000e+01,3.53503185e-01,1.34458093e-03
1.62595484e-03,9.97853929e-04,1.50000000e+01,3.57296137e-01,1.71622735e-03
1.51063608e-03,9.40128324e-04,1.40000000e+01,3.55010661e-01,1.53311480e-03
1.56050742e-03,8.83443243e-04,1.30000000e+01,3.53378139e-01,1.35459545e-03
1.69160420e-03,9.95682774e-04,1.50000000e+01,3.54380986e-01,1.55305911e-03
1.64377970e-03,9.43993154e-04,1.40000000e+01,3.55895974e-01,1.59588274e-03
1.40197254e-03,7.89749834e-04,1.10000000e+01,3.40723056e-01,1.10213684e-03
2.65817894e-03,1.22413571e-03,1.90000000e+01,3.67009552e-01,2.76134182e-03
1.30552403e-03,9.29735247e-04,1.40000000e+01,3.57679914e-01,1.38780601e-03
1.00892053e-03,8.78764118e-04,1.30000000e+01,3.53378139e-01,1.23325741e-03
2.24036053e-03,1.05380838e-03,1.60000000e+01,3.57936224e-01,1.95776878e-03
1.87258177e-03,1.05071203e-03,1.60000000e+01,3.59740727e-01,1.93889177e-03
3.73422279e-04,5.45736010e-04,7.00000000e+00,3.28618421e-01,3.54155391e-04
1.03789899e-03,7.68725734e-04,1.10000000e+01,3.44364012e-01,8.88596392e-04
9.16088411e-04,7.79136110e-04,1.10000000e+01,3.41889117e-01,9.76238480e-04
2.62099682e-03,1.23893894e-03,1.90000000e+01,3.61301989e-01,2.68141523e-03
1.21477975e-03,8.89004591e-04,1.30000000e+01,3.53753541e-01,1.44164127e-03
1.01612637e-03,8.29500130e-04,1.20000000e+01,3.47599165e-01,1.11602021e-03
1.03145173e-03,7.76543426e-04,1.10000000e+01,3.44245348e-01,9.60602275e-04
1.90879912e-03,1.05851182e-03,1.60000000e+01,3.59611231e-01,2.04736963e-03
4.29692859e-04,6.05688674e-04,8.00000000e+00,3.32335329e-01,4.96006247e-04
2.37113900e-03,1.10032710e-03,1.70000000e+01,3.63669458e-01,2.06268283e-03
8.04012008e-04,6.77883573e-04,9.00000000e+00,3.35122442e-01,7.79409853e-04
6.65971714e-04,6.57905040e-04,9.00000000e+00,3.41072038e-01,6.70971280e-04
2.19888581e-03,1.17394981e-03,1.80000000e+01,3.61825426e-01,2.45708820e-03
1.71811368e-03,1.06361743e-03,1.60000000e+01,3.55389541e-01,1.90479084e-03
1.80499357e-03,1.11546147e-03,1.70000000e+01,3.60259647e-01,2.16653814e-03
1.50716054e-03,9.28195444e-04,1.40000000e+01,3.57423971e-01,1.44985315e-03
1.95680061e-03,1.19199778e-03,1.80000000e+01,3.61956522e-01,2.77401471e-03
2.40894114e-03,1.22885933e-03,1.90000000e+01,3.64199781e-01,2.69527904e-03
4.35226307e-05,3.79317225e-04,4.00000000e+00,3.05598042e-01,9.76020838e-05
1.96705474e-03,9.96932774e-04,1.50000000e+01,3.55895974e-01,1.62548392e-03
3.76959402e-03,1.41176615e-03,2.20000000e+01,3.68906942e-01,3.72853253e-03
1.58937394e-03,9.88912555e-04,1.50000000e+01,3.57936224e-01,1.55720541e-03
6.97215088e-04,7.18496834e-04,1.00000000e+01,3.40374787e-01,7.71417972e-04
7.71089178e-04,7.11989995e-04,1.00000000e+01,3.41655267e-01,7.07277390e-04
1.92799917e-03,1.11789516e-03,1.70000000e+01,3.57679914e-01,2.20180757e-03
1.57270697e-03,9.49484252e-04,1.40000000e+01,3.54129741e-01,1.56459016e-03
3.25734127e-03,1.24576254e-03,1.90000000e+01,3.61825426e-01,2.82415929e-03
2.16218711e-03,1.22420473e-03,1.90000000e+01,3.63140676e-01,2.53644905e-03
1.22534718e-03,8.74479506e-04,1.30000000e+01,3.56658336e-01,1.27581064e-03
2.27481517e-03,1.16571234e-03,1.80000000e+01,3.64067055e-01,2.36482387e-03
1.87241622e-03,1.12148011e-03,1.70000000e+01,3.59481828e-01,2.20290063e-03
1.47169938e-03,8.37974519e-04,1.20000000e+01,3.47116053e-01,1.24999411e-03
1.86125764e-03,9.90882316e-04,1.50000000e+01,3.56531049e-01,1.60529383e-03
1.14877192e-03,8.17984589e-04,1.20000000e+01,3.51265823e-01,9.96924110e-04
5.46904525e-04,6.53821879e-04,9.00000000e+00,3.41072038e-01,6.09620928e-04
7.49107965e-04,7.18779274e-04,1.00000000e+01,3.38185511e-01,6.72787318e-04
2.10231220e-03,1.06082562e-03,1.60000000e+01,3.56149733e-01,1.94493269e-03
2.88949236e-03,1.18321188e-03,1.80000000e+01,3.56658336e-01,2.44474983e-03
2.66669840e-03,1.28231891e-03,2.00000000e+01,3.68227055e-01,3.07642823e-03
1.14679416e-03,8.83930190e-04,1.30000000e+01,3.52132534e-01,1.32011401e-03
1.87566724e-03,1.05455048e-03,1.60000000e+01,3.60649819e-01,2.02810054e-03
6.04751375e-04,6.51759246e-04,9.00000000e+00,3.37614059e-01,5.68866043e-04
2.71038449e-03,1.22764850e-03,1.90000000e+01,3.66874770e-01,2.85526796e-03
3.86781050e-03,1.35547962e-03,2.10000000e+01,3.68498709e-01,3.58219825e-03
1.91790874e-03,1.11272319e-03,1.70000000e+01,3.60649819e-01,2.16541522e-03
2.75004484e-03,1.28393505e-03,2.00000000e+01,3.66068157e-01,2.98315888e-03
1.17788393e-03,8.97412204e-04,1.30000000e+01,3.47599165e-01,1.23547110e-03
1.21531354e-03,9.53900073e-04,1.40000000e+01,3.51513019e-01,1.56988779e-03
4.36887498e-04,6.55855359e-04,9.00000000e+00,3.39449541e-01,6.07577319e-04
1.69574050e-03,1.13238583e-03,1.70000000e+01,3.58064516e-01,2.41015820e-03
2.07822754e-03,1.06507951e-03,1.60000000e+01,3.56785714e-01,2.04182566e-03
1.72732329e-03,1.00015895e-03,1.50000000e+01,3.55642577e-01,1.64884754e-03
1.29532872e-03,9.50218220e-04,1.40000000e+01,3.51513019e-01,1.48957064e-03
1.62160730e-03,9.95430733e-04,1.50000000e+01,3.56022808e-01,1.64020272e-03
1.32958424e-03,9.51773967e-04,1.40000000e+01,3.53753541e-01,1.50666237e-03
6.10193115e-04,7.75787175e-04,1.10000000e+01,3.42827728e-01,9.03701061e-04
1.71296922e-03,8.87078661e-04,1.30000000e+01,3.54255319e-01,1.42391663e-03
2.22771899e-03,1.07617872e-03,1.60000000e+01,3.56913183e-01,2.09595789e-03
9.38862888e-04,7.75019856e-04,1.10000000e+01,3.44601587e-01,9.41293440e-04
1.94787388e-03,9.89201348e-04,1.50000000e+01,3.60389610e-01,1.73243140e-03
7.18428750e-04,7.64745814e-04,1.10000000e+01,3.47116053e-01,8.44475998e-04
9.62944136e-04,8.09556490e-04,1.20000000e+01,3.55895974e-01,1.02105991e-03
1.35452966e-03,8.88112797e-04,1.30000000e+01,3.49178609e-01,1.29639926e-03
1.97062426e-03,1.10637204e-03,1.70000000e+01,3.60780065e-01,2.01435964e-03
5.47169684e-04,7.15510828e-04,1.00000000e+01,3.44008264e-01,8.15805940e-04
4.80324728e-04,6.66351386e-04,9.00000000e+00,3.34449280e-01,6.30412165e-04
7.72145715e-04,7.75274248e-04,1.10000000e+01,3.45077720e-01,9.48511801e-04
2.34214384e-03,1.07025193e-03,1.60000000e+01,3.56785714e-01,2.00598959e-03
3.02148344e-03,1.29141843e-03,2.00000000e+01,3.67549669e-01,3.17605890e-03
2.03555547e-03,1.02575598e-03,1.50000000e+01,3.56913183e-01,2.14072547e-03
1.76607403e-03,1.11129054e-03,1.70000000e+01,3.60129776e-01,2.11886197e-03
1.36450733e-03,8.89514483e-04,1.30000000e+01,3.48691099e-01,1.22781204e-03
2.37786825e-03,1.06932837e-03,1.60000000e+01,3.57423971e-01,2.13370944e-03
1.42891045e-03,9.58393570e-04,1.40000000e+01,3.49545136e-01,1.49889900e-03
1.39521481e-03,1.00184809e-03,1.50000000e+01,3.58064516e-01,1.77581719e-03
1.30301689e-03,9.13618478e-04,1.30000000e+01,3.47720153e-01,1.56699091e-03
4.33431403e-04,7.31920194e-04,1.00000000e+01,3.34449280e-01,7.87965805e-04
2.04125698e-03,1.16493771e-03,1.80000000e+01,3.63537118e-01,2.27127571e-03
7.97706793e-04,8.27230860e-04,1.20000000e+01,3.48326360e-01,1.04464962e-03
1.05771083e-03,9.53660956e-04,1.40000000e+01,3.52008457e-01,1.57094607e-03
7.89152046e-04,6.86933901e-04,9.00000000e+00,3.24878049e-01,6.94707909e-04
1.54992894e-03,1.05311936e-03,1.60000000e+01,3.56785714e-01,1.82455464e-03
1.19468730e-03,8.31599850e-04,1.20000000e+01,3.46754599e-01,1.06980142e-03
1.01059942e-03,8.95569522e-04,1.30000000e+01,3.50403367e-01,1.33623140e-03
1.45144866e-03,8.89324482e-04,1.30000000e+01,3.49178609e-01,1.18262715e-03
1.34472655e-03,9.48789227e-04,1.40000000e+01,3.52132534e-01,1.48252172e-03
2.55587054e-03,1.12193816e-03,1.70000000e+01,3.58321377e-01,2.15935928e-03
2.38516284e-03,1.04197771e-03,1.60000000e+01,3.62218999e-01,1.94723688e-03
2.08337239e-03,1.00350160e-03,1.50000000e+01,3.55136865e-01,1.69064202e-03
2.52399176e-03,1.22380602e-03,1.90000000e+01,3.65800073e-01,2.56608271e-03
4.61983793e-03,1.57091237e-03,2.40000000e+01,3.71513574e-01,5.08666245e-03
1.49061828e-03,9.64663820e-04,1.40000000e+01,3.48083624e-01,1.54668631e-03
7.68921575e-04,6.63776889e-04,9.00000000e+00,3.35347432e-01,6.00512964e-04
9.48058296e-04,7.73025449e-04,1.10000000e+01,3.43535076e-01,9.00676376e-04
3.19658942e-03,1.36495583e-03,2.10000000e+01,3.66740088e-01,3.44517335e-03
2.61529616e-03,1.12730461e-03,1.70000000e+01,3.59870317e-01,2.36813894e-03
2.03933723e-03,1.05766345e-03,1.60000000e+01,3.56913183e-01,1.83376389e-03
2.08047176e-03,9.92413427e-04,1.50000000e+01,3.60259647e-01,1.77413155e-03
8.60411221e-04,7.61852414e-04,1.10000000e+01,3.48812849e-01,8.92209710e-04
4.26499404e-03,1.40720423e-03,2.20000000e+01,3.69043221e-01,3.68345011e-03
8.33131791e-04,9.12362304e-04,1.30000000e+01,3.42123288e-01,1.29319230e-03
2.12771249e-03,1.11316732e-03,1.70000000e+01,3.65265082e-01,2.48421746e-03
3.75315865e-03,1.39419019e-03,2.20000000e+01,3.72483221e-01,3.64297584e-03
1.37123592e-03,9.38061536e-04,1.40000000e+01,3.56276748e-01,1.55636463e-03
1.07415837e-03,7.85063100e-04,1.10000000e+01,3.41072038e-01,1.02547844e-03
1.92900201e-03,1.06569800e-03,1.60000000e+01,3.56022808e-01,1.89418408e-03
2.02458340e-03,9.45990177e-04,1.40000000e+01,3.53378139e-01,1.51513493e-03
2.67138002e-03,1.18445001e-03,1.80000000e+01,3.61563518e-01,2.76836200e-03
3.41552522e-03,1.29229871e-03,2.00000000e+01,3.69726129e-01,3.41768995e-03
1.18631287e-03,7.79577550e-04,1.10000000e+01,3.46033945e-01,1.12739045e-03
2.01102846e-03,1.11520034e-03,1.70000000e+01,3.60519668e-01,2.15119391e-03
1.03850841e-03,8.26337690e-04,1.20000000e+01,3.45674740e-01,9.42689965e-04
2.75072001e-03,1.21911139e-03,1.90000000e+01,3.67820324e-01,2.74749561e-03
5.39718524e-04,7.12801730e-04,1.00000000e+01,3.38185511e-01,6.91478208e-04
2.03494301e-03,1.07174835e-03,1.60000000e+01,3.54632588e-01,1.96915827e-03
2.65214321e-03,1.28089074e-03,2.00000000e+01,3.66202346e-01,2.77261803e-03
3.40165749e-03,1.29886897e-03,2.00000000e+01,3.65532382e-01,3.12458787e-03
2.51862764e-03,1.18246417e-03,1.80000000e+01,3.60780065e-01,2.52801382e-03
1.38180429e-03,9.92541045e-04,1.50000000e+01,3.57679914e-01,1.69461480e-03
2.61552193e-03,1.17900068e-03,1.80000000e+01,3.60649819e-01,2.51493972e-03
1.40700939e-03,9.50388839e-04,1.40000000e+01,3.51513019e-01,1.50821731e-03
3.15809674e-03,1.39299920e-03,2.20000000e+01,3.72205663e-01,3.67683422e-03
2.33398020e-03,1.06070127e-03,1.60000000e+01,3.57808023e-01,1.92766725e-03
8.33431102e-04,8.39378386e-04,1.20000000e+01,3.46634282e-01,1.17165041e-03
1.72154692e-03,9.60648179e-04,1.40000000e+01,3.52132534e-01,1.63826362e-03
3.63905772e-03,1.28802851e-03,2.00000000e+01,3.66068157e-01,3.03876942e-03
2.12724919e-03,9.40918535e-04,1.40000000e+01,3.57808023e-01,1.63938270e-03
3.37734113e-03,1.34628941e-03,2.10000000e+01,3.66202346e-01,3.13150971e-03
1.04356821e-03,7.61840825e-04,1.10000000e+01,3.47720153e-01,7.88095676e-04
2.60408458e-03,1.17681692e-03,1.80000000e+01,3.62481858e-01,2.60339089e-03
1.72936746e-03,1.05252314e-03,1.60000000e+01,3.61432706e-01,2.07507946e-03
1.18652407e-03,8.35165876e-04,1.20000000e+01,3.49056604e-01,1.23804765e-03
1.35022752e-03,9.03469661e-04,1.30000000e+01,3.46514048e-01,1.40976397e-03
3.50774211e-04,6.11517201e-04,8.00000000e+00,3.27971110e-01,4.86905584e-04
2.52205598e-04,5.59420719e-04,7.00000000e+00,3.18965517e-01,4.27602810e-04
2.72939927e-03,1.16754175e-03,1.80000000e+01,3.63404874e-01,2.48384570e-03
2.00115735e-03,1.06312837e-03,1.60000000e+01,3.54884547e-01,1.83528609e-03
2.70271667e-03,1.28641896e-03,2.00000000e+01,3.67684947e-01,3.04467389e-03
1.25250190e-03,7.76149374e-04,1.10000000e+01,3.43298969e-01,9.38248116e-04
6.09204852e-04,6.56514071e-04,9.00000000e+00,3.34561286e-01,5.00612235e-04
3.26118749e-03,1.35815137e-03,2.10000000e+01,3.67279412e-01,3.54136145e-03
1.25724070e-03,8.37823532e-04,1.20000000e+01,3.47236705e-01,1.21872973e-03
2.76198016e-03,1.16720351e-03,1.80000000e+01,3.63404874e-01,2.36870863e-03
3.04289567e-03,1.28628112e-03,2.00000000e+01,3.65532382e-01,2.88391665e-03
1.20608044e-03,9.42776199e-04,1.40000000e+01,3.55389541e-01,1.57732807e-03
7.76145679e-04,6.88056425e-04,9.00000000e+00,3.29702970e-01,8.26224549e-04
1.23243195e-03,9.56023120e-04,1.40000000e+01,3.49789916e-01,1.56655654e-03
2.96104437e-03,1.23561384e-03,1.90000000e+01,3.63008721e-01,2.69136342e-03
1.27165483e-03,8.50463612e-04,1.20000000e+01,3.43889845e-01,1.28126401e-03
4.76431563e-04,6.63281510e-04,9.00000000e+00,3.36930860e-01,7.00947728e-04
1.03445870e-03,8.23164629e-04,1.20000000e+01,3.49300699e-01,1.02645044e-03
2.99411732e-03,1.32781906e-03,2.10000000e+01,3.72622156e-01,3.34770711e-03
9.53219155e-04,7.87823205e-04,1.10000000e+01,3.37044534e-01,8.78466151e-04
2.43199664e-03,1.11324152e-03,1.70000000e+01,3.64465524e-01,2.32679931e-03
1.58531941e-03,9.44083233e-04,1.40000000e+01,3.52132534e-01,1.43737333e-03
2.08080880e-03,1.06739145e-03,1.60000000e+01,3.56149733e-01,1.97533368e-03
3.53821383e-03,1.28214907e-03,2.00000000e+01,3.65934066e-01,2.93327896e-03
1.88963866e-03,8.87629223e-04,1.30000000e+01,3.52008457e-01,1.36846666e-03
2.75152115e-03,1.15092440e-03,1.80000000e+01,3.64864865e-01,2.08648305e-03
3.18213372e-03,1.38677086e-03,2.20000000e+01,3.71375465e-01,3.41427131e-03
3.05015365e-03,1.22027792e-03,1.90000000e+01,3.67279412e-01,2.71877563e-03
3.53187670e-03,1.39072529e-03,2.20000000e+01,3.71928518e-01,3.48810010e-03
2.79011644e-03,1.16645962e-03,1.80000000e+01,3.65131579e-01,2.49015650e-03
1.32172321e-03,9.38219193e-04,1.40000000e+01,3.52380952e-01,1.32029406e-03
1.54644327e-03,1.04595741e-03,1.60000000e+01,3.61956522e-01,1.91333428e-03
1.17639738e-03,8.73936549e-04,1.30000000e+01,3.54129741e-01,1.21684267e-03
1.38751788e-03,8.94116780e-04,1.30000000e+01,3.49545136e-01,1.32329476e-03
7.01154886e-04,7.68822685e-04,1.10000000e+01,3.43535076e-01,7.92274968e-04
1.19080059e-03,8.25580777e-04,1.20000000e+01,3.50280505e-01,1.11876632e-03
2.52027836e-03,1.06339424e-03,1.60000000e+01,3.58192901e-01,2.08438145e-03
1.31606282e-03,9.06745610e-04,1.30000000e+01,3.49667483e-01,1.57861104e-03
2.34455343e-03,1.07492477e-03,1.60000000e+01,3.55136865e-01,2.04048192e-03
8.51552430e-04,6.70840802e-04,9.00000000e+00,3.31783461e-01,7.10787731e-04
8.38601833e-04,7.80038037e-04,1.10000000e+01,3.40955631e-01,8.86146208e-04
1.01146848e-03,8.82435889e-04,1.30000000e+01,3.50157729e-01,1.19660255e-03
1.92278865e-03,1.00596902e-03,1.50000000e+01,3.55136865e-01,1.76941075e-03
1.72772712e-03,9.98132844e-04,1.50000000e+01,3.58321377e-01,1.79114586e-03
2.07083825e-03,1.10443195e-03,1.70000000e+01,3.62218999e-01,2.05919760e-03
2.17282696e-03,1.16229716e-03,1.80000000e+01,3.63404874e-01,2.19387869e-03
2.51774105e-03,1.11118700e-03,1.70000000e+01,3.62876862e-01,2.33362644e-03
8.90258129e-04,7.21084950e-04,1.00000000e+01,3.37272113e-01,7.95904465e-04
2.17944347e-03,1.06048179e-03,1.60000000e+01,3.58321377e-01,2.02928396e-03
2.21146827e-03,1.12250494e-03,1.70000000e+01,3.58321377e-01,2.18263745e-03
1.09914867e-03,8.77678321e-04,1.30000000e+01,3.53128314e-01,1.23356445e-03
2.17690896e-03,1.12334533e-03,1.70000000e+01,3.56913183e-01,2.09946807e-03
1.05935207e-03,8.92809392e-04,1.30000000e+01,3.49056604e-01,1.32120334e-03
2.87654866e-03,1.23847424e-03,1.90000000e+01,3.63140676e-01,2.96650344e-03
2.59579181e-03,1.23760394e-03,1.90000000e+01,3.62876862e-01,2.71555691e-03
1.35231689e-03,9.69025558e-04,1.40000000e+01,3.47841226e-01,1.70361661e-03
8.99637747e-04,8.93004878e-04,1.30000000e+01,3.49056604e-01,1.28285158e-03
7.15740856e-04,7.16876516e-04,1.00000000e+01,3.40839304e-01,7.79625417e-04
1.83882693e-03,9.96381778e-04,1.50000000e+01,3.58321377e-01,1.76334870e-03
2.41824435e-03,1.15852147e-03,1.80000000e+01,3.65532382e-01,2.42053060e-03
9.09689170e-04,7.70561242e-04,1.10000000e+01,3.47116053e-01,9.23322026e-04
3.84047877e-03,1.29315224e-03,2.00000000e+01,3.67549669e-01,3.19614062e-03
2.10470457e-03,1.15372591e-03,1.70000000e+01,3.54380986e-01,2.39507431e-03
4.48305105e-04,7.11184643e-04,1.00000000e+01,3.44245348e-01,7.61988446e-04
9.85807522e-04,8.37758663e-04,1.20000000e+01,3.46634282e-01,1.12773900e-03
4.67963163e-03,1.40570506e-03,2.20000000e+01,3.72067039e-01,3.97503369e-03
1.77975046e-03,9.30144072e-04,1.40000000e+01,3.57551897e-01,1.45857015e-03
1.74543995e-03,1.05140428e-03,1.60000000e+01,3.60259647e-01,1.95414483e-03
1.92751077e-03,1.14289799e-03,1.70000000e+01,3.53753541e-01,2.20108312e-03
1.21072382e-03,8.91872927e-04,1.30000000e+01,3.51265823e-01,1.34890741e-03
9.67973987e-04,7.79307501e-04,1.10000000e+01,3.42945417e-01,9.42890870e-04
2.54077908e-03,1.11706493e-03,1.70000000e+01,3.63404874e-01,2.46399064e-03
2.36506154e-03,1.13752775e-03,1.70000000e+01,3.56531049e-01,2.41004599e-03
1.18585056e-03,9.41450456e-04,1.40000000e+01,3.54255319e-01,1.56735598e-03
2.01583526e-03,1.11718327e-03,1.70000000e+01,3.59481828e-01,2.11504938e-03
2.75678896e-03,1.34469496e-03,2.10000000e+01,3.70961753e-01,3.51496022e-03
4.27921832e-03,1.47008813e-03,2.30000000e+01,3.71375465e-01,4.18217972e-03
2.49542730e-03,1.22041806e-03,1.90000000e+01,3.63801894e-01,2.52001660e-03
1.81931485e-03,1.12692599e-03,1.70000000e+01,3.57679914e-01,2.15079280e-03
2.80192022e-03,1.17874648e-03,1.80000000e+01,3.61956522e-01,2.63469756e-03
4.27754112e-04,6.10011321e-04,8.00000000e+00,3.28726555e-01,5.55520226e-04
7.16589763e-04,6.13708257e-04,8.00000000e+00,3.28294446e-01,5.81916769e-04
1.46944780e-03,8.96270349e-04,1.30000000e+01,3.51142355e-01,1.48477467e-03
1.37245492e-03,9.40628780e-04,1.40000000e+01,3.54884547e-01,1.44981527e-03
1.74528844e-03,1.11191065e-03,1.70000000e+01,3.63537118e-01,2.24350927e-03
1.30399167e-03,8.45107916e-04,1.20000000e+01,3.43889845e-01,1.24362928e-03
1.99674413e-03,9.54731772e-04,1.40000000e+01,3.51636748e-01,1.64187277e-03
8.87631119e-04,7.19704201e-04,1.00000000e+01,3.41421736e-01,7.67154363e-04
3.68486484e-04,5.17352070e-04,6.00000000e+00,3.03555150e-01,2.69942543e-04
2.75141085e-03,1.11418409e-03,1.70000000e+01,3.61956522e-01,2.30549612e-03
2.34710384e-03,1.05942802e-03,1.60000000e+01,3.56531049e-01,1.92677231e-03
2.58554074e-03,1.24599591e-03,1.90000000e+01,3.62350381e-01,2.85347211e-03
1.26621941e-03,8.80799730e-04,1.20000000e+01,3.40839304e-01,1.47609740e-03
1.43394578e-03,9.95896522e-04,1.50000000e+01,3.57296137e-01,1.68198109e-03
1.47681186e-03,8.88192102e-04,1.30000000e+01,3.54004252e-01,1.40811065e-03
1.14490576e-03,8.31676363e-04,1.20000000e+01,3.46875000e-01,1.11542788e-03
9.56953813e-04,8.28652580e-04,1.20000000e+01,3.47599165e-01,1.06189542e-03
1.15153191e-03,8.27195419e-04,1.20000000e+01,3.47357441e-01,1.06849811e-03
8.26335703e-04,8.26681872e-04,1.20000000e+01,3.48326360e-01,1.09398910e-03
9.74996093e-04,7.67329661e-04,1.10000000e+01,3.44008264e-01,8.30323476e-04
1.99766070e-03,1.05063529e-03,1.60000000e+01,3.59870317e-01,1.84581568e-03
1.43419302e-03,9.45884575e-04,1.40000000e+01,3.53753541e-01,1.50526489e-03
1.36964718e-03,8.29110987e-04,1.20000000e+01,3.50157729e-01,1.20345685e-03
6.65350942e-04,7.85756773e-04,1.10000000e+01,3.40606887e-01,9.50570231e-04
2.70305181e-03,1.17489250e-03,1.80000000e+01,3.61694424e-01,2.40546122e-03
3.89208893e-03,1.44843840e-03,2.30000000e+01,3.75140819e-01,4.01387653e-03
2.71335434e-03,1.22321000e-03,1.90000000e+01,3.64731654e-01,2.63101264e-03
2.73373710e-03,1.15769676e-03,1.80000000e+01,3.64998173e-01,2.39934529e-03
1.64327537e-03,1.15405671e-03,1.80000000e+01,3.63404874e-01,2.11827767e-03
1.58271862e-03,9.48338171e-04,1.40000000e+01,3.52380952e-01,1.53232438e-03
1.92414348e-03,1.16739333e-03,1.80000000e+01,3.63140676e-01,2.34894052e-03
1.69520730e-03,9.86800512e-04,1.50000000e+01,3.61301989e-01,1.72218520e-03
2.36727198e-03,1.11373701e-03,1.70000000e+01,3.60519668e-01,2.16888350e-03
3.01531639e-03,1.12326513e-03,1.70000000e+01,3.58836207e-01,2.22176147e-03
1.59616058e-03,9.68998870e-04,1.40000000e+01,3.48569435e-01,1.61511681e-03
2.09346641e-03,1.11988612e-03,1.70000000e+01,3.60780065e-01,2.36854851e-03
1.59428756e-03,9.82851726e-04,1.50000000e+01,3.60129776e-01,1.67892555e-03
1.11879433e-03,7.72950543e-04,1.10000000e+01,3.47116053e-01,9.79427959e-04
2.07929551e-03,1.00493687e-03,1.50000000e+01,3.55389541e-01,1.70776228e-03
2.08943384e-03,1.17108087e-03,1.80000000e+01,3.63934426e-01,2.49916453e-03
3.80848431e-04,6.10347574e-04,8.00000000e+00,3.28834760e-01,5.22638539e-04
2.99297267e-03,1.22906419e-03,1.90000000e+01,3.65666179e-01,2.64636985e-03
9.32522427e-04,7.39345467e-04,1.00000000e+01,3.35122442e-01,8.69826866e-04
5.55720944e-04,6.53780940e-04,9.00000000e+00,3.42006162e-01,5.76085848e-04
2.20733475e-03,1.05923967e-03,1.60000000e+01,3.59870317e-01,2.02240315e-03
1.54261562e-03,9.83269029e-04,1.50000000e+01,3.58192901e-01,1.51005853e-03
1.71614026e-03,9.61584806e-04,1.40000000e+01,3.50772472e-01,1.64672286e-03
2.70808456e-03,1.23253966e-03,1.90000000e+01,3.64465524e-01,2.80994885e-03
2.22254308e-03,1.16629029e-03,1.80000000e+01,3.61040838e-01,2.18028793e-03
2.33218895e-03,1.18012679e-03,1.80000000e+01,3.62087713e-01,2.58917090e-03
7.90177561e-04,7.72152912e-04,1.10000000e+01,3.44364012e-01,9.22082513e-04
3.78291745e-03,1.29677087e-03,2.00000000e+01,3.65666179e-01,3.21992059e-03
3.24144056e-03,1.33432434e-03,2.10000000e+01,3.70824053e-01,3.35485619e-03
1.24429693e-03,9.43272351e-04,1.40000000e+01,3.54255319e-01,1.48480972e-03
9.55515532e-04,8.29596954e-04,1.20000000e+01,3.46393897e-01,1.08890419e-03
1.44237372e-03,9.33331591e-04,1.40000000e+01,3.60000000e-01,1.56548162e-03
1.26366303e-03,8.82318448e-04,1.30000000e+01,3.52754237e-01,1.28377728e-03
1.77866971e-03,9.94073495e-04,1.50000000e+01,3.58707361e-01,1.75214056e-03
2.26923146e-03,1.05759468e-03,1.60000000e+01,3.60649819e-01,2.05839123e-03
1.29692990e-03,8.91450522e-04,1.30000000e+01,3.50157729e-01,1.32369434e-03
3.55536673e-03,1.41087037e-03,2.20000000e+01,3.69452663e-01,3.67501624e-03
8.57158896e-04,8.32034159e-04,1.20000000e+01,3.46875000e-01,1.05840421e-03
7.90833914e-04,6.23119984e-04,8.00000000e+00,3.26363933e-01,6.22923601e-04
1.74127580e-03,9.99038757e-04,1.50000000e+01,3.55389541e-01,1.77104165e-03
3.55731351e-03,1.30910370e-03,2.00000000e+01,3.66336634e-01,3.52625605e-03
1.19358751e-03,8.94427298e-04,1.30000000e+01,3.48083624e-01,1.27636666e-03
2.81375047e-03,1.19561973e-03,1.80000000e+01,3.56658336e-01,2.53428615e-03
1.80691977e-03,9.52695060e-04,1.40000000e+01,3.50157729e-01,1.53404967e-03
2.58976054e-03,1.10591140e-03,1.70000000e+01,3.61040838e-01,2.02178439e-03
1.53187627e-03,1.01765408e-03,1.50000000e+01,3.53003534e-01,1.88168640e-03
3.12383588e-03,1.22095943e-03,1.90000000e+01,3.66202346e-01,2.67362881e-03
1.83757316e-03,9.76502742e-04,1.40000000e+01,3.49422875e-01,1.72582809e-03
3.50753182e-03,1.45739494e-03,2.30000000e+01,3.73178932e-01,4.10498342e-03
4.87726375e-04,6.05130581e-04,8.00000000e+00,3.30357143e-01,4.83364251e-04
1.61640986e-03,9.52457274e-04,1.40000000e+01,3.51018974e-01,1.44991367e-03
1.56427911e-03,9.98908216e-04,1.50000000e+01,3.56022808e-01,1.74657654e-03
1.28894284e-03,8.78888036e-04,1.30000000e+01,3.55136865e-01,1.36404299e-03
1.07033575e-03,8.86897185e-04,1.30000000e+01,3.52132534e-01,1.37177359e-03
3.96454607e-03,1.35430315e-03,2.10000000e+01,3.68634686e-01,3.55877418e-03
7.35539767e-04,7.24983872e-04,1.00000000e+01,3.36703741e-01,7.83701346e-04
1.62956825e-03,1.01059436e-03,1.50000000e+01,3.54255319e-01,1.80763779e-03
9.46298193e-04,7.68284091e-04,1.10000000e+01,3.47841226e-01,9.39309350e-04
2.63322972e-03,1.12438888e-03,1.70000000e+01,3.56913183e-01,2.15494001e-03
1.38793833e-03,9.44157088e-04,1.40000000e+01,3.53253182e-01,1.53017771e-03
3.19063539e-03,1.28595107e-03,2.00000000e+01,3.64465524e-01,2.87868335e-03
3.20120116e-04,5.06640942e-04,6.00000000e+00,3.11506080e-01,2.84266282e-04
2.63285378e-03,1.16929204e-03,1.80000000e+01,3.64067055e-01,2.46993868e-03
4.08703664e-03,1.49099564e-03,2.40000000e+01,3.76412962e-01,3.93150674e-03
1.45938079e-03,9.48838962e-04,1.40000000e+01,3.54506742e-01,1.62194966e-03
5.23996655e-04,6.07570817e-04,8.00000000e+00,3.34225493e-01,5.55949483e-04
2.22750049e-03,9.50624366e-04,1.40000000e+01,3.55136865e-01,1.80666542e-03
6.47219099e-04,7.26362258e-04,1.00000000e+01,3.35572724e-01,8.48287797e-04
2.05905609e-03,1.10589749e-03,1.70000000e+01,3.61694424e-01,2.04585781e-03
5.44325213e-04,5.43522491e-04,7.00000000e+00,3.29485488e-01,3.61696592e-04
1.31625775e-03,9.49224838e-04,1.40000000e+01,3.48812849e-01,1.39193019e-03
1.63100286e-03,9.90378860e-04,1.50000000e+01,3.58064516e-01,1.65137252e-03
1.66400623e-03,1.12925691e-03,1.70000000e+01,3.55895974e-01,2.18305078e-03
3.26234065e-03,1.22476004e-03,1.90000000e+01,3.66874770e-01,2.74105423e-03
4.43634114e-03,1.40196794e-03,2.20000000e+01,3.69316081e-01,3.65978815e-03
9.51445960e-04,7.82428466e-04,1.10000000e+01,3.39911535e-01,9.66825288e-04
3.77306525e-03,1.36777000e-03,2.10000000e+01,3.64598540e-01,3.43756076e-03
2.64547028e-03,1.27770733e-03,2.00000000e+01,3.67684947e-01,2.92422352e-03
2.85346390e-03,1.21693516e-03,1.90000000e+01,3.63934426e-01,2.39542556e-03
1.40331800e-03,8.79304629e-04,1.30000000e+01,3.53878852e-01,1.26972854e-03
1.33789366e-03,9.61611306e-04,1.40000000e+01,3.48569435e-01,1.61522068e-03
2.48219843e-03,1.05378110e-03,1.60000000e+01,3.61301989e-01,1.98101110e-03
1.25417649e-03,9.49604677e-04,1.40000000e+01,3.49912434e-01,1.47317913e-03
1.65356010e-03,8.95154045e-04,1.30000000e+01,3.50157729e-01,1.31937472e-03
2.13227954e-03,1.11143450e-03,1.70000000e+01,3.64199781e-01,2.27725590e-03
1.26074638e-03,8.41876141e-04,1.20000000e+01,3.44958564e-01,1.21859285e-03
1.14676577e-03,8.30189824e-04,1.20000000e+01,3.48691099e-01,1.07520194e-03
1.57263879e-03,8.83187846e-04,1.30000000e+01,3.50157729e-01,1.30386327e-03
2.13037046e-03,1.05838716e-03,1.60000000e+01,3.59094177e-01,1.99563146e-03
8.52195764e-04,7.19003131e-04,1.00000000e+01,3.39680381e-01,7.89066282e-04
3.46535115e-04,5.59403154e-04,7.00000000e+00,3.19782330e-01,3.59617729e-04
3.62442110e-03,1.33943291e-03,2.10000000e+01,3.72483221e-01,3.55990090e-03
8.04164176e-04,7.80416592e-04,1.10000000e+01,3.43063187e-01,9.60177616e-04
1.34496149e-03,7.86592918e-04,1.10000000e+01,3.45435685e-01,1.16998625e-03
2.19955538e-03,1.06420574e-03,1.60000000e+01,3.57551897e-01,2.03151581e-03
9.47722980e-04,7.69725492e-04,1.10000000e+01,3.44958564e-01,8.96192919e-04
6.46694886e-04,6.69512627e-04,9.00000000e+00,3.32556591e-01,5.87100282e-04
1.43059021e-03,8.33273079e-04,1.20000000e+01,3.48083624e-01,1.13794858e-03
2.08452983e-03,1.21779972e-03,1.90000000e+01,3.66471020e-01,2.56393708e-03
1.91736668e-03,1.05301865e-03,1.60000000e+01,3.61171367e-01,1.94149371e-03
1.99719661e-03,1.05280974e-03,1.60000000e+01,3.57551897e-01,1.76898565e-03
2.05816386e-03,1.29398270e-03,2.00000000e+01,3.67684947e-01,3.23835042e-03
1.87166697e-03,1.01074427e-03,1.50000000e+01,3.56785714e-01,1.93264159e-03
1.88491792e-03,1.01100701e-03,1.50000000e+01,3.53753541e-01,1.86749606e-03
2.69740846e-03,1.21312952e-03,1.90000000e+01,3.69589345e-01,2.72963040e-03
1.64198622e-03,9.90086475e-04,1.50000000e+01,3.58965146e-01,1.70078925e-03
7.26924288e-04,7.93812192e-04,1.10000000e+01,3.39795918e-01,1.12438223e-03
1.19222396e-03,8.95106683e-04,1.30000000e+01,3.49912434e-01,1.36968085e-03
1.27381393e-03,9.47820196e-04,1.40000000e+01,3.54884547e-01,1.57044883e-03
2.05606738e-03,1.13500331e-03,1.70000000e+01,3.55895974e-01,2.26107269e-03
3.45849616e-03,1.30045929e-03,2.00000000e+01,3.65265082e-01,3.17622738e-03
2.54154612e-03,1.16533118e-03,1.80000000e+01,3.64465524e-01,2.39012895e-03
2.30963253e-03,1.17783211e-03,1.80000000e+01,3.62613430e-01,2.67606426e-03
2.63862552e-03,1.22765523e-03,1.90000000e+01,3.67009552e-01,2.90842061e-03
4.85370066e-03,1.56677051e-03,2.50000000e+01,3.75846501e-01,4.57639148e-03
6.28816260e-04,6.68367469e-04,9.00000000e+00,3.34337349e-01,6.50886082e-04
7.53321004e-04,7.15841083e-04,1.00000000e+01,3.41538462e-01,7.52641456e-04
3.37263852e-04,6.13090137e-04,8.00000000e+00,3.25619296e-01,4.59835140e-04
1.21422274e-03,9.99979926e-04,1.50000000e+01,3.56913183e-01,1.77666465e-03
3.16060046e-03,1.24297994e-03,1.90000000e+01,3.61040838e-01,2.78659533e-03
6.86010678e-04,7.14114030e-04,1.00000000e+01,3.42357779e-01,7.59041483e-04
1.36710415e-03,1.00955940e-03,1.50000000e+01,3.53253182e-01,1.74028997e-03
2.92443300e-03,1.17774974e-03,1.80000000e+01,3.60000000e-01,2.45425598e-03
5.71983381e-04,6.60134477e-04,9.00000000e+00,3.34785523e-01,6.03773644e-04
2.34254018e-03,1.11561227e-03,1.70000000e+01,3.63140676e-01,2.38742420e-03
2.97931704e-03,1.23659064e-03,1.90000000e+01,3.61432706e-01,2.67751958e-03
3.60171376e-03,1.29937384e-03,2.00000000e+01,3.65800073e-01,3.23558418e-03
1.23824196e-03,7.77122064e-04,1.10000000e+01,3.46634282e-01,1.04010752e-03
3.29892919e-03,1.18313881e-03,1.80000000e+01,3.63272727e-01,2.66896814e-03
1.56935233e-03,9.40522536e-04,1.40000000e+01,3.56403853e-01,1.49237372e-03
1.13242951e-03,8.81987992e-04,1.30000000e+01,3.52629721e-01,1.27189846e-03
1.20292584e-03,7.75523859e-04,1.10000000e+01,3.42827728e-01,9.68980963e-04
1.88576207e-04,4.35046765e-04,5.00000000e+00,3.15440480e-01,1.93003711e-04
1.17188149e-03,8.18533290e-04,1.20000000e+01,3.51265823e-01,1.05382663e-03
2.53255521e-03,1.17956149e-03,1.80000000e+01,3.61301989e-01,2.52585493e-03
2.45603876e-03,1.17697483e-03,1.80000000e+01,3.62613430e-01,2.64409048e-03
9.31389702e-04,7.16020746e-04,1.00000000e+01,3.42123288e-01,7.56795320e-04
2.20966599e-03,1.06768670e-03,1.60000000e+01,3.56022808e-01,2.01484503e-03
1.77592991e-03,1.10309824e-03,1.70000000e+01,3.61956522e-01,2.06654926e-03
6.04832651e-04,7.28610881e-04,1.00000000e+01,3.34673367e-01,7.92767579e-04
8.29873678e-04,7.65925903e-04,1.10000000e+01,3.48326360e-01,9.41231763e-04
1.83530417e-03,1.01462297e-03,1.50000000e+01,3.52008457e-01,1.75642381e-03
1.07708330e-03,8.81873711e-04,1.30000000e+01,3.50403367e-01,1.20413242e-03
1.55998237e-03,1.04334658e-03,1.60000000e+01,3.60129776e-01,1.77325179e-03
3.10291058e-03,1.29209240e-03,2.00000000e+01,3.67955801e-01,3.26777453e-03
1.67582593e-03,9.43851211e-04,1.40000000e+01,3.52754237e-01,1.44879537e-03
3.41951671e-04,5.41866737e-04,7.00000000e+00,3.29051383e-01,3.40477548e-04
3.15546233e-03,1.22804070e-03,1.90000000e+01,3.63669458e-01,2.74395699e-03
1.55895499e-03,9.39292044e-04,1.40000000e+01,3.55263158e-01,1.52894658e-03
1.64468499e-03,9.10120998e-04,1.30000000e+01,3.45914127e-01,1.40248431e-03
1.86033865e-03,9.91712832e-04,1.50000000e+01,3.57936224e-01,1.66624465e-03
1.44531869e-03,8.39571555e-04,1.20000000e+01,3.49545136e-01,1.25469165e-03
1.20442807e-03,7.77317419e-04,1.10000000e+01,3.42006162e-01,9.32389732e-04
2.72938853e-03,1.22554497e-03,1.90000000e+01,3.66471020e-01,2.79895440e-03
1.10112999e-03,7.64226928e-04,1.10000000e+01,3.46995485e-01,8.18263422e-04
3.82479605e-03,1.24112715e-03,1.90000000e+01,3.65131579e-01,3.05736785e-03
3.75304921e-03,1.45032440e-03,2.30000000e+01,3.73737374e-01,3.94480567e-03
1.13015815e-03,9.33847468e-04,1.40000000e+01,3.55895974e-01,1.36336828e-03
6.27888995e-03,1.68797698e-03,2.70000000e+01,3.79271071e-01,5.48199679e-03
1.63209076e-03,1.04992148e-03,1.60000000e+01,3.61432706e-01,2.00534794e-03
1.99118385e-03,1.00265427e-03,1.50000000e+01,3.53128314e-01,1.69110688e-03
1.02891622e-03,8.80507587e-04,1.30000000e+01,3.51513019e-01,1.22396016e-03
4.46073942e-03,1.51257241e-03,2.40000000e+01,3.72900336e-01,4.16968041e-03
1.55637955e-03,1.06349572e-03,1.60000000e+01,3.53128314e-01,1.82236280e-03
2.09696234e-03,1.05673778e-03,1.60000000e+01,3.60000000e-01,2.10870577e-03
1.33239825e-03,8.89961090e-04,1.30000000e+01,3.50280505e-01,1.34455148e-03
2.46081290e-03,1.18143008e-03,1.80000000e+01,3.59223301e-01,2.36375157e-03
1.33459289e-03,8.89149084e-04,1.30000000e+01,3.49667483e-01,1.22522201e-03
1.44721669e-03,8.91556312e-04,1.30000000e+01,3.50772472e-01,1.33190602e-03
2.49120495e-03,1.12610084e-03,1.70000000e+01,3.60000000e-01,2.38140463e-03
3.18185266e-03,1.38968278e-03,2.20000000e+01,3.71790100e-01,3.41590395e-03
1.88675189e-03,9.88457411e-04,1.50000000e+01,3.59740727e-01,1.69173388e-03
3.50075407e-03,1.36209155e-03,2.10000000e+01,3.67820324e-01,3.50849247e-03
1.91759652e-03,1.06211681e-03,1.60000000e+01,3.57551897e-01,1.91559350e-03
2.88205362e-03,1.29563659e-03,2.00000000e+01,3.67684947e-01,3.21335862e-03
1.60534007e-04,5.00608837e-04,6.00000000e+00,3.14052185e-01,2.54162531e-04
1.07455506e-03,8.28910922e-04,1.20000000e+01,3.45196959e-01,1.04116808e-03
1.83705267e-03,1.06102238e-03,1.60000000e+01,3.57040743e-01,1.94576104e-03
6.31236128e-04,6.72537689e-04,9.00000000e+00,3.30685204e-01,6.26626161e-04
1.28097717e-03,9.39874805e-04,1.40000000e+01,3.55010661e-01,1.53393872e-03
3.00013411e-03,1.33335537e-03,2.10000000e+01,3.70961753e-01,3.28929955e-03
2.47710033e-03,1.15115054e-03,1.80000000e+01,3.68634686e-01,2.40382934e-03
8.48806248e-04,7.80766171e-04,1.10000000e+01,3.42240493e-01,9.48130918e-04
1.03230619e-03,7.84487000e-04,1.10000000e+01,3.40839304e-01,9.88041644e-04
1.97818341e-03,9.91363591e-04,1.50000000e+01,3.57679914e-01,1.68229735e-03
8.98224714e-04,8.24624794e-04,1.20000000e+01,3.49545136e-01,1.03417594e-03
1.59565764e-03,9.43579361e-04,1.40000000e+01,3.54506742e-01,1.45419086e-03
1.72413363e-03,9.98961537e-04,1.50000000e+01,3.55769231e-01,1.73460585e-03
2.32676327e-03,1.16754154e-03,1.80000000e+01,3.61563518e-01,2.32667754e-03
8.24930805e-04,7.73702786e-04,1.10000000e+01,3.42240493e-01,8.43800858e-04
1.30723780e-03,1.00653877e-03,1.50000000e+01,3.55895974e-01,1.70503834e-03
1.21218642e-03,8.85583974e-04,1.30000000e+01,3.53753541e-01,1.29311444e-03
1.97673722e-03,1.00676996e-03,1.50000000e+01,3.51142355e-01,1.56119916e-03
3.36439905e-03,1.27679370e-03,2.00000000e+01,3.67684947e-01,2.85974385e-03
2.27458754e-04,5.50164896e-04,7.00000000e+00,3.23720026e-01,2.96302043e-04
1.43234797e-03,8.96424705e-04,1.30000000e+01,3.50280505e-01,1.41302431e-03
2.26576361e-03,1.23342045e-03,1.90000000e+01,3.61825426e-01,2.57191521e-03
2.24684469e-03,1.15109386e-03,1.80000000e+01,3.66605505e-01,2.27085012e-03
2.51372479e-03,1.22193436e-03,1.90000000e+01,3.66740088e-01,2.67110113e-03
1.20921644e-03,8.29875970e-04,1.20000000e+01,3.48691099e-01,1.09250223e-03
3.26184909e-03,1.30383137e-03,2.00000000e+01,3.65398683e-01,3.28495083e-03
2.77164348e-03,1.26870354e-03,2.00000000e+01,3.69452663e-01,2.99619365e-03
2.94679827e-03,1.18447900e-03,1.80000000e+01,3.61301989e-01,2.58194914e-03
1.49053438e-03,9.51262816e-04,1.40000000e+01,3.49422875e-01,1.42626552e-03
1.45573981e-03,8.87506226e-04,1.30000000e+01,3.50157729e-01,1.29688674e-03
2.16199856e-03,1.06150957e-03,1.60000000e+01,3.56149733e-01,1.89945940e-03
1.45415857e-03,8.78061152e-04,1.30000000e+01,3.50895680e-01,1.21672397e-03
6.33624254e-04,7.20399813e-04,1.00000000e+01,3.42710120e-01,8.29903815e-04
9.81843271e-04,8.38720526e-04,1.20000000e+01,3.44008264e-01,1.07292257e-03
2.49012265e-03,1.17495416e-03,1.80000000e+01,3.60259647e-01,2.34370134e-03
2.43361684e-03,1.16212636e-03,1.80000000e+01,3.65666179e-01,2.51146765e-03
6.49603204e-04,7.06560275e-04,1.00000000e+01,3.45435685e-01,6.64838440e-04
1.05206679e-03,8.16238126e-04,1.20000000e+01,3.51760563e-01,1.06702873e-03
1.89552251e-03,1.04554752e-03,1.60000000e+01,3.63272727e-01,2.00559221e-03
1.54616958e-03,9.58312224e-04,1.40000000e+01,3.48812849e-01,1.57036055e-03
1.39440671e-03,8.93135353e-04,1.30000000e+01,3.50403367e-01,1.37055922e-03
1.44091388e-03,9.41012223e-04,1.40000000e+01,3.54380986e-01,1.58881487e-03
3.35079759e-03,1.32191621e-03,2.10000000e+01,3.73039582e-01,3.18830205e-03
3.15387874e-03,1.22994345e-03,1.90000000e+01,3.64998173e-01,2.81529254e-03
9.38692846e-04,8.31030184e-04,1.20000000e+01,3.47841226e-01,1.10449613e-03
1.30493329e-03,9.87485222e-04,1.50000000e+01,3.60259647e-01,1.61473789e-03
1.52838784e-03,1.00672598e-03,1.50000000e+01,3.55895974e-01,1.81466492e-03
2.54257490e-03,1.21668155e-03,1.90000000e+01,3.69043221e-01,2.83656123e-03
9.07337505e-04,6.62568784e-04,9.00000000e+00,3.37956698e-01,6.88292411e-04
6.50309496e-04,7.21645176e-04,1.00000000e+01,3.38758901e-01,8.02026181e-04
1.65175906e-03,9.46282433e-04,1.40000000e+01,3.51884466e-01,1.56414172e-03
2.82848800e-03,1.12547351e-03,1.70000000e+01,3.60780065e-01,2.43990727e-03
1.74488152e-03,9.56408759e-04,1.40000000e+01,3.51265823e-01,1.61601722e-03
1.42557878e-03,9.95981303e-04,1.50000000e+01,3.59481828e-01,1.82010568e-03
1.35522119e-03,9.52800111e-04,1.40000000e+01,3.50157729e-01,1.47198940e-03
3.05148280e-03,1.19508791e-03,1.80000000e+01,3.60649819e-01,2.71190113e-03
4.32514123e-03,1.47517943e-03,2.30000000e+01,3.70411568e-01,4.08847442e-03
1.79375456e-03,1.04733562e-03,1.60000000e+01,3.61432706e-01,1.93463006e-03
1.67581825e-03,9.82195176e-04,1.50000000e+01,3.60129776e-01,1.58151901e-03
1.69321198e-03,8.85324483e-04,1.30000000e+01,3.53003534e-01,1.41875338e-03
7.76378876e-04,7.13952936e-04,1.00000000e+01,3.41421736e-01,6.79835938e-04
1.67623508e-03,1.09343135e-03,1.70000000e+01,3.65532382e-01,2.18178051e-03
3.12716938e-03,1.22210747e-03,1.90000000e+01,3.64598540e-01,2.60860517e-03
3.00230463e-03,1.19102901e-03,1.80000000e+01,3.62876862e-01,2.75070866e-03
3.05660399e-03,1.22867306e-03,1.90000000e+01,3.67279412e-01,2.90755173e-03
1.25993815e-03,8.39007082e-04,1.20000000e+01,3.43181037e-01,1.09426571e-03
1.97819413e-03,1.05591315e-03,1.60000000e+01,3.57423971e-01,1.88212628e-03
2.75641040e-03,1.16811079e-03,1.80000000e+01,3.62087713e-01,2.31995353e-03
2.42445089e-03,1.05250174e-03,1.60000000e+01,3.58578607e-01,1.83857499e-03
1.82965915e-03,9.44232630e-04,1.40000000e+01,3.51389377e-01,1.45988435e-03
2.29416265e-03,1.06924661e-03,1.60000000e+01,3.56403853e-01,2.11999196e-03
1.89920238e-03,1.00117150e-03,1.50000000e+01,3.53128314e-01,1.65567687e-03
2.38160247e-03,1.08014617e-03,1.60000000e+01,3.55136865e-01,2.18353167e-03
1.35689137e-03,8.88484552e-04,1.30000000e+01,3.50157729e-01,1.26776374e-03
3.28689748e-03,1.33985197e-03,2.10000000e+01,3.68634686e-01,3.18212125e-03
1.69460589e-03,9.96671737e-04,1.50000000e+01,3.56785714e-01,1.62520902e-03
5.63832378e-04,6.57404986e-04,9.00000000e+00,3.35685484e-01,5.63969576e-04
1.00042510e-03,7.92582156e-04,1.10000000e+01,3.38414634e-01,9.60190443e-04
7.93205510e-04,7.16056513e-04,1.00000000e+01,3.40839304e-01,7.49778670e-04
3.31582709e-03,1.22179388e-03,1.90000000e+01,3.68091378e-01,2.74463845e-03
5.86464533e-04,6.57883995e-04,9.00000000e+00,3.36250421e-01,6.18943183e-04
2.34787830e-03,1.16633059e-03,1.80000000e+01,3.64864865e-01,2.46392623e-03
6.95203105e-04,7.23095411e-04,1.00000000e+01,3.39680381e-01,8.30928476e-04
9.49662544e-04,9.35733045e-04,1.40000000e+01,3.54758523e-01,1.37528964e-03
8.64679122e-04,8.13935952e-04,1.20000000e+01,3.50403367e-01,9.65403550e-04
2.17778661e-03,1.23660187e-03,1.90000000e+01,3.66336634e-01,2.90664651e-03
1.12302328e-03,9.74534581e-04,1.40000000e+01,3.46514048e-01,1.58017573e-03
1.04364072e-03,8.22252561e-04,1.20000000e+01,3.49789916e-01,1.01795011e-03
1.20008703e-03,8.85274434e-04,1.30000000e+01,3.47599165e-01,1.12694786e-03
1.08968970e-03,7.67645070e-04,1.10000000e+01,3.49545136e-01,1.00418273e-03
1.23649303e-03,8.85607786e-04,1.30000000e+01,3.50280505e-01,1.25337141e-03
1.81055202e-03,9.92541306e-04,1.50000000e+01,3.55769231e-01,1.54262716e-03
5.73437347e-03,1.57169081e-03,2.50000000e+01,3.76554844e-01,4.75233899e-03
1.29854821e-03,9.39361097e-04,1.40000000e+01,3.54380986e-01,1.46006461e-03
1.63365099e-03,9.67953846e-04,1.40000000e+01,3.49667483e-01,1.70119570e-03
4.84481879e-04,6.18226736e-04,8.00000000e+00,3.28402367e-01,5.52144937e-04
1.27498267e-03,9.15376094e-04,1.30000000e+01,3.47478261e-01,1.46849956e-03
1.69526737e-03,9.39508648e-04,1.40000000e+01,3.54004252e-01,1.45687988e-03
2.42693750e-03,1.23951592e-03,1.90000000e+01,3.61432706e-01,2.69859435e-03
3.26658653e-03,1.35815194e-03,2.10000000e+01,3.64598540e-01,3.33873315e-03
5.93961627e-04,7.71180954e-04,1.10000000e+01,3.44364012e-01,8.92524230e-04
2.13609507e-03,1.01668300e-03,1.50000000e+01,3.55389541e-01,2.00273680e-03
1.54421560e-03,9.86736115e-04,1.50000000e+01,3.59611231e-01,1.54143290e-03
3.92748981e-03,1.39103207e-03,2.20000000e+01,3.73737374e-01,3.79265650e-03
2.51766340e-03,1.06550843e-03,1.60000000e+01,3.61301989e-01,2.26569662e-03
1.60055591e-03,1.03721784e-03,1.60000000e+01,3.63140676e-01,1.79140560e-03
8.52258144e-04,7.70960152e-04,1.10000000e+01,3.41655267e-01,8.63818715e-04
1.95949441e-03,1.05194110e-03,1.60000000e+01,3.60000000e-01,1.95805294e-03
1.85527816e-03,9.95737274e-04,1.50000000e+01,3.58321377e-01,1.76571379e-03
5.96190414e-04,6.10830987e-04,8.00000000e+00,3.26790972e-01,5.43781569e-04
1.69497025e-03,9.82885379e-04,1.50000000e+01,3.60129776e-01,1.69839277e-03
1.92217645e-03,1.05866400e-03,1.60000000e+01,3.58836207e-01,1.97507709e-03
2.50357541e-03,1.15964672e-03,1.80000000e+01,3.64598540e-01,2.36621393e-03
4.46053858e-03,1.36153012e-03,2.10000000e+01,3.67820324e-01,3.68037377e-03
1.96108494e-03,1.05545892e-03,1.60000000e+01,3.59481828e-01,1.92081856e-03
2.01425412e-03,1.05490697e-03,1.60000000e+01,3.57679914e-01,1.84858379e-03
2.58611528e-03,1.25493405e-03,1.90000000e+01,3.60910405e-01,3.05916782e-03
3.42150982e-03,1.29583837e-03,2.00000000e+01,3.64199781e-01,3.02440229e-03
2.97022888e-03,1.35195882e-03,2.10000000e+01,3.71099554e-01,3.63698113e-03
1.45120581e-03,9.93891677e-04,1.50000000e+01,3.58578607e-01,1.70325492e-03
4.36458825e-03,1.44817564e-03,2.30000000e+01,3.74017222e-01,3.82206347e-03
4.20940434e-04,5.99038081e-04,8.00000000e+00,3.34337349e-01,4.26559807e-04
1.28450707e-03,9.44400883e-04,1.40000000e+01,3.56658336e-01,1.61210836e-03
1.35925361e-03,1.00689248e-03,1.50000000e+01,3.53378139e-01,1.66650837e-03
4.20904291e-04,7.18375089e-04,1.00000000e+01,3.41072038e-01,7.64001032e-04
7.66271531e-04,6.53747303e-04,9.00000000e+00,3.38529312e-01,5.62516451e-04
1.41332586e-03,9.30972796e-04,1.40000000e+01,3.52380952e-01,1.25116686e-03
1.14529323e-03,8.78117403e-04,1.30000000e+01,3.54758523e-01,1.25704273e-03
1.20246139e-03,1.00362413e-03,1.50000000e+01,3.53753541e-01,1.69845512e-03
1.10825892e-03,8.91303086e-04,1.30000000e+01,3.50035039e-01,1.35493493e-03
1.33203984e-03,8.42457587e-04,1.20000000e+01,3.45077720e-01,1.21790300e-03
1.45633471e-03,7.80311307e-04,1.10000000e+01,3.42475146e-01,9.67795564e-04
2.25063207e-03,1.27486363e-03,2.00000000e+01,3.70548961e-01,3.10698710e-03
1.55407598e-03,9.37273381e-04,1.40000000e+01,3.52380952e-01,1.31848268e-03
2.55010876e-03,1.11469889e-03,1.70000000e+01,3.61301989e-01,2.27164806e-03
2.24507129e-03,1.05290172e-03,1.60000000e+01,3.57808023e-01,1.87622534e-03
8.10630317e-04,8.34789173e-04,1.20000000e+01,3.43181037e-01,1.02757213e-03
4.44414727e-04,6.07663588e-04,8.00000000e+00,3.32889037e-01,5.42526992e-04
1.34026023e-03,9.50007300e-04,1.40000000e+01,3.52754237e-01,1.50450539e-03
3.79777697e-03,1.45206651e-03,2.30000000e+01,3.73318386e-01,3.85382680e-03
6.67057671e-04,6.65971004e-04,9.00000000e+00,3.35122442e-01,6.42056786e-04
1.84722562e-03,1.04415612e-03,1.60000000e+01,3.64199781e-01,2.02390931e-03
2.32345860e-03,1.10613410e-03,1.70000000e+01,3.62876862e-01,2.20047004e-03
1.74803431e-03,9.31372028e-04,1.40000000e+01,3.57808023e-01,1.56650494e-03
1.17482084e-03,8.35439937e-04,1.20000000e+01,3.46634282e-01,1.09597540e-03
1.33636840e-03,8.95934058e-04,1.30000000e+01,3.46393897e-01,1.26613538e-03
2.04310647e-03,1.22772949e-03,1.90000000e+01,3.66740088e-01,2.87229154e-03
2.70616136e-03,1.13897755e-03,1.70000000e+01,3.56531049e-01,2.29216150e-03
8.96270202e-04,8.93481162e-04,1.30000000e+01,3.49056604e-01,1.27712123e-03
1.52863395e-03,9.42557488e-04,1.40000000e+01,3.55769231e-01,1.56786394e-03
1.79262611e-03,9.42702763e-04,1.40000000e+01,3.56913183e-01,1.57703408e-03
2.40255709e-03,1.12880017e-03,1.70000000e+01,3.57296137e-01,2.20667124e-03
5.02715182e-03,1.55746856e-03,2.50000000e+01,3.79703535e-01,4.76078737e-03
1.66650453e-03,1.04873358e-03,1.60000000e+01,3.60129776e-01,1.92836710e-03
3.79047289e-03,1.40178971e-03,2.20000000e+01,3.67684947e-01,3.41994109e-03
9.56877606e-04,7.63707300e-04,1.10000000e+01,3.46153846e-01,8.53717380e-04
2.46738508e-03,1.12612025e-03,1.70000000e+01,3.61432706e-01,2.44711934e-03
1.82453480e-03,1.01522558e-03,1.50000000e+01,3.54129741e-01,1.88710259e-03
1.33042949e-03,9.52074107e-04,1.40000000e+01,3.49056604e-01,1.44183794e-03
3.39078188e-03,1.26979725e-03,2.00000000e+01,3.68362832e-01,2.82776597e-03
1.57208250e-03,9.56337812e-04,1.40000000e+01,3.51389377e-01,1.68804687e-03
1.16185369e-03,8.96567382e-04,1.30000000e+01,3.49178609e-01,1.37387870e-03
7.19670524e-04,7.64550232e-04,1.10000000e+01,3.45794393e-01,8.45536056e-04
7.14337130e-04,6.03359846e-04,8.00000000e+00,3.29920740e-01,4.99837463e-04
1.75066557e-03,9.44573540e-04,1.40000000e+01,3.54758523e-01,1.57387571e-03
9.24590725e-04,8.31703343e-04,1.20000000e+01,3.47478261e-01,1.12863246e-03
1.35936968e-03,7.85053074e-04,1.10000000e+01,3.44364012e-01,1.05907943e-03
2.36136718e-03,1.11069137e-03,1.70000000e+01,3.62876862e-01,2.20771269e-03
1.51906027e-03,8.36366740e-04,1.20000000e+01,3.47236705e-01,1.20308641e-03
8.55624143e-04,7.10697247e-04,1.00000000e+01,3.42006162e-01,6.71043779e-04
2.46974220e-03,1.22955635e-03,1.90000000e+01,3.61956522e-01,2.50399114e-03
3.79372532e-04,5.46272340e-04,7.00000000e+00,3.26363933e-01,3.06527344e-04
1.03502409e-03,8.47212567e-04,1.20000000e+01,3.46754599e-01,1.27854220e-03
1.15006981e-03,9.38791102e-04,1.40000000e+01,3.56022808e-01,1.48119103e-03
1.82291228e-03,1.00752512e-03,1.50000000e+01,3.52878841e-01,1.73787424e-03
1.77801820e-03,9.45019165e-04,1.40000000e+01,3.55010661e-01,1.57536300e-03
2.94358314e-03,1.33591315e-03,2.10000000e+01,3.67820324e-01,3.13167532e-03
1.32695649e-03,8.18705659e-04,1.20000000e+01,3.54506742e-01,1.15775791e-03
8.67559744e-04,6.74690692e-04,9.00000000e+00,3.34113712e-01,7.28989524e-04
6.02850577e-04,7.12377355e-04,1.00000000e+01,3.44601587e-01,7.34252255e-04
1.57987452e-03,9.28224995e-04,1.40000000e+01,3.57551897e-01,1.43613898e-03
1.36762268e-03,9.50117764e-04,1.40000000e+01,3.52505293e-01,1.63365084e-03
1.40297957e-03,1.00949721e-03,1.50000000e+01,3.54884547e-01,1.75730604e-03
2.82460814e-03,1.22258384e-03,1.90000000e+01,3.69452663e-01,2.92421002e-03
7.82911712e-04,7.17324934e-04,1.00000000e+01,3.39795918e-01,7.57039644e-04
1.02263290e-03,7.86348913e-04,1.10000000e+01,3.39219015e-01,1.00009813e-03
1.56064202e-03,1.00357326e-03,1.50000000e+01,3.56531049e-01,1.84991431e-03
1.41519025e-03,9.10989818e-04,1.30000000e+01,3.47720153e-01,1.56785210e-03
2.75149239e-03,1.18408868e-03,1.80000000e+01,3.62218999e-01,2.62699695e-03
3.76274125e-03,1.38359320e-03,2.20000000e+01,3.73039582e-01,3.47214629e-03
2.41037723e-03,1.05086759e-03,1.60000000e+01,3.58064516e-01,1.80470936e-03
3.39379099e-03,1.32945947e-03,2.10000000e+01,3.73318386e-01,3.39366214e-03
1.21969826e-03,8.83453778e-04,1.30000000e+01,3.48812849e-01,1.19293194e-03
1.13305664e-03,8.28870004e-04,1.20000000e+01,3.48812849e-01,1.15493681e-03
1.97482155e-03,1.05981147e-03,1.60000000e+01,3.57040743e-01,1.85754414e-03
2.33901813e-03,1.10243320e-03,1.70000000e+01,3.64598540e-01,2.10910916e-03
1.58331242e-03,8.86458674e-04,1.30000000e+01,3.47599165e-01,1.19061198e-03
2.34799488e-03,1.21492662e-03,1.90000000e+01,3.67144432e-01,2.65859294e-03
5.33980539e-03,1.56439229e-03,2.50000000e+01,3.76554844e-01,4.48486078e-03
9.39184677e-04,8.26977904e-04,1.20000000e+01,3.49056604e-01,1.11800244e-03
1.49608654e-03,9.47500108e-04,1.40000000e+01,3.55263158e-01,1.71567763e-03
6.17689830e-04,6.59771194e-04,9.00000000e+00,3.32335329e-01,4.99640312e-04
1.82621801e-03,1.10784025e-03,1.70000000e+01,3.62876862e-01,2.22678702e-03
4.64435866e-03,1.52669784e-03,2.40000000e+01,3.73597607e-01,4.62492931e-03
1.29475163e-03,8.67943189e-04,1.30000000e+01,3.54255319e-01,1.12526235e-03
1.86734798e-03,1.13399702e-03,1.70000000e+01,3.60000000e-01,2.41193408e-03
1.60428854e-03,9.47824374e-04,1.40000000e+01,3.54758523e-01,1.68474274e-03
3.01386054e-03,1.20303169e-03,1.80000000e+01,3.56785714e-01,2.71476245e-03
7.16541501e-04,7.69751643e-04,1.10000000e+01,3.46153846e-01,9.16793998e-04
1.65155100e-03,1.05853781e-03,1.60000000e+01,3.57551897e-01,1.88773759e-03
1.86252084e-03,1.03456230e-03,1.60000000e+01,3.65131579e-01,1.87980748e-03
1.55374393e-03,9.42810300e-04,1.40000000e+01,3.53253182e-01,1.51512888e-03
9.38908712e-04,8.86737274e-04,1.30000000e+01,3.52878841e-01,1.30132349e-03
9.69498135e-04,8.84167067e-04,1.30000000e+01,3.51018974e-01,1.26452434e-03
1.33834954e-03,8.31297721e-04,1.20000000e+01,3.44245348e-01,9.93845045e-04
1.65343647e-03,9.45290044e-04,1.40000000e+01,3.53503185e-01,1.38988306e-03
9.00656330e-04,7.13766844e-04,1.00000000e+01,3.41772152e-01,7.00286262e-04
1.40667607e-03,9.33198857e-04,1.40000000e+01,3.54632588e-01,1.41613111e-03
1.46027780e-03,8.32570034e-04,1.20000000e+01,3.48326360e-01,1.11068904e-03
1.47256455e-03,8.95857689e-04,1.30000000e+01,3.47841226e-01,1.31364174e-03
1.16797530e-03,8.94946157e-04,1.30000000e+01,3.48691099e-01,1.31079444e-03
4.14386521e-04,6.00708283e-04,8.00000000e+00,3.33333333e-01,4.45467898e-04
6.19033572e-04,6.63789379e-04,9.00000000e+00,3.35010060e-01,6.32953279e-04
1.09358846e-03,7.74217328e-04,1.10000000e+01,3.42006162e-01,9.24593639e-04
1.41895277e-03,8.82138674e-04,1.30000000e+01,3.54758523e-01,1.28859930e-03
2.29977925e-03,1.11972910e-03,1.70000000e+01,3.59740727e-01,2.29167743e-03
3.13357320e-03,1.44908564e-03,2.30000000e+01,3.74859287e-01,4.10904840e-03
1.23486026e-03,8.84693398e-04,1.30000000e+01,3.50280505e-01,1.28168349e-03
4.68237955e-03,1.63970689e-03,2.60000000e+01,3.77551020e-01,5.39896875e-03
1.30964049e-03,8.35097404e-04,1.20000000e+01,3.45794393e-01,1.12643132e-03
3.04018539e-03,1.27468032e-03,2.00000000e+01,3.67144432e-01,2.79298211e-03
1.59530292e-03,9.90003644e-04,1.50000000e+01,3.58707361e-01,1.59479210e-03
1.54173959e-03,9.26093821e-04,1.40000000e+01,3.56785714e-01,1.35985421e-03
2.73048128e-03,1.17944196e-03,1.80000000e+01,3.64199781e-01,2.78272048e-03
1.10448685e-03,7.86347847e-04,1.10000000e+01,3.43298969e-01,9.92323017e-04
2.54646847e-03,1.16514464e-03,1.80000000e+01,3.64465524e-01,2.45200778e-03
1.80662448e-03,1.04967575e-03,1.60000000e+01,3.59223301e-01,1.81468189e-03
1.18657550e-03,8.28995021e-04,1.20000000e+01,3.47841226e-01,1.11616298e-03
1.75950556e-03,1.00578777e-03,1.50000000e+01,3.56022808e-01,1.80869560e-03
1.96336596e-04,5.81327157e-04,7.00000000e+00,3.07953144e-01,3.84141527e-04
2.33408437e-03,1.23580482e-03,1.90000000e+01,3.64332604e-01,2.94596600e-03
1.42932948e-03,9.39795081e-04,1.40000000e+01,3.53003534e-01,1.47176680e-03
9.98418512e-04,8.41553951e-04,1.20000000e+01,3.46634282e-01,1.22452980e-03
1.98696880e-03,1.17517163e-03,1.80000000e+01,3.61956522e-01,2.51276262e-03
4.06805918e-03,1.40457446e-03,2.20000000e+01,3.71099554e-01,3.78259453e-03
1.40890376e-03,9.34407125e-04,1.40000000e+01,3.56785714e-01,1.45874654e-03
1.99315063e-03,1.16300403e-03,1.80000000e+01,3.64067055e-01,2.48161294e-03
1.50551133e-03,9.53686827e-04,1.40000000e+01,3.49178609e-01,1.41635514e-03
1.58089174e-03,1.00734982e-03,1.50000000e+01,3.55516014e-01,1.68695953e-03
2.38075010e-03,1.11755206e-03,1.70000000e+01,3.60780065e-01,2.19398260e-03
2.34324667e-03,1.17611422e-03,1.80000000e+01,3.63140676e-01,2.51014163e-03
2.09467035e-03,1.04535212e-03,1.50000000e+01,3.49789916e-01,2.19823488e-03
2.95377008e-03,1.28774453e-03,2.00000000e+01,3.67820324e-01,3.02329138e-03
2.34285331e-03,1.17293234e-03,1.80000000e+01,3.61432706e-01,2.55967980e-03
1.49405028e-03,9.28110739e-04,1.40000000e+01,3.57679914e-01,1.38483493e-03
1.04114799e-03,9.79510281e-04,1.50000000e+01,3.61825426e-01,1.57374285e-03
3.54096736e-03,1.27725618e-03,2.00000000e+01,3.68498709e-01,2.98039917e-03
1.17079828e-03,8.51609140e-04,1.20000000e+01,3.43416982e-01,1.26447797e-03
2.88917252e-03,1.26513595e-03,2.00000000e+01,3.69452663e-01,2.86799852e-03
2.32895756e-03,1.17114084e-03,1.80000000e+01,3.62218999e-01,2.37264769e-03
1.05667937e-04,4.38425990e-04,5.00000000e+00,3.07953144e-01,1.63101131e-04
3.41245973e-03,1.35922520e-03,2.10000000e+01,3.64332604e-01,3.26282737e-03
4.07932721e-04,6.00607462e-04,8.00000000e+00,3.36250421e-01,5.14503779e-04
2.55221410e-03,1.22241509e-03,1.90000000e+01,3.67549669e-01,2.91362285e-03
7.70165558e-04,7.30629963e-04,1.00000000e+01,3.33555927e-01,7.78936242e-04
3.18355724e-03,1.34144459e-03,2.10000000e+01,3.65800073e-01,3.10237679e-03
9.39564611e-04,7.25334093e-04,1.00000000e+01,3.36250421e-01,8.32915013e-04
1.64527792e-03,1.11375281e-03,1.70000000e+01,3.60780065e-01,2.17937508e-03
1.48372798e-03,9.07590842e-04,1.30000000e+01,3.44601587e-01,1.39255082e-03
1.22038187e-03,8.36345070e-04,1.20000000e+01,3.45196959e-01,1.12995597e-03
1.33649503e-03,8.72672705e-04,1.30000000e+01,3.55136865e-01,1.23866553e-03
2.26443301e-03,1.04061534e-03,1.60000000e+01,3.60129776e-01,1.83266514e-03
3.62313815e-03,1.28658333e-03,2.00000000e+01,3.68227055e-01,3.23523505e-03
9.32353704e-04,8.48339360e-04,1.20000000e+01,3.47599165e-01,1.39888873e-03
1.72696206e-03,9.93925584e-04,1.50000000e+01,3.59740727e-01,1.82585563e-03
1.23984275e-03,8.89530790e-04,1.30000000e+01,3.50035039e-01,1.28708928e-03
1.45288880e-03,9.44048178e-04,1.40000000e+01,3.52132534e-01,1.44343299e-03
7.36502662e-04,7.18001492e-04,1.00000000e+01,3.41538462e-01,7.46776057e-04
1.20202557e-03,8.84365058e-04,1.30000000e+01,3.53128314e-01,1.34404055e-03
1.72866855e-03,9.49963593e-04,1.40000000e+01,3.54632588e-01,1.62454378e-03
1.41094883e-03,1.04695169e-03,1.60000000e+01,3.59611231e-01,1.88445923e-03
3.02163395e-03,1.21996729e-03,1.90000000e+01,3.68227055e-01,2.80103301e-03
1.90453797e-03,1.06222121e-03,1.60000000e+01,3.57808023e-01,1.94971594e-03
1.11772970e-03,9.56426700e-04,1.40000000e+01,3.46514048e-01,1.37565727e-03
3.41613783e-03,1.45930733e-03,2.30000000e+01,3.71790100e-01,3.96779149e-03
4.89684762e-03,1.66935782e-03,2.70000000e+01,3.78839590e-01,4.84351665e-03
9.07375425e-04,8.61181338e-04,1.20000000e+01,3.38414634e-01,1.14318363e-03
4.21810482e-04,6.05698425e-04,8.00000000e+00,3.31013917e-01,4.94704699e-04
2.32400686e-03,1.21628399e-03,1.90000000e+01,3.67820324e-01,2.55844510e-03
1.68144535e-03,1.05252256e-03,1.60000000e+01,3.62481858e-01,2.05896713e-03
1.15721519e-03,8.92132064e-04,1.30000000e+01,3.50280505e-01,1.30892365e-03
5.12152094e-03,1.73646540e-03,2.80000000e+01,3.83199079e-01,5.85768486e-03
3.76842248e-03,1.39936370e-03,2.20000000e+01,3.70686456e-01,3.76236583e-03
1.07964401e-03,8.93834423e-04,1.30000000e+01,3.52256700e-01,1.42366000e-03
1.06764579e-03,8.23535975e-04,1.20000000e+01,3.47599165e-01,1.00428964e-03
1.78313288e-03,1.00619006e-03,1.50000000e+01,3.54506742e-01,1.72210727e-03
3.27845260e-03,1.41228548e-03,2.20000000e+01,3.67009552e-01,3.63585019e-03
4.46216785e-03,1.44883200e-03,2.30000000e+01,3.75281743e-01,4.00929295e-03
9.31961040e-04,7.77515488e-04,1.10000000e+01,3.44601587e-01,9.41609345e-04
3.61969736e-04,5.74570346e-04,7.00000000e+00,3.13166144e-01,4.44801760e-04
2.59174034e-03,1.12804801e-03,1.70000000e+01,3.58836207e-01,2.40837752e-03
1.68622804e-03,9.42437521e-04,1.40000000e+01,3.54506742e-01,1.48532364e-03
1.48593722e-03,8.40019643e-04,1.20000000e+01,3.45674740e-01,1.16269482e-03
1.89319416e-03,1.00249158e-03,1.50000000e+01,3.58965146e-01,1.82737266e-03
1.98652999e-03,1.06024913e-03,1.60000000e+01,3.59352518e-01,2.04291857e-03
1.54549612e-03,8.92809563e-04,1.30000000e+01,3.49300699e-01,1.25177495e-03
1.73501730e-03,1.01106298e-03,1.50000000e+01,3.52132534e-01,1.67753709e-03
1.46216723e-03,9.39172757e-04,1.40000000e+01,3.54632588e-01,1.45679203e-03
1.97447689e-03,1.10707805e-03,1.70000000e+01,3.61956522e-01,2.04502677e-03
1.51283847e-03,9.88724216e-04,1.50000000e+01,3.60910405e-01,1.72963753e-03
8.09608858e-04,7.15568841e-04,1.00000000e+01,3.43298969e-01,8.33349601e-04
1.47559075e-03,9.90941767e-04,1.50000000e+01,3.57296137e-01,1.54384644e-03
2.48166120e-03,1.15353094e-03,1.80000000e+01,3.64864865e-01,2.23158855e-03
2.75549748e-03,1.23565539e-03,1.90000000e+01,3.63404874e-01,2.79134920e-03
2.08012267e-03,1.15260601e-03,1.80000000e+01,3.67549669e-01,2.29806424e-03
