0.999189
0.016592
0.009248
0.013053
0.01175
0.012616
0.003555
0.028908
0.008012
0.0484
0.004928
0.000106
0.000106
0.022538
0.017957
0.000106
0.006029
0.014059
0.000106
0.022827
0.01879
0.079126
0.009895
0.028519
0.018788
0.068396
0.057351
0.001263
0.01472
0.012212
0.01289
0.020217
0.003269
0.000285
0.000509
0.000274
0.012437
0.000106
0.006227
0.012172
0.036748
0.034932
0.000285
0.000106
0.002549
0.008165
0.001688
0.000286
0.022775
0.00113
0.00795
0.00396
0.000282
0.038529
0.004756
0.0098
0.099007
0.0156
0.001717
0.015149
0.003043
0.000646
0.021301
0.001532
0.005464
0.008715
0.008433
0.093141
0.008616
0.005483
0.000277
0.000671
0.01807
0.008805
0.000106
0.008718
0.000579
0.002707
0.009288
0.005409
0.033569
0.000656
0.032706
0.00396
0.012071
0.011507
0.003017
0.013277
0.020522
0.007537
0.000284
0.008012
0.026969
0.006538
0.025581
0.003617
0.007361
0.000669
0.036538
0.017291
0.007333
0.023931
0.003098
0.013261
0.023198
0.009435
0.005124
1.0001
0.013782
0.02734
0.001928
0.017609
0.000652
0.02934
0.000106
0.029822
0.021676
0.002559
0.030148
0.095175
0.000824
0.0099
0.073471
0.012642
0.001006
0.000742
0.003834
0.019357
0.019275
0.004185
0.015101
0.004729
0.014104
0.015159
0.012882
0.010362
0.252964
0.021851
0.000269
0.008212
0.010529
0.021613
0.032779
0.016123
0.018073
0.000284
0.008257
0.003555
0.018067
0.017054
0.015342
0.004094
0.001672
0.000255
0.000281
0.000652
0.011222
0.000689
0.022152
0.013715
0.000282
0.016973
0.005853
0.0028
0.000581
0.00793
0.001066
0.005114
0.009341
0.040903
0.036276
0.030554
0.037162
0.011675
0.001099
0.024319
0.008681
0.013229
0.012161
0.000688
0.025242
0.01175
0.000687
0.000275
0.022366
0.019542
0.033983
0.019313
0.03863
0.005464
0.001091
0.000622
0.002008
0.001965
0.023676
0.009288
0.011951
0.019258
0.017507
0.037918
0.046459
0.001083
0.001064
0.046321
0.026001
0.000282
0.00111
0.000458
0.002244
0.000106
0.000106
0.025929
0.012568
0.049681
0.022036
0.000106
0.00028
0.007595
0.009288
0.003679
0.001023
0.003126
0.007859
0.018675
0.021667
0.010798
0.016358
0.021482
0.000671
0.002283
0.009582
0.01814
0.018047
0.000285
0.000244
0.001208
0.031876
0.00396
0.019603
0.048749
0.000645
0.000282
0.028469
0.006338
0.000285
0.001757
0.012714
0.000666
0.015747
0.028577
0.001141
0.015491
0.054289
0.000669
0.020644
0.000282
0.000285
0.015132
0.014191
0.008012
0.005063
0.034506
0.001023
0.004855
0.001928
0.022298
0.022184
0.000268
0.007191
0.003381
0.000897
0.063384
0.038851
0.009288
0.011769
0.01175
0.011871
0.056508
0.01098
0.000274
0.034043
0.018276
0.000285
0.001313
0.018647
0.050626
0.000285
0.000106
0.00081
0.001026
0.007733
0.031781
0.000106
0.000652
0.000585
0.006934
0.004855
0.015026
0.006651
0.02584
0.004087
0.00064
0.024052
0.017125
0.062438
0.00026
0.009288
0.001033
0.02568
0.010362
0.017094
0.003635
0.039946
0.030908
0.011325
0.065929
0.000278
0.003929
0.007407
0.007537
0.028658
0.000633
0.095693
0.030649
0.030713
0.02868
0.025241
0.001094
0.009288
0.032866
0.018678
0.016296
0.03384
0.006428
0.022736
0.000106
0.000554
0.00866
0.002875
0.041911
0.002386
0.006779
0.02555
0.023878
0.005325
0.010911
0.035333
0.004057
0.945026
0.016742
0.049041
0.021408
0.02967
0.388528
0.042693
0.048572
0.007785
0.054578
0.00038
0.044942
0.081216
0.041667
0.034127
0.176419
0.043035
0.010282
0.243375
0.035389
0.035149
0.069991
0.112985
0.010566
0.039414
0.166516
0.109054
0.025043
0.591228
0.002427
0.058817
0.002107
0.033709
0.033084
0.030688
0.006192
0.012941
0.007674
0.007508
0.059147
0.040268
0.109822
0.00627
0.087019
0.059726
0.032075
0.029923
0.13551
0.044733
0.08143
0.037257
0.037684
0.110993
0.002407
0.086856
0.035857
0.069287
0.01716
0.010639
0.045103
0.068705
0.034287
0.026625
0.007852
0.19645
0.024165
0.876432
0.044415
0.042606
0.089056
0.028724
0.111098
0.082253
0.045813
0.075696
0.090745
0.045159
0.029747
0.031359
0.012598
0.792493
0.031321
0.040537
0.073761
0.060861
0.03107
0.0339
0.026839
0.058735
0.041026
0.073869
0.07303
0.021421
0.037684
0.016351
0.002306
0.057449
0.038199
0.016226
0.00038
0.004566
0.025164
0.032849
0.041712
0.055862
0.020987
0.007142
0.076766
0.097941
0.063968
0.032992
0.031894
0.116763
0.077111
0.030791
0.06435
0.022034
0.135825
0.028068
0.013111
0.002306
0.054224
0.039871
0.048014
0.009256
0.045575
0.038998
0.5193
0.026716
0.037174
0.025347
0.050768
0.010888
0.041302
0.034622
0.835969
0.404108
0.009549
0.043384
0.026327
0.024395
0.040855
0.024255
0.017833
0.093587
0.049355
0.02495
0.029453
0.029323
0.148761
0.018423
0.0068
0.097133
0.037684
0.016468
0.066558
0.086685
0.036556
0.073024
0.070898
0.030008
0.041856
0.055844
0.036795
0.043295
0.145872
0.065097
0.062402
0.06152
0.273456
0.058688
0.037947
0.074236
0.019099
0.033576
0.048081
0.088313
0.109242
0.187357
0.042507
0.028431
0.023535
0.01114
0.086546
0.045916
0.016077
0.025186
0.019735
0.029261
0.04154
0.156516
0.045477
0.014224
0.024456
0.08862
0.052468
0.066388
0.051593
0.053562
0.046713
0.037017
0.010224
0.00038
0.044983
0.012941
0.15937
0.058304
0.046644
0.060868
0.040491
0.030309
0.128964
0.028882
0.129455
0.014303
0.752484
0.043831
0.01972
0.293652
0.281313
0.037728
0.027365
0.054157
0.004063
0.013111
0.069241
0.033351
0.03542
0.042632
0.055411
0.058944
0.080178
0.224669
0.004284
0.053768
0.060901
0.040868
0.000548
0.017296
0.018764
0.039948
0.0522
0.035944
0.06739
0.082858
0.009033
0.018418
0.050795
0.086492
0.050341
0.041072
0.057502
0.059369
0.029333
0.000548
0.047287
0.049443
0.044908
0.218797
0.000548
0.000548
0.07386
0.004245
0.04358
0.040976
0.000548
0.034571
0.059549
0.054825
0.058601
0.057501
0.057399
0.039615
0.026871
0.042221
0.045789
0.000548
0.052222
0.039003
0.058944
0.03975
0.003113
0.077606
0.038158
0.056152
0.042415
0.029245
0.053631
0.056254
0.224984
0.000548
0.022441
0.05732
0.144542
0.004284
0.059369
0.053333
0.058133
0.024594
0.052161
0.003245
0.000316
0.056335
0.264783
0.005166
0.058829
0.068484
0.016738
0.003106
0.025884
0.058944
0.058944
0.009349
0.059369
0.059067
0.0286
0.045491
0.050129
0.040043
0.002513
0.000548
0.035684
0.057074
0.006822
0.024925
0.005166
0.000548
0.05756
0.023285
0.053351
0.058218
0.022732
0.058322
0.057934
0.041895
0.053362
0.050373
0.042464
0.263857
0.006211
0.008354
0.004961
0.003165
0.003792
0.000514
0.003617
0.009819
0.008193
0.00547
0.023219
0.362274
0.001396
0.002938
0.005299
0.005059
0.02223
0.002907
0.01342
0.003667
0.006139
0.012825
0.004232
0.002892
0.005427
0.007313
0.037044
0.007615
0.002927
0.004999
0.002607
0.006429
0.029578
0.005864
0.002075
0.003838
0.003602
0.008636
0.004865
0.006611
0.006034
0.008063
0.009831
0.005258
0.004701
0.007907
0.003945
0.006278
0.002038
0.006677
0.003668
0.006151
0.006632
0.004327
0.004492
0.005498
0.002008
0.001383
0.027276
0.00477
0.027224
0.005257
0.001473
0.001345
0.003129
0.006382
0.006994
0.006078
0.005882
0.003327
0.002574
0.005971
0.002876
0.005176
0.002653
0.003185
0.005231
0.00632
0.004424
0.006565
0.005062
0.006974
0.008376
0.00771
0.007582
0.007385
0.006724
0.015713
0.001473
0.007085
0.00512
0.00436
0.005426
0.006445
0.009337
0.006367
0.006024
0.008302
0.002045
0.004965
0.00715
0.002389
0.007039
0.002143
0.004364
0.005437
0.00694
0.00411
0.00626
0.004253
0.007373
0.004717
0.004718
0.015484
0.000514
0.002968
0.014036
0.011702
0.031633
0.008189
0.004849
0.0043
0.005692
0.013315
0.005119
0.0028
0.00412
0.005438
0.006933
0.004669
0.005435
0.006293
0.016
0.007471
0.003697
0.007896
0.024126
0.010409
0.003029
0.003573
0.008059
0.041059
0.007223
0.024611
0.004006
0.002328
0.007661
0.00735
0.005364
0.004956
0.004066
0.00497
0.00798
0.011425
0.001463
0.007229
0.003928
0.003248
0.004879
0.002289
0.005361
0.005085
0.00683
0.00474
0.001504
0.002607
0.007928
0.00184
0.002607
0.021318
0.003632
0.006658
0.001437
0.000118
0.011398
0.021289
0.012676
0.006033
0.005569
0.0069
0.011339
0.005569
0.007357
0.010299
0.009579
0.009682
0.008024
0.009682
0.00048
0.012676
0.004493
0.011551
0.00862
0.004505
0.010223
0.009249
0.00048
0.005168
0.01305
0.010222
0.008024
0.010352
0.014642
0.007768
0.00048
0.00048
0.004115
0.004886
0.008554
0.227641
0.064696
0.049622
0.000147
0.007493
0.066802
0.053404
0.063479
0.000137
0.013828
0.053941
0.004508
0.092016
0.009851
0.000436
0.0001
0.002824
0.063647
0.014226
0.07811
0.195204
0.268951
0.0001
0.027695
0.004916
0.114824
0.026882
0.00148
0.079343
0.249182
0.010836
0.050382
0.002856
0.000392
0.126474
0.013406
0.050489
0.024777
0.038854
0.000821
0.042389
0.000979
0.048889
0.021924
0.015044
0.080034
0.101031
0.007196
0.055902
0.000241
0.158299
0.075115
0.060006
0.028311
0.003564
0.036186
0.041949
0.083853
0.071721
0.005412
0.005033
0.088214
0.037023
0.038088
0.078133
0.009871
0.047218
0.061908
0.037401
0.011578
0.079889
0.086784
0.051983
0.037383
0.012819
0.044818
0.011696
0.018827
0.005279
0.067083
0.021376
0.041284
0.066443
0.005333
0.102572
0.057515
0.04577
0.044936
0.045899
0.000964
0.005041
0.000584
0.044105
0.037465
0.049923
0.018455
0.054481
0.131756
0.026406
0.063672
0.000237
0.074967
0.00165
0.042699
0.018824
0.047739
0.000261
0.0718
0.086342
0.009642
0.120794
0.009545
0.001554
0.076686
0.062514
0.048989
0.034514
0.005882
0.16165
0.039374
0.003467
0.128299
0.064952
0.077471
0.078489
0.080177
0.000205
0.002586
0.059353
0.026431
0.051822
0.000146
0.057786
0.120243
0.007214
0.000219
0.122141
0.019227
0.000142
0.037436
0.074469
0.055013
0.000393
0.015757
0.051693
0.091829
0.00965
0.010164
0.028121
0.008824
0.000146
0.039623
0.082064
0.061759
0.007154
0.071093
0.116512
0.001851
0.039894
0.011292
0.052105
0.000383
0.000793
0.148706
0.057965
0.004077
0.028269
0.011953
0.052778
0.000104
0.101676
0.108639
0.034048
0.011824
0.227451
0.000146
0.039838
0.003987
0.075229
0.064657
0.110064
0.016461
0.180083
0.084421
0.092935
0.029756
0.075578
0.078649
0.007016
0.659331
0.26774
0.000914
0.013449
0.011239
0.009552
0.007847
0.031524
0.002103
0.005518
0.022148
0.0001
0.073667
0.045649
0.079953
0.087935
0.090393
0.067825
0.001374
0.185392
0.000261
0.042889
0.114497
0.050231
0.094193
0.061871
0.003487
0.036233
0.07175
0.072338
0.040515
0.015257
0.086705
0.06996
0.0001
0.064214
0.028844
0.067147
0.060519
0.119019
0.082769
0.312253
0.02945
0.065912
0.082894
0.042489
0.053662
0.115205
0.000506
0.005563
0.039137
0.138545
0.052866
0.016764
0.030496
0.001764
0.019001
0.043385
0.0061
0.029188
0.0001
0.123523
0.000377
0.089161
0.063958
0.011628
0.000521
0.010121
0.113658
0.003052
0.055526
0.067972
0.000421
0.085725
0.103447
0.068941
0.02351
0.001687
0.065497
0.011366
0.091059
0.077383
0.035801
0.000598
0.021685
0.050389
0.044004
0.073607
0.174183
0.022537
0.113574
0.000103
0.01923
0.010669
0.079307
0.022739
0.052758
0.061995
0.044558
0.138428
0.12921
0.018155
0.029728
0.045383
0.063655
0.041399
0.077571
0.149979
0.002324
0.000262
0.0294
0.026452
0.024536
0.04468
0.261198
0.000239
0.035651
0.003683
0.001478
0.168877
0.079243
0.0001
0.04776
0.000146
0.053248
0.085313
0.16141
0.048391
0.024045
0.09402
0.05693
0.06936
0.103487
0.007187
0.029645
0.001211
0.107734
0.123789
0.023535
0.000104
0.041227
0.079702
0.124846
0.03215
0.062367
0.089975
0.107047
0.050721
0.000103
0.015163
0.172989
0.080529
0.112249
0.151373
0.00097
0.001209
0.01742
0.063284
0.07843
0.005765
0.04834
0.053907
0.030154
0.001731
0.012919
0.113202
0.006637
0.000145
0.000146
0.000624
0.089568
0.115924
0.073065
0.066417
0.086272
0.056632
0.102536
0.000102
0.000475
0.000423
0.023465
0.009282
0.07825
0.005249
0.091988
0.000104
0.065558
0.056093
0.098912
0.052432
0.100375
0.000102
0.219446
0.025142
0.054575
0.057308
0.049536
0.09847
0.051946
0.080777
0.038516
0.017702
0.030435
0.063789
0.075465
0.063464
0.070762
0.068645
0.02193
0.021911
0.000431
0.029615
0.000544
0.099374
0.044144
0.04359
0.000591
0.061762
0.058238
0.075035
0.07881
0.034524
0.082247
0.025188
0.050556
0.033577
0.029955
0.083214
0.045605
0.039245
0.0553
0.034195
0.041126
0.054773
0.04543
0.142064
0.02933
0.145038
0.05083
0.045405
0.021131
0.000104
0.086975
0.034972
0.118436
0.089185
0.123122
0.062425
0.063391
0.126983
0.086631
0.03229
0.065683
0.184184
0.066008
0.043072
0.085831
0.003836
0.063841
0.065247
0.156343
0.000378
0.100847
0.06383
0.058142
0.038404
0.032656
0.430387
0.000143
0.000402
0.057679
0.031415
0.037087
0.181023
0.068991
0.110504
0.186166
0.000136
0.029077
0.00601
0.022506
0.116098
0.158082
0.005412
0.09202
0.08193
0.065343
0.000896
0.109532
0.068035
0.05029
0.27315
0.204095
0.060363
0.06147
0.051626
0.021995
0.048397
0.000249
0.007235
0.011504
0.0001
0.00265
0.060172
0.024845
0.204304
0.170318
0.036713
0.039861
0.000104
0.000103
0.076635
0.00709
0.029194
0.169891
0.018417
0.001972
0.044021
0.003467
0.061051
0.08251
0.034486
0.02731
0.06634
0.086623
0.037433
0.001998
0.026242
0.081474
0.000838
0.047528
0.077486
0.000274
0.020062
0.027471
0.208897
0.048654
0.006762
0.078928
0.023594
0.069087
0.087214
0.101531
0.046011
0.047189
0.000103
0.274897
0.073709
0.034605
0.012496
0.06039
0.033573
0.042545
0.036815
0.004556
0.05556
0.015544
0.000359
0.002811
0.037879
0.002346
0.06693
0.127236
0.062888
0.063977
0.021923
0.031253
0.066176
0.046203
0.066729
0.000299
0.107958
0.034197
0.047572
0.165999
0.038362
0.001308
0.129228
0.000874
0.032378
0.523542
0.0001
0.09607
0.057646
0.109873
0.055548
0.162467
0.192588
0.074602
0.000258
0.09796
0.000422
0.002528
0.020799
0.126172
0.081464
0.01283
0.085731
0.116563
0.010325
0.050376
0.000378
0.086151
0.11289
0.020047
0.001151
0.087404
0.005529
0.04274
0.059948
0.098552
0.081029
0.032594
0.000488
0.010546
0.041943
0.012403
0.104081
0.034155
0.101397
0.206976
0.001043
0.059532
0.035212
0.15424
0.000236
0.074903
0.055418
0.073057
0.038738
0.096524
0.126466
0.019999
0.011006
0.034132
0.083695
0.000556
0.202289
0.091499
0.02136
0.09306
0.023985
0.005934
0.055374
0.069987
0.061136
0.030962
0.022954
0.066214
0.094597
0.044628
0.217506
0.027355
0.048629
0.044125
0.109021
0.052572
0.033068
0.039551
0.011743
0.09985
0.000144
0.084518
0.078648
0.131731
0.04258
0.162639
0.000855
0.066624
0.141002
0.100218
0.011367
0.136186
0.000104
0.186738
0.0001
0.029174
0.003061
0.076537
0.015589
0.065827
0.028701
0.086562
0.050645
0.079678
0.102357
0.045212
0.030972
0.136638
0.152388
0.02087
0.095045
0.773107
0.040697
0.000368
0.053779
0.0001
0.051664
0.157293
0.256279
0.025941
0.000146
0.063278
0.043637
0.225647
0.108309
0.156462
0.024155
0.082074
0.011057
0.035591
0.109957
0.076119
0.117704
0.005951
0.089826
0.060259
0.006708
0.108423
0.142151
0.060423
0.033551
0.000446
0.079758
0.068275
0.181821
0.102839
0.203871
0.180244
0.04429
0.03802
0.070332
0.128992
0.024698
0.087842
0.124592
0.283831
0.177454
0.064754
0.057325
0.029686
0.079331
0.000146
0.12742
0.030848
0.123639
0.001264
0.04639
0.027264
0.06505
0.03791
0.109872
0.078111
0.033314
0.055823
0.001739
0.012017
0.050241
0.060021
0.055835
0.085143
0.013563
0.065254
0.040211
0.043632
0.026889
0.000175
0.055832
0.046338
0.000642
0.078424
0.063104
0.000436
0.013729
0.052439
0.027345
0.120488
0.114815
0.429527
0.000595
0.098304
0.138736
0.043571
0.086619
0.104112
0.004924
0.050618
0.035162
0.048963
0.027732
0.090202
0.01686
0.042465
0.014591
0.025511
0.080851
0.033208
0.042237
0.092902
1.000098
0.060576
0.052577
0.209168
0.142285
0.091658
0.000103
0.080275
0.099444
0.000146
0.045416
0.040567
0.007247
0.001153
0.020968
0.063697
0.00674
0.000847
0.09771
0.135714
0.031225
0.062123
0.048876
0.186888
0.003769
0.115259
0.005592
0.000378
0.073245
0.000248
0.185863
0.086894
0.080027
0.108705
0.639999
0.027263
0.061837
0.075656
0.047422
0.023532
0.047476
0.093971
0.016155
0.038875
0.037248
0.13228
0.302263
0.001729
0.064862
0.075879
0.025164
0.070965
0.132283
0.046995
0.029016
0.009289
0.064271
0.070865
0.119905
0.042303
0.046089
0.025385
0.222073
0.03255
0.00897
0.009677
0.091209
0.068545
0.081634
0.047405
0.041262
0.000103
0.015338
0.097141
0.035963
0.000626
0.000137
0.094915
0.000235
0.041028
0.021796
0.051042
0.0599
0.041125
0.2594
0.026412
0.083676
0.008994
0.036549
0.025842
0.032158
0.000735
0.000436
0.00024
0.068409
0.028987
0.023375
0.034167
0.068064
0.239273
0.01823
0.045654
0.156965
0.071476
0.005337
0.071086
0.043084
0.102053
0.000592
0.11396
0.103828
0.059447
0.040834
0.000344
0.067076
0.127136
0.345281
0.025031
0.007019
0.052945
0.206877
0.020076
0.085989
0.077901
0.014319
0.087546
0.069651
0.037751
0.047637
0.152908
0.004373
0.030415
0.096336
0.017918
0.037783
0.060182
0.105063
0.010848
0.009104
0.086212
0.078745
0.072155
0.066833
0.234511
0.079189
0.016926
0.010108
0.098444
0.033147
0.193312
0.0001
0.283877
0.024287
0.079464
0.000639
0.152309
0.004641
0.062368
0.085866
0.023163
0.120604
0.087642
0.059238
0.055212
0.038574
0.076191
0.036994
0.036341
0.040182
0.004684
0.000104
0.000538
0.000222
0.105191
0.044145
0.054266
0.014294
0.0836
0.072947
0.078832
0.08357
0.001541
0.077542
0.095349
0.095504
0.010668
0.021784
0.125862
0.064698
0.042948
0.003034
0.027668
0.10134
0.039605
0.04783
0.116474
0.060779
0.071136
0.073894
0.023191
0.032871
0.027262
0.070677
0.002736
0.368711
0.018742
0.000662
0.040937
0.006868
0.122309
0.09283
0.075032
0.00349
0.049192
0.075656
0.118003
0.017509
0.009655
0.095625
0.04734
0.047398
0.005555
0.02173
0.025754
0.004082
0.079102
0.063034
0.089238
1.0001
0.025688
0.04414
0.015324
0.065303
0.999863
0.999314
0.051315
0.146027
0.038123
0.02105
0.044012
0.004678
0.995881
0.195095
0.051059
0.022129
0.999093
0.011015
0.037313
0.107015
0.013358
0.014623
0.047223
0.031332
0.001451
0.999867
0.056265
0.089213
0.993531
0.402106
0.999876
0.026027
0.209209
0.999877
0.134739
0.109441
0.007932
0.012743
0.066986
0.01809
0.996254
0.088017
0.09712
0.011045
0.037785
0.033914
0.155924
0.052252
0.006468
0.999859
0.976099
0.093554
0.018631
0.999464
0.000151
0.033191
0.000674
0.046636
0.999678
0.071051
0.063294
0.005881
0.044495
0.040825
0.010315
0.019094
0.999632
0.054591
0.033907
0.036672
0.999876
0.999715
0.999903
0.998777
0.022655
0.038333
0.975062
0.026353
0.051661
0.025951
0.999945
0.064126
0.066729
0.001622
0.997887
0.058319
0.032417
0.033261
0.062313
0.088866
0.047785
0.051471
0.999136
0.049158
0.561585
0.005744
0.046608
0.065515
0.038396
0.014717
0.008395
0.009748
0.003093
0.018125
0.008324
0.058257
0.075636
0.999336
0.607426
0.046246
0.029195
0.053735
0.030998
0.22025
0.04555
0.107646
0.028036
0.999859
0.065594
0.214007
0.99963
0.010556
0.035779
0.020914
0.999327
0.165044
0.136451
0.998485
0.008901
0.110044
0.999659
0.248607
0.999703
0.996542
0.430942
0.029185
0.04724
0.024297
0.009428
0.100929
0.135201
0.266579
0.942231
0.985255
0.02972
0.928302
0.999917
0.986666
0.045901
0.132981
0.998049
0.999831
0.072528
0.004897
0.236186
0.20231
0.999368
0.015063
0.170855
0.179633
0.999921
0.999478
0.03312
0.02969
0.996961
0.999954
0.000102
0.00708
0.341035
0.023058
0.998707
0.996687
0.034579
0.997898
0.224504
0.999924
0.028312
0.999892
0.041652
0.405595
0.999718
0.00826
0.999019
0.01742
0.036817
0.994488
0.012722
0.004
0.069365
0.179169
0.999781
0.999801
0.013519
0.001683
0.044389
0.999558
0.997873
0.032177
0.33294
0.999263
0.013422
0.019786
0.997964
0.071518
0.227599
0.999871
0.01815
0.032251
0.999322
0.998749
0.999947
0.999601
0.132548
0.063228
0.130812
0.143954
0.050806
0.011709
0.999917
0.102841
0.261469
0.077471
0.093986
0.950434
0.083441
0.19401
0.999771
0.999641
0.020394
0.99995
0.127164
0.063768
0.037045
0.033201
0.47716
0.087391
0.13909
0.99987
0.080132
0.028433
0.209405
0.99933
0.046866
0.043373
0.04125
0.011035
0.044661
0.034238
0.053083
0.016202
0.039213
0.97831
0.996556
0.007491
0.003319
0.000517
0.104786
0.030671
0.069249
0.999867
0.040354
0.135598
0.002753
0.130078
0.005485
0.000514
0.98346
0.137932
0.025447
0.007315
0.192379
0.999805
0.014456
0.017411
0.216016
0.999892
0.341779
0.999574
0.089158
0.039307
0.017422
0.117661
0.000102
0.110533
0.026352
0.038982
0.313255
0.99959
0.999888
0.046278
0.104996
0.001621
0.011274
0.999983
0.055684
0.052376
0.027898
0.981887
0.045733
0.99837
0.989163
0.032446
0.064619
0.997567
0.019764
0.999954
0.002069
0.99992
0.03339
0.036151
0.157918
0.171315
0.045011
0.044699
0.00531
0.038165
0.999933
0.00171
0.040357
0.046911
0.999964
0.176982
0.044965
0.047447
0.996205
0.019723
0.044535
0.999934
0.12194
0.045228
0.041044
0.999941
0.00814
0.089749
0.161169
0.023529
0.009703
0.131649
0.00947
0.004223
0.999187
0.088148
0.014844
0.004814
0.998971
0.825313
0.039329
0.026326
0.997099
0.060893
0.006601
0.086054
0.014128
1.000036
0.081335
0.177134
0.000102
0.018589
0.999771
0.028448
0.077905
0.022722
0.999839
0.999047
0.019274
0.999546
0.190132
0.035665
0.014054
0.210103
0.274114
0.059195
0.049304
0.031567
0.937401
0.086119
0.265009
0.999847
0.022092
0.250219
0.055911
0.123178
0.023462
0.030376
0.037489
0.026759
0.999166
0.989461
0.014831
0.19827
0.271591
0.038639
0.009505
0.994097
0.998531
0.999275
0.999913
0.016166
0.823287
0.014968
0.127071
0.024605
0.066501
0.012837
0.043575
0.033705
0.167811
0.027932
0.008059
0.039728
0.999786
0.999865
0.088071
0.999781
0.170447
0.273947
0.996008
0.038385
0.999853
0.107924
0.260004
0.996906
0.04323
0.261938
0.038367
0.120372
0.999728
0.999936
0.037893
0.034911
0.065215
0.138807
0.0455
0.035283
0.99993
0.998993
0.032083
0.287533
0.123073
0.999583
0.97353
0.999734
0.039856
0.999709
0.018962
0.002965
0.998951
0.015768
0.051788
0.022852
0.999585
0.068207
0.05112
0.027616
0.032893
0.069283
0.999909
0.999337
0.04133
0.104661
0.016268
0.99962
0.004065
0.999676
0.08758
0.051752
0.027756
0.000407
0.999718
0.000207
0.297877
0.376194
0.06432
0.998409
0.488416
0.003809
0.039011
0.034335
0.879661
0.979479
0.251456
0.093489
0.999717
0.042441
0.046382
0.158179
0.070798
0.015818
0.038293
0.018524
0.021434
0.999391
0.028348
0.03312
0.9789
0.999145
0.999714
0.999943
0.039774
0.046936
0.0216
0.999791
0.027849
0.032199
0.075077
0.995066
0.112748
0.084735
0.012127
0.002341
0.999475
0.013084
0.0378
0.040632
0.201392
0.999827
0.926256
0.998603
0.002368
0.020738
0.998805
0.058522
0.027758
0.105416
0.003559
0.052581
0.013832
0.036275
0.001039
0.001414
0.11582
0.027737
0.066421
0.999356
0.051147
0.03876
0.456735
0.018032
0.14555
0.010132
0.015886
0.145467
0.023506
0.008176
0.000102
0.111172
0.047935
0.999573
0.150073
0.975751
0.154964
0.999957
0.049712
0.015691
0.997179
0.998727
0.998123
0.000102
0.174454
0.092076
0.031588
0.030297
0.103846
0.447027
0.993673
0.93149
0.02894
0.028363
0.000501
0.999337
0.000545
0.996486
0.997927
0.031806
0.014054
0.047862
0.990729
0.02382
0.155381
0.999751
0.003243
0.043529
0.998406
0.019744
0.03418
0.095063
0.966522
0.99978
0.16886
0.053849
0.020018
0.998978
0.002638
0.995231
0.99994
0.108656
0.154227
0.203069
0.210056
0.19356
0.0257
0.007205
0.02164
0.088741
0.00284
0.052128
0.032642
0.999485
0.998264
0.011435
0.023012
0.15299
0.026368
0.999683
0.001758
0.006505
0.040484
0.061776
0.026222
0.992324
0.126579
0.021984
0.018018
0.885728
0.061377
0.056986
0.998304
0.038221
0.000207
0.999936
0.999797
0.03334
0.02439
0.998369
0.059845
0.008534
0.99948
0.999328
0.999023
0.993591
0.999663
0.984515
0.16666
0.996985
0.024609
0.042307
0.999523
0.999878
0.999023
0.018042
0.992221
0.99984
0.001622
0.027743
0.155622
0.009631
0.000102
0.030709
0.024707
0.017409
0.999081
0.98772
0.997638
0.657479
0.027243
0.999528
0.995009
0.002593
0.037794
0.093884
0.046891
0.049742
0.038072
0.999879
0.02902
0.077537
0.070078
0.999916
0.985571
0.160935
0.999846
0.108225
0.000545
0.000102
0.130352
0.26222
0.009846
0.999722
0.999869
0.999903
0.043354
0.999915
0.02739
0.961063
0.999898
0.096858
0.044322
0.045372
0.999902
0.024247
0.64802
0.024829
0.999829
0.096254
0.132895
0.028405
0.999405
0.050726
0.004185
0.060868
0.996635
0.999854
0.999848
0.037008
0.038487
0.031754
0.178154
0.999661
0.993471
0.00577
0.03947
0.00314
0.015338
0.039707
0.028272
0.99957
0.035726
0.057184
0.017892
0.16563
0.113386
0.03312
0.050316
0.996915
0.050511
0.044776
0.146721
0.032171
0.00616
0.030267
0.066079
0.999112
0.999626
0.022118
0.048896
0.035838
0.059821
0.038047
0.078166
0.030569
0.026998
0.061737
0.045883
0.043195
0.021601
0.041299
0.074626
0.025312
0.000989
0.030367
0.020181
0.049419
0.036022
0.063902
0.013175
0.003221
0.074762
0.037608
0.0326
0.01312
0.067667
0.022295
0.006714
0.023616
0.013612
0.006753
0.048504
0.038703
0.000247
0.000578
0.02023
0.071414
0.00422
0.018882
0.015804
0.046513
0.011499
0.015629
0.020488
0.024542
0.022657
0.000115
0.017634
0.054881
0.009328
0.026403
0.008823
0.008977
0.031765
0.029703
0.027046
0.000234
0.033126
0.087758
0.035478
0.037802
0.085359
0.036134
0.000989
0.000203
0.006259
0.092236
0.002232
0.014754
0.009743
0.042466
0.056638
0.110115
0.024576
0.003418
0.016891
0.03448
0.018675
0.000667
0.016063
0.075011
0.032602
0.000115
0.046142
0.104358
0.043259
0.00856
0.026297
0.005801
0.007673
0.06356
0.03738
0.060378
0.031214
0.001373
0.033497
0.112438
0.066285
0.034358
0.062172
0.048685
0.021838
0.006309
0.022587
0.019139
0.053086
0.031022
0.032
0.00803
0.000978
0.025238
0.00676
0.02486
0.012712
0.039853
0.044946
0.001149
0.026129
0.001058
0.062502
0.079969
0.015136
0.057088
0.05124
0.07842
0.028179
0.0303
0.040733
0.085242
0.041378
0.000122
0.019246
0.003194
0.007653
0.000247
0.078672
0.013971
0.0274
0.042971
0.022246
0.000215
0.003212
0.058882
0.003928
0.002328
0.023248
0.003053
0.003129
0.042597
0.026159
0.00024
0.017635
0.046103
0.001052
0.02505
0.032658
0.000112
0.039749
0.004387
0.000742
0.014476
0.022549
0.01441
0.008291
0.012222
0.029974
0.000989
0.017546
0.004958
0.053521
0.055042
0.027766
0.015758
0.015841
0.029478
0.058862
0.004106
0.029044
0.038422
0.012094
0.000341
0.137091
0.028875
0.041108
0.0001
0.029934
0.025687
0.019955
0.02351
0.007871
0.021102
0.058983
0.020604
0.024709
0.003018
0.04268
0.032923
0.00036
0.017816
0.000121
0.016379
0.014487
0.000211
0.009089
0.050848
0.097218
0.055301
0.050721
0.057808
0.061272
0.020847
0.058582
0.021914
0.04133
0.053934
0.059083
0.038377
0.040037
0.007445
0.086047
0.005205
0.017826
0.047453
0.046009
0.004626
0.009364
0.000917
0.00034
0.00654
0.032471
0.011811
0.024826
0.073165
0.015182
0.02752
0.002962
0.05231
0.002902
0.036369
0.036983
0.002301
0.001008
0.004285
0.061637
0.002051
0.002542
0.064993
0.053075
0.068241
0.024408
0.015416
0.059427
0.058423
0.048695
0.04098
0.053263
0.033412
0.077782
0.066486
0.010773
0.018174
0.049733
0.055712
0.037786
0.000243
0.014228
0.031787
0.061237
0.00593
0.070993
0.067864
0.035921
0.003418
0.043412
0.043288
0.011607
0.021524
0.008345
0.046241
0.047578
0.017281
0.047174
0.044111
0.005317
0.004092
0.065554
0.091135
0.04188
0.050426
0.010794
0.016921
0.029291
0.039125
0.117286
0.00023
0.023482
0.010181
0.048994
0.076493
0.011299
0.043272
0.020333
0.070777
0.006162
0.02243
0.000413
0.016562
0.011869
0.089065
0.015228
0.008472
0.051497
0.028505
0.000419
0.020359
0.052278
0.040432
0.000241
0.033831
0.026121
0.02885
0.017319
0.000578
0.016189
0.015592
0.020584
0.020177
0.039509
0.080457
0.019804
0.048864
0.041438
0.007165
0.039372
0.054256
0.044255
0.051964
0.010057
0.035889
0.012816
0.000227
0.038495
0.07237
0.043441
0.076087
0.000341
0.03526
0.039048
0.000115
0.015933
0.017762
0.013323
0.034631
0.046918
0.007456
0.021357
0.031245
0.004148
0.021985
0.060109
0.026501
0.086789
0.0513
0.032485
0.057255
0.028386
0.007835
0.047138
0.080235
0.062916
0.009977
0.038147
0.002438
0.0001
0.019618
0.068194
0.038746
0.071306
0.031855
0.000247
0.073686
0.01559
0.033885
0.022911
0.014727
0.014348
0.000779
0.003273
0.034112
0.032543
0.012618
0.054297
0.012803
0.0847
0.041988
0.006695
0.064384
0.001149
0.060495
0.017145
0.009115
0.000727
0.062266
0.012203
0.035044
0.007447
0.044145
0.036099
0.014309
0.009239
0.011661
0.011008
0.042653
0.0001
0.053165
0.049055
0.001149
0.021155
0.076598
0.070441
0.074089
0.032553
0.029456
0.029857
0.099533
0.005898
0.068189
0.038227
0.038557
0.059259
0.003177
0.044943
0.104735
0.000989
0.004176
0.010518
0.000975
0.011831
0.054033
0.037156
0.046313
0.005614
0.029918
0.120341
0.030036
0.017842
0.069589
0.009751
0.043168
0.057851
0.042405
0.013129
0.011935
0.050106
0.004633
0.049456
0.042478
0.041771
0.085972
0.05116
0.039777
0.056254
0.047489
0.000463
0.004776
0.028314
0.030974
0.000118
0.003248
0.001149
0.006323
0.027761
0.010113
0.003418
0.060668
0.00392
0.00012
0.027957
0.071301
0.048146
0.019844
0.023097
0.067801
0.008976
0.037472
0.000457
0.013796
0.055041
0.043073
0.000742
0.024514
0.047922
0.070397
0.008279
0.067633
0.005934
0.093579
0.008258
0.008629
0.01058
0.041426
0.001243
0.02275
0.000936
0.068977
0.014589
0.004284
0.001314
0.03055
0.013545
0.053207
0.039983
0.01514
0.017525
0.060366
0.0278
0.051794
0.000909
0.027552
0.043288
0.032057
0.055087
0.003418
0.003418
0.053704
0.0001
0.049221
0.065967
0.021223
0.038896
0.043541
0.015565
0.008113
0.033776
0.010117
0.026643
0.011268
0.051816
0.044709
0.001618
0.074587
0.013292
0.009037
0.069662
0.002876
0.025329
0.032985
0.012205
0.032307
0.044042
0.013301
0.019484
0.007829
0.026766
0.028939
0.028223
0.073463
0.022107
0.002004
0.000883
0.004776
0.039554
0.039367
0.029047
0.013632
0.021447
0.040598
0.022503
0.057382
0.000696
0.024273
0.010382
0.0001
0.036677
0.084932
0.078799
0.02957
0.001173
0.020244
0.023894
0.029119
0.042241
0.051771
0.018819
0.013293
0.016766
0.0109
0.009741
0.011133
0.045495
0.04379
0.00944
0.01978
0.00504
0.062267
0.046866
0.007043
0.035368
0.083071
0.033273
0.041596
0.033177
0.022144
0.04225
0.020013
0.081608
0.0343
0.036103
0.002476
0.053456
0.000122
0.004307
0.00082
0.00074
0.036647
0.026292
0.058235
0.035017
0.01753
0.049987
0.018393
0.026893
0.098949
0.004941
0.000118
0.018073
0.047507
0.028673
0.018177
0.044135
0.034731
0.015584
0.00053
0.11075
0.007443
0.04693
0.018832
0.054202
0.029686
0.042906
0.039537
0.051709
0.020551
0.028704
0.071558
0.034358
0.028196
0.000676
0.016006
0.018017
0.003779
0.021766
0.000702
0.007485
0.014734
0.028536
0.017993
0.009564
0.026964
0.00166
0.027281
0.020562
0.108023
0.055093
0.003248
0.001015
0.077076
0.024961
0.011773
0.061906
0.017683
0.018922
0.074873
0.04391
0.045184
0.001718
0.002627
0.047933
0.001956
0.021122
0.00411
0.051012
0.012431
0.031383
0.064496
0.011488
0.055191
0.053889
0.037866
0.052621
0.062216
0.007032
0.068915
0.062559
0.006763
0.05259
0.004776
0.035418
0.01606
0.009314
0.005029
0.012261
0.067279
0.011614
0.059821
0.125387
0.035191
0.055836
0.071411
0.003665
0.004096
0.053612
0.000779
0.011948
0.002051
0.01224
0.017123
0.000224
0.002974
0.026079
0.046843
0.018644
0.014914
0.034215
0.020155
0.016808
0.0369
0.063406
0.038806
0.078338
0.00396
0.001568
0.018312
0.03294
0.016844
0.016567
0.030855
0.038833
0.066515
0.104285
0.002668
0.025086
0.029344
0.002974
0.01384
0.046582
0.014908
0.010193
0.056922
0.000122
0.00012
0.010986
0.013167
0.051046
0.052321
0.000245
0.011729
0.027002
0.03622
0.070663
0.003791
0.04476
0.025048
0.013741
0.031027
0.017892
0.001546
0.005406
0.101338
0.00411
0.00297
0.000589
0.016383
0.022816
0.000959
0.04944
0.090921
0.038071
0.001401
1.000016
0.008957
0.002835
0.020913
0.001075
0.03067
0.012089
0.00085
0.001316
0.004256
0.001117
0.017732
0.016396
0.005912
0.0001
0.005006
0.0001
0.007677
0.024142
0.05064
0.000855
0.009084
0.006455
0.016774
0.001326
0.00675
0.011067
0.018865
0.00814
0.015595
0.000238
0.01674
0.016095
0.00718
0.009624
0.0063
0.00978
0.008325
0.012947
0.007491
0.000996
0.009537
0.006738
0.007795
0.005822
0.005322
0.005331
0.004634
0.007888
0.015854
0.004048
0.020781
0.000856
0.008605
0.00825
0.001441
0.008243
0.00053
0.062973
0.008688
0.009759
0.00779
0.011015
0.012306
0.046538
0.001429
0.003646
0.001737
0.01497
0.030138
0.00213
0.014284
0.010092
0.01038
0.013672
0.003338
0.001128
0.01695
0.003337
0.005797
0.004241
0.013146
0.008802
0.002216
0.038156
0.001948
0.005822
0.0073
0.038096
0.017316
0.008005
0.016106
0.021121
0.001962
0.002472
0.006997
0.004553
0.011455
0.009872
0.004688
0.000583
0.013139
0.00338
0.033389
0.004786
0.014975
0.002747
0.000811
0.04149
0.009886
0.004558
0.001415
0.008565
0.014682
0.002511
0.001029
0.020671
0.010972
0.009668
0.006439
0.012768
0.021084
0.012899
0.000243
0.009843
0.006738
0.005294
0.0084
0.000513
0.00247
0.006653
0.020681
0.012508
0.0001
0.009434
0.001444
0.008743
0.004217
0.000278
0.017958
0.050416
0.007466
0.00814
0.00265
0.005128
0.000302
0.002846
0.030929
0.00179
0.01746
0.009501
0.000542
0.000138
0.014091
0.008007
0.008841
0.027412
0.004035
0.006683
0.043355
0.000263
0.003552
0.020107
0.001269
0.010277
0.008082
0.001425
0.038083
0.015693
0.000847
0.001587
0.008613
0.018385
0.008117
0.025892
0.0103
0.006738
0.00251
0.009563
0.00567
0.018408
0.005784
0.00058
0.00635
0.002578
0.004341
0.008435
0.007343
0.013884
0.001906
0.006979
0.015181
0.023021
0.004668
0.002397
0.001063
0.073259
0.011758
0.01016
0.013706
0.000787
0.004543
0.004016
0.019971
0.003058
0.009426
0.012334
0.0053
0.008604
0.006909
0.001752
0.011129
0.006738
0.0001
0.025313
0.001381
0.00054
0.002221
0.007498
0.00696
0.005816
0.005309
0.003241
0.001112
0.001031
0.011095
0.005335
0.003085
0.001122
0.001725
0.009346
0.003122
0.001209
0.007942
0.002275
0.023089
0.000551
0.035021
0.006642
0.000856
0.05603
0.000792
0.006879
0.025222
0.002013
0.0026
0.005129
0.080437
0.006287
0.000485
0.011737
0.000139
0.00029
0.016221
0.000243
0.031878
0.01046
0.000836
0.006738
0.007568
0.006086
0.008842
0.000309
0.001209
0.007829
0.015243
0.004131
0.000141
0.021863
0.012424
0.011098
0.007196
0.0001
0.014116
0.01578
0.00122
0.013688
0.012861
0.005252
0.001371
0.000243
0.013072
0.011906
0.003697
0.022591
0.018218
0.001912
0.001065
0.011954
0.006109
0.001143
0.01562
0.0001
0.012435
0.019163
0.000142
0.000304
0.018348
0.006273
0.002333
0.017091
0.018229
0.007728
0.015198
0.008961
0.000853
0.011954
0.000243
0.00113
0.000144
0.014139
0.0001
0.001098
0.022857
0.00115
0.009883
0.01323
0.001489
0.001208
0.070895
0.009232
0.02575
0.010851
0.00537
0.010895
0.005948
0.003652
0.016882
0.000398
0.002989
0.002846
0.011541
0.004483
0.002759
0.001361
0.001449
0.005018
0.010411
0.002755
0.011242
0.002441
0.004585
0.008807
0.004829
0.000561
0.018232
0.00553
0.003511
0.006915
0.009437
0.00087
0.002241
0.00198
0.020564
0.013173
0.006402
0.029632
0.018911
0.00065
0.002151
0.039383
0.0001
0.007677
0.019782
0.000306
0.006226
0.011164
0.022213
0.000778
0.001124
0.000143
0.000144
0.008606
0.019423
0.000303
0.00136
0.001209
0.001737
0.005735
0.000312
0.003235
0.004741
0.005763
0.0001
0.015121
0.016322
0.006461
0.021117
0.017739
0.016977
0.001439
0.010139
0.023221
0.206782
0.009439
0.002717
0.016848
0.001262
0.013549
0.014167
0.009042
0.031604
0.000752
0.003977
0.010709
0.016815
0.00144
0.000843
0.006966
0.000144
0.005905
0.001078
0.00085
0.010057
0.061344
0.008106
0.0001
0.000137
0.005959
0.0001
0.003889
0.012128
0.001057
0.014083
0.012508
0.009305
0.004179
0.001209
0.000502
0.008865
0.013988
0.010825
0.016577
0.013243
0.001617
0.008795
0.014356
0.006653
0.000144
0.001706
0.061628
0.002737
0.000137
0.001946
0.008698
0.000541
0.006738
0.012335
0.000144
0.024832
0.000857
0.002787
0.002981
0.000808
0.011473
0.005694
0.001036
0.002692
0.004766
0.010098
0.000589
0.007757
0.001327
0.018672
0.001672
0.018359
0.008249
0.001306
0.001767
0.025743
0.01391
0.001288
0.010667
0.000544
0.001209
0.007631
0.005077
0.001446
0.011072
0.001352
0.00776
0.022332
0.004016
0.008444
0.017391
0.000142
0.001361
0.022722
0.000838
0.018029
0.014429
0.000253
0.004742
0.023621
0.011228
0.001937
0.014415
0.002241
0.0001
0.00097
0.005299
0.040217
0.000558
0.003021
0.001274
0.000138
0.013898
0.003259
0.021211
0.000561
0.017119
0.064561
0.005931
0.008641
0.018985
0.000565
0.000566
0.000563
0.000283
0.014043
0.008694
0.001942
0.000143
0.009352
0.001237
0.031331
0.001126
0.007178
0.00055
0.020643
0.008523
0.018619
0.012276
0.000887
0.019585
0.008648
0.001381
0.0001
0.007178
0.005488
0.001027
0.00049
0.004851
0.159119
0.006479
0.009228
0.002011
0.000989
0.005835
0.007131
0.002104
0.006042
0.015524
0.004669
0.002389
0.002794
0.005523
0.007864
0.007463
0.004353
0.007613
0.009795
0.004403
0.007713
0.002104
0.005836
0.003929
0.007534
0.002793
0.002032
0.004669
0.000989
0.007209
0.000989
0.007869
0.002104
0.004889
0.008302
0.000989
0.004669
0.007655
0.005401
0.006369
0.006665
0.00782
0.000989
0.01106
0.000989
0.004669
0.007037
0.006946
0.002088
0.002104
0.011562
0.024229
0.002032
0.00281
0.001874
0.000989
0.002082
0.003676
0.00695
