1.0001
1.0001
1.0001
1.0001
1.000095
0.106733
1.0001
1.0001
0.0001
1.0001
0.000218
0.996256
0.939689
1.0001
0.180519
1.0001
1.0001
1.0001
0.000142
0.818127
1.0001
1.0001
0.000162
0.00597
1.0001
1.0001
1.0001
0.284126
1.0001
0.908846
1.0001
0.026376
1.0001
0.010807
0.000109
1.0001
1.000098
0.465971
1.0001
0.996406
1.000099
0.000144
0.0001
0.898183
1.0001
1.0001
0.02002
1.0001
1.0001
0.99888
1.000099
1.0001
1.000028
1.0001
0.00112
1.000099
0.98948
0.998962
1.0001
0.123221
1.0001
1.0001
1.0001
1.0001
1.0001
1.000007
0.999977
1.000099
1.0001
1.0001
1.0001
1.0001
1.0001
0.0001
1.0001
1.0001
0.000105
1.0001
0.0001
0.999149
1.0001
1.0001
1.0001
0.000103
0.015249
0.231946
1.0001
1.0001
1.0001
1.0001
0.001354
1.0001
1.0001
0.959768
0.001481
0.998548
0.057075
0.000429
0.998181
0.1347
0.992293
1.0001
1.0001
1.0001
1.0001
0.000101
1.0001
1.0001
0.0001
0.92941
1.0001
0.99862
0.835758
0.000103
0.988756
