0.115867
0.148133
0.138644
0.13157
0.088367
0.13368
0.122336
0.070844
0.144371
0.134386
0.105086
0.120221
0.125415
0.118062
0.111265
0.117523
0.141025
0.143755
0.143198
0.11426
0.099002
0.09662
0.136674
0.107765
0.116962
0.092308
0.115046
0.118393
0.116643
0.109427
0.127999
0.120455
0.143613
0.139987
0.093356
0.126068
0.12097
0.094772
0.1075
0.108449
0.118458
0.095254
0.135864
0.132678
0.109535
0.15027
0.100175
0.125394
0.091615
0.110212
0.08716
0.107918
0.130863
0.085876
0.119508
0.096163
0.134688
0.170209
0.090155
0.10729
0.180409
0.102981
0.122846
0.111937
0.141725
0.10394
0.104306
0.111275
0.157647
0.103942
0.12239
0.135277
0.086348
0.146689
0.139825
0.108455
0.10407
0.120608
0.119611
0.122315
0.124628
0.129507
0.120081
0.09965
0.134871
0.117785
0.085705
0.099638
0.14929
0.10304
0.108837
0.159884
0.113612
0.120123
0.109047
0.141148
0.09557
0.108549
0.085981
0.13425
0.101966
0.125058
0.107096
0.090927
0.114495
0.142347
0.087369
0.096687
0.100812
0.100276
0.107236
0.100866
0.118815
0.102005
0.123791
0.141405
0.11897
0.144702
0.152921
0.127392
0.126696
0.075635
0.087234
0.118384
0.080092
0.102511
0.113926
0.111421
0.132167
0.100483
0.111439
0.128262
0.112688
0.147111
0.133845
0.124295
0.149224
0.153413
0.128741
0.122135
0.143286
0.090808
0.127249
0.118776
0.090811
0.089732
0.137811
0.115971
0.116688
0.095171
0.085063
0.12427
0.088665
0.097681
0.103027
0.082271
0.148835
0.104046
0.117752
0.10007
0.098954
0.100769
0.162768
0.127301
0.122368
0.132467
0.102786
0.107424
0.124604
0.133506
0.186641
0.133877
0.140163
0.145601
0.135313
0.110823
0.110421
0.124393
0.129732
0.111358
0.113158
0.110557
0.10797
0.112072
0.116725
0.110226
0.114189
0.131793
0.101942
0.159622
0.130962
0.107037
0.144153
0.144742
0.13767
0.113066
0.123596
0.113242
0.140728
0.137601
0.13974
0.14142
0.130858
0.122489
0.124323
0.084876
0.147656
0.113827
0.116328
0.111699
0.12416
0.115445
0.103613
0.131
0.108723
0.136625
0.105739
0.108575
0.119267
0.110148
0.075427
0.140965
0.139373
0.109411
0.121905
0.141375
0.117218
0.089447
0.116168
0.129251
0.098794
0.12638
0.138075
0.154729
0.156039
0.129957
0.078597
0.111626
0.097682
0.106889
0.114928
0.135518
0.106163
0.110687
0.102326
0.081773
0.153574
0.120994
0.122766
0.111838
0.117798
0.100614
0.088632
0.106484
0.134521
0.135393
0.113056
0.157924
0.187676
0.111611
0.130712
0.086848
0.103387
0.098788
0.119025
0.109517
0.170216
0.146234
0.115875
0.103635
0.103957
0.131046
0.096956
0.112966
0.112212
0.106555
0.121943
0.113739
0.143253
0.104699
0.100581
0.106712
0.115001
0.096823
0.107254
0.109926
0.09684
0.102637
0.157513
0.115314
0.115859
0.094956
0.102636
0.135992
0.121797
0.131758
0.110304
0.114744
0.121498
0.116426
0.11276
0.102556
0.105481
0.12103
0.121993
0.132894
0.123007
0.090443
0.120709
0.104936
0.119876
0.168125
0.13654
0.102801
0.127942
0.09996
0.096188
0.104235
0.100441
0.12108
0.115075
0.108501
0.089558
0.122135
0.136291
0.146284
0.12969
0.107992
0.137574
0.117176
0.145134
0.13252
0.110262
0.127498
0.099876
0.158098
0.112449
0.122501
0.156151
0.092353
0.139735
0.12853
0.088949
0.158419
0.152308
0.115537
0.142724
0.137559
0.16333
0.114868
0.125436
0.093544
0.109837
0.089289
0.164585
0.140035
0.090576
0.128767
0.116023
0.077666
0.109511
0.107029
0.134102
0.1246
0.099902
0.092055
0.108994
0.078536
0.135862
0.139564
0.085876
0.100472
0.110253
0.101002
0.094449
0.130335
0.137573
0.114699
0.119068
0.096096
0.10654
0.120646
0.139864
0.115633
0.102561
0.119356
0.109153
0.161846
0.19553
0.103264
0.141165
0.095121
0.118527
0.116805
0.0971
0.118759
0.083652
0.128125
0.124627
0.119974
0.100333
0.111953
0.092555
0.096896
0.096924
0.12888
0.108837
0.104191
0.11255
0.135172
0.134519
0.124813
0.122327
0.079177
0.107466
0.117097
0.101922
0.131025
0.114948
0.123963
0.153098
0.108641
0.109791
0.121879
0.130679
0.134454
0.141893
0.135836
0.121829
0.096185
0.133721
0.098153
0.127363
0.139897
0.103106
0.106783
0.115964
0.117508
0.112958
0.1317
0.138015
0.126083
0.12963
0.105019
0.087338
0.117901
0.101116
0.112717
0.093404
0.103521
0.110913
0.124157
0.13007
0.107911
0.117995
0.119199
0.141138
0.120578
0.132864
0.110181
0.128889
0.107675
0.128458
0.112272
0.104127
0.130462
0.11064
0.15482
0.118979
0.108185
0.110504
0.107148
0.099343
0.132543
0.150545
0.131064
0.121033
0.139475
0.110873
0.114424
0.123878
0.113612
0.103342
0.12087
0.129341
0.117838
0.109197
0.11138
0.134877
0.118797
0.110473
0.123
0.115938
0.143357
0.116993
0.107204
0.104478
0.108425
0.104868
0.125625
0.096817
0.12024
0.126655
0.109984
0.13513
0.124319
0.109789
0.170692
0.118195
0.104105
0.111228
0.11816
0.158834
0.10498
0.125053
0.116684
0.103906
0.123201
0.120707
0.099758
0.118129
0.082308
0.108511
0.147076
0.131989
0.096203
0.122222
0.115526
0.106229
0.108253
0.104145
0.105107
0.105311
0.153895
0.099734
0.145084
0.105703
0.139753
0.137582
0.094956
0.11923
0.134576
0.110638
0.105858
0.121305
0.146802
0.110383
0.125636
0.115088
0.133009
0.095517
0.095079
0.114648
0.114024
0.125113
0.12113
0.118198
0.130751
0.102978
0.107714
0.103999
0.119532
0.112648
0.121042
0.116838
0.1182
0.148203
0.101029
0.125144
0.123706
0.115386
0.107546
0.121825
0.126518
0.103032
0.107764
0.109933
0.105654
0.12566
0.115148
0.102961
0.129042
0.166523
0.12057
0.094525
0.108217
0.138272
0.112212
0.114628
0.149705
0.125989
0.114877
0.118482
0.126613
0.127113
0.100301
0.122467
0.112293
0.123882
0.138863
0.118934
0.111482
0.13873
0.121658
0.108888
0.111066
0.131025
0.086189
0.124107
0.115499
0.151979
0.117098
0.109454
0.140223
0.12681
0.107718
0.118469
0.121556
0.108285
0.098774
0.129251
0.117419
0.142608
0.126142
0.152931
0.095863
0.122348
0.139084
0.153975
0.105067
0.127724
0.104898
0.112482
0.103093
0.124937
0.11168
0.126361
0.117417
0.104417
0.168854
0.094532
0.109342
0.120427
0.106874
0.17177
0.134966
0.119065
0.149998
0.12602
0.135041
0.12824
0.128044
0.120381
0.111297
0.122396
0.14302
0.104235
0.119966
0.116737
0.105869
0.122819
0.126761
0.12099
0.120937
0.11229
0.099859
0.114195
0.095898
0.123136
0.123863
0.089499
0.09749
0.113314
0.132209
0.126684
0.102368
0.097654
0.093468
0.092984
0.133857
0.114145
0.100816
0.123891
0.109207
0.112134
0.120697
0.118076
0.118883
0.10555
0.10241
0.112394
0.123379
0.116098
0.106054
0.112223
0.095428
0.121322
0.127591
0.129826
0.100486
0.104325
0.108057
0.136328
0.105982
0.113245
0.152927
0.120149
0.106351
0.103494
0.095965
0.08244
0.103365
0.117984
0.109706
0.119607
0.133476
0.125075
0.128117
0.168097
0.116132
0.110681
0.115089
0.108768
0.106622
0.117961
0.117822
0.101148
0.107387
0.111504
0.100462
0.120692
0.0956
0.127489
0.112588
0.10023
0.122321
0.127518
0.100356
0.122605
0.121669
0.123953
0.115127
0.149017
0.117747
0.130651
0.157397
0.11085
0.137504
0.115335
0.128508
0.106617
0.076989
0.105862
0.114668
0.106907
0.104487
0.154896
0.103571
0.115243
0.152261
0.127333
0.102517
0.122976
0.114025
0.111721
0.111708
0.090745
0.116703
0.107285
0.135399
0.12106
0.1503
0.128993
0.150135
0.103082
0.132957
0.117669
0.12661
0.132224
0.099564
0.102186
0.122731
0.148355
0.128049
0.126837
0.098879
0.124321
0.114843
0.09844
0.080017
0.120646
0.111496
0.126549
0.129607
0.119952
0.144809
0.112409
0.098662
0.106298
0.128719
0.131336
0.145294
0.166195
0.117455
0.114902
0.123136
0.115726
0.104866
0.138545
0.157185
0.103847
0.123144
0.098106
0.137945
0.129671
0.117166
0.086279
0.125271
0.100295
0.12035
0.109593
0.133135
0.087294
0.127979
0.120778
0.138732
0.096371
0.101388
0.123239
0.098103
0.122606
0.108734
0.118724
0.116226
0.12673
0.119797
0.13562
0.115075
0.103563
0.095006
0.089843
0.104792
0.113332
0.130866
0.104236
0.120019
0.118625
0.110366
0.085805
0.125592
0.136793
0.122149
0.101791
0.141008
0.111293
0.106738
0.107802
0.134806
0.111784
0.114454
0.109245
0.116965
0.142802
0.123634
0.137157
0.124719
0.111947
0.13534
0.120592
0.105003
0.121591
0.115375
0.177498
0.128303
0.122402
0.108422
0.12603
0.110362
0.117111
0.121616
0.11348
0.106025
0.112172
0.132132
0.123631
0.123469
0.12337
0.118089
0.117468
0.117895
0.111776
0.103743
0.107432
0.104929
0.129331
0.110091
0.103864
0.127895
0.111314
0.112925
0.114196
0.10181
0.125131
0.101245
0.108018
0.125339
0.120686
0.110521
0.092174
0.09085
0.114867
0.118516
0.120527
0.123588
0.107398
0.116169
0.124109
0.118399
0.116186
0.124415
0.117282
0.120291
0.092456
0.112259
0.120929
0.100607
0.109058
0.113725
0.131636
0.125381
0.112681
0.113017
0.127704
0.144224
0.128547
0.115487
0.10907
0.147658
0.113307
0.110398
0.12106
0.110693
0.121075
0.114031
0.117045
0.100949
0.138401
0.124614
0.117632
0.105604
0.092048
0.11168
0.124719
0.105879
0.152034
0.098218
0.10723
0.113942
0.11716
0.113669
0.110607
0.118078
0.107478
0.113112
0.073396
0.125353
0.13464
0.11849
0.114958
0.115989
0.116364
0.118913
0.11053
0.119079
0.116439
0.11104
0.124229
0.10258
0.117293
0.110474
0.101642
0.125237
0.095766
0.10299
0.125508
0.121715
0.138085
0.134048
0.133654
0.111143
0.139459
0.123137
0.164748
0.105841
0.113056
0.117559
0.127061
0.091028
0.124956
0.107515
0.116484
0.106112
0.125259
0.11201
0.099266
0.127837
0.129266
0.105698
0.139004
0.082517
0.118287
0.107033
0.096649
0.09319
0.115728
0.121373
0.10788
0.103887
0.108506
0.100529
0.116528
0.113248
0.14039
0.142686
0.112216
0.118773
0.115741
0.118654
0.106915
0.105241
0.110557
0.109304
0.102192
0.110154
0.111121
0.112246
0.09443
0.101414
0.102311
0.125067
0.117058
0.112173
0.106358
0.132623
0.120322
0.125261
0.109043
0.11515
0.120169
0.115226
0.104556
0.105029
0.130026
0.112642
0.127161
0.112645
0.10202
0.109542
0.113558
0.114724
0.111069
0.130114
0.096053
0.150163
0.116516
0.106784
0.103986
0.096397
0.104791
0.092548
0.106788
0.119617
0.117262
0.116586
0.123403
0.141789
0.09064
0.122725
0.122789
0.122248
0.118514
0.124435
0.109483
0.105921
0.132697
0.088306
0.138899
0.127622
0.110775
0.11673
0.113645
0.109861
0.110179
0.108158
0.116683
0.119909
0.121412
0.121889
0.131152
0.115595
0.109314
0.105372
0.101324
0.132385
0.13794
0.127968
0.115179
0.129206
0.115998
0.108116
0.10426
0.116971
0.109254
0.097163
0.097449
0.109967
0.103326
0.123746
0.123085
0.168672
0.113102
0.111186
0.100191
0.120524
0.117982
0.129857
0.112194
0.098779
0.122307
0.119023
0.099339
0.103075
0.105071
0.104187
0.105397
0.102715
0.11118
0.113477
0.106192
0.109804
0.097044
0.120524
0.111156
0.116532
0.112858
0.125719
0.09185
0.103066
0.117101
0.126488
0.06617
0.104975
0.120683
0.090653
0.106001
0.115809
0.123618
0.115139
0.119649
0.113252
0.13736
0.156895
0.098531
0.129724
0.119149
0.150729
0.107817
0.129045
0.10244
0.099949
0.101998
0.111083
0.109483
0.102755
0.120455
0.104921
0.115256
0.107525
0.127558
0.111025
0.107676
0.104051
0.109368
0.110073
0.128265
0.114054
0.118566
0.142894
0.118133
0.110933
0.098932
0.113368
0.09586
0.102923
0.107942
0.125297
0.085395
0.121754
0.103414
0.125772
0.10311
0.107507
0.112264
0.109084
0.118005
0.106991
0.124507
0.132946
0.129077
0.107985
0.123082
0.142991
0.109173
0.119192
0.141602
0.125757
0.107058
0.121878
0.10319
0.118224
0.119169
0.10797
0.113269
0.136109
0.115708
0.11738
0.11681
0.101779
0.119133
0.104424
0.121309
0.143983
0.122266
0.090641
0.099524
0.116451
0.123267
0.110964
0.100021
0.093929
0.10819
0.114868
0.123918
0.124763
0.108091
0.113043
0.115832
0.106192
0.112131
0.103115
0.107763
0.102133
0.110955
0.116099
0.139653
0.083771
0.127696
0.0968
0.108404
0.109271
0.100769
0.123412
0.12776
0.11854
0.112604
0.103348
0.110197
0.091208
0.11236
0.112489
0.109691
0.133399
0.099198
0.105457
0.094518
0.109602
0.109136
0.130148
0.109904
0.141167
0.142134
0.115849
0.107537
0.112813
0.11201
0.105609
0.10461
0.119051
0.121457
0.11177
0.114751
0.115186
0.099046
0.111801
0.118975
0.112761
0.113582
0.126906
0.112388
0.094189
0.128794
0.103926
0.116397
0.108053
0.118041
0.116176
0.104346
0.113119
0.113006
0.111847
0.122547
0.094954
0.111065
0.121094
0.12924
0.104916
0.135766
0.120771
0.117836
0.126802
0.111676
0.124144
0.102108
0.108963
0.114734
0.103643
0.10933
0.131967
0.113602
0.117065
0.105728
0.113735
0.111981
0.103887
0.109872
0.08979
0.117368
0.11302
0.096299
0.128736
0.101963
0.116533
0.101659
0.111986
0.116831
0.098494
0.103578
0.127733
0.137734
0.122625
0.099492
0.134101
0.109778
0.141499
0.114747
0.096563
0.117341
0.111426
0.122699
0.106061
0.141424
0.128117
0.125202
0.103208
0.10487
0.098126
0.108267
0.111793
0.12113
0.158719
0.104576
0.122322
0.125934
0.084523
0.111754
0.102259
0.116332
0.112639
0.111206
0.106816
0.119893
0.145439
0.122215
0.118134
0.10224
0.120844
0.108756
0.103761
0.132009
0.121255
0.10652
0.114447
0.107674
0.122397
0.103448
0.110984
0.108316
0.122646
0.089551
0.107166
0.112498
0.116309
0.129707
0.117764
0.116095
0.113544
0.119996
0.113438
0.106892
0.115353
0.128117
0.121775
0.12763
0.182004
0.116527
0.106849
0.114057
0.115569
0.109256
0.097161
0.122241
0.103744
0.106957
0.109372
0.14195
0.10972
0.112522
0.121327
0.119806
0.122289
0.124525
0.108897
0.093422
0.12684
0.090897
0.107592
0.104371
0.111493
0.083285
0.111676
0.110128
0.109782
0.108381
0.123716
0.12043
0.099583
0.1134
0.095536
0.099065
0.097109
0.102385
0.119714
0.101154
0.091912
0.128465
0.114615
0.120949
0.111484
0.101965
0.102544
0.117446
0.111001
0.121329
0.098363
0.116966
0.120262
0.112513
0.109471
0.107622
0.121975
0.124554
0.155836
0.116807
0.104533
0.109103
0.112258
0.111646
0.109504
0.122284
0.127223
0.130202
0.113824
0.102683
0.085534
0.104939
0.100188
0.112
0.107416
0.124096
0.105932
0.108419
0.113119
0.133597
0.1148
0.103847
0.108365
0.133131
0.105254
0.109256
0.118773
0.105584
0.111961
0.117192
0.108325
0.137351
0.114836
0.119056
0.107815
0.117184
0.110589
0.134919
0.101553
0.112677
0.132136
0.105278
0.127758
0.117073
0.097847
0.098517
0.109055
0.12055
0.124838
0.11977
0.129533
0.109112
0.106164
0.143212
0.117903
0.100941
0.113998
0.111365
0.092475
0.113711
0.122502
0.106764
0.110518
0.117941
0.115379
0.112381
0.102804
0.105756
0.119295
0.119583
0.097805
0.109248
0.117274
0.120217
0.115984
0.116787
0.099549
0.102477
0.136753
0.122077
0.09929
0.106036
0.123084
0.117688
0.106265
0.123977
0.09433
0.120735
0.108
0.115662
0.123279
0.098228
0.122632
0.102901
0.116169
0.107343
0.125189
0.097856
0.114954
0.118147
0.104867
0.119588
0.131406
0.108953
0.122793
0.115363
0.11872
0.123312
0.109592
0.10468
0.110239
0.11505
0.12503
0.093646
0.089655
0.127974
0.112056
0.116738
0.10151
0.101966
0.109149
0.117409
0.107602
0.111291
0.120027
0.12065
0.110038
0.127683
0.104812
0.107025
0.111043
0.096362
0.108726
0.103786
0.126689
0.097313
0.096175
0.11161
0.105632
0.112512
0.116455
0.097031
0.10427
0.106976
0.107988
0.101576
0.119204
0.108433
0.104333
0.096248
0.10727
0.121286
0.101271
0.117062
0.122636
0.116064
0.105089
0.109419
0.104873
0.107
0.10901
0.103666
0.108459
0.100602
0.113703
0.109546
0.13212
0.104276
0.094746
0.104012
0.104262
0.110048
0.102106
0.130873
0.121785
0.117594
0.109899
0.118725
0.142793
0.111156
0.141703
0.144717
0.136767
0.132929
0.143567
0.113602
0.132599
0.118339
0.11691
0.099455
0.099984
0.104728
0.107569
0.098249
0.15704
0.103618
0.111474
0.100068
0.121175
0.11077
0.107311
0.116057
0.109522
0.117125
0.112199
0.108477
0.105556
0.108979
0.106082
0.107824
0.124535
0.119372
0.102086
0.120493
0.102002
0.122248
0.083574
0.117587
0.128334
0.109953
0.109364
0.100873
0.103374
0.117176
0.119757
0.11421
0.117882
0.109284
0.107719
0.124129
0.117052
0.118669
0.113974
0.11337
0.111506
0.106574
0.108132
0.09027
0.125624
0.112116
0.121049
0.10083
0.138664
0.122236
0.109652
0.092369
0.107292
0.121319
0.116703
0.102748
0.108035
0.111604
0.118685
0.118148
0.106924
0.106252
0.115701
0.102726
0.117907
0.109927
0.116173
0.105648
0.107271
0.122315
0.116677
0.102425
0.116378
0.112869
0.099581
0.148027
0.113635
0.118335
0.151724
0.10389
0.115298
0.103055
0.096832
0.111346
0.114585
0.09532
0.100911
0.110031
0.108598
0.100635
0.091581
0.136818
0.113266
0.089907
0.117467
0.120476
0.112863
0.119917
0.126598
0.108537
0.101799
0.102862
0.113018
0.172188
0.115589
0.111541
0.10281
0.117356
0.117849
0.115931
0.11104
0.110652
0.101731
0.132151
0.110409
0.124458
0.103569
0.170922
0.125602
0.119172
0.108337
0.118612
0.103494
0.101138
0.10806
0.114834
0.107863
0.105055
0.120918
0.11386
0.111156
0.109775
0.128625
0.115269
0.103397
0.106854
0.11256
0.10975
0.113905
0.121114
0.107176
0.095457
0.110948
0.109684
0.113028
0.1121
0.124014
0.108376
0.103703
0.10834
0.128229
0.096549
0.117384
0.110933
0.11272
0.116711
0.109552
0.11956
0.1322
0.10135
0.109258
0.105588
0.12134
0.108607
0.115068
0.120034
0.103758
0.118581
0.118825
0.132537
0.114315
0.091666
0.098545
0.105313
0.12001
0.111723
0.125498
0.11837
0.10588
0.114722
0.107459
0.123285
0.116922
0.104982
0.129073
0.101259
0.102719
0.099577
0.107584
0.110901
0.108348
0.12484
0.11027
0.103289
0.114623
0.113758
0.11449
0.104698
0.109067
0.103667
0.107581
0.122557
0.107981
0.091128
0.11411
0.091958
0.122542
0.114094
0.118586
0.097013
0.102502
0.107355
0.104294
0.10446
0.107879
0.104446
0.100644
0.110715
0.123117
0.115647
0.117403
0.100603
0.115687
0.109518
0.119886
0.107457
0.092477
0.109828
0.114029
0.116318
0.108144
0.107078
0.121323
0.098717
0.097801
0.124845
0.122816
0.120139
0.09086
0.117608
0.09908
0.104886
0.115627
0.107487
0.112072
0.116748
0.109919
0.111249
0.112627
0.108459
0.109678
0.111887
0.104859
0.102042
0.107954
0.11183
0.106608
0.098577
0.114565
0.101729
0.115441
0.117268
0.112072
0.115368
0.130134
0.109341
0.08621
0.116722
0.117032
0.104048
0.107654
0.100891
0.104198
0.110809
0.12232
0.127338
0.110684
0.110103
0.119667
0.125834
0.113717
0.099921
0.131116
0.110943
0.111528
0.103384
0.097514
0.107296
0.110925
0.108619
0.119941
0.117617
0.113224
0.116186
0.118589
0.115701
0.105207
0.110069
0.112057
0.12784
0.099879
0.114152
0.120284
0.122082
0.10723
0.113095
0.105893
0.120791
0.131851
0.108049
0.132881
0.11901
0.115621
0.103712
0.118589
0.122728
0.125479
0.104955
0.098104
0.113414
0.120129
0.105886
0.122049
0.12022
0.10349
0.113986
0.117026
0.113072
0.107758
0.12417
0.114266
0.112562
0.12619
0.098096
0.114269
0.105146
0.114781
0.122559
0.112652
0.114775
0.119083
0.114373
0.11194
0.111494
0.099927
0.104042
0.118346
0.092493
0.108716
0.107028
0.105078
0.118219
0.115078
0.113422
0.109123
0.106758
0.109369
0.103243
0.10915
0.110109
0.106244
0.112492
0.108607
0.108851
0.116434
0.097588
0.112904
0.112171
0.101892
0.109358
0.150724
0.121877
0.118364
0.116376
0.11703
0.10074
0.105362
0.12475
0.10245
0.099883
0.117507
0.106866
0.113474
0.105846
0.117466
0.118668
0.106984
0.142927
0.119289
0.108739
0.11941
0.113848
0.112724
0.106698
0.111045
0.102179
0.113598
0.114295
0.1088
0.117077
0.111641
0.115644
0.094064
0.128255
0.115412
0.104947
0.112491
0.115761
0.138659
0.109343
0.10971
0.103111
0.122952
0.105319
0.111068
0.106779
0.109133
0.119328
0.120529
0.121946
0.158416
0.106826
0.107535
0.105793
0.106194
0.132454
0.110482
0.10277
0.116271
0.111588
0.116219
0.100553
0.108469
0.122562
0.115564
0.110149
0.11694
0.113241
0.107474
0.102897
0.105837
0.117026
0.127295
0.095005
0.098335
0.113049
0.108574
0.109588
0.13167
0.117849
0.108684
0.118632
0.156405
0.105108
0.111866
0.104012
0.105212
0.115628
0.113077
0.104285
0.103674
0.108326
0.111574
0.111167
0.104871
0.131631
0.132262
0.11717
0.112208
0.117029
0.122674
0.092125
0.124935
0.111239
0.12325
0.095125
0.120345
0.100697
0.104947
0.111488
0.102878
0.118157
0.111893
0.108136
0.110583
0.115579
0.115414
0.107948
0.117402
0.112543
0.114397
0.104229
0.099089
0.100553
0.109218
0.102424
0.11747
0.109906
0.125663
0.113368
0.11714
0.108607
0.119412
0.10916
0.106636
0.10667
0.114568
0.093573
0.104317
0.12222
0.101925
0.134585
0.113418
0.104955
0.100755
0.1181
0.10646
0.108643
0.106339
0.094714
0.107421
0.111453
0.108292
0.110341
0.118605
0.093224
0.106062
0.109012
0.10463
0.131785
0.113642
0.113977
0.102647
0.109456
0.099727
0.111186
0.131753
0.120486
0.112613
0.120174
0.10506
0.115641
0.115758
0.11578
0.097586
0.115601
0.139443
0.151406
0.104039
0.100973
0.097177
0.108683
0.105654
0.113109
0.098679
0.113815
0.110728
0.118837
0.112703
0.107999
0.118471
0.124953
0.119377
0.10886
0.124374
0.112475
0.097663
0.135182
0.109391
0.113851
0.115035
0.11013
0.114488
0.124927
0.106112
0.105879
0.103599
0.112943
0.129397
0.117459
0.103828
0.114461
0.108526
0.107763
0.102338
0.110827
0.096291
0.117944
0.115071
0.111757
0.112832
0.102865
0.107831
0.099984
0.107355
0.105489
0.102919
0.11904
0.118611
0.102935
0.111543
0.119727
0.119241
0.124503
0.110405
0.120742
0.120407
0.110007
0.129959
0.115741
0.107723
0.107072
0.123945
0.12378
0.111768
0.109918
0.106745
0.116569
0.108901
0.117547
0.102176
0.101188
0.120905
0.107096
0.10897
0.109432
0.112148
0.100922
0.106875
0.098011
0.121915
0.092099
0.114676
0.112926
0.110231
0.109235
0.115211
0.109533
0.12019
0.114023
0.114791
0.114998
0.089709
0.115851
0.112233
0.109987
0.107502
0.099181
0.118066
0.108358
0.1111
0.106267
0.112765
0.122245
0.125731
0.105769
0.116325
0.110952
0.110436
0.106062
0.094346
0.110151
0.116578
0.108209
0.109725
0.108256
0.100006
0.103462
0.095278
0.123551
0.109822
0.125232
0.11659
0.127537
0.108738
0.123522
0.109902
0.10881
0.108442
0.120672
0.107861
0.107232
0.097419
0.100526
0.115814
0.109506
0.115019
0.117187
0.109316
0.105986
0.111393
0.111266
0.118204
0.115584
0.120744
0.100304
0.09224
0.099868
0.115667
0.111841
0.093838
0.114139
0.104131
0.108149
0.101203
0.105606
0.10657
0.120173
0.129776
0.108264
0.107734
0.1084
0.117138
0.115834
0.124485
0.098198
0.11381
0.10481
0.116978
0.1082
0.116768
0.109651
0.120246
0.124189
0.104982
0.103839
0.111531
0.121439
0.114353
0.119266
0.11504
0.115607
0.106083
0.102327
0.103658
0.104049
0.106287
0.103943
0.109021
0.106736
0.110118
0.112329
0.10709
0.113583
0.107064
0.126841
0.102867
0.100462
0.109943
0.107956
0.114429
0.118491
0.101751
0.12057
0.112579
0.118165
0.111175
0.103235
0.118639
0.117296
0.113999
0.108091
0.124712
0.104783
0.1162
0.104497
0.106186
0.104605
0.124655
0.10129
0.120471
0.107086
0.109103
0.1234
0.107858
0.098253
0.111452
0.113934
0.098768
0.110768
0.10502
0.109249
0.114387
0.116268
0.112195
0.111254
0.124808
0.10617
0.1345
0.119538
0.12072
0.105545
0.100619
0.113371
0.113465
0.105458
0.113384
0.116702
0.104249
0.107954
0.115177
0.107442
0.123598
0.103815
0.095288
0.116245
0.096371
0.115575
0.105288
0.108106
0.12543
0.102097
0.108291
0.106485
0.111652
0.110308
0.120337
0.113714
0.098224
0.107137
0.095215
0.110584
0.108775
0.116435
0.111347
0.101866
0.109387
0.109404
0.116315
0.10926
0.116971
0.110822
0.10391
0.108985
0.108048
0.112536
0.12075
0.103054
0.118312
0.114277
0.108522
0.105981
0.119401
0.115346
0.125142
0.11661
0.112622
0.12518
0.10757
0.120176
0.117518
0.120772
0.117397
0.123515
0.116279
0.111241
0.122087
0.109255
0.106616
0.125258
0.11124
0.104103
0.11832
0.108371
0.118099
0.110615
0.128581
0.108299
0.124106
0.122107
0.116204
0.115724
0.103978
0.113905
0.113751
0.10851
0.104238
0.1122
0.112312
0.117356
0.118877
0.113722
0.113547
0.105168
0.107937
0.120675
0.108779
0.09993
0.113309
0.104451
0.119091
0.111915
0.117838
0.108355
0.111891
0.103694
0.111618
0.102408
0.116116
0.096018
0.121982
0.115456
0.109985
0.107057
0.112079
0.108054
0.129776
0.099964
0.110502
0.127401
0.142138
0.125804
0.123865
0.100367
0.106837
0.120482
0.115707
0.122738
0.112502
0.097965
0.104816
0.11307
0.107255
0.114288
0.118023
0.114694
0.119139
0.107679
0.110255
0.100441
0.110051
0.117418
0.109876
0.116744
0.111127
0.110962
0.121749
0.120903
0.115209
0.106078
0.100173
0.107193
0.156256
0.110935
0.106048
0.117799
0.121943
0.110975
0.115291
0.096643
0.107505
0.102323
0.101789
0.114601
0.11239
0.099746
0.117743
0.12005
0.100619
0.109549
0.120468
0.099312
0.114414
0.117851
0.140548
0.105549
0.111328
0.110888
0.113086
0.10236
0.137373
0.12111
0.101486
0.106764
0.101652
0.111795
0.123443
0.101727
0.115583
0.11369
0.112882
0.105846
0.12945
0.107575
0.111933
0.109679
0.132133
0.112525
0.116671
0.116305
0.101299
0.105531
0.109766
0.105632
0.124082
0.106549
0.10622
0.113968
0.116466
0.128197
0.097769
0.099336
0.11763
0.111632
0.113303
0.110971
0.118667
0.104701
0.116715
0.138303
0.103746
0.111937
0.114684
0.10434
0.097139
0.109739
0.098215
0.102569
0.105603
0.107403
0.111263
0.111458
0.109225
0.11569
0.105433
0.111129
0.109751
0.096375
0.106122
0.105854
0.109496
0.120267
0.113824
0.116415
0.104219
0.110605
0.106472
0.114091
0.113602
0.117586
0.103693
0.120088
0.114307
0.110771
0.113604
0.108782
0.105374
0.121986
0.108644
0.105813
0.112498
0.107752
0.110445
0.111373
0.112333
0.105141
0.118971
0.117038
0.119302
0.111605
0.126392
0.124651
0.115981
0.11189
0.106206
0.124766
0.109861
0.120801
0.117556
0.106778
0.106202
0.124814
0.11427
0.118301
0.119954
0.11413
0.105827
0.107107
0.108907
0.110484
0.118043
0.107248
0.106591
0.10662
0.099928
0.133397
0.107198
0.117602
0.112058
0.10586
0.127794
0.118244
0.099181
0.110096
0.107734
0.106028
0.116034
0.116937
0.112766
0.111996
0.113656
0.107694
0.097811
0.106559
0.113748
0.099578
0.108874
0.105619
0.108768
0.120467
0.10481
0.108618
0.094838
0.103529
0.116129
0.120762
0.109626
0.108168
0.10834
0.118737
0.108303
0.110574
0.109883
0.123646
0.119996
0.115395
0.107944
0.132706
0.103787
0.093452
0.099591
0.101426
0.114176
0.110262
0.124207
0.127227
0.108995
0.1062
0.115487
0.114945
0.118682
0.101793
0.129474
0.113689
0.108532
0.114833
0.102257
0.114642
0.109045
0.119259
0.111248
0.117461
0.101359
0.110826
0.110954
0.114134
0.125268
0.106606
0.119586
0.120795
0.110114
0.100719
0.101823
0.106848
0.099731
0.113094
0.108453
0.110974
0.115048
0.111125
0.109593
0.102945
0.124907
0.119532
0.106277
0.123697
0.111048
0.116943
0.121104
0.120933
0.090395
0.095288
0.10757
0.098592
0.117027
0.107978
0.113182
0.112135
0.111344
0.092555
0.120879
0.096219
0.09982
0.114858
0.102884
0.118601
0.105979
0.09927
0.110816
0.122755
0.108805
0.117908
0.111896
0.103777
0.105245
0.127611
0.11747
0.107115
0.100781
0.103099
0.094734
0.131892
0.104705
0.112086
0.113341
0.111554
0.110876
0.10923
0.129934
0.123924
0.111045
0.107126
0.1202
0.111646
0.099463
0.116722
0.106636
0.106626
0.11289
0.106004
0.099791
0.105222
0.111837
0.108435
0.116714
0.110767
0.113242
0.118212
0.103319
0.115323
0.114807
0.105665
0.109797
0.116827
0.094895
0.101382
0.112163
0.105633
0.112318
0.111294
0.102474
0.116308
0.11321
0.108131
0.113222
0.117146
0.112541
0.108725
0.115865
0.106754
0.11009
0.102418
0.109259
0.116782
0.118699
0.112129
0.106645
0.11108
0.10619
0.135927
0.113158
0.109975
0.116709
0.110769
0.111021
0.114525
0.113239
0.099855
0.115715
0.098703
0.110034
0.134201
0.105172
0.116307
0.112408
0.115358
0.119779
0.105877
0.115561
0.112238
0.108072
0.123226
0.110607
0.111563
0.104432
0.105783
0.096809
0.110376
0.112822
0.098035
0.106703
0.116504
0.112915
0.12461
0.101589
0.116665
0.111752
0.107741
0.100487
0.116978
0.118538
0.116827
0.101626
0.118325
0.104386
0.113088
0.118888
0.111892
0.107109
0.124652
0.107262
0.111387
0.110476
0.117846
0.110697
0.114221
0.110423
0.121532
0.109351
0.111481
0.112234
0.115697
0.111487
0.121022
0.111115
0.103692
0.110162
0.105515
0.112089
0.105717
0.115605
0.106628
0.119807
0.107286
0.115381
0.116913
0.115709
0.104442
0.114003
0.113834
0.110247
0.111785
0.107989
0.121719
0.120622
0.119515
0.142349
0.125318
0.118322
0.118184
0.113191
0.105279
0.112704
0.118873
0.111657
0.097279
0.112295
0.10617
0.101104
0.109076
0.102831
0.114686
0.108654
0.10977
0.110785
0.115755
0.114062
0.105501
0.110567
0.110796
0.113978
0.108336
0.103693
0.105574
0.116915
0.111603
0.101891
0.110619
0.115506
0.115736
0.112098
0.109098
0.102202
0.109797
0.111723
0.105932
0.113146
0.114753
0.110086
0.10642
0.107387
0.108491
0.107386
0.115532
0.118462
0.108232
0.117029
0.099821
0.111842
0.110556
0.109955
0.107607
0.093976
0.113698
0.110162
0.119985
0.110365
0.104459
0.118304
0.110879
0.111103
0.109026
0.107297
0.113562
0.119646
0.101312
0.105345
0.119808
0.10861
0.11093
0.119804
0.117778
0.106248
0.123321
0.105442
0.107411
0.114214
0.103894
0.112283
0.099365
0.114827
0.111939
0.118272
0.122881
0.103565
0.115027
0.119131
0.117306
0.101731
0.110711
0.104664
0.10854
0.102276
0.111482
0.113258
0.113361
0.110533
0.104817
0.11554
0.115247
0.112027
0.114811
0.115241
0.102114
0.109534
0.109637
0.115777
0.115413
0.109424
0.121633
0.116788
0.116841
0.100651
0.116169
0.109364
0.102785
0.105333
0.110553
0.115174
0.116168
0.109424
0.110703
0.108963
0.125375
0.096846
0.113518
0.096543
0.096919
0.117613
0.119798
0.113853
0.117632
0.130148
0.137378
0.113684
0.110747
0.121817
0.116828
0.113947
0.11097
0.11246
0.10361
0.111163
0.119272
0.114656
0.112067
0.105146
0.12524
0.105391
0.116135
0.087581
0.103375
0.110147
0.113066
0.111373
0.106915
0.114775
0.105202
0.105779
0.102748
0.104209
0.125191
0.113102
0.113079
0.116067
0.107809
0.10528
0.103481
0.107921
0.096454
0.1104
0.116666
0.110458
0.107725
0.119043
0.121731
0.111626
0.104377
0.107175
0.102829
0.110089
0.112604
0.107751
0.122101
0.112965
0.106081
0.121192
0.116593
0.111741
0.121497
0.108238
0.111886
0.109427
0.110132
0.112463
0.114957
0.114225
0.106172
0.110645
0.110154
0.114972
0.10739
0.107833
0.115536
0.125843
0.10877
0.105332
0.118241
0.112731
0.1224
0.107545
0.128984
0.110182
0.108704
0.118008
0.116157
0.130317
0.101951
0.103786
0.103447
0.118082
0.111184
0.110017
0.112867
0.117235
0.106856
0.103199
0.108709
0.114238
0.113006
0.110817
0.111736
0.102101
0.113974
0.119002
0.113568
0.108108
0.116404
0.118751
0.132102
0.108064
0.109154
0.103746
0.120309
0.099158
0.109172
0.119223
0.116707
0.101182
0.104627
0.109327
0.109509
0.100726
0.115611
0.102576
0.106505
0.113974
0.117618
0.107253
0.104173
0.098829
0.121043
0.114778
0.115961
0.11088
0.104874
0.111206
0.116608
0.108854
0.115174
0.12163
0.126706
0.111402
0.106237
0.101867
0.099869
0.111747
0.098716
0.112543
0.106744
0.115791
0.106157
0.116086
0.099992
0.102451
0.106696
0.106627
0.114065
0.118007
0.105087
0.105625
0.12018
0.11105
0.122533
0.111641
0.112208
0.105911
0.107004
0.115341
0.108407
0.124806
0.111431
0.134096
0.104077
0.098234
0.117931
0.106379
0.119691
0.107677
0.114354
0.109042
0.114877
0.124305
0.110414
0.102189
0.09632
0.110439
0.112841
0.114167
0.112993
0.114969
0.135219
0.119599
0.120506
0.105854
0.114536
0.111501
0.118795
0.107975
0.112904
0.10148
0.118828
0.107553
0.120047
0.1085
0.114063
0.112793
0.117838
0.108988
0.107809
0.098416
0.104282
0.107081
0.120663
0.113987
0.109283
0.096986
0.104407
0.111269
0.104762
0.118113
0.108064
0.107101
0.132222
0.112565
0.103035
0.119159
0.10546
0.102467
0.098372
0.110862
0.099195
0.117087
0.111314
0.106415
0.103908
0.115596
0.116687
0.112445
0.105336
0.104756
0.112844
0.104749
0.107013
0.123626
0.11304
0.114946
0.112776
0.108242
0.107156
0.103316
0.102136
0.109076
0.122251
0.10592
0.118181
0.108441
0.115707
0.118476
0.105093
0.109585
0.107691
0.113711
0.108702
0.117425
0.119493
0.10932
0.106854
0.101301
0.106223
0.09964
0.112386
0.109329
0.113296
0.114488
0.11521
0.110362
0.11004
0.106906
0.111567
0.108985
0.110388
0.096534
0.108933
0.116318
0.126606
0.111857
0.101291
0.11019
0.097239
0.105517
0.101425
0.109606
0.113392
0.108842
0.119606
0.107299
0.118942
0.119019
0.126638
0.108835
0.106268
0.112662
0.114967
0.114249
0.119482
0.126896
0.10343
0.108855
0.096439
0.109528
0.105421
0.109511
0.112965
0.10793
0.118104
0.110209
0.119969
0.109978
0.118761
0.112168
0.112185
0.10107
0.105013
0.10407
0.111435
0.115254
0.115882
0.099807
0.110377
0.108299
0.098997
0.126154
0.118519
0.104749
0.105841
0.108261
0.108191
0.115061
0.109424
0.11407
0.105902
0.106867
0.09945
0.111969
0.104392
0.109746
0.115195
0.11561
0.118337
0.121502
0.110561
0.121628
0.118114
0.114544
0.106811
0.118412
0.1118
0.102123
0.107443
0.105918
0.113543
0.109892
0.112961
0.117928
0.117178
0.116112
0.116712
0.110684
0.115556
0.112439
0.110461
0.120073
0.114306
0.104493
0.105296
0.11106
0.110155
0.110271
0.107662
0.109417
0.112646
0.117165
0.112631
0.12075
0.106011
0.119805
0.109308
0.109842
0.110151
0.096428
0.099482
0.10444
0.114317
0.101635
0.100738
0.115482
0.099349
0.105422
0.11496
0.117011
0.112882
0.111569
0.110324
0.121302
0.109324
0.10904
0.100565
0.108589
0.098957
0.105589
0.115081
0.113924
0.118201
0.107226
0.111379
0.108447
0.115691
0.104311
0.104534
0.105889
0.115721
0.108877
0.113356
0.103039
0.114264
0.109048
0.105586
0.108497
0.096126
0.119123
0.102618
0.107
0.119951
0.112807
0.10107
0.106654
0.104574
0.116392
0.110686
0.105529
0.115229
0.116237
0.118655
0.123957
0.110181
0.112043
0.115573
0.117896
0.113019
0.107769
0.118763
0.110212
0.117989
0.108831
0.112955
0.111262
0.108703
0.09486
0.110593
0.115743
0.10648
0.110589
0.107193
0.111812
0.105138
0.100267
0.117765
0.114606
0.102096
0.110246
0.111324
0.107421
0.103181
0.125972
0.119302
0.107804
0.11613
0.111731
0.110468
0.110856
0.110221
0.110711
0.106268
0.115712
0.100607
0.103468
0.11023
0.110641
0.109767
0.114492
0.109628
0.103077
0.109882
0.118184
0.10727
0.121112
0.11146
0.108025
0.105474
0.103512
0.107607
0.109249
0.11375
0.111011
0.109315
0.114882
0.108563
0.109904
0.114427
0.111653
0.114522
0.105542
0.109986
0.108482
0.103376
0.111353
0.107873
0.110786
0.113048
0.118409
0.111412
0.104561
0.11869
0.117052
0.104559
0.107158
0.108579
0.108706
0.117129
0.09876
0.12311
0.101743
0.108218
0.104895
0.114364
0.111803
0.102402
0.101647
0.103583
0.116832
0.10661
0.120091
0.114108
0.10305
0.108617
0.125407
0.113594
0.11203
0.109624
0.113878
0.111236
0.109609
0.112786
0.104273
0.119129
0.109607
0.112642
0.114741
0.115369
0.115585
0.110577
0.110429
0.111778
0.103315
0.111021
0.112647
0.114004
0.103135
0.103601
0.134532
0.113276
0.112781
0.108815
0.110868
0.113161
0.108342
0.106378
0.104504
0.109925
0.120123
0.107107
0.090626
0.10489
0.110879
0.110331
0.109062
0.112315
0.116072
0.100609
0.112884
0.110764
0.115433
0.120864
0.122211
0.110722
0.111183
0.107246
0.109468
0.114979
0.116909
0.106435
0.107167
0.104417
0.11037
0.109326
0.112555
0.113848
0.116706
0.109921
0.103594
0.104275
0.10892
0.098235
0.116585
0.115022
0.099235
0.110785
0.11171
0.112508
0.103083
0.113431
0.111094
0.114288
0.116336
0.096415
0.112308
0.10818
0.113302
0.107851
0.107504
0.110847
0.115173
0.121844
0.109217
0.110901
0.110216
0.103812
0.106005
0.111987
0.126566
0.108845
0.111105
0.115152
0.111123
0.118655
0.107373
0.111688
0.100553
0.108955
0.122401
0.110624
0.11289
0.106868
0.110104
0.1119
0.110455
0.117903
0.106506
0.105196
0.108033
0.113378
0.116973
0.109704
0.112155
0.115794
0.107897
0.105218
0.106979
0.110334
0.106933
0.092928
0.10773
0.115402
0.099189
0.107315
0.111381
0.117156
0.107224
0.106918
0.106733
0.111666
0.11107
0.114281
0.120654
0.111174
0.112331
0.107014
0.10796
0.108843
0.116264
0.118582
0.111894
0.108657
0.105824
0.109844
0.110062
0.110275
0.117458
0.117764
0.118078
0.120484
0.11848
0.113213
0.110066
0.113005
0.116977
0.10376
0.112267
0.103438
0.116027
0.101923
0.113015
0.109311
0.119536
0.108398
0.122882
0.112297
0.103645
0.114239
0.11121
0.112624
0.113989
0.109418
0.104048
0.105521
0.111253
0.117223
0.109984
0.10419
0.11241
0.117673
0.106083
0.115278
0.11352
0.101833
0.110998
0.116588
0.115889
0.115102
0.105935
0.102137
0.115778
0.101031
0.106704
0.108035
0.114722
0.110079
0.110783
0.111659
0.100521
0.126802
0.111137
0.106741
0.110274
0.114071
0.113179
0.106379
0.117547
0.115318
0.118119
0.106376
0.11226
0.112259
0.108915
0.122491
0.110309
0.09063
0.115026
0.102392
0.094981
0.106144
0.09652
0.102018
0.116041
0.118019
0.111065
0.104633
0.114893
0.11449
0.117762
0.112517
0.106328
0.1094
0.102988
0.106909
0.110355
0.111543
0.112503
0.110163
0.104124
0.097829
0.113296
0.099555
0.103383
0.109235
0.109731
0.112991
0.118944
0.112873
0.113069
0.115529
0.106887
0.112741
0.111358
0.108867
0.118516
0.107398
0.115469
0.110315
0.10897
0.11121
0.111517
0.111767
0.104194
0.108097
0.107306
0.107567
0.09386
0.10371
0.122218
0.105114
0.107937
0.112617
0.104831
0.109502
0.104479
0.109258
0.099968
0.119418
0.111367
0.097032
0.097743
0.113519
0.114831
0.102448
0.107527
0.103871
0.107497
0.099929
0.104818
0.110382
0.112709
0.104554
0.110046
0.107699
0.111787
0.103283
0.114329
0.107066
0.113031
0.105403
0.112508
0.104366
0.106642
0.1151
0.111928
0.115926
0.110552
0.103793
0.112578
0.118193
0.121039
0.109401
0.112084
0.116706
0.108175
0.119919
0.105113
0.113931
0.105628
0.115516
0.100283
0.109183
0.105393
0.11657
0.109925
0.122138
0.125409
0.104955
0.117505
0.099448
0.115163
0.10606
0.108622
0.106789
0.114501
0.101041
0.107731
0.115811
0.109295
0.111534
0.10588
0.119385
0.107476
0.117204
0.112892
0.109889
0.130955
0.110033
0.104372
0.107206
0.108913
0.108134
0.122635
0.103948
0.107515
0.106669
0.112582
0.108954
0.116991
0.104489
0.110068
0.111904
0.114586
0.111635
0.109727
0.115359
0.111042
0.102913
0.112627
0.111969
0.109365
0.105689
0.103628
0.103281
0.118598
0.107966
0.110752
0.122219
0.117995
0.112264
0.101252
0.105883
0.112672
0.108307
0.105984
0.115989
0.106801
0.11278
0.100227
0.104068
0.110629
0.114797
0.127248
0.112385
0.100547
0.10568
0.108484
0.105695
0.116212
0.109195
0.110381
0.109947
0.119058
0.102746
0.106037
0.102084
0.109681
0.116937
0.117044
0.102245
0.10447
0.121077
0.111854
0.104644
0.104145
0.114153
0.109367
0.105374
0.106204
0.118423
0.111619
0.117737
0.117316
0.104443
0.111621
0.105589
0.108788
0.106343
0.116533
0.11019
0.10645
0.113886
0.106804
0.096423
0.118807
0.111468
0.112375
0.106511
0.104714
0.12015
0.109093
0.106708
0.112906
0.104954
0.113579
0.111091
0.114306
0.10608
0.109153
0.117624
0.111219
0.124974
0.114313
0.118188
0.104516
0.110753
0.110622
0.10928
0.118926
0.110158
0.105052
0.105638
0.108685
0.114934
0.120721
0.111559
0.113193
0.099637
0.107046
0.117962
0.111228
0.115075
0.109251
0.103101
0.108437
0.102225
0.110903
0.111297
0.110798
0.110124
0.11233
0.108649
0.105901
0.106418
0.120367
0.106774
0.106481
0.099684
0.107287
0.103501
0.110634
0.105626
0.109133
0.106174
0.118193
0.110375
0.107995
0.101537
0.100033
0.103615
0.119657
0.106277
0.100601
0.108294
0.117596
0.120602
0.111385
0.113394
0.113373
0.109282
0.115889
0.119959
0.11025
0.106972
0.113669
0.112694
0.107158
0.116276
0.107061
0.106608
0.100667
0.108726
0.110654
0.106015
0.112274
0.112429
0.112346
0.100136
0.117768
0.112098
0.107465
0.119128
0.104797
0.112824
0.100767
0.114634
0.106081
0.105332
0.10541
0.095621
0.11846
0.111044
0.107122
0.11185
0.11253
0.116194
0.106498
0.106101
0.105646
0.105591
0.115787
0.113588
0.112681
0.103211
0.107245
0.109201
0.105778
0.112079
0.105369
0.11579
0.100053
0.104878
0.106951
0.110733
0.110293
0.109887
0.104903
0.1108
0.124743
0.107686
0.102543
0.111254
0.111962
0.114397
0.110305
0.106527
0.111733
0.105572
0.103471
0.11044
0.11515
0.109344
0.107542
0.118572
0.113917
0.109799
0.127678
0.107605
0.113745
0.117726
0.101457
0.108708
0.111857
0.105485
0.106547
0.111766
0.111699
0.112362
0.104085
0.109115
0.106922
0.104529
0.105177
0.098675
0.120687
0.109675
0.108145
0.119409
0.10375
0.101119
0.111257
0.108979
0.120349
0.1044
0.109768
0.111894
0.113228
0.104373
0.107285
0.108644
0.112737
0.106095
0.111199
0.112715
0.121915
0.099391
0.114104
0.106272
0.109382
0.107747
0.12544
0.115353
0.104635
0.108405
0.108239
0.109509
0.114249
0.114618
0.109729
0.109034
0.118216
0.112899
0.115976
0.117841
0.108215
0.110312
0.105838
0.109359
0.100664
0.104117
0.111678
0.110662
0.113934
0.105088
0.11269
0.108714
0.113957
0.109671
0.111039
0.10299
0.118495
0.113177
0.112036
0.113099
0.109151
0.118255
0.113029
0.104249
0.107039
0.114751
0.119506
0.102739
0.108782
0.09947
0.09923
0.107517
0.105827
0.115341
0.111437
0.109729
0.109762
0.104429
0.113158
0.114194
0.104425
0.105494
0.106726
0.119075
0.10455
0.109143
0.113668
0.110415
0.11589
0.106649
0.11307
0.105617
0.120285
0.104612
0.106433
0.114471
0.101785
0.1052
0.122364
0.102926
0.115097
0.115121
0.107404
0.105287
0.11328
0.110437
0.106667
0.125549
0.101206
0.102918
0.099136
0.11725
0.105285
0.106781
0.116871
0.113705
0.129802
0.120472
0.116321
0.113712
0.111795
0.115386
0.114923
0.105237
0.109901
0.108965
0.11029
0.116005
0.112066
0.102519
0.114994
0.10958
0.103672
0.110722
0.107343
0.112539
0.109899
0.114116
0.104057
0.11337
0.113586
0.103684
0.102589
0.101621
0.106636
0.1164
0.108712
0.112271
0.096743
0.116982
0.11495
0.112692
0.098397
0.101041
0.103578
0.113514
0.12396
0.106674
0.111902
0.103534
0.103453
0.119427
0.105367
0.092895
0.107512
0.112424
0.103218
0.10481
0.112501
0.115197
0.103995
0.12453
0.109465
0.112987
0.10774
0.109352
0.105537
0.10287
0.115007
0.11407
0.102925
0.101072
0.115931
0.11347
0.100524
0.104519
0.106139
0.103175
0.109532
0.108613
0.10481
0.109143
0.103411
0.117434
0.115777
0.103961
0.105877
0.104227
0.114206
0.113829
0.113896
0.114887
0.105404
0.112081
0.10967
0.114809
0.110994
0.11305
0.111331
0.108143
0.116893
0.109914
0.121229
0.109514
0.10646
0.111395
0.118336
0.112412
0.103376
0.107574
0.102216
0.117025
0.110004
0.111071
0.098697
0.116078
0.103481
0.108953
0.108141
0.124112
0.106854
0.114145
0.113642
0.109313
0.111487
0.104382
0.111497
0.102242
0.11433
0.114292
0.104437
0.102066
0.115234
0.107777
0.115909
0.11357
0.123213
0.10815
0.105994
0.115711
0.110745
0.101138
0.107213
0.103011
0.111816
0.116196
0.106789
0.108725
0.111436
0.109249
0.108734
0.110921
0.113571
0.108033
0.112935
0.107198
0.122558
0.107078
0.109067
0.116798
0.109819
0.110309
0.109306
0.113323
0.117634
0.110973
0.107771
0.117624
0.107336
0.122854
0.108465
0.135705
0.105755
0.113733
0.108747
0.110617
0.112103
0.118847
0.108229
0.105844
0.110723
0.109588
0.108338
0.112406
0.114473
0.107998
0.101732
0.110205
0.11369
0.111401
0.108931
0.110146
0.103584
0.110294
0.114839
0.119268
0.108988
0.110387
0.107975
0.11419
0.110901
0.102067
0.108281
0.11587
0.110824
0.111472
0.130174
0.116717
0.109355
0.099832
0.113292
0.10805
0.106753
0.106417
0.101604
0.112751
0.109846
0.105919
0.105964
0.110344
0.114383
0.116184
0.104728
0.120996
0.107752
0.104114
0.111005
0.106671
0.107007
0.109274
0.114594
0.110964
0.119525
0.110487
0.124212
0.114473
0.106065
0.106599
0.108823
0.115052
0.111096
0.103687
0.119661
0.104621
0.110306
0.113378
0.105223
0.102964
0.109314
0.108667
0.106928
0.109216
0.108376
0.105596
0.107131
0.114636
0.1095
0.105724
0.103443
0.108476
0.115729
0.104196
0.109156
0.105489
0.108917
0.117228
0.110596
0.09058
0.105154
0.105472
0.106942
0.108153
0.10036
0.117522
0.102345
0.102547
0.106684
0.10688
0.117286
0.110828
0.107951
0.115703
0.115472
0.12036
0.114534
0.113306
0.102028
0.107942
0.105514
0.113194
0.11169
0.113171
0.108178
0.111263
0.110158
0.104694
0.101093
0.108465
0.113859
0.105444
0.105529
0.108197
0.111709
0.118748
0.105704
0.122853
0.106128
0.114002
0.105604
0.113609
0.107198
0.112238
0.113677
0.116911
0.110852
0.114892
0.108516
0.125643
0.119025
0.110835
0.106093
0.1037
0.103554
0.110728
0.114722
0.11131
0.10703
0.114533
0.109488
0.101196
0.098794
0.115487
0.111781
0.102312
0.095456
0.126279
0.107697
0.099007
0.115529
0.117022
0.108636
0.117961
0.10654
0.109215
0.107755
0.104413
0.106296
0.112215
0.112271
0.108583
0.108114
0.116117
0.114229
0.106844
0.112458
0.105979
0.098829
0.106616
0.107149
0.114037
0.117385
0.111117
0.10679
0.103084
0.105474
0.115906
0.111918
0.113459
0.106765
0.108799
0.109745
0.106334
0.099945
0.114538
0.111699
0.114549
0.117502
0.104675
0.123821
0.108462
0.115098
0.116643
0.106012
0.101758
0.109702
0.115305
0.105184
0.105474
0.111997
0.105112
0.108051
0.110606
0.103312
0.110685
0.111692
0.114493
0.103982
0.112624
0.098712
0.111349
0.107793
0.110932
0.114661
0.111973
0.126131
0.111986
0.107877
0.107829
0.115187
0.108656
0.109848
0.104644
0.111234
0.112812
0.101845
0.108415
0.10659
0.109656
0.105105
0.109953
0.109893
0.099227
0.111723
0.11011
0.104513
0.114832
0.104072
0.112093
0.116078
0.115632
0.101364
0.107953
0.103222
0.113781
0.107152
0.111065
0.103216
0.098997
0.115485
0.114686
0.11338
0.111627
0.118525
0.106548
0.110115
0.104436
0.105505
0.110197
0.106976
0.114651
0.098422
0.107063
0.098438
0.11034
0.11507
0.116118
0.110574
0.110074
0.113595
0.115087
0.110263
0.10609
0.11114
0.104316
0.108015
0.112922
0.104851
0.105608
0.110746
0.106082
0.109933
0.124714
0.10441
0.110951
0.102879
0.113327
0.108272
0.103868
0.123429
0.112423
0.104335
0.112519
0.106591
0.109633
0.109864
0.108448
0.114201
0.105713
0.103405
0.104821
0.106052
0.124774
0.109599
0.113489
0.102576
0.107176
0.116516
0.106704
0.104879
0.104801
0.107747
0.110432
0.104296
0.109537
0.106099
0.104912
0.108651
0.106628
0.106727
0.11089
0.09574
0.119541
0.107551
0.121971
0.11221
0.103146
0.104329
0.102494
0.11593
0.109365
0.113359
0.108532
0.114675
0.128777
0.106174
0.114027
0.112705
0.111428
0.105671
0.111009
0.108521
0.116548
0.106106
0.113962
0.104481
0.106426
0.10924
0.107394
0.109205
0.110871
0.106469
0.112204
0.113781
0.100585
0.103366
0.106541
0.111111
0.11209
0.100987
0.11165
0.117383
0.113574
0.110425
0.110401
0.111206
0.102342
0.115986
0.100764
0.106983
0.099494
0.108732
0.110728
0.107293
0.105267
0.112826
0.113776
0.110089
0.103891
0.104326
0.106514
0.112923
0.114183
0.107855
0.107735
0.112947
0.108713
0.108591
0.112213
0.10235
0.11704
0.121542
0.097869
0.122279
0.103331
0.104548
0.108125
0.117023
0.11213
0.11353
0.107626
0.114729
0.10738
0.111407
0.112855
0.109524
0.104486
0.109754
0.105741
0.107781
0.111595
0.10671
0.114558
0.106656
0.106109
0.111363
0.103037
0.109095
0.107314
0.108542
0.105112
0.112988
0.110741
0.102931
0.110001
0.104233
0.109957
0.109049
0.111582
0.10717
0.104653
0.113418
0.105525
0.108877
0.105871
0.114888
0.108782
0.10791
0.106811
0.106735
0.119099
0.117654
0.113524
0.120186
0.111249
0.111347
0.108808
0.119106
0.103835
0.110242
0.10798
0.11201
0.125585
0.102378
0.113534
0.106805
0.11793
0.114334
0.108968
0.114635
0.102925
0.118081
0.107642
0.108421
0.110948
0.105964
0.110786
0.105191
0.118178
0.116245
0.110539
0.113227
0.114664
0.113919
0.094327
0.118216
0.111039
0.114361
0.103081
0.116852
0.100962
0.109597
0.106115
0.110122
0.100382
0.114684
0.111958
0.111751
0.112922
0.113552
0.112746
0.097734
0.110128
0.105077
0.114264
0.111568
0.121184
0.105379
0.105368
0.105555
0.103292
0.110333
0.106283
0.109938
0.11792
0.114908
0.098865
0.113307
0.103431
0.106029
0.107365
0.109626
0.104921
0.105308
0.102873
0.10891
0.110093
0.107358
0.106697
0.10781
0.113317
0.108527
0.106569
0.108532
0.095973
0.111941
0.11155
0.109241
0.116083
0.105641
0.096897
0.111186
0.107935
0.097144
0.106829
0.113698
0.105077
0.104071
0.103477
0.113303
0.109096
0.10883
0.107257
0.105836
0.109956
0.107395
0.115436
0.10944
0.106633
0.110716
0.108217
0.109722
0.10535
0.104607
0.10787
0.118807
0.105565
0.114245
0.11095
0.120266
0.100857
0.10891
0.113998
0.115755
0.115162
0.113407
0.111155
0.109607
0.118998
0.10608
0.103694
0.114403
0.110757
0.110208
0.114161
0.105709
0.107529
0.10842
0.10961
0.108284
0.113347
0.105419
0.112253
0.10615
0.108844
0.112881
0.108303
0.110786
0.10403
0.112657
0.118061
0.106183
0.110685
0.110785
0.112858
0.116327
0.110894
0.108227
0.111736
0.110804
0.119662
0.112338
0.106417
0.112718
0.115337
0.118628
0.107427
0.109461
0.110864
0.113829
0.107803
0.106954
0.108175
0.098873
0.115077
0.124698
0.097289
0.106696
0.119796
0.102856
0.109605
0.104821
0.104912
0.113341
0.109674
0.11099
0.114072
0.120218
0.117978
0.105037
0.113477
0.111081
0.116547
0.110548
0.102605
0.120281
0.105541
0.104042
0.101906
0.115233
0.114166
0.106519
0.104364
0.107663
0.106146
0.10438
0.109015
0.109233
0.112125
0.101694
0.10915
0.105612
0.108924
0.109137
0.108666
0.115599
0.111189
0.100179
0.100689
0.108157
0.117834
0.114621
0.114423
0.104363
0.10614
0.112711
0.116776
0.106055
0.116888
0.123618
0.122007
0.108375
0.110563
0.110968
0.109327
0.107769
0.105248
0.109868
0.104218
0.107873
0.109808
0.107107
0.107658
0.104049
0.107358
0.105835
0.113785
0.111994
0.108669
0.113478
0.117885
0.106031
0.108218
0.102142
0.107745
0.108055
0.109974
0.117823
0.108849
0.12561
0.116389
0.123819
0.10093
0.115675
0.105847
0.110975
0.099911
0.117452
0.104753
0.116309
0.112962
0.109015
0.116414
0.097233
0.109144
0.113745
0.114696
0.106166
0.116194
0.110594
0.102421
0.111442
0.110099
0.10312
0.110404
0.105889
0.118662
0.104855
0.111386
0.111311
0.107444
0.116296
0.109722
0.114787
0.100484
0.111099
0.106724
0.104217
0.111561
0.106087
0.116976
0.106219
0.104218
0.104416
0.121436
0.109356
0.110599
0.111914
0.114031
0.114684
0.111114
0.103309
0.107286
0.108468
0.118085
0.11728
0.1106
0.104825
0.112945
0.102666
0.112453
0.107184
0.103742
0.108218
0.1067
0.112272
0.111963
0.109029
0.109286
0.106462
0.110032
0.114649
0.111654
0.115692
0.111143
0.101954
0.107781
0.108825
0.110232
0.10515
0.112314
0.11065
0.109608
0.107246
0.099343
0.108904
0.109923
0.11316
0.106442
0.107339
0.107572
0.113214
0.113282
0.115067
0.105679
0.097748
0.110462
0.113757
0.11013
0.101555
0.113334
0.112091
0.108822
0.121481
0.112689
0.101962
0.10158
0.102036
0.110735
0.103838
0.105348
0.104428
0.110572
0.099412
0.116844
0.109892
0.110128
0.108037
0.10426
0.112009
0.111473
0.106653
0.114153
0.111587
0.112079
0.104943
0.106533
0.110619
0.11739
0.107364
0.116576
0.113774
0.116368
0.113398
0.107789
0.107016
0.108581
0.104047
0.111198
0.108292
0.107924
0.117638
0.110053
0.106049
0.103412
0.109214
0.107668
0.105033
0.115348
0.117568
0.106518
0.111503
0.105273
0.110362
0.110501
0.109315
0.115301
0.101922
0.105797
0.105219
0.110462
0.107269
0.111359
0.108876
0.100119
0.111949
0.106661
0.104773
0.103629
0.107065
0.109689
0.123653
0.10231
0.109507
0.117158
0.109744
0.113941
0.109428
0.110817
0.112749
0.114083
0.108421
0.113562
0.103591
0.111997
0.111963
0.109419
0.107735
0.107127
0.113654
0.1059
0.110524
0.109593
0.11047
0.109669
0.106309
0.121415
0.115909
0.109633
0.107054
0.117053
0.103086
0.110923
0.115098
0.112118
0.109529
0.106873
0.112256
0.109657
0.114609
0.109425
0.120725
0.109457
0.109676
0.113473
0.103647
0.116298
0.125708
0.110993
0.106125
0.101011
0.114369
0.116368
0.11604
0.103723
0.112982
0.111739
0.116814
0.106929
0.110249
0.111635
0.109687
0.110168
0.113536
0.112636
0.103874
0.100661
0.09608
0.106613
0.108497
0.104563
0.105134
0.100105
0.104209
0.103603
0.112518
0.109591
0.118352
0.109865
0.11351
0.109287
0.112264
0.114232
0.108599
0.117407
0.107801
0.10456
0.106103
0.115085
0.106783
0.105261
0.118854
0.099213
0.108817
0.106214
0.113898
0.112015
0.113809
0.109023
0.109253
0.107095
0.09963
0.104146
0.105792
0.108396
0.102757
0.115612
0.09768
0.110731
0.105714
0.109508
0.11315
0.123185
0.117059
0.100801
0.108413
0.106996
0.119733
0.107037
0.112494
0.102441
0.104845
0.112343
0.108966
0.118129
0.117309
0.106516
0.108087
0.109376
0.102127
0.112804
0.123753
0.112389
0.097003
0.108265
0.110579
0.108055
0.117709
0.111431
0.108518
0.116198
0.100364
0.106063
0.109378
0.108683
0.110641
0.104484
0.109124
0.105685
0.1093
0.106767
0.10783
0.109888
0.105838
0.102555
0.104852
0.124786
0.110461
0.10416
0.117739
0.1115
0.103816
0.111032
0.105309
0.112313
0.105983
0.12032
0.107168
0.110896
0.105576
0.108392
0.0993
0.113066
0.113418
0.108091
0.10375
0.110358
0.113289
0.10916
0.108905
0.116848
0.115942
0.109001
0.106321
0.100896
0.106069
0.110913
0.106628
0.108398
0.117549
0.106826
0.113128
0.112814
0.108831
0.11507
0.11365
0.1058
0.11326
0.108172
0.103083
0.111722
0.114686
0.104776
0.108739
0.106794
0.108035
0.106514
0.116583
0.099108
0.104813
0.106452
0.108137
0.115162
0.105747
0.100933
0.109303
0.109426
0.104021
0.108532
0.109484
0.105919
0.11094
0.10524
0.112713
0.107739
0.111481
0.110489
0.11433
0.114825
0.10835
0.11174
0.104958
0.107455
0.111382
0.107604
0.109866
0.119288
0.108733
0.106244
0.10954
0.098615
0.099093
0.108875
0.101203
0.113736
0.113188
0.102062
0.112942
0.116228
0.109262
0.108703
0.113317
0.107489
0.114788
0.118427
0.111497
0.113036
0.111165
0.106733
0.096665
0.10603
0.10265
0.10534
0.110309
0.109211
0.106526
0.107616
0.106292
0.108624
0.110693
0.114822
0.114512
0.10401
0.106475
0.109053
0.110427
0.104107
0.105004
0.11075
0.109116
0.109647
0.124924
0.105148
0.104185
0.106085
0.109688
0.12266
0.110135
0.108261
0.110239
0.103507
0.110342
0.100317
0.107628
0.110774
0.108252
0.114026
0.116085
0.109877
0.105946
0.107538
0.109036
0.111799
0.10595
0.102413
0.124596
0.1188
0.117809
0.107973
0.114024
0.099904
0.110059
0.113102
0.111404
0.114025
0.106539
0.10916
0.111584
0.106159
0.111239
0.118342
0.099172
0.111071
0.107124
0.110448
0.110858
0.103987
0.105029
0.107773
0.10941
0.115151
0.10733
0.110119
0.107574
0.107518
0.104114
0.106325
0.10737
0.109898
0.121163
0.104402
0.108307
0.1133
0.110294
0.108287
0.109664
0.110632
0.105581
0.103113
0.108158
0.105705
0.10524
0.103766
0.111652
0.109825
0.112002
0.111258
0.109304
0.113946
0.104743
0.117209
0.103556
0.115138
0.102773
0.114768
0.107712
0.116881
0.100045
0.107587
0.115558
0.113008
0.103783
0.115107
0.110175
0.107541
0.101531
0.115452
0.110686
0.109953
0.108365
0.110935
0.106674
0.10873
0.109981
0.10802
0.107831
0.104336
0.114194
0.109785
0.114152
0.114902
0.107331
0.10653
0.11218
0.112237
0.106694
0.106647
0.105535
0.103083
0.098608
0.108439
0.116569
0.108585
0.118328
0.108045
0.110102
0.112641
0.10683
0.107451
0.106772
0.110978
0.111956
0.108251
0.109587
0.109589
0.113083
0.104633
0.102912
0.106846
0.097478
0.108399
0.101004
0.105761
0.106923
0.113123
0.10907
0.109219
0.110782
0.107785
0.100381
0.114593
0.111365
0.111122
0.101135
0.106945
0.100384
0.114687
0.112665
0.110403
0.104529
0.103969
0.124282
0.112782
0.10844
0.10247
0.110351
0.109029
0.112531
0.10803
0.113742
0.108833
0.115136
0.113442
0.117184
0.111086
0.108181
0.109956
0.111173
0.111737
0.113477
0.105547
0.111494
0.116093
0.112003
0.106428
0.110222
0.102883
0.107274
0.117783
0.112518
0.100325
0.111123
0.116245
0.102726
0.10559
0.114884
0.115467
0.110662
0.101531
0.10342
0.119954
0.109753
0.105567
0.107637
0.106015
0.100623
0.110546
0.104196
0.112093
0.10169
0.114229
0.109202
0.118156
0.108267
0.10416
0.105343
0.111191
0.114357
0.104037
0.105733
0.11416
0.106008
0.111512
0.111538
0.110614
0.120593
0.10639
0.10522
0.109757
0.117611
0.112782
0.108822
0.10786
0.106968
0.10527
0.114173
0.116324
0.110761
0.115489
0.104746
0.106938
0.106225
0.111124
0.104529
0.117476
0.107305
0.106429
0.111199
0.105173
0.11213
0.105101
0.107075
0.097827
0.111897
0.114416
0.114931
0.106907
0.110466
0.113535
0.104331
0.111714
0.113807
0.113759
0.109543
0.117501
0.110218
0.100461
0.105699
0.106601
0.111188
0.107905
0.102501
0.107116
0.105728
0.103266
0.101216
0.113023
0.10405
0.111072
0.109744
0.10853
0.108552
0.112531
0.112969
0.116423
0.10356
0.10483
0.106236
0.103054
0.108003
0.108104
0.111239
0.11031
0.10736
0.105364
0.108251
0.111048
0.106692
0.115812
0.10761
0.107674
0.116012
0.108571
0.102283
0.099962
0.108297
0.114526
0.110081
0.106152
0.111343
0.108527
0.108024
0.106129
0.106603
0.10513
0.114518
0.099656
0.107605
0.110737
0.107688
0.109531
0.107344
0.106795
0.109039
0.100354
0.108834
0.105446
0.1087
0.10495
0.103414
0.10824
0.113578
0.103718
0.108073
0.119306
0.113834
0.110667
0.109555
0.118147
0.116213
0.110396
0.103176
0.105175
0.09863
0.111385
0.10769
0.107822
0.109579
0.108793
0.10694
0.103961
0.108714
0.119424
0.109531
0.105132
0.10736
0.104271
0.113563
0.117025
0.107795
0.101993
0.105911
0.104042
0.107084
0.104303
0.118322
0.122514
0.110521
0.109602
0.11048
0.104538
0.111453
0.111299
0.110387
0.110811
0.114884
0.106347
0.112742
0.115343
0.103629
0.110436
0.108543
0.101417
0.110566
0.113271
0.111824
0.106479
0.112535
0.111153
0.113521
0.105247
0.106505
0.115578
0.104389
0.10528
0.109155
0.113305
0.10372
0.109963
0.114065
0.106304
0.115996
0.102162
0.110944
0.10465
0.110222
0.106316
0.106413
0.106767
0.102521
0.108513
0.105859
0.103102
0.11433
0.113099
0.102725
0.10427
0.121576
0.109164
0.099442
0.104145
0.106157
0.112802
0.106967
0.102592
0.104771
0.114608
0.109658
0.102957
0.111218
0.113121
0.103893
0.113324
0.112819
0.11467
0.120453
0.104358
0.110063
0.105626
0.106785
0.113783
0.105816
0.10983
0.114067
0.11094
0.109863
0.109645
0.109693
0.108628
0.107257
0.109619
0.114161
0.107223
0.099898
0.103067
0.121944
0.112901
0.110275
0.114381
0.108736
0.106066
0.103723
0.106189
0.104174
0.114704
0.104717
0.10749
0.109983
0.10856
0.10728
0.108191
0.10717
0.110298
0.10866
0.106487
0.112647
0.11602
0.104925
0.101645
0.109785
0.107972
0.11267
0.105599
0.113718
0.108692
0.115482
0.109734
0.118333
0.113538
0.114238
0.118362
0.109556
0.113122
0.106423
0.107304
0.109618
0.113665
0.111416
0.111293
0.116983
0.11503
0.111828
0.103745
0.115879
0.109524
0.111515
0.114564
0.110504
0.112164
0.116638
0.110073
0.110544
0.103949
0.113083
0.107218
0.105216
0.106197
0.109821
0.112519
0.111273
0.097722
0.109463
0.114664
0.103328
0.107032
0.113615
0.111062
0.111324
0.109266
0.10919
0.105766
0.12543
0.112442
0.105603
0.114204
0.112256
0.106261
0.111313
0.110819
0.114076
0.120877
0.116033
0.10895
0.106214
0.117996
0.103976
0.105375
0.107419
0.11444
0.111085
0.105936
0.102715
0.108559
0.109045
0.1081
0.106832
0.108648
0.116912
0.103269
0.104266
0.108311
0.108757
0.109274
0.110341
0.111505
0.1068
0.102032
0.104161
0.106807
0.111615
0.11288
0.109183
0.100708
0.104784
0.09696
0.10462
0.109072
0.108982
0.111222
0.105206
0.112164
0.112002
0.102482
0.110754
0.11088
0.099199
0.110096
0.108759
0.107572
0.111668
0.113695
0.107258
0.104007
0.114475
0.108757
0.11081
0.107505
0.108781
0.109019
0.106803
0.115667
0.105594
0.102703
0.112016
0.111544
0.10542
0.120671
0.124444
0.109849
0.11139
0.106581
0.114038
0.097056
0.120979
0.108112
0.100988
0.108476
0.098207
0.125111
0.112461
0.1025
0.109727
0.111385
0.110395
0.10073
0.110263
0.103728
0.110111
0.109135
0.106497
0.115352
0.106943
0.111863
0.112976
0.105637
0.116314
0.114444
0.11258
0.109624
0.12067
0.112625
0.104188
0.106959
0.107643
0.110208
0.117846
0.112787
0.109009
0.104977
0.112938
0.115111
0.103126
0.102065
0.113055
0.120323
0.108544
0.101498
0.104951
0.10318
0.111282
0.114772
0.107217
0.117295
0.108742
0.111069
0.114808
0.109476
0.103285
0.110908
0.114105
0.101565
0.11064
0.112014
0.10533
0.101597
0.112195
0.108137
0.109189
0.099231
0.113028
0.113913
0.108941
0.10862
0.104478
0.107083
0.099974
0.113269
0.114972
0.112987
0.106666
0.108078
0.106547
0.111983
0.107943
0.10681
0.10361
0.106502
0.104072
0.114535
0.110161
0.109854
0.108029
0.10608
0.120175
0.112696
0.106745
0.10727
0.106869
0.099221
0.106163
0.105034
0.106126
0.109289
0.10558
0.105052
0.112102
0.115071
0.109506
0.112561
0.107361
0.111211
0.114645
0.103284
0.105774
0.1066
0.111151
0.107868
0.109287
0.11086
0.107512
0.109392
0.105467
0.104721
0.111522
0.107928
0.108776
0.118485
0.112639
0.115966
0.108304
0.104764
0.108967
0.115379
0.103872
0.102985
0.112089
0.113168
0.108684
0.112739
0.111747
0.107554
0.10817
0.104225
0.11361
0.110789
0.109548
0.106629
0.105689
0.1076
0.103818
0.115633
0.112201
0.113706
0.108112
0.108807
0.099672
0.105911
0.106862
0.106785
0.104293
0.108408
0.110659
0.109519
0.107905
0.100431
0.107737
0.108232
0.112374
0.108397
0.10523
0.112486
0.110366
0.113109
0.10648
0.108772
0.108224
0.106089
0.11046
0.109698
0.120481
0.110565
0.110519
0.105348
0.105113
0.106959
0.115017
0.108776
0.108581
0.111334
0.109987
0.106179
0.115387
0.105923
0.104795
0.10415
0.109505
0.101626
0.111274
0.107099
0.115347
0.111005
0.110098
0.112512
0.109308
0.112812
0.104822
0.113048
0.104271
0.113741
0.109329
0.09863
0.109119
0.111044
0.117904
0.114693
0.118052
0.103696
0.107292
0.106596
0.113168
0.107493
0.099379
0.109627
0.100204
0.108568
0.106121
0.107861
0.106944
0.104348
0.112826
0.111646
0.103381
0.111224
0.114302
0.104421
0.106403
0.109326
0.115225
0.113629
0.107983
0.105208
0.110266
0.111474
0.106623
0.105324
0.110184
0.108246
0.110957
0.108749
0.099716
0.111837
0.109835
0.111781
0.100859
0.109468
0.117627
0.105442
0.109759
0.116251
0.106806
0.102858
0.108167
0.107449
0.10955
0.102571
0.106696
0.11509
0.102956
0.103466
0.112177
0.106445
0.107535
0.111721
0.111615
0.117933
0.108635
0.103447
0.117883
0.104616
0.106266
0.117243
0.107519
0.106642
0.10954
0.105482
0.103664
0.112716
0.106698
0.109596
0.114464
0.104344
0.116668
0.101712
0.106461
0.106315
0.106271
0.106389
0.10965
0.104273
0.115573
0.108001
0.109089
0.116021
0.110275
0.110357
0.105177
0.100305
0.101978
0.110704
0.104228
0.109103
0.109081
0.108939
0.119819
0.115681
0.112807
0.115643
0.108923
0.110109
0.103531
0.104124
0.111279
0.105023
0.116686
0.11576
0.10742
0.108131
0.111454
0.104524
0.113708
0.107302
0.109779
0.110344
0.110173
0.108957
0.10831
0.117063
0.111308
0.102664
0.112407
0.10015
0.105408
0.117735
0.108816
0.108238
0.102557
0.101643
0.108673
0.11238
0.103533
0.105422
0.10577
0.1074
0.109132
0.107223
0.110956
0.110621
0.107958
0.106884
0.107461
0.117785
0.113032
0.113085
0.104199
0.109817
0.113195
0.105773
0.107163
0.109009
0.109417
0.107831
0.112735
0.114151
0.108415
0.101721
0.105168
0.10865
0.106012
0.109931
0.112299
0.112624
0.107882
0.117277
0.111062
0.104392
0.109916
0.114654
0.123434
0.111804
0.106024
0.110436
0.09998
0.099014
0.11491
0.11086
0.103116
0.107918
0.105997
0.107976
0.107387
0.106531
0.110344
0.108976
0.112267
0.10667
0.110263
0.107103
0.110128
0.107104
0.113859
0.110491
0.109188
0.112518
0.100447
0.106339
0.109114
0.102802
0.104539
0.113048
0.111344
0.114753
0.111162
0.10743
0.111086
0.102622
0.105271
0.109896
0.111902
0.106675
0.101564
0.104716
0.103854
0.102316
0.109435
0.109966
0.103256
0.10167
0.113652
0.11173
0.108259
0.108673
0.108558
0.106559
0.111969
0.100605
0.116634
0.113216
0.111935
0.115443
0.107252
0.108547
0.107562
0.102145
0.113585
0.107304
0.111832
0.104687
0.103611
0.120522
0.105746
0.108494
0.105139
0.108402
0.110357
0.106734
0.108262
0.113774
0.112976
0.09481
0.110743
0.100785
0.103863
0.112676
0.108081
0.112819
0.106001
0.108815
0.105658
0.110131
0.107315
0.116738
0.113712
0.117752
0.110182
0.106565
0.105279
0.110059
0.104097
0.110459
0.109397
0.112786
0.104292
0.109193
0.104217
0.111319
0.112877
0.109392
0.110186
0.110248
0.110212
0.102094
0.115625
0.116765
0.107585
0.11039
0.111912
0.106413
0.104356
0.109651
0.112336
0.10594
0.108888
0.106606
0.108049
0.112208
0.106802
0.109073
0.111822
0.111252
0.108525
0.111224
0.098236
0.109988
0.109462
0.109736
0.110995
0.108394
0.106765
0.115482
0.105279
0.108605
0.112372
0.114018
0.11394
0.11728
0.110028
0.104135
0.104756
0.104965
0.112651
0.105525
0.107626
0.108061
0.109783
0.114242
0.110715
0.111574
0.109345
0.115735
0.107979
0.099342
0.114733
0.107317
0.107192
0.099158
0.099638
0.106748
0.105595
0.116559
0.114555
0.097967
0.105689
0.111626
0.110322
0.104373
0.110241
0.103591
0.100317
0.117404
0.115222
0.096165
0.105126
0.098564
0.106686
0.099094
0.106566
0.111368
0.111321
0.114482
0.108437
0.10298
0.105785
0.111923
0.108831
0.105735
0.110931
0.109073
0.106918
0.107091
0.107252
0.116185
0.114494
0.109174
0.110662
0.104772
0.113768
0.116226
0.107286
0.118785
0.1159
0.108278
0.109252
0.112801
0.109913
0.104338
0.105564
0.112238
0.112968
0.111726
0.108502
0.105003
0.109156
0.107299
0.105227
0.110137
0.107773
0.106499
0.107226
0.107289
0.110089
0.095384
0.10095
0.11439
0.10825
0.10261
0.107254
0.110325
0.108011
0.11093
0.1095
0.105975
0.12439
0.109798
0.114071
0.107924
0.105837
0.102991
0.098174
0.109383
0.112931
0.110903
0.108207
0.104212
0.117952
0.111772
0.104837
0.117003
0.106378
0.111367
0.111155
0.117236
0.105641
0.107018
0.113977
0.114304
0.105842
0.108199
0.107043
0.101524
0.113488
0.108215
0.111777
0.105053
0.1119
0.107309
0.105699
0.10477
0.106162
0.107056
0.11458
0.108135
0.110387
0.110427
0.106246
0.109543
0.106448
0.111772
0.104949
0.106243
0.106016
0.108064
0.103026
0.119529
0.105326
0.111408
0.11215
0.112624
0.114992
0.106697
0.106005
0.110017
0.104715
0.110017
0.108652
0.115259
0.11101
0.109145
0.101979
0.107649
0.107524
0.114744
0.107407
0.10262
0.109498
0.106382
0.106906
0.102941
0.106849
0.117102
0.111446
0.105897
0.11119
0.10953
0.110003
0.109313
0.106609
0.112768
0.101878
0.1035
0.114366
0.108581
0.113883
0.107181
0.109565
0.108471
0.111771
0.107111
0.114155
0.112503
0.112828
0.11201
0.106168
0.103315
0.108825
0.105398
0.115619
0.104125
0.109723
0.111609
0.114174
0.106105
0.112224
0.111395
0.112627
0.113806
0.110554
0.112047
0.112814
0.10692
0.105378
0.114392
0.107694
0.110913
0.11418
0.106645
0.10466
0.110157
0.108432
0.10277
0.115138
0.103257
0.10775
0.114936
0.102713
0.101791
0.108267
0.10379
0.107543
0.104637
0.1085
0.108395
0.107089
0.109586
0.109579
0.103062
0.110963
0.106547
0.107554
0.111043
0.108999
0.106569
0.105244
0.104879
0.106563
0.109928
0.114797
0.108718
0.106288
0.11269
0.108885
0.10315
0.106845
0.110659
0.110873
0.111118
0.115334
0.110048
0.111796
0.115907
0.107714
0.101792
0.111252
0.103476
0.105438
0.101947
0.111291
0.108545
0.111079
0.114988
0.105488
0.107709
0.106241
0.105366
0.105555
0.109312
0.101887
0.11151
0.112873
0.108345
0.101288
0.11589
0.107782
0.113529
0.104359
0.102034
0.112311
0.111348
0.108403
0.115016
0.10964
0.107384
0.113766
0.105352
0.108301
0.12074
0.1093
0.110739
0.112797
0.11052
0.1125
0.106591
0.10918
0.112947
0.108908
0.108973
0.115962
0.106994
0.103888
0.104678
0.109039
0.105399
0.115376
0.109826
0.104275
0.100002
0.103187
0.108041
0.107976
0.109477
0.114778
0.110394
0.10213
0.103159
0.109117
0.109255
0.104844
0.09842
0.105633
0.109656
0.099982
0.10613
0.106906
0.11223
0.109974
0.118667
0.103415
0.113031
0.113073
0.101853
0.113823
0.104027
0.114317
0.112037
0.105725
0.106703
0.107524
0.106045
0.105372
0.113091
0.112
0.108994
0.110352
0.112963
0.110201
0.101282
0.1046
0.108929
0.108637
0.114402
0.10774
0.109531
0.121523
0.110326
0.112888
0.105902
0.10862
0.102964
0.105422
0.114748
0.11262
0.106982
0.108453
0.114973
0.110175
0.109031
0.111355
0.107839
0.105407
0.114642
0.10763
0.113528
0.116667
0.11331
0.10197
0.104717
0.107943
0.113384
0.109341
0.108151
0.111829
0.113426
0.100847
0.107644
0.103454
0.113596
0.103875
0.105208
0.109154
0.107703
0.107424
0.10745
0.111298
0.110927
0.107054
0.111936
0.106991
0.109146
0.106562
0.107028
0.109167
0.110575
0.107179
0.105433
0.108416
0.104545
0.102159
0.109726
0.110804
0.116259
0.106672
0.107974
0.107448
0.107333
0.109975
0.105908
0.107186
0.107836
0.110777
0.110191
0.109338
0.110785
0.112428
0.109725
0.10438
0.109365
0.105877
0.105151
0.102992
0.109027
0.110151
0.10494
0.108927
0.110271
0.107088
0.1045
0.112718
0.114082
0.104751
0.116625
0.108484
0.114014
0.112798
0.104857
0.112075
0.110804
0.120649
0.112192
0.110217
0.106075
0.114879
0.111192
0.105718
0.10427
0.108978
0.108535
0.108933
0.10209
0.109943
0.108474
0.112932
0.116737
0.105531
0.111382
0.109207
0.102139
0.112061
0.106624
0.113277
0.117647
0.112584
0.107306
0.114739
0.105326
0.111535
0.111948
0.108154
0.11127
0.114373
0.115792
0.106001
0.107365
0.115648
0.115617
0.108703
0.101801
0.110102
0.116892
0.104653
0.117895
0.10791
0.107826
0.107328
0.11169
0.113732
0.105772
0.109267
0.106124
0.103605
0.105359
0.108272
0.112803
0.111253
0.105058
0.105251
0.103374
0.103347
0.112887
0.110645
0.113099
0.103658
0.119641
0.114516
0.106897
0.110161
0.108946
0.107485
0.114015
0.1067
0.106035
0.104868
0.107381
0.109033
0.108532
0.119207
0.108044
0.099488
0.113612
0.110297
0.10799
0.109997
0.113336
0.101689
0.112958
0.112213
0.10974
0.108253
0.112758
0.109573
0.109951
0.10738
0.109057
0.110219
0.106701
0.111607
0.112719
0.11317
0.10082
0.117229
0.113933
0.107564
0.112426
0.111053
0.10725
0.105777
0.102948
0.104408
0.108595
0.11017
0.105545
0.10717
0.115215
0.103466
0.107832
0.11035
0.111242
0.105631
0.111303
0.102737
0.10974
0.108177
0.102843
0.113677
0.1074
0.106492
0.11417
0.10947
0.107169
0.097059
0.099073
0.112749
0.108576
0.113077
0.108741
0.107241
0.107846
0.107795
0.11119
0.111566
0.107291
0.111895
0.100001
0.102283
0.113724
0.11353
0.118468
0.108623
0.112177
0.102786
0.106526
0.119714
0.116364
0.111538
0.109654
0.105491
0.106366
0.10873
0.113336
0.107667
0.111234
0.10567
0.10737
0.116598
0.113782
0.105806
0.108412
0.113571
0.108185
0.107994
0.111228
0.105662
0.117333
0.109025
0.109221
0.10294
0.110021
0.10338
0.105078
0.109607
0.105969
0.112115
0.110265
0.107637
0.113059
0.10391
0.107739
0.108764
0.104553
0.108527
0.106312
0.109431
0.109485
0.104434
0.104815
0.102833
0.116172
0.107482
0.112216
0.100011
0.115073
0.113031
0.117238
0.101276
0.11069
0.113855
0.108874
0.104691
0.107628
0.113708
0.106731
0.112173
0.101805
0.109711
0.109272
0.117635
0.113501
0.109417
0.109464
0.115052
0.10858
0.109928
0.108555
0.110848
0.112023
0.103971
0.110086
0.105502
0.109182
0.109557
0.110698
0.101009
0.114193
0.104089
0.113086
0.11556
0.109777
0.10349
0.109687
0.107803
0.110706
0.110231
0.103085
0.10421
0.11205
0.107402
0.116252
0.112475
0.106514
0.108919
0.104774
0.110734
0.110145
0.103184
0.102894
0.105929
0.105407
0.10723
0.110902
0.106874
0.104998
0.10866
0.106381
0.104483
0.112005
0.104346
0.106892
0.110418
0.106676
0.113897
0.10217
0.113352
0.110934
0.108695
0.109559
0.11122
0.103127
0.104871
0.110695
0.108982
0.106922
0.109158
0.108279
0.112979
0.110279
0.103248
0.109366
0.105252
0.117529
0.123875
0.109158
0.111314
0.109453
0.109611
0.112629
0.111174
0.108134
0.105901
0.111639
0.107104
0.115215
0.114058
0.106237
0.117134
0.104986
0.108312
0.114206
0.097853
0.10711
0.129621
0.117495
0.110834
0.108123
0.10547
0.11084
0.114106
0.107473
0.11708
0.116075
0.109629
0.112585
0.107538
0.104482
0.110072
0.110851
0.114484
0.114823
0.109929
0.113952
0.106405
0.108878
0.106184
0.112184
0.109003
0.103333
0.106112
0.111089
0.1119
0.100885
0.116318
0.106119
0.111374
0.106574
0.11257
0.110365
0.102666
0.107823
0.110322
0.110922
0.102667
0.109332
0.102636
0.103273
0.103632
0.10705
0.105035
0.102327
0.109147
0.100676
0.104461
0.099836
0.117712
0.110466
0.106488
0.104075
0.106044
0.107712
0.11378
0.10885
0.103321
0.111241
0.109355
0.113441
0.11138
0.111477
0.105562
0.110498
0.110826
0.104252
0.102222
0.101813
0.099101
0.107572
0.117314
0.112684
0.112199
0.110937
0.105557
0.111197
0.106275
0.103334
0.11114
0.111575
0.107365
0.109093
0.108463
0.106888
0.110248
0.1073
0.109248
0.105409
0.106062
0.117882
0.110433
0.109061
0.106372
0.105895
0.111583
0.107697
0.107048
0.110534
0.107125
0.110421
0.108209
0.115942
0.106921
0.107594
0.113989
0.10725
0.103672
0.114012
0.10907
0.104046
0.109596
0.108033
0.106629
0.107013
0.117081
0.106206
0.112422
0.104678
0.101585
0.100487
0.106737
0.111553
0.109001
0.10288
0.107262
0.108387
0.110926
0.113913
0.103223
0.105467
0.106793
0.110431
0.112866
0.103177
0.105175
0.103973
0.112178
0.10962
0.100786
0.111704
0.106453
0.110643
0.110003
0.110214
0.105942
0.113782
0.106377
0.112598
0.104524
0.107853
0.10406
0.110852
0.105178
0.106397
0.113418
0.113682
0.111327
0.105036
0.114316
0.108247
0.106158
0.108302
0.107356
0.105789
0.107544
0.115267
0.11218
0.100994
0.106332
0.116107
0.112421
0.107394
0.108159
0.115804
0.10269
0.106191
0.10774
0.104445
0.104054
0.109787
0.112405
0.106602
0.108295
0.114137
0.108454
0.109713
0.114439
0.109645
0.102642
0.115207
0.108371
0.111337
0.106213
0.107895
0.108119
0.111034
0.11165
0.105959
0.104276
0.11198
0.10317
0.108698
0.109698
0.100836
0.106457
0.11216
0.110229
0.11144
0.106229
0.112552
0.108897
0.101006
0.111144
0.110953
0.112765
0.105994
0.10554
0.108262
0.106587
0.109914
0.101922
0.111759
0.106093
0.110785
0.108227
0.112527
0.104512
0.115221
0.108275
0.115224
0.106121
0.10325
0.104866
0.113115
0.111269
0.09968
0.110542
0.107614
0.107309
0.108067
0.107046
0.102729
0.107605
0.103216
0.110331
0.11057
0.102913
0.11165
0.10928
0.111833
0.105572
0.107637
0.109578
0.110851
0.109609
0.110171
0.103317
0.110193
0.104578
0.109418
0.107525
0.106675
0.11314
0.102493
0.110147
0.111641
0.105004
0.107749
0.111619
0.105331
0.102737
0.106103
0.112167
0.106614
0.111116
0.111337
0.112114
0.11446
0.108086
0.10671
0.108593
0.110839
0.105116
0.105997
0.104214
0.115215
0.108434
0.108072
0.097389
0.104565
0.102751
0.103963
0.110132
0.109403
0.113583
0.112008
0.103845
0.113566
0.114262
0.10394
0.107226
0.110055
0.114355
0.111504
0.111921
0.109601
0.112085
0.112497
0.111085
0.103894
0.109092
0.107597
0.1054
0.112766
0.106402
0.109724
0.099159
0.109223
0.110205
0.113187
0.108536
0.111937
0.108048
0.10712
0.110545
0.108604
0.103924
0.115838
0.105973
0.101709
0.104136
0.107901
0.104288
0.110786
0.112609
0.109104
0.108526
0.101206
0.11443
0.11361
0.123541
0.10403
0.104014
0.110881
0.10598
0.106488
0.104788
0.109499
0.109332
0.114442
0.106229
0.108552
0.10422
0.109369
0.109489
0.110722
0.108477
0.113561
0.110202
0.114146
0.113082
0.112397
0.111551
0.110469
0.112427
0.118102
0.104643
0.110127
0.105297
0.101544
0.108235
0.114344
0.109443
0.108882
0.111094
0.112129
0.111003
0.109253
0.106666
0.104842
0.112606
0.111985
0.10897
0.107259
0.110869
0.100799
0.109033
0.097929
0.101136
0.113343
0.105678
0.115004
0.107732
0.109398
0.115881
0.107548
0.101476
0.110646
0.107121
0.111663
0.109924
0.109522
0.108253
0.109742
0.10923
0.104651
0.104347
0.107745
0.112793
0.107699
0.105724
0.106225
0.109317
0.100131
0.110954
0.106202
0.106485
0.107187
0.107672
0.097116
0.108502
0.110828
0.103193
0.106221
0.10787
0.106619
0.105939
0.110203
0.100956
0.107384
0.104846
0.103068
0.109379
0.114146
0.119454
0.107532
0.10656
0.113663
0.116285
0.114829
0.107098
0.106113
0.113825
0.105038
0.116167
0.101681
0.10522
0.112036
0.104277
0.10147
0.108931
0.110563
0.106963
0.106938
0.114068
0.102109
0.109277
0.114341
0.110759
0.108935
0.109623
0.100356
0.103904
0.113344
0.11197
0.111058
0.110134
0.111996
0.105808
0.109942
0.113487
0.109725
0.109602
0.115664
0.107954
0.109998
0.112127
0.105345
0.105871
0.11857
0.107273
0.0999
0.107961
0.107215
0.105596
0.111658
0.108012
0.104865
0.112014
0.10879
0.110502
0.107693
0.111132
0.109415
0.109115
0.108101
0.11298
0.111833
0.10212
0.100494
0.104914
0.108017
0.109738
0.109058
0.104144
0.118534
0.107678
0.111983
0.111739
0.110579
0.106377
0.107215
0.116079
0.106001
0.107387
0.111274
0.104091
0.1086
0.113614
0.102488
0.107024
0.101037
0.115663
0.109844
0.10578
0.098271
0.103967
0.102761
0.104035
0.112963
0.102527
0.105909
0.110765
0.106733
0.109906
0.110426
0.108691
0.109178
0.11812
0.101667
0.119963
0.100521
0.102885
0.111907
0.11069
0.115617
0.107252
0.108829
0.104008
0.112634
0.106249
0.109959
0.105575
0.111232
0.108799
0.107715
0.108763
0.113282
0.106955
0.10793
0.109992
0.110212
0.102977
0.107178
0.099253
0.102086
0.10511
0.102498
0.107638
0.111164
0.102464
0.105528
0.105505
0.115731
0.108071
0.102589
0.106732
0.103747
0.115668
0.107798
0.102106
0.110534
0.109648
0.103306
0.106587
0.108525
0.103465
0.100815
0.108162
0.103785
0.107744
0.108499
0.110642
0.106896
0.109477
0.116932
0.106564
0.11931
0.10526
0.111301
0.10468
0.11379
0.10637
0.106071
0.108995
0.109523
0.104742
0.105113
0.118204
0.109398
0.111234
0.104502
0.114598
0.10583
0.106324
0.109255
0.10755
0.108122
0.11498
0.103944
0.104078
0.111147
0.104951
0.107456
0.103741
0.102153
0.105063
0.109543
0.105704
0.113359
0.104326
0.109566
0.105064
0.109289
0.111225
0.109798
0.109408
0.109513
0.103689
0.114361
0.107082
0.109951
0.100799
0.109881
0.114146
0.110631
0.104841
0.110765
0.105746
0.108349
0.109034
0.108235
0.108355
0.113546
0.116637
0.111974
0.105734
0.099447
0.112026
0.103586
0.107618
0.11663
0.106439
0.112629
0.108902
0.10769
0.105137
0.10734
0.107703
0.108057
0.113919
0.107647
0.112733
0.106437
0.107073
0.107079
0.110906
0.113682
0.105686
0.108458
0.109431
0.104756
0.105581
0.107188
0.116146
0.106315
0.111326
0.106638
0.108609
0.110485
0.103501
0.109614
0.111515
0.10566
0.105347
0.114172
0.11225
0.10294
0.107422
0.113055
0.115668
0.111838
0.11797
0.108151
0.114337
0.105794
0.109599
0.103376
0.107102
0.109093
0.111251
0.10732
0.111674
0.105594
0.108129
0.108778
0.106792
0.107022
0.109907
0.1147
0.102087
0.101477
0.105689
0.115557
0.110106
0.101377
0.119139
0.109122
0.10902
0.111991
0.113662
0.107611
0.106575
0.107161
0.105515
0.108815
0.111001
0.110316
0.107156
0.101815
0.110483
0.107299
0.106814
0.108833
0.108373
0.111146
0.110028
0.10989
0.106633
0.108377
0.108324
0.108664
0.109126
0.114796
0.113876
0.110174
0.10356
0.10507
0.108186
0.106463
0.106537
0.101585
0.114338
0.111236
0.108805
0.103156
0.109899
0.101964
0.105249
0.113772
0.112968
0.103784
0.107476
0.108258
0.103771
0.107143
0.104236
0.11025
0.104141
0.106262
0.100506
0.104179
0.110391
0.111711
0.107431
0.107498
0.106165
0.109006
0.113947
0.110202
0.112269
0.1072
0.117866
0.105894
0.104759
0.113973
0.107932
0.112558
0.109417
0.104989
0.109172
0.104384
0.109194
0.108267
0.111106
0.106099
0.107422
0.106971
0.104576
0.109171
0.110166
0.10952
0.107185
0.106574
0.102446
0.112898
0.113529
0.114282
0.112097
0.110963
0.10444
0.109662
0.10783
0.111206
0.111844
0.110047
0.103165
0.111424
0.112042
0.110759
0.104691
0.108254
0.109812
0.108855
0.112825
0.116602
0.107154
0.096361
0.110438
0.114057
0.115921
0.107893
0.106773
0.10986
0.103611
0.108945
0.103466
0.106298
0.104017
0.107147
0.100539
0.11135
0.10818
0.109356
0.108927
0.108828
0.112218
0.119324
0.105701
0.107699
0.104413
0.111882
0.10515
0.110544
0.10712
0.107156
0.102444
0.108872
0.105827
0.109444
0.109688
0.107878
0.108057
0.107895
0.111572
0.108368
0.111813
0.103323
0.110787
0.102639
0.105632
0.108174
0.110602
0.103355
0.11581
0.111663
0.098493
0.110507
0.105514
0.11393
0.107049
0.114022
0.109369
0.109006
0.11001
0.111367
0.108527
0.104977
0.103104
0.109223
0.116885
0.113247
0.102245
0.111875
0.107619
0.11498
0.109466
0.11259
0.102003
0.110906
0.10811
0.111183
0.109901
0.104732
0.108019
0.109318
0.110212
0.108097
0.111198
0.107367
0.105047
0.109112
0.113758
0.107145
0.113867
0.104957
0.110351
0.112119
0.10274
0.109312
0.113433
0.108479
0.106229
0.111689
0.114485
0.104279
0.10684
0.102017
0.109814
0.11351
0.104315
0.107615
0.103633
0.10224
0.105614
0.106483
0.105469
0.112072
0.109087
0.107094
0.10852
0.108685
0.115333
0.108926
0.112797
0.114901
0.108198
0.10614
0.106826
0.108242
0.11047
0.108283
0.106263
0.100478
0.111171
0.112771
0.102727
0.108106
0.101571
0.110797
0.105361
0.108027
0.10419
0.10443
0.112607
0.105382
0.109046
0.108027
0.110658
0.107987
0.107125
0.111116
0.114728
0.115361
0.102114
0.111437
0.109927
0.112302
0.115605
0.10405
0.104362
0.108272
0.110978
0.107248
0.105353
0.11327
0.105278
0.110882
0.11967
0.110274
0.107985
0.107993
0.108353
0.112378
0.118036
0.101353
0.112563
0.11077
0.108691
0.110355
0.104892
0.114022
0.109905
0.105034
0.106344
0.109269
0.108027
0.106924
0.116553
0.107637
0.107458
0.107983
0.108845
0.110314
0.104969
0.105663
0.104939
0.110044
0.103152
0.105727
0.115047
0.108164
0.105051
0.111708
0.112778
0.109992
0.102677
0.105099
0.112936
0.110553
0.107889
0.105893
0.110776
0.107556
0.108196
0.10558
0.106041
0.108291
0.110537
0.107427
0.105897
0.107585
0.105841
0.107086
0.117819
0.104841
0.106169
0.106733
0.108076
0.105518
0.106298
0.109348
0.114106
0.108086
0.107055
0.101145
0.106327
0.10749
0.106192
0.111473
0.111948
0.109165
0.11208
0.107711
0.094365
0.107966
0.106834
0.112126
0.109227
0.110831
0.110053
0.105859
0.109461
0.10273
0.111414
0.109804
0.110647
0.106028
0.103963
0.10869
0.112029
0.11084
0.104479
0.112202
0.116292
0.108262
0.106744
0.10683
0.115866
0.104424
0.106195
0.111822
0.103036
0.108415
0.099302
0.111374
0.106831
0.107347
0.110259
0.111058
0.113339
0.110574
0.108585
0.109852
0.102534
0.112472
0.105715
0.104385
0.111282
0.108177
0.103871
0.106283
0.110873
0.112486
0.104549
0.101443
0.106607
0.105507
0.110099
0.103996
0.108314
0.115549
0.111008
0.109882
0.097335
0.117173
0.107514
0.100518
0.106014
0.112177
0.115826
0.1119
0.109035
0.110793
0.110268
0.11284
0.106165
0.107806
0.103153
0.112785
0.103465
0.109199
0.111216
0.110136
0.109965
0.106702
0.113438
0.114244
0.107189
0.10757
0.107539
0.108956
0.113517
0.106398
0.11054
0.120564
0.112525
0.104721
0.107337
0.109473
0.102469
0.100646
0.108459
0.106469
0.108794
0.103003
0.121876
0.108109
0.114185
0.108227
0.105801
0.104877
0.102349
0.107774
0.111471
0.104225
0.112254
0.105013
0.117103
0.104415
0.107953
0.105753
0.111444
0.10813
0.105875
0.110632
0.109533
0.108468
0.104302
0.107099
0.114442
0.104538
0.104927
0.102504
0.116714
0.09962
0.105531
0.114452
0.10836
0.111188
0.104358
0.118511
0.109411
0.113538
0.103613
0.105435
0.10708
0.102455
0.114276
0.110764
0.114199
0.109022
0.110381
0.106167
0.106847
0.110808
0.109786
0.105769
0.104244
0.104643
0.103416
0.106893
0.11282
0.112514
0.107089
0.111491
0.108713
0.105481
0.102154
0.10215
0.101833
0.106489
0.114125
0.111939
0.108791
0.108035
0.10998
0.107802
0.103734
0.115666
0.109166
0.109823
0.114206
0.104841
0.108231
0.108403
0.107985
0.112596
0.10552
0.112319
0.10887
0.11474
0.101244
0.103014
0.101255
0.107137
0.109659
0.110976
0.101626
0.103513
0.104972
0.105656
0.10071
0.108064
0.111951
0.105167
0.11037
0.108615
0.109397
0.116786
0.113315
0.107565
0.110138
0.107464
0.109258
0.104576
0.108287
0.106559
0.102615
0.110669
0.106404
0.108495
0.111398
0.103541
0.1114
0.109843
0.111299
0.109341
0.109945
0.107873
0.113007
0.107515
0.107026
0.111671
0.107398
0.105282
0.10825
0.10652
0.112951
0.101543
0.108064
0.108416
0.107121
0.107182
0.106593
0.10845
0.102534
0.107697
0.109905
0.111889
0.110671
0.110193
0.107992
0.109976
0.105579
0.110752
0.110025
0.111641
0.111359
0.111038
0.107328
0.110583
0.109051
0.107379
0.104688
0.108781
0.115475
0.104881
0.104481
0.106458
0.117078
0.109925
0.108668
0.108012
0.107473
0.115983
0.114038
0.107086
0.110262
0.109316
0.107292
0.108674
0.106874
0.111738
0.104563
0.116439
0.102063
0.107076
0.107818
0.112512
0.109878
0.107359
0.10981
0.104491
0.107494
0.099199
0.110028
0.10496
0.107254
0.11191
0.108753
0.110955
0.102875
0.103494
0.108625
0.106239
0.107828
0.112628
0.110581
0.101764
0.106352
0.108623
0.110652
0.109775
0.106285
0.110087
0.109637
0.104996
0.113152
0.107067
0.101451
0.111754
0.113736
0.10547
0.103056
0.109523
0.110999
0.108134
0.105698
0.1105
0.111697
0.110799
0.108259
0.108167
0.103887
0.105965
0.10983
0.109974
0.110455
0.11403
0.11427
0.107667
0.103669
0.111738
0.10616
0.110914
0.106382
0.112349
0.105157
0.111145
0.110469
0.106944
0.102882
0.106294
0.110425
0.115894
0.11233
0.111307
0.106976
0.108469
0.111554
0.112566
0.107219
0.103189
0.105479
0.104444
0.102691
0.109952
0.101675
0.099462
0.109353
0.110687
0.107858
0.109339
0.104394
0.110452
0.112579
0.105946
0.109084
0.106737
0.108019
0.104977
0.107875
0.108488
0.105524
0.107798
0.10819
0.105957
0.115263
0.110383
0.107026
0.115336
0.113719
0.109873
0.110472
0.107825
0.110717
0.11081
0.110301
0.103344
0.114723
0.108106
0.108349
0.108102
0.10442
0.114701
0.107824
0.109594
0.108149
0.103407
0.114963
0.106683
0.110996
0.111513
0.106091
0.10432
0.107631
0.109633
0.110859
0.110628
0.113122
0.105199
0.105332
0.111768
0.111549
0.110245
0.105451
0.100375
0.110929
0.109259
0.107623
0.110739
0.103541
0.113396
0.106115
0.107445
0.110007
0.104946
0.107793
0.106707
0.112023
0.106869
0.101649
0.101974
0.111044
0.105682
0.101768
0.106114
0.099387
0.114508
0.10799
0.103956
0.104818
0.109585
0.116502
0.10821
0.107044
0.107628
0.110813
0.105123
0.109035
0.10883
0.109314
0.10402
0.11115
0.105125
0.111865
0.104173
0.111178
0.103697
0.106443
0.111817
0.108015
0.110669
0.107244
0.108755
0.105354
0.110242
0.110486
0.109426
0.105123
0.102332
0.112
0.104131
0.111945
0.10691
0.104133
0.112147
0.111984
0.11023
0.105716
0.110272
0.109159
0.106129
0.106627
0.116405
0.109769
0.112091
0.116223
0.102216
0.109435
0.104585
0.109647
0.116376
0.111137
0.110687
0.104401
0.108413
0.112041
0.115642
0.113827
0.11424
0.113964
0.109967
0.111092
0.108985
0.107394
0.106233
0.111936
0.113011
0.106635
0.109463
0.110622
0.110589
0.11173
0.107353
0.109884
0.106893
0.1072
0.108174
0.114544
0.108437
0.106286
0.101342
0.101457
0.105661
0.107946
0.103431
0.109098
0.111486
0.10792
0.104672
0.110831
0.109781
0.110017
0.106784
0.110673
0.119287
0.108819
0.10654
0.108198
0.106518
0.111581
0.108278
0.106096
0.106743
0.109382
0.105271
0.105316
0.105909
0.114467
0.113407
0.106175
0.10735
0.107664
0.10741
0.107466
0.105746
0.10385
0.111256
0.111945
0.108148
0.109352
0.108292
0.112057
0.106209
0.106619
0.109024
0.106244
0.11015
0.108568
0.109589
0.109235
0.111747
0.106496
0.102133
0.112672
0.104777
0.106455
0.109689
0.106022
0.10895
0.104815
0.108338
0.107027
0.106047
0.106506
0.110963
0.10999
0.110204
0.106574
0.109319
0.105959
0.100077
0.109165
0.101834
0.112801
0.10443
0.112338
0.105465
0.103647
0.123433
0.107626
0.110317
0.101842
0.10723
0.10416
0.108032
0.112274
0.104291
0.112381
0.104291
0.105828
0.106217
0.114674
0.103874
0.109714
0.107865
0.111136
0.107866
0.107464
0.106543
0.104354
0.117
0.103268
0.107052
0.112938
0.100652
0.109555
0.104879
0.110462
0.108951
0.105331
0.111964
0.109709
0.107915
0.105907
0.106136
0.109241
0.112197
0.104751
0.10169
0.111239
0.104244
0.111458
0.106616
0.111824
0.10569
0.10976
0.11631
0.110156
0.108919
0.110569
0.108912
0.112885
0.106544
0.109182
0.107697
0.103918
0.114753
0.112016
0.107301
0.106999
0.110911
0.103161
0.106977
0.114595
0.103615
0.108051
0.111325
0.108302
0.106791
0.104732
0.10626
0.105883
0.109108
0.107251
0.099471
0.107459
0.111205
0.107205
0.108001
0.107732
0.110894
0.107313
0.10419
0.107618
0.104828
0.108359
0.111371
0.115893
0.109043
0.108003
0.104885
0.106702
0.104466
0.110317
0.110015
0.108122
0.110129
0.108251
0.1102
0.109026
0.108232
0.105103
0.117772
0.105803
0.103552
0.108599
0.104663
0.10759
0.109996
0.105724
0.100284
0.109347
0.109805
0.113326
0.105737
0.106552
0.109038
0.106007
0.107579
0.111089
0.106673
0.102312
0.111977
0.110742
0.104479
0.106877
0.106301
0.108223
0.100286
0.106556
0.108162
0.104299
0.106202
0.107831
0.107797
0.104795
0.10263
0.110136
0.105234
0.11298
0.109196
0.107999
0.106935
0.105502
0.112616
0.11183
0.106724
0.10845
0.104153
0.115602
0.109569
0.109999
0.107963
0.109057
0.108862
0.114231
0.104545
0.106694
0.114836
0.110462
0.10965
0.108829
0.106772
0.109056
0.100556
0.110364
0.108194
0.105004
0.115008
0.107314
0.100331
0.109765
0.1044
0.109795
0.111755
0.10685
0.112152
0.107152
0.11283
0.111024
0.111254
0.112579
0.103364
0.107465
0.108865
0.111314
0.105138
0.10687
0.105642
0.108605
0.106319
0.105441
0.106899
0.109785
0.110414
0.111262
0.107332
0.104905
0.116468
0.114702
0.112118
0.104553
0.108651
0.107054
0.105711
0.104966
0.110125
0.107057
0.102325
0.107152
0.103846
0.114881
0.105042
0.112428
0.112429
0.110605
0.11357
0.107158
0.106351
0.108467
0.111453
0.10917
0.108869
0.103509
0.112725
0.107628
0.105921
0.110028
0.105888
0.108438
0.111145
0.110547
0.104436
0.104752
0.109852
0.105563
0.108234
0.116056
0.113644
0.111395
0.108239
0.106018
0.110893
0.107093
0.106598
0.11052
0.11089
0.107788
0.114956
0.111839
0.117732
0.104034
0.108544
0.109004
0.107676
0.115364
0.107972
0.104208
0.101096
0.102772
0.107943
0.108263
0.110822
0.112427
0.1113
0.103238
0.111668
0.10914
0.107925
0.107994
0.111033
0.112004
0.104814
0.110365
0.109665
0.111138
0.106496
0.112483
0.111554
0.103503
0.113953
0.10133
0.108638
0.104483
0.111167
0.118765
0.110979
0.107865
0.105751
0.112577
0.107327
0.10825
0.113027
0.10908
0.106535
0.108991
0.102456
0.108613
0.101784
0.107161
0.110103
0.108678
0.110187
0.105055
0.109671
0.107221
0.10495
0.108587
0.106598
0.11216
0.111785
0.105115
0.106102
0.11104
0.109919
0.107803
0.11051
0.102126
0.107068
0.106405
0.10781
0.103048
0.117049
0.109752
0.1095
0.109586
0.106681
0.105288
0.109872
0.095128
0.108659
0.107401
0.105979
0.10822
0.107218
0.103902
0.109177
0.105617
0.104636
0.108827
0.114687
0.110392
0.107335
0.122117
0.110322
0.112508
0.106168
0.105814
0.110133
0.1057
0.112663
0.101776
0.112252
0.110908
0.108553
0.102018
0.112709
0.10277
0.107461
0.102844
0.108876
0.105044
0.108
0.112058
0.111645
0.106668
0.111612
0.108529
0.111232
0.107143
0.108046
0.104005
0.108417
0.099875
0.10757
0.102812
0.104542
0.104073
0.109609
0.111205
0.10774
0.114937
0.106228
0.107315
0.104001
0.10398
0.109532
0.109712
0.109916
0.104168
0.110341
0.111037
0.113205
0.113283
0.108775
0.105574
0.109921
0.107399
0.106232
0.107198
0.107258
0.106132
0.104489
0.111565
0.102128
0.108114
0.105285
0.109851
0.105305
0.111372
0.109222
0.109954
0.107027
0.106555
0.110173
0.109824
0.105125
0.110337
0.109276
0.11088
0.107249
0.108582
0.103876
0.107172
0.107783
0.10772
0.107713
0.102921
0.107029
0.103527
0.110326
0.112071
0.107941
0.10487
0.109119
0.111525
0.115891
0.113629
0.108616
0.102901
0.11071
0.109136
0.107107
0.105641
0.108009
0.107128
0.10615
0.11223
0.104786
0.109999
0.117728
0.10544
0.10703
0.10519
0.108384
0.099656
0.10349
0.104321
0.113716
0.108201
0.110091
0.10846
0.099819
0.109901
0.108305
0.106825
0.108273
0.107
0.108808
0.115512
0.106962
0.099471
0.110012
0.108885
0.107621
0.104039
0.108052
0.109165
0.103171
0.109487
0.107005
0.110022
0.112035
0.10367
0.10906
0.108448
0.108118
0.111059
0.110041
0.103069
0.109306
0.106205
0.103955
0.10636
0.113315
0.106069
0.106883
0.109075
0.106701
0.108291
0.10678
0.109947
0.105029
0.112703
0.108938
0.105622
0.108861
0.101419
0.113519
0.106618
0.110393
0.106636
0.108942
0.106601
0.113951
0.111478
0.105784
0.103386
0.104115
0.110657
0.1095
0.11177
0.103726
0.111828
0.104903
0.110179
0.106472
0.106513
0.108891
0.106135
0.106132
0.109004
0.106594
0.107845
0.100649
0.1047
0.106359
0.112295
0.110377
0.105367
0.109129
0.110359
0.112807
0.106437
0.107851
0.10531
0.113564
0.104757
0.108154
0.104389
0.108909
0.113683
0.103641
0.11351
0.104869
0.10192
0.108098
0.111019
0.111271
0.109832
0.113287
0.103399
0.110143
0.105881
0.101515
0.106417
0.108623
0.110456
0.1079
0.108123
0.109631
0.105955
0.110477
0.109973
0.111006
0.107754
0.10611
0.109134
0.110781
0.10972
0.112439
0.109173
0.109619
0.101099
0.107091
0.113296
0.105442
0.106419
0.110923
0.109475
0.10487
0.109643
0.107795
0.11154
0.106505
0.110068
0.110104
0.110558
0.10548
0.112805
0.106013
0.11631
0.109113
0.107334
0.105393
0.106042
0.109893
0.109212
0.104885
0.112991
0.108311
0.107003
0.106552
0.111246
0.116675
0.106568
0.104838
0.108672
0.104651
0.116186
0.10506
0.110864
0.107369
0.104625
0.104575
0.100218
0.113201
0.113181
0.104057
0.111741
0.109439
0.106299
0.111067
0.113462
