0.909297
0.957593
0.5001
0.866844
0.997755
0.5001
0.879907
0.716501
0.796821
0.714347
0.99978
0.787794
0.95595
0.99888
0.999319
0.983779
0.782444
0.590558
0.827233
0.507181
0.5001
0.841217
0.951693
0.5001
0.5001
0.786738
0.962353
0.551157
0.615434
0.95742
0.919455
0.611415
0.965855
0.97556
0.969007
0.979229
0.744367
0.994799
0.704907
0.500569
0.5001
0.981957
0.962288
0.982305
0.782792
0.970632
0.941652
0.955128
0.658482
0.993497
0.991192
0.830997
0.898409
0.583492
0.981575
0.5001
0.5001
0.94355
0.875556
0.670874
0.774285
0.9308
0.990139
0.928094
0.986856
0.5001
0.994418
0.913794
0.5001
0.5001
0.823423
0.999678
0.965069
0.778012
0.876203
0.996563
0.891638
0.956672
0.5001
0.5001
0.797615
0.816117
0.547664
0.5001
0.873493
0.704644
0.91072
0.851024
0.99846
0.980232
0.5001
0.794656
0.80177
0.647357
0.5001
0.974964
0.516645
0.721645
0.5001
0.5001
0.720091
0.5001
0.539625
0.740576
0.982266
0.996057
0.907404
0.634058
0.857098
0.764729
0.93608
0.642758
0.622371
0.5001
0.505934
0.750042
0.70493
0.730955
0.864194
0.5001
0.527576
0.994204
0.943611
0.660974
0.531336
0.99021
0.5001
0.977827
0.95116
0.948537
0.86585
0.99387
0.984583
0.832288
0.872225
0.997129
0.5001
0.502704
0.640771
0.973415
0.825355
0.655733
0.873636
0.99349
0.995441
0.552796
0.958843
0.875881
0.5001
0.996103
0.986595
0.616365
0.5001
0.805935
0.96257
0.800384
0.878379
0.737482
0.990771
0.986299
0.645015
0.999318
0.848264
0.57807
0.893299
0.998697
0.989954
0.550514
0.5001
0.884113
0.79752
0.994373
0.701035
1.000074
0.821834
0.675359
0.803264
0.5001
0.815632
0.5001
0.578418
0.84522
0.892791
0.637673
0.5001
0.996574
0.88102
0.933568
0.99865
0.607088
0.851947
0.569529
0.990798
0.590315
0.671854
0.57384
0.501395
0.5001
0.859795
0.5001
0.5001
0.5001
0.989721
0.5001
0.5001
0.969153
0.522397
0.866199
0.903453
0.955538
0.985153
0.691571
0.994028
0.978815
0.939183
0.685353
0.90923
0.923158
0.861632
0.5001
0.5001
0.876334
0.873665
0.9196
0.902579
0.980385
0.941474
0.825376
0.5001
0.649725
0.993782
0.840317
0.929382
0.830961
0.825284
0.918037
0.926593
0.946509
0.922456
0.993565
0.778289
0.846603
0.935437
0.770749
0.897373
0.590978
0.553592
0.974603
0.918678
0.958166
0.930054
0.880732
0.741997
0.784841
0.937837
0.921043
0.527502
0.993038
0.5001
0.67564
0.952648
0.973808
0.805113
0.5001
0.5001
0.76802
0.5001
0.546148
0.793132
0.993099
0.995699
0.985423
0.655674
0.637697
0.929724
0.943337
0.999463
0.921243
0.998486
0.910453
0.962858
0.766742
0.547026
0.979901
0.908357
0.715657
0.5001
0.964992
0.799613
0.926294
0.975068
0.986577
0.5001
0.935426
0.946994
0.737957
0.5001
0.978392
0.80314
0.5001
0.83674
0.813564
0.985334
0.866577
0.991335
0.991783
0.839426
0.545399
0.761066
0.910917
0.656123
0.540196
0.516154
0.804852
0.928988
0.999532
0.981114
0.5001
0.985734
0.837563
0.988048
0.943494
0.917895
0.994441
0.5001
0.99921
0.913631
0.803835
0.958433
0.807845
0.920452
0.921726
0.986414
0.5001
0.5001
0.949988
0.971938
0.85771
0.5001
0.997898
0.938408
1.000041
0.700555
0.515507
0.913475
0.555223
0.993948
0.959065
0.885054
0.961524
0.97868
0.785868
0.898238
0.58841
0.656498
0.5001
0.822417
0.979229
0.8402
0.5001
0.96963
0.926469
0.850235
0.5001
0.530758
0.883645
0.951319
0.5001
0.934388
0.979507
0.984142
0.5001
0.522817
0.900521
0.843797
0.928737
0.5001
0.856199
0.796294
0.951462
0.958727
0.965993
0.5001
0.651939
0.918575
0.847816
0.5001
0.872618
0.935857
0.613787
0.743167
0.9868
0.860777
0.821547
0.814787
0.948004
0.702249
0.597557
0.809399
0.5001
0.62713
0.512318
0.69182
0.5001
0.5001
0.958506
0.99459
0.76557
0.824077
0.5001
0.670136
0.933689
0.999099
0.519603
0.954702
0.887526
0.93579
0.786561
0.988197
0.963025
0.866641
0.994806
0.974713
0.740359
0.974985
0.965733
0.5001
0.942676
0.993302
0.87807
0.881267
0.976174
0.859809
0.569618
0.5001
0.616197
0.998473
0.643769
0.930272
0.998242
0.873321
0.875113
0.5001
0.871276
0.996632
0.986996
0.939492
0.837418
0.95975
0.5001
0.872241
0.5001
0.5001
0.940268
0.776819
0.912577
0.824197
0.5001
0.693258
0.796617
0.956388
0.968672
0.920969
0.943463
0.983276
0.851075
0.656455
0.723486
0.891665
0.888584
0.618623
0.984634
0.967802
0.632126
0.5001
0.97449
0.586221
0.92235
0.976147
0.857306
0.548825
0.990812
0.5001
0.92104
0.5001
0.780993
0.762329
0.5001
0.998305
0.780065
0.579134
0.996621
0.981042
0.945364
0.917051
0.940844
0.986606
0.882404
0.556749
0.953389
0.964668
0.5001
0.990649
0.848709
0.5001
0.992572
0.5001
0.985839
0.781217
0.943005
0.5001
0.997758
0.9989
0.995189
0.987174
0.543542
0.990795
0.5001
0.956169
0.678768
0.929966
0.829405
0.5001
0.779821
0.875822
0.986347
0.716498
0.978003
0.886047
0.979201
0.985237
0.5001
0.892796
0.954614
0.882357
0.72764
0.506649
0.5001
0.5001
0.938114
0.969671
0.821479
0.998661
0.5001
0.944987
0.989754
0.5001
0.870278
0.833234
0.811663
0.671747
0.847741
0.982398
0.896423
0.5001
0.940612
0.98028
0.557727
0.913082
0.685415
0.999021
0.917584
0.996721
0.888008
0.922137
0.787022
0.977525
0.839796
0.924943
0.999743
0.833261
0.816574
0.602434
0.943843
0.876236
0.574466
0.578072
0.984574
0.996971
0.711914
0.731223
0.741989
0.5001
0.96129
0.5001
0.954706
0.853442
0.5001
0.929904
0.816874
0.69458
0.712311
0.976076
1.000049
0.975343
0.829545
0.5001
0.999797
0.693188
0.926989
0.940287
0.881774
0.5001
0.760611
0.991199
0.89704
0.740505
0.5001
0.858354
0.895333
0.813568
0.5001
0.5001
0.992323
0.787403
0.5001
0.689199
0.5001
0.920628
0.975853
0.773427
0.937148
0.984503
0.5001
0.879776
0.983842
0.949782
0.974602
0.954536
0.971629
0.997507
0.6882
0.992165
0.516842
0.910562
0.999063
0.5001
1.000029
0.577665
0.959816
0.990337
0.972111
0.5001
0.557019
0.5001
0.997509
0.933093
0.5001
0.751394
0.899189
0.534642
0.71862
0.895795
0.5001
0.712401
0.948217
0.544456
0.983099
0.545247
0.973516
0.976102
0.91745
0.852478
0.961983
0.991741
0.999167
0.5001
0.828127
0.996447
0.968087
0.510764
0.5001
0.732394
0.884961
0.924835
0.956502
0.803538
0.967628
0.968839
0.899863
0.805284
0.630872
0.693134
0.985672
0.996486
0.5001
0.795297
0.5001
0.945069
0.965025
0.64317
0.950285
0.695693
0.871279
0.979795
0.812403
0.996233
0.937523
0.993513
0.983886
0.738506
0.654781
0.696969
0.974918
0.638979
0.965044
0.598837
0.5001
0.995717
0.810783
0.734757
0.989979
0.588716
0.923978
0.796635
0.904565
0.664623
0.971916
0.85958
0.97007
0.706498
0.887192
0.631252
0.5001
0.992058
0.9927
0.794879
0.778058
0.960779
0.946435
0.686428
0.996976
0.989667
0.598455
0.5001
0.897627
0.539996
0.98672
0.57721
0.946014
0.5001
0.847174
0.705855
0.628138
0.5001
0.973065
0.809559
0.847871
0.515771
0.5001
0.884051
0.999086
0.989961
0.974307
0.763715
0.5001
0.985447
0.769561
0.97999
0.5001
0.878789
0.975537
0.5001
0.990586
0.969619
0.973573
0.99877
0.892871
0.950635
0.841493
0.829418
0.602546
0.525552
0.806153
0.5001
0.879007
0.5001
0.893231
0.858347
0.508097
0.987607
0.771755
0.901771
0.997397
0.927255
0.84753
0.5001
0.631337
0.5001
0.932546
0.965973
0.702389
0.5001
0.514115
0.5001
0.5001
0.575135
0.5001
0.859026
0.869403
0.967093
0.996165
0.99327
0.938167
0.910955
0.86697
0.931005
0.921563
0.990172
0.61837
0.5001
0.971062
0.851167
0.994366
0.951627
0.895155
0.88032
0.938062
0.911059
0.5001
0.989424
0.5001
0.715113
0.87491
0.983372
0.776798
0.59834
0.5001
0.947389
0.5001
0.606315
0.996537
0.947641
0.674088
0.702933
0.956978
0.956892
0.991245
0.971591
0.958401
0.990256
0.974032
0.5001
0.990202
0.739668
0.754937
0.5001
0.691131
0.943322
0.90388
0.5001
0.5001
0.638817
0.780966
0.551092
0.921801
0.839429
0.99179
0.991419
0.5001
0.67413
0.840095
0.5001
0.850148
0.544859
0.588794
0.858821
0.5001
0.82403
0.5001
0.5001
0.758899
0.795049
0.857222
0.98799
0.901337
0.984297
0.918038
0.934468
0.960925
0.572637
0.5001
0.932963
0.992712
0.922168
0.869173
0.974767
0.5001
0.719632
0.915492
0.994427
0.998395
0.5001
0.966612
0.886572
0.992873
0.998666
0.927475
0.988857
0.5001
0.996656
0.992156
0.969342
0.5001
0.968266
0.994265
0.923601
0.857339
0.82761
0.749078
0.898694
0.988852
0.814636
0.509821
0.687995
0.999422
0.913198
0.53162
0.5001
0.5001
0.949311
0.79624
0.907816
0.787161
0.967975
0.799558
0.500281
0.867001
0.900105
0.990395
0.942835
0.725805
0.872561
0.93222
0.976282
0.804331
0.654368
0.5724
0.968549
0.831231
0.793931
0.980019
0.963929
0.969042
0.573916
0.713001
0.877433
0.757054
0.961428
0.999059
0.920775
0.972125
0.932548
0.770581
0.952297
0.930597
0.892016
0.78121
0.661606
0.945846
0.706311
0.5001
0.5001
0.725196
0.997646
0.745086
0.999677
0.987179
0.722066
0.871551
0.645011
0.714068
0.818129
0.884831
0.5001
0.646094
0.782723
0.812978
0.698967
0.810069
0.981884
0.5001
0.903895
0.510546
0.571201
0.504034
0.982793
0.99986
0.549717
0.5001
0.576858
0.5001
0.650468
0.84774
0.984749
0.947811
0.618409
0.89984
0.840981
0.905244
0.948643
0.998345
0.918157
0.986258
0.77578
0.5001
0.788639
0.825907
0.945082
0.913931
0.627726
0.893368
0.969639
0.954029
0.716528
0.898769
0.91883
0.735523
0.5001
0.996208
0.947461
0.998192
0.995641
0.989516
0.700847
0.697781
0.624127
0.978594
0.65783
0.992392
0.773978
0.604079
0.925202
0.803877
0.614766
0.892903
0.992115
0.803641
0.907917
0.5001
0.973785
0.526716
0.996553
0.5001
0.679697
0.700946
0.676463
0.799563
0.995097
0.997343
0.923275
0.500214
0.993871
0.990928
0.835939
0.970615
0.993285
0.899772
0.512246
0.882215
0.823003
0.995749
0.976408
0.946193
0.942231
0.684219
0.5001
0.799047
0.5001
0.756587
0.893703
0.987749
0.924218
0.5001
0.99608
0.766737
0.782994
0.911269
0.949131
0.5001
0.909108
0.999458
0.809988
0.5001
0.994671
0.827621
0.997221
0.504139
0.939096
0.5001
0.943427
0.5001
0.86703
0.906355
0.887136
0.922784
0.97917
0.865252
0.746109
0.868109
0.978748
0.633369
0.872996
0.996368
0.66064
0.713475
0.816315
0.727198
0.945282
0.816926
0.943703
0.5001
0.661236
0.981257
0.653391
0.940172
0.939204
0.872827
0.911363
0.952714
0.995696
0.788576
0.612414
0.845047
0.892785
0.5001
0.830767
0.5001
0.945961
0.987184
0.725325
0.791707
0.978511
0.974813
0.870807
0.665539
0.975408
0.853054
0.5001
0.5001
0.995481
0.5001
0.628938
0.939806
0.52937
0.5001
0.5001
0.5001
0.967983
0.948062
0.974618
0.733806
0.950691
0.5001
0.971766
0.999021
0.855446
0.889268
0.811997
0.772133
0.5001
0.869933
0.968859
0.981583
0.5001
0.502104
0.876811
0.962844
0.970497
0.5001
0.934882
0.5001
0.616519
0.977551
0.5001
0.5001
0.942645
0.981079
0.959501
0.85807
0.907372
0.510753
0.971227
0.5001
0.88728
0.994284
0.5001
0.587273
0.753135
0.5001
0.753165
0.556301
0.802994
0.839819
0.99458
0.5001
0.976685
0.996578
0.890496
0.943812
0.817998
0.5001
0.711284
0.971201
0.5001
0.95146
0.845232
0.877303
0.891818
0.904747
0.770538
0.5001
0.5001
0.826453
0.847328
0.72183
0.904684
0.942376
0.517405
0.955207
0.976224
0.98585
0.965663
0.602735
0.993292
0.722516
0.967895
0.99935
0.675329
0.5001
0.957279
0.555688
0.925836
0.720733
0.981807
0.999969
0.5001
0.738141
0.964394
0.616178
0.871031
0.563466
0.629473
0.98576
0.987791
0.549006
0.998061
0.599091
0.743871
0.936533
0.610297
0.810048
0.895577
0.630002
0.538202
0.922063
0.643099
0.8309
0.761769
0.5001
0.5001
0.5001
0.960706
0.5001
0.581649
0.86411
0.727919
0.897189
0.763287
0.895484
0.5001
0.909367
0.85558
0.846281
0.983428
0.701253
0.893325
0.954475
0.5001
0.885353
0.605573
0.915605
0.5001
0.949518
0.912444
0.957227
0.5001
0.997535
0.5001
0.986298
0.897642
0.969436
0.888106
0.950946
0.968976
0.996563
0.868263
0.97165
0.998539
0.5001
0.5001
0.850663
0.922331
0.820909
0.5001
0.792178
0.875443
0.5001
0.5001
0.813346
0.548422
0.942194
0.802839
0.881623
0.645491
0.769012
0.695757
0.905826
0.974144
0.92922
0.999793
0.98833
0.993574
0.699135
0.965973
0.911772
0.5001
0.769305
0.917516
0.912268
0.866409
0.5001
0.966094
0.981108
0.917384
0.970103
0.956235
0.542503
0.935866
0.970883
0.959484
0.5001
0.96005
0.744244
0.951995
0.965802
0.670519
0.5001
0.804195
0.954091
0.54499
0.73776
0.799937
0.5001
0.585666
0.98558
0.97917
0.956014
0.853759
0.992517
0.921124
0.79633
0.981825
0.920193
0.997059
0.984383
0.529713
0.971098
0.793053
0.5001
0.719518
0.99465
0.894525
0.76163
0.723667
0.649973
0.985681
0.5001
0.516925
0.573692
0.805227
0.50123
0.947394
0.686928
0.764384
0.569825
0.5001
0.5001
0.978161
0.828715
0.978254
0.5001
0.554987
0.5001
0.5001
0.590251
0.5001
0.93517
0.799544
0.961823
0.913592
0.954334
0.95857
0.645701
0.556941
0.866053
0.5001
0.936079
0.5001
0.724491
0.849901
0.634745
0.98942
0.732926
0.82714
0.992181
0.882912
0.5001
0.968341
0.527755
0.887276
0.5001
0.5001
0.5001
0.974774
0.694823
0.973408
0.532006
0.778375
0.548121
0.972937
0.923503
0.5001
0.693811
0.5001
0.816974
0.5001
0.571903
0.918573
0.982927
0.662573
0.648274
0.870542
0.997551
0.932176
0.967879
0.5001
0.762347
0.5001
0.948767
0.707498
0.866453
0.75184
0.709397
0.902904
0.950897
0.984996
0.969224
0.99358
0.880407
0.5001
0.5001
0.606664
0.953715
0.999296
0.5001
0.594127
0.699138
0.999933
0.965056
0.992274
0.989925
0.5001
0.5001
0.98981
0.635113
0.958118
0.5001
0.993295
0.923328
0.561721
0.949641
0.809852
0.931245
0.989852
0.755591
0.991846
0.561368
0.998293
0.913838
0.896405
0.9898
0.904188
0.859666
0.821489
0.506946
0.973231
0.5001
0.5001
0.521316
0.99865
0.531366
0.5001
0.851933
0.961382
0.5001
0.974949
0.91729
0.989092
0.993365
0.5001
0.58945
0.823348
0.820622
0.5001
0.886135
0.944777
0.994299
0.982059
0.707657
0.929246
0.998814
0.5001
0.502662
0.768704
0.996587
0.5001
0.849094
0.65873
0.959953
0.885123
0.763438
0.898631
0.81452
0.599335
0.695867
0.969415
0.566851
0.5001
0.5001
0.83243
0.5001
0.999649
0.955436
0.769471
0.964651
0.824075
0.938955
0.97561
0.866129
0.767582
0.83824
0.5001
0.965375
0.5001
0.5001
0.980529
0.5001
0.940055
0.767209
0.6042
0.5001
0.611124
0.74636
0.99868
0.865137
0.996322
0.997183
0.895867
0.900496
0.953882
0.755239
0.91548
0.89314
0.980781
0.569532
0.856892
0.960101
0.520367
0.89063
0.520058
0.725535
0.964912
0.5001
0.871816
0.753989
0.834779
0.950287
0.851407
0.92315
0.710077
0.902379
0.997886
0.957142
0.796826
0.938584
0.998678
0.91338
0.944733
0.850138
0.781282
0.865317
0.92412
0.877866
0.5001
0.893259
0.861747
0.542783
0.664438
0.877688
0.86474
0.5001
0.999551
0.714221
0.831644
0.906174
0.811128
0.967859
0.937639
0.737763
0.877704
0.939041
0.677172
0.894973
0.782119
0.881642
0.5001
0.726357
0.879711
0.996497
0.982723
0.751507
0.5001
0.812986
0.751307
0.5001
0.5001
0.549918
0.807528
0.970749
0.971319
0.94464
0.5001
0.993091
0.93532
0.977148
0.5001
0.993327
0.856523
0.5001
0.966666
0.944768
0.935261
0.507833
0.984813
0.921603
0.5001
0.5001
0.901979
0.927611
0.990235
0.922599
0.82658
0.98466
0.793981
0.721575
0.998086
0.913796
0.5001
0.92662
0.5001
0.677907
0.951205
0.966446
0.540277
0.5001
0.879096
0.812791
0.944577
0.842764
0.99994
0.850917
0.946614
0.63047
0.965722
0.946477
0.997638
0.969532
0.849184
0.770659
0.915947
0.946651
0.627544
0.5001
0.954387
0.749617
0.929112
0.917079
0.9931
0.935072
0.5001
0.653019
0.96285
0.729009
0.980235
0.95196
0.5001
0.996715
0.5001
0.886604
0.5001
0.5001
0.5001
0.979483
0.781116
0.5001
0.847998
0.5001
0.967571
0.61429
0.761154
0.639428
0.94475
0.977678
0.999996
0.5001
0.529145
0.932472
0.939404
0.597055
0.941536
0.916336
0.966437
0.988195
0.690522
0.856143
0.989402
0.5001
0.827643
0.949629
0.972179
0.96825
0.793877
0.996968
0.897843
0.562215
0.974365
0.996044
0.5001
0.798348
0.866482
0.79075
0.884961
0.98612
0.618078
0.983856
0.7648
0.933735
0.5001
0.5001
0.995505
0.730296
0.739918
0.726718
0.5001
0.5001
0.5001
0.922923
0.5001
0.940379
0.5001
0.966395
0.9924
0.5001
0.92224
0.84647
0.987644
0.889955
0.5001
0.990043
0.5001
0.5001
0.961032
0.5001
0.957123
0.738
0.635892
0.975142
0.769039
0.638205
0.5001
0.659957
0.906585
0.547865
0.94125
0.781272
0.992456
0.5001
0.987611
0.5001
0.946309
0.5001
0.5001
0.5001
0.92874
0.82344
0.78873
0.807209
0.874106
0.623553
0.759717
0.877523
0.61078
0.994104
0.54861
0.99309
0.916993
0.624887
0.5001
0.995966
0.845691
0.997439
0.842954
0.575107
0.99872
0.5001
0.857276
0.932413
0.598532
0.577433
0.777192
0.895256
0.850218
0.743704
0.5001
0.678016
0.996498
0.886442
0.5001
0.831902
0.962663
0.5001
0.986271
0.715399
0.988765
0.623951
0.546841
0.997332
0.948628
0.546899
0.878046
0.857474
0.993729
0.970445
0.916809
0.936453
0.5001
0.5001
0.997867
0.5001
0.540519
0.945174
0.999082
0.954443
0.920052
0.927558
0.987529
0.5001
0.85942
0.992749
0.782469
0.830248
0.903764
0.5001
0.983169
0.958569
0.743452
0.5001
0.992778
0.963115
0.829472
0.698892
0.5001
0.848982
0.933315
0.83182
0.884807
0.5001
0.5001
0.916259
0.842216
0.865249
0.997556
0.96614
0.804825
0.5001
0.988163
0.934076
0.552585
0.690965
0.845516
0.978388
0.731576
0.590968
0.964237
0.812093
0.644053
0.999885
0.5001
0.5001
0.5001
0.980055
0.969231
0.924873
0.5001
0.907619
0.577855
0.959072
0.778763
0.743047
0.725279
0.860609
0.912791
0.871398
0.992188
0.868153
0.5001
0.916894
0.88326
0.666867
0.937182
0.77839
0.5001
0.598231
0.892257
0.53575
0.81738
0.5001
0.944961
0.946849
0.987512
0.5001
0.5001
0.880031
0.5001
0.858871
0.603876
0.993371
0.945325
0.5001
0.5001
0.991876
0.5001
0.95259
0.554915
0.942392
0.844317
0.741839
0.993962
0.851409
0.959815
0.94431
0.5001
0.824732
0.5001
0.5001
0.90219
0.5001
0.962275
0.881863
0.993251
0.999197
0.881823
0.949222
0.649231
0.867233
0.5001
0.970995
0.903237
0.5001
0.985208
0.5001
0.841466
0.835608
0.903851
0.960697
0.930113
0.750188
0.5001
0.5001
0.602801
0.967616
0.525208
0.981879
0.5001
1.000022
0.937104
0.813194
0.566478
0.539082
0.975969
0.977302
0.783058
0.994487
0.811965
0.60837
0.642965
0.909506
0.998984
0.629128
0.767397
0.969966
0.991726
0.98508
0.998068
0.986628
0.685744
0.5001
0.831074
0.699385
0.690064
0.846248
0.5001
0.969373
0.982029
0.5001
0.5001
0.930223
0.587799
0.566767
0.836551
0.847455
0.904514
0.999329
0.997287
0.880111
0.857493
0.826218
0.796291
0.981981
0.644143
0.996929
0.5001
0.675088
0.960207
0.991903
0.5001
0.852622
0.974282
0.5001
0.5001
0.985609
0.8294
0.897201
0.963534
0.944506
0.981904
0.5001
0.993017
0.99071
0.873693
0.5001
0.5001
0.991331
0.814857
0.984113
0.913144
0.946974
0.900173
0.5001
0.941371
0.558023
0.5001
0.5001
0.981434
0.966601
0.976313
0.942825
0.890804
0.705774
0.974154
0.5001
0.751774
0.896523
0.5001
0.652894
0.775208
0.83289
0.744023
0.957383
0.622071
0.945826
0.582669
0.892869
0.985272
0.642025
0.644929
0.945554
0.5001
0.714659
0.5001
0.685415
0.5001
0.981316
0.552412
0.523224
0.632436
0.835652
0.901783
0.948442
0.895331
0.958446
0.862109
0.996703
0.986368
0.983279
0.5001
0.722375
0.940895
0.787278
0.971174
0.984354
0.5001
0.543003
0.988206
0.754371
0.5001
0.923684
0.972749
0.701218
0.718301
0.948824
0.964924
0.930149
0.970903
0.952928
0.960114
0.980868
0.927741
0.847137
0.986929
0.948625
0.5001
0.94724
0.5001
0.985061
0.952067
0.976248
0.722857
0.887539
0.96718
0.985018
0.745181
0.720908
0.5001
0.973611
0.646456
0.992843
0.968258
0.911144
0.935035
0.5001
0.569716
0.633934
0.914697
0.910798
0.845624
0.933976
0.744825
0.991163
0.810608
0.5001
0.5001
0.999955
0.612483
0.968878
0.994986
0.725327
0.946895
0.547569
0.86678
0.519423
0.698258
0.6794
0.671192
0.970778
0.932485
0.942862
0.863236
0.939472
0.969882
0.5001
0.5001
0.502809
0.725024
0.5001
0.715138
0.5001
0.5001
0.521632
0.999397
0.793831
0.944348
0.862761
0.980329
0.974906
0.5001
0.601885
0.975371
0.990372
0.915843
0.971249
0.894045
0.5001
0.5001
0.620041
0.997743
0.864165
0.999869
0.60188
0.963379
0.975515
0.905253
0.950121
0.765919
0.731972
0.5001
0.5001
0.996756
0.866757
0.679415
0.95389
0.540206
0.904012
0.983455
0.989971
0.99477
0.997878
0.5001
0.929683
0.571712
0.980098
0.97812
0.5001
0.67851
0.897001
0.593526
0.5001
0.85238
0.996938
0.980909
0.853898
0.662276
0.959155
0.64027
0.963242
0.681388
0.5001
0.5001
0.638564
0.5001
0.962254
0.887113
0.899016
0.964656
0.617577
0.699552
0.587401
0.830809
0.809892
0.992021
0.5001
0.790148
0.565071
0.5001
0.991621
0.5001
0.5001
0.892148
0.5001
0.620361
0.994352
0.745654
0.968293
0.500278
0.5001
0.997957
0.861117
0.98478
0.794775
0.97588
0.736189
0.919171
0.678952
0.98463
0.5001
0.609791
0.965532
0.993281
0.987897
0.5001
0.5001
0.638564
0.610644
0.602311
0.608041
0.889633
0.959904
0.669267
0.801334
0.904076
0.5001
0.877482
0.95512
0.717595
0.988174
0.554392
0.5001
0.998735
0.888412
0.947474
0.570969
0.999141
0.926578
0.933996
0.794684
0.706896
0.610315
0.891687
0.963841
0.5001
0.5001
0.993818
0.733819
0.5001
0.5001
0.999392
0.910689
0.576188
0.859818
0.975286
0.5001
0.5001
0.693033
0.731372
0.928773
0.894095
0.5001
0.5001
0.913872
0.5001
0.740277
0.739416
0.755417
0.668494
0.996994
0.890057
0.642473
0.978822
0.960355
0.61608
0.85031
0.983464
0.968859
0.677388
0.5001
0.924944
0.854721
0.994299
0.971901
0.990061
0.994422
0.868503
0.982169
0.5001
0.581679
0.563761
0.984466
0.651003
0.5001
0.90014
0.563841
0.5001
0.830911
0.5001
0.922809
0.984556
0.938328
0.788571
0.972108
0.696218
0.994944
0.5001
0.887154
0.691036
0.917117
0.93151
0.713598
0.840483
0.986626
0.956924
0.5001
0.752493
0.950274
0.907902
0.996905
0.6728
0.998571
0.739611
0.89116
0.581353
0.989962
0.883189
0.964656
0.862967
0.999365
0.900785
0.98579
0.970011
0.883851
0.882323
0.919157
0.906474
0.984985
0.564289
0.5001
0.723465
0.663644
0.83285
0.996425
0.943298
0.780201
0.678055
0.689315
0.699562
0.85388
0.901104
0.998792
0.714997
0.999931
0.534235
0.828209
0.93526
0.58107
0.997866
0.566284
0.980452
0.585963
0.880811
0.5001
0.639705
0.997582
0.74326
0.678305
0.990446
0.886553
0.508883
0.771035
0.65311
0.982
0.923011
0.897587
0.925792
0.966837
0.5001
0.844111
0.893711
0.696744
0.993421
0.5001
0.919339
0.734273
0.896553
0.999912
0.642342
0.743718
0.5001
0.979754
0.977079
0.926703
0.57523
0.923722
0.698005
0.812765
0.964702
0.778458
0.5001
0.544597
0.960707
0.5001
0.5001
0.957865
0.966157
0.5001
0.503553
0.84095
0.830168
0.9898
0.63181
0.5001
0.5001
0.5001
0.989513
0.937765
0.5001
0.743595
0.994996
0.979227
0.561996
0.940585
0.987004
0.937731
0.986058
0.986403
0.992626
0.971677
0.983698
0.774714
0.5001
0.994065
0.968389
0.997314
0.65822
0.5001
0.902959
0.740373
0.542043
0.989699
0.829428
0.757449
0.943226
0.544858
0.879709
0.762268
0.5001
0.794243
0.5001
0.877234
0.5001
0.889579
0.620349
0.88409
0.910322
0.999573
0.510653
0.575425
0.985463
0.876023
0.973059
0.69353
0.97764
0.830586
0.933812
0.995974
0.9591
0.976728
0.819157
0.5001
0.997297
0.512637
0.5001
0.921809
0.5001
0.994349
0.959792
0.865703
0.997059
0.963094
0.793203
0.976615
0.896228
0.526771
0.793299
0.864268
0.989487
0.551042
0.5001
0.975825
0.580163
0.679498
0.99209
0.957904
0.991251
0.619445
0.67714
0.560445
0.5001
0.967741
0.956219
0.621617
0.972296
0.5001
0.92311
0.744396
0.875111
0.980427
0.813712
0.550889
0.790896
0.725027
0.996298
0.61623
0.598684
0.982125
0.996925
0.518641
0.872036
0.821391
0.957666
0.565837
0.770368
0.775899
0.937317
0.542284
0.975226
0.5001
0.960894
0.5001
0.614281
0.990695
0.5001
0.982401
0.707464
0.755321
0.981193
0.967926
0.843432
0.976773
0.668348
0.82039
0.914655
0.765078
0.707233
0.957424
0.930645
0.986396
0.515741
0.945809
0.889675
0.994142
0.5001
0.943731
0.61645
0.5001
0.81326
0.900287
0.861498
0.999787
0.990343
0.587358
0.772998
0.780317
0.897708
0.839876
0.947617
0.986551
0.894214
0.934501
0.773374
0.924207
0.933062
0.5001
0.570554
0.969826
0.992035
0.984399
0.956167
0.988071
0.5001
0.555434
0.80592
0.801802
0.556125
0.745898
0.769366
0.794181
0.992406
0.780493
0.951058
0.978988
0.823704
0.971389
0.955779
0.937314
0.892157
0.5001
0.997662
0.925561
0.966574
0.820683
0.553617
0.555754
0.9712
0.5001
0.930289
0.985401
0.5001
0.89483
0.993967
0.964964
0.500968
0.5001
0.998802
0.5001
0.952505
0.959231
0.949434
0.942364
0.903613
0.999554
0.5001
0.541131
0.989708
0.816098
0.7812
0.552199
0.761083
0.5001
0.764827
0.821556
0.987902
0.5518
0.987759
0.978933
0.969848
0.5001
0.838232
0.875293
0.552624
0.979702
0.839828
0.84729
0.912116
0.982558
0.641245
0.5001
0.951969
0.832392
0.508506
0.5001
0.991598
0.5001
0.916979
0.85008
0.996337
0.776038
0.5001
0.5001
0.992123
0.5001
0.998637
0.992857
0.609346
0.834172
0.995937
0.5001
0.831913
0.5001
0.702554
0.892892
0.5001
0.5001
0.996557
0.5001
0.5001
0.98847
0.97155
0.5001
0.834532
0.977937
0.998004
0.94725
0.927577
0.9629
0.707806
0.817914
0.855347
0.802729
0.702602
0.922383
0.991158
0.908718
0.923695
0.5001
0.5001
0.752311
0.965235
0.65735
0.97764
0.992782
0.999685
0.993485
0.926988
0.519943
0.899251
0.5001
0.715696
0.5001
0.703163
0.5001
0.836713
0.954565
0.5001
0.998115
0.937551
0.824956
0.947311
0.999981
0.999097
0.965193
0.861351
0.861088
0.80909
0.816168
0.989996
0.716152
0.983617
0.948008
0.960337
0.5001
0.927398
0.943599
0.923947
0.5001
0.986072
0.761662
0.996689
0.78103
0.938965
0.928466
0.68937
0.784526
0.5001
0.947322
0.809599
0.957191
0.5001
0.993501
0.853319
0.911804
0.815524
0.988526
0.839818
0.863461
0.997609
0.681332
0.5001
0.976802
0.964315
0.938583
0.78544
0.992118
0.883871
0.5001
0.714267
0.94681
0.899404
0.962189
0.933877
0.605643
0.97204
0.5001
0.5001
0.5001
0.917203
0.862869
0.915264
0.503855
0.99626
0.808227
0.936404
0.5001
0.5001
0.732928
0.863947
0.5001
0.999883
0.996079
0.978112
0.92949
0.983514
0.980418
0.817969
0.988357
0.684694
0.547577
0.667279
0.985606
0.910059
0.950152
0.928455
0.5001
0.5001
0.5001
0.959517
0.886812
0.878542
0.58374
0.984238
0.65074
0.901414
0.630384
0.699741
0.672166
0.609462
0.971931
0.998393
0.992169
0.810702
0.715491
0.991404
0.991832
0.5001
0.89348
0.901564
0.916612
0.878065
0.570903
0.908254
0.885187
0.76134
0.702186
0.856725
0.594397
0.966276
0.901716
0.549422
0.675633
0.5001
0.5001
0.5001
0.5001
0.994327
0.768645
0.944628
0.5001
0.5001
0.550323
0.646864
0.994685
0.945084
0.987069
0.798889
0.999851
0.5001
0.906506
0.790639
0.992196
0.5001
0.5001
0.917603
0.5001
0.628077
0.897679
0.811362
1.000059
0.756022
0.67811
0.85555
0.991239
0.640973
0.984169
0.958697
0.969287
0.769201
0.832256
0.976871
0.735119
0.5001
0.87852
0.914373
0.934415
1.00004
0.75247
0.996228
0.524881
0.81221
0.928803
0.934901
0.885844
0.825838
0.625495
0.5001
0.775536
0.942624
0.953539
0.582763
0.995599
0.978949
0.586604
0.571576
0.5001
0.595068
0.98287
0.5001
0.5001
0.813048
0.948359
0.963506
0.995328
0.5001
0.798531
0.751753
0.981049
0.5001
0.915001
0.997739
0.859139
0.905816
0.997057
0.5001
0.977604
0.694876
0.691231
0.990732
0.99249
0.697379
0.937445
0.726579
0.5001
1.000096
0.969405
0.806736
0.563587
0.5001
0.953319
0.646944
0.817387
0.986048
0.967471
0.977535
0.635547
0.5001
0.892466
0.623412
0.5001
0.982136
0.938258
0.881287
0.719912
0.702702
0.615802
0.987562
0.804022
0.958572
0.926556
0.972929
0.610383
0.5001
0.889164
0.821228
0.620892
0.5001
0.875586
0.939132
0.5001
0.774714
0.948622
0.634
0.993545
0.5001
0.966761
0.914692
0.5001
0.75681
0.732729
0.985417
0.5001
0.970212
0.674379
0.990508
0.987904
0.891598
0.59472
0.5001
0.998389
0.787851
0.727681
0.919191
0.714724
0.904978
0.999498
0.823695
0.936899
0.508326
0.5001
0.98435
0.992416
0.979374
0.5001
0.5001
0.94982
0.921392
0.997058
0.986052
0.893051
0.991274
0.769986
0.998164
0.5001
0.5001
0.988923
0.913753
0.896311
0.863207
0.847077
0.93368
0.95341
0.986103
0.889249
0.998747
0.996474
0.995967
0.5001
0.5001
0.953068
0.861798
0.990559
0.9636
0.957012
0.989989
0.969798
0.891928
0.86136
0.986852
0.957877
0.5001
0.90645
0.993336
0.985359
0.921247
0.969286
0.698943
0.659328
0.5001
0.951874
0.950352
0.994257
0.995747
0.975941
0.5001
0.935045
0.839023
0.896437
0.843894
0.996862
0.850957
0.980083
0.927164
0.817292
0.99369
0.924872
0.866968
0.996651
0.831902
0.5001
0.5001
0.750792
0.5001
0.785643
0.586078
0.826421
0.890282
0.571673
0.820696
0.962359
0.5001
0.971446
0.978747
0.741545
0.966069
0.5001
0.971157
0.794228
0.8102
0.784712
0.763932
0.926509
0.5001
0.954353
0.878651
0.630158
0.984399
0.838876
0.998967
0.991807
0.537282
0.944781
0.790561
0.5001
0.697786
0.832364
0.975068
0.969875
0.990234
0.996696
0.5001
0.870506
0.972076
0.956359
0.82037
0.5001
0.575581
0.5001
0.882591
0.822736
0.777279
0.518558
0.990723
0.5001
0.96418
0.886935
0.883935
0.98942
0.737631
0.673194
0.633341
0.5001
0.559079
0.59956
0.845503
0.967168
0.5001
0.959255
0.94471
0.99848
0.824116
0.963607
0.998956
0.5001
0.5001
0.953731
0.862254
0.5001
0.616511
0.999883
0.909305
0.5001
0.876157
0.786491
0.624133
0.927822
0.869426
0.955703
0.989403
0.564916
0.915014
0.720812
0.931478
0.984649
0.980971
0.863854
0.955978
0.93777
0.947461
0.659655
0.903981
0.679044
0.986582
0.886689
0.990809
0.948481
0.904726
0.551761
0.733052
0.983492
0.987028
0.925685
0.5001
0.881519
0.772433
0.842115
0.942173
0.953834
0.811107
0.973017
0.97416
0.849713
0.791846
0.994931
0.715726
0.795379
0.694044
0.678857
0.959213
0.839631
0.633374
0.5001
0.852929
0.976235
0.5001
0.663477
0.638268
0.667882
0.726815
0.594045
0.649201
0.993477
0.9697
0.977936
0.5001
0.872089
0.962964
0.821927
0.773363
0.844495
0.953481
0.99684
0.659077
0.62143
0.772481
0.929836
0.879213
0.981038
0.5001
0.624499
0.630517
0.998071
0.975336
0.697755
0.59529
0.875731
0.767974
0.688513
0.781161
0.848246
0.961541
0.914332
0.5001
0.5001
0.708717
0.921358
0.948069
0.992102
0.5001
0.815517
0.731437
0.954065
0.983127
0.715491
0.996513
0.561852
0.5001
0.900809
0.907017
0.733908
0.985849
0.876846
0.535223
0.579444
0.999862
0.5001
0.5001
0.5001
0.5311
0.883849
0.815499
0.780265
0.875658
0.980968
0.99786
0.936133
0.653305
0.5001
0.501592
0.997189
0.974951
0.86123
0.774027
0.878064
0.564314
0.971103
0.950113
0.844039
0.850588
0.939583
0.881459
0.999439
0.843031
0.625042
0.5001
0.628478
0.5001
0.999266
0.607383
0.838813
0.988184
0.993821
0.5001
0.959216
0.986624
0.981044
0.886771
0.876823
0.676387
0.813081
0.882651
0.985016
0.797277
0.5001
0.958006
0.561288
0.5001
0.5001
0.5001
0.99774
0.956941
0.519122
0.977029
0.980182
0.562695
0.797433
0.611946
0.951569
0.974214
0.658558
0.936979
0.704736
0.849961
0.926086
0.902723
0.960713
0.951457
0.869395
0.950136
0.983923
0.692574
0.997721
0.769163
0.849882
0.849744
0.973053
0.987839
0.5001
0.963271
0.540132
0.959525
0.752315
0.992629
0.529225
0.5001
0.913931
0.685565
0.953962
0.564497
0.829172
0.827954
0.945542
0.5001
0.62527
0.990874
0.995403
0.5001
0.804235
0.791447
0.5001
0.856488
0.988456
0.679323
0.826869
0.772665
0.622254
0.839835
0.940968
0.923341
0.978579
0.989586
1.000022
0.684588
0.613584
0.920307
0.942158
0.5001
0.70195
0.884186
0.644674
0.5001
0.909362
0.971347
0.973043
0.968272
0.5001
0.843241
0.995495
0.5001
0.957294
0.740853
0.681869
0.962302
0.543618
0.831438
0.867047
0.935953
0.573902
0.633891
0.5001
0.759134
0.945745
0.891895
0.654828
0.5974
0.981528
0.788048
0.510812
0.842773
0.996468
0.5001
0.798654
0.979251
0.595878
0.671632
0.998258
0.797318
0.5001
0.993459
0.999512
0.548183
0.977359
0.934571
0.988855
0.599321
0.94481
0.991194
0.688878
0.906343
0.794327
0.514166
0.808686
0.5001
0.987491
0.878051
0.786996
0.916112
0.5001
0.654502
0.994922
0.862291
0.993561
0.932977
0.946441
0.5001
0.945644
0.5001
0.5001
0.893889
0.971293
0.615557
0.999821
0.991191
0.953349
0.5001
0.5001
0.672779
0.733661
0.933312
0.981452
0.5001
0.5001
0.952233
0.937239
0.825306
0.907875
0.96913
0.997535
0.931546
0.95348
0.643385
0.828307
0.785331
0.942287
0.960117
0.755518
0.80544
0.949647
0.999382
0.879347
1.000069
0.5001
0.5001
0.998379
0.565406
0.813604
0.641674
0.5001
0.5001
0.729079
0.993412
0.906033
0.636989
0.777579
0.563674
0.5001
0.812641
0.895543
0.5001
0.961746
0.80499
0.940298
0.979796
0.998844
0.994068
0.915326
0.975413
0.579361
0.996735
0.5001
0.937515
0.85621
0.5001
0.720464
0.885975
0.563672
0.918507
0.692316
0.889286
0.564388
0.713029
0.918925
0.920209
0.983908
0.930421
0.754109
0.779248
0.571836
0.713859
0.994311
0.5001
0.984577
0.695675
0.94762
0.979208
0.979709
0.5001
0.928295
0.736161
0.5001
0.818507
0.518485
0.936692
0.995717
0.995126
0.989102
0.991142
0.976327
0.684859
0.5001
0.983558
0.528313
0.5001
0.523597
0.993784
0.939605
0.5001
0.762459
0.5001
0.912491
0.879499
0.900519
0.717597
0.62106
0.996607
0.835027
0.97727
0.852089
0.743404
0.971027
0.784369
0.89819
0.926267
0.985857
0.896454
0.908124
0.5001
0.670454
0.514579
0.931588
0.994931
0.843707
0.97826
0.782066
0.57681
0.910914
0.88083
0.991702
0.990533
0.990549
0.820491
0.997838
0.999774
0.969111
0.999376
0.812478
0.989314
0.982271
0.868399
0.5001
0.998943
0.989534
0.891185
0.690605
0.5001
0.632961
0.646933
0.980923
0.956562
0.999113
0.878243
0.695641
0.5001
0.65873
0.791316
0.874853
0.964662
0.947135
0.775946
0.99741
0.947649
0.981702
0.949345
0.999971
0.869035
0.851137
0.997482
0.827757
0.5001
0.912106
0.735373
0.939576
0.5001
0.84296
0.959792
0.5001
0.957891
0.636794
0.576193
0.96592
0.763223
0.990637
0.944951
0.610141
0.923915
0.5001
0.967023
0.858903
0.672788
0.792313
0.96773
0.992004
