0.013723
0.985274
0.079659
0.997493
0.394221
0.002917
0.025181
0.001597
0.025486
0.046206
0.424028
0.016971
0.968514
0.985242
0.020099
0.704836
0.399087
0.825783
0.992951
0.024165
0.985324
0.460217
0.092776
0.004032
0.983277
0.459385
0.441334
0.997318
0.052253
0.853193
0.009646
0.984138
0.828321
0.935278
0.053019
0.065288
0.0056
0.907933
0.471395
0.29363
0.073553
0.644355
0.997632
0.01407
0.418971
0.003567
0.01204
0.993266
0.003227
0.03696
0.999593
0.296187
0.81041
0.260597
0.964394
0.003103
0.39132
0.004541
0.964445
0.123231
0.826079
0.003226
0.004844
0.947072
0.006394
0.964745
0.003998
0.123255
0.112542
0.286701
0.983424
0.901272
0.682139
0.997387
0.416778
0.001753
0.800953
0.715235
0.007664
0.831304
0.384433
0.625956
0.031118
0.618587
0.001609
0.001633
0.008291
0.969492
0.819972
0.963689
0.591151
0.258493
0.058478
0.02956
0.394037
0.259377
0.118774
0.061071
0.997211
0.003345
0.004313
0.994757
0.003437
0.812253
0.221269
0.001859
0.025679
1.000094
0.9931
0.003403
0.021608
0.031087
0.083261
0.029906
0.003253
0.104545
0.229857
0.361046
0.215403
0.002978
0.905332
0.017799
0.964759
0.821619
0.992767
0.003458
0.965484
0.984227
0.003107
0.992598
0.22389
0.02496
0.999679
0.01344
0.013517
0.004264
0.998874
0.008963
0.007011
0.450197
0.015076
0.020517
0.121299
0.003489
0.636888
0.042334
0.051253
0.998015
0.999601
0.170786
0.001095
0.957409
0.991847
0.055989
0.057994
0.909568
0.0035
0.001522
0.029862
0.014073
0.00762
0.24571
0.09729
0.005523
0.018366
0.506968
0.005367
0.26905
0.004898
0.003717
0.003401
0.008791
0.068891
0.996816
0.993531
0.002554
0.442827
0.082689
0.002881
0.129475
0.912279
0.682878
0.078062
0.982617
0.383199
0.845125
0.936447
0.017177
0.99908
0.662783
0.966535
0.268096
0.001571
0.003126
0.003163
0.27172
0.454444
0.158916
0.997646
0.412702
0.03425
0.994306
0.96503
0.999536
0.918994
0.820492
0.85094
0.004644
0.003156
0.002843
0.946235
0.002656
0.105378
0.002957
0.005135
0.097774
0.067873
0.992751
0.076057
0.283942
0.330882
0.961642
0.341163
0.284824
0.057084
0.050189
0.445587
0.703363
0.849216
0.002737
0.081524
0.392496
0.944954
0.002866
0.010312
0.007952
0.09292
0.012628
0.91529
0.997658
0.5146
0.004654
0.254503
0.021215
0.858143
0.991505
0.006575
0.821752
0.05737
0.003364
0.027128
0.166045
0.002044
0.997897
0.004469
0.445444
0.473407
0.887024
0.009979
0.002292
0.178885
0.398639
0.003201
0.040244
0.797601
0.462545
0.836399
0.685911
0.002645
0.178693
0.973261
0.00192
0.986461
0.002806
0.129041
0.872193
0.993049
0.002294
0.024275
0.448228
0.859069
0.015967
0.190732
0.148206
0.963054
0.663028
0.167116
0.598262
0.389368
0.583497
0.090638
0.434381
0.01038
0.001658
0.126206
0.26457
0.967841
0.095321
0.679239
0.999659
0.984134
0.121683
0.658848
0.003999
0.996922
0.919996
0.253422
0.004481
0.69813
0.916276
1.000073
0.808837
0.002598
0.00301
0.20486
0.927452
0.071279
0.740266
0.808138
0.793446
0.809486
0.006531
0.002243
0.241575
0.048039
0.616663
0.001841
0.840847
0.119978
0.274442
0.827954
0.81909
0.122935
0.237011
0.999899
0.402069
0.826077
0.004377
0.681896
0.247573
0.966272
0.112118
0.86375
0.001442
0.346856
0.033701
0.026459
0.963842
0.062391
0.1115
0.768849
0.292621
0.027607
0.637436
0.099975
0.058136
0.116101
0.999999
0.003549
0.402533
0.483405
0.323688
0.19828
0.008395
0.985521
0.003086
0.036501
0.888877
0.632561
0.001696
0.01702
0.071719
0.032646
0.338398
0.819161
0.227332
0.010793
0.586186
0.993904
0.06652
0.021026
0.966625
0.349904
0.003778
0.673982
0.015994
0.288697
0.965045
0.417377
0.003701
0.00258
0.150924
0.082987
0.300682
0.962982
0.99904
0.042114
0.058795
0.799007
0.051679
0.994382
0.220105
0.001902
0.007623
0.055266
0.959701
0.987489
0.00528
0.105027
0.024866
0.115095
0.006333
0.082385
0.113839
0.012373
0.102052
0.609527
0.99378
0.111829
0.984764
0.981881
0.166772
0.014949
0.658313
0.007743
0.038158
0.044728
0.004698
0.612825
0.619111
0.049643
0.269301
0.332868
0.99907
0.480602
0.998989
0.004286
0.10399
0.985013
0.062979
0.675332
0.98644
0.059202
0.476956
0.98495
0.222306
0.014526
0.862108
0.086442
0.346222
0.054559
0.040794
0.999898
0.020028
0.043907
0.004046
0.001863
0.025093
0.617206
0.004563
0.018523
0.853835
0.136534
0.008134
0.411491
0.119293
0.09845
0.395333
0.191467
0.33807
0.824388
0.00346
0.221492
0.009251
0.981555
0.003208
0.107064
0.375258
0.984156
0.016715
0.462062
0.001636
0.99275
0.017373
0.689139
0.30544
0.775097
0.248516
0.45227
0.001602
0.254848
0.997529
0.986751
0.002977
0.147264
0.920347
0.279087
0.694161
0.507874
0.034303
0.789671
0.038016
0.012326
0.00295
0.006236
0.551292
0.16879
0.916117
0.307323
0.040191
0.999103
0.040435
0.007361
0.099232
0.326045
0.171429
0.003239
0.003706
0.13431
0.164738
0.006477
0.00883
0.002502
0.432277
0.126167
0.01046
1.000008
0.59687
0.09741
0.74422
0.963953
0.003101
0.025886
0.140207
0.061337
0.026418
0.599815
0.017335
0.144958
0.986398
0.963349
0.002084
0.408238
0.006903
0.004021
0.67536
0.963364
0.002053
0.614979
0.243913
0.839936
0.608798
0.0199
0.003857
0.997503
0.793218
0.039975
0.804738
0.69039
0.594158
0.051798
0.013259
0.014618
0.96122
0.034083
1.000094
0.139241
0.04137
0.001911
0.635683
0.659911
0.964725
0.960377
0.020574
0.021548
0.2378
0.122631
0.03277
0.067406
0.695361
0.921979
0.25172
0.004932
0.001458
0.140815
0.108897
0.00312
0.99411
0.004663
0.126346
0.583715
0.003154
0.176205
0.997585
0.998892
1.0001
0.979704
0.284088
0.043555
0.002996
0.849777
0.053641
0.01303
0.000975
0.003203
0.002948
0.020814
0.519298
0.290347
0.998978
0.002038
0.75279
0.667963
0.99903
0.346726
0.726246
0.118211
0.801648
0.986653
0.37675
0.791097
0.997182
0.997789
0.50569
0.115701
0.003876
0.020153
0.082898
0.332874
0.003359
0.300404
0.179772
0.007133
0.43293
0.003835
0.019147
0.246735
0.830177
0.96577
0.964355
0.136698
0.002202
0.822286
0.674111
0.984796
0.018358
0.017287
0.156985
0.208779
0.04598
0.997303
0.002089
0.002621
0.328202
0.415767
0.001826
0.926727
0.060172
0.983286
0.290756
0.00235
0.961796
0.002904
0.26136
0.41094
0.002774
0.083381
0.727831
0.416328
0.056547
0.040156
0.214559
0.277491
0.028203
0.002146
0.042634
0.015497
0.343909
0.03657
0.004107
0.333204
0.02661
0.003384
0.002222
0.399581
0.177232
0.021487
0.982866
0.007239
0.923921
0.004666
0.983577
0.516122
0.963626
0.999925
0.992834
0.926483
0.298089
0.983132
0.992846
0.122419
0.094591
0.07116
0.997221
0.137986
0.002765
0.245072
0.996904
0.413657
0.003033
0.336698
0.962336
0.260234
0.795234
0.968497
0.986136
0.436332
0.159
0.07815
0.001042
0.003887
1.000021
0.003903
0.998834
0.99338
0.985617
0.021217
0.268195
0.802378
0.021751
0.96395
0.358563
0.99408
0.987134
0.00251
0.964861
0.224225
0.058849
0.825386
0.05369
0.210776
0.037016
0.767248
0.173316
0.001541
0.026336
0.17628
0.004445
0.679928
0.574229
0.061077
0.024638
0.999904
0.126974
0.034497
0.068447
0.004353
0.454845
0.004597
0.328934
0.96725
0.613455
0.085711
0.955045
0.923603
0.003754
0.359382
0.003962
0.076336
0.454769
0.999152
0.632358
0.084622
0.005377
0.011688
0.685146
0.217369
0.007
0.98416
0.004724
1.000019
0.050291
0.024152
0.999922
0.004226
0.628088
0.970402
0.003438
0.834183
0.999924
0.030954
0.167287
0.838356
0.002965
0.955323
0.01361
0.994828
0.002912
0.350126
0.683576
0.32321
0.002284
0.061764
0.374439
0.005628
0.002682
0.099417
0.0387
0.124944
0.022703
0.880028
0.895213
0.45714
0.96748
0.026509
0.064069
0.992722
0.489206
0.008179
0.981506
0.736839
0.420608
0.00339
0.608633
0.500322
0.686413
0.002903
0.010266
0.992865
0.706796
0.179514
0.466624
0.003515
0.837806
0.462835
0.004982
0.001463
0.997552
0.00569
0.99815
0.001765
0.026367
0.001363
0.073972
0.964867
0.026827
0.002856
0.065706
0.926295
0.124334
0.985945
0.997193
0.058022
0.32708
0.963133
0.505989
0.032037
0.01503
0.057922
0.00628
0.964592
0.111534
0.827703
0.010096
0.051184
0.009568
0.007258
0.279222
0.124623
0.139203
0.907718
0.986791
0.279583
0.819542
0.67414
0.99344
0.003319
0.017943
0.002125
0.927936
0.803437
0.003629
0.032727
0.00343
0.970512
0.880783
0.993496
0.002118
0.003211
0.666141
0.998923
0.445099
0.675482
0.853334
0.259205
0.274821
0.467086
0.424386
0.924393
0.004645
0.124161
0.024372
0.004697
0.057287
0.061504
0.00377
0.021958
0.997358
0.982588
0.480303
0.272729
0.306396
0.857417
0.013835
0.043787
0.813405
0.205332
0.845163
0.031872
0.033661
0.012008
0.233339
0.063099
0.005584
0.004734
0.753011
0.985774
0.665582
0.003383
0.904922
0.00496
0.930173
0.664143
0.966292
0.00246
0.998955
0.986619
0.0393
0.999923
0.018348
0.210246
0.069496
0.997451
0.918141
0.423769
0.118111
0.021064
0.224103
0.655102
0.020538
0.006857
0.104976
0.060696
0.958531
0.002639
0.467291
0.010534
0.76617
0.911577
0.708347
0.006915
0.966898
0.923309
0.817949
0.833311
0.022528
0.002002
0.998116
0.494775
0.799252
0.399314
0.058658
0.072284
0.792084
0.003849
0.99724
0.362155
0.201997
0.002929
0.99988
0.059249
0.965158
0.019877
0.003344
0.21082
0.009141
0.009435
0.056807
0.70423
0.011833
0.047684
0.007017
0.054945
0.920758
0.086579
0.084424
0.009811
0.018619
0.68194
0.9947
0.964143
0.994049
0.435116
0.968935
0.096787
0.998912
0.658839
0.966328
0.918772
0.912697
0.907092
0.932215
0.269007
0.141309
0.054801
0.040192
0.279853
0.999073
0.425065
0.360568
0.956323
0.986925
0.384738
0.006516
0.002184
0.111398
0.00442
0.003051
0.998976
0.649891
0.203168
0.690808
0.595165
0.659768
0.002076
0.254157
0.222702
0.04195
0.655879
0.053097
0.971087
0.83443
0.456304
0.026017
0.922366
0.966109
0.704265
0.999615
1.000064
0.866312
0.001427
0.020193
0.0044
0.001866
0.844308
0.106659
0.276183
0.999583
0.270085
0.696678
0.054941
0.983451
0.964869
0.573197
0.031758
0.39375
0.415335
0.993223
0.956376
0.85049
0.023895
0.39363
0.637924
0.828232
0.013348
0.44447
0.836464
0.999919
0.018137
0.019835
0.002846
0.798392
0.008064
0.697606
0.967361
0.216179
0.003066
0.682982
0.933408
0.858311
0.062238
0.052561
0.002107
0.002097
0.048626
0.909144
0.200316
0.323918
0.510428
0.669725
0.057181
0.013947
0.925169
0.007379
0.997254
0.001962
0.002827
0.983619
0.780713
0.251186
0.252799
0.058758
0.0031
0.999578
0.993437
0.002779
0.002594
0.959449
0.005599
0.002019
0.984938
0.509443
0.021178
0.481761
0.632398
0.003188
0.103302
0.250438
0.597413
0.014963
0.07657
0.349419
0.96736
0.43205
0.001147
0.227172
0.913253
0.093595
0.293095
0.097821
0.004146
0.984269
0.001316
0.984576
0.864877
0.985123
0.00257
0.129316
0.904694
0.013965
0.112112
0.08766
0.022066
0.001913
0.001519
0.006465
0.654021
0.50385
0.997416
0.033134
0.002285
0.843004
0.003124
0.99407
0.284803
0.820678
0.004121
0.997163
0.518866
0.01842
0.0601
0.156631
0.284529
0.060126
0.009381
0.46943
0.019142
0.696147
0.90973
0.196255
0.777894
0.833762
0.122495
0.002176
0.309787
0.011765
0.358562
0.01715
0.0076
0.801048
0.002907
0.003828
0.966948
0.016266
0.007493
0.004104
0.017003
0.687729
0.638799
0.427915
0.002481
0.050908
0.010319
0.321687
0.004063
0.768533
0.912164
0.436723
0.005504
0.985494
0.915299
0.155284
0.969761
0.641102
0.108687
0.080327
0.824166
0.097209
0.185336
0.058271
0.59708
0.004797
0.462074
0.213256
0.991661
0.068106
0.214629
0.695038
0.616891
0.042255
0.961036
0.999715
0.031245
0.268868
0.986286
0.019352
0.091645
0.485387
0.084358
0.062873
0.06227
0.569488
0.010341
0.012082
0.020871
0.005505
0.634941
0.612278
0.333322
0.403206
0.006846
1.000063
0.00984
0.419096
0.114711
0.00846
0.627946
0.002775
0.998701
0.002222
0.47635
0.229394
0.999685
0.055042
0.965468
0.01426
0.090196
0.007297
0.036596
0.023488
0.375495
0.021736
0.007898
0.062188
0.993721
0.019081
0.997125
0.002429
0.98453
0.100224
0.814575
0.002546
0.003896
0.851262
0.997456
0.190442
0.102744
0.023916
0.081624
0.106813
0.254338
0.361386
0.440754
0.929682
0.847357
0.993658
0.421671
0.99901
0.060589
0.043217
0.551804
0.018811
0.003998
0.821251
0.987224
0.994598
0.003393
0.027356
0.10631
0.901581
0.2485
0.016635
0.001796
0.325495
0.901837
0.900828
0.068602
0.224884
0.999892
0.985155
0.090726
0.830107
0.001784
0.968229
0.623736
0.79495
0.350108
0.003317
0.498185
0.958801
0.005321
0.048244
0.050104
0.961072
0.71301
0.018781
0.013604
0.999885
0.963461
0.055314
0.001835
0.281422
0.589406
0.960453
0.908185
0.004924
0.920232
0.970701
0.835139
0.081733
0.036895
0.30328
0.808614
0.268447
0.0072
0.003376
0.796714
0.018963
0.971113
0.002914
0.548936
0.6283
0.295917
0.051533
0.002867
0.01189
0.003706
0.995277
0.909467
0.084485
0.666286
0.038738
0.115012
0.804259
0.972855
0.002946
0.205461
0.907665
0.048133
0.01697
0.003458
0.102215
0.001917
0.025498
0.999024
0.992986
0.532893
0.992385
0.011873
0.003501
0.427383
0.451643
0.713544
0.008655
0.575339
0.610378
0.736901
0.131403
0.015164
0.96227
0.638933
0.98702
0.013036
0.00545
0.031458
0.00191
0.841069
0.994384
0.155713
0.018583
0.993104
0.028594
0.836652
0.055779
0.664366
0.744777
0.039527
0.003367
0.388908
0.755441
0.004572
0.67413
0.998925
0.354662
0.039102
0.810305
0.99726
0.062908
0.684753
0.993732
0.040449
0.050015
0.039845
0.082716
0.061613
0.995263
0.009032
0.455526
0.531549
0.014531
0.91286
0.890344
0.158867
0.075665
0.064966
0.049701
0.585522
0.906415
0.040462
0.993544
0.954916
0.003185
0.779817
0.930876
0.003608
0.275709
0.9087
0.223905
0.057008
0.002072
0.485104
0.024003
0.280017
0.962202
0.029973
0.701833
0.98459
0.034813
0.030003
0.193015
0.116467
0.002878
0.485176
0.064893
0.119973
0.004703
0.04135
0.599168
0.637722
0.712181
0.006854
0.9876
0.665561
0.004235
0.00611
0.172271
0.07392
0.019881
0.993336
0.033031
0.231666
0.822106
0.021906
0.093113
0.839196
0.26447
0.002425
0.002237
0.969162
0.993062
0.053513
0.357044
0.27757
0.139387
0.421587
0.236061
0.003707
0.847257
0.472665
0.106852
0.21015
0.002192
0.267762
0.82082
0.003713
0.005451
0.266841
0.445798
0.002106
0.006684
0.002648
0.920022
0.572622
0.088212
0.025918
0.163685
0.065302
0.963998
0.00911
0.857977
0.086379
0.01875
0.233664
0.440303
0.001145
0.999542
0.041773
0.034913
0.003723
0.004813
0.033293
0.003954
0.1725
1.000063
0.579871
0.242568
0.18923
0.003684
0.627318
0.430234
0.830719
0.003749
0.285824
0.909786
0.069447
0.373094
0.006034
0.138548
0.100715
0.244935
0.019842
0.15412
0.91387
0.790904
0.963374
0.917327
0.997612
0.001676
0.25237
0.321704
0.082087
0.824134
0.616922
0.901166
0.820659
0.151121
0.86241
0.201445
0.125718
0.853923
0.437756
0.013999
0.019942
0.009871
0.016515
0.94543
0.097876
0.722612
0.994624
0.965731
0.997647
0.043204
0.998997
0.643528
0.044145
0.832682
0.008323
0.999865
0.030257
0.398186
0.001992
0.98641
0.273715
0.017639
0.986212
0.024559
0.159116
0.999086
0.99737
0.622151
0.797619
0.204
0.093809
0.412926
0.836987
0.770344
0.722329
0.131573
0.004547
0.427218
0.204204
0.004677
0.004228
0.005692
0.463764
0.08323
0.025749
0.028589
0.042935
0.253503
0.021055
0.863047
0.927661
0.002979
0.134453
0.012335
0.016778
0.014446
0.786413
0.202113
0.005295
0.020336
0.070222
0.003669
0.024681
0.013674
0.89902
0.026365
0.608607
0.132163
0.004456
0.002372
0.845959
0.001681
0.004977
0.856887
0.147627
0.832308
0.818146
0.024062
0.100063
0.999061
0.997295
0.984198
0.004583
0.970387
0.039475
0.824302
0.230247
0.536339
0.677468
0.373508
0.003499
0.284081
0.030809
0.997356
0.002255
0.179769
0.012508
0.005461
0.077373
0.042511
0.033737
0.779219
0.203553
0.030989
0.147987
0.993294
0.993991
0.981821
0.143639
0.040866
0.12848
0.702818
0.914899
0.969074
0.997512
0.458772
0.100078
0.683521
0.099919
0.919915
0.003024
0.113005
0.928628
0.993835
0.662031
0.002473
0.008781
0.353124
0.912613
0.731076
0.042158
0.002104
0.914718
0.914455
0.016295
0.745661
0.29425
0.96553
0.003612
0.001056
0.97922
0.969689
0.009127
0.967429
0.019936
0.957038
0.390449
0.534871
0.03101
0.928904
0.005567
0.23202
0.014015
0.184334
0.998758
0.959938
0.362642
0.002938
0.00279
0.962411
0.999869
0.823339
0.001888
0.005922
0.000927
0.002718
0.10589
0.004887
0.965127
0.001917
0.798715
0.958333
0.265404
0.625028
0.002342
0.672549
0.815737
0.013197
0.147582
0.001545
0.961974
0.094173
0.665344
0.01892
0.415637
0.003553
0.011483
0.003435
0.40221
0.984894
0.110033
0.003673
0.013388
0.292827
0.065951
0.99991
0.981074
0.003799
0.999856
0.941735
0.082656
0.018334
0.001664
0.005702
0.184425
0.991963
0.003992
0.260678
0.010654
0.002709
0.007467
0.092529
0.278179
0.967682
0.00604
0.409641
0.02477
0.023416
0.115745
0.645413
0.932265
0.004107
0.020838
0.274862
0.559409
0.836807
0.935301
1.000009
0.993218
0.007634
0.327995
0.254632
0.968472
0.196243
0.294219
0.055863
0.025242
0.1357
0.704893
0.862323
0.01662
0.004521
0.662951
0.002559
0.723325
0.02896
0.055357
0.950676
0.843447
0.803158
0.025129
0.002913
0.007735
0.817397
0.985202
0.019684
0.027416
0.004077
0.036602
0.00578
0.120006
0.964032
0.454841
0.027337
0.089743
0.938279
0.84338
0.024117
0.956994
0.049381
0.004191
0.00237
0.848742
0.961672
0.004962
0.242804
0.143405
0.358651
0.510832
0.982962
0.516072
0.137621
0.371095
0.834172
0.001569
0.023601
0.032003
0.99337
0.007148
0.97168
0.963995
0.983061
0.039766
0.991728
0.446275
0.093671
0.831265
0.961216
0.604196
0.003594
0.832334
0.814908
0.00393
0.022487
0.14129
0.434421
0.005006
0.898957
0.071704
0.999915
0.921281
0.924139
0.985078
0.305325
0.003803
0.008801
0.002767
0.023501
0.032561
0.006174
0.050621
0.44403
0.904794
0.044619
0.997039
0.87839
0.003018
0.03873
0.622569
0.993306
0.278324
0.49023
0.06019
0.015587
0.007947
0.278105
0.116238
0.009271
0.99887
0.265669
0.43685
0.963589
0.684894
0.997562
0.887264
0.638133
0.927762
0.490535
0.938516
0.044271
0.924877
0.99345
0.44394
0.240817
0.935951
0.261537
0.459127
0.001456
0.872771
0.018534
0.275052
0.20566
0.051163
0.90671
0.467864
0.638195
0.094418
0.067867
0.02628
0.010796
0.961394
0.003464
0.968131
0.114047
0.982316
0.029833
0.421467
0.010225
0.9999
0.272576
0.094808
0.731449
0.251452
0.997453
0.001647
0.220764
0.00809
0.723645
0.038197
0.183601
0.189207
0.003665
0.982758
1.000082
0.168714
0.63077
0.170397
0.048684
0.926987
0.112479
0.999657
1.000016
0.387837
0.999606
0.310013
0.123185
0.226018
0.006202
0.064318
0.003775
0.005362
0.237999
0.120761
0.003545
0.957877
0.091255
0.997933
0.133199
0.994815
0.015849
0.993369
0.005376
0.017403
0.021663
0.875806
0.001915
0.997662
0.005993
0.815611
0.651002
0.308062
0.616691
0.460271
0.009563
0.675639
0.156715
0.993146
0.003211
0.865892
0.005717
0.057831
0.016833
0.997069
0.21468
0.99402
0.266741
0.997069
0.217731
0.11319
0.19602
0.017573
0.036025
0.017258
0.005842
0.003558
0.022561
0.016582
0.444518
0.986947
0.843835
0.999597
0.00419
0.910106
0.999039
0.999889
0.912369
0.377808
0.028515
0.466562
0.465087
0.05428
0.007092
0.147353
0.302074
0.004795
0.230784
0.894767
0.554622
0.008641
0.659165
0.00328
0.20292
0.32742
0.228056
0.992871
0.713414
0.095096
0.999027
0.913546
0.023661
0.0081
0.926623
0.00386
0.955897
0.546058
0.986703
0.007491
0.036636
0.983338
0.999687
0.023557
0.048758
0.003115
0.004356
0.994448
0.033674
0.710796
0.01049
0.049033
0.067059
0.004343
0.009658
0.002301
0.0027
0.00577
0.720176
0.677066
0.900285
0.003656
0.024888
0.002575
0.002739
0.006168
0.601727
0.655917
0.864781
0.678145
0.998657
0.004955
0.129198
0.457088
0.82931
0.993704
0.043114
0.922714
0.888522
1.000016
0.023464
0.646781
0.008346
0.931805
0.812955
0.841483
0.244286
0.222541
0.019925
0.98612
0.742034
0.696663
0.610958
0.676624
0.239363
0.253979
0.221249
0.672188
0.997004
0.950014
0.670119
0.003809
0.255648
0.983067
0.627574
0.64631
0.04058
0.82877
0.011948
0.006693
0.002762
0.987235
0.923906
0.003224
0.009714
0.010641
0.970137
0.849048
0.043629
0.028337
0.004649
0.142112
0.276001
0.837058
0.932058
0.848488
0.014492
0.657348
0.543249
0.265607
0.021866
0.882321
0.993638
0.004743
0.00696
0.387786
0.803002
0.425672
0.655295
0.498564
0.032007
0.032758
0.024631
0.003606
0.019526
0.015838
0.005457
0.107441
0.057595
0.060116
0.98666
0.971361
0.723305
0.532802
0.054313
0.18466
0.127219
0.071205
0.129659
0.931031
0.268388
0.137458
0.998758
0.472425
0.898336
0.003412
0.172944
0.016469
0.126816
0.113101
0.911374
0.985336
0.027172
0.477644
0.860499
0.994045
0.65264
0.018554
0.066458
0.027445
0.363533
0.963651
0.015651
0.420321
0.001747
0.812098
0.419275
0.941489
0.049563
0.006512
0.898903
0.897873
0.003034
0.130246
0.023541
0.397079
0.679663
0.040696
0.167668
0.046031
0.143569
0.003384
0.162835
0.085171
0.983285
0.143643
0.624305
0.638038
0.013453
0.057991
0.001798
0.923804
0.180855
0.985143
0.006559
0.003915
0.44255
0.932623
0.303458
0.007141
0.005615
0.00433
0.030248
0.057264
0.003
0.025812
0.829451
0.966798
0.057159
0.011592
0.020672
0.464261
0.903117
0.993887
0.033557
0.24689
0.014809
0.253903
0.002567
0.00741
0.997357
0.71616
0.008996
0.323572
0.008053
0.997584
0.001825
0.011839
0.0035
0.001522
0.058233
0.083978
0.00828
0.959013
0.122321
0.003999
0.770938
0.461178
1.000014
0.406436
0.666958
0.359197
0.982869
0.340338
0.101318
0.093948
0.019509
0.003283
0.009656
0.987236
0.003405
0.929582
0.010176
0.340758
0.147614
0.002584
0.003121
0.947885
0.007135
0.909258
0.848589
0.416979
0.037164
0.085262
0.109423
0.407917
0.03683
0.001967
0.003047
0.055001
0.013772
0.461853
0.001727
0.910201
0.015976
0.072235
0.003691
0.021947
0.655776
0.996714
0.135733
0.002964
0.830939
0.873459
0.052404
0.223541
0.673857
0.267884
0.059947
0.002474
0.02823
0.799534
0.115671
0.02522
0.00926
0.777658
0.013137
0.369763
0.656049
0.999088
0.692267
0.682567
0.095544
0.999651
0.999569
0.666067
0.96799
0.0919
0.927753
0.003589
0.463323
0.004106
0.757979
0.415292
0.954798
0.253118
0.650866
0.023903
0.196493
0.999661
0.801332
0.015013
0.011683
0.020443
0.124461
0.005875
0.986081
0.006603
0.021951
0.993802
0.739465
0.599906
0.058255
0.002994
0.013061
0.79637
0.001737
0.999715
0.043866
0.202334
0.612243
0.142032
0.030632
0.836166
0.778766
0.962024
0.77998
0.030186
0.069804
0.005474
0.578462
0.016293
0.246137
0.002436
0.082625
0.483658
0.418983
0.027715
0.9977
0.965031
0.999583
0.907592
0.496615
0.005817
0.999039
0.003114
0.174379
0.958295
0.678445
0.997507
0.477581
0.464888
0.001891
0.11309
0.634848
0.999585
0.434991
0.097849
0.003063
0.142218
0.99991
0.002358
0.969382
0.871626
0.007371
0.161609
0.005201
0.425039
0.003426
0.622519
0.270262
0.019299
0.929115
0.577166
0.816523
0.011249
0.024085
0.66673
0.010667
0.825044
0.997323
0.506898
0.052447
0.013636
0.010394
0.00294
0.001632
0.010863
0.472401
0.047058
0.458808
0.033259
0.351841
0.810148
0.578142
0.914187
0.00398
0.421665
0.98734
0.999063
0.967453
0.004365
0.519238
0.228357
0.054131
0.004723
0.10726
0.011058
0.005299
0.608388
0.958416
0.010298
0.103095
0.655
0.931966
0.008017
0.051791
0.486399
0.500906
0.339663
0.647553
0.181239
0.014039
0.122825
0.34568
0.911944
0.638096
0.44855
0.040226
0.002826
0.02982
0.703323
0.043307
0.999629
0.096973
0.116136
0.003209
0.448885
0.421414
0.993096
0.381528
0.999035
0.967804
0.047473
0.824142
0.917625
0.985459
0.184135
0.912155
0.311958
0.853831
0.003042
0.068527
0.919468
0.502323
0.035103
0.626835
0.824683
0.973252
0.00214
0.58178
0.003344
0.9383
0.055648
0.179793
0.052956
0.632312
0.421256
0.030929
0.008785
0.064288
0.144936
0.18316
0.924015
0.484548
0.450182
0.020854
0.018169
0.667183
0.005947
0.003961
0.547191
0.002638
0.010226
0.004856
0.007064
0.398271
0.24822
0.415047
0.002091
0.074337
0.008097
0.099107
0.003845
0.14862
0.366441
0.997436
0.446633
0.830544
0.021951
0.308874
0.212317
0.00871
0.042116
0.405292
0.674077
0.135882
0.58008
0.003811
0.44383
0.040079
0.868373
0.635126
0.999905
0.009941
0.00322
0.985984
0.035211
0.012091
0.689143
0.955237
0.050657
0.002458
0.595296
0.476769
0.015885
0.005005
0.923018
1.000011
0.004573
0.99965
0.004911
0.002077
0.138392
0.820186
0.27929
0.249859
0.009912
0.003772
0.694936
0.005284
0.929887
1.000074
0.049746
0.991952
0.058103
0.197425
0.930447
0.636347
0.993327
0.983463
0.26697
0.001739
0.379966
0.171768
0.565466
0.844195
0.222951
0.96754
0.022795
0.235278
0.187158
0.089909
0.003181
0.008042
0.992996
0.105978
0.715637
0.386199
0.003126
0.009046
0.389773
0.999654
0.003006
0.003965
0.454841
0.004375
0.96225
0.007795
0.151878
0.011321
0.997433
0.965418
0.832109
0.445237
0.999141
1.000005
0.153098
0.612213
0.002955
0.692532
0.326908
0.468737
0.998862
0.790887
0.901763
0.807258
0.971027
0.82199
0.995048
0.794793
0.965269
0.920101
0.254535
0.011284
0.001088
0.9999
0.651716
0.999591
0.996927
0.808787
0.997688
0.039553
0.647627
0.951883
0.223075
0.26666
0.197481
0.105895
0.793999
0.055036
0.194195
0.583523
0.986926
0.056906
0.643074
0.998985
0.100455
0.001779
0.915181
0.037908
0.00664
0.379629
0.370309
0.209881
0.526852
0.134706
0.412004
0.001763
0.99736
0.983826
0.21241
0.125936
0.14192
0.031456
0.247151
0.002687
0.003609
0.051258
0.809044
0.998743
0.922121
0.592586
0.926507
0.001977
0.285786
0.26993
0.039144
0.11424
0.057056
0.741845
0.002464
0.118787
0.110235
0.012726
0.004285
0.126135
0.250333
0.011631
0.048933
0.705949
0.002618
0.983338
0.827227
0.984426
0.003121
0.003041
0.961912
0.558971
0.086257
0.018081
0.158984
0.606603
0.235562
0.007521
0.99425
0.00322
0.324943
0.027807
0.984682
0.005196
0.005491
0.257019
0.24222
0.85046
0.999922
0.967466
0.007195
0.00219
0.437475
0.712787
0.999906
0.983314
0.522407
0.002349
0.16214
0.045743
0.921069
0.002234
0.973506
0.004714
0.66263
0.48316
0.825644
0.11818
0.147619
0.218276
0.924322
0.211466
0.00265
0.913143
0.24881
0.00205
0.006634
0.015487
0.448064
0.229323
0.004051
0.686524
0.185464
0.003617
0.999637
0.814599
0.027798
0.455731
0.001783
0.709261
0.002527
0.103503
0.985392
0.829341
0.870564
0.39878
0.00623
0.636583
0.988139
0.027398
0.012728
0.812915
0.016999
0.076301
0.845389
0.219857
0.661852
0.056982
0.003143
0.967683
0.097696
0.002084
0.994191
0.476426
0.848212
0.930931
0.016887
0.160003
0.003937
0.981634
0.958121
0.002791
0.363429
0.064112
0.278369
0.536566
1.000015
0.974904
0.076246
0.072199
0.008618
0.002738
0.031223
0.213541
0.851743
0.632147
0.674758
0.808548
0.705538
0.865942
0.112542
0.421068
0.039441
0.003585
0.001484
0.123017
0.284996
0.462439
0.659474
0.992626
0.519606
0.000953
0.003086
0.914994
0.643477
0.918309
0.190189
0.085181
0.03004
0.13585
0.969688
0.01258
0.003186
0.00372
0.027888
0.001425
0.003576
0.619591
0.985448
0.994918
0.099341
0.096134
0.439168
0.142974
0.992923
1.000094
0.083973
0.986052
0.581051
0.127732
0.00308
0.985421
0.8083
0.043276
0.635734
0.002881
0.017418
0.993913
0.092167
0.018131
0.14643
0.142701
0.374772
0.051045
0.997331
0.863212
0.0033
0.36763
0.063869
0.0022
0.058146
0.624321
0.002549
0.232318
0.922619
0.022925
0.025829
0.980927
0.251854
0.01122
0.051924
0.030592
0.503086
0.83321
0.450144
0.816482
0.199098
0.825277
0.254752
0.003685
0.960962
0.080566
0.025118
0.986175
0.999869
0.961749
0.86828
0.999643
0.993611
0.329997
0.999667
0.929361
0.090398
0.479748
0.10477
0.003978
0.23676
0.003063
0.017959
0.032237
0.67959
0.184072
0.622373
0.993704
0.436527
0.009863
0.407601
0.562687
0.043329
0.02956
0.003713
0.999649
0.085121
0.001129
0.970639
0.054366
0.083357
0.997666
0.064848
0.785757
0.101792
0.054774
0.993534
0.894499
0.972771
0.008592
0.996732
0.811053
0.212625
0.931247
0.003073
0.009909
0.914278
0.421923
0.964526
0.007088
0.963869
0.00262
0.00264
0.041585
0.488746
0.053111
0.286628
0.811968
0.917507
0.813343
0.077263
0.997262
0.18141
0.962712
0.819879
0.814739
0.191023
0.01357
0.26346
0.936211
0.217641
0.856974
0.257779
0.027772
0.788863
0.007935
0.288965
0.085895
0.998897
0.031459
0.004486
0.63612
0.002856
0.25597
0.982772
0.097006
0.004937
0.920047
0.004703
0.340527
0.24648
0.968301
0.179732
0.099595
0.002158
0.001592
0.999073
0.008967
0.015471
0.930207
0.831842
0.007892
0.015567
0.003319
0.435776
0.712031
0.293473
0.709763
0.999624
0.293587
0.058672
0.002496
0.808793
0.003226
0.004147
0.089173
0.999109
0.259567
0.00361
0.117866
0.225914
0.01439
0.81007
0.013557
0.005788
0.95599
0.968557
0.968911
0.219093
0.119383
0.04697
0.808541
0.987043
0.695798
0.568215
0.003413
0.910771
0.566051
0.00182
0.834608
0.004779
0.003326
0.110839
0.278162
0.007136
0.985803
0.009402
0.483767
0.853582
0.622186
0.616174
0.122601
0.96633
0.785646
0.002492
0.958185
0.655806
0.420884
0.010363
0.997442
0.461157
0.068338
0.920075
0.299688
0.012659
0.556398
0.399718
0.051606
0.046923
0.702142
0.420585
0.010742
0.962347
0.023569
0.713948
0.691722
0.419098
0.004236
0.015844
0.269144
0.926304
0.023388
0.004325
0.921515
0.857288
0.014448
0.963049
0.981501
0.106756
0.99953
0.022592
0.65542
0.997402
0.002082
0.992762
0.9161
0.283469
0.00259
0.081786
0.792397
0.965827
0.025832
0.912699
0.79239
0.303019
0.392937
0.064079
0.945268
0.286052
0.026725
0.117943
0.184871
0.447909
0.014553
0.964345
0.996503
0.087479
0.162838
0.148371
0.177433
0.92172
0.010852
0.91111
0.045771
0.836969
0.836278
0.376501
0.451886
0.265127
0.044559
0.023122
0.006438
0.004205
0.997309
0.955339
0.451681
0.009034
0.677424
0.04158
0.004046
0.806861
0.058223
0.001352
0.244531
0.233844
0.987569
0.002531
0.998844
0.24439
0.02512
0.018161
0.912607
0.016776
0.086487
0.04559
0.764771
0.03559
0.923986
0.707529
0.02426
0.389046
0.665801
0.911565
0.091839
0.028248
0.009984
0.982065
0.073462
0.071593
0.090811
0.002081
0.017939
0.965287
0.665051
0.092148
0.638501
0.644532
0.046198
0.897996
0.08427
0.037419
0.061353
0.005237
0.993528
0.015502
0.014166
0.572764
0.255277
0.003158
0.003202
0.004722
0.018876
0.29158
0.345599
0.832531
0.002445
0.271389
0.009883
0.984411
0.1019
0.046797
0.426995
0.003477
0.814888
0.234228
0.895274
0.002522
0.261506
0.148722
0.327695
0.007336
0.008657
0.670138
0.033941
0.036925
0.986715
0.25058
0.115052
0.146306
0.031924
0.003253
0.64465
0.3809
0.128565
0.14933
0.984655
0.002213
0.318163
0.970597
0.002779
0.999929
0.112745
0.037633
0.840456
0.062352
0.004053
0.807392
0.0042
0.262146
0.002234
0.013743
0.00392
0.456442
0.966765
0.577706
0.285615
0.561213
0.147761
0.99887
0.026211
0.529404
0.993561
0.015194
0.003109
0.10641
0.064673
0.100711
0.922658
0.003636
0.004487
0.356683
0.909246
0.274219
0.215076
0.004652
0.005125
0.057347
0.099445
0.738432
0.954405
0.003523
0.006764
0.024358
0.003286
0.909275
0.98726
0.671945
0.008489
0.288846
0.107021
0.077552
0.277077
0.915973
0.452587
1.000097
0.006244
0.001935
0.647664
0.98552
0.002953
0.293094
0.9603
0.005625
0.022253
0.00344
0.062676
0.146824
0.002329
0.011314
0.761972
0.925407
0.422511
0.010039
0.960483
0.026
0.592529
0.012134
1.000072
0.216902
0.2231
0.148848
0.113593
0.43271
0.048059
0.393249
0.002164
1.0
0.997465
0.614311
0.99406
0.027707
0.063028
0.395157
0.003267
0.023682
0.150764
0.83511
0.851588
0.072885
0.003497
0.197726
0.225628
0.004271
0.002984
0.009192
0.998859
0.780441
0.630329
0.0036
0.006806
0.012927
0.038305
0.846559
0.004833
0.476346
0.03051
0.005124
0.09781
0.014448
0.085349
0.776081
0.993661
0.82858
0.005747
0.009928
0.001856
0.004385
0.509518
0.743384
0.979553
0.140763
0.559986
0.639391
0.010293
0.19668
0.64136
0.959536
0.003476
0.002855
0.421746
0.194997
0.009562
0.001756
0.2457
0.985064
0.032075
0.866867
0.44359
0.52275
0.99741
0.957476
0.985977
0.376529
0.061823
0.005671
0.901647
0.997233
0.0601
0.716347
0.095874
0.002398
0.366574
0.012047
0.925048
0.966604
0.035722
0.436401
0.540034
0.222314
0.013136
0.22239
0.2409
0.092618
0.059959
0.0554
0.018025
0.002565
0.963816
0.030913
0.810163
0.041818
0.274921
0.999916
0.441901
0.010603
0.90343
0.659841
0.001535
0.084363
0.108245
0.004083
0.273005
0.003114
0.045544
0.006659
0.994199
0.636789
0.919319
0.673179
0.002561
0.015027
0.367935
0.269112
0.016761
0.448538
0.138219
0.021098
0.600682
0.342454
0.961899
0.983334
0.816205
0.019181
0.971167
0.646807
0.003319
0.513313
0.973509
0.014562
0.99673
0.952918
0.893163
0.999142
0.023138
0.062552
0.999617
0.837985
0.050377
0.018886
0.005139
0.22037
0.013949
0.01828
0.050554
0.003841
0.664481
0.230887
0.021046
0.005758
0.999611
0.27923
0.964716
0.00242
0.008455
0.461764
0.004502
0.482447
0.246319
0.261792
0.446235
0.001281
0.953899
0.34233
0.155615
0.015176
0.002609
0.003159
0.050875
0.001168
0.993128
0.004424
0.993485
0.008239
0.001254
0.839094
0.285482
0.681559
0.00225
0.460558
0.415539
0.052341
0.662386
0.575691
0.958225
0.925467
0.793201
0.372144
0.767566
0.987698
0.913511
0.200339
0.008594
0.922734
0.004259
0.606489
0.19999
0.101708
0.247419
0.003703
0.415973
0.002943
0.004501
0.39899
0.799014
0.011215
0.809461
0.384652
0.005652
0.692233
0.066319
0.001117
0.59006
0.158365
0.984069
0.176564
0.062682
0.019654
0.025403
0.021079
0.109781
0.986405
0.113283
0.992909
0.805956
0.663919
0.151196
0.268107
0.225304
0.877076
0.00252
0.299063
0.045369
0.020453
0.399065
0.016741
0.109584
0.636595
0.00248
0.393048
0.001891
0.279665
0.002589
0.042921
0.003547
0.99894
0.986379
0.01517
0.998868
0.96726
0.142718
0.915895
0.073797
0.019511
0.053999
0.04885
0.605098
0.828043
0.961518
0.828814
0.982484
0.796572
0.271842
0.200554
0.129744
0.050771
0.003419
0.13936
0.038644
0.650256
0.046116
0.663417
0.023468
0.800946
0.003648
0.859398
0.006739
0.017003
0.918332
0.99991
0.640551
0.01623
0.092656
0.959423
0.175121
0.823398
0.676431
0.239192
0.136412
0.0033
0.488995
0.651576
0.02683
0.241631
0.01312
0.035761
0.015051
0.004327
0.006465
0.394489
0.999555
0.46413
0.04706
0.812814
0.042074
0.999137
0.986134
0.004394
0.463707
0.895739
0.059806
0.917855
0.906391
0.834385
0.44557
0.004078
0.209282
0.002843
0.704255
0.479066
0.002451
0.003429
0.001704
0.621697
0.005486
0.001433
0.994657
0.001304
0.002861
0.024887
0.987185
0.125557
0.001632
0.993626
0.087363
0.006123
0.051745
0.653618
0.1501
0.122087
0.372605
0.004456
0.411702
0.04434
0.72873
0.418196
0.371326
0.113591
0.969816
0.017131
0.138893
0.049271
0.478109
0.954362
0.085714
0.999076
0.001621
0.206442
0.0026
0.062436
0.209187
0.002806
0.224414
0.149351
0.002283
0.003817
0.699831
0.064387
0.421535
0.658073
0.046476
0.011355
0.798302
0.998911
0.11205
0.014706
1.000008
1.000066
0.021369
0.002072
0.999061
0.032272
0.034309
0.026891
0.028458
0.004014
0.541557
0.049819
0.63968
0.033615
0.034341
0.253923
0.847259
0.059829
0.028229
0.137347
0.003314
0.997519
0.006169
0.994065
0.641637
0.591481
0.005097
0.242002
0.271891
0.668608
0.526279
0.058966
0.009626
0.404405
0.09918
0.062964
0.009067
0.061461
0.906585
0.9603
0.181087
0.002777
0.009116
0.004806
0.982685
0.004696
0.99361
0.804728
0.822121
0.003109
0.096499
0.003517
0.09551
0.221172
0.08726
0.433022
0.917782
0.918161
0.398788
0.010367
0.012833
0.002744
0.047798
0.176577
0.986288
0.999001
0.105682
0.833976
0.997529
0.3595
0.003104
0.972565
0.09388
0.66138
0.139712
0.800747
0.223547
0.070068
0.114392
0.032685
0.187384
0.089569
0.011986
0.068476
0.067846
0.809884
0.246121
0.831831
0.0017
0.983425
0.003926
0.022784
0.997385
0.005321
0.00432
0.935327
0.418322
0.817436
0.493541
0.006703
0.739522
0.288539
0.120467
0.358479
0.022111
0.007392
0.138138
0.962398
0.985001
0.677948
0.197938
0.069583
0.403475
0.368492
0.008048
0.024893
0.47279
0.898996
0.99336
0.003121
0.178849
0.130228
0.155656
0.051059
0.011444
0.984265
0.993085
0.601411
0.637995
0.959462
0.001029
0.003245
0.004188
0.679291
0.006641
0.37107
0.195029
0.959613
0.209188
0.977875
0.005796
0.190674
0.485246
0.101967
0.006507
0.960051
0.964982
0.02651
0.34815
0.005164
0.143269
0.808078
0.003656
0.814663
0.096852
0.987295
0.800049
0.002423
0.450042
0.39353
0.530408
0.987358
0.843945
0.536655
1.000095
0.46099
0.413742
0.999643
0.096852
0.510911
0.01394
0.00261
0.122822
0.232676
0.015221
0.002191
0.004525
0.920471
0.965258
0.024607
1.000014
0.012074
0.00841
0.011803
0.999725
0.6816
0.508698
0.005618
0.909758
0.009002
0.002335
0.010415
0.983754
0.021921
0.992218
0.008807
0.668896
0.009211
0.002689
0.994678
0.041996
0.92022
0.087366
0.999917
0.25268
0.983204
0.010281
0.784791
0.997961
0.055881
0.001843
0.997472
0.600834
0.0023
0.013708
0.129233
0.029096
0.009188
0.993692
0.020056
0.21253
0.683587
0.662131
0.593789
0.999597
0.051943
0.015928
0.124306
0.006213
0.677132
0.285201
0.929429
0.002124
0.647268
0.002917
0.995312
0.969253
0.401815
0.011766
0.115522
0.023736
0.967992
0.6507
0.053846
0.23066
0.002419
0.02292
0.003212
0.998873
0.99463
0.059347
0.83442
0.499233
0.997629
0.001896
0.983805
0.806521
0.189895
0.624364
0.807466
0.004116
0.981358
0.016133
0.482517
0.133871
0.083169
0.236913
0.103132
0.007353
0.970888
0.312689
0.441872
0.001245
0.646745
0.986795
0.011842
0.031685
0.896986
0.040356
0.004451
0.38642
0.001588
0.020641
0.925751
0.666688
0.905476
0.994518
0.003321
0.674379
0.012691
0.228018
0.04212
0.096127
0.235511
0.003034
0.003726
0.012505
0.010242
0.016177
0.034523
0.003108
0.940944
0.003763
0.805226
0.094655
0.2252
0.003208
0.932125
0.001231
0.005136
0.033799
0.299826
0.999616
0.002521
0.998783
0.001238
0.693323
0.0406
0.955751
0.021631
0.918869
0.421812
0.393949
0.471682
0.660831
0.8502
0.726731
0.021533
0.092858
0.966816
0.108913
0.002088
0.00933
0.217939
0.717707
0.713057
0.993197
0.04851
0.019934
0.017458
0.52549
0.060843
0.002565
0.123046
0.982928
0.954966
0.440585
0.003039
0.416511
0.398624
0.228232
0.015878
0.101731
0.583767
0.652504
0.388629
0.002567
0.958492
0.473523
0.399841
0.639113
0.999551
0.13055
0.073271
0.061407
0.001832
0.003292
0.008003
0.245411
0.009954
0.931626
0.831635
0.592126
0.019076
0.915778
0.025558
0.818803
0.002922
0.003263
0.597046
0.009148
0.467247
0.671431
0.233016
0.02018
0.91084
0.96265
0.031019
0.030534
0.682084
0.223206
0.012651
0.781539
0.035712
0.871522
0.007976
0.441753
0.592597
0.623928
0.244354
0.043309
0.005111
0.991853
0.161036
0.967785
0.955005
0.092963
0.967974
0.014331
0.812591
0.83903
0.822848
0.40523
0.017556
0.676101
0.884069
0.087066
0.964822
0.839551
0.005417
0.010055
0.139992
0.004387
0.631352
0.261457
0.994164
0.959049
0.992709
0.002153
0.209199
0.992693
0.024037
0.916259
0.463437
0.67816
0.121626
0.005691
0.294308
0.749917
0.109913
0.893163
0.126328
0.057421
0.148442
0.967181
0.243207
0.959214
0.014452
0.784233
0.956669
0.796301
0.614041
0.010881
0.951433
0.116577
0.097103
0.999573
0.01053
0.009744
0.744864
0.206018
0.787632
0.087368
0.014261
0.828919
0.482086
0.985275
0.003248
0.003455
0.114982
0.003168
0.072314
0.969323
0.198124
0.003119
0.04627
0.997505
0.143981
0.811418
0.003159
0.427595
0.994756
0.966013
0.003001
0.015592
0.918942
0.082759
0.003691
0.949403
0.997478
0.83008
0.62584
0.145305
0.008716
0.958402
0.003799
0.843849
0.289781
0.639343
0.55507
0.999896
0.58672
0.987379
0.194563
0.23621
0.816529
0.061964
0.247343
0.911159
0.002417
0.696708
0.984168
0.063682
0.638686
0.228281
0.993845
0.090765
0.719189
0.648965
0.296442
0.003399
0.003142
0.001975
0.993321
0.002703
0.019422
0.960359
0.852477
0.655232
0.464188
0.999684
0.103438
0.202753
0.99762
0.706941
0.221513
0.127885
0.011714
0.275456
0.994104
0.005353
0.441907
0.653738
0.736431
0.966432
1.000024
0.017404
0.0981
0.073052
0.223386
0.860015
0.983539
0.28372
0.02375
0.501065
0.003368
0.322396
0.003252
0.033146
0.002302
0.363926
0.009095
0.77183
0.003614
0.024831
0.831404
0.998947
0.984207
0.188419
0.008521
0.011684
0.018417
0.244388
0.828435
0.121033
0.178824
0.981802
0.00466
0.656762
0.023421
0.905364
0.045529
0.061231
0.009618
0.928838
0.032961
0.455743
0.004606
0.011466
0.001833
0.933362
0.930715
0.163032
0.704012
0.82543
0.989584
0.014146
0.842688
0.002634
0.961774
0.818582
0.001753
0.967424
0.40772
0.013373
0.156381
0.003382
0.004492
0.823063
0.037754
0.012721
0.1326
0.286931
0.002374
0.024614
0.037256
0.019997
0.249179
0.964519
0.001562
0.121517
0.111285
0.013061
0.999681
0.825185
0.002598
0.422776
0.126836
0.976455
0.913464
0.983999
0.785933
0.197908
0.00611
0.175988
0.002764
0.968944
0.467415
0.002515
0.015184
0.382518
0.29927
0.992612
0.220764
0.997499
0.448348
0.008494
0.746469
0.008166
0.657966
0.903513
0.191775
0.08779
0.647362
0.992287
0.916705
0.302895
0.02212
0.004127
0.731559
0.008473
0.019909
0.064152
0.309321
0.048048
0.024187
0.054008
0.831656
0.093108
0.009624
0.002257
0.003607
0.932063
0.009181
0.027907
0.015087
0.79153
0.637785
0.997593
0.152576
0.214466
0.905403
0.002155
0.961919
0.002762
0.410836
0.994137
0.655564
0.871009
0.002671
0.027324
0.128245
0.638302
0.016302
0.005746
0.053187
0.999692
0.863093
0.035569
0.664553
0.38682
0.999992
0.262248
0.016678
0.658224
0.837963
0.629283
0.981071
0.023506
0.827246
0.002479
0.721051
0.834163
0.003594
0.8946
0.965956
0.002274
0.675207
0.982635
0.538027
0.113981
0.403343
0.999592
0.933324
0.932341
0.007763
0.986461
0.22012
0.008683
0.961965
0.012423
0.308315
0.707323
0.0024
0.228833
0.180595
0.053554
0.605639
0.003206
0.007822
0.966101
0.001869
0.002669
0.025837
0.04987
0.526651
0.993671
0.993258
0.069546
0.064846
0.95644
0.209236
0.99521
0.513362
0.496298
0.007088
0.038143
0.362627
0.924662
0.912061
0.003431
0.003063
0.002159
0.005024
0.228043
0.968856
0.03154
0.268314
0.433746
0.96899
0.440652
0.05867
0.965591
0.654154
0.685379
0.084093
0.409356
0.47337
0.003868
0.0175
0.999903
0.628199
0.002694
0.003746
0.642235
0.984268
0.797942
0.429784
0.083659
0.663719
0.008178
0.903156
0.020701
0.839277
0.999128
0.007401
0.993561
0.019036
0.743496
0.96746
0.050015
0.004701
0.985082
0.056154
0.002044
0.002977
0.00442
0.003891
0.148734
0.910226
0.064862
0.008357
0.688233
0.002777
0.51628
0.085047
0.003088
0.039269
0.790962
0.004536
0.993678
0.99326
0.020047
0.996925
0.878908
0.921422
0.901595
0.230823
0.632462
0.149897
0.477313
0.040767
0.024884
0.006281
0.017182
0.137907
0.655531
0.904365
0.373624
0.259607
0.122669
0.013504
0.982469
0.111481
0.004052
0.020264
0.998865
0.983217
0.918929
0.109647
0.67743
0.928943
0.652532
0.676275
0.999044
0.002773
0.929338
0.838752
0.007482
0.982857
0.992247
0.040458
0.994992
0.893122
0.126934
0.999578
0.220579
0.98318
0.036733
0.005698
0.146361
0.003489
0.927627
0.999677
0.001592
0.969286
0.937458
0.757344
0.938563
0.959621
0.002428
0.661138
0.911151
0.042078
0.0669
0.996622
0.997414
0.212985
0.985653
0.116632
0.003663
0.30651
0.984883
0.983599
0.06157
0.00259
0.00208
0.024084
0.006654
0.105446
0.11669
0.234044
0.320376
0.998062
0.003426
0.030013
0.997167
0.049704
0.636621
0.003187
0.45925
0.013314
0.904684
0.006137
0.307815
0.999915
0.968789
0.833234
0.003507
0.646325
0.187679
0.003669
0.002751
0.99405
0.019548
0.678821
0.005146
0.029136
0.473336
0.077753
0.002777
0.106414
0.663133
0.297985
0.916103
0.054123
0.99959
0.986513
0.017393
0.002079
0.009691
1.000066
0.9698
0.006784
0.986111
0.002386
0.216954
0.425052
0.094807
0.729705
0.662766
0.246672
0.008779
0.001815
0.301899
0.150678
0.921428
0.055028
0.001727
0.003281
0.183898
0.926548
0.965837
0.427788
0.219486
0.900004
0.796714
0.594908
0.018991
0.195982
0.123839
0.481094
0.923591
0.066979
0.926415
0.002712
0.018073
0.997382
0.012302
0.005897
0.238391
0.141464
0.371221
0.019672
0.004778
0.023548
0.643756
0.050684
0.994433
0.857871
0.08432
0.452979
0.312814
0.033067
0.251011
0.001311
0.572613
0.012826
0.014444
0.001138
0.020078
0.003936
0.229504
0.961343
0.001643
0.236046
0.994594
0.137294
0.090653
0.919035
0.627892
0.985995
0.445631
0.013578
0.212415
0.385686
0.657062
0.994535
0.007156
0.023525
0.407081
0.093858
0.02011
0.010869
0.807189
0.002385
0.003014
0.280816
0.005247
0.410818
0.006977
0.960175
0.917603
0.003526
0.983408
0.332677
0.910551
0.001522
0.932505
0.424385
0.102665
0.5847
0.917186
0.841222
0.046324
0.937226
0.052765
0.244635
0.979403
0.992753
0.148527
0.37761
0.003321
0.019
0.712174
0.980711
0.999661
0.476076
0.656281
0.107327
0.468245
0.89868
0.004228
0.033974
0.145905
0.004097
0.307839
0.918303
0.623897
0.970055
0.03243
0.038987
0.00275
0.195764
0.271717
0.630824
0.00501
0.999916
0.002374
0.039967
0.345504
0.050051
0.908427
0.014164
0.044697
0.004113
0.234165
0.916753
0.515512
0.025876
0.006445
0.004078
0.102388
0.027302
0.003247
0.679554
1.000005
0.987214
0.003894
0.992172
0.735535
0.257144
0.00425
0.045066
0.024449
0.862287
0.933265
0.024686
0.160702
0.004706
0.0028
0.008728
0.928755
0.926443
0.81039
0.993596
0.025731
0.993986
0.997367
0.067079
0.117361
0.266849
0.683445
0.174062
0.033919
0.334657
0.617688
0.013877
0.632578
0.020946
0.085105
0.18716
0.986284
0.01359
0.630103
0.931725
0.022513
0.44957
0.919781
0.135883
0.859037
0.212628
0.92348
0.505743
0.985271
0.12365
0.136969
0.996928
0.007602
0.00335
0.998976
0.187135
0.004678
0.730429
0.003832
0.384395
0.012583
0.982163
0.985049
0.465361
0.003184
0.022803
0.965745
0.91403
0.984351
0.924248
0.010619
0.227038
0.171058
0.021459
0.004222
0.365665
0.96546
0.026419
0.109982
0.524226
0.292397
0.258216
0.158934
0.058762
0.061761
0.041894
0.012215
0.637828
0.453208
0.004882
0.157356
0.050047
0.348338
0.919521
0.775065
0.99887
0.01316
0.277165
0.065506
0.583307
0.002582
0.994373
0.450454
0.132038
0.998968
0.248949
0.997436
0.323639
0.097941
0.042771
0.914604
0.051693
0.964649
0.909816
0.993756
0.724291
0.002052
0.98503
0.251963
0.003168
0.0307
0.654846
0.0024
0.007197
0.332709
0.060814
0.019942
0.3907
0.005521
0.62181
0.317085
0.96552
0.004205
0.011948
0.150318
0.055171
0.001647
0.00427
0.994821
0.422187
0.521124
0.002899
0.665964
0.034693
0.003619
0.003979
1.000084
0.032427
0.014678
0.002901
0.993402
0.911842
0.229407
0.269395
0.925578
0.051379
0.416092
0.004704
0.997048
0.02677
0.98742
0.023384
0.925595
0.987734
0.051881
0.53051
0.006437
0.999604
0.189873
0.020942
0.488083
0.011654
0.069664
0.010224
0.478749
0.984058
0.024931
0.016972
0.68738
0.258078
0.801215
0.002055
0.001137
0.002712
0.021812
0.502613
0.432288
0.011028
0.046974
0.646077
0.252064
0.003678
0.694452
0.825284
0.984943
0.161
0.003823
0.033825
0.068685
0.895541
0.009031
0.003674
0.02409
0.859971
0.336063
0.534838
0.599466
0.003141
0.999665
0.780443
0.003543
0.361839
0.814146
0.002149
0.917011
0.954888
0.917795
0.863171
0.682881
0.983995
0.011176
0.99247
0.981722
0.012276
0.002494
0.030067
0.019662
0.833371
0.527953
0.188549
0.039368
0.192802
0.658882
0.110205
0.499445
0.005586
0.01938
0.004591
0.123928
0.005431
0.391934
0.417724
0.476761
0.017593
0.679881
0.535604
0.865141
0.144818
0.987962
0.99414
0.357098
0.007924
0.021313
0.96253
0.394922
0.267034
0.061823
0.985396
0.003622
0.244545
0.996842
0.970531
0.966306
1.000065
0.343668
0.03649
0.665892
0.997188
0.002392
0.958008
0.452708
0.246408
0.044177
0.010518
0.117735
0.03233
0.002079
0.017099
0.084736
0.160168
0.913894
0.463501
0.022205
0.008786
0.465958
0.79096
0.821493
0.002475
0.00364
0.296953
0.478692
0.136539
0.002469
0.002247
0.994712
0.003755
0.008957
0.997107
0.639416
0.155222
0.001797
0.964578
0.000851
0.994036
0.985397
0.637376
0.983771
0.008601
0.853108
0.367395
0.308408
0.905794
0.957791
0.999871
0.127836
0.328434
0.927108
0.447491
0.043341
0.003805
0.984376
0.032504
0.419781
0.068883
0.840838
0.002643
0.006842
0.001777
0.02306
0.522403
0.009503
0.999717
0.012831
0.048703
0.655602
0.002888
0.330776
0.964322
0.185079
0.963593
0.92181
0.993302
0.99757
0.411644
0.852876
0.357786
0.278829
0.886981
0.449019
0.822973
0.050243
0.569325
0.981924
0.993368
0.00151
0.445431
0.910781
0.02306
0.01092
0.137077
0.414214
0.008241
0.055299
0.625926
0.002964
0.440907
0.005492
0.021662
0.003721
0.906772
0.923781
0.959587
0.812695
0.999112
0.416984
0.003259
0.122121
0.014804
0.603095
0.005779
0.015282
0.339219
0.19073
0.051517
0.008491
0.00692
0.965913
0.198617
0.963005
0.933311
0.994806
0.38355
0.17943
0.821791
0.999928
0.441405
0.067757
0.993928
0.01801
0.448596
0.101099
0.002663
0.77729
0.99748
0.029902
0.70155
0.002735
0.008916
0.993715
0.179617
0.962458
0.003662
0.998633
0.821864
0.027267
0.139267
0.515251
0.153818
0.348043
0.993735
0.910083
0.930021
0.79867
0.968828
0.951565
0.00503
0.535208
0.963102
0.224495
0.316478
0.010266
0.993873
0.312332
0.702157
0.667069
0.904283
0.836612
0.608077
0.002748
0.697513
0.04624
0.015523
0.520481
0.204956
0.410554
0.394679
0.279648
0.013376
0.008411
0.352727
0.003773
0.700193
0.252155
0.001503
0.055647
0.986541
0.003098
0.822324
0.003907
0.09209
0.153402
0.002246
0.002479
0.003838
0.514432
0.031556
0.057752
0.061918
0.145435
0.547501
0.711433
0.801103
0.286954
0.889005
0.957781
0.06317
0.830915
0.217694
0.39448
0.968217
0.984843
0.971522
0.063896
0.501806
0.935277
0.004402
0.917667
0.153605
0.98513
0.001669
0.068807
0.004296
0.050807
0.005838
0.059409
0.919376
0.004139
0.031398
0.022376
0.993824
0.011009
0.577502
0.721589
0.986572
0.446114
0.003626
0.406788
0.787016
0.665819
0.959982
0.90992
0.452971
0.05103
0.374298
0.379687
0.09836
0.606585
0.813501
0.972037
0.03947
0.999519
0.972017
0.010593
0.971544
0.494819
0.915185
0.007379
0.022695
0.67585
0.002589
0.057535
1.000066
0.633227
0.062238
0.846443
0.994536
0.051847
0.672563
0.055377
0.921379
0.003894
0.999066
0.6256
0.142044
0.113426
0.010819
0.136819
0.005242
0.992599
0.737105
0.019476
0.444476
0.965252
0.448564
0.002884
0.037034
0.036098
0.006935
0.002854
0.138306
0.961731
0.934855
0.00396
0.004637
0.594899
0.033912
0.015825
0.999679
0.008009
0.031626
0.134926
0.182211
0.556326
0.402343
0.98603
0.825576
0.058726
0.010782
0.912328
0.985509
0.033856
0.077623
0.842021
0.999729
0.128338
0.915747
0.50614
0.674255
0.062473
0.997366
0.915407
0.011578
0.00632
0.837198
0.033393
0.631213
0.055729
0.827687
0.010907
0.14114
0.030848
0.00264
0.00916
0.008392
0.943003
0.052068
0.155026
0.991827
0.012897
0.00217
0.300429
0.068548
0.824941
0.916696
0.066723
0.004339
0.148957
0.778138
0.492329
0.005116
0.001637
0.069821
0.528885
0.633627
0.999856
0.12897
0.141517
0.367616
0.010387
0.103005
0.131487
1.00001
0.950768
0.696048
0.940313
0.972354
0.003349
0.984018
0.602857
0.985805
0.289083
0.649343
0.099861
0.842155
0.214591
0.785519
0.085014
0.571187
0.003716
0.795733
0.037386
0.004957
0.764867
0.983292
0.934452
0.921625
0.001546
0.689192
0.646763
0.233762
0.417725
0.002992
0.864259
0.027625
0.115534
0.999602
0.498961
0.911528
0.442985
0.085728
0.251587
0.008069
0.910007
0.018201
0.927863
0.652779
0.963759
0.745849
0.01593
0.693798
0.690692
0.903921
0.998819
0.814684
0.074375
0.687378
0.829806
0.00236
0.994052
0.674833
0.002059
1.000012
0.13758
0.051951
0.009845
0.980923
0.21748
0.616328
0.796361
0.854755
0.161003
0.018125
0.801612
0.442638
0.013741
0.91269
0.992726
0.233745
0.002817
0.130228
0.013044
0.148803
0.040171
0.817756
0.04512
0.054917
0.004268
0.094521
0.982782
0.264835
0.96581
0.056749
0.002583
0.839803
0.997274
0.416594
0.99312
0.001871
0.089851
0.262969
0.005635
0.018295
0.99993
0.002994
0.002949
0.008142
0.827537
0.863443
0.001895
0.010034
0.084848
0.034195
0.04994
0.325922
0.022009
0.824369
0.005009
0.459522
0.120199
0.235163
0.002615
0.26553
0.004504
0.99969
0.042361
0.012851
0.896033
0.998858
0.002743
0.914645
0.055711
0.029053
0.994404
0.634878
0.0053
0.006709
0.347131
0.983339
0.67554
0.0028
0.326155
0.273502
0.143727
0.004371
0.576655
0.003118
0.927744
0.988054
0.909317
0.997678
0.443618
0.062991
0.019391
0.003259
0.961248
0.212898
0.043138
0.019353
0.201418
0.394977
0.25249
0.104815
0.011091
0.271183
0.154442
0.450666
0.05753
0.021149
0.110105
0.994307
0.360614
0.639215
0.497036
0.480293
0.00721
0.245292
0.033468
0.021607
0.964234
0.007623
0.207749
0.997145
0.166927
0.031141
0.993383
0.983391
0.048287
0.05442
0.278423
0.022858
0.749799
0.999494
0.047612
0.961837
0.360888
0.430117
0.086006
0.982345
0.688212
0.980649
0.007033
0.004589
0.002945
0.011055
0.997201
0.001371
0.0126
0.003131
0.409575
0.911432
0.443531
0.004196
0.00256
0.193506
0.960908
0.84181
0.98436
0.086702
0.160145
0.006528
0.999884
0.423809
0.616758
0.183915
0.993823
0.547028
0.016731
0.311988
0.83615
0.923401
0.962806
0.027199
0.015933
0.299906
0.002781
0.002691
0.050138
0.99343
0.98135
0.41306
0.965913
0.428605
0.001835
0.113422
0.998959
0.004474
0.105787
0.999921
0.007637
0.104202
0.511765
0.961194
0.849444
0.1361
0.633515
0.079103
0.984505
0.016076
0.23363
0.008771
0.03075
0.895212
0.009935
0.71969
0.012328
0.355496
0.004663
0.333238
0.65655
0.035025
0.11894
0.089117
0.287467
0.802339
0.412131
0.009627
0.004957
0.239686
0.134827
0.985499
0.424654
0.002534
0.911367
0.005031
0.046288
0.99785
0.022544
0.001438
0.08032
0.284964
0.426786
0.81329
0.0319
0.003369
0.983926
0.077926
0.244104
0.728409
0.822971
0.99988
0.96371
0.465203
0.049418
0.807212
0.999125
0.998769
0.925
0.020712
0.004596
0.012848
0.969165
0.102135
0.064096
0.006207
0.005435
0.149881
0.38004
0.092919
0.970659
0.079189
0.965322
0.059699
0.003021
0.009188
0.212763
0.010473
0.682544
0.998745
0.066905
0.146578
0.384693
0.008147
0.629341
0.062613
0.018777
0.011533
0.631874
0.003606
0.029725
0.004039
0.832548
0.999689
0.065927
0.035628
0.421005
0.011486
0.018798
0.048618
0.293382
0.003059
0.997143
0.320788
0.917664
0.999914
0.13262
0.046531
0.007034
0.2594
0.139987
0.277363
0.800669
0.098591
0.188972
0.64956
0.078924
0.002625
0.920777
0.003832
1.00001
0.807336
0.203748
0.984448
0.370262
0.657654
0.00188
0.106201
0.041312
0.131137
0.999633
0.085686
0.79214
0.003967
0.98692
0.900276
0.604523
0.017761
0.068248
0.013695
0.997073
0.123697
0.383641
0.31239
0.027486
0.053473
0.028915
0.090496
0.024062
0.677339
0.814331
0.417495
0.214787
0.982441
0.997389
0.052298
0.085304
0.041838
0.905725
0.965242
0.002993
0.674314
0.93242
0.997432
0.103537
0.456815
0.214084
0.035015
1.000013
0.008976
0.631434
0.479692
0.243259
0.999879
0.865521
0.195556
0.962992
0.935521
0.193371
0.970165
0.931341
0.999002
0.005148
0.192274
0.040579
0.984814
0.859512
0.020001
0.99274
0.001341
0.908783
0.056669
0.00269
0.001949
0.005035
0.631002
0.037183
0.955376
0.004027
0.247265
0.903007
0.605656
0.049003
0.39947
0.432369
0.599425
0.96411
0.136858
0.03664
0.952887
0.318291
0.642768
0.992284
0.420951
0.802857
0.008115
0.154226
0.997701
0.185377
0.004497
0.994413
0.078087
0.666579
0.10314
0.078485
0.002932
0.010342
0.506183
0.224267
0.428025
0.817936
0.994635
0.071019
0.98504
0.98469
0.005262
0.377317
0.002794
0.984823
0.252698
0.307822
0.06413
0.192941
0.634082
0.004161
0.997392
0.561467
0.008479
0.003373
0.999218
0.006632
0.986563
0.002929
0.020763
0.030345
0.115068
0.925534
0.002399
0.010213
0.006649
0.281992
0.110852
0.236272
0.001382
0.999057
0.065151
0.071294
0.728427
0.265703
0.706702
0.966219
0.009974
0.625512
0.002444
0.054527
0.015546
0.019834
0.001439
0.62974
0.678555
0.006268
0.987442
0.002517
0.21708
0.001928
0.81547
0.999651
0.015956
0.476225
0.456605
0.00461
0.002912
0.590427
0.163801
0.647564
0.797104
0.004954
0.022751
0.1289
0.060791
0.95201
0.217575
0.803917
0.001456
0.002564
0.99272
0.796876
0.126392
0.005767
0.437756
0.714376
0.965947
0.13748
0.277989
0.385471
0.0029
0.934454
0.003235
0.05979
0.994005
0.381217
0.999912
0.81094
0.997034
0.002708
0.680159
0.295811
0.002003
0.205095
0.428934
0.993502
0.012715
0.482837
0.002705
0.005445
0.088964
0.100867
0.047112
0.003034
0.983185
0.997156
0.337815
0.018144
0.031883
0.985386
0.595548
0.999905
0.435997
0.007034
0.004244
0.218746
0.298381
0.422
0.439194
0.03851
0.004638
0.002487
0.119725
0.983975
0.507956
0.001776
0.999677
0.351884
0.037073
0.286571
0.414638
0.057188
0.035752
0.660721
0.002989
0.035768
0.924677
0.921543
0.229733
0.933712
0.332606
0.010821
0.023624
0.062605
0.987259
0.005504
0.107155
0.10025
0.653043
0.001493
0.245745
0.03392
0.528417
0.815654
0.307761
0.72169
0.294227
0.930184
0.201862
0.257171
0.106551
0.013039
0.241023
0.998818
0.026512
0.621238
0.167093
0.003254
0.982935
0.054978
0.997763
0.699943
0.047301
0.012944
0.021593
0.993678
0.003621
0.669318
0.984913
0.983553
0.003023
0.003454
0.608475
0.68457
0.710283
0.20804
0.429401
0.002586
0.929747
0.005436
0.831473
0.057244
0.45364
0.003173
0.804388
0.227029
0.263343
0.467913
0.119776
0.984074
0.292452
0.00456
0.002779
0.004377
0.133996
0.226589
0.406366
0.963442
0.289286
0.006184
0.802571
0.997286
0.958927
0.190833
0.007991
0.979101
0.455316
0.789243
0.98651
0.217647
0.097285
0.835379
0.005046
0.002207
0.700251
0.01172
0.927153
0.003938
0.925598
0.275617
0.919874
0.993499
0.056594
0.389523
0.005173
0.104173
0.924407
0.924839
0.024892
0.005441
0.483693
0.436149
0.056073
0.144779
0.006057
0.128469
0.842903
0.915301
0.154164
0.26604
0.845817
0.997288
0.437437
0.987493
0.997384
0.659963
0.966226
0.633497
0.003559
0.262974
0.100168
0.369357
0.705581
0.032054
0.66412
0.003142
0.019684
0.130448
0.960264
0.711124
0.110645
0.384383
0.694243
0.00326
0.009153
0.011164
0.317435
0.994555
0.033784
0.052581
0.014455
0.066334
0.048707
0.861426
0.032771
0.007808
0.004124
0.476985
0.017719
0.999616
0.038722
0.997641
0.983657
0.059529
0.997357
0.039374
0.007736
0.069602
0.31064
0.020568
0.003306
0.162353
0.028368
0.962823
0.993915
0.806624
0.999892
0.002644
0.147236
0.053318
1.00003
0.960177
0.012466
0.234619
0.993815
0.640039
0.142696
0.003914
0.097074
0.83519
0.00298
0.003605
0.610001
0.995037
0.073896
0.205001
0.987764
0.083177
0.20586
0.9936
0.096854
0.403072
0.837537
0.297367
0.448598
0.048203
0.21223
0.086484
0.999867
0.023808
0.714819
0.99355
0.99899
0.23346
0.925765
0.449235
0.116419
0.155782
0.003633
0.007834
0.835381
0.441381
0.220114
0.046755
0.334496
0.655168
0.020452
0.005945
0.962798
0.911299
0.005904
0.00745
0.997446
0.838136
0.177119
0.254527
0.681978
0.97012
0.046724
0.913724
0.022139
0.004533
0.953034
0.001988
0.002862
0.006766
0.641387
0.096323
0.410723
0.003136
0.22871
0.381647
0.887221
0.994224
0.014149
0.913226
0.008144
0.993712
0.00332
0.790071
0.083912
0.915192
0.732975
0.312517
0.048087
0.500875
0.037259
0.305793
0.099081
0.605475
0.015411
0.067537
0.968266
0.035198
0.766132
0.013769
0.914612
0.997653
0.011584
0.157653
0.00175
0.024423
0.03388
0.033268
0.151481
0.008987
0.002953
0.071683
0.457004
0.583013
0.019545
0.803795
0.002062
0.196736
0.967748
0.984563
0.190879
0.461981
0.035174
0.168393
0.467958
0.003022
0.002528
0.053861
0.92254
0.999666
0.116514
0.920588
0.150265
0.653867
0.615006
0.716961
0.076576
0.993865
0.02348
0.483837
0.239745
0.052098
0.227509
0.834569
0.617865
0.279951
0.002795
0.744867
0.804078
0.002151
0.301058
0.012724
0.999917
0.136788
0.483881
0.011827
0.003228
0.313362
0.993341
0.009388
0.229777
0.012998
0.087014
0.395373
0.064504
0.002505
0.017902
0.00403
0.828333
0.981546
0.700257
0.002202
0.354734
0.058493
0.130009
0.003417
0.016648
0.00711
0.203634
0.146338
0.100057
0.900297
0.903265
0.020478
0.863512
0.993987
0.261251
0.088243
0.205607
0.506758
0.002071
0.897806
0.001476
0.035539
0.003038
0.014638
0.403077
0.846264
0.433733
0.003988
0.905527
0.546161
0.018238
0.004057
0.138878
0.040414
0.619322
0.124444
0.055099
0.586845
0.612374
0.494841
0.982668
0.420851
0.097559
0.243541
0.012599
0.005271
0.139669
0.048317
0.541438
0.004726
0.00413
0.96912
0.356642
0.092623
0.010165
0.795961
0.009054
0.025495
0.645255
0.909705
0.844245
0.825955
0.801879
0.997182
0.701126
0.219324
0.11135
0.002957
0.055728
0.997254
0.257864
0.926372
0.983118
0.39053
0.002594
0.993433
0.495898
0.152632
0.50204
0.968177
0.223559
0.253536
0.985836
0.004208
0.246706
0.999056
0.70807
0.017269
0.002027
0.001665
0.106744
0.128998
0.014264
0.105973
0.54677
0.999089
0.808112
0.820081
0.097405
0.018824
0.985098
0.982465
0.206558
0.006528
0.258179
0.022344
0.64095
0.014157
0.81004
0.005129
0.002859
0.818168
0.090844
0.4074
0.700215
0.144453
0.99915
0.037516
0.253717
0.015264
0.00359
0.022694
0.037327
0.002982
0.407784
0.833551
0.476513
0.002134
0.301557
0.473161
0.017705
0.125272
0.183793
0.991693
0.919924
0.003389
0.492122
0.003134
0.61427
0.994234
0.670027
0.328698
0.259993
0.98431
0.197958
0.003587
0.699494
0.108989
0.647866
0.981785
0.642667
0.967659
0.021559
0.574836
0.469815
0.103977
0.328192
0.007415
0.964455
0.098196
0.058497
0.852086
0.933857
0.003166
0.959421
0.11716
0.465081
0.962744
0.781184
0.965717
0.018832
0.04164
0.665011
0.830252
0.721493
0.889675
0.668662
0.028727
0.173704
0.224468
0.923317
0.919447
0.337944
0.060817
0.218925
0.183443
0.041389
0.999643
0.426499
0.993231
0.00611
0.999998
0.004412
0.435604
0.590004
0.441414
0.851821
0.001473
0.030363
0.003033
0.213172
0.964127
0.167944
0.006457
0.501633
0.842712
0.001884
0.02412
0.503655
0.805865
0.960506
0.994263
0.998883
0.006428
0.008745
0.057204
0.002778
0.962472
0.393201
0.004464
0.612733
0.050182
0.243292
0.952458
0.99751
0.297449
0.006809
0.482481
0.003609
0.998906
0.993118
0.004522
0.076834
0.044843
0.063201
0.964029
0.008129
0.963266
0.003964
0.049241
0.006376
0.896337
0.958907
0.687102
0.667515
0.465873
0.055431
0.043079
0.14821
0.452424
0.040773
0.006054
0.277178
0.307037
0.009382
0.92108
0.932789
0.956902
0.004354
1.000005
0.419087
0.002305
0.002871
0.002874
0.083068
0.015607
0.080382
0.054534
0.292795
0.003425
0.987474
0.036194
0.474012
0.049501
0.96488
1.000013
0.28513
0.683297
0.017283
0.903478
0.147385
0.024618
0.004647
0.513658
0.088107
0.00284
0.007243
0.00397
0.001819
0.830568
1.000061
0.906055
0.998904
0.00302
0.022714
0.097534
0.024884
0.929124
0.091305
0.002222
0.706179
0.123969
0.673466
0.005409
0.73987
0.694537
0.007852
0.041682
0.001985
0.013421
0.491234
0.316518
0.806788
0.188723
0.102394
0.012526
0.831865
0.904612
0.274259
0.953295
0.70039
0.377892
0.438281
0.997475
0.505863
0.024867
0.107029
0.661761
0.015284
0.021806
0.644102
0.967101
0.677939
0.931421
0.133235
0.322119
0.993731
0.023786
0.011056
0.999653
0.212728
0.028861
0.647779
0.147518
0.277748
0.683191
0.845196
0.003116
0.441807
0.606211
0.833243
0.99765
0.163386
0.991708
0.026207
0.998967
0.836073
0.436828
0.116817
0.029928
0.002785
0.423179
0.004087
0.494557
0.985213
0.969628
0.0023
0.17518
0.005746
0.006434
0.021391
0.003079
0.247046
0.230843
0.001768
0.277855
0.178143
0.998998
0.068908
0.4717
0.962615
0.966153
0.379955
0.171358
0.013875
0.007955
0.915178
0.460985
0.757807
0.883443
0.001592
0.063855
0.993058
0.22292
0.204355
0.997366
0.032825
0.002367
0.928236
0.39025
0.146198
0.90561
0.010788
0.004788
0.40639
0.582938
0.143689
0.001964
0.997044
0.674624
0.9999
0.014382
0.251614
0.006645
0.008281
0.36628
0.927932
0.924527
0.280839
0.142328
0.072575
0.002468
0.020921
0.999923
0.357434
0.026492
0.237255
0.01469
0.830639
0.107782
0.002882
0.96872
0.447355
0.053204
0.002108
0.035013
0.657892
0.023
0.004931
0.003706
0.036207
0.620235
0.002866
0.691707
0.008036
0.672739
0.716612
0.994321
0.141871
0.162785
0.96639
0.984028
0.43146
0.083347
0.229002
0.403517
0.002333
0.003724
0.100178
0.076743
0.037024
0.031369
0.177649
0.906787
0.200523
0.005073
0.40831
0.418109
0.822232
0.993794
0.999086
0.931338
0.453953
0.004906
0.003508
0.992933
0.098767
0.020864
0.026223
0.83708
0.398694
0.055624
0.450096
0.667477
0.130569
0.0064
0.99951
0.004067
0.696364
0.19323
0.924273
0.013397
0.993561
0.924465
0.023212
0.475205
0.102756
0.66462
0.571839
0.035824
0.986181
0.8218
0.006794
0.00353
0.213417
0.002563
0.417357
0.278855
0.025948
0.606551
0.002657
0.188622
0.093557
0.983633
0.84775
0.512992
0.002168
0.006779
0.466946
0.230173
0.983708
0.997586
0.997172
0.999075
0.769892
0.402766
0.24983
0.964785
0.003742
0.706964
0.687829
0.018644
0.17845
0.776579
0.00233
0.089733
0.964648
0.932653
0.055712
0.00228
0.005261
0.96478
0.167193
0.175933
0.014314
0.003543
0.993254
1.000069
0.028352
0.003409
0.069333
0.027673
0.001301
0.849097
0.964281
0.174192
0.834315
0.828644
0.098759
0.006378
0.01419
0.613806
0.277033
0.042721
0.014547
0.081854
0.982542
0.002385
0.660274
0.409268
0.003536
0.071896
0.376738
0.005969
0.002039
0.120639
0.958887
0.059709
0.05781
0.00271
0.41783
0.189896
0.636013
0.824478
0.002981
0.9823
0.993921
0.013387
0.007102
0.247971
0.00138
0.9687
0.002462
0.246584
0.449875
0.588379
0.630474
0.409595
0.426263
0.14426
0.027279
0.401677
0.003524
0.966756
0.921498
0.998781
0.792215
0.013245
0.09681
0.33309
0.018499
0.146208
0.01449
0.022897
0.003082
0.965846
0.916391
0.559896
0.011774
0.002427
0.994688
0.097481
0.228481
0.005708
0.61299
0.419648
0.681443
0.240888
0.009154
0.998985
0.804822
0.002158
0.007414
0.003397
0.931636
0.993795
0.019791
0.260893
0.002642
0.015359
0.011578
0.200441
0.237644
0.0102
0.99464
0.997383
0.155063
0.986561
0.010622
0.649199
0.003146
0.007036
0.919449
0.996735
0.917626
0.963444
0.82533
0.032341
0.003581
0.23316
0.062691
0.385343
0.962897
0.001833
0.056011
0.008727
0.337078
0.190323
0.255008
0.889001
0.022348
0.441575
0.505261
0.289486
0.967745
0.002502
0.688833
0.042514
0.968823
0.984779
0.998808
0.700954
0.852227
0.084926
0.474384
0.137044
0.640571
0.207106
0.999067
0.254099
0.107183
0.029473
0.020313
0.138446
0.0031
0.993558
0.026138
0.623232
0.962172
0.999595
0.959022
0.001857
0.002919
0.41368
0.482218
0.997617
0.896368
0.154923
0.016528
0.003324
0.987405
0.217311
0.07114
0.982378
0.152671
0.871894
0.008606
0.817304
0.319914
0.002501
0.24246
0.757491
0.001551
0.817384
0.139427
0.257053
0.307259
0.003106
0.44092
0.921027
0.816568
0.921832
0.907114
0.00293
0.998969
0.323888
0.998903
0.484498
0.002807
0.018624
0.484235
0.267656
0.506047
0.415249
0.015595
0.061634
0.293347
0.660641
0.003124
0.601241
0.005158
0.403804
0.00793
0.65538
0.842758
0.071049
0.264759
0.016482
0.295193
0.278348
0.002755
0.833005
0.005243
0.179117
0.004295
0.247111
0.583976
0.769543
0.99989
0.017968
0.003098
0.110175
0.008348
0.003046
0.024648
0.705968
0.831747
0.045993
0.377073
0.004823
0.141953
0.21539
0.781047
0.030352
0.004228
0.678836
0.03813
0.464056
0.993497
0.999164
0.002728
0.970902
0.007383
0.003026
0.997549
0.003092
0.034992
0.734175
0.986114
0.052447
0.997815
0.890506
0.002267
0.108098
0.997266
0.003122
0.964261
0.063151
0.992718
0.967529
0.034258
0.003442
0.011512
0.013485
0.997375
0.164694
0.133958
0.985092
0.035446
0.93351
0.271356
0.00922
0.056802
0.331723
0.091713
0.001908
0.156328
0.05283
0.982812
0.067224
0.599981
0.981279
0.796082
0.961926
0.72799
0.9655
0.03506
0.270256
0.649586
0.812788
0.646466
0.198432
0.845104
0.515886
0.388206
0.932934
0.999021
0.690165
0.994306
0.510248
0.406736
0.003731
0.002192
0.014763
0.1144
0.048908
0.022729
0.553963
0.047009
0.061197
0.708392
0.912729
0.983927
0.99905
0.003266
0.017381
0.032036
0.029905
0.98517
0.472222
0.960307
0.105277
0.954983
0.069089
0.007764
0.926289
0.022266
0.9642
0.070714
0.611433
0.007317
0.004144
0.366787
0.984319
0.809894
0.997404
0.99991
0.046163
0.647409
0.287536
0.833531
0.937301
0.666046
0.043983
0.571211
0.794796
0.008887
0.003704
0.998734
0.006541
0.007718
0.02209
0.993045
0.011218
0.258745
0.927008
0.964415
0.224212
0.646338
0.823613
0.92173
0.83389
0.510713
0.01121
0.002686
0.103156
0.114598
0.665106
0.632518
0.965475
0.802088
0.023468
0.023281
0.798878
0.920572
0.993032
0.009287
0.004154
0.281031
0.018724
0.247714
0.002519
0.984368
0.99912
0.98602
0.328008
0.003019
0.032384
0.002246
0.017613
0.528846
0.016035
0.418929
0.974037
0.924172
0.047653
0.003011
0.914585
0.997654
0.077818
0.125475
0.83982
0.138816
0.402486
0.983754
0.273386
0.850719
0.38889
1.000019
0.362677
0.790698
0.041565
0.169576
0.856376
0.00313
0.955827
0.964032
0.04905
0.8237
0.021968
0.15377
0.516335
0.012831
1.000094
0.068508
0.084727
0.022012
0.073424
0.401892
0.984885
0.252802
0.10849
0.998836
0.435316
0.002541
0.986867
0.040124
0.094697
0.955449
0.921902
0.109363
0.965535
0.173244
0.819342
0.998958
0.055168
0.509952
0.010118
0.023229
0.004759
0.925276
0.084118
0.002991
0.003733
0.006709
0.845238
0.060304
0.198662
0.825935
0.151505
0.993472
0.003153
0.002861
0.822122
0.016371
0.517592
0.069436
0.544108
0.004282
0.127018
0.993148
0.475806
0.004155
0.003768
0.82845
0.982104
0.673901
0.002751
0.00829
0.003387
0.002519
0.024427
0.062983
0.019162
0.162461
0.034072
0.967227
0.214613
0.028639
0.764489
0.325718
0.006511
0.003628
0.903266
0.625873
0.028906
0.015491
0.898217
0.159995
0.002592
0.028038
0.054652
0.361959
0.07305
0.003561
0.993485
0.748001
0.003556
0.005562
0.985722
0.140042
0.307202
0.011426
0.013919
0.305066
0.045801
0.029015
0.983756
0.002772
0.962806
0.003215
0.999047
0.025772
0.960437
0.002807
0.003869
0.002355
0.053421
0.928173
0.420475
0.046991
0.142812
0.001884
0.500516
0.958614
0.999076
0.984066
0.424942
0.003546
0.999665
0.666916
0.904832
0.993382
0.471892
0.828221
0.051678
0.920472
0.011905
0.022242
0.077963
0.017199
0.670557
0.408164
0.960793
0.003611
0.160273
0.801828
0.517247
0.127435
0.38234
0.963354
0.040371
0.009004
0.453758
0.002717
0.695623
0.064077
0.02223
0.003162
0.967174
0.967012
0.006332
0.44914
0.963353
0.009187
0.010082
0.650396
0.211934
0.00601
0.813552
0.007311
0.171979
0.999923
0.364452
0.001978
0.112771
0.401891
0.994417
0.968306
0.14356
0.012391
0.956844
0.930821
0.002959
0.225175
0.003139
0.9644
0.842901
0.982989
0.057339
0.812562
0.600534
0.707453
0.295354
0.662722
0.076323
0.418694
0.451015
0.158828
0.994383
0.006713
0.008632
0.502225
0.596827
0.46588
0.015304
0.813549
0.843736
0.001261
0.615208
0.03645
0.085481
0.994116
0.26678
0.485506
0.004172
0.545598
0.831741
0.14842
0.920489
0.237127
0.126072
0.985595
0.198483
0.847198
0.42458
0.902898
0.506851
0.063107
0.067114
0.999114
0.648483
0.794896
0.122258
0.002693
0.994689
0.964543
0.875178
0.997262
0.822914
0.055962
0.091248
0.835479
0.929542
0.044685
1.000016
0.891841
0.872826
0.005909
0.012493
0.003733
0.464423
0.002969
0.813239
0.008942
0.08303
0.012603
0.093612
0.396856
0.013801
0.101725
0.123171
0.997269
0.983545
0.02214
0.65754
0.134972
0.304423
0.811319
0.007204
0.635641
0.988081
0.295215
0.003412
0.047443
0.020179
0.003173
0.14961
0.130228
0.993989
0.020594
0.002763
0.999601
0.89251
0.816415
0.835579
0.698877
0.999024
0.992477
0.912544
0.025823
0.842551
0.118055
0.993205
0.088234
0.547187
0.014477
0.962443
0.070733
0.003565
0.021975
0.459472
0.967496
0.413257
0.498497
0.388881
0.906136
0.258749
0.002281
0.846624
0.435505
0.044077
0.958505
0.00974
0.38798
0.915667
0.123697
0.042339
0.242984
0.987089
0.324985
0.003768
0.281386
0.002351
0.004126
0.22982
0.761865
0.003964
0.714361
0.148295
0.934914
0.997421
0.959874
0.001498
0.851954
0.095288
0.422352
0.402815
0.002962
0.289097
0.02496
0.001152
0.003722
0.563489
0.440898
0.002423
0.10631
0.994024
0.997494
0.046674
0.92686
0.894418
0.118599
0.005912
0.004616
0.659089
0.003961
0.926579
0.096649
0.993923
0.98291
0.931801
0.284247
0.002421
0.602929
0.441211
0.002568
0.35976
0.722653
0.224399
0.044386
0.438434
0.011664
0.52424
0.03506
0.017843
0.153481
0.812657
0.42441
0.616999
0.275074
0.015317
0.002709
0.058375
0.915366
0.007198
0.961083
0.019396
0.161645
0.126306
0.001357
0.056331
0.002727
0.623435
0.023252
0.981211
0.473119
0.002429
0.009922
0.003946
0.679983
0.668417
0.997188
0.281761
0.070118
0.95547
0.032963
0.827354
0.160028
0.434738
0.099488
0.859304
0.428945
0.68029
0.296622
0.025792
0.024004
0.169507
0.88988
0.228481
0.348076
0.388986
0.024024
0.847639
0.002111
0.053604
0.09785
0.009911
0.968239
0.921757
0.003065
0.014065
0.016868
0.998983
0.253347
0.994196
0.869018
0.1665
0.982118
0.80993
0.001989
0.998855
0.839159
0.982321
0.015293
0.008782
0.07867
0.082096
0.985217
0.038778
0.005317
0.302769
0.114681
0.435592
0.78976
0.097251
0.846097
0.684554
0.004858
0.674312
0.233384
0.465598
0.96329
0.437236
0.99721
0.028808
0.001672
0.014045
0.136976
0.180316
0.247143
0.994556
0.282247
0.050029
0.021158
0.514076
0.061586
0.399432
0.350415
0.930567
0.339545
0.239269
0.982639
0.164841
0.011181
0.080787
0.002348
0.999583
0.203422
0.745616
0.009006
0.236881
0.616116
0.005526
0.015516
0.993888
0.020349
0.806731
0.899372
0.720849
0.004336
0.924823
0.004701
0.272413
0.980982
0.010959
0.91553
0.002236
0.048124
0.254093
0.671192
0.488854
0.002412
0.049162
0.023611
0.833094
0.003143
0.99394
0.142947
0.013312
0.00171
0.002658
0.999605
0.981906
0.553692
0.002609
0.939734
0.511556
0.962574
0.363466
0.286516
0.072991
0.124704
0.628458
0.109945
0.006886
0.48371
0.926875
0.003514
0.005202
0.999613
0.036268
0.222675
0.002813
0.091416
0.698601
0.013889
0.519178
0.037238
0.016972
0.058994
0.596699
0.574772
0.463646
0.923118
0.925815
0.999862
0.925101
0.052178
0.41845
0.986293
0.009949
0.202134
0.983623
0.258844
0.023295
0.821367
0.14748
0.489976
0.001474
0.041138
0.271384
0.62688
0.434892
0.777587
0.083767
0.015478
0.003868
0.997852
0.249605
0.918144
0.963332
0.007299
0.815219
0.042674
0.999702
0.067316
0.912804
0.345023
0.99253
0.067478
0.962445
0.44703
0.021937
0.985891
0.422061
0.039799
0.817703
0.984606
0.000803
0.200836
0.998942
0.268277
0.96484
0.002538
0.336001
0.1238
0.00876
0.512407
0.02043
0.016507
0.085743
0.043403
0.005543
0.435337
0.12343
0.007204
0.036653
0.470884
0.805125
0.120342
0.985657
0.294295
0.719769
0.822613
0.298371
0.983891
0.649558
0.614748
0.789276
0.668517
0.998883
0.228058
0.805123
0.438657
0.999003
0.503042
0.009075
0.025989
0.164991
0.003543
0.003257
0.670491
0.008074
0.021292
0.962742
0.118502
0.003079
0.002435
0.690875
0.406213
0.033612
0.14069
0.111063
0.04983
0.002581
0.146398
0.674786
0.96833
0.014877
0.065192
0.91103
0.841408
0.103003
0.003564
0.003567
0.004975
0.68948
0.446122
0.834669
0.062751
0.393317
0.428341
0.66395
0.041322
0.002599
0.002981
0.015615
0.992797
0.92826
0.289048
0.189241
0.004808
0.92354
0.02065
0.023924
0.002864
0.998917
0.160783
0.997329
0.255703
0.004722
0.038379
0.681205
0.049932
0.51434
0.004984
0.002541
0.83586
0.993899
0.980672
0.916742
0.211747
0.689345
0.002612
0.127785
0.002053
0.068486
0.561353
0.9973
0.849377
0.3087
0.984376
0.001417
0.033091
0.060829
0.498232
0.98188
0.002864
0.58048
0.296314
0.005432
0.904478
0.96624
0.491656
0.671837
0.126079
0.021258
0.058826
0.024399
0.025193
0.924085
0.523793
0.908962
0.772587
0.051529
0.044119
0.096002
0.009757
0.809366
0.009011
0.494703
0.021464
0.441728
0.997319
0.02533
1.000084
0.005389
0.106435
0.998766
0.07981
0.423794
0.002952
0.228101
0.003114
0.922212
0.816819
0.445591
0.99705
0.662773
0.694172
0.970201
0.956878
0.020109
0.441113
0.330914
0.982495
0.935812
0.994019
0.903682
0.108364
0.267081
0.315762
0.425522
0.997627
0.98533
0.006295
0.002982
0.711573
0.00294
0.967907
0.961883
0.057224
0.999595
0.24826
0.685607
0.187236
0.002182
0.026147
0.92023
0.0048
0.016121
0.040743
0.912702
0.816551
0.987533
0.932659
0.503672
0.955964
0.637113
0.642475
0.004173
0.20656
0.693634
0.044598
0.011702
0.203875
0.442181
0.047144
0.488851
0.047319
0.614707
0.003321
0.356935
0.760285
0.100035
0.957055
0.835269
0.005847
0.693936
0.003143
0.993794
0.051333
0.020768
0.997294
0.003058
0.830141
0.597316
0.980834
0.065032
0.997682
0.706534
0.913316
0.983551
0.999682
0.006006
0.006967
0.03925
0.206337
0.105339
0.67106
0.007753
0.003681
0.00355
0.091353
0.44539
0.385949
0.003422
0.003439
0.335882
0.903431
0.954816
0.00934
0.805799
0.043158
0.895888
0.360944
0.023383
0.96539
0.279137
0.009915
0.051776
0.001093
0.518827
0.003237
0.003167
0.914239
0.970033
0.115515
0.048969
0.006141
0.406292
0.871852
0.999036
0.657979
0.008051
0.004304
0.059174
0.20015
0.993539
0.286921
0.92412
1.000068
0.249328
0.017906
0.008756
0.004872
0.138791
0.619416
0.999909
0.003074
0.057847
0.538422
0.897743
0.002824
0.905789
0.00187
0.093283
0.592638
0.963163
0.463509
0.231844
0.043297
0.921789
0.114638
0.961708
0.999921
0.001166
0.581763
0.114671
0.060106
0.956316
0.004415
0.022681
0.007015
0.0516
0.052135
0.997457
0.070795
0.0033
0.005409
0.046501
0.595995
0.243701
0.089668
0.003293
0.020693
0.02107
0.222517
0.10585
0.138684
0.54609
0.00331
0.006543
0.984155
0.925481
0.228699
0.180859
0.63696
0.042612
0.02236
0.004172
0.96856
0.06197
0.136189
0.367743
0.21709
0.921449
0.131878
0.999602
0.004457
0.964662
0.96802
0.069457
0.685981
0.002885
0.004075
0.05959
0.133925
0.997593
0.972882
0.229964
0.901987
0.168512
0.00363
0.024199
0.993736
0.053524
0.012867
0.073174
0.004405
0.003222
0.048362
0.436519
1.000099
0.015314
0.322484
0.014125
0.068143
0.01632
0.80293
0.960621
0.1288
0.986686
0.70111
0.968885
0.005387
0.637409
0.966838
0.985572
0.024952
0.012445
0.00395
0.11378
0.157411
0.136851
0.99964
0.001443
0.027027
0.382697
0.968726
0.999647
0.447361
0.211896
0.003705
0.017205
0.997309
0.026159
0.79883
0.178079
0.009231
0.32999
0.288432
0.918717
0.997208
0.003042
0.013453
0.004052
0.986886
0.997069
0.012077
0.003247
0.997217
0.28882
0.002559
0.243712
0.052358
0.999618
0.003414
0.956481
0.234521
0.002884
0.101783
0.684486
0.993409
0.215023
0.795636
0.539151
0.290957
0.964189
0.122921
0.096508
0.077886
1.000087
0.959738
0.083857
0.222088
0.41878
0.128909
0.965264
0.051699
0.96448
0.002571
0.015103
0.119056
0.444538
0.042592
0.683122
0.984576
0.00641
0.005226
0.045405
0.139246
0.001805
0.010921
0.025065
0.349766
0.902181
0.002577
0.827087
0.67108
0.435302
0.969708
0.038395
0.008696
0.907552
0.003141
0.002068
0.036553
0.036348
0.003686
0.08504
0.005502
0.005017
0.864261
0.00204
0.241021
0.010052
0.928159
0.014613
0.464651
0.132771
0.401751
0.999701
0.012779
0.413193
0.019231
0.997916
0.003396
0.192917
0.333449
0.098689
0.010723
1.000094
0.643294
0.002622
0.965926
0.225577
0.032823
0.282672
0.993371
0.004009
0.961615
0.475767
0.903375
0.473517
0.00231
0.002639
0.783419
0.00902
0.080902
0.999642
0.956566
0.034497
0.027906
0.769021
0.004789
0.809538
1.000086
0.00338
0.006203
0.065847
0.016164
0.120638
0.343051
0.323015
0.984508
0.303573
0.004208
0.992746
0.013935
0.685427
0.015556
0.073779
0.022647
0.456105
0.7138
0.021807
0.047794
0.666116
0.004759
0.009222
0.982843
0.964922
0.037568
0.492997
0.920116
0.851922
0.00191
0.9999
0.884341
0.002907
0.983283
0.347457
0.516709
0.002366
0.875138
0.401792
0.819285
0.098773
0.994003
0.447331
0.034768
0.002009
0.964022
0.98731
0.102221
0.001552
0.267477
0.999609
0.001835
0.053819
0.614799
0.514192
0.041066
0.107057
0.006379
0.919586
0.637421
0.928341
0.003368
0.140393
0.024204
0.119582
0.998986
0.166556
0.643043
0.883971
0.004563
0.043384
0.332852
0.99543
0.002501
0.024521
0.002443
0.324887
0.803202
0.999878
0.362749
0.958158
0.074459
0.004953
0.983773
0.205472
0.568747
0.206097
0.054986
0.014195
0.80019
0.903618
0.305433
0.908439
0.952349
0.922752
0.918295
0.022921
0.919139
0.068003
0.997332
0.969765
0.002752
0.685194
0.298483
0.003375
0.997811
0.483846
0.992444
0.075901
0.927007
0.500435
0.245591
0.218407
0.060315
0.999566
0.026921
1.000013
0.001325
0.151329
0.145997
0.463653
0.003856
0.030058
0.967138
0.99317
0.964247
0.035925
0.069606
0.003488
0.96063
0.004064
0.040504
0.003598
0.662539
0.998996
0.011416
0.025713
0.042758
0.768648
0.112187
0.98479
0.002356
0.928308
0.00297
0.00252
0.037283
0.541331
0.025907
0.013024
0.118801
0.001541
0.004873
0.905266
0.004204
0.982093
0.00181
0.9944
0.925477
0.262649
0.020379
0.04504
0.683074
0.032377
0.002856
0.300906
0.025818
0.003049
0.271869
0.003885
0.002804
0.009792
0.009074
0.9134
0.470332
0.3929
0.084348
0.864842
0.086478
0.720061
0.80642
0.931616
0.96591
0.99962
0.871827
0.627447
0.057829
0.987252
0.962241
0.031005
0.359262
0.007762
0.003998
0.958333
0.659162
0.004807
0.10312
0.220191
0.02832
0.826782
0.173548
0.421664
0.002547
1.000065
0.489881
0.00655
0.578926
0.682202
0.003092
0.984397
0.926476
0.993678
0.595405
0.095883
0.027707
0.832637
1.000067
0.102768
0.003315
0.002505
0.050395
0.011524
0.658118
0.630012
0.999901
0.129136
0.218721
0.003165
0.024179
0.003231
0.003728
0.015713
0.003472
0.776277
0.008758
0.109476
0.806668
0.638329
0.569585
0.06684
0.98575
0.003071
0.934038
0.443247
0.92193
0.002987
0.001889
0.145968
0.972339
0.36401
0.050856
0.266038
0.775665
0.057075
0.006602
0.234493
0.01584
0.010281
0.007913
0.969648
0.002206
0.445502
0.9848
0.819608
0.965779
0.999903
0.740983
0.993509
0.482784
0.007034
0.650129
0.986305
0.928432
0.684087
0.011626
0.048478
1.000022
0.999543
0.003968
0.836999
0.019791
0.00412
0.00545
0.004091
0.003146
0.69266
0.624265
0.303545
0.322516
0.921604
0.366008
0.986301
0.002303
0.705345
0.002757
0.999632
0.994036
0.417734
0.004272
0.040823
0.249268
0.033033
0.111359
0.14482
0.019579
1.000032
0.999045
0.589525
0.002423
0.9864
0.023089
0.034934
0.001905
0.005016
0.119799
0.160987
0.002364
0.388708
0.004026
0.010902
0.005718
0.007798
0.997383
0.454977
0.120614
0.806765
0.036563
0.987533
0.996844
0.413072
0.056412
0.924298
0.662105
0.965072
0.984066
0.139831
0.221591
0.669662
0.130301
0.420475
0.003703
0.050197
0.999087
0.004101
0.14438
0.125857
0.652589
0.499891
0.032516
0.018432
0.062204
0.126143
0.034684
0.986206
0.002625
0.330441
0.993644
0.009082
0.999895
0.552384
0.001967
0.675086
0.693911
0.233748
0.044963
0.108915
0.052745
0.999896
0.00328
0.983552
0.271034
0.005158
0.993506
0.232595
0.02566
1.000087
0.004537
0.892776
1.000037
0.110443
0.002251
0.158557
0.886163
0.248914
0.003821
0.007473
0.002715
0.997362
0.014771
0.238545
0.005025
0.002482
0.462456
0.964955
0.017455
0.992913
0.007948
0.010753
0.999536
0.005956
0.817238
0.046284
0.999136
0.060077
0.070201
0.917993
0.44421
0.30443
0.178116
0.004132
0.994035
0.645356
0.998953
0.007845
0.019454
0.097669
0.056922
0.965451
0.804448
0.622141
0.0017
0.414255
0.002524
0.906272
0.076906
0.895572
0.005931
0.864835
0.934533
0.188097
0.042368
0.697551
0.484469
0.00402
0.320164
0.030383
0.00238
0.013259
0.298279
0.981032
0.012379
0.022672
0.069494
0.021857
0.619268
0.44253
0.268052
0.684911
0.006972
0.517563
0.997024
0.160963
0.953017
0.069095
0.00307
0.313787
0.329738
0.963028
0.093399
0.802938
0.704043
0.442744
0.999732
0.999598
0.108661
0.090802
0.045209
0.374992
0.492973
0.011085
0.98489
0.827292
0.90422
0.700854
0.999638
0.092584
0.956788
0.8315
0.025479
1.000016
0.195858
0.002124
0.003395
0.202254
0.159526
0.993647
0.320716
0.904794
0.257399
0.011641
0.227631
0.003885
0.81739
0.958921
0.084636
0.740138
0.007266
0.002912
0.998673
0.009591
0.00281
0.022622
0.822651
0.274076
0.002385
0.493152
1.000001
0.092838
0.134233
0.003192
0.362968
0.936494
0.002823
0.370176
0.859913
0.454658
0.004165
0.603159
0.986336
0.004863
0.677071
0.012774
0.401083
0.728954
0.002815
0.98608
0.003248
0.013172
0.608278
0.040747
0.957912
0.634612
0.996996
0.964867
0.984159
0.986088
0.993939
0.052772
0.194906
0.983174
0.160644
0.592391
0.098352
0.214601
0.924534
0.128521
0.625877
0.00381
0.988143
0.415612
0.054399
0.010046
0.845796
0.003452
0.620194
0.001624
0.020274
0.002096
0.704363
0.031156
0.703819
0.001295
0.375624
0.397699
0.120016
0.818242
0.262972
0.997024
0.003231
0.003398
0.021195
0.490306
0.997647
0.788903
0.831552
0.367882
0.09801
0.346314
0.079146
0.025383
0.794072
0.920782
0.926617
0.835014
0.005899
0.045078
0.019351
0.017569
0.965955
0.999593
0.960096
0.062891
0.023356
0.986241
0.002305
0.92073
0.013457
0.002968
1.000005
0.958609
0.966864
0.056031
0.011903
0.040355
0.00181
0.99894
0.060212
0.003557
0.018345
0.964476
0.012911
0.049051
0.902965
0.009793
0.003145
0.256754
0.004
0.135588
0.803855
0.103255
0.049442
0.170303
0.113121
0.981673
0.997346
0.693758
0.743995
0.228389
0.966005
0.893102
0.002799
0.964891
0.974197
0.337845
0.138797
0.032264
0.037308
0.459773
0.00326
0.928602
0.003444
0.925945
0.010271
0.374452
0.999654
0.908414
0.003533
0.048982
0.746545
0.003129
0.791418
0.192567
0.00274
0.997611
0.291444
0.002967
0.002875
0.95929
0.003274
0.179181
0.401599
0.813295
0.003115
0.030689
0.133247
0.249081
0.043409
0.958762
0.096464
0.460141
0.175988
0.999018
0.088834
0.217912
0.265602
0.993213
0.712213
0.986794
0.01889
0.986088
0.00728
0.052248
0.956349
0.598991
0.999078
0.131815
0.997394
0.999678
0.146934
0.002825
0.398109
0.798831
0.03358
0.12261
0.670386
0.229493
0.041387
0.026814
0.131262
0.919551
0.101302
0.002969
0.993923
0.002539
0.943475
0.001404
0.186445
0.993744
0.999869
0.002964
0.002718
0.111261
0.002008
0.106754
0.92737
0.998968
0.000751
0.627867
0.985308
0.992483
0.782465
0.072249
0.003447
0.517616
0.91181
0.134278
0.826926
0.423278
0.39622
0.850817
0.959023
0.053212
0.008983
0.896531
0.914382
0.802683
0.001117
0.983786
0.002557
0.002992
0.054897
0.040743
0.564727
0.035202
0.921465
0.005383
0.476552
0.924539
0.199941
0.003367
0.831406
0.136377
0.058636
0.933
0.001576
0.048501
0.041649
0.001545
0.401049
0.970082
0.687642
0.715238
0.216993
0.060883
0.002513
0.04433
0.285305
0.024548
0.812285
0.002678
0.607769
0.09309
0.00199
0.003555
0.226779
0.237486
0.909905
0.509211
0.578319
0.023086
0.003051
0.00331
0.051376
0.008344
0.449058
0.932738
1.000011
0.633562
0.415416
0.69167
0.007293
0.997792
0.009656
0.710444
0.979677
0.393465
1.000093
0.001459
0.122402
0.005147
0.731425
0.016034
0.940563
0.03198
0.128436
0.011607
0.669432
0.282852
0.889063
0.035358
0.825302
0.773791
0.035187
0.318898
0.001729
0.922262
0.014497
0.003044
0.004008
0.672715
0.999508
0.004044
0.011318
0.647223
0.928555
0.003218
0.034442
0.156269
0.001853
0.002653
0.269159
0.099218
0.169034
0.939316
0.041668
0.012137
0.906762
0.006171
0.072337
0.997691
0.708
0.00155
0.031322
0.059631
0.999059
0.00506
0.998712
0.061416
0.297437
0.003631
0.167481
0.698735
0.960504
0.017664
0.003723
0.022536
0.994483
0.485228
0.966006
0.597895
0.613099
0.066611
0.428981
0.709789
0.288069
0.005506
0.003072
0.810178
1.000087
0.002043
0.41676
0.003186
0.918052
0.430763
0.930322
0.017686
0.001161
0.193228
0.048448
0.866186
0.017435
0.031849
0.495454
0.024521
0.021243
0.010689
0.044708
0.001677
0.049347
0.993491
0.368087
0.694435
0.041289
0.065264
0.080937
0.0981
0.929444
0.966935
0.089614
0.002763
0.983828
0.06173
0.684844
0.997707
0.999583
0.427732
0.695923
0.917585
0.995183
0.01339
0.997492
0.160863
0.979936
0.120936
0.016825
0.239176
0.912588
0.229401
0.052545
0.96264
0.098283
0.96157
0.909658
0.001329
0.171413
0.008768
0.118116
0.126481
0.949883
0.005783
0.126656
0.823699
0.80565
0.966282
0.069584
0.923168
0.007451
0.999629
0.58398
0.024747
0.002805
0.497734
0.249708
0.429634
0.006735
0.003853
0.126573
0.002925
0.708952
0.050228
0.982675
0.926563
0.999607
0.007225
0.95229
0.934324
0.002869
0.015894
0.552614
0.456027
0.002653
0.436215
0.142896
0.994201
0.988497
0.005286
0.537017
0.003917
0.145585
0.613671
0.715388
0.23455
0.81111
0.999632
0.997524
0.053308
0.647197
0.456576
0.603538
0.997415
0.049427
0.998848
0.004486
0.611125
0.037763
0.552569
0.068735
0.020991
0.822374
0.92524
0.242203
0.967654
0.003206
0.174635
0.672596
0.991782
0.994467
0.001729
0.171132
0.2
0.152651
0.403818
0.002594
0.061649
0.916051
0.036341
0.178256
0.982235
0.922316
0.002754
0.034734
0.688371
0.079422
0.030985
0.526116
0.074471
0.017999
0.008236
0.013116
0.649072
0.040071
0.600248
0.731588
0.155245
0.992923
0.961026
0.003904
0.002797
0.01618
0.284377
0.005228
0.079944
0.040913
0.811113
0.498181
0.98535
0.132619
0.22365
0.468789
0.993348
0.986399
0.168378
0.10856
0.278332
0.35699
0.036581
0.021369
0.969488
0.778952
0.637467
0.028198
0.458376
0.243232
0.870296
0.002626
0.005202
0.47259
0.003236
0.50104
0.008301
0.023935
0.609929
0.012787
0.030026
0.039799
0.003072
0.984156
0.332264
0.967908
0.038844
0.71694
0.967119
0.998891
0.008318
0.999903
0.998871
0.048235
0.102679
0.017609
0.032878
0.983925
0.513503
0.392864
0.001934
0.003086
0.007167
0.26202
0.210867
0.266134
0.797557
1.000086
0.443369
0.808922
0.99731
0.042834
0.964312
0.006586
0.99332
0.187839
0.15856
0.118559
0.018607
0.012817
0.002907
0.216801
0.0062
0.628865
0.003581
0.004499
0.195713
0.063633
0.966911
0.253745
0.002898
0.003324
0.045518
0.410704
0.102597
0.277022
0.009137
0.007988
0.826932
0.993861
0.011323
0.105739
0.652035
0.020662
0.366688
0.913708
0.143122
0.052193
0.00177
0.964145
0.278581
0.069332
0.982495
0.098775
0.003848
0.005328
0.024545
0.994089
0.027576
0.82408
0.056318
0.818952
0.394273
0.00338
0.080068
0.003505
0.930149
0.02842
0.419863
0.002124
0.566211
0.00234
0.6713
0.003555
0.84691
0.961931
0.032798
0.004594
0.058027
0.806932
0.00461
0.281532
0.004581
0.034822
0.159824
0.001814
0.67056
0.026386
0.998856
0.374158
0.298197
0.986333
0.040926
0.036395
0.138166
0.00106
0.251324
0.017087
0.982147
0.401685
0.005365
0.478437
0.292832
0.96018
0.982024
0.985623
0.813019
0.097081
0.99265
0.961636
0.13781
0.002357
0.009947
0.985303
0.017598
0.054226
0.999238
0.020999
0.002564
0.997687
0.912957
0.185069
0.016793
0.032887
0.013076
0.020487
0.041367
0.018623
0.148058
0.00444
0.022676
0.013299
0.970044
0.254857
0.95964
0.841553
0.959647
0.47389
0.756743
0.361539
0.911524
0.841122
0.928164
0.043308
0.200188
0.967357
0.102087
0.003347
0.046651
0.997365
0.025258
0.921832
0.259085
0.158415
0.003614
0.017084
0.987524
0.003113
0.174342
0.010267
0.919314
0.589367
0.01162
0.463285
0.640892
0.903341
0.001579
0.983147
0.00331
0.058275
0.006928
0.604003
0.021264
0.140392
0.179135
0.965267
0.130937
0.994338
0.8373
0.788236
0.299644
0.44016
0.377891
0.997623
0.010068
0.026997
0.46039
0.002302
0.986968
0.163309
0.224455
0.930387
0.530573
0.992699
0.002978
0.390203
0.084631
0.051089
0.175946
0.98201
0.400594
0.997242
0.086841
0.676255
0.63518
0.608687
0.857902
0.205861
0.583767
0.003067
0.099418
0.006088
0.962835
0.006008
0.043316
0.042491
0.119957
0.967849
0.117054
0.169477
0.823009
0.999186
0.291608
0.002315
0.914518
0.00502
0.715864
0.003812
0.113484
0.007175
0.103449
0.844936
0.00195
0.825603
0.133417
0.020832
0.028079
0.028352
0.23788
0.996832
0.908828
0.003113
0.997444
0.958349
0.986361
0.664078
0.679376
0.002148
0.966995
0.920539
1.000065
0.200836
0.734849
0.902378
0.006108
0.999888
0.001904
0.992608
0.917157
0.004054
0.999887
0.130978
0.104589
0.922437
0.086301
0.526391
0.008629
0.380254
0.999852
0.017147
0.030118
0.085458
0.013978
0.010825
0.484142
0.003058
0.999195
0.243874
0.828231
0.136149
0.196797
0.161679
0.003309
0.049344
0.013686
0.415323
0.460458
0.920961
0.027284
0.035722
0.910131
0.04773
0.748037
0.551835
0.002902
0.778114
0.800633
0.123843
0.031475
0.220916
0.035005
0.996973
0.037889
0.019379
0.009607
0.845124
0.349002
0.00393
0.018535
0.801482
0.045216
0.463496
0.678487
0.436267
0.136462
0.978748
0.829589
0.993071
0.999517
0.472648
0.321021
0.905751
0.006275
0.906147
0.965265
0.257722
0.957446
0.055257
0.002501
0.906282
0.021964
0.269716
0.025867
0.960425
0.924774
0.744992
0.002559
0.937825
0.029954
0.002915
0.006486
0.920803
0.922701
0.050146
0.693669
0.573546
0.00453
0.817147
0.994316
0.758032
0.006737
0.997755
0.123147
0.454876
0.968717
0.003754
0.823026
0.81663
0.968879
0.07898
0.781574
0.044788
0.193686
0.802297
0.415901
0.052348
0.051686
0.906222
0.059846
0.003814
0.436822
0.745151
0.43641
0.003698
0.007639
0.847031
0.963724
0.221971
0.032487
0.012899
0.122593
0.505542
0.002455
0.104433
0.385926
0.668152
1.000018
0.718478
0.69353
0.171335
0.962905
0.926374
0.997529
0.980917
0.997475
