0.031311
0.832436
0.145687
0.000123
0.000101
0.00518
0.017278
0.034597
0.017316
0.279881
0.056279
0.000101
0.000101
0.699284
1.000091
0.710231
0.000358
0.98914
0.065371
0.000258
0.992155
0.000363
0.000101
0.0001
0.001219
0.001041
0.000619
0.00584
0.002982
0.996788
0.103244
0.000101
0.016658
0.998181
0.000876
0.000104
0.097602
0.999772
0.918818
0.0001
0.287987
0.000365
0.674498
0.117008
0.001109
0.999961
0.00063
0.243432
0.000104
0.007761
0.019145
1.000048
0.000102
0.000214
0.148316
0.000103
0.006898
0.98627
0.000108
0.002349
0.005811
0.000628
