ER_10000_10_0,1600,0.082000,10000
ER_10000_10_1,1620,0.080000,10000
ER_10000_15_0,1979,0.124000,10000
ER_10000_15_1,1987,0.116000,10000
ER_10000_20_0,2267,0.130000,10000
ER_10000_20_1,2237,0.123000,10000
ER_20000_10_0,3260,0.244000,20000
ER_20000_10_1,3189,0.227000,20000
ER_20000_15_0,3994,0.392000,20000
ER_20000_15_1,4011,0.383000,20000
ER_20000_20_0,4549,0.446000,20000
ER_20000_20_1,4532,0.412000,20000
ER_30000_10_0,4851,0.472000,30000
ER_30000_15_0,6001,0.700000,30000
ER_30000_20_0,6806,0.884000,30000
ER_50000_15_0,9995,1.797000,50000
ER_50000_20_0,11290,2.226000,50000
