0.291911
0.168047
0.203995
0.224204
0.223144
0.27217
0.270048
0.200733
0.363021
0.149096
0.204605
0.292701
0.322145
0.182842
0.255652
0.08711
0.137237
0.139945
0.048289
0.31593
0.202371
0.22993
0.189149
0.330043
0.205686
0.15327
0.056501
0.162585
0.210684
0.235334
0.023515
0.165679
0.287255
0.063333
0.043126
0.318931
0.228549
0.451327
0.079508
0.088595
0.002695
0.03123
0.005158
0.157613
0.072195
0.191154
0.057263
0.155122
0.194206
0.218857
0.032226
0.005309
0.175892
0.060155
0.047464
0.195419
0.008727
0.148622
0.007698
0.23267
0.267151
0.041177
0.035656
0.038736
0.128386
0.049472
0.06029
0.152797
0.243262
0.070026
0.032929
0.041117
0.198162
0.163469
0.155614
0.03988
0.140149
0.083502
0.174021
0.045389
0.019211
0.124942
0.246345
0.161961
0.180182
0.141459
0.174521
0.043849
0.025578
0.03552
0.134241
0.021452
0.096734
0.250449
0.228871
0.017956
0.071071
0.129727
0.044437
0.022247
0.058764
0.066786
0.185309
0.037965
0.003895
0.175744
0.071698
0.010681
0.034043
0.184242
0.045963
0.18501
0.050145
0.052209
0.193987
0.172828
0.050661
0.005032
0.016876
0.042135
0.139527
0.037974
0.216263
0.088005
0.174526
0.091472
0.183118
0.012479
0.185848
0.090575
0.026857
0.164746
0.136918
0.028858
0.183644
0.017668
0.292464
0.09388
0.015753
0.280291
0.064973
0.070476
0.123489
0.04559
0.068191
0.196848
0.266538
0.086107
0.05758
0.033443
0.219849
0.05886
0.059184
0.215255
0.060129
0.183185
0.205504
0.251351
0.191244
0.082044
0.270107
0.161415
0.022368
0.028857
0.024658
0.219221
0.003599
0.064425
0.05602
0.02713
0.07239
0.014726
0.038959
0.041925
0.059559
0.079374
0.029423
0.037045
0.038097
0.096968
0.041034
0.194304
0.028363
0.174813
0.059893
0.093128
0.047729
0.054169
0.089281
0.112208
0.022792
0.196581
0.034625
0.138726
0.227206
0.047499
0.026433
0.024696
0.178387
0.048285
0.062648
0.003563
0.195462
0.045788
0.050693
0.099224
0.138826
0.060327
0.154989
0.043456
0.0749
0.036796
0.216635
0.15326
0.125559
0.015658
0.032583
0.25482
0.032905
0.003509
0.053632
0.023235
0.049187
0.129744
0.155594
0.053901
0.039993
0.062542
0.068207
0.14816
0.032041
0.107564
0.025865
0.228455
0.12203
0.188452
0.022942
0.065412
0.028837
0.106853
0.075818
0.177657
0.143296
0.152463
0.192125
0.206802
0.042521
0.004656
0.046998
0.126018
0.029362
0.027329
0.039261
0.198535
0.177743
0.082672
0.075956
0.061356
0.086126
0.101721
0.064592
0.153639
0.208161
0.036289
0.027581
0.24558
0.020199
0.144481
0.078023
0.067862
0.050628
0.068345
0.041742
0.131604
0.021977
0.051943
0.054895
0.07627
0.177825
0.041461
0.01739
0.024351
0.050598
0.016413
0.039517
0.148677
0.055675
0.008719
0.079014
0.032245
0.039612
0.181826
0.252571
0.044685
0.047601
0.055291
0.116686
0.027707
0.157599
0.062101
0.042605
0.046423
0.024657
0.210721
0.307806
0.019388
0.045719
0.018809
0.060072
0.039077
0.043797
0.026748
0.051675
0.028571
0.019039
0.044246
0.082825
0.037875
0.041889
0.050853
0.050807
0.060965
0.028067
0.047509
0.051619
0.043473
0.069739
0.042331
0.053691
0.032249
0.027514
0.011778
0.017031
0.004856
0.030132
0.067607
0.054173
0.037592
0.0177
0.052378
0.147367
0.00912
0.043681
0.03362
0.039934
0.042345
0.0437
0.041919
0.030799
0.036176
0.026565
0.160592
0.131628
0.035919
0.047305
0.038755
0.125236
0.045417
0.038902
0.005216
0.039112
0.02893
0.034865
0.060808
0.03032
0.040852
0.030048
0.057726
0.046926
0.032208
0.038208
0.034821
0.050165
0.00274
0.191166
0.030582
0.047004
0.052585
0.037313
0.035296
0.020116
0.052014
0.034511
0.031566
0.056214
0.171604
0.049978
0.037172
0.07001
0.055276
0.034935
0.04362
0.046248
0.018132
0.076904
0.067119
0.0881
0.053595
0.039041
0.064577
0.050397
0.052492
0.045088
0.053518
0.056642
0.059618
0.032718
0.084286
0.043383
0.060261
0.045588
0.110834
0.029055
0.066904
0.061641
0.026101
0.039069
0.055816
0.05349
0.03609
0.035892
0.060254
0.042418
0.025338
0.070695
0.0636
0.038766
0.047874
0.071459
0.036759
0.020221
0.036512
0.046151
0.050424
0.010199
0.096481
0.032652
0.002866
0.04051
0.199886
0.056822
0.038494
0.02433
0.055087
0.08499
0.038245
0.134503
0.035472
0.043338
0.03984
0.128782
0.023537
0.066746
0.045995
0.092247
0.030613
0.045264
0.076859
0.158726
0.048658
0.023799
0.047052
0.034904
0.036502
0.059476
0.059844
0.061375
0.026391
0.053119
0.06251
0.034995
0.038871
0.036234
0.077569
0.102286
0.07918
0.051613
0.032523
0.048034
0.068522
0.036178
0.027208
0.06513
0.079252
0.030449
0.039815
0.0563
0.053355
0.059209
0.035609
0.083636
0.066016
0.029802
0.020538
0.055536
0.066327
0.035337
0.039549
0.041203
0.055355
0.140147
0.044934
0.088851
0.039822
0.087229
0.056014
0.060825
0.151063
0.06139
0.063435
0.051782
0.03285
0.044591
0.060093
0.130204
0.190939
0.046704
0.048389
0.039871
0.025459
0.003472
0.140914
0.052106
0.061805
0.045858
0.032547
0.067791
0.065411
0.052105
0.042354
0.1432
0.044965
0.059556
0.037065
0.055024
0.070673
0.047762
0.042686
0.035298
0.053515
0.029189
0.033019
0.030216
0.155087
0.071059
0.11913
0.073378
0.030659
0.069537
0.054023
0.075192
0.024314
0.032375
0.042915
0.031271
0.043219
0.032894
0.068556
0.13757
0.207327
0.046305
0.034858
0.055853
0.038092
0.026752
0.043753
0.016378
0.041928
0.196557
0.046818
0.047886
0.024371
0.133958
0.062437
0.063241
0.03766
0.04835
0.095217
0.030677
0.143628
0.073051
0.076518
0.061683
0.034437
0.062745
0.038546
0.040114
0.074411
0.051271
0.049521
0.050369
0.047213
0.043197
0.061997
0.024485
0.173117
0.145619
0.046438
0.052179
0.060036
0.043711
0.03176
0.038849
0.058113
0.079506
0.051999
0.032944
0.041795
0.043714
0.05665
0.036793
0.038041
0.043543
0.056412
0.054065
0.031103
0.044945
0.043078
0.051589
0.01688
0.046317
0.08893
0.04969
0.056392
0.06658
0.030663
0.142586
0.084711
0.044084
0.12341
0.044097
0.059291
0.036404
0.158251
0.04372
0.052645
0.066022
0.042506
0.03393
0.045632
0.067514
0.224227
0.053587
0.064683
0.040545
0.137786
0.049969
0.052869
0.0416
0.056001
0.03445
0.043223
0.023843
0.007906
0.056165
0.057432
0.043562
0.029184
0.188969
0.04322
0.065831
0.046509
0.070912
0.062777
0.038193
0.054387
0.048835
0.043899
0.027551
0.046986
0.038121
0.013414
0.06711
0.048796
0.055056
0.023208
0.068188
0.04001
0.040344
0.052122
0.023501
0.046538
0.030773
0.08758
0.035952
0.024881
0.053583
0.023972
0.040822
0.047193
0.241152
0.044628
0.033928
0.033163
0.057162
0.049834
0.025719
0.188865
0.14025
0.037101
0.240655
0.028486
0.046775
0.040388
0.038241
0.065538
0.01499
0.042726
0.022723
0.049354
0.04991
0.050686
0.06347
0.033103
0.06522
0.066879
0.059311
0.042841
0.041596
0.034686
0.025865
0.042251
0.036669
0.035589
0.039958
0.110764
0.027826
0.071579
0.139932
0.050877
0.043172
0.052739
0.062803
0.055544
0.023749
0.053757
0.078811
0.047132
0.06329
0.180571
0.060295
0.046511
0.038112
0.062407
0.039959
0.074253
0.054858
0.024531
0.08053
0.051197
0.048247
0.072206
0.048254
0.099121
0.050532
0.140766
0.058237
0.029796
0.037464
0.060873
0.12404
0.044919
0.170405
0.039583
0.133607
0.025832
0.066501
0.073183
0.052553
0.079316
0.053908
0.033768
0.034298
0.027379
0.044761
0.0426
0.061506
0.111556
0.036643
0.052846
0.034186
0.029977
0.039618
0.04764
0.043461
0.067672
0.051189
0.027238
0.086167
0.075455
0.082345
0.07774
0.085758
0.067352
0.022228
0.199626
0.076794
0.092827
0.150365
0.042997
0.047739
0.060505
0.043211
0.051803
0.06656
0.186739
0.043485
0.037133
0.059967
0.023591
0.034991
0.045454
0.04028
0.116028
0.047754
0.164499
0.034662
0.121344
0.071213
0.045576
0.053934
0.024968
0.093975
0.026294
0.081063
0.124006
0.031412
0.07698
0.045807
0.176532
0.087397
0.034716
0.063894
0.043877
0.059892
0.040266
0.050383
0.071278
0.053388
0.030922
0.022788
0.153929
0.038238
0.031235
0.045329
0.058499
0.077362
0.033366
0.035488
0.049223
0.070031
0.082082
0.030855
0.060895
0.031866
0.039935
0.024974
0.047202
0.047764
0.052059
0.042881
0.085876
0.048037
0.051324
0.032148
0.138041
0.033384
0.066129
0.046521
0.033713
0.027138
0.055249
0.048135
0.050989
0.035656
0.050948
0.062834
0.060575
0.045266
0.037566
0.046168
0.065146
0.041838
0.072055
0.056971
0.048321
0.042587
0.021615
0.049412
0.093794
0.031497
0.043023
0.029367
0.043884
0.031451
0.064953
0.029001
0.034122
0.046736
0.045793
0.049079
0.043355
0.071809
0.048927
0.053515
0.057997
0.138199
0.032883
0.030261
0.025543
0.040786
0.032018
0.019276
0.030866
0.193328
0.054349
0.038937
0.098509
0.045599
0.050536
0.043102
0.05563
0.035272
0.188268
0.072226
0.050347
0.081136
0.091985
0.04564
0.048158
0.079535
0.052656
0.028516
0.041043
0.051074
0.035025
0.071592
0.044902
0.039422
0.029365
0.026852
0.071814
0.023312
0.057725
0.041264
0.265868
0.066564
0.030435
0.050846
0.035413
0.1462
0.055717
0.034944
0.043449
0.029125
0.13158
0.078145
0.054503
0.042822
0.031888
0.038775
0.047514
0.11638
0.104545
0.040956
0.137088
0.049568
0.065918
0.043238
0.117677
0.088835
0.024109
0.042751
0.054852
0.04451
0.053705
0.072519
0.031485
0.066053
0.041825
0.035957
0.04071
0.043931
0.077532
0.070017
0.039161
0.049084
0.093424
0.137638
0.027477
0.098376
0.026191
0.059305
0.039876
0.035558
0.047269
0.079271
0.070987
0.039177
0.028431
0.062272
0.035012
0.04255
0.023861
0.047459
0.099839
0.062074
0.03126
0.038107
0.038277
0.043775
0.060371
0.045168
0.043242
0.033303
0.050602
0.063144
0.015109
0.036351
0.08338
0.045859
0.069359
0.074809
0.087558
0.05209
0.038172
0.084547
0.058884
0.049933
0.055286
0.098425
0.056851
0.019436
0.045447
0.099878
0.035835
0.116345
0.03104
0.156986
0.036351
0.042003
0.02885
0.079073
0.049826
0.054371
0.034875
0.030008
0.044015
0.037655
0.049329
0.044909
0.031788
0.062345
0.090598
0.044728
0.09651
0.039101
0.019883
0.044674
0.063309
0.056315
0.043735
0.04358
0.063014
0.03745
0.058792
0.036697
0.039358
0.049908
0.051576
0.064943
0.027889
0.162801
0.059345
0.028671
0.018568
0.061226
0.032074
0.035463
0.048302
0.058992
0.041754
0.052515
0.1101
0.100162
0.035961
0.023799
0.049279
0.042356
0.033961
0.01987
0.054304
0.065001
0.057861
0.022824
0.16823
0.036973
0.029772
0.053151
0.062094
0.046806
0.040941
0.116873
0.07654
0.0634
0.191418
0.040269
0.10439
0.240375
0.042544
0.059723
0.048927
0.07569
0.050039
0.030387
0.033223
0.026619
0.060503
0.045422
0.033791
0.082833
0.117352
0.048946
0.070518
0.03637
0.01776
0.069885
0.035672
0.05812
0.331753
0.056822
0.041131
0.055425
0.059726
0.059699
0.049978
0.036951
0.070675
0.049912
0.032386
0.036006
0.037824
0.054603
0.071534
0.033821
0.102586
0.057759
0.046926
0.04375
0.054821
0.048646
0.058572
0.074918
0.085071
0.054595
0.036895
0.025265
0.058242
0.040076
0.054141
0.068116
0.091251
0.027154
0.046471
0.046058
0.216994
0.060762
0.022487
0.077528
0.045351
0.021154
0.052462
0.042309
0.036499
0.033203
0.096706
0.084766
0.032324
0.04967
0.040617
0.046609
0.052098
0.042755
0.04783
0.043292
0.072114
0.039651
0.04315
0.039969
0.209496
0.110704
0.066458
0.046331
0.038726
0.021412
0.043724
0.181957
0.032298
0.044215
0.0496
0.052781
0.083758
0.045026
0.029736
0.064408
0.04529
0.053808
0.026856
0.060721
0.047654
0.090259
0.052219
0.02722
0.045793
0.056438
0.033831
0.04796
0.05571
0.052461
0.040029
0.02781
0.032708
0.042203
0.106846
0.149487
0.034659
0.048545
0.011416
0.057338
0.030086
0.072148
0.059091
0.067436
0.038817
0.043784
0.023184
0.043249
0.035131
0.068237
0.039344
0.070353
0.07138
0.051614
0.063309
0.033959
0.039957
0.036256
0.057506
0.042872
0.031016
0.041491
0.100368
0.053649
0.058523
0.061776
0.03269
0.042593
0.068436
0.063095
0.052755
0.057493
0.051477
0.045607
0.048575
0.033607
0.05215
0.062961
0.041673
0.036362
0.082534
0.077082
0.031223
0.043257
0.0357
0.039734
0.034912
0.124486
0.061222
0.156486
0.029526
0.123758
0.031893
0.056928
0.144124
0.046281
0.082584
0.033977
0.141528
0.04287
0.06405
0.050688
0.036556
0.054494
0.062415
0.08527
0.031601
0.070071
0.047592
0.050101
0.045696
0.039547
0.042968
0.028612
0.059382
0.032536
0.018971
0.052443
0.030324
0.02491
0.069667
0.069311
0.042677
0.048105
0.045652
0.031367
0.089387
0.039485
0.056244
0.105102
0.025917
0.068269
0.039261
0.134099
0.059281
0.049226
0.017128
0.074731
0.033229
0.039941
0.062301
0.034623
0.042791
0.03744
0.035869
0.057027
0.072156
0.060847
0.046844
0.070332
0.070064
0.046552
0.055781
0.059875
0.044121
0.065377
0.038808
0.042245
0.044614
0.055568
0.036037
0.052466
0.03657
0.041646
0.067659
0.044431
0.02473
0.071893
0.086346
0.073863
0.05453
0.049425
0.041823
0.068949
0.030569
0.168296
0.06538
0.03529
0.060151
0.043489
0.06425
0.027194
0.141612
0.036616
0.053138
0.046689
0.080556
0.116814
0.034848
0.062598
0.041475
0.063917
0.048912
0.04042
0.028582
0.043451
0.028317
0.044607
0.041755
0.031062
0.067062
0.02217
0.177221
0.057885
0.032364
0.049553
0.048847
0.036573
0.027127
0.034067
0.07402
0.048644
0.044759
0.030334
0.0497
0.048105
0.082674
0.08976
0.015428
0.150474
0.043202
0.027521
0.053001
0.02286
0.043181
0.027994
0.035784
0.030319
0.108367
0.03081
0.201952
0.042116
0.036207
0.042892
0.035608
0.080848
0.109301
0.037367
0.061181
0.023051
0.044959
0.06401
0.027592
0.050209
0.057618
0.033549
0.032696
0.031975
0.023374
0.026229
0.046199
0.041759
0.039169
0.109385
0.029741
0.081694
0.051256
0.059106
0.041315
0.010757
0.067207
0.033771
0.058794
0.042829
0.037852
0.052308
0.033297
0.084584
0.048617
0.045077
0.040852
0.042477
0.034598
0.065639
0.083535
0.06158
0.078887
0.027317
0.052217
0.053722
0.048089
0.087339
0.039511
0.078817
0.046513
0.084638
0.058731
0.053904
0.046335
0.038983
0.046807
0.038604
0.069164
0.028248
0.035148
0.032519
0.129858
0.056406
0.030849
0.050846
0.036199
0.028421
0.04718
0.067262
0.047802
0.066973
0.02583
0.030056
0.062745
0.149022
0.041861
0.053463
0.071486
0.029232
0.039659
0.056004
0.036407
0.047933
0.116072
0.028454
0.051392
0.071975
0.050786
0.1376
0.031344
0.070949
0.023927
0.047839
0.037196
0.079692
0.057305
0.050897
0.072892
0.067778
0.050651
0.073255
0.043132
0.044351
0.056016
0.032601
0.097174
0.028786
0.069596
0.032234
0.032335
0.15179
0.076815
0.027261
0.066481
0.055393
0.058886
0.046284
0.173102
0.062803
0.084073
0.038916
0.045919
0.050819
0.090558
0.037145
0.118954
0.066678
0.07234
0.034169
0.090179
0.033052
0.040342
0.047583
0.032575
0.021165
0.040621
0.029483
0.068189
0.062761
0.023656
0.201477
0.147514
0.044603
0.035256
0.070156
0.072077
0.045174
0.041094
0.032825
0.148049
0.061134
0.041885
0.031381
0.028463
0.044982
0.030114
0.064376
0.043333
0.040561
0.059159
0.040716
0.037135
0.055573
0.042365
0.054813
0.034327
0.112961
0.029809
0.042274
0.169918
0.062987
0.036968
0.03998
0.077058
0.046833
0.042002
0.068577
0.050119
0.048157
0.079107
0.038541
0.038727
0.050241
0.054683
0.053563
0.043417
0.06156
0.076389
0.054637
0.041844
0.10366
0.048632
0.042679
0.068049
0.077896
0.025055
0.053719
0.059878
0.032332
0.065853
0.033282
0.038454
0.035286
0.034843
0.153207
0.034861
0.023
0.047059
0.067216
0.045436
0.037142
0.058591
0.044902
0.122757
0.04776
0.055179
0.030394
0.086451
0.044311
0.031623
0.05781
0.111218
0.042172
0.058777
0.07507
0.042317
0.024527
0.054928
0.063228
0.029818
0.03802
0.045785
0.040166
0.033517
0.056928
0.04754
0.025282
0.096535
0.047693
0.032999
0.064454
0.053008
0.079306
0.106552
0.05041
0.036914
0.028209
0.065433
0.078456
0.044387
0.063593
0.047931
0.089047
0.04263
0.044878
0.026957
0.044794
0.032306
0.030952
0.055881
0.064712
0.048153
0.042236
0.04311
0.058817
0.039404
0.112276
0.04733
0.060035
0.048116
0.197392
0.048213
0.04388
0.036427
0.068522
0.047786
0.020607
0.041656
0.055865
0.039366
0.043462
0.039265
0.045292
0.045354
0.035522
0.045184
0.049274
0.08518
0.063515
0.044639
0.035522
0.035996
0.051005
0.032243
0.028876
0.064655
0.031066
0.041462
0.040062
0.073707
0.040807
0.03718
0.056816
0.034314
0.048982
0.040895
0.081264
0.021911
0.039505
0.058006
0.008716
0.054734
0.016973
0.050834
0.036203
0.02606
0.042561
0.05844
0.042367
0.038647
0.041381
0.023735
0.036312
0.036198
0.041332
0.064313
0.044993
0.054267
0.028809
0.065534
0.053846
0.051535
0.038912
0.032314
0.042809
0.057324
0.032474
0.042889
0.027681
0.050933
0.071407
0.023561
0.036189
0.058493
0.031456
0.062682
0.092161
0.045882
0.023466
0.039244
0.134576
0.050214
0.046335
0.073087
0.086561
0.147261
0.045161
0.164877
0.053388
0.037354
0.027675
0.048933
0.016927
0.038353
0.028087
0.048311
0.043866
0.068907
0.083043
0.051363
0.065235
0.024567
0.042783
0.045595
0.032615
0.084386
0.031419
0.037505
0.044287
0.045743
0.044846
0.0861
0.039881
0.023848
0.050722
0.026994
0.026206
0.058748
0.044958
0.058079
0.053821
0.091645
0.043691
0.036757
0.096955
0.031473
0.035009
0.053143
0.088212
0.042553
0.064146
0.034145
0.050754
0.064359
0.025613
0.08442
0.031973
0.038956
0.063985
0.043012
0.047898
0.077602
0.049063
0.031931
0.040147
0.047839
0.047008
0.026197
0.068968
0.044318
0.031135
0.046054
0.057566
0.058604
0.033158
0.077734
0.051853
0.043222
0.077406
0.05037
0.029841
0.045231
0.066596
0.051001
0.049042
0.028637
0.046134
0.037256
0.032176
0.050146
0.032637
0.05341
0.032779
0.051067
0.035701
0.07295
0.039
0.250319
0.056305
0.046205
0.058062
0.059514
0.101696
0.025944
0.059408
0.116339
0.050601
0.046467
0.013022
0.040923
0.034679
0.034276
0.051135
0.033441
0.064665
0.074778
0.135675
0.059527
0.049615
0.048672
0.059399
0.039588
0.031797
0.032051
0.074266
0.0506
0.041243
0.063015
0.079221
0.062947
0.050274
0.043735
0.040014
0.070162
0.040134
0.06734
0.049062
0.067819
0.035042
0.029648
0.04473
0.041543
0.047831
0.046701
0.074161
0.081195
0.041126
0.031097
0.030772
0.046166
0.047928
0.06872
0.032248
0.037711
0.035424
0.042359
0.0481
0.063117
0.061695
0.034339
0.054598
0.034165
0.043874
0.049443
0.128085
0.045859
0.050443
0.149965
0.038606
0.057148
0.106342
0.050754
0.044872
0.060571
0.053227
0.034888
0.047423
0.209516
0.153738
0.030381
0.044938
0.054293
0.065365
0.03772
0.0382
0.039035
0.057355
0.032327
0.044296
0.034704
0.037406
0.04948
0.086888
0.028037
0.045233
0.043757
0.029507
0.03215
0.06079
0.026971
0.057717
0.047951
0.032364
0.050861
0.027754
0.04934
0.062198
0.159485
0.046259
0.041946
0.027865
0.09375
0.035937
0.04017
0.155712
0.069336
0.049204
0.088504
0.078573
0.074157
0.058977
0.067651
0.157925
0.062325
0.072024
0.034516
0.049082
0.062638
0.041654
0.028654
0.035252
0.028993
0.037244
0.066391
0.016418
0.050033
0.027334
0.040984
0.049811
0.041237
0.098123
0.026939
0.038235
0.039883
0.046146
0.048374
0.041137
0.057525
0.024827
0.039654
0.070449
0.027249
0.043942
0.058447
0.047999
0.063193
0.025785
0.021789
0.044103
0.035558
0.049984
0.038639
0.044712
0.063833
0.041131
0.022975
0.114394
0.056738
0.056442
0.048675
0.053333
0.041489
0.073792
0.095071
0.042538
0.015788
0.040971
0.053305
0.038952
0.037734
0.035587
0.024239
0.283417
0.068302
0.04205
0.040537
0.039376
0.034437
0.026421
0.148789
0.056733
0.039428
0.036888
0.032947
0.048395
0.058992
0.071242
0.136997
0.026847
0.048806
0.078852
0.053435
0.067692
0.049795
0.06229
0.057081
0.040785
0.061557
0.04952
0.061565
0.059089
0.114941
0.117163
0.024623
0.072386
0.037887
0.032997
0.038545
0.076811
0.029198
0.06713
0.108494
0.045708
0.062497
0.093541
0.052922
0.042417
0.115072
0.018512
0.063337
0.040261
0.024038
0.030013
0.060348
0.039303
0.042475
0.054365
0.041353
0.052494
0.035732
0.047945
0.064711
0.062197
0.055358
0.039391
0.0326
0.053593
0.030345
0.066105
0.056061
0.041461
0.084773
0.05768
0.051684
0.03051
0.057053
0.038477
0.034699
0.054752
0.041189
0.028811
0.036622
0.049367
0.067593
0.032794
0.04632
0.057895
0.035391
0.048082
0.023935
0.040906
0.044369
0.062633
0.058176
0.048364
0.164289
0.06646
0.042871
0.041204
0.034734
0.039009
0.124631
0.073376
0.088464
0.040642
0.180029
0.04861
0.154566
0.048752
0.047688
0.050812
0.049871
0.055673
0.064293
0.035172
0.032917
0.059407
0.038665
0.065983
0.065179
0.029379
0.032385
0.030632
0.076931
0.037254
0.156062
0.036083
0.043864
0.039062
0.061352
0.051397
0.053895
0.033254
0.044642
0.065643
0.04151
0.047215
0.044525
0.047953
0.05296
0.040771
0.056445
0.069275
0.041612
0.045931
0.056497
0.041212
0.068049
0.043071
0.067028
0.031797
0.04458
0.107525
0.034214
0.038081
0.066115
0.031501
0.042443
0.03016
0.037618
0.178255
0.041882
0.040158
0.037946
0.03122
0.080708
0.055006
0.053036
0.054512
0.036662
0.070159
0.068487
0.056197
0.037577
0.050068
0.067338
0.066919
0.03773
0.092564
0.031925
0.034789
0.031095
0.04797
0.062609
0.03809
0.042434
0.030452
0.040075
0.071377
0.060462
0.050327
0.030439
0.102919
0.030783
0.032333
0.054017
0.042752
0.052448
0.033515
0.042965
0.103975
0.032961
0.075021
0.129875
0.0324
0.147063
0.04654
0.037983
0.037865
0.047031
0.050947
0.04991
0.084045
0.052817
0.027864
0.061128
0.020441
0.031216
0.048948
0.036775
0.053629
0.056086
0.031787
0.031486
0.04768
0.033384
0.049368
0.047164
0.047638
0.037351
0.08477
0.052908
0.081126
0.045129
0.04442
0.048796
0.075571
0.054582
0.037062
0.057363
0.050349
0.033427
0.053683
0.04917
0.036605
0.141742
0.03972
0.072137
0.052397
0.054766
0.036712
0.180666
0.054328
0.073561
0.035051
0.0385
0.028868
0.050469
0.022248
0.07508
0.089595
0.055619
0.042811
0.048931
0.033365
0.03333
0.025397
0.106518
0.044524
0.03055
0.037018
0.038639
0.071481
0.03497
0.077856
0.026678
0.059838
0.03571
0.023344
0.034512
0.058468
0.065848
0.058662
0.023373
0.084025
0.025476
0.032697
0.060452
0.060362
0.046422
0.067291
0.055938
0.035705
0.025174
0.042357
0.052055
0.053465
0.033427
0.05546
0.04859
0.04757
0.043395
0.066958
0.094834
0.069811
0.056213
0.065644
0.046906
0.065302
0.045413
0.054845
0.051678
0.038412
0.047432
0.034143
0.049786
0.027519
0.041283
0.038913
0.038028
0.032041
0.042761
0.027726
0.038485
0.028097
0.043173
0.038322
0.057532
0.048091
0.058022
0.047439
0.044395
0.047781
0.068604
0.070203
0.052005
0.048218
0.043815
0.039576
0.016967
0.038827
0.040716
0.054462
0.073633
0.06092
0.07036
0.059638
0.068081
0.061347
0.083565
0.050887
0.045146
0.035679
0.081035
0.049082
0.031499
0.082482
0.164359
0.053369
0.105898
0.058478
0.054364
0.068691
0.073441
0.07441
0.082046
0.044552
0.085748
0.042701
0.025772
0.050459
0.043273
0.031107
0.052727
0.042397
0.065301
0.037347
0.060102
0.0347
0.071136
0.04686
0.038457
0.031485
0.04261
0.029804
0.028101
0.040515
0.065895
0.057674
0.0549
0.069797
0.039325
0.033265
0.048477
0.048964
0.063698
0.020726
0.066209
0.06205
0.060576
0.038598
0.0788
0.03312
0.051627
0.082007
0.04785
0.051274
0.134762
0.061573
0.089663
0.039122
0.055557
0.04879
0.051493
0.070702
0.114234
0.03042
0.053116
0.325109
0.064345
0.043581
0.04188
0.089664
0.045161
0.042381
0.036174
0.038425
0.049266
0.04207
0.079189
0.046906
0.040571
0.058699
0.035156
0.051736
0.04165
0.089829
0.040334
0.049645
0.027468
0.056663
0.082759
0.051721
0.029136
0.127738
0.032504
0.04782
0.060059
0.06186
0.058445
0.035793
0.837057
0.079019
0.041865
0.048811
0.031694
0.03363
0.059583
0.040846
0.063923
0.048329
0.038148
0.052268
0.073443
0.038193
0.054628
0.044366
0.036724
0.032416
0.022706
0.051519
0.055473
0.033583
0.060879
0.033782
0.041852
0.060919
0.027627
0.077147
0.058239
0.073842
0.064931
0.22474
0.056287
0.032146
0.052875
0.035117
0.03872
0.102412
0.026333
0.062438
0.057385
0.09548
0.055777
0.034295
0.032775
0.038682
0.033539
0.032718
0.046494
0.034711
0.04438
0.036209
0.069494
0.035154
0.058325
0.032651
0.157895
0.067589
0.058187
0.053634
0.044862
0.039374
0.054282
0.05369
0.066754
0.02327
0.058527
0.041783
0.056656
0.046773
0.039182
0.028172
0.064604
0.057996
0.038956
0.03247
0.098968
0.034937
0.037133
0.042605
0.054145
0.052898
0.043449
0.042444
0.154198
0.046826
0.034325
0.047693
0.033774
0.046062
0.045887
0.025085
0.042106
0.018289
0.057038
0.066189
0.034871
0.065045
0.067986
0.03937
0.021345
0.051761
0.048158
0.041896
0.058958
0.068921
0.017988
0.029133
0.02766
0.036334
0.047797
0.032545
0.040922
0.048366
0.052614
0.059462
0.04015
0.049404
0.030559
0.053641
0.055163
0.085127
0.039922
0.033658
0.103733
0.030136
0.059617
0.040612
0.059425
0.052289
0.03051
0.113363
0.049051
0.037352
0.045059
0.037808
0.059468
0.119314
0.077168
0.062209
0.0855
0.053075
0.058912
0.053111
0.071579
0.106934
0.04811
0.029852
0.035936
0.046478
0.04387
0.037985
0.053516
0.046843
0.056247
0.277976
0.046009
0.021937
0.02819
0.042789
0.06134
0.05369
0.042173
0.078787
0.033146
0.067406
0.05051
0.057812
0.054975
0.036826
0.066229
0.052361
0.030051
0.062414
0.051918
0.051793
0.067386
0.082536
0.032112
0.030246
0.031258
0.058555
0.058379
0.034584
0.071736
0.040765
0.052433
0.025403
0.083049
0.065608
0.179655
0.020581
0.040661
0.059659
0.054596
0.069701
0.048012
0.056872
0.034967
0.049249
0.036074
0.030722
0.039394
0.109673
0.04178
0.048675
0.043201
0.050507
0.061766
0.036811
0.050331
0.032102
0.055951
0.046315
0.057667
0.036699
0.02869
0.042219
0.060853
0.036183
0.05175
0.072746
0.033182
0.031766
0.053928
0.068082
0.055232
0.073614
0.04419
0.041257
0.038285
0.030296
0.047995
0.063609
0.040777
0.050523
0.043158
0.031321
0.083779
0.110461
0.034858
0.04274
0.025691
0.062156
0.052831
0.019839
0.038596
0.041271
0.036478
0.071783
0.095124
0.057017
0.048081
0.030469
0.21308
0.031718
0.037936
0.07128
0.033644
0.034976
0.041759
0.050464
0.036188
0.061191
0.083199
0.098623
0.028912
0.057564
0.050658
0.157142
0.04341
0.047928
0.082655
0.041195
0.048156
0.049966
0.062545
0.032338
0.076242
0.053826
0.044083
0.040191
0.034698
0.037725
0.029925
0.034506
0.052427
0.029009
0.039099
0.051176
0.026982
0.038206
0.031972
0.046037
0.051923
0.113749
0.074919
0.03329
0.048968
0.057234
0.051054
0.043975
0.051781
0.048904
0.075489
0.098885
0.032789
0.051285
0.056382
0.059672
0.046768
0.038497
0.075743
0.047142
0.033611
0.033224
0.072974
0.032209
0.059584
0.074993
0.038364
0.037333
0.050801
0.029539
0.019964
0.05254
0.109534
0.076652
0.027246
0.033547
0.05719
0.029314
0.054779
0.077638
0.05148
0.040587
0.150354
0.050736
0.030268
0.063694
0.034854
0.054592
0.044999
0.084496
0.053308
0.034116
0.049175
0.034936
0.036097
0.048901
0.050629
0.188657
0.059563
0.054361
0.078053
0.036687
0.045025
0.039434
0.043292
0.059671
0.036515
0.050402
0.034337
0.037318
0.035319
0.036181
0.030981
0.030762
0.044017
0.035983
0.052196
0.043245
0.025775
0.073271
0.047056
0.03599
0.029927
0.03895
0.040616
0.050505
0.060069
0.040584
0.04238
0.108587
0.05476
0.046286
0.107192
0.071271
0.035326
0.021317
0.04854
0.02551
0.042238
0.061953
0.046161
0.051638
0.060455
0.025931
0.070973
0.034836
0.039404
0.04824
0.095359
0.026944
0.047097
0.056092
0.088513
0.052575
0.041956
0.037554
0.038165
0.089048
0.061934
0.089205
0.037904
0.082892
0.057459
0.096539
0.038681
0.055649
0.051426
0.064753
0.110198
0.075326
0.038649
0.057846
0.046378
0.089474
0.034711
0.034315
0.036018
0.036514
0.045988
0.051172
0.091167
0.047503
0.052048
0.013594
0.045054
0.062223
0.048983
0.085603
0.095967
0.067643
0.083316
0.069554
0.039837
0.041175
0.056171
0.035203
0.026762
0.043229
0.033531
0.055989
0.055515
0.047713
0.038472
0.039999
0.055816
0.036789
0.030289
0.052676
0.110783
0.049807
0.047381
0.020886
0.048642
0.079597
0.025562
0.044163
0.020769
0.03897
0.046641
0.044068
0.072418
0.032631
0.055012
0.047258
0.029284
0.070421
0.079862
0.030062
0.031511
0.035325
0.047231
0.062713
0.05658
0.029086
0.022597
0.041308
0.023187
0.083929
0.057084
0.058833
0.045033
0.051725
0.059219
0.197378
0.034294
0.04489
0.046162
0.051208
0.069401
0.062283
0.061741
0.033966
0.044826
0.049598
0.077209
0.03851
0.052721
0.067303
0.057322
0.038796
0.110517
0.074095
0.034869
0.045573
0.056625
0.04031
0.032536
0.040017
0.066183
0.088606
0.054509
0.056586
0.042354
0.039706
0.081528
0.043817
0.048549
0.030853
0.053602
0.077996
0.060326
0.027441
0.039295
0.08645
0.019215
0.038971
0.055704
0.067833
0.041899
0.033941
0.076088
0.070381
0.026354
0.03549
0.060924
0.061352
0.042027
0.221363
0.076261
0.035493
0.071168
0.050851
0.038782
0.051099
0.03538
0.025808
0.047915
0.154371
0.023058
0.086726
0.055656
0.028355
0.097262
0.06486
0.065814
0.073767
0.036047
0.05428
0.052748
0.025083
0.038298
0.042315
0.033267
0.053654
0.049586
0.061509
0.048827
0.02693
0.079997
0.183363
0.056629
0.084811
0.039469
0.041783
0.032703
0.029781
0.039317
0.07697
0.038139
0.078911
0.040705
0.061084
0.051032
0.047451
0.084053
0.047283
0.044279
0.054056
0.034717
0.097363
0.038155
0.046104
0.022324
0.042788
0.029269
0.049156
0.03726
0.074693
0.038252
0.057631
0.061394
0.054925
0.075684
0.047985
0.040036
0.039051
0.064173
0.030714
0.132925
0.06104
0.048664
0.042103
0.073013
0.132074
0.027281
0.037085
0.118036
0.089832
0.043091
0.048279
0.053856
0.043433
0.047263
0.078552
0.099505
0.26467
0.048783
0.043253
0.040435
0.050633
0.041857
0.046433
0.045826
0.03225
0.037563
0.050078
0.035743
0.040144
0.033057
0.057783
0.03728
0.058898
0.045747
0.0325
0.070946
0.023581
0.030505
0.057871
0.046108
0.04281
0.03258
0.056517
0.050511
0.095698
0.04539
0.082065
0.043422
0.033559
0.05687
0.047942
0.035892
0.032159
0.071288
0.019681
0.030897
0.025181
0.034249
0.026144
0.026625
0.029636
0.068694
0.058744
0.031549
0.050861
0.049253
0.033413
0.047476
0.02103
0.049621
0.045659
0.028937
0.030466
0.057308
0.042172
0.056265
0.028675
0.147253
0.036981
0.040965
0.076866
0.040294
0.058033
0.049928
0.091881
0.037632
0.050244
0.066469
0.026093
0.033879
0.036497
0.03428
0.038767
0.090471
0.045231
0.050896
0.048488
0.059464
0.077396
0.038744
0.051001
0.054529
0.054711
0.032383
0.0535
0.048175
0.10758
0.05203
0.069267
0.043549
0.036257
0.047981
0.044321
0.03925
0.040526
0.03436
0.045095
0.047074
0.035322
0.066674
0.031217
0.044659
0.061536
0.120314
0.06481
0.054192
0.034998
0.030706
0.050931
0.076449
0.03106
0.043207
0.036171
0.077224
0.069506
0.046628
0.061009
0.0371
0.0544
0.043114
0.074387
0.039045
0.056019
0.037414
0.04007
0.068732
0.05172
0.05063
0.057549
0.052638
0.034083
0.060628
0.097296
0.079285
0.071767
0.025443
0.043873
0.034265
0.040754
0.05978
0.036971
0.051718
0.068055
0.067814
0.042691
0.036598
0.092188
0.040345
0.037694
0.058842
0.037012
0.051541
0.106854
0.020187
0.059264
0.037968
0.100256
0.057339
0.043546
0.043127
0.033132
0.032735
0.035018
0.081907
0.066328
0.080474
0.040531
0.063785
0.077421
0.033872
0.046717
0.05713
0.061688
0.048786
0.057947
0.041282
0.045769
0.047974
0.073904
0.022006
0.057729
0.041893
0.04902
0.068357
0.036424
0.030411
0.066467
0.06673
0.041617
0.072444
0.060461
0.059665
0.03847
0.03938
0.053475
0.046511
0.050566
0.047239
0.037845
0.039198
0.035129
0.03739
0.037305
0.05342
0.046081
0.043469
0.043721
0.049533
0.052127
0.049818
0.034841
0.160198
0.045248
0.075636
0.038641
0.033882
0.019927
0.037946
0.036106
0.051498
0.041368
0.038237
0.034938
0.055017
0.041828
0.071052
0.047437
0.064315
0.04569
0.047045
0.036213
0.056713
0.047681
0.02779
0.036338
0.088112
0.055797
0.050842
0.061761
0.034773
0.047931
0.030578
0.183561
0.045482
0.056705
0.052711
0.031185
0.063842
0.034557
0.047735
0.026822
0.043828
0.047347
0.031956
0.026948
0.05287
0.050789
0.043968
0.053496
0.022193
0.076328
0.059154
0.050269
0.030747
0.037344
0.071278
0.044861
0.049113
0.041438
0.043219
0.037873
0.03756
0.05566
0.040475
0.039915
0.073715
0.059254
0.06146
0.058878
0.051551
0.039728
0.036566
0.066097
0.046933
0.046263
0.042646
0.171728
0.042521
0.027749
0.076621
0.089505
0.047901
0.038178
0.033394
0.040178
0.108323
0.047317
0.04949
0.131005
0.044709
0.063648
0.063732
0.054336
0.037382
0.038253
0.037491
0.057756
0.053224
0.035339
0.037068
0.020485
0.06205
0.042816
0.063814
0.040914
0.089922
0.061771
0.023969
0.069583
0.042627
0.039036
0.038329
0.038887
0.063433
0.022625
0.037106
0.028343
0.039085
0.032724
0.037935
0.034035
0.049263
0.077801
0.03418
0.087851
0.068573
0.027496
0.049331
0.04141
0.054177
0.032158
0.042379
0.05858
0.024471
0.059405
0.026761
0.067076
0.047645
0.055799
0.049412
0.028864
0.04223
0.048496
0.031658
0.025696
0.023248
0.014574
0.049857
0.099174
0.03439
0.02797
0.022841
0.085278
0.035433
0.061117
0.039483
0.065309
0.045326
0.028651
0.037298
0.041427
0.042273
0.719815
0.082788
0.052553
0.048359
0.027655
0.048609
0.034343
0.039645
0.017076
0.035532
0.039836
0.060628
0.03443
0.066853
0.039911
0.042846
0.064685
0.035543
0.038827
0.076886
0.042488
0.031606
0.045051
0.037177
0.03252
0.036747
0.024362
0.10396
0.090178
0.023916
0.044476
0.106533
0.073964
0.061149
0.040086
0.076283
0.04441
0.027246
0.045795
0.041887
0.10776
0.060506
0.048537
0.077085
0.037448
0.048905
0.046558
0.033354
0.060911
0.041832
0.120661
0.026891
0.047781
0.041769
0.031452
0.046295
0.052841
0.083203
0.042886
0.030604
0.034098
0.053734
0.035239
0.055004
0.031794
0.03684
0.040311
0.07534
0.062394
0.058558
0.060266
0.025716
0.046359
0.055013
0.079453
0.042304
0.054213
0.089077
0.031158
0.051565
0.076271
0.084541
0.075689
0.091934
0.058556
0.030766
0.035192
0.032578
0.039598
0.065425
0.051779
0.081144
0.065625
0.061209
0.03198
0.031053
0.033884
0.041379
0.049519
0.070468
0.050335
0.08266
0.095629
0.079191
0.035189
0.059486
0.056889
0.034571
0.053432
0.065175
0.068872
0.099794
0.0566
0.037304
0.058604
0.049659
0.042673
0.060651
0.09688
0.050868
0.056244
0.029084
0.065471
0.032964
0.071059
0.034504
0.029926
0.075204
0.03842
0.059109
0.068078
0.026927
0.075855
0.041492
0.046265
0.064193
0.073802
0.034594
0.042988
0.03553
0.031857
0.025603
0.074367
0.092006
0.04904
0.185324
0.05443
0.094086
0.048134
0.035138
0.045481
0.05411
0.09117
0.156533
0.035097
0.051204
0.08195
0.051067
0.05157
0.042795
0.040024
0.073099
0.046233
0.043737
0.111842
0.028391
0.047943
0.049655
0.061745
0.05031
0.032336
0.028885
0.03274
0.036261
0.044474
0.053228
0.045042
0.032751
0.045284
0.059925
0.045774
0.033218
0.031704
0.031564
0.060956
0.056972
0.050727
0.040646
0.025662
0.06067
0.049192
0.018683
0.077396
0.028825
0.063021
0.040414
0.032718
0.047908
0.073184
0.038127
0.051549
0.143537
0.054461
0.046817
0.035488
0.067581
0.054592
0.039516
0.060363
0.032821
0.048257
0.042184
0.068109
0.099097
0.102593
0.053664
0.098794
0.066633
0.047727
0.115681
0.047867
0.04405
0.056121
0.045274
0.180774
0.031559
0.080897
0.035239
0.038753
0.032862
0.093453
0.045895
0.060957
0.042662
0.999787
0.027404
0.032769
0.055519
0.049823
0.04419
0.030206
0.052956
0.033282
0.022336
0.039629
0.071904
0.023414
0.000544
0.036212
0.092126
0.037788
0.033195
0.034364
0.033463
0.029427
0.048236
0.042787
0.040991
0.03327
0.026865
0.040146
0.040695
0.064686
0.055793
0.024283
0.050131
0.051487
0.047093
0.014801
0.017202
0.05527
0.02253
0.061364
0.114101
0.05165
0.024691
0.024091
0.029356
0.042169
0.032067
0.041839
0.036312
0.025337
0.082597
0.054016
0.033926
0.043559
0.03708
0.011969
0.054092
0.088146
0.054587
0.046559
0.041652
0.074805
0.05149
0.062758
0.052183
0.063234
0.028151
0.05226
0.043071
0.059668
0.046454
0.04275
0.041054
0.053465
0.057225
0.027524
0.074445
0.032761
0.025053
0.038439
0.063489
0.031314
0.088461
0.041185
0.043242
0.029989
0.04415
0.006265
0.039796
0.03926
0.035296
0.04671
0.030604
0.043898
0.033719
0.204998
0.036062
0.078263
0.051349
0.066887
0.038034
0.049812
0.046588
0.067594
0.033128
0.040903
0.055128
0.10478
0.049845
0.074949
0.036196
0.032225
0.04845
0.081713
0.074874
0.061329
0.027312
0.015688
0.062449
0.026098
0.071196
0.049301
0.073352
0.044851
0.035985
0.013332
0.035285
0.055041
0.081324
0.076938
0.025365
0.063596
0.031453
0.0448
0.042394
0.022593
0.029979
0.022397
0.025384
0.04057
0.035495
0.109495
0.032865
0.083742
0.047916
