time: 4.680651903152466, n: 1000
9.487764356573475e-05,0.00046086630630381786,7.0,0.3437715072264281,0.005513052528079382
5.505395737730104e-05,0.00045221943812317973,7.0,0.3472367049009385,0.006123790377147
9.116844237447877e-05,0.0004988274014289125,8.0,0.36300872093023256,0.010608873277387808
0.0004492471199945262,0.0005948424639548751,10.0,0.3662023460410557,0.011285048223436414
0.00034897995788725066,0.0006250335065134754,11.0,0.36633663366336633,0.012130138556209702
0.00010733506430060075,0.00043043925930185697,6.0,0.3403747870528109,0.005633787860936895
0.00015665211432776537,0.0004843430336251135,8.0,0.35755189692197564,0.009885442793925555
4.716600259907904e-05,0.00033376358875525987,4.0,0.3294854881266491,0.003495820841674183
0.00017352859170000054,0.0005911849536003651,10.0,0.36038961038961037,0.009345998920816435
0.0001511224105653016,0.0004622751403857093,7.0,0.34978991596638653,0.0063800173217410236
5.26474760281282e-05,0.00041993370059891714,6.0,0.3535031847133758,0.008853710976111677
0.00020932166453843122,0.0006888637815238928,12.0,0.3536283185840708,0.008549532221649843
0.00010754397154408075,0.0004518425106037272,7.0,0.34188911704312114,0.005488365253132687
0.00016081575810175498,0.0005073440865083296,8.0,0.3538788522848034,0.007816773313003648
6.0635459037414865e-06,0.00027911073410247906,3.0,0.3219465033838221,0.0028250446910585768
0.0005364843462453547,0.000729005293402258,12.0,0.35375354107648727,0.008158915552350599
0.00033514060244961357,0.0005453756964741013,9.0,0.3647316538882804,0.010279845124966469
0.00032271544925525767,0.0006559584251095312,12.0,0.37970353477765106,0.01692469202789881
0.00015894596243028466,0.000530067889646095,9.0,0.36931608133086874,0.012955274563173575
7.676429404422353e-05,0.00043871172242934957,6.0,0.35077247191011235,0.006926606771380423
0.00014968177119109835,0.0004791618271685624,8.0,0.3659340659340659,0.012711065446000055
6.429181653749038e-05,0.0004479822972079067,7.0,0.3502805049088359,0.007412680463675517
0.00020969500744535572,0.000646101191158955,12.0,0.36660550458715596,0.012862605284803779
2.3662251529492667e-05,0.00038961851991572776,6.0,0.36221899927483686,0.01023576258408665
0.00020714621153037914,0.0005933696786173475,11.0,0.3875096974398759,0.02223839319428462
0.00029340656742265136,0.0006785655123113139,13.0,0.3804265041888804,0.02031214838145353
0.00031518987889410307,0.000614842389279955,11.0,0.36836283185840707,0.013424390804413508
9.299862899493107e-05,0.0004041063795759956,6.0,0.3547585227272727,0.00800071854407578
0.00015153695715894005,0.0005261159152380218,9.0,0.3571683947086164,0.009147793716474522
0.00022232476263056602,0.0005225954657520975,8.0,0.3547585227272727,0.007930077228120226
7.483605577550604e-05,0.00045950985878132425,7.0,0.34784122562674097,0.006513302642261161
9.237207134525822e-05,0.0004485026655374325,7.0,0.34796238244514105,0.0069381252732250605
0.00011972025077215335,0.000475035094873436,8.0,0.36419978126139263,0.011224169603390118
0.00017828034364659738,0.0005039476155284557,8.0,0.3579362235757793,0.010238294468454201
0.00014417630827228098,0.0004195555446854959,6.0,0.3421232876712329,0.005222941323187389
5.1601603595838976e-05,0.00036156418248680153,5.0,0.34060688714626663,0.005009253422769553
1.83175505587972e-05,0.0003935607477036517,6.0,0.35602280826799715,0.010021575089355597
0.00011920440755815828,0.0004886756777586734,8.0,0.3556425774296903,0.008712903728426986
7.582770137416615e-05,0.000401882207079188,6.0,0.34735744089012516,0.006413582412983535
0.00011405269337679192,0.0003739960641370479,5.0,0.34341698178068064,0.005276190220781476
0.00011308503091773593,0.0004398383723650212,7.0,0.35602280826799715,0.008969497477608855
5.3537997492868055e-05,0.0003652877365483187,5.0,0.34083930399181167,0.004955502064488478
0.00046768935766877445,0.0006873092846839551,13.0,0.38796116504854367,0.020174526989623926
7.519396070525685e-05,0.0004359860354509913,7.0,0.359740727403673,0.01029063966000323
1.3027240043559937e-05,0.00028888365082111074,3.0,0.3318936877076412,0.003609652070630759
0.00010514718893149422,0.00043903271279281035,7.0,0.3675496688741722,0.012073934729931908
0.00018919911757479167,0.000650706038823031,12.0,0.3697261287934863,0.013229211916992858
8.572007221862685e-06,0.00030992849968724054,4.0,0.3536283185840708,0.008370499174047537
0.0002825299884226608,0.0005961985672188893,10.0,0.35589597434983966,0.00866352763546379
0.00018329146590824195,0.00042356060819719445,6.0,0.34881284916201116,0.005958312848043865
0.0003031436436223478,0.0006607699298889285,12.0,0.37712344280860705,0.016256545506720933
2.054465858494376e-05,0.00033004475709462694,4.0,0.31774809160305345,0.0025118328156335367
0.00014883431451647456,0.00044147983932348316,7.0,0.3588362068965517,0.009698538581360272
0.00011589744435720807,0.0004115241052602253,6.0,0.3462738301559792,0.006728831652562193
1.995377060471236e-05,0.0003050165143548511,4.0,0.3618254255704455,0.009679242752781661
7.036468410184981e-05,0.00047645442860155937,8.0,0.3653986832479883,0.012160568920629987
0.0003751627321376607,0.0006039504251508683,11.0,0.37898330804248864,0.016771788936689985
0.00014589402126375018,0.0005422877175056464,9.0,0.35003503854239665,0.006851329507954507
0.0006200547426932473,0.0008566163549872602,17.0,0.39880239520958083,0.025729179783409915
0.0003379398116017088,0.0006580213066239345,11.0,0.35691318327974275,0.008581396409927628
8.849558899062952e-05,0.000468192748010812,8.0,0.3751408186256102,0.015355851339382805
0.00046376844409017445,0.0006660099435553931,12.0,0.3837879369957741,0.01781662422434931
0.00042066375850331744,0.0005937789476554063,10.0,0.36782032400589104,0.013110245055468617
7.561607041208086e-05,0.00040403917830522846,6.0,0.3572961373390558,0.00919768816193198
0.0010682318904149694,0.0009589711088215727,18.0,0.3784090909090909,0.016085510132861622
0.0001808020371506709,0.0005304010200814083,9.0,0.36327272727272725,0.010778023937808206
0.000156238695073976,0.00048646591912577587,8.0,0.3626134301270417,0.011347297400037176
0.0002803776360824456,0.0006277947523177396,12.0,0.3908450704225352,0.024163692776021376
0.00014681162673238634,0.0006229574587001362,12.0,0.3878105590062112,0.021595010258808587
4.214757919418757e-05,0.0003617339476452675,5.0,0.34424534803583734,0.006512281878911119
0.0004716947616070729,0.0006547066919272489,12.0,0.37726586102719034,0.016464957263819108
0.00023270476710507754,0.0006686615392005003,12.0,0.36660550458715596,0.011522058403000454
0.00022011386727571283,0.0005264177114982004,9.0,0.36553238199780463,0.011757089987649672
0.00011836993473871657,0.0004583337749321715,7.0,0.3496674833741687,0.007075402631905925
0.0005579730863053728,0.0007322897421411067,14.0,0.38275862068965516,0.01854907861687672
0.00048050814798981895,0.0007388796078755938,14.0,0.3766968325791855,0.016060028814721995
2.0956568504216065e-05,0.00032051590873247507,4.0,0.3325565912117177,0.003863025051546772
0.00023157598786125534,0.0006636613596190165,12.0,0.37179010048381095,0.014143614354267729
0.0002680226116758017,0.0006932723211324234,13.0,0.3769811320754717,0.019142103720534192
9.614138207895749e-05,0.0004664407188039483,7.0,0.34639389736477116,0.0056887118855742415
7.143509220460823e-05,0.00044273134137091165,7.0,0.3546325878594249,0.008974841723445644
0.0002286125444805866,0.000558247111086343,10.0,0.3698630136986301,0.012728713789221347
8.923699895253843e-05,0.0004661081447152623,8.0,0.3675496688741722,0.013104732139540783
0.0001112764164940766,0.0004025009304772091,6.0,0.3533781393703573,0.00830217267624408
5.3063633916275805e-05,0.0003986045623860261,6.0,0.3511423550087873,0.007619497055662507
0.00026587594583263064,0.0006138776137851203,11.0,0.367414490621552,0.011693981343646704
0.0001570705444939519,0.0006296163896476379,12.0,0.3824655436447167,0.020462309488699763
0.00018229743480958753,0.000554765044090978,10.0,0.3704115684093437,0.013591213159812205
0.00028537073659701387,0.0005813777866462094,10.0,0.3651315789473684,0.011713565048289553
5.8045782193748585e-05,0.0004148838943970388,6.0,0.3334445927903872,0.004254440171607153
0.00015979179384666465,0.000509156426312654,8.0,0.35438098616530683,0.008484481433447719
0.00017736779850944997,0.0005563103105567532,10.0,0.3682270549207519,0.01283015715073036
0.00021699731269947894,0.0005256893072690481,8.0,0.34353507565337,0.005767792078131286
0.00028784147581894436,0.0006063780378050578,10.0,0.3594818279956819,0.009263750166051906
0.0003362815627269316,0.0004991888002613562,8.0,0.36038961038961037,0.009654827820824557
0.00024143159558937473,0.0006251579438847147,11.0,0.3596112311015119,0.010620912791021926
0.00017785024937166474,0.0005574832471288876,10.0,0.36863468634686347,0.014389827073545984
0.0003649555902132658,0.0006539632981892799,12.0,0.374859287054409,0.015386309250181071
0.000270146542842648,0.0006261285511104304,11.0,0.3694526627218935,0.013397162616470124
0.0008994802969138777,0.000825251177916695,16.0,0.38349328214971207,0.019336426108561216
7.05221319991775e-05,0.0004368921777539091,6.0,0.3360242179616549,0.004598950276283249
0.0005890029886574637,0.0007893234392182015,15.0,0.3706864564007421,0.013842370612432516
0.0004533803130568593,0.0006616767622840173,12.0,0.37206703910614525,0.014102277973011121
0.00019197314716311575,0.0005722781686070624,10.0,0.3668747704737422,0.012680026002557984
6.507794182180352e-05,0.00044004115041181805,7.0,0.36300872093023256,0.010747606163847949
0.00012896334379526738,0.0004846878508215269,8.0,0.35589597434983966,0.009414631699148199
0.00016084330616007256,0.0005178419673900418,8.0,0.33568548387096775,0.004838008550685994
0.00017503847331283568,0.000524925617801463,9.0,0.36038961038961037,0.010476228019278513
0.00014136737637793337,0.00044434601605085046,7.0,0.35501066098081024,0.008280187513069031
0.00032868087879094895,0.0006489833757186354,12.0,0.37429748969651555,0.0145988711691963
0.00022143881376167828,0.0006136855520400145,11.0,0.3801369863013699,0.017202657822969983
0.00042248838123642687,0.0006904117402029824,12.0,0.3645985401459854,0.010903550846343663
0.0001557933207213665,0.00037168762555623165,5.0,0.35538954108858056,0.00836346051005277
5.145661298573715e-05,0.00032800966139953907,4.0,0.3392190152801358,0.0044799580141216214
6.814762968235728e-05,0.0004845297504308657,8.0,0.3583213773314204,0.01012626837833553
0.00038975847406003296,0.0006416213168087103,12.0,0.3751408186256102,0.015139631745316313
0.00032806614021127793,0.0006179982872821527,11.0,0.3660681568340051,0.011631031644855992
0.00020559138545185867,0.0005630004972973363,10.0,0.36660550458715596,0.010906175508646003
0.0005464853041951229,0.0007772912915207169,15.0,0.38188073394495414,0.020392173834976473
0.0001317650364479541,0.0004505801370376363,7.0,0.3564038530146272,0.009782896941185363
1.2551768360044946e-05,0.0002767051751512835,3.0,0.34917860887801466,0.006815851572472013
0.000286157479362463,0.0006602032041054025,12.0,0.36782032400589104,0.012021810201960468
9.07900287033021e-06,0.0002684567093064937,3.0,0.3451969592259848,0.006060121503464115
3.4070981635320966e-05,0.0004406419424889506,7.0,0.35653104925053536,0.009284767662261292
0.00018970445036203639,0.000524140243527837,9.0,0.3651315789473684,0.011904861937041655
0.000180569995012966,0.0005593372867018229,10.0,0.37528174305033807,0.01605661279283009
0.0005995820097267763,0.0006258130670500988,11.0,0.3759879563417388,0.015279636047539055
0.00033460250489391995,0.0006178858727400615,11.0,0.37082405345211583,0.01425340299964187
0.00017689060462278526,0.0005232025735366777,9.0,0.3602596465921385,0.010721113285375764
0.0001460888012733114,0.000540669700319657,9.0,0.35844994617868675,0.009204120852216162
0.00023631892889188646,0.0005940673700884684,10.0,0.3564038530146272,0.008396814210971555
0.00022535246075311872,0.0005366671772795994,9.0,0.3601297764960346,0.010479503231449071
0.00026789001745579274,0.0006046993421304936,11.0,0.3704115684093437,0.014207997274974248
8.710183759757022e-05,0.00042679216194994223,7.0,0.3697261287934863,0.01418772162615312
0.00027808558630800867,0.000649865177722,12.0,0.3735976065818998,0.015920640673071737
0.00014623595654415707,0.0005658985099519453,10.0,0.36380189366351057,0.01122659558800306
0.0001365265401017043,0.0005692210790607017,10.0,0.3689069423929099,0.0126728991279395
0.0004751371291316961,0.0008190359247428492,15.0,0.36958934517203107,0.012079941420542063
1.5907081854079215e-05,0.00036610745802721675,5.0,0.33534743202416917,0.00465884224901924
0.0004336595429989926,0.0006559157764880936,12.0,0.37151357381926364,0.013573052736279331
0.00013999796619268076,0.0005189025438740578,9.0,0.36038961038961037,0.011191469626571466
0.0002335814002665642,0.0005869090640246013,10.0,0.35755189692197564,0.009389674566579971
0.00010316854497138075,0.00043919910354585194,7.0,0.3616944243301955,0.010158202042022344
0.00012099451359284877,0.00046987463690380634,8.0,0.36660550458715596,0.013187326345739854
0.0002649446700636552,0.0005723587174811393,10.0,0.36580007323324787,0.013422245323783525
0.0011471977495158756,0.0007812114479239405,14.0,0.3694526627218935,0.012497409247547733
0.00027544613814525976,0.0006493594931576956,12.0,0.374859287054409,0.01645922867817512
0.0002839088371954948,0.0006066433627692489,11.0,0.36809137803979364,0.012745157160120209
7.967031072974519e-05,0.0003454697854097052,4.0,0.3290513833992095,0.003494104293797047
0.0004476670880881716,0.0007659968568017358,15.0,0.3908450704225352,0.02200761947081563
0.00019379386519472383,0.00044914019809081935,7.0,0.3605196679898953,0.01078197569145519
0.00018990395207656562,0.000432472529990311,6.0,0.34353507565337,0.005591132789406735
0.0008031384446013506,0.000938153832002407,19.0,0.4008828250401284,0.028780038707396344
4.73734631899314e-05,0.00032309214508783387,4.0,0.3367037411526795,0.00435035826966199
0.0001751982643844056,0.0006023296340865273,11.0,0.3735976065818998,0.016511346069727345
0.00022213540475499394,0.0005609387652677825,10.0,0.38571428571428573,0.018877809454084127
3.9804911350911295e-05,0.00034112168774681404,4.0,0.32236205227492737,0.0027345731697791887
7.991275466848881e-05,0.000528710064616757,9.0,0.36,0.010827127027773102
4.8238691129162975e-05,0.00032390083704641684,4.0,0.33568548387096775,0.004161331809196403
0.00014438306796548964,0.0005166015401954092,8.0,0.35003503854239665,0.007464026178089921
0.00019001910859138194,0.0004431922599288649,7.0,0.36300872093023256,0.010410633305566835
0.0003372655381882394,0.0006386005140726742,11.0,0.36208771293947084,0.009628822783936189
0.00022623535674019994,0.0005684808277567531,10.0,0.3682270549207519,0.012930079028635803
0.00013698218331713457,0.0004473369988933227,7.0,0.3523809523809524,0.008037433528944486
7.436413804394892e-05,0.0004333786960661262,7.0,0.3601297764960346,0.010956510092899845
0.00013055143116257625,0.000526133021714575,8.0,0.3294854881266491,0.0037806103896876318
0.00011735593155589413,0.0004122322700788008,6.0,0.3490566037735849,0.0065559152212072945
0.00043599327537141135,0.0006809547496251461,13.0,0.3867595818815331,0.018794500490306582
0.0002610697746378661,0.0006235380334561819,11.0,0.3716517857142857,0.014214597442377254
0.0005387355705362875,0.0008456991183217425,16.0,0.3855654187572366,0.018981580017307306
0.0002180557280997339,0.00037219236912529893,5.0,0.35375354107648727,0.008810056134243934
9.797466671189139e-05,0.00043579110708795183,7.0,0.3610408384531984,0.010556973495284673
0.00026709124784448854,0.0006029107229811575,11.0,0.37898330804248864,0.0168613835957564
0.00021937536535754986,0.0004941245635836291,8.0,0.36221899927483686,0.010202900589019083
0.0004824696423321139,0.0007058108199354124,13.0,0.3710995542347697,0.014778584130691507
6.937061854632905e-05,0.0005392916625727448,9.0,0.3538788522848034,0.00890044039284262
0.0003025390550098065,0.0006626999987394816,12.0,0.36931608133086874,0.013890362234208599
0.0006218166547656804,0.0007923967708781997,15.0,0.3768389287061486,0.015984015529144673
0.0001287279861775062,0.0004753132039844783,8.0,0.3664710198092443,0.012518207104600703
0.0002309830278775581,0.0005484391537780536,9.0,0.35691318327974275,0.00872299236972455
0.0002997295917015321,0.0005484806384844416,9.0,0.36300872093023256,0.010852679137029472
3.816457453416415e-05,0.00044959100530093016,7.0,0.34341698178068064,0.005974466609295008
7.373885697640576e-05,0.0004872504221042473,8.0,0.3583213773314204,0.010405085486115523
0.0005963185210357623,0.000723875202051261,13.0,0.3660681568340051,0.011657229578807984
0.00047472260616842894,0.0007369334756479075,14.0,0.38349328214971207,0.018959483042431325
0.00015788384125233122,0.00048334476956158473,8.0,0.3614327062228654,0.010192135958721989
0.0003004695940969827,0.0007110752015494657,14.0,0.3885647607934656,0.020972528662403976
8.261295662364536e-05,0.0004729929174034456,8.0,0.3651315789473684,0.011295533796396728
0.00015950683212797876,0.0005714122657986139,10.0,0.3687707641196013,0.013819179749402626
0.0003775713610314261,0.000640686298705133,11.0,0.359740727403673,0.00909263668866979
0.0002747586296268818,0.0006582271996836797,12.0,0.3652650822669104,0.012300207988112228
0.0006676806337085371,0.0008541231511719207,16.0,0.37528174305033807,0.016876195499395185
0.0003228418026058119,0.0006205078397534423,11.0,0.36156351791530944,0.009993493847108742
0.00038192706467639115,0.0006245070238116891,11.0,0.3660681568340051,0.011760114037049314
0.0004463653799780584,0.0007399427862373109,14.0,0.37641296156744536,0.014598894240169693
7.970176952370328e-05,0.00042800840616157905,6.0,0.3337788172402272,0.00402152573556499
0.0002425641123276844,0.0006015490772746462,11.0,0.37151357381926364,0.013556632155649374
0.0001472632643780496,0.0005059215399096375,8.0,0.34735744089012516,0.006731685494371867
0.00024382821983670786,0.0005376409899680139,9.0,0.3610408384531984,0.010345487533176795
5.5479128564170664e-05,0.000429204403032876,6.0,0.34388984509466436,0.005307395179204269
0.00010344574307350501,0.0004072194640009524,6.0,0.35200845665961944,0.006782940937806799
0.0003965165259439709,0.0006459063155511999,12.0,0.37429748969651555,0.016164201646569943
0.0011305873746778944,0.00083804264479627,16.0,0.3939274447949527,0.024591219061331205
0.0002543203631501402,0.0005850871674422474,10.0,0.369179600886918,0.01298045796355235
0.0002712702449547926,0.0005424531495060987,9.0,0.36863468634686347,0.01349121267494499
6.776527528201932e-05,0.0004018808078790509,6.0,0.346875,0.006210973368950709
5.652728696015153e-05,0.0004776395026631911,8.0,0.36064981949458486,0.010864655987167912
0.00018568305937815614,0.0005371250531670687,9.0,0.3587073608617594,0.009777924513213474
1.4960462178427327e-05,0.000314597078829463,4.0,0.3429454170957775,0.005243170467127622
0.00040023515187301696,0.0007522360858633129,14.0,0.36849870896348214,0.014212875103399738
0.0003388454473288586,0.0005802839445999493,10.0,0.3698630136986301,0.013659519519296464
0.0003378833460069859,0.0005765438447395743,10.0,0.37387724550898205,0.013594067642403767
0.00023981392547430016,0.0005514305222048276,9.0,0.34917860887801466,0.007017561921907734
0.00034073808063176216,0.0006901392909289502,13.0,0.36419978126139263,0.012749314211480893
0.0001522850643875312,0.0005777314989313222,10.0,0.35987031700288186,0.009995938637583204
6.82274900626282e-05,0.0004358254551929119,7.0,0.3590941768511862,0.009856252937157722
0.00016029005685125694,0.0005680724913638144,10.0,0.35742397137745974,0.009417445079496092
4.7888955236618686e-05,0.0004036903821628084,6.0,0.35375354107648727,0.007902945648414948
0.0003576312381287729,0.000694419577931476,13.0,0.3716517857142857,0.012737166778220638
3.21380765636764e-05,0.00031590135873518636,4.0,0.33991153453555634,0.005057112799964347
3.762820461754607e-05,0.0003745102628167573,5.0,0.3278634722678044,0.003293378915276057
0.00015754677561403375,0.00042202613328709576,6.0,0.35188446636139487,0.007059896424186881
8.614360349212253e-05,0.0004845117965204933,8.0,0.3505263157894737,0.007855037103109726
0.00013741988122411566,0.0005040035229498269,8.0,0.34784122562674097,0.006123033363756264
5.81083750828783e-05,0.0004786536101065813,8.0,0.367414490621552,0.012896103430302227
8.272855881658388e-05,0.00047875250198901794,8.0,0.36849870896348214,0.014073988955781738
0.0006807177791081971,0.0007610715202434051,15.0,0.3948616600790514,0.025220541895387135
0.00014646020594355708,0.0006457089925008032,12.0,0.37955927051671734,0.019081010073896166
0.00033272894797241076,0.0006348265929030516,11.0,0.3605196679898953,0.009659910385416727
0.00018417840589957953,0.000536771979832456,9.0,0.36700955180014694,0.013107109094819798
0.00013243921181280656,0.0004969597932965875,8.0,0.3570407433881344,0.008797049724498834
0.0008216820648222383,0.000993740324370934,20.0,0.3948616600790514,0.02361409218421018
7.954129598599787e-05,0.0003915524712694762,5.0,0.3335559265442404,0.0037523853534280533
0.0001602517886969704,0.0005340721023148445,9.0,0.367414490621552,0.012810587465444515
0.00022713123127272487,0.0006093314158809022,11.0,0.3647316538882804,0.012187086486192185
0.00026778066365078386,0.0006159434964228521,11.0,0.3689069423929099,0.01314473206943568
0.0002456249570640033,0.0005453172294472559,9.0,0.35425531914893615,0.008480916248782645
0.0002345020083133442,0.0005489329401376713,9.0,0.364067055393586,0.011574198088126634
0.00022036360002121737,0.0006240549234318171,11.0,0.3596112311015119,0.009370239569329409
0.0004757481706287797,0.0005845426785039897,10.0,0.3726221559119731,0.014732661447664
0.00025983609204540276,0.0004969056284192618,8.0,0.35488454706927175,0.007479796668900445
5.848879677413646e-05,0.0004397999906325638,7.0,0.3580645161290323,0.009585002782833052
0.00015703988483483007,0.00048612369536283137,8.0,0.3535031847133758,0.00814367047219331
0.0001980735553744029,0.0005517331942381729,10.0,0.3755639097744361,0.015395619471161609
0.00010458819629713937,0.00040370107280105107,6.0,0.348326359832636,0.006573308443212906
0.0005171563625214888,0.000784347743389937,15.0,0.37726586102719034,0.017737704266432456
0.0002693703445930766,0.0006207916150197741,11.0,0.36433260393873085,0.011231061807822487
0.0008467730555977364,0.0009135790504137119,18.0,0.3906922174423152,0.02061101735195396
0.0010822552812873982,0.0009007492465201705,17.0,0.37970353477765106,0.017315309122836485
0.0001181574012768678,0.0005715196617798492,10.0,0.37206703910614525,0.013267735712420375
5.266304119882685e-05,0.0003980316173355893,6.0,0.3486910994764398,0.006692510737860803
0.00017976342765813118,0.0005615694782247012,10.0,0.37303958177744584,0.013891030255209772
0.0008863390954560765,0.0007761525988448147,14.0,0.38057142857142856,0.019493519791432434
2.2385728884126446e-05,0.00031646271174044706,4.0,0.3501577287066246,0.0074438773882426635
8.703702976456382e-05,0.0005194859381279537,9.0,0.36380189366351057,0.011751497409132255
0.00015860392031505997,0.0004858824075992259,8.0,0.3682270549207519,0.01272778495589714
0.00034209653537984344,0.0007947484258503292,16.0,0.40445344129554656,0.030870141347682702
8.421231265887885e-05,0.0004311534969098773,7.0,0.3618254255704455,0.010609626669238112
0.0004732161265299298,0.0007674504198430293,15.0,0.3878105590062112,0.02211728219996489
0.00010294098290179339,0.00041044686798068697,6.0,0.354004252303331,0.008232582891164764
0.00012083481820531554,0.00048698117488476584,8.0,0.3592233009708738,0.009501836483840615
0.0003721619638869881,0.0006616760995478994,12.0,0.36660550458715596,0.0135515459166699
0.00011643221750543783,0.00041891396950120445,6.0,0.3430631868131868,0.005774871956447787
0.0004210568094598499,0.0005787473970154705,10.0,0.3723443906075289,0.013390753763563284
0.0005538551444335699,0.0008999723569369533,18.0,0.3864603481624758,0.021452827563693544
0.00010870078964296507,0.000478483450422492,8.0,0.3626134301270417,0.010734260565156237
0.00017472623531405524,0.0004886373328656236,8.0,0.3576799140708915,0.009059690861808729
0.00041513196210887863,0.0007441446246163139,14.0,0.3794151158374478,0.01640772876426652
0.000143428107659431,0.0004137639882876512,6.0,0.3489346838980091,0.006361622477036301
0.00016208860752621657,0.0005569269364859241,10.0,0.37096175269216486,0.014506519269091923
0.000319248729849712,0.0006105905725238433,11.0,0.37726586102719034,0.018053005290122093
0.00015036290437352146,0.000537662277442573,9.0,0.36380189366351057,0.011617295620727636
0.0003513468578955024,0.0006356090053588655,12.0,0.38334612432847276,0.019828325704349215
0.0002874336888083982,0.0005743486498695624,10.0,0.3649981731823164,0.011497865655640057
0.0004473580313928424,0.0007020630611501778,13.0,0.37303958177744584,0.015220995249369127
0.0002177774848502613,0.0006448065811673815,12.0,0.37429748969651555,0.016555359724763744
0.000266967887159973,0.0006198247126727448,11.0,0.3571683947086164,0.008523784813087696
0.00027060924292907686,0.0006597437048249043,12.0,0.37429748969651555,0.013916534381007062
0.0005951043803408686,0.0006889903871625327,12.0,0.3660681568340051,0.01237035176311556
0.00022355355909375258,0.0005486815345201324,9.0,0.36208771293947084,0.010309725762614165
0.00014160185344436988,0.00050643553098809,8.0,0.35375354107648727,0.007274181654382164
0.0003473225059422934,0.0006286133379985793,11.0,0.36700955180014694,0.013120041033657126
0.00039535791835496086,0.0007480398252593206,14.0,0.3768389287061486,0.015410106781736875
0.00015876306287146053,0.000554057491390839,10.0,0.37387724550898205,0.01462858342539846
0.00016353747620634175,0.00048080488177589957,7.0,0.34844785490059293,0.006611263037805839
0.00011761485033610325,0.0005653137568181833,10.0,0.36768494663231505,0.013274715088025475
0.000209094385195132,0.0006126284260207511,11.0,0.3694526627218935,0.013842622730425526
0.0007085629295691393,0.000832414560341669,16.0,0.39176470588235296,0.02615316915694268
0.0003443045539931941,0.0007016463564299314,13.0,0.3804265041888804,0.01691642585620756
0.00030579923514836464,0.0006327935823881485,11.0,0.3660681568340051,0.011513626530323742
0.0003148592485444083,0.0006176800418766572,11.0,0.37826580840590684,0.016401361410684392
0.0007835401451781516,0.0008995041586126078,18.0,0.40217391304347827,0.02814021632565434
0.0005906833080423909,0.0007114298130504657,13.0,0.37712344280860705,0.015426735298406397
0.000340925163823179,0.000695317629181522,13.0,0.3754227733934611,0.015914953402653698
0.00020380119013471088,0.0005910689383182271,10.0,0.3611713665943601,0.01001385156962726
0.0005020034960864771,0.0006482357757587179,11.0,0.36660550458715596,0.012269670185789162
0.00026032352598645873,0.0006146199114312758,11.0,0.3726221559119731,0.014251365084033739
0.0001386019270599748,0.00048477150107927686,8.0,0.3576799140708915,0.009618183403534378
0.00010771647988724298,0.0005115932808069847,9.0,0.37206703910614525,0.01442358919370389
0.00021025780291331943,0.0005723630974444514,10.0,0.3653986832479883,0.010149409673893361
0.0007397401352550241,0.0008511243004468091,17.0,0.39658594680428744,0.02339571232252068
0.0001058733888411403,0.0004913536758376516,8.0,0.3511423550087873,0.007726457124363968
0.0005071119024584875,0.0007679289191145752,15.0,0.38660990712074306,0.01921125558231725
0.0005184914820325418,0.0007600100024780377,14.0,0.3741573033707865,0.015877575594802178
0.0009626200128364004,0.0009230845280968612,18.0,0.38028169014084506,0.018477405829267317
0.0004029734136828369,0.0006149386920451542,10.0,0.36327272727272725,0.011147917270875551
0.0007205558403123829,0.0007282001642866804,14.0,0.37955927051671734,0.0185252297235133
0.000333455049319627,0.0006007589666788446,10.0,0.3440082644628099,0.005617765029580213
0.0002792302610666208,0.0006568368670715659,12.0,0.37151357381926364,0.014095050790388183
0.00037108905457534843,0.0007253004467568623,14.0,0.3757051523128996,0.0167988124832351
0.00010654785679797599,0.00044376849991883163,7.0,0.3557692307692308,0.009256239564252962
0.0007151675007217583,0.000732076334967007,13.0,0.36633663366336633,0.011401458565793252
0.0002122323247591182,0.0005614965313403727,10.0,0.3724832214765101,0.013668480331743208
2.307523885917247e-05,0.00035589621995385,5.0,0.3475991649269311,0.0064637462595003
0.00017514709020243277,0.0005249330229152454,9.0,0.36768494663231505,0.012176378726918007
0.00043704899305563,0.0006919681547979189,12.0,0.36038961038961037,0.009173461029186293
0.0005569000566012365,0.0006913493745760628,12.0,0.36809137803979364,0.012924532044640493
0.0007252079438661467,0.0007991877803114086,15.0,0.37612951807228917,0.016062126897255537
0.00019772326572189887,0.0005329578395199275,9.0,0.36566617862371886,0.01187208554901662
0.0002278902870086098,0.0006135352354614677,11.0,0.3635371179039301,0.011473716465155659
0.0007001439784503134,0.0008153490674100733,16.0,0.3878105590062112,0.022174461207122086
0.00023528144893606684,0.0004560154033294234,7.0,0.35325318246110327,0.007689445201377348
0.000530025788106895,0.0007355106820350048,14.0,0.3769811320754717,0.017767204005068343
0.000534149783439422,0.000769493171434237,14.0,0.3724832214765101,0.013092993703315134
0.0001946477942366797,0.0005705376190651599,10.0,0.37612951807228917,0.014889392866111491
0.0004460657458727951,0.0006291014137148883,11.0,0.36836283185840707,0.012276173402855707
0.001171729119632217,0.0008944031018721769,17.0,0.390539483971853,0.02114357025992595
0.00015802343802921165,0.0005358557411175712,9.0,0.36327272727272725,0.01112329996996418
0.00013136495849483062,0.0005172374625833987,9.0,0.37303958177744584,0.014924327949636825
0.0002847983868581586,0.0006152538107589355,11.0,0.37726586102719034,0.017058038655133136
0.00011643381548358681,0.0004895606879886465,8.0,0.35844994617868675,0.009697480428212722
0.00014234776209471223,0.0005164800775746657,9.0,0.36486486486486486,0.01163315065409321
0.0008159112909257035,0.0008758748183690418,17.0,0.38977760436987907,0.022301454164097092
0.00012162988491301789,0.0005516514167040402,10.0,0.3726221559119731,0.015303286760610275
9.34611247677283e-05,0.0004671784126033673,7.0,0.3510189739985945,0.00751267106982629
0.00048044211899333887,0.000613774690441486,10.0,0.3602596465921385,0.009403502188755193
0.00027655793769375454,0.0004959235834870975,8.0,0.36327272727272725,0.010489632688425388
0.0001286700003777896,0.0003992223358140313,6.0,0.35691318327974275,0.009614553589093003
0.00014331630116955693,0.000518468720905206,9.0,0.3675496688741722,0.013741867804666753
9.789074624734908e-05,0.0004413359411585879,7.0,0.3618254255704455,0.011005585601565206
8.350600690676375e-06,0.00027889448919264745,3.0,0.32070626003210273,0.0027263838971310836
0.0006364529582810921,0.0007552933574934782,14.0,0.3778366111951589,0.017467633857169988
0.00014268758219757974,0.0004495519451994183,7.0,0.35176056338028167,0.007136330068724771
0.000536197795314895,0.0007432436963478116,14.0,0.3799923925446938,0.019656719651735342
0.00020594820679530642,0.0006035715484722837,11.0,0.369179600886918,0.014144642487932636
0.0001253833469787081,0.0005354815111822824,9.0,0.35526315789473684,0.008791135389310402
0.00019458880013649272,0.0006016728156688983,10.0,0.3694526627218935,0.013861725678694207
0.00018927786785239751,0.0005417825909354176,9.0,0.3489346838980091,0.006386071642224621
0.0005112978599347574,0.0008016070712107764,16.0,0.3878105590062112,0.023232116036515624
0.00041576890669312537,0.0006905395960768509,13.0,0.38086160884483417,0.01823928354771763
0.0004213628027249019,0.0007476772759129995,13.0,0.3687707641196013,0.012840437702325494
0.0002310581199819362,0.0005618853628689333,10.0,0.36931608133086874,0.014363672899299308
6.099185678417358e-05,0.0003999472399293324,6.0,0.3611713665943601,0.009537807511690817
0.0004324443857703117,0.0007427023393659889,14.0,0.3821729150726855,0.018677028319523097
0.00016742625512646187,0.0005536960767900074,10.0,0.38071646341463417,0.016068662137888986
0.0008651659635872821,0.0008985525804573887,17.0,0.3943939992104224,0.024559445638723372
8.818196176692836e-05,0.00043490001485051866,7.0,0.35742397137745974,0.009043989703897158
0.0002572347172399818,0.0005402660023041089,9.0,0.36038961038961037,0.01018064026205592
0.00015468207558693266,0.00047529165925501855,8.0,0.3704115684093437,0.015042883460063276
0.00021187083759595957,0.000535135021158008,9.0,0.3590941768511862,0.009186515648218981
0.00024268406733639656,0.0006283527136826043,11.0,0.37,0.01286361164358441
0.00034410389250469077,0.0006257188607956109,11.0,0.3652650822669104,0.011641359208466505
0.00027826151538099886,0.0006351361781772873,11.0,0.3571683947086164,0.00959669217794495
0.0010655352157630685,0.0008381374756681508,16.0,0.37955927051671734,0.016756573859365388
0.00036556867437206175,0.0006079405354276458,10.0,0.35653104925053536,0.008264829244304746
0.0001014209208153921,0.00047629150685852905,8.0,0.36130198915009043,0.011676889964950525
0.0005037275521927668,0.0007073891628257942,13.0,0.3755639097744361,0.01671654211384035
0.0006522771191195627,0.0008695092626872149,17.0,0.3804265041888804,0.016982018307427446
0.0004115170276475934,0.0006600333351134348,12.0,0.3659340659340659,0.0125786999258847
0.000269718768617662,0.0006641212571251057,12.0,0.37373737373737376,0.016211757598916944
0.0002029934736823568,0.0005337188098616941,9.0,0.36580007323324787,0.011272506064709083
0.0006202457524455741,0.0008494710779853257,17.0,0.3908450704225352,0.022484378340962487
0.00018188752244811826,0.0005438172244225009,9.0,0.3545067423704755,0.007435549141992238
0.00024904423448913457,0.000705530855824579,14.0,0.39721669980119284,0.025124097438621113
0.00024802806595002573,0.0006283984424787097,11.0,0.36700955180014694,0.011315782043896948
1.0572466005176685e-05,0.00023474274800439993,2.0,0.31563981042654027,0.002110018823264432
0.0006314873851136828,0.0008162436167333971,16.0,0.3837879369957741,0.019158933859671153
0.0008476572295115163,0.0009153675439181812,18.0,0.384526558891455,0.020047237496758307
0.0005791144885708613,0.0007933092901840238,15.0,0.3776937618147448,0.018166707817467122
0.0008433122664677374,0.0008290305413712461,15.0,0.37179010048381095,0.014177969332678326
0.0004082178738882034,0.0005392919579584874,9.0,0.3735976065818998,0.014346785051199107
0.0005297733326037325,0.000634912737842811,11.0,0.3713754646840149,0.014487905471943148
0.0006687848831096046,0.0009303835300904194,19.0,0.3943939992104224,0.026391322688174745
0.0003681373435373889,0.000710863830623335,13.0,0.37276119402985075,0.015557766136132235
0.0010354018199278132,0.0008686485583610389,17.0,0.390539483971853,0.02420307451193647
0.000491910393294678,0.0006356620337809673,11.0,0.3652650822669104,0.011416443528029407
0.00016596157498457388,0.0005198345334012178,9.0,0.3712374581939799,0.01361948428382766
0.00012197088374426704,0.00047690212820861,8.0,0.3682270549207519,0.012766367277322305
0.0004766743152717497,0.0007253992035259494,14.0,0.3875096974398759,0.019037484524619
0.00027066365256637353,0.0006897348811061262,13.0,0.3754227733934611,0.015422768602715301
0.00027788272804398054,0.0005859449766918774,10.0,0.3704115684093437,0.014383982516979964
0.0006419012597109591,0.0008449704224319338,16.0,0.37192851824274015,0.015189674319073553
2.54847442540861e-05,0.0004045610639131793,6.0,0.3477201531500174,0.006829963287037132
1.4681641166679446e-05,0.00031337961443051316,4.0,0.35300353356890457,0.0077241691483447
0.00039765357296972303,0.0007935305342561079,15.0,0.3778366111951589,0.01697772245506026
0.00033171783343838014,0.000775340433688396,15.0,0.37898330804248864,0.01874777426601497
0.00018729107612905455,0.000539409146389854,9.0,0.3602596465921385,0.009901320552137821
0.0005284362175283664,0.0008237347114003477,16.0,0.3854166666666667,0.021017455680212162
0.00011731062636402254,0.000613831909372304,11.0,0.35819290068124776,0.009513577401985825
1.4373922936282922e-05,0.0003168140509324308,4.0,0.34424534803583734,0.005562454581426994
0.000257087721342435,0.0006446894667135007,12.0,0.3697261287934863,0.014703030112029442
0.0005711390542205561,0.0008075537502596336,15.0,0.3821729150726855,0.020989013646775755
0.001017045625037306,0.0008743850998192291,16.0,0.3710995542347697,0.012689174282334926
0.00022741889072506902,0.0006170507271941552,11.0,0.3596112311015119,0.010610195234103479
0.0002094559537621131,0.000566941741446879,10.0,0.37387724550898205,0.015246847680547902
6.877763574465163e-05,0.0004660154995321587,7.0,0.344364012409514,0.005715328947162438
1.8487011407046187e-05,0.00036215212149134446,5.0,0.3425925925925926,0.005349697572947329
0.00024110335151702087,0.0006467242870247096,12.0,0.37013708781030014,0.014434480699492724
0.00012410840565588334,0.0005504048513845011,9.0,0.3570407433881344,0.009904499656507009
0.00020988282658751756,0.0004491552066344882,6.0,0.33534743202416917,0.00378477192678572
0.00037586287902022117,0.00045771450712986015,7.0,0.3624818577648766,0.010870798867433263
0.0006029759528500309,0.0008725213458593102,17.0,0.3837879369957741,0.01775680584095551
0.0004271400764723979,0.0007276137282782806,14.0,0.38497109826589593,0.01910777532038399
0.00039679778069524885,0.0006200860514717063,11.0,0.36580007323324787,0.011683093628383679
0.0004600655091607132,0.0007648186415654562,15.0,0.39008199921905506,0.02154158605063353
1.1516779888480072e-05,0.00031134954084714093,4.0,0.35151301900070375,0.008990063376474516
0.0006691376148895235,0.0007541863248617605,14.0,0.3836405529953917,0.01712114514750447
0.00044468235283083677,0.0006833899843395794,13.0,0.38886726352666406,0.020709129165903912
0.0005527888699017947,0.0006442938336382303,11.0,0.37,0.01264861355621011
8.39383380528562e-05,0.0005105665884828222,9.0,0.3729003359462486,0.015392162802646468
0.00015122976504431632,0.0005795446508678336,10.0,0.3593525179856115,0.010759143091840185
0.00019291563547128363,0.0006093957665031244,11.0,0.367414490621552,0.011371147555623382
0.0007019303423703688,0.0008295903005411617,15.0,0.3716517857142857,0.014103192237440974
0.00010585540754644075,0.00039937951058368097,6.0,0.3564038530146272,0.008635633738751935
0.0003212368667178265,0.000612406522050066,11.0,0.37331838565022424,0.014093408590234821
0.0004049207548672218,0.0007018906434842508,13.0,0.37898330804248864,0.016261017346209095
0.00036471438830809947,0.0008257341766691752,16.0,0.378839590443686,0.016950970202205273
0.00025555414509589533,0.0006510206542241128,12.0,0.37984790874524715,0.018032953169515017
0.0004585986755613208,0.0006884330258446752,13.0,0.3781226343679031,0.01878198382339699
0.0002240387388649142,0.0005820305186942658,10.0,0.3668747704737422,0.012239031591936057
0.0007113877727440485,0.0009765039984347616,19.0,0.3754227733934611,0.01559824634683539
0.0001270228250432686,0.0005548370063075366,10.0,0.37082405345211583,0.0154960999826885
5.327187330418894e-05,0.0004219876285427362,6.0,0.33568548387096775,0.004470087103719842
0.00017811855723219014,0.0004573882031019386,7.0,0.3679558011049724,0.011955265475861123
8.471683748485858e-05,0.00043235997842323176,7.0,0.3596112311015119,0.010160131819319091
0.000795533797020159,0.0007990632109791355,15.0,0.3774083868530412,0.01708178288413645
0.001303695227132885,0.0010283699238062415,21.0,0.3964285714285714,0.0268631551209163
0.0004667948762803587,0.0007809778121386475,15.0,0.37712344280860705,0.0162974673580471
0.0009982339866497667,0.0008400440840338659,16.0,0.3870592793490895,0.020580695616996745
5.772012076696618e-05,0.0004444544585431993,7.0,0.35375354107648727,0.008377309732271682
0.0003086361968626835,0.0006102399091675562,11.0,0.37429748969651555,0.014491588459210494
0.00021174332401968123,0.0005818786548755848,11.0,0.39377217185652347,0.023592826782822766
0.001612445354695935,0.0010165817293121327,20.0,0.39548693586698336,0.02323067645998153
0.0011205106025486927,0.001000903108063244,20.0,0.3958003169572108,0.022698790192332265
0.0004442572744119602,0.0006651779356552534,12.0,0.3679558011049724,0.012886690722049114
0.00035276392750843607,0.0007779747012119321,15.0,0.38028169014084506,0.019158879237072154
0.00023699244416933892,0.0006310552732526149,11.0,0.3664710198092443,0.011502198839063123
0.00024562984396735827,0.000568557010902562,10.0,0.36433260393873085,0.011862576650064603
0.0007030735477058514,0.0008287791665735863,16.0,0.3799923925446938,0.015643961273413904
0.0006183489291395857,0.000822937048024579,16.0,0.3929976396538159,0.023905122284710843
0.0003818137250803443,0.0007353293082992729,14.0,0.37826580840590684,0.016417979168271885
0.0008635282470959497,0.0008956743161059265,18.0,0.39832535885167464,0.024628311817173718
0.0004234081205859853,0.000648605688971004,12.0,0.3784090909090909,0.01861001847122844
0.0001825986854409202,0.0005899329051591679,11.0,0.3799923925446938,0.01883997302737161
4.399042540090047e-05,0.00040400800493059887,6.0,0.3409556313993174,0.005235184299843785
0.00026052249857377825,0.00044597444307038965,7.0,0.3605196679898953,0.00955187094621182
0.000464723959993992,0.0008346713656770277,16.0,0.3843786071565987,0.020408406405205273
0.0007829790869693971,0.0008837669259914606,17.0,0.3781226343679031,0.01638820374966567
0.00028085147918665654,0.0005141335315544536,8.0,0.3545067423704755,0.007857965764243415
0.0006843172673748588,0.0007637023438499722,14.0,0.3731789316398954,0.013441060893820236
0.0006267992491344994,0.0008032491712987235,15.0,0.3792710706150342,0.01661118399635081
0.001405690800047431,0.0010381008147225795,20.0,0.38129770992366413,0.0185712334401693
0.00026399063067274246,0.0006561149472400914,12.0,0.3687707641196013,0.013614269035985957
0.00031908980272221123,0.0007120242334890171,14.0,0.38901869158878505,0.02295923252300901
0.00035992880167129193,0.0007045682309847659,14.0,0.39737470167064437,0.026624116605319572
0.0003070901254290946,0.0005862244527420088,10.0,0.37276119402985075,0.014431214389101643
0.0004956754602288707,0.0007364669731301458,14.0,0.38901869158878505,0.0208364549654602
0.000384497876153869,0.0005734434756419699,10.0,0.3757051523128996,0.015776895819509078
0.00051711104946749,0.000859750015450023,17.0,0.3870592793490895,0.021331284887605845
0.00039442994452505324,0.0006379603684657309,12.0,0.38188073394495414,0.01762701249952366
0.0004081561862732439,0.0007448928236033561,14.0,0.3754227733934611,0.015922833967467215
0.0002817669086293449,0.0006244126507830904,11.0,0.3627450980392157,0.009987715569291528
0.00022137812045198608,0.0006135946468966457,11.0,0.36433260393873085,0.011684764443194301
0.0014561100946231893,0.001139748293438993,23.0,0.3920722135007849,0.023800697630132536
0.00019203713638697766,0.000712505213313252,14.0,0.3893219017926734,0.02199505675570677
0.0010871826379618816,0.0009781866177044588,20.0,0.3981666002391391,0.027149855801326492
0.0003645278718342284,0.0006143628124977863,10.0,0.3634048744998181,0.010790154161681085
0.0008429889958363897,0.0007551257595064273,14.0,0.3759879563417388,0.01608524539346463
0.000676979040293359,0.0008790366010528545,17.0,0.38100686498855835,0.016201210299776392
0.0009536409331966583,0.000888149232452591,17.0,0.3911511354737666,0.02240624143729296
0.0013243497163147322,0.0012023771831132432,25.0,0.4134933774834437,0.03997791814295946
0.0005818425151856475,0.0008890862513307094,17.0,0.38158899923605805,0.01759721105454589
0.000845406140295499,0.000911194533606916,18.0,0.39346199291059475,0.02228061628761774
0.0005633117046903944,0.000900818472594402,18.0,0.3893219017926734,0.0220183837420077
0.001416657259872801,0.0010335732602842946,21.0,0.3994402239104358,0.02736019907624145
0.0006122200703870146,0.0008377439927152901,16.0,0.3784090909090909,0.016783585725678663
0.00011694221241644715,0.0004459059907579778,7.0,0.3541297412265154,0.00778530814872338
0.0003875919137021951,0.0006816714095676628,12.0,0.3624818577648766,0.00984633800482222
0.00014419585257980364,0.0004809033987624013,8.0,0.36327272727272725,0.011411146143386003
0.0008857970028931976,0.0008450973889266278,16.0,0.38616157711635096,0.01928481862464347
0.0006914093738079024,0.0009316697344792699,19.0,0.39832535885167464,0.02568380558012919
0.0004792134732302556,0.0007377436865554808,14.0,0.3774083868530412,0.015759563372036964
0.001065645337335204,0.0009491339370340458,19.0,0.3920722135007849,0.022713362161651086
0.0003909889764992426,0.0006563745748297337,12.0,0.37755102040816324,0.015568526735476542
0.0007657917717558771,0.0008782944975060979,17.0,0.3824655436447167,0.01724773556312632
0.001568321663875056,0.0010472045687063196,21.0,0.39880239520958083,0.02620945583711804
0.0007616932004434545,0.0007194183010559799,13.0,0.37528174305033807,0.015205783713250848
0.0004702634760921554,0.0006984987831602076,13.0,0.3794151158374478,0.01697819720314209
0.0008637919832279226,0.0010432340790971764,21.0,0.3997599039615846,0.02594884904992196
0.000408242469300807,0.0007443424008025507,14.0,0.38408304498269896,0.022633960651663655
0.0008837448932946874,0.0009173118571484723,18.0,0.3830521472392638,0.020328315237348446
0.00032888644922588926,0.0006884158812131618,12.0,0.36768494663231505,0.012568247080534214
0.00023791964416697555,0.0005793785935078484,9.0,0.354004252303331,0.007456536694890417
0.00011076835771746716,0.0004920508077539151,8.0,0.3614327062228654,0.009555640149143228
0.0004734797947344773,0.0006848848401550356,12.0,0.3610408384531984,0.009849448952037855
0.0003133909137891047,0.0005950223561021319,10.0,0.36553238199780463,0.011748012582409404
0.00036983730606022873,0.0006526702927803342,12.0,0.37826580840590684,0.017941389987850467
0.0006890186971992546,0.0008197784066557585,16.0,0.3786959818043973,0.01637639644903535
0.0006017004302616302,0.0008196634388623818,16.0,0.38173481085212074,0.019040138207012596
0.00014589334191401725,0.0006304149271723451,12.0,0.38571428571428573,0.02000031964717583
0.0003637433394650359,0.0006919827849862859,13.0,0.376271186440678,0.016568596655725326
0.0003303865521948414,0.0006639198369473175,12.0,0.36208771293947084,0.01138656809385304
0.0003342549760259852,0.0007538770184575695,14.0,0.36566617862371886,0.0111539901054998
0.000449049581699904,0.0007127979946256527,13.0,0.37220566318926973,0.015003185690944134
0.0002703733465933926,0.0006116564146076435,11.0,0.37220566318926973,0.01433521072784296
0.001253747844343363,0.0007659987792751062,14.0,0.3858632676709154,0.0213582123696256
0.0008396237033011485,0.0008366387049677279,15.0,0.37528174305033807,0.01515391936481382
0.0008661236604082035,0.0009549410505627198,19.0,0.3914576802507837,0.02350986039620527
0.0005269275400426095,0.0008163931236569654,16.0,0.38071646341463417,0.017258331642999964
0.0014529702665480651,0.0010006672203798574,20.0,0.3948616600790514,0.02288691165715247
0.00041302379957473877,0.0007929306349881442,15.0,0.38202676864244745,0.017625137156836855
0.000606814383701777,0.0008970412576426408,18.0,0.3881118881118881,0.02383371315934978
0.00011541412416125268,0.00048137221691097945,8.0,0.36,0.010945964352236518
0.0010557194709412126,0.0010230622200981547,21.0,0.39880239520958083,0.027751417164726743
0.00012808036113516618,0.0005930193648677274,10.0,0.3545067423704755,0.00878357127425057
0.0005812458213636946,0.0006748753511306479,12.0,0.3675496688741722,0.013132912364614991
0.0011493715465433047,0.0011985418758459557,25.0,0.40942622950819674,0.034437574015995225
0.0008583091638907248,0.0008631447355936363,17.0,0.39008199921905506,0.023459960315442546
2.6911450965761286e-05,0.0003933762259949433,6.0,0.35987031700288186,0.010139783958779002
0.000401286328640974,0.0008535843145905289,17.0,0.38735944164404806,0.023262421580687996
0.0007107867815501118,0.0008512820411575844,17.0,0.39346199291059475,0.023666148150659726
0.00042354842156848687,0.0007838053702883166,15.0,0.38735944164404806,0.01955289401610465
0.000570446176879015,0.0008729102494955464,17.0,0.39238020424194814,0.022311057449738606
0.0006614103300823449,0.0009079855484693485,18.0,0.38796116504854367,0.020220288809583056
0.00044153276963475806,0.0008664867586166971,17.0,0.3925343811394892,0.025508833842659853
0.00019030821149898728,0.0005567829122183606,10.0,0.36782032400589104,0.01320445972447062
0.0004018481317509736,0.0007793295781081875,15.0,0.38115223197252956,0.018516914792818744
0.00036917945450401355,0.0006759199943604966,13.0,0.38349328214971207,0.020698802923032448
0.0004648892938974388,0.0007396842431700598,13.0,0.37443778110944526,0.014738651105160934
0.000692602987922154,0.0009533446623604057,19.0,0.3911511354737666,0.02208756317396494
0.0010834661146008698,0.0009062300932234668,18.0,0.39315230224321135,0.0244824617427807
0.00013773223354065928,0.0005590145162244398,10.0,0.3710995542347697,0.014352978376445386
0.0008669656415242911,0.0009936678870287137,19.0,0.38115223197252956,0.017055246691736137
0.0002527450568489496,0.0005974576029329302,10.0,0.3618254255704455,0.011295074921605062
0.0004691494286227538,0.00079495794887869,15.0,0.374859287054409,0.015239639402980256
0.0008208643853261306,0.0008530927010163792,17.0,0.40298507462686567,0.029313857759381428
0.0002175475906721544,0.0006374838262456107,12.0,0.3758465011286682,0.015503730008055588
0.0005151652377554836,0.0008871389351752179,17.0,0.38086160884483417,0.02024687909156512
0.0004139618478316529,0.0007286412341007309,14.0,0.378839590443686,0.016940308333030778
0.0008343956524489725,0.0009356130679252527,18.0,0.38349328214971207,0.017978906494672944
0.00025615369275260594,0.0005598287805224971,10.0,0.3716517857142857,0.013434927576358729
0.0001589352316171183,0.0006462515246677394,12.0,0.37712344280860705,0.016839926300963908
0.001183822368063897,0.0010373643155673117,20.0,0.38086160884483417,0.019117828656626305
0.0006467320022442519,0.0008863932278960665,17.0,0.38188073394495414,0.01879356238437702
0.0005312560719704454,0.0008064307137965352,16.0,0.38571428571428573,0.020777959963620838
0.0009393076785019386,0.0009889900568076588,20.0,0.4015273311897106,0.02930763150349078
0.0003366298626546328,0.0007451674018254407,14.0,0.3801369863013699,0.017466779265302657
0.0010108074397995404,0.0010960359771679923,23.0,0.40217391304347827,0.02998899436010927
0.0005798075402997805,0.0008473851422644088,16.0,0.37096175269216486,0.013870138511905534
0.000392405738531128,0.0005968954821050604,10.0,0.36660550458715596,0.012557137415772367
0.0007763952518457717,0.0009796451658305126,19.0,0.37970353477765106,0.01699282608283894
0.0016490220279388205,0.0009812165991254583,19.0,0.39564356435643566,0.026493907178609902
0.0006449569490335285,0.0009292517635029948,19.0,0.4004008016032064,0.02520539796700744
0.00036986806067920664,0.0007158863245208126,14.0,0.3903868698710434,0.020392893267813482
0.0002712194581796997,0.000640268403130506,11.0,0.35678571428571426,0.008833307836205657
0.001733438683276602,0.001147877681675021,23.0,0.39880239520958083,0.026649078031186157
0.0013054106703956564,0.0010469897787938488,21.0,0.3908450704225352,0.024582441992690166
0.00012851392033244106,0.0006299048460472446,12.0,0.3872093023255814,0.021948541250033187
0.0006344417164789715,0.0007759223718631619,14.0,0.36809137803979364,0.012490190340429808
0.001491728296043644,0.001039515073301952,21.0,0.39690107270560193,0.025318224646903233
0.00037473226285324055,0.000785634013325097,15.0,0.3734579439252336,0.016686917957368173
0.0006835770580707886,0.0009093512712493952,18.0,0.39161113288906313,0.023539674694087902
0.0006976172302141677,0.000931757293496184,19.0,0.39346199291059475,0.023880259863099162
0.0006785402530698176,0.0008264132705437294,16.0,0.3929976396538159,0.023099656023833442
0.0007244875062701075,0.0008768982269241634,17.0,0.3906922174423152,0.021924064465305884
0.0007839775353988769,0.000867727608394347,17.0,0.3964285714285714,0.024645719540020133
0.0009045039553538138,0.0010591554476032123,22.0,0.4054383116883117,0.03039726495230313
0.0010556158078665317,0.0010735453555939388,22.0,0.39595719381688466,0.02402566289301553
9.092156145923646e-05,0.0005424688033526232,10.0,0.38275862068965516,0.01847289083080584
0.0006713463740927421,0.0010196529990949702,21.0,0.40298507462686567,0.032517796727271966
0.000563804705658741,0.0008750161675267524,17.0,0.38467462456680784,0.018526464428437046
0.0005687017255449053,0.0007179550654928433,14.0,0.39238020424194814,0.023463108223926225
0.00018281133104160226,0.0005985162215777598,11.0,0.37528174305033807,0.016175430490095347
0.0008293982056573944,0.0010491182878930856,21.0,0.39721669980119284,0.02755945611011702
0.0005097730464317983,0.0008014893938603712,16.0,0.3978494623655914,0.027855466843173124
0.0013058939204722531,0.0008558536182408187,16.0,0.38129770992366413,0.017410843811863756
0.001531029997165634,0.0012454274352961276,26.0,0.4085889570552147,0.032650171362284895
0.0007523725846403984,0.0009193509753353138,18.0,0.38571428571428573,0.019446605681043814
0.0005076538533014492,0.00081906226872162,16.0,0.38467462456680784,0.019470458372397945
0.001235763483618406,0.0010643952039319112,22.0,0.4059325477448192,0.03310397950085789
0.0003231224009375215,0.00062890557379224,11.0,0.3660681568340051,0.010835779315963877
0.0011457075637925315,0.0009985372704214752,20.0,0.390234375,0.022807590881055526
0.0010723195367016959,0.0009506512916317195,19.0,0.390539483971853,0.02365838411283394
0.0003479046710015174,0.0006611173261966438,12.0,0.37220566318926973,0.013747523635578289
0.0008611044960741658,0.0008429423674983034,16.0,0.38334612432847276,0.018495282732606543
0.0011444859564561033,0.0011593261377546903,23.0,0.39346199291059475,0.022756023406470163
0.0010952926459153554,0.0009317400305715283,18.0,0.3881118881118881,0.022256259867797123
0.00032657814330621304,0.0007133271299349612,13.0,0.3729003359462486,0.01477477283858993
0.0004319554246362821,0.0007480429475641677,14.0,0.37443778110944526,0.01568974344195883
0.0019448696650079154,0.001152458267066624,24.0,0.4070904645476773,0.030393497176158253
0.0011259135664625109,0.0010700921685782728,22.0,0.4059325477448192,0.028306475005556844
0.0006796495021283254,0.0009083763427638035,18.0,0.39737470167064437,0.025150147241133035
0.0005904469449263611,0.0008371222044632326,16.0,0.3852680293096799,0.020574739221394044
0.0006755130990137337,0.0009534959591256248,19.0,0.39238020424194814,0.02399600022513463
0.0003242490884612605,0.0007238741464275383,14.0,0.38690937257939584,0.02105815580946652
0.0005165649575790658,0.0007032738032125248,13.0,0.37826580840590684,0.015796195874756377
0.0004641206088173014,0.0007912657951326659,15.0,0.38393543428132204,0.02206919010575494
0.0020188513985721643,0.001224346380420273,25.0,0.39454976303317535,0.02270283258550551
0.000530357477841942,0.0007606340001839599,15.0,0.39238020424194814,0.02487937087547855
0.0006862953316910571,0.0008294937604391235,16.0,0.3842307692307692,0.01905312794048532
0.0011718307274962646,0.0009607285367394232,19.0,0.3864603481624758,0.022337122556819054
0.00023289953309091747,0.0006750268003460382,12.0,0.3713754646840149,0.01386883270101662
0.0019712987640654713,0.001315329650746493,27.0,0.4070904645476773,0.031209641693154922
0.0004883752144424525,0.0007762579164908366,15.0,0.38057142857142856,0.017373126148099473
0.0011855457828070916,0.0009920435005612925,20.0,0.3925343811394892,0.026000056380532488
0.0004457744235368649,0.0007707032995040424,15.0,0.38086160884483417,0.019764179644343176
0.0011573286002973914,0.0010912565695411721,22.0,0.3929976396538159,0.025542584796391286
0.0006852986264558715,0.0007688169449377809,15.0,0.3903868698710434,0.023238304630472165
0.00040501487789753525,0.0007566732169101693,15.0,0.390539483971853,0.023938736506036267
0.0015777980100322218,0.001209981724233949,25.0,0.4070904645476773,0.031607224209221116
0.0006069899900152174,0.0009013092358163301,17.0,0.37220566318926973,0.013969912058100541
0.0005890910992663517,0.0006901335128263976,12.0,0.36486486486486486,0.010758278575626687
0.0014015723937619326,0.0011317770294082777,23.0,0.40056134723336007,0.02517749076384864
0.0005851664835070288,0.000881929435308083,18.0,0.3903868698710434,0.023257304380261194
0.0007459370057437885,0.0009887787658916158,20.0,0.3943939992104224,0.0226467088497199
0.0009352329593285082,0.0009255302172645956,18.0,0.3755639097744361,0.015578883945735606
0.0011487601817333248,0.0010115147661762768,20.0,0.39330708661417324,0.024001128993342818
0.0007521026787470783,0.0008926458452550496,18.0,0.3984842441164739,0.02675040119346714
0.000802380017660962,0.0009351918626819831,18.0,0.3765548435733132,0.016673155591242227
0.0016315053851871256,0.0012200814276337939,25.0,0.4079216006533279,0.03186054860807367
0.0009407807796564441,0.0008167141239139599,16.0,0.39330708661417324,0.02324209485885625
0.0010998903542694134,0.0010451952424080648,21.0,0.4008828250401284,0.02761040339064728
0.00035219071380999527,0.0006498893621845626,12.0,0.3794151158374478,0.01665810928013081
0.0001704060279713239,0.0005653555053060156,10.0,0.3724832214765101,0.014872021910167217
0.0002781688966802419,0.0006020481541425,11.0,0.3723443906075289,0.014200327461874948
0.0009615801709409058,0.0010152065445417763,20.0,0.3875096974398759,0.02288261346993996
0.0014027103280819882,0.0010639779394585594,22.0,0.4074225122349103,0.029570918984278514
0.0011584293699238133,0.000988760810925777,20.0,0.40396279822078446,0.029027739399142806
0.0009608768616552146,0.000914383758756324,18.0,0.3855654187572366,0.019760390574099323
0.0007444410441086145,0.0009421863739899679,17.0,0.3664710198092443,0.012834539755025867
0.0008895539063038657,0.0009819290721268107,20.0,0.40120481927710844,0.028722932210803593
0.0005103198097404894,0.0008609937511084402,17.0,0.390539483971853,0.02279647218020561
0.0007544252990080545,0.0007502286951080476,14.0,0.3799923925446938,0.01752172191909155
0.0004976058748034794,0.0008226893249660707,16.0,0.38349328214971207,0.01932952785381348
0.0004653724588496217,0.0008072100648995825,16.0,0.3925343811394892,0.023724248083123213
0.0004723908377120819,0.0008354510533739119,16.0,0.3774083868530412,0.017550381653149195
0.0009111551690706674,0.0008355876813926993,16.0,0.3878105590062112,0.01925884454153677
0.0005167029181437037,0.0007760306397520454,15.0,0.38275862068965516,0.017790993129059785
0.0014032741094640022,0.0009826030409411653,19.0,0.383199079401611,0.02008825035969408
0.0008259385422231702,0.0009805716341984823,20.0,0.38841368584758945,0.022372787411719764
0.000526802258815887,0.0007847511005871538,15.0,0.3765548435733132,0.01672558932997528
0.0008848824629585967,0.0009282828682290959,19.0,0.4020120724346076,0.03202241487535359
0.001025639954511046,0.0009227928918457075,18.0,0.3821729150726855,0.01802539432740469
0.0010095578817070755,0.001143038813818682,24.0,0.41060419235511714,0.03573165842976398
0.0009394262667165722,0.0010753462781490045,22.0,0.3991210547343188,0.027745340707979977
0.0009730335272339075,0.001174301230303229,25.0,0.4062627084180561,0.03414483190727484
0.001172167942127619,0.0011085419664721746,22.0,0.38408304498269896,0.020115380884910352
0.000720955545229928,0.000873834583386182,17.0,0.39721669980119284,0.024811726878355183
0.0005027997074505466,0.0008130078044293299,16.0,0.38796116504854367,0.02287865562857622
0.0011038713722483628,0.0010343002125740115,21.0,0.3967434471803018,0.027333356384023105
0.00044513081520347386,0.00078484010882644,15.0,0.37220566318926973,0.01382502481208149
0.0014076441577950721,0.0011098398811574515,22.0,0.390539483971853,0.022236753695059935
0.00039822350659610145,0.0006775808156577186,12.0,0.3609104046242775,0.011035303486374883
0.0012753981288528525,0.0011253612395011995,22.0,0.3786959818043973,0.017733376167309394
0.0015339779854486283,0.0011859591945412116,24.0,0.4033104561970125,0.028580323361641805
0.0004609485583381532,0.0008552888538836422,17.0,0.39705882352941174,0.024705888217885687
0.0007965777490366228,0.0010346579710676536,21.0,0.38962558502340094,0.020348482030227252
0.0013635693122632706,0.0011444025595737733,24.0,0.4109419991772933,0.0343799621871559
0.0009160905280287342,0.0008755059924675157,17.0,0.39176470588235296,0.02283838600063773
0.00026277485076762883,0.000693348030578501,13.0,0.36809137803979364,0.0129997925171227
0.000788314713112229,0.0007833900483900334,15.0,0.3854166666666667,0.020473795821302505
0.0006502634337180046,0.0007905994917035901,15.0,0.38173481085212074,0.01928262234361335
0.0010289934857674308,0.0008663051182252882,17.0,0.3996,0.02660581573481439
0.0007494809303149043,0.0010105022465438063,20.0,0.3981666002391391,0.02525663982751183
0.0017443092793942227,0.0012920053578818302,27.0,0.41195876288659794,0.0320161065700237
0.0010111779654180697,0.0009748502297227592,19.0,0.39238020424194814,0.022161210878270523
0.0002918160589201627,0.0006987866929141792,13.0,0.3687707641196013,0.013866498687932388
0.0009267342388162022,0.0010412778017491445,21.0,0.39238020424194814,0.022363510851874942
0.0008324428160063059,0.000892902633186206,17.0,0.3836405529953917,0.018668313295014453
0.002956020717628016,0.001407290760443547,30.0,0.42912371134020616,0.04380151323449836
0.001025342491208951,0.001029659860780588,21.0,0.39176470588235296,0.023053527937285795
0.0017084297251799088,0.0013197585342526047,28.0,0.4269230769230769,0.046121390441563014
0.0005236873004413763,0.0008280160276214949,16.0,0.38690937257939584,0.02073052550541487
0.0012162751304545711,0.0011116531958247414,23.0,0.40925850061450225,0.032521487373633265
0.0002699751101312442,0.000571153921728889,10.0,0.3639344262295082,0.011269591895295321
0.0010803388088396122,0.0009684628927654467,19.0,0.38188073394495414,0.01932136872941709
0.00046734467019139464,0.000728738175585755,14.0,0.37970353477765106,0.01807474427213919
0.00161072091273832,0.0011570253135394554,23.0,0.3919183993723029,0.022564586300212307
0.0004970549113974448,0.0007120277151040956,13.0,0.3755639097744361,0.01475003607411351
0.000883609245961259,0.0009110273269999298,17.0,0.3716517857142857,0.013496619398804062
0.0017452086054746704,0.0013011481739491613,27.0,0.4056029232643118,0.030739159159233597
0.0014135815137410503,0.0012501561164884468,26.0,0.4057676685621446,0.030878585424374935
0.0009439854517516135,0.0009599435706817189,19.0,0.3953304313415117,0.02322331997694714
0.0008788546214453273,0.0009307158816866854,18.0,0.3885647607934656,0.020778162801837308
0.002031894803966609,0.001170687749104823,24.0,0.415211970074813,0.03468186204461927
0.0013020791554987478,0.0009302057764423062,18.0,0.38571428571428573,0.019841626032857516
0.00023514419041197857,0.0005749850696676014,10.0,0.3754227733934611,0.0150576141847344
0.000650811221602581,0.0010141384790746948,20.0,0.38275862068965516,0.019159338190525548
0.0007573993466240047,0.0009925060570877772,20.0,0.4008828250401284,0.0266635312846984
0.0013085468062162195,0.001207238878018964,25.0,0.4023358840112767,0.032822324685158444
0.0009383806698544941,0.0009811628415106314,19.0,0.3894736842105263,0.020728676249983785
0.0008291360866721574,0.0009112988844339964,18.0,0.39008199921905506,0.022237507567658226
0.0007181166463510016,0.0008766322465147218,17.0,0.38616157711635096,0.0187164884483274
0.0005502364484871322,0.0007733247387773942,15.0,0.37429748969651555,0.016149406036314234
0.002496034149711277,0.001337097283262175,27.0,0.4020120724346076,0.027932784478346944
0.0007052331260960687,0.0008977064183996665,18.0,0.3914576802507837,0.024348353576110877
0.0015414139255112043,0.0010031366678541736,20.0,0.4000800961153384,0.027111057831026162
0.001374456507958732,0.0011081471107823137,21.0,0.38886726352666406,0.020706709342160515
0.0011320951785717044,0.000940964997358061,19.0,0.39880239520958083,0.02502058342316433
0.0012719430481938538,0.0009491037296156326,19.0,0.4060975609756098,0.03140363772343352
0.001566224556742349,0.0010882346936403279,22.0,0.3996,0.0262002282465476
0.001029023438829143,0.001048080909521125,20.0,0.38100686498855835,0.017047410220563608
0.0005241953054680469,0.0007907446600891868,15.0,0.3821729150726855,0.018449522200457445
0.0010451568920617073,0.0010072160109226966,20.0,0.3875096974398759,0.022021265626318676
0.0008637782910008167,0.00068846685622405,12.0,0.376271186440678,0.015709436770511377
0.0006603752819894507,0.0008531454322347456,17.0,0.39753282928770395,0.02384567885064158
0.001838173442257173,0.0011636907725279125,23.0,0.3967434471803018,0.025923247667819626
0.003109689808756999,0.0016252317369375975,35.0,0.4249255635899617,0.046550102711479746
0.0011150656923680482,0.001081937584299395,22.0,0.3981666002391391,0.023271879099480954
0.0010116087090358166,0.0010702845260277731,20.0,0.38482280431432975,0.019538953484883638
0.0003620395636917634,0.0007399209112189011,14.0,0.3726221559119731,0.013993554419304268
0.0010066814305471608,0.0008697882095160599,17.0,0.39238020424194814,0.02307922857546626
0.0008208952206155427,0.0008709653499398334,17.0,0.3836405529953917,0.01859596361534671
0.0009038496981472354,0.0010540466688641957,22.0,0.3991210547343188,0.02639936089676291
0.0006537424768883057,0.0008603714846646773,17.0,0.3996,0.028209158674775876
0.0009573123808878155,0.0010920074762270486,21.0,0.37826580840590684,0.017408796208772254
0.0025075352674523415,0.0013148414511511613,27.0,0.4117889530090684,0.034188826175610205
0.000854319456283442,0.000816557065418174,16.0,0.3939274447949527,0.02393642503142011
0.0019993043600199183,0.0013831028926846478,28.0,0.4065934065934066,0.031631664117142855
0.0009554439331977528,0.0008418027170847451,16.0,0.3914576802507837,0.023440088909290224
0.0012133889589934462,0.0012381651160963437,27.0,0.42893945899527697,0.0497386518377103
0.0008924893211612095,0.0009702920531031447,20.0,0.4074225122349103,0.03257435985651489
0.001287827125650788,0.0010477511564524,21.0,0.40024038461538464,0.02694274976968984
0.0008228973455323067,0.0008459401533370099,16.0,0.38275862068965516,0.01963030040289181
0.000974621797058045,0.0010373295186495975,21.0,0.3948616600790514,0.024046515840340895
0.0014039316708968524,0.001066176078763468,22.0,0.4023358840112767,0.02939864830444555
0.0011297006497837203,0.0012196412037292104,26.0,0.4128099173553719,0.03622349307792502
0.001359011169145347,0.0012796486943506393,27.0,0.41625,0.03903672651488536
0.0008630937642801855,0.0009126999110130323,18.0,0.38917023763147646,0.023932975064564134
0.0003852246508114667,0.0007901417878533391,16.0,0.3925343811394892,0.023896855279115073
0.0003888247330802579,0.000874829899523339,18.0,0.3991210547343188,0.029016692331929796
0.0007996364065861887,0.0009268787720545313,18.0,0.38202676864244745,0.018086017028932935
0.002185442046105983,0.0012541053033551964,26.0,0.41799163179916315,0.038498505241809575
0.0024245071609994254,0.001541810633561863,33.0,0.4245643858903527,0.04421161053509405
0.0018059117655300915,0.001473674974475907,32.0,0.4293081220455522,0.04625084722367339
0.0014722755887907508,0.0012474140099565506,27.0,0.42857142857142855,0.04491568262336908
0.0005710458126254674,0.0008181522319815786,16.0,0.38660990712074306,0.019632218868106496
0.0012700666322786336,0.0011795469381585277,25.0,0.4178168130489335,0.037264052483889774
0.0008230418524063828,0.0009263788782809062,18.0,0.39238020424194814,0.0217508587927411
0.0014129676416554748,0.0011216980122498365,23.0,0.4008828250401284,0.030051754898685452
0.0006766629752015638,0.0009172060862759044,19.0,0.4007220216606498,0.028770576295987952
0.001442453112480427,0.0011250508424924554,23.0,0.3981666002391391,0.027547440526465218
0.0007477032420022051,0.0009873295328527525,20.0,0.39627132090440303,0.024248845132298465
0.0019328289466607933,0.0013087242225699848,28.0,0.4213412062420919,0.042210836404694266
0.0005886872984948149,0.0008852316179018931,17.0,0.38086160884483417,0.01725446306787656
0.001380571816405566,0.0011238379167941345,23.0,0.4072564207093355,0.02951377409665881
0.0009132529944994337,0.0010059483777961542,21.0,0.39800796812749006,0.031888637591191114
0.0006731487085822398,0.0009329894893105068,18.0,0.3774083868530412,0.017735966784717335
0.0008252117662536747,0.0009786700721392452,20.0,0.40120481927710844,0.026759788869672944
0.0016173379518679312,0.0012200163798977638,25.0,0.4008828250401284,0.028547378839607895
0.0015380258457858595,0.0012676105115664348,26.0,0.4016887816646562,0.02857659832970193
0.0012986866313448957,0.0010749492806441168,21.0,0.38601236476043277,0.01918040527697335
0.0008559697408726027,0.0008900708098081923,18.0,0.392688679245283,0.02486296313891616
0.0015280035824523212,0.0011593436571699944,24.0,0.4056029232643118,0.032489494117118045
0.0020016147780772347,0.0013592615823163625,29.0,0.411619283065513,0.035090122778946624
0.00038747671243966937,0.0007812908461320082,15.0,0.38158899923605805,0.019163843274478887
0.0015378308275346792,0.001186013279222351,23.0,0.3903868698710434,0.022041310195330024
0.0009152824149043216,0.000953714375668688,19.0,0.38616157711635096,0.02056962595034865
0.0017051346416426887,0.0011800562399814976,24.0,0.4028225806451613,0.026741773460607025
0.0012107713349912043,0.0010360431105239883,21.0,0.4015273311897106,0.027827571238809058
0.0025150006567716274,0.001427529430058209,30.0,0.4134933774834437,0.035313841554729525
0.0005655516655573347,0.0008320840540552209,16.0,0.37855248200075786,0.015761610045407784
0.0014134871830372053,0.0011199141287988581,23.0,0.4016887816646562,0.028750847485819433
0.002371369528726103,0.0014531846410495263,31.0,0.4124690338563171,0.032721898322737024
0.0010318696827990635,0.0011106501144276426,22.0,0.390234375,0.021494153695927224
0.0007686411676598461,0.0009691919850958956,20.0,0.40217391304347827,0.0298211443848055
0.0008017349999096546,0.0009278213392389537,18.0,0.374578177727784,0.015855936079992496
0.003828033767780091,0.0019000340816646593,40.0,0.4178168130489335,0.03845551315652035
0.0017320536980577933,0.0012216643855636738,25.0,0.40024038461538464,0.027130228948767016
0.0009727633161523011,0.0010739040242206445,22.0,0.4107730263157895,0.03421133547981796
0.0007617504280458538,0.0008935579125663416,18.0,0.3991210547343188,0.02492900717973577
0.0018874331362775266,0.0013590916232197343,28.0,0.40024038461538464,0.02846469876263489
0.003332086593464323,0.001638918937793428,35.0,0.4278372591006424,0.04388727592535586
0.001773383637451788,0.0011980913672194416,24.0,0.39346199291059475,0.026836217680308676
0.0007246880024501807,0.0008012889438966683,15.0,0.3786959818043973,0.016529059029782446
0.0015830613592178924,0.001227685389242578,25.0,0.392688679245283,0.025439418860038216
0.0008959268691541936,0.001069438155900156,22.0,0.39880239520958083,0.028231196915981617
0.0016531955145775666,0.0012126647981927545,25.0,0.40024038461538464,0.02841861102642991
0.0018589719319593559,0.0014042778971993194,30.0,0.413151364764268,0.03445125238404826
0.001743242190165799,0.001368299751941555,29.0,0.4206315789473684,0.04058261136973576
0.0011418339277675822,0.0010776947008578365,22.0,0.4062627084180561,0.03071172053154009
0.0010928256056202926,0.00101104624045847,21.0,0.4046172539489672,0.02919856100296752
0.000792343320951711,0.0010459580913173884,21.0,0.388715953307393,0.021834654796332183
0.0008780030293141975,0.0009632383487636117,19.0,0.4036363636363636,0.029324042781888594
0.0007799054549137588,0.0011278135508401349,23.0,0.3943939992104224,0.026438925019537308
0.001212802793823634,0.001160100315545995,24.0,0.404126213592233,0.029314118831467954
0.0019313458028202655,0.001173675979477375,23.0,0.39470564994073487,0.024293543487999447
0.0017917956146922764,0.0011243656786329005,23.0,0.4051094890510949,0.03007892330512554
0.0010673616438274056,0.0011110580619958343,23.0,0.4015273311897106,0.028841208155825204
0.0013518316875487028,0.0012491293927935885,26.0,0.40217391304347827,0.028145645027800877
0.0009135770110881876,0.00094502131921029,19.0,0.3920722135007849,0.024831865244729225
0.001189699495027217,0.0011028737186323846,23.0,0.4052738336713996,0.03281224013718588
0.0017098252623412445,0.0013027942976782019,28.0,0.4167709637046308,0.03798424662803999
0.001202311753219297,0.0010163691888815144,20.0,0.39161113288906313,0.021765567036264144
0.002894979564332696,0.0015031861887709688,29.0,0.3854166666666667,0.018452511718766204
0.0014367803969798881,0.0012125001042994903,25.0,0.40942622950819674,0.02969971570035403
0.0017954615084758404,0.0014030189254216948,30.0,0.41400745959386653,0.03597698280865062
0.001637022896159824,0.0013354556662552109,28.0,0.4062627084180561,0.03038218562330952
0.0013595232792371385,0.0010207159164582103,21.0,0.40428976123027116,0.029914878885225826
0.0010542914200765763,0.0011056678793270832,23.0,0.4056029232643118,0.03448982679743386
0.001587621293076068,0.0013471968068762335,28.0,0.4013660104459622,0.029002680419286882
0.0037553259684278556,0.0016552307031636453,35.0,0.43397046046915727,0.04849471191104527
0.0014770398972759927,0.0011113318818260745,22.0,0.3967434471803018,0.023786879728230893
0.004159563612122893,0.0017204249909120199,36.0,0.4169449081803005,0.03743495300798662
0.0021089623339084875,0.0014658826125873998,31.0,0.4099302421009438,0.033678248896220536
0.0013399964638703544,0.0011766815876951481,24.0,0.39315230224321135,0.0243505436249903
0.0036107875420349055,0.0015870733836578135,34.0,0.4201009251471825,0.03970063434649283
0.0009165487163975533,0.001151384538217818,24.0,0.39880239520958083,0.02633787357814308
0.0019241524298356037,0.0013052725881204552,27.0,0.40024038461538464,0.028490351277915597
0.0027761736346470357,0.0016506181733196292,36.0,0.4320934256055363,0.049508621156768205
0.0008841090693415563,0.0009914993928362718,20.0,0.39611419508326723,0.025250405573305736
0.001723994579679027,0.001303586481013267,27.0,0.4016887816646562,0.030687691030932832
0.0023080891561858955,0.001627576621418393,35.0,0.4247448979591837,0.04473226289904247
0.0017003187669050834,0.0013300218348760136,28.0,0.4099302421009438,0.034050667925362085
0.0017929235452143271,0.001129372399906265,22.0,0.39501779359430605,0.025729486545897403
0.004478406786214474,0.001717376418650932,36.0,0.4229466553767993,0.03840378745040293
0.0032587418296199703,0.0015078705730859458,31.0,0.4054383116883117,0.03084210831039882
0.0023365119835969403,0.0013727981636080895,28.0,0.3951740506329114,0.02222348934089243
0.002592776425402792,0.0015108999798878798,33.0,0.4276541095890411,0.04363219515405675
0.004432947019379799,0.0019229272896905789,41.0,0.4283876500857633,0.04336863615465933
0.0027368513629723716,0.0015201679543123629,32.0,0.4128099173553719,0.03247996021811714
0.0019054546270595347,0.0014099478980165786,30.0,0.4122988031366075,0.035314052697953166
0.003349415935910094,0.0016357431415903506,34.0,0.40976210008203445,0.03129295319576009
0.0022497061254553776,0.0013112394754355692,28.0,0.4206315789473684,0.0378832643733981
0.0014861219340404088,0.0012121261614714278,25.0,0.40758873929008566,0.031007136588099796
0.0028870850920526543,0.0015894775830336842,34.0,0.42241014799154336,0.03992015560289807
0.0037252143953949973,0.0019081686142476966,42.0,0.4414494034467521,0.05903441019924542
0.0037419942293533998,0.001672001784562551,36.0,0.4347258485639687,0.050786914188763715
0.0007019607799412943,0.0008528136448385331,17.0,0.38660990712074306,0.02151785540739732
0.0033291342796616216,0.0016319280301526208,34.0,0.4085889570552147,0.030919144018455396
0.003041514558500316,0.0015997495495319028,34.0,0.42728828058169377,0.04491250993341877
0.004400931538809615,0.0019492868098213445,42.0,0.436054124836316,0.04649649229460624
0.003655894503366877,0.0017098880052244365,35.0,0.4192194712547209,0.03698692346391658
0.0014918548125014489,0.0013102652306688112,26.0,0.38992974238875877,0.024329959961509624
0.0025508453809876927,0.0015553581747581081,34.0,0.42986230636833045,0.04900817743352463
0.005830242379658814,0.002105740829956907,46.0,0.45616438356164385,0.0639988906388171
0.002674964694262258,0.0014488376864286343,29.0,0.3953304313415117,0.025902520459880046
0.0020343361200764153,0.0014720355858697698,31.0,0.4145228215767635,0.03626294696874058
0.0016620360155213195,0.0011889664829515345,25.0,0.41060419235511714,0.03497144525866259
0.0023429055958104563,0.0014993754119504623,32.0,0.4128099173553719,0.03614365739637843
0.0024796633284645923,0.0014673415999128774,32.0,0.4307891332470893,0.04782513135574626
0.0012522975132748992,0.0011577303129967412,24.0,0.40842191332788225,0.03204976329171373
0.002234284456044721,0.0014386321029482949,31.0,0.4171189979123173,0.03952448063670674
0.0022581034550400204,0.0013754221189585718,29.0,0.41992433795712486,0.03936892607440294
0.0011232405353353023,0.0010898891855996668,23.0,0.40976210008203445,0.03624303613648045
0.0030779932109104816,0.0016950289483942287,36.0,0.42258883248730966,0.038860105813104416
0.002408134501832138,0.0016036071838010178,35.0,0.4294926913155632,0.04548387707878691
0.0022220577782712967,0.001514316510170515,33.0,0.42348452734209413,0.040839453435983365
0.0017579407305913185,0.001380207196460232,30.0,0.4193954659949622,0.04321566525197812
0.005361347303086023,0.0019866937703718755,43.0,0.4383501535761299,0.055195370718910015
0.0025911461196114027,0.0015437644487925244,32.0,0.408923454768727,0.0315302228050829
0.002584292927619213,0.001573891096172119,34.0,0.4276541095890411,0.04494556294387506
0.0021013510495646462,0.0014919932883038318,32.0,0.4174676138737986,0.039114517362968955
0.0029160282141270145,0.001537236182791233,33.0,0.4283876500857633,0.0416442682090898
0.0027376035600781457,0.001544310002130503,32.0,0.4104354971240756,0.03385724110305088
0.0043431814985866865,0.001930493642650463,41.0,0.4227676682183665,0.04109420794368905
0.0013575125130295992,0.001226073592699929,26.0,0.4052738336713996,0.03264149879864917
0.0030327757543186064,0.001490585153772545,32.0,0.4265584970111016,0.04346807488979989
0.0023665582302393974,0.001411357622879769,30.0,0.4157303370786517,0.03708486897554684
0.003700275651667945,0.0016486296606982992,35.0,0.4178168130489335,0.03795842607905089
0.003917185871230915,0.0018401959404409148,41.0,0.440864960282436,0.061788971696424826
0.00261281500242655,0.0016761607713584906,37.0,0.43415906127770537,0.048156000351485824
0.0021449791549152113,0.0017042589936838363,37.0,0.43097497842968074,0.048585974092222026
0.004514835722622506,0.0019414248562407807,43.0,0.44419742107603377,0.05906419808410528
0.0038032975148444637,0.0017534029292267663,38.0,0.4317199654278306,0.04947140789265371
0.0020121120001038435,0.0013893146649541902,30.0,0.41590341382181517,0.039377827159359696
0.0026588738307171873,0.0016854969780487061,37.0,0.43153347732181424,0.04770875577175582
0.0020906175268739498,0.0014681498054699951,31.0,0.41060419235511714,0.0342059706984205
0.003287647620773266,0.001459477435517241,31.0,0.4263764404609475,0.042341911312494734
0.0032635461770933894,0.001804241247596273,39.0,0.4265584970111016,0.04482142349226062
0.0040821192002782215,0.001826145186513041,40.0,0.43153347732181424,0.04853481895069828
0.0038725032187091222,0.0018580142020448093,41.0,0.4397007042253521,0.053546993866751796
0.0018237975947288918,0.001522833022088443,33.0,0.4215189873417722,0.04303899085964945
0.0036767880290739323,0.0016872994277690083,36.0,0.42258883248730966,0.038462206294406144
0.002364162344038977,0.0015148070437786872,33.0,0.4249255635899617,0.04659591054996583
0.00254170603985461,0.0014403465598981852,30.0,0.4117889530090684,0.03498245327653248
0.004066199258269301,0.0015201030973512827,32.0,0.4249255635899617,0.04301255930765632
0.0026801683257542002,0.00153389041601037,33.0,0.4247448979591837,0.041070369141489274
0.00181938423670508,0.0014939448563351355,31.0,0.408923454768727,0.03343908889474172
0.00588130601922453,0.0021437473459909703,46.0,0.43950725912890454,0.054132472952035965
0.003500721174932343,0.0018107796631586064,39.0,0.4247448979591837,0.04247677948815708
0.0032555044750822476,0.001730474069165227,37.0,0.421875,0.03984587456734445
0.00467031102755252,0.0019411266026613068,42.0,0.43681679055531264,0.04879837392245932
0.0028595342351192734,0.0015594650944657097,34.0,0.42420382165605097,0.04208166668163311
0.0037686203189212382,0.0018511202157852394,39.0,0.4211635750421585,0.04352983747826503
0.0035692199974531585,0.0014735937121386907,31.0,0.4186923721709975,0.039111118263200274
0.0026954427288860047,0.001451082813375503,30.0,0.40758873929008566,0.030717832296986138
0.004080543677562265,0.00182599077116274,39.0,0.4269230769230769,0.04503272987746895
0.004321773236461883,0.001859054942406181,40.0,0.4304179233089186,0.04511237854285057
0.005087290044168608,0.0021897794714802097,49.0,0.44858554108666365,0.06379085600507428
0.00295626389739533,0.001483555224539718,31.0,0.4102669404517454,0.035088285639008156
0.004911602049994147,0.0020391834056633614,44.0,0.4402820625826355,0.05297484164712151
0.0056559586372874615,0.001981241387048877,42.0,0.4238438693254137,0.04135558496587228
0.002189114548121053,0.0015947426972382167,35.0,0.432842287694974,0.047038728294645504
0.003972475874071558,0.001696115716685847,36.0,0.4169449081803005,0.03536915062002372
0.00468813162348691,0.0020105639314852855,44.0,0.43378202344767697,0.04995881007414945
0.002938012453847745,0.0017937274414226844,39.0,0.42258883248730966,0.04263697365276338
0.009384244953633419,0.002630630017520507,58.0,0.45825688073394494,0.06781800382778022
0.004246049848110603,0.0019654398807472536,44.0,0.44618133095131757,0.059503677279404095
0.004214837976336668,0.0020066767132416057,43.0,0.42893945899527697,0.04669841700022726
0.004782262948436895,0.0018711717528587227,40.0,0.43134715025906734,0.047349169908958016
0.004982493956136241,0.0021281256397174897,46.0,0.44380275433140826,0.0577600716306584
0.005031404550946201,0.002000404851449874,42.0,0.43700787401574803,0.050326403267413236
0.004878571622315433,0.0018765952762611472,40.0,0.43510452961672474,0.04747540746515892
0.004090581003488849,0.0018720298054032724,40.0,0.42045454545454547,0.0423862634316416
0.00999373564451373,0.002821034824802871,64.0,0.471004243281471,0.08350521158218081
0.0014515649017884213,0.001264302246326799,27.0,0.4233050847457627,0.04165466516232673
0.0066889128725014305,0.0022622718742737677,51.0,0.46228597871355853,0.07339344742154456
0.0054767577187070406,0.0022076838701345245,50.0,0.45658135283363804,0.07544943455753853
0.002097617075644266,0.0014911838015228044,32.0,0.4183417085427136,0.04004630828644031
0.00471671456581607,0.0018802016970980854,41.0,0.4381578947368421,0.05353712029928242
0.003129110660624058,0.001851782305914367,41.0,0.4406704896338774,0.05927331202323009
0.00349158932153813,0.0019502199013531473,42.0,0.43153347732181424,0.04791282098101697
0.0043091483477333895,0.001990777378808342,43.0,0.427105600684053,0.04526539002099548
0.006831694424936506,0.0023711574686914945,52.0,0.4540909090909091,0.06445713232620101
0.005604193487390911,0.002279248761959921,50.0,0.44638069705093836,0.06138420395235621
0.0072278373399736005,0.0023414213294120647,51.0,0.440864960282436,0.05610636849092193
0.005960164165570064,0.0020272509007241927,43.0,0.43321769297484825,0.05180065096176459
0.006319801252463799,0.002408598348988758,53.0,0.451831750339213,0.06043103485805276
0.005056149303491422,0.0021323676038183395,47.0,0.43989431968295906,0.05582668691101043
0.00687922992029158,0.0023063477059616336,49.0,0.44047619047619047,0.051373825311846665
0.0062584848712095515,0.002188993234700349,48.0,0.44717994628469115,0.05928047241332196
0.007287387368830919,0.0024865205458586425,55.0,0.45554035567715456,0.06741528968273876
0.0062398288835603865,0.0020249017755368387,45.0,0.45121951219512196,0.06211112623517513
0.004567261032800897,0.00212892515417773,47.0,0.4373905429071804,0.055756742913047316
0.0059062616001221285,0.0023559893438594172,52.0,0.4504057709648332,0.06340369053569717
0.007603897858006524,0.0024003712927899495,52.0,0.4469798657718121,0.06107753158106158
0.003901601716329723,0.0018918417476587194,42.0,0.43548387096774194,0.052531267640500576
0.007566493789745491,0.002614494206383548,59.0,0.4642193308550186,0.08298867185520815
0.0054189984517173575,0.0022757874222090434,51.0,0.45121951219512196,0.06751393515940673
0.00694568236334409,0.002344026191495182,52.0,0.4536784741144414,0.06391362597734038
0.010674701785274677,0.002861697986738035,62.0,0.4538845979100409,0.06575299475393606
0.004448964802726773,0.0020145273284126143,43.0,0.43097497842968074,0.0505628147704198
0.00626976610505946,0.0022835572368969078,50.0,0.44419742107603377,0.05383812238932308
0.0052175875375315445,0.0021133233775328733,46.0,0.4393139841688654,0.05323566212958523
0.008448985373184729,0.002615176585320817,58.0,0.46835443037974683,0.07497869988147424
0.010956588877746974,0.0027317828010530155,61.0,0.46725912067352665,0.08046914121697915
0.007314209495089144,0.002546431708505538,56.0,0.45121951219512196,0.06702742612225931
0.0064083269957767785,0.002299132940978093,49.0,0.43950725912890454,0.04934600518956106
0.005384050461021259,0.002082610331495999,45.0,0.4375821287779238,0.05112779721580016
0.007624434763035362,0.002507418220696491,56.0,0.4563727729556875,0.06822159698340065
0.006327734743472394,0.00231223321305136,51.0,0.4599447513812155,0.07150347388019897
0.006277276359794753,0.002344551351146188,52.0,0.4530612244897959,0.0669503536674416
0.01021116029328316,0.0028255564112215498,63.0,0.46207215541165586,0.07341906554848923
0.007321979414800928,0.0023284896669688456,52.0,0.4595216191352346,0.06869344265043109
0.003871913099922159,0.0020606829011399147,45.0,0.4373905429071804,0.054316024076552075
0.008628594871629772,0.0028033455206571945,62.0,0.4569990850869167,0.06722126162346044
0.005696488782566766,0.002381808354363216,53.0,0.4473802060008957,0.0667014643939712
0.006142296483290077,0.002536285814197393,57.0,0.45574817518248173,0.06902428883766301
0.008188102108666289,0.0027080416695731985,59.0,0.4576271186440678,0.0729459862913104
0.006263071468816246,0.002311872419581906,52.0,0.46121883656509693,0.07567782547113275
0.008686439713025332,0.002661227642572516,59.0,0.45616438356164385,0.07122960558044801
0.009985838376474689,0.0026783530074134666,59.0,0.46143187066974595,0.07405978462035079
0.012581673719378825,0.00316860119046876,71.0,0.46901408450704224,0.08300875045566321
0.01052952658278732,0.0032115027363598973,72.0,0.47776183644189385,0.08892945580887941
0.011126601763423165,0.002997822633060114,67.0,0.4631432545201669,0.07624707504542706
0.00912762488971745,0.003016339613363747,67.0,0.46335807050092764,0.07867775623291978
0.00745433641579474,0.0024592195344032915,55.0,0.45224083295608875,0.06827233191649328
0.011315563519813205,0.0030989244130758156,69.0,0.4752616555661275,0.09132082055317933
0.009879665464419152,0.0027672682752456716,61.0,0.46835443037974683,0.07829438959220775
0.010138752074873546,0.0030474981074801706,68.0,0.46143187066974595,0.06866955989362354
0.010733373152493128,0.0027286458398684504,61.0,0.4646511627906977,0.07765110258336418
0.01176341126044019,0.002909945992978609,63.0,0.4605809128630705,0.07259428716420088
0.012796721623980769,0.003296716405745714,73.0,0.4752616555661275,0.09066649941059379
0.010619109637860474,0.0029225895608155435,66.0,0.471671388101983,0.08268421722545263
0.008465068853114318,0.002426769426583158,54.0,0.4569990850869167,0.06765152609080859
0.012364618691173331,0.0029802520638046873,66.0,0.46989651928504234,0.07936035927738185
0.009132561812314446,0.002634174312666962,59.0,0.46443514644351463,0.07846404860588616
0.008124810639912165,0.0026456475746136415,60.0,0.4642193308550186,0.07813203094647986
0.016316857212982126,0.003468899839180348,76.0,0.47301136363636365,0.08271053641562985
0.012404961947487251,0.0031814393942573515,72.0,0.471671388101983,0.08604597854844491
0.016192396968320123,0.0034540790497759296,77.0,0.47776183644189385,0.09609397282664196
0.013220356621212636,0.003310356475240223,75.0,0.47890699904122724,0.09932235654176907
0.012927834620815953,0.0029671780935245848,66.0,0.46901408450704224,0.0811345321600572
0.02584226966466806,0.004498759547835656,101.0,0.49455445544554455,0.11412297216871548
0.010658042221133935,0.0030607977622741744,70.0,0.4807507218479307,0.09775492348054916
0.016331637104525395,0.0036063142008117203,80.0,0.4712264150943396,0.08884778810989649
0.009821674189539303,0.0028215515786602766,63.0,0.4601566098572087,0.07227509166386148
0.014477773559955782,0.0035066311299558244,80.0,0.4889867841409692,0.11110868912605322
0.012935202677275876,0.003525145211843842,80.0,0.48121387283236994,0.10463576753611238
0.020592256783918766,0.0040733790714872495,92.0,0.4940652818991098,0.11938425953337228
0.013698418357659744,0.003691342992622361,84.0,0.4880312652662433,0.10252931804279014
0.02461021537536403,0.004240500356435809,96.0,0.499000999000999,0.12016132962966522
0.011904866939513476,0.0030388034364057246,67.0,0.46901408450704224,0.08210495644081445
0.014830045413116218,0.003964427054247256,91.0,0.492603550295858,0.11843555061822734
0.014099929782542311,0.003567481640014713,81.0,0.4847161572052402,0.10510331237756193
0.022048286857202237,0.004337441908133225,99.0,0.4947994056463596,0.12256219312096864
0.018454779231112137,0.004372284046370167,100.0,0.4885085574572127,0.1136798748258855
0.016664383879837007,0.003947975753548939,89.0,0.4873170731707317,0.10725808775506838
0.01930556513656765,0.004093402819851439,95.0,0.5017579105976896,0.14077019303684518
