0.001856
0.022952
0.000365
0.000855
0.320901
0.000927
0.000536
0.001068
0.003846
0.000321
0.995718
0.00124
0.001593
0.679178
0.480328
0.009486
0.001048
0.00739
0.000594
0.000782
0.002853
0.000576
0.00346
0.002891
0.000108
0.002638
0.00433
0.001228
0.001099
0.003086
0.001769
0.000562
0.005897
0.025281
0.00728
0.003849
0.001733
0.097802
0.001042
0.000501
0.000204
0.016017
0.008448
0.008218
0.000643
0.012548
0.003251
0.002594
0.003589
0.071419
0.079434
0.002117
0.001493
0.002174
0.014763
0.004494
0.004003
0.002114
0.003657
0.00356
0.000526
0.001701
0.009955
0.002161
0.013297
0.00257
0.086562
0.004
0.001057
0.00052
0.002152
0.792342
0.013806
0.001954
0.00179
0.056915
0.002462
0.002833
0.001088
0.003865
0.001332
0.001767
0.000585
0.009416
0.004588
0.0015
0.001248
0.003162
0.983039
0.008847
0.002758
0.001046
0.000562
0.000702
0.000418
0.039924
0.001329
0.002383
0.000767
0.000461
0.000681
0.001044
0.000869
0.000867
0.011192
0.751752
0.001853
0.001688
0.001088
0.001267
0.002953
0.000329
0.000331
0.000562
0.00242
0.000706
0.00169
0.000806
0.003714
0.001365
0.007115
0.082427
0.001632
0.000179
0.002463
0.013266
0.0019
0.009988
0.01358
0.003803
0.002267
0.046171
0.143986
0.001596
0.001117
0.451091
0.000449
0.000783
0.002734
0.006278
0.000775
0.005188
0.003008
0.033886
0.584024
0.000942
0.003476
0.001027
0.000756
0.047351
0.007732
0.002064
0.000646
0.002642
0.004409
0.000838
0.002304
0.00081
0.014702
0.008681
0.00178
0.701333
0.000781
0.001054
0.001926
0.34552
0.025805
0.000387
0.008207
0.000925
0.001403
0.152722
0.00118
1.0001
0.001335
0.001906
0.001032
0.002267
0.002081
0.000133
0.000549
0.001085
0.000871
0.000275
0.000111
0.37471
0.001414
0.001227
0.261494
0.001034
0.002093
0.004815
0.026724
0.002655
0.001028
0.004737
0.001368
0.000123
0.001205
0.00053
0.000451
0.000497
0.013278
0.001557
0.00025
0.005077
0.002865
0.001587
0.002166
0.001927
0.036443
0.001532
0.034098
0.041487
0.002374
0.000875
0.002133
0.003408
0.001773
0.002619
0.000305
0.006028
0.001535
0.002694
0.004356
0.005239
0.003916
0.001681
0.000552
0.00084
0.016113
0.00028
0.00189
0.000737
0.001776
0.00739
0.002846
0.007512
0.005241
0.02303
0.000852
0.000868
0.007921
0.007964
0.003551
0.000196
0.009862
0.021112
0.001968
0.005877
0.009817
0.003169
0.000227
0.001051
0.00231
0.002208
0.000178
0.341052
0.000249
0.000985
0.001565
0.004723
0.001281
0.000235
0.000326
0.001028
0.000171
0.00042
0.000581
0.132133
0.626082
0.013243
0.000681
0.000311
0.002678
0.006231
0.997958
0.00205
0.137377
0.001041
0.014579
0.002283
0.000171
0.004819
0.001382
0.002551
0.001546
0.012319
0.002506
0.004029
0.004043
0.036715
0.000166
0.001986
0.004787
0.002244
0.00084
0.02752
0.001878
0.00157
0.002302
0.000712
0.551224
0.001192
0.050406
0.369925
0.0006
0.000635
0.004293
0.003115
0.000856
0.000102
0.000285
0.001051
0.001655
0.996648
0.066022
0.000122
0.074069
0.002044
0.016775
0.004184
0.002865
0.125046
0.000247
0.634479
0.003368
0.000629
0.007837
0.000609
0.002883
0.003292
0.020846
0.000103
0.000494
0.00199
0.003815
0.001267
0.001522
0.990825
0.001877
1.0001
0.000879
0.005453
0.002713
0.002134
0.162416
0.004661
0.002671
0.005517
0.014248
0.003474
0.00171
0.006409
0.003532
0.000206
0.001036
0.018646
0.001076
0.002135
0.006124
0.001899
0.000795
0.001353
0.000244
0.000432
0.005194
0.001627
0.001416
0.003544
0.051961
0.000183
0.001103
0.001307
0.001115
0.002712
0.000137
0.001634
0.001431
0.006448
0.002997
0.007723
0.000238
0.001722
0.000991
0.000411
0.000104
0.001216
0.008335
0.000953
0.000664
0.034472
0.008632
0.000697
0.004495
0.003211
0.00227
0.004654
0.000828
0.000513
0.00014
0.000153
0.00187
0.002057
0.001434
0.005554
0.205717
0.001125
0.006525
0.001454
0.003546
0.003136
0.157849
0.001102
0.003489
0.000967
0.006468
0.001721
0.014257
0.093961
0.001966
0.06231
0.089897
0.000512
0.006575
0.064516
0.001077
0.003274
0.025853
0.000981
0.002631
0.005106
0.001264
0.001073
0.00274
0.00475
0.490602
0.000216
0.005244
0.12881
0.002465
0.001153
0.000103
0.00084
0.501746
0.029258
0.004495
0.001585
0.011001
0.000993
0.000554
0.000199
0.008033
0.005077
0.000502
0.002056
0.001939
0.000157
0.000604
0.000895
0.002341
0.022113
0.001228
0.003182
0.005374
0.000756
0.00125
0.001015
0.002947
0.00275
0.000484
0.020223
0.007404
0.001131
0.000294
0.003078
0.000264
0.003923
0.007597
0.000455
0.003539
0.012655
0.0006
0.002961
0.000571
0.003737
0.001521
0.002224
0.990634
0.000264
0.000179
0.083012
0.003467
0.001263
0.002505
0.0025
0.013678
0.000646
0.001639
0.004328
0.008696
0.002997
0.09848
0.005017
0.001098
0.030632
0.000128
0.015905
0.000527
0.00272
0.00039
0.942768
0.974055
0.198085
0.189677
0.000647
0.25542
0.001528
0.00659
0.000952
0.005327
0.00182
0.000369
0.001081
0.000828
0.021157
0.000856
0.008901
0.003262
0.00695
0.021811
0.001036
0.001267
0.002735
0.001598
0.00126
0.000318
0.00013
0.002416
0.004422
0.008696
0.002655
0.452661
0.002059
0.004707
0.251047
0.000534
0.005695
0.000441
0.000896
0.001538
0.002152
0.003867
0.002206
0.000288
0.003127
0.012734
0.00146
0.002141
0.000549
0.967776
0.001265
0.030148
0.001749
0.005464
0.002893
0.003249
0.00224
0.000906
0.698409
0.002613
0.003126
0.024418
0.012146
0.01462
0.002296
0.004024
0.011035
0.828734
0.00062
0.016039
0.002137
0.000145
0.002382
0.003945
0.017218
0.000412
0.000192
0.001545
0.000612
0.00138
0.000951
0.005682
1.000088
0.00516
0.002225
0.000515
0.572824
0.000317
0.003163
0.00463
0.002414
0.00015
0.000393
0.018497
0.00071
0.022735
0.00052
0.001045
0.001342
0.001681
0.000184
0.000731
0.020377
0.004875
0.000126
0.00053
0.000858
0.000834
0.042055
0.000682
0.002261
0.012058
0.001104
0.001405
0.010398
0.012389
0.007293
0.008593
0.00716
0.936844
0.001316
0.225704
0.000128
0.00039
0.251053
0.003248
1.000096
0.000813
0.003576
0.005443
0.019901
0.000976
0.000589
0.000267
0.241935
0.003025
0.00039
0.000537
0.002532
0.001606
0.006152
0.003484
0.000307
0.000941
0.00317
0.000763
0.069759
0.000236
0.008577
0.005037
0.002615
0.001333
0.003174
0.056142
0.331857
0.000473
0.001256
0.028858
0.010756
0.002257
0.000347
0.00215
0.666223
0.002383
0.006148
0.001652
0.011304
0.006022
0.008102
0.002091
0.000962
0.003529
0.006098
0.909724
0.000442
0.002555
0.006711
0.006821
0.009023
0.000444
0.00234
0.000323
0.002142
0.008595
0.002439
0.073031
0.003881
0.16105
0.082773
0.002335
0.000434
0.000956
0.063422
0.000779
0.003926
0.00519
0.000133
0.067603
0.001404
0.003299
0.007019
0.001044
0.002181
0.003109
0.001024
0.014532
0.022642
0.001044
0.002192
0.00029
0.002512
0.000301
0.000286
0.549361
0.015917
0.001498
0.001465
0.001947
0.001912
0.001687
0.234003
0.013263
0.003872
0.00278
0.002853
0.001112
0.005703
0.000607
0.001456
0.003534
0.001291
0.003208
0.000518
0.000101
0.00226
0.000832
0.002675
0.001238
0.001568
0.000869
0.830112
0.025614
0.054699
0.000428
0.000858
0.022721
0.000917
0.003009
0.000535
0.004641
0.009375
0.000104
0.018316
0.019484
0.008517
0.768176
0.005033
0.004233
0.002064
0.003492
0.002858
0.000316
0.000755
0.00056
0.000379
0.001785
0.002334
0.001573
0.000302
0.009105
0.000524
0.002038
0.077615
0.001447
0.002964
0.000107
0.000473
0.000933
0.002472
0.008525
0.001157
0.000376
0.009532
0.001552
0.005688
0.001118
0.000193
0.002411
0.00215
0.005414
0.076433
0.040582
0.001613
0.002317
0.001366
0.000622
0.006836
0.022141
0.019729
0.000394
0.007538
0.002063
0.227959
0.002648
0.001001
0.002268
0.003249
0.003161
0.002598
0.020866
0.000243
0.010506
0.00056
0.003536
0.000842
0.001576
0.001367
0.007959
0.000292
0.000679
0.22096
0.005507
0.000442
0.001236
0.001347
0.00367
0.771914
0.005383
0.007395
0.033453
0.004069
0.000195
0.035351
0.000838
0.002074
0.000127
0.000842
0.003087
0.002819
0.00031
0.000201
0.000708
0.000842
0.000415
0.00115
0.0011
0.050014
0.014433
0.000295
0.00049
0.000746
0.002256
0.001236
0.000393
0.001417
0.001788
0.000452
0.001711
0.002944
0.000179
0.001466
0.000355
0.000593
0.008704
0.002872
0.045894
0.006869
0.00409
0.010786
0.000835
0.000105
0.008488
0.034277
0.005781
0.001272
0.00962
0.000131
0.001309
0.001943
0.05038
0.242513
0.001479
0.010129
0.000992
0.197222
0.891758
0.001235
0.022304
0.000328
0.116892
0.056797
0.01515
0.000548
0.032635
0.015673
0.000976
0.006007
0.000828
0.015352
0.001164
0.021309
0.003202
0.001262
0.001525
0.974242
0.000527
0.001101
0.000311
0.000739
0.005592
0.000984
0.001736
0.001066
0.004063
0.00159
0.000126
0.002582
0.001785
0.016165
0.001977
0.004348
0.000493
0.000839
0.005976
0.002357
0.009615
0.004736
0.009146
0.000885
0.000712
0.005777
0.003193
0.004901
0.000788
0.001314
0.002143
0.002365
0.009861
0.126654
0.001525
0.004271
0.002173
0.000574
0.001788
0.003076
0.005067
0.000388
0.003656
0.001677
0.012226
0.000156
0.000203
0.000303
0.06377
0.001634
0.999993
0.448916
0.001312
0.000792
0.000911
0.000847
0.000745
0.002053
0.001568
0.000952
0.00176
0.001906
0.001374
0.000809
0.005969
0.000845
0.001272
0.000422
0.000765
0.003206
0.012609
0.994008
0.000732
0.000119
0.000701
0.00411
0.004311
0.001313
0.014613
0.002821
0.00088
0.001907
0.00166
0.000709
0.002689
0.927614
0.009068
0.012959
0.001275
0.00199
0.001764
0.001216
0.002757
0.002224
0.001291
0.001761
0.003551
0.003717
0.000317
0.001076
0.001209
0.00071
0.002669
0.43985
0.001724
0.525094
0.327353
0.137434
0.00075
0.001606
0.000529
0.003682
0.001051
0.023869
0.002218
0.017036
0.003734
0.002437
0.000311
0.001208
0.066266
0.001303
0.001911
0.000267
0.007733
0.000443
0.326837
0.001229
0.001991
0.000333
0.000563
0.0006
0.035426
0.919937
0.00173
0.000164
0.030225
0.0158
0.001222
0.008792
0.339006
0.001422
0.000359
0.000936
0.000468
0.067515
0.015176
0.004257
0.005814
0.001301
0.000113
0.000588
0.00019
0.000981
0.001748
0.050251
0.017372
0.003248
0.408889
0.003696
0.003039
0.001971
0.001741
0.001396
0.002055
0.677009
0.006757
0.000434
0.26325
0.001937
0.60167
0.002695
0.002557
0.001065
0.002394
0.00013
0.004732
0.00056
0.00262
0.00231
0.01664
0.00087
0.001097
0.001961
0.007482
0.000447
0.00061
0.067197
0.001038
0.004738
0.001533
0.001918
0.002421
0.001671
0.004292
0.000604
0.000835
0.017051
0.00435
0.006251
0.00167
0.002088
0.001844
0.00394
0.951859
0.000836
0.00053
0.003528
0.000809
0.000285
0.000875
0.001582
0.006548
0.060409
0.000366
0.000499
0.008041
0.011619
0.003042
0.001028
0.005285
0.003263
0.000166
0.001413
0.83323
0.001048
0.000577
0.002164
0.000825
0.000208
0.000981
0.000245
0.009462
0.003296
0.002648
0.000576
0.002371
0.001943
0.070808
0.297098
0.000507
0.001228
0.000433
0.006229
0.000221
0.003061
0.006574
0.309532
0.001347
0.002002
0.00147
0.023206
0.002947
0.000647
0.002225
0.000193
0.000926
0.039635
0.000558
0.00014
0.002492
0.016105
0.011319
0.002585
0.001299
0.002406
0.003201
0.000336
0.000665
0.702858
0.000134
0.002174
0.000922
0.000136
0.000771
0.002383
0.000524
0.001399
0.946323
0.00048
0.005541
0.247451
0.003003
0.002267
0.000788
0.001339
0.001756
0.003316
0.000947
0.005945
0.000705
0.002769
0.001408
0.002391
0.000754
0.000662
0.000871
0.001098
0.004552
0.000655
0.002051
0.003963
0.006894
0.002241
0.003099
0.007379
0.001953
0.000535
0.050776
0.000977
0.004373
0.51915
0.00172
0.000287
0.00169
0.000654
0.002784
0.000181
0.007447
0.858248
0.000195
0.000857
0.03
0.000208
0.001911
0.003209
0.00528
0.008348
0.025732
0.002464
0.094437
0.001813
0.002009
0.022925
0.000357
0.001788
0.002912
0.000319
0.004408
0.005102
0.002314
0.00026
0.001004
0.000191
0.000606
0.000224
0.005543
0.000539
0.000812
0.002534
0.002806
0.002539
0.01627
0.004696
0.003236
0.001471
0.000807
0.001613
0.030126
0.000329
0.003189
0.004487
0.000468
0.001859
0.000829
0.001032
0.000719
0.003366
0.001527
0.019907
0.001851
0.974655
0.000125
0.113679
0.004692
0.006791
0.005578
0.00249
0.007176
0.091609
0.000382
0.026234
0.305197
0.000535
0.000219
0.001264
0.002712
0.000699
0.000323
0.000936
0.001312
0.000375
0.000897
0.001214
0.000773
0.000935
0.002365
0.000933
0.001129
0.001227
0.000651
0.001936
0.021209
0.002083
1.000097
0.036365
0.019542
0.002141
0.002515
0.000741
0.001065
0.00195
0.001293
0.002686
0.001182
0.000117
0.073953
0.102901
0.001441
0.018339
0.002672
0.000271
0.00108
0.003243
0.007871
0.000289
0.002205
0.000505
0.004311
0.017597
0.000414
0.000273
0.000965
0.002449
0.001676
0.00186
0.002467
0.000649
0.000812
0.022327
0.006958
0.002425
0.000617
0.04947
0.001649
0.001208
0.009491
0.002695
0.842217
0.125538
0.001845
0.002671
0.000494
0.000751
0.000414
0.084186
0.00077
0.000612
0.003843
0.000399
0.247044
0.000522
0.000461
0.000681
0.001926
0.000245
0.003029
0.001864
0.00035
0.001638
0.000757
0.002366
0.008194
0.000721
0.010123
0.00133
0.000926
0.001836
0.000106
0.000237
0.000312
0.008856
0.011803
0.00732
0.003367
0.004334
0.0016
0.000633
0.000712
0.00304
0.000168
0.001303
0.000125
0.000294
0.000428
0.000544
0.035328
0.000635
0.000611
0.873474
0.002996
0.00036
0.003509
0.000553
0.00227
0.000102
0.000113
0.00044
0.010904
0.001
0.006271
0.000213
0.015422
0.000123
0.005173
0.001004
0.000219
0.000799
0.000623
0.001688
0.000175
0.000767
0.00219
0.010386
0.006255
0.000297
0.004734
0.12565
0.000992
0.003301
0.001129
0.000809
0.001162
0.006376
0.001098
0.000999
0.00136
0.000336
0.002828
0.003681
0.023271
0.011731
0.040066
0.001834
0.000279
0.000111
0.014919
0.002827
0.999325
0.000176
0.001374
0.000503
0.858303
0.006464
0.942726
0.02201
0.000104
0.000316
0.102162
0.001551
0.005786
0.000506
0.031739
0.003064
0.000804
0.002122
0.001965
0.005483
0.022217
0.000829
0.651823
0.00098
0.978142
0.002269
0.003244
0.011092
0.001181
0.001654
0.0008
0.002887
0.00963
0.000635
0.000108
0.001938
0.993431
0.005988
0.000116
0.006529
0.007032
0.000357
0.007178
0.003065
0.010724
0.620172
0.000374
0.018423
0.001219
0.000704
0.000313
0.001696
0.003276
0.059782
0.006608
0.001962
0.010597
0.965861
0.001654
0.000171
0.009224
0.721222
0.0001
0.001929
0.017423
0.013005
0.001217
0.000247
0.001294
0.000512
0.019319
0.001972
0.008236
0.00289
0.000992
0.004968
0.00062
0.000872
0.899491
0.001676
0.002742
0.002613
0.0037
0.002004
0.034844
0.000646
0.001491
0.001253
0.000413
0.006744
0.002064
0.000111
0.072498
0.0001
0.005239
0.001266
0.000677
0.0008
0.000663
0.001162
0.188513
0.002659
0.964329
0.54032
0.002039
0.002257
0.004836
0.069429
0.001448
0.005243
0.008511
0.001377
0.001333
0.006424
0.007769
0.000676
0.004572
0.000248
0.023832
0.000123
0.002906
0.001638
0.000921
0.005377
0.00271
0.002497
0.013786
0.005538
0.405114
0.003226
0.000694
0.004371
0.761017
0.005343
0.002328
0.004742
0.000203
0.001598
0.001962
0.001665
0.000481
0.002207
0.000863
0.005501
0.003282
0.000585
0.000905
0.000307
0.984006
0.001448
0.006071
0.001996
0.005247
0.016106
0.001495
0.00388
0.005643
0.005891
0.000876
0.003922
0.001587
0.002808
0.00352
0.005847
0.000965
0.728413
0.135278
0.000635
0.008706
0.000766
0.000808
0.00104
0.00133
0.003257
0.000593
0.00312
0.005235
0.002596
0.000598
0.032795
0.000763
0.020412
0.004392
0.016073
0.004087
0.00013
0.005657
0.004911
0.002762
0.001358
0.018157
0.004527
0.001425
0.000387
0.000373
0.002188
0.021897
0.007223
0.001672
0.026201
0.003727
0.002168
0.906529
0.005772
0.002831
0.001014
0.000454
0.016274
0.005917
0.00323
0.000465
0.000121
0.001181
0.000859
0.005588
0.000284
0.99874
0.001547
0.002317
0.00107
0.003852
0.0016
0.179021
0.007234
0.004077
0.002368
0.003023
0.001238
0.000442
0.000243
0.007913
0.00132
0.001831
0.003005
0.031667
0.002504
0.000127
0.001443
0.039871
0.000811
0.008402
0.004226
0.000947
0.062778
0.000373
0.000628
0.000608
0.000249
0.00031
0.008324
0.00587
0.000429
0.001268
0.00168
0.00494
0.000394
0.000371
0.005018
0.003763
0.073368
1.000069
0.006182
0.000774
0.004106
0.003632
0.000321
0.004021
0.001729
0.003263
0.051149
0.002295
0.001181
0.015917
0.000443
0.000899
0.00667
0.009056
0.001916
0.000489
0.099328
0.002515
0.004692
0.008242
0.019799
0.000153
0.000492
0.001168
0.005255
0.666223
0.1184
0.000171
0.036047
0.000371
0.002317
0.000125
0.000192
0.829443
0.000358
0.005646
0.000505
0.007971
0.001824
0.000308
0.001767
0.000385
0.004592
0.000678
0.006088
0.043899
0.005212
0.003015
0.009754
0.015509
0.001591
0.001147
0.007288
0.000839
0.000179
0.007062
0.000662
0.008264
0.009195
0.000208
0.052515
0.0008
0.002982
0.000327
0.000328
0.001759
0.008424
0.004488
0.004351
0.072431
0.000155
0.035165
0.002407
0.002471
0.000418
0.000761
0.000165
0.001103
0.001337
0.005373
0.001115
0.002677
0.001212
0.001772
0.003129
0.000169
0.215351
0.004084
0.025371
0.002969
0.000128
0.000931
0.029496
0.000461
0.807713
0.001214
0.00039
0.887954
0.000667
0.001494
0.000788
0.000637
0.002046
0.001876
0.001453
0.001882
0.004481
0.000114
0.010613
0.113892
0.001621
0.000477
0.023752
0.002173
0.000157
0.03421
0.000585
0.014139
0.000174
0.000206
0.943602
0.002768
0.000654
0.002784
0.001972
0.025845
0.017548
0.001924
0.005001
0.000759
0.002429
0.208486
0.000176
0.000776
0.001526
0.987972
0.001239
0.001332
0.002608
0.031297
0.000578
0.002008
0.312326
0.000581
0.001065
0.001112
0.003802
0.012808
0.037645
0.000395
0.000391
0.057109
0.003849
0.001555
0.000494
0.000203
0.000675
0.003943
0.000762
0.004198
0.000589
0.000275
0.002163
0.002854
0.00161
0.093079
0.007695
0.003161
0.000195
0.014717
0.007258
0.000447
0.000864
0.000662
0.081812
0.001649
0.00249
0.01074
0.001198
0.006351
0.872554
0.006165
0.001131
0.000124
0.018639
0.002792
0.002644
0.000423
0.001086
0.002301
0.018716
0.000976
0.001806
0.000753
0.001581
0.00228
0.002156
0.049124
0.00291
0.000329
0.001192
0.005569
0.000377
0.002959
0.00052
0.000308
0.000213
0.003543
0.013439
0.001908
0.002407
0.001074
0.006068
0.042985
0.000749
0.000197
0.002495
0.000753
0.001685
0.002153
0.022694
0.004567
0.000438
0.000733
0.011074
0.002878
0.004963
0.00017
0.002598
0.000788
0.001956
0.54217
0.001396
0.005719
0.002658
0.000491
0.000318
0.002512
0.000368
0.000844
0.001319
0.003355
0.001323
0.269699
0.999703
0.000884
0.002868
0.001159
0.002014
0.000518
0.022111
0.0014
0.000569
0.024802
0.004625
0.006511
0.002559
0.002471
0.003276
0.004882
0.000432
0.000131
0.000434
0.000225
0.004719
0.00018
0.031968
0.000332
0.982448
0.002617
0.00132
0.000233
0.000178
0.008957
0.003907
0.001195
0.279003
0.002231
0.000296
0.000279
0.002756
0.209547
0.002757
0.000397
0.048837
0.014215
0.010636
0.189235
0.117096
0.004019
0.001781
0.001205
0.002869
0.001144
0.002784
0.001486
0.019165
0.016371
0.000167
0.00168
0.002484
0.001898
0.001641
0.001667
0.000887
0.001802
0.898209
0.036145
0.004306
0.003076
0.000539
0.000474
0.156781
0.000808
0.255266
0.000591
0.001463
0.002154
0.048869
0.000619
0.000955
0.012994
0.001499
0.005084
0.008539
0.002039
0.000759
0.005025
0.003228
0.041114
0.000598
0.113143
0.051014
0.006197
0.00035
0.000677
0.049576
0.005748
0.028923
0.000747
0.005126
0.000482
0.001317
0.003164
0.000647
0.000712
0.000399
0.007197
0.004306
0.00402
0.002525
0.002306
0.000637
0.003739
0.000621
0.000393
0.004608
0.000137
0.000454
0.000545
0.01784
0.002062
0.004109
0.000222
0.001668
0.000741
0.001125
0.008464
0.012116
0.015029
0.00282
0.000521
0.010333
0.000651
0.000745
0.002857
0.017568
0.000328
0.001533
0.000613
0.007273
0.001856
0.003745
0.002306
0.003656
0.001823
0.076173
0.013165
0.016301
0.000224
0.001449
0.005221
0.000499
0.00255
0.013344
0.004883
0.000353
0.611251
0.000964
0.000332
0.003486
0.007288
0.001116
0.000277
0.003695
0.009514
0.00472
0.002238
0.003419
0.01166
0.019784
0.002522
0.005285
0.008173
0.004073
0.000112
0.003601
0.001886
0.008979
0.002345
0.004283
0.000307
0.003383
0.006171
0.012446
0.017375
0.0005
0.000524
0.006586
0.000406
0.152626
0.00221
0.001075
0.004808
0.000433
0.00041
0.001874
0.001248
0.002847
0.001043
0.002239
0.003984
0.035954
0.000692
0.000159
0.00019
0.996785
0.005042
0.009785
0.031082
0.000889
0.002485
0.003318
0.011144
0.000189
0.001086
0.000375
0.002655
0.015275
0.002202
0.00526
0.001871
0.003421
0.006974
0.000719
0.001511
0.000943
0.000619
0.000142
0.000533
0.001549
0.000256
0.001596
0.39514
0.001142
0.006135
0.001392
0.006875
0.0236
0.000101
0.001532
0.009703
0.069937
0.000651
0.003496
0.001254
0.002234
0.000367
0.000335
0.137651
0.003593
1.000082
0.000761
0.015867
0.00488
0.003818
0.007646
0.000273
0.000498
0.000278
0.000206
0.954216
0.001457
0.006487
0.006699
0.000756
0.001002
0.014556
0.203876
0.051034
0.109677
0.000564
0.012814
0.001566
0.003031
0.022245
0.001692
0.001064
0.001528
0.001965
0.002167
0.000597
0.266659
0.010363
0.001623
0.000794
0.021546
0.004369
0.006391
0.000201
0.000502
0.000148
0.000681
0.000168
0.006752
0.002043
0.002502
0.018423
0.000864
0.000646
0.000673
0.001129
0.001265
0.026108
0.000554
0.001481
0.000373
0.000285
0.045902
0.00095
0.000143
0.004228
0.002008
0.000379
0.025412
0.000521
0.003248
0.000844
0.002325
0.934897
0.001167
0.015015
0.000552
0.095905
0.000173
0.000768
0.005309
0.046428
0.000426
0.000599
0.003821
0.079998
0.01407
0.000162
0.004175
0.001342
0.000272
0.009069
0.000293
0.001533
0.005938
0.000673
0.000396
0.001011
0.000271
0.001721
0.002004
0.000765
0.088859
0.0008
0.000109
0.472324
0.000898
0.016142
0.002006
0.465711
0.003763
0.005761
0.000625
0.001002
0.003221
0.000807
0.007082
0.001272
0.001545
0.047374
0.000479
0.0001
0.000218
0.980151
0.001951
0.000356
0.009546
0.004665
0.000147
0.00038
0.000486
0.000352
0.003394
0.001889
0.002331
0.000372
0.001731
0.005493
0.000563
0.001205
0.000297
0.000996
0.050627
0.000788
0.000779
0.010127
0.003918
0.001726
0.002938
0.041915
0.002597
0.000511
0.001626
0.000928
0.001137
0.070182
0.004704
0.016748
0.035317
0.00188
0.007715
0.009341
0.00021
0.001319
0.165951
0.000493
0.000136
0.000605
0.001423
0.000323
0.003037
0.000104
0.001717
0.007726
0.00125
0.003276
0.012743
0.000903
0.066919
0.001932
0.002374
0.000307
0.001455
0.004127
0.029338
0.000471
0.019897
0.003514
0.000131
0.000911
0.010487
0.001852
0.206223
0.002467
0.384342
0.000711
0.002013
0.000709
0.150995
0.000572
0.039622
0.004601
0.913207
0.001997
0.080772
0.006273
0.005207
0.002828
0.001018
0.000965
0.008218
0.000271
0.001687
0.000674
0.000892
0.000699
0.932783
0.000892
0.000221
0.001716
0.000439
0.003027
0.001205
0.002315
0.975346
0.00262
0.883153
0.000152
0.000988
0.006166
0.001523
0.96712
0.000957
0.005915
0.000871
0.002429
0.001387
0.000941
0.090498
0.003095
0.000386
0.293532
0.003382
0.000796
0.000355
0.000436
0.013253
0.001808
0.000568
0.001162
0.002644
0.0001
0.006545
0.004651
0.002212
0.095758
0.000819
0.001907
0.004159
0.001117
0.998944
0.001982
0.000535
0.000739
0.041356
0.008343
0.00237
0.00075
0.002534
0.001095
0.000664
0.003779
0.013529
0.002255
0.000965
0.003336
0.002507
0.000485
0.032147
0.002288
0.000237
0.000734
0.000857
0.000362
0.01877
0.001135
0.000685
0.000551
0.000303
0.014891
0.003737
0.000218
0.00156
0.706295
0.010256
0.000265
0.002257
0.01272
0.007409
0.027817
0.031149
0.052482
0.005131
0.012645
0.060359
0.000121
0.012772
0.003238
0.051711
0.000721
0.001391
0.003218
0.002268
0.00056
0.023779
0.002095
0.001993
0.004259
0.000535
0.002096
0.000413
0.000131
0.001225
0.002448
0.001113
0.000304
0.002645
0.000607
0.002357
0.000583
0.829325
0.000913
0.001014
0.011975
0.001804
0.003474
0.003671
0.103439
0.002332
0.005908
0.297066
0.008029
0.004391
0.004022
0.000123
0.849977
0.002648
0.000664
0.00309
0.000251
0.840441
0.009319
0.005962
0.090406
0.002192
0.001933
0.008245
0.002734
0.001454
0.004512
0.00068
0.014855
0.000911
0.003027
0.090949
0.000805
0.000373
0.014613
0.016473
0.026618
0.000735
0.002339
0.000284
0.000417
0.046664
0.004261
0.000273
0.004004
0.000529
0.001271
0.000752
0.001264
0.020067
0.000751
0.006009
0.000621
0.000832
0.384085
0.001065
0.003951
0.009214
0.117382
0.000845
0.001096
0.000828
0.003745
0.000158
0.000345
0.002037
0.001019
0.000241
0.018815
0.002783
0.003111
0.000756
0.000177
0.747507
0.002046
0.01312
0.000588
0.001906
0.012355
0.002645
0.002372
0.004628
0.0008
0.000965
0.001997
0.00103
0.000569
0.00121
0.002168
0.034717
0.006545
0.003233
0.002022
0.700284
0.00082
0.003541
0.000668
0.0001
0.001255
0.002283
0.000849
0.936474
0.074059
0.00313
0.0112
0.000811
0.004554
0.00234
0.00467
0.011663
0.001724
0.000826
0.000895
0.001569
0.001348
0.000127
0.004348
0.048769
0.098857
0.007835
0.006196
0.02919
0.001145
0.0003
0.004057
0.001953
0.003481
0.002432
0.001196
0.002363
0.054642
0.000512
0.003215
0.008322
0.003779
0.007651
0.001846
0.001341
0.002076
0.000262
0.135816
0.00164
0.011319
0.000431
0.007494
0.000675
0.002192
0.001052
0.004995
0.096324
0.000872
0.002245
0.073259
0.003802
0.001174
0.000374
0.997898
0.000689
0.01831
0.004741
0.001848
0.002933
0.000487
0.938477
0.00356
0.003826
0.015673
0.070057
0.009691
0.000322
0.000511
0.00019
0.001224
0.000433
0.494763
0.002229
0.012442
0.009456
0.005574
0.00024
0.000572
0.002224
0.001821
0.049149
0.002397
0.001707
0.003401
0.011935
0.000624
0.001982
0.003411
0.000615
0.00078
0.000503
0.432206
0.001598
0.001162
0.000901
0.995237
0.000804
0.000144
0.000415
0.017019
0.001038
0.981766
0.030712
0.000192
0.005693
0.350562
0.001341
0.001013
0.002675
0.000607
0.001396
0.002088
0.004232
0.124091
0.002333
0.000118
0.544203
0.013032
0.005046
0.000538
0.017688
0.105738
0.002321
0.001476
0.013866
0.002548
0.001203
0.002283
0.001849
0.001284
0.006213
0.00971
0.003247
0.006559
0.012303
0.000277
0.001486
0.012673
0.00066
0.004744
0.024793
1.000073
0.056298
0.003121
0.000343
0.001467
0.000529
0.000204
0.000179
0.000743
0.000854
0.001558
0.001097
0.000357
0.965524
0.00131
0.002848
0.006289
1.000088
0.602629
0.003477
0.001767
0.000715
0.000967
0.004176
0.016355
0.004717
0.006736
0.001469
0.001467
0.000445
0.001092
0.000841
0.00173
0.000261
0.006447
0.000753
0.324375
0.000999
0.00193
0.001877
0.001298
0.00041
0.000659
0.002986
0.002258
0.004467
0.000193
0.106871
0.001664
0.001509
0.001086
0.070892
0.000817
0.002019
0.151389
0.001054
0.000844
0.122703
0.033813
0.007487
0.00165
0.021053
0.005867
0.0001
0.000771
0.00481
0.000905
0.004738
0.00174
0.000539
0.003475
0.001577
0.001115
0.000189
0.001829
0.002236
0.003577
0.000241
0.103746
0.003105
0.00355
0.010205
0.000602
0.010207
0.001031
0.003248
0.889703
0.030593
0.15647
0.001783
0.012979
0.009077
0.001238
0.021056
0.000212
0.004447
0.000695
0.005581
0.003212
0.001588
0.004446
0.002825
0.002756
0.004022
0.00807
0.002267
0.001647
0.002898
0.01822
0.00059
0.001569
0.002188
0.00273
0.000893
0.001002
0.020596
0.641582
0.041184
0.001886
0.000395
0.03741
0.035357
0.00038
0.00364
0.002592
0.003428
0.000874
0.001739
0.004393
0.000887
0.001313
0.000305
0.001506
0.000653
0.003142
0.003695
0.014698
0.000199
0.000762
0.00638
0.004651
0.000265
0.1338
0.002892
0.005657
0.002201
0.000293
0.000425
0.000342
0.108191
0.002704
0.042605
0.000818
1.000049
0.000191
0.000996
0.001416
0.037866
0.000682
0.000116
0.000448
0.001696
0.005978
0.00082
0.003721
0.999931
0.00135
0.011362
0.002155
0.380481
0.000306
0.018041
0.004573
0.007359
0.003131
0.001452
0.008058
0.008398
0.000728
0.004087
0.002837
0.00292
0.999899
0.001054
0.073539
0.004773
0.000596
0.002865
0.001386
0.002385
0.000675
0.001238
0.000251
0.000528
0.002668
0.004158
0.00302
0.055552
0.004432
0.002793
0.002038
0.000642
0.001298
0.008178
0.000175
0.000291
0.001198
0.001154
0.00764
0.139269
0.002328
0.000323
0.001722
0.003309
0.002862
0.002794
0.297101
0.001411
0.00036
0.239936
0.000103
0.005186
0.000837
0.000416
0.302416
0.022927
0.011171
0.00301
0.002926
0.000865
1.0001
0.004146
0.000412
0.000583
0.001129
0.002411
0.001027
0.001199
0.261876
0.012781
0.008295
0.006917
0.000341
0.002641
0.00358
0.000251
0.003759
0.00123
0.013975
0.000453
0.000866
0.00035
0.016156
0.000633
0.007354
0.001538
0.139919
0.001509
0.000462
0.000994
0.001098
0.007024
0.000121
0.000926
0.002971
0.004963
0.060359
0.004254
0.001043
0.107345
0.000414
0.008333
0.00726
0.001357
0.001863
0.000785
0.011525
0.007645
0.092274
0.000578
0.501127
0.250456
0.00225
0.000619
0.001049
0.990412
0.001284
0.000307
0.001576
0.000608
0.002062
0.304434
0.00168
0.003478
0.00055
0.004266
0.018008
0.008939
0.003312
0.000359
0.000345
0.001497
0.00239
0.172728
0.020833
0.001633
0.252514
0.00047
0.906495
0.001865
0.000126
0.475981
0.002187
0.000945
0.007707
0.000558
0.002506
0.003686
0.039135
0.001191
0.327129
0.0294
0.02407
0.00111
0.007414
0.002471
0.001357
0.014845
0.003767
0.003844
0.016774
0.012377
0.001215
0.001057
0.067174
0.060019
0.00196
0.000586
0.071425
0.016337
0.000725
0.01308
0.001228
0.001112
0.000329
0.002295
0.00812
0.108782
0.234414
0.04715
0.000851
0.001203
0.000787
0.001094
0.00253
0.944033
0.000682
0.026663
0.003676
0.00048
0.027062
0.002712
0.00081
0.775564
0.023752
0.001224
0.000403
0.001655
0.000188
0.000757
0.000374
0.001048
0.001169
0.002314
0.00074
0.013747
0.000106
0.002951
0.01874
0.001302
0.007442
0.0002
0.021506
0.002975
0.000686
0.010285
0.011764
0.004052
0.000844
0.001578
0.003488
0.000641
0.006211
0.001391
0.940317
0.11063
0.000165
0.001519
0.00101
0.000757
0.00367
0.000936
0.046408
0.005175
0.037199
0.265653
0.002064
0.005047
0.004973
0.903953
0.000953
0.00075
0.002833
0.000308
0.002927
0.001059
0.001291
0.000931
0.027361
0.001637
0.009334
0.001934
0.002499
0.023845
0.00052
0.000988
0.004558
0.00371
0.003312
0.00171
0.001556
0.039259
0.000651
0.007355
0.001888
0.577276
0.000727
0.005344
0.987538
0.00034
0.000142
0.003908
0.001546
0.003688
0.003444
0.995344
0.006828
0.001327
0.002118
0.000547
0.000776
0.002755
0.002465
0.012226
0.434656
0.000489
0.007161
0.001086
0.001964
0.006692
0.00763
0.001133
0.003636
0.002536
0.014877
0.00137
0.002503
0.000267
0.032262
0.00094
0.558438
0.005958
0.004032
0.000443
0.000895
0.011194
0.009047
0.002648
0.00066
0.001682
0.001746
0.0011
0.002882
0.035786
0.00022
0.012019
0.005088
0.002038
0.000803
0.028357
0.003403
0.001999
0.002944
0.000334
0.011895
0.000453
0.000639
0.000535
0.008928
0.007458
0.000581
0.000927
0.00825
0.000257
0.002078
0.008061
0.000344
0.044033
0.009461
0.011966
0.001452
0.000876
0.018086
0.001213
0.000672
0.00117
0.001759
0.116868
0.000431
0.002077
0.000531
0.002021
0.000467
0.053483
0.000849
0.003711
0.000238
0.322394
0.00356
0.000625
0.008129
0.000342
0.001724
0.000251
0.000728
0.000436
0.028824
0.005347
0.000119
0.00013
0.000423
0.004997
0.01146
0.069773
0.001898
0.001472
0.00148
0.00883
0.087306
0.001465
0.217015
0.003441
0.012096
0.001712
0.001542
0.001578
0.011527
0.001264
0.001325
0.001195
1.000094
0.000337
0.001538
0.001395
0.005118
0.000814
0.00052
0.000669
0.002325
0.002958
0.408167
0.003891
0.002253
0.000514
0.000321
0.175674
0.013642
0.003456
0.000407
0.001176
0.00107
0.012683
0.002779
0.002497
0.001587
0.005233
0.002467
0.449442
0.000866
0.000382
0.000932
0.000269
0.005729
0.516126
0.000428
0.002127
0.013734
0.826145
0.000707
0.005256
0.00841
0.004975
0.009931
0.001315
0.000422
0.000636
0.004175
0.007088
0.00078
0.002572
0.004387
0.000755
0.002076
0.000205
0.000109
0.144963
0.008349
0.000863
0.005994
0.005363
0.000158
0.001005
0.002783
0.004641
0.002016
0.001259
0.014396
0.000449
0.000614
0.001894
0.005271
0.0051
0.001349
0.000601
0.001816
0.010806
0.000686
0.956811
0.004229
0.001519
0.001506
0.009822
0.019173
0.000351
0.007917
0.000537
0.002637
0.001471
0.02713
0.004111
0.000397
0.002721
0.00106
0.002847
0.000545
0.00166
0.000901
0.003011
0.000308
0.004396
0.035943
0.24112
0.000111
0.000638
0.000968
0.000378
0.001302
0.013639
0.001207
0.00111
0.000898
0.000377
0.000649
0.008069
0.004304
0.004744
0.020893
1.0001
0.005397
0.002178
0.001711
0.004579
0.000814
0.002413
0.003946
0.002477
0.002031
0.000673
0.054078
0.007507
0.006194
0.002606
0.001425
0.099087
0.000208
0.003503
0.001528
0.000631
0.001911
0.001024
0.001028
0.002268
0.002022
0.000601
0.000784
0.001825
0.001563
0.0026
0.000621
0.000879
0.001405
0.027421
0.001868
0.001215
0.004109
0.084804
0.001023
0.001758
0.008447
0.000142
0.001643
0.712563
0.001111
0.000196
0.046333
0.738791
0.000633
0.006321
0.001657
0.026649
0.001871
0.005019
0.614867
0.001336
0.000501
0.004503
0.001125
0.001161
0.000756
0.016217
0.000878
0.00347
0.001589
0.000405
0.00088
0.763179
0.001553
0.018932
0.005758
0.00441
0.001725
0.00814
0.001323
0.000101
0.003601
0.062423
0.001858
0.811449
0.159754
0.001861
0.000135
0.000247
0.000838
0.002155
0.00503
0.00502
0.003775
0.00303
0.005511
0.008207
0.001915
0.003902
0.006663
0.827083
0.000687
0.004401
0.000162
0.003266
0.004842
0.002625
0.004903
0.002337
0.001054
0.001263
0.617432
0.005596
1.0001
0.001221
0.002238
0.671092
0.003933
0.01762
0.000892
0.00171
0.000414
0.000252
0.063003
0.001128
0.001603
0.001522
0.000499
0.000495
0.002847
0.00089
0.003339
0.011035
0.000349
0.004496
0.006406
0.172906
0.242298
0.001284
0.029124
0.002156
0.18428
0.001058
0.005078
0.001484
0.000101
0.000561
0.000954
0.002852
0.006059
0.001893
0.001479
0.015381
0.000491
0.00253
0.005451
0.01724
0.00301
0.000658
0.000329
0.000725
0.00068
0.078018
0.00452
0.018744
0.002667
0.003083
0.122207
0.007432
0.00337
0.00107
0.000942
0.000484
0.001325
0.000617
0.001321
0.113118
0.856783
0.05579
0.013407
0.007577
0.006706
0.004352
0.007941
0.011555
0.000149
0.000352
0.058415
0.002861
0.004229
0.001037
0.000206
0.000779
0.002053
0.001627
0.006672
0.00446
0.194331
0.008219
0.022871
0.000676
0.001545
0.005592
0.0024
0.002062
0.001972
0.010655
0.001938
0.001103
0.00086
0.000193
0.00165
0.006952
0.849334
0.001777
0.00852
0.001668
0.001005
0.003295
0.001381
0.220069
0.02048
0.016244
0.000426
0.118898
0.998603
0.007669
0.999536
0.000372
0.010926
0.021426
0.000946
0.000672
0.957804
0.016284
0.001527
0.000223
0.001034
0.000624
0.027204
0.004628
0.005112
0.278843
0.00126
0.000575
0.002344
0.017423
0.000949
0.00137
0.013601
0.004846
0.000724
0.182487
0.001589
0.02049
0.0109
0.970855
0.001303
0.00164
0.972862
0.000986
0.000347
0.00213
0.001734
0.001866
0.000335
0.000655
0.001905
0.001114
0.006743
0.000249
0.027577
0.023899
0.000854
0.015742
0.004728
0.001812
0.001422
0.000776
0.004765
0.001091
0.000886
0.00054
0.013846
0.035218
