50.537
-3.323
-6.25
-11.027
-3.323
-5.741
-8.165
-3.251
-3.251
-6.4
144.413
-7.406
-34.11
-3.323
-15.319
-21.064
-3.323
-5.769
-3.323
-19.874
56.513
330.303
-23.23
1930.521
-18.423
-5.28
-50.096
-46.881
-31.77
181.242
-10.806
-3.258
-6.514
-13.285
-6.289
-6.287
-3.293
-3.293
-3.293
-3.293
-3.293
-3.293
23.236
-9.008
99.062
266.531
-7.323
1347.814
-24.442
-39.434
-36.287
-4.256
-11.066
-8.204
1544.194
-6.155
-8.297
-5.939
-6.155
-6.155
-6.155
-6.155
-6.155
-40.75
-49.441
-16.458
-8.071
-7.324
-58.288
475.438
-3.293
-11.443
194.663
-41.633
-81.675
-65.893
-38.022
1118.649
1088.198
-26.644
18.991
-47.89
-5.985
184.65
-12.999
-14.549
-34.82
-55.805
-39.966
-40.918
-8.372
136.661
-29.729
-9.315
-16.667
-45.58
-14.683
-40.373
-19.576
-32.974
-16.663
-33.287
-14.353
-12.348
-7.875
-3.293
-3.293
-4.748
-30.651
-15.288
106.774
-16.777
-3.293
-3.293
-29.87
840.619
-10.747
-33.089
-18.505
-28.097
-8.707
-31.217
-8.707
-18.512
-4.748
-3.293
-14.698
-3.293
-3.293
-16.667
-6.154
-3.277
-4.665
-3.292
-6.878
640.894
-4.748
-3.293
-3.293
-14.114
-8.717
-26.598
-20.36
-6.514
-6.514
-8.646
1645.244
-7.887
-6.514
-6.514
-6.514
-6.514
-6.514
-6.514
-6.514
-6.514
-6.514
-6.514
-6.514
-6.514
-6.514
-6.514
-6.514
-6.514
-6.514
-6.514
-6.514
-6.514
-6.514
-6.514
-6.514
-6.514
-6.514
-21.774
-60.281
62.6
-28.488
919.06
-16.307
62.11
-10.735
-20.817
-16.392
-21.187
19.063
-40.806
-29.737
-19.684
937.642
-18.04
-12.121
-28.663
-17.217
-36.994
-21.187
-4.666
-43.905
-16.667
-23.603
-43.039
-46.277
1145.942
-3.293
-28.686
-22.821
-8.68
-27.499
-20.571
-11.967
231.395
-31.17
-34.913
-19.539
-40.85
-24.092
645.095
4.521
-18.269
-25.439
-40.462
-22.318
-58.345
-8.28
52.715
-29.763
-42.019
-30.205
-36.196
-11.447
-24.303
3433.14
-48.606
-35.677
1088.285
-21.881
-34.093
-11.626
-54.181
70.473
-16.277
-21.58
-38.739
-32.848
-21.055
-27.421
-10.601
-38.896
-3.293
-30.183
-16.576
-21.351
-9.575
-21.925
-3.293
-34.953
-6.194
-53.611
149.515
-6.869
-5.491
-6.395
-46.545
441.193
-13.296
-34.657
-15.135
-50.573
-31.219
-17.857
2317.794
-14.582
-35.743
-32.307
-5.496
-13.095
-5.496
-5.496
-5.823
-6.46
-34.053
-8.776
-9.527
-10.748
-11.641
-32.816
-6.922
-9.819
-7.964
-13.575
-21.58
-42.02
-47.421
-39.501
-21.58
-32.833
-29.035
-37.214
-10.892
-18.347
-19.721
-26.258
-10.082
-3.293
-9.476
-3.293
-3.293
-27.29
-34.057
-16.277
-19.293
-6.46
-16.777
-3.286
-13.976
-9.329
-25.514
20.68
-39.415
-19.834
-6.46
-49.98
-19.815
-26.756
-20.826
-19.834
-13.042
-19.834
-43.144
-30.849
-27.287
3310.946
-30.167
-23.061
-23.063
-21.33
-33.433
-13.915
-9.858
-24.199
-23.134
-6.46
-24.313
199.702
8.557
-49.717
-50.223
-12.723
-3.293
34.201
-30.567
-28.22
-15.26
-18.073
-10.748
-10.748
-13.194
-10.748
-14.252
-21.072
-10.743
-10.748
-10.748
-10.748
-4.427
-16.159
-19.859
-50.346
-30.514
-21.579
-3.91
-3.91
-3.293
-16.667
-19.896
-16.667
-53.894
-19.896
-16.999
-16.667
-16.667
-17.615
-18.04
-16.667
-6.521
-3.293
-3.293
-3.293
-7.39
-3.624
-6.521
-3.624
-3.624
-3.624
-3.624
-7.894
-3.293
-3.293
-3.293
-4.659
-4.666
-4.666
-4.666
-7.976
-3.293
-3.293
-3.293
-3.293
-3.293
-3.293
-3.293
29.629
-10.405
-9.807
-15.051
-32.131
-33.738
751.439
-21.671
-17.91
-4.513
-4.513
-4.513
-2.411
-24.603
7.048
-12.396
621.524
-31.304
-28.501
-13.209
-3.293
-10.557
-37.985
-3.293
-3.293
-10.214
-3.293
-3.293
-11.133
-13.076
-6.155
-6.155
1097.06
-8.398
-20.882
-3.293
-3.293
-15.706
-3.293
-3.293
52.409
-39.322
144.543
-11.696
-28.86
-52.541
139.503
-38.057
31.735
2.201
-3.293
-25.671
238.998
113.805
66.139
-37.382
-35.561
-41.922
-33.85
-58.74
-23.821
-11.985
-25.003
112.167
-13.913
-30.979
-46.062
-22.254
-13.405
-15.685
-52.174
-8.586
-6.498
-19.245
-42.504
-3.291
-20.482
-6.591
-9.453
-57.498
-48.905
-56.256
-25.572
-32.047
-27.421
-3.293
-7.259
-4.24
-6.46
33.778
-30.835
-27.29
-6.46
-32.583
-13.567
-27.119
-43.503
2221.968
-15.232
-24.108
-42.46
-37.26
-19.163
-10.748
-23.73
161.493
-15.853
-46.65
-24.122
29.43
-6.154
152.691
-32.0
-27.675
-5.739
-3.293
-3.293
-3.241
-3.293
-10.324
-19.068
-11.951
-3.293
-20.742
-23.975
-24.112
-16.667
-16.667
-3.62
-16.667
-9.831
-18.443
-7.39
-7.39
-7.39
3386.286
-10.601
-10.601
-3.293
70.158
-26.685
-37.181
-8.352
-8.586
-18.931
-16.273
465.941
-28.16
-3.068
-31.031
-11.662
-17.629
-24.734
-3.293
-15.183
-3.293
-18.013
-37.263
-18.216
-16.826
-25.648
-17.213
-22.953
-33.028
-32.819
-21.208
-28.663
-19.834
-13.141
-12.121
-18.04
-4.666
-16.612
-29.86
-20.632
-3.293
1618.814
-28.889
-10.9
-3.293
-3.293
-31.999
-16.667
-28.488
-16.667
-16.667
-16.667
-16.667
-7.658
-7.658
-19.88
-10.748
-47.43
-44.334
-7.887
-3.293
-20.177
149.395
467.51
-39.511
495.461
-42.993
93.259
-62.791
-6.289
1270.436
-8.94
-12.781
-25.73
-4.666
-6.46
-49.657
-24.122
-3.237
-2.627
-18.964
-8.576
-30.269
-16.667
-5.424
-8.586
-3.293
-3.293
-3.293
-3.293
-3.293
-3.293
-3.293
-3.293
-16.667
-5.739
849.531
-39.033
-8.398
-33.698
-41.745
-8.586
-8.586
-6.036
-3.293
-3.293
-3.292
-3.293
10.9
-4.272
-5.621
-3.293
-3.201
-10.418
1.033
-3.201
57.062
-9.721
-3.293
-3.293
-7.735
347.547
-22.531
107.488
141.648
-4.272
-4.272
-4.272
-2.921
31.778
-29.62
-29.933
-26.779
-22.977
-26.436
-9.613
-8.535
20.265
1027.266
-21.474
-47.908
-24.329
-3.05
-14.862
-8.113
-7.299
-13.782
4.525
-4.61
229.243
-19.985
-8.935
-8.177
-31.461
-16.442
-13.632
-9.256
-10.902
-5.738
-5.739
-4.272
-3.2
-5.609
-10.269
-7.528
-6.514
-3.168
-3.168
-4.539
-3.293
-3.293
-3.293
-3.176
-3.052
-3.17
-3.17
-13.314
-2.952
-30.585
-40.914
-19.564
-11.822
-42.33
-31.431
-27.675
-10.393
-17.522
-10.601
-10.601
-10.601
-17.137
-6.959
835.44
-9.44
-19.834
-3.293
-3.293
-0.195
-3.293
1868.474
-23.659
-45.051
-45.73
89.846
-10.214
-17.139
3571.138
-17.139
-24.432
-17.139
-17.139
-20.367
-28.823
-17.139
-10.214
-10.214
-7.105
-6.368
-4.789
-4.789
-4.789
-4.789
-4.789
-21.492
-3.293
274.509
-13.691
-3.293
-3.293
-35.468
-4.25
-12.252
-3.262
-3.293
-5.739
-3.293
-19.037
-3.293
-3.293
-21.34
-3.293
-3.293
-11.582
46.753
-21.492
19.501
269.01
270.36
-21.492
-21.492
-21.492
-21.492
-21.492
9.746
33.2
-21.492
182.819
-21.492
946.538
-21.492
-34.34
-15.064
226.696
-37.674
-13.817
-21.58
-21.58
-47.613
201.403
-8.794
-21.927
-47.223
-39.834
-38.503
-46.174
-3.293
-57.11
-21.58
-19.293
-47.517
-10.358
-11.565
-19.357
-4.513
-6.288
-12.314
-7.956
-15.822
-21.791
-14.223
-41.276
-10.374
-39.433
7.407
-37.174
-21.035
8.959
2162.285
-37.034
-39.341
-41.527
-7.737
-8.794
6.594
-8.835
-19.468
-26.459
-3.293
180.231
-10.034
-37.757
-2.312
-24.756
-8.794
-8.764
4.446
-10.622
-6.821
-5.255
-42.984
-15.918
-36.76
-7.458
-36.317
-19.365
-24.848
383.701
-32.427
-24.878
-8.794
-7.458
-32.4
-8.794
-8.171
-30.077
-11.961
-17.532
-24.878
-8.591
1762.569
-34.955
-3.293
-33.123
-33.391
-29.362
-15.049
-24.836
-18.876
-16.23
-13.691
-16.084
-35.508
-12.528
-6.591
-17.193
-11.85
319.408
278.264
-3.293
-6.591
-4.489
-39.004
-33.199
-22.358
-35.386
-6.591
-12.864
-4.272
-6.591
-17.046
-6.289
-3.293
-3.293
-3.293
-3.293
-3.293
-9.51
-10.107
-21.736
-3.293
-26.633
-3.293
-3.293
-3.293
-13.122
358.333
-3.21
-3.117
-3.293
-7.39
-3.293
-3.293
-17.521
-11.271
-26.791
-3.293
-6.289
-3.293
-32.055
-12.879
-47.53
-3.293
-39.651
-14.235
-33.121
-7.554
-14.052
-7.538
-14.046
-6.591
-24.651
-27.482
-26.105
-6.591
-8.723
-28.888
-21.56
-21.58
-29.18
-21.58
-30.238
-24.747
-28.501
-43.627
-42.164
-34.565
-29.033
-21.331
-7.423
-27.29
-6.398
-3.293
-3.293
147.885
-3.293
-26.254
2029.457
2029.454
-16.277
-16.277
-16.277
-16.277
-16.277
-16.277
-23.584
-16.277
-16.277
-11.582
-16.667
-3.293
-20.538
-3.293
-3.293
-3.293
-4.666
-3.291
21.825
-6.514
-26.183
-7.139
-7.485
32.003
-30.495
-80.201
-23.886
-14.747
-32.201
-21.58
-15.097
-23.708
-32.334
-25.428
1774.152
-49.958
-90.087
-11.619
-26.685
-36.544
-8.398
-57.615
-16.499
-26.576
-51.851
-24.532
-9.466
72.936
-32.201
-3.293
-1.912
-38.489
-6.931
-6.289
-3.293
-8.586
-3.293
-34.723
-21.578
-15.318
-6.591
-6.591
-6.591
-23.3
-44.018
-11.884
-6.566
-39.192
-6.591
-6.591
-6.591
-6.591
-6.591
-11.884
-6.591
-42.923
-38.758
-39.549
-4.441
-15.498
-18.512
-6.46
-6.46
-7.317
-15.288
-8.906
-33.683
-21.752
-24.122
-20.409
-24.122
-12.121
-10.748
-8.586
-3.293
-11.032
-19.113
55.916
-27.075
-12.771
-3.293
-3.293
-34.167
-3.293
-3.053
-3.293
-13.435
-3.241
-5.943
-8.586
-4.666
-3.293
-6.514
-3.293
-3.293
-3.293
-3.293
-3.293
-3.293
-3.293
-8.586
-8.586
-8.586
-8.586
-6.155
-6.155
-6.155
-6.155
-3.267
-0.457
-3.293
-9.482
107.477
-26.228
-59.727
-34.599
-8.586
-15.288
-12.495
-9.234
509.828
-15.661
-16.978
-4.513
-6.289
-6.289
-3.293
-28.655
-30.479
-27.632
-68.148
237.448
-15.106
-39.443
-28.663
-6.591
-22.298
-48.65
-22.278
-22.799
-3.293
-3.293
-27.632
-15.662
-23.062
-16.947
-12.253
77.099
-13.497
-6.499
-3.293
-6.095
-10.748
-6.289
-6.289
-6.289
-6.289
-5.424
-21.236
-8.586
-11.027
-8.586
-8.586
-8.586
-8.586
-8.586
-3.293
-3.293
-3.293
-3.293
-3.293
-3.293
-3.293
-3.293
-14.984
-4.272
-3.293
-3.293
-3.293
-3.293
-43.943
109.316
-36.488
-28.888
-35.954
275.448
-14.355
-34.228
-59.096
-11.884
-40.653
-28.888
-41.873
-28.888
-36.488
-28.888
-10.214
-3.293
-28.888
-17.43
-37.16
-32.055
-74.199
-56.109
-51.819
-48.028
-42.263
-37.351
-32.986
-30.261
-32.109
-28.888
-28.888
-28.888
-28.888
-28.888
-28.888
-28.888
-28.888
-28.888
-28.888
-28.888
-11.974
-7.658
-3.293
-6.753
-37.326
2622.092
-11.696
-8.473
-31.997
-12.952
-10.335
-27.537
-27.537
-13.691
-13.691
-3.293
-33.861
-3.293
-3.293
-15.851
-22.774
879.961
-9.771
-15.206
-35.452
46.739
-21.771
-20.235
-15.319
-47.703
56.018
-29.162
-32.583
313.109
-15.853
-15.853
-15.853
-10.403
-18.193
-15.721
-11.715
-40.113
-11.884
-21.901
-15.319
-3.293
-6.155
-3.293
-11.732
-3.617
-3.617
-3.617
-4.26
-4.26
-59.323
-51.291
-15.704
129.927
-12.974
-11.434
-6.646
-4.513
-6.959
-4.513
-4.513
-3.292
-4.665
-3.292
-8.586
-8.586
-8.586
-8.586
-5.729
-29.917
-11.213
-3.262
-3.293
-35.952
-3.293
-3.238
-3.262
-3.292
-3.293
-10.844
-14.072
-47.892
-8.906
-5.739
-7.194
-39.556
-3.238
-3.293
-29.186
-27.29
-22.83
-16.041
-22.244
1187.668
-45.896
-21.527
-31.199
-24.929
-9.322
-6.46
-28.516
-49.347
-13.749
-10.748
-10.748
-12.879
-12.879
-7.658
-3.293
-51.933
-23.526
-12.785
-39.649
-17.19
-62.396
-16.642
-8.398
-8.398
-45.383
-17.825
4.744
-0.266
-11.51
-13.512
-24.747
-27.311
-21.58
-38.616
-27.434
-6.247
236.134
-19.834
-19.834
-6.46
-6.46
-6.46
-13.452
-6.486
-11.807
-19.889
-3.079
-3.08
-6.514
-3.186
-4.453
-3.186
-15.921
-9.171
-31.797
-10.127
-12.917
99.748
88.846
-3.293
-21.036
-19.849
-8.42
-15.559
-11.629
-16.508
-23.816
-6.288
-13.209
-3.123
-3.293
-3.293
-10.748
-3.293
-5.609
-25.426
-6.289
-6.289
-6.289
-12.502
-6.289
-6.289
-6.289
-6.289
-6.289
-13.597
-6.289
-24.026
-3.293
-3.293
-3.293
-3.293
-3.293
-3.293
-3.293
-3.293
-3.293
-3.293
-3.293
-3.293
-3.273
-5.861
-3.273
-12.696
-3.89
-3.293
-3.278
-6.906
-3.278
-3.278
-3.278
-3.273
-3.273
-3.273
-18.856
-6.844
-5.881
-9.514
-15.425
-12.298
-5.881
-5.881
-5.881
-15.481
-5.881
-5.881
-5.881
-5.881
-5.881
-5.881
-5.881
-5.881
-5.881
-5.881
-5.881
-5.881
-5.881
-15.481
-5.881
-5.881
-5.881
-5.881
-15.481
-10.393
-15.481
285.512
-26.092
-15.405
-17.405
-7.805
-7.805
-7.805
-7.805
-7.805
-7.805
-7.805
-7.805
-7.805
-7.805
-7.805
-7.805
-7.805
-7.805
-7.805
-7.805
-7.805
-7.805
-7.805
-8.379
1403.8
-17.667
-10.358
-13.657
-28.646
-10.358
-10.358
-43.554
-53.022
-10.358
-10.358
-35.954
4.103
-21.519
-47.634
-28.846
-21.569
-21.569
-47.904
-32.055
-18.141
82.486
-10.59
-6.247
-3.281
-5.66
-3.256
-3.256
-3.256
-3.256
-3.256
-3.247
-10.56
-3.256
-3.256
-3.256
-3.281
-3.284
-3.284
-10.59
-3.284
-4.737
-3.284
-6.447
-3.284
-3.284
-3.284
-3.284
-2.88
-3.293
-3.293
-12.893
-3.293
-29.871
-6.923
-6.012
-8.708
-44.484
-4.792
-8.09
-26.377
-8.09
-25.941
51.458
-9.703
-4.754
-10.085
-7.238
-13.916
-4.792
-4.792
-4.792
-4.792
-4.792
-4.792
-4.792
-4.792
-4.792
-7.654
-4.792
-4.792
-4.792
-4.792
-4.792
-24.844
-12.893
-12.893
-12.893
-17.804
-12.893
74.02
-12.893
-12.893
-16.526
-12.893
-12.893
-12.893
-12.893
-12.893
-12.893
-12.893
-12.893
-12.893
-12.893
-12.893
-12.893
-12.893
-12.893
-12.893
-12.893
-12.893
-12.893
-12.893
-12.893
-12.893
-12.893
-12.893
-12.893
-12.893
-12.893
-12.893
-12.893
-12.893
-12.893
-12.893
-12.881
-12.893
-12.893
-12.893
-12.893
-12.893
-12.893
-12.893
-12.893
-12.881
-12.893
-12.893
-12.893
-12.893
-12.893
-12.893
-12.893
-12.893
-12.893
-12.893
-12.893
-12.893
-12.893
-18.581
-27.879
-16.88
-67.159
-9.758
-5.737
-10.965
-11.968
-38.998
-35.444
-24.434
-9.587
-47.849
-10.55
-18.291
-6.591
-25.731
-33.339
-7.252
-33.433
-29.617
-6.285
-39.409
-3.293
-6.289
-6.289
-27.818
-6.289
-17.139
-17.119
-43.725
-5.609
-8.586
-3.293
-7.87
-5.739
-3.293
-15.998
-9.771
-16.664
-3.293
-25.294
9.53
-28.694
-53.461
-27.779
-6.591
-23.743
-3.293
-7.99
-3.293
-3.293
-3.293
-9.771
-15.064
-23.474
-16.979
-39.098
-27.049
-30.714
-38.457
-10.566
-11.889
60.937
-21.245
-3.293
-23.068
-7.731
-15.19
-15.786
-18.34
-17.875
-3.431
-25.447
-31.722
-9.453
-26.651
-32.881
-21.58
-21.58
-21.58
-21.58
-21.58
-26.224
-27.944
27.944
-7.098
-3.293
-6.46
31.085
-8.586
-31.043
-3.293
-6.634
-3.293
-7.658
-3.293
-8.586
-4.789
-10.748
-16.277
-16.277
-16.277
-16.277
-16.277
-35.77
-16.277
-16.277
-16.277
-10.386
-51.405
-4.666
3.495
-3.293
-4.748
-10.214
-3.624
-8.967
-8.96
-3.29
-2.936
-3.62
-3.624
-7.39
-3.293
-3.293
-4.642
-6.521
-3.292
-3.293
-3.293
-3.293
-3.293
-3.293
-6.155
-6.514
-3.293
-3.293
-3.293
-3.293
-16.667
-4.666
-6.521
-6.521
-6.521
-4.666
-25.343
-28.858
-57.191
-20.184
-35.009
-21.773
-34.89
-3.289
-27.873
-33.504
-45.561
-18.056
-20.857
-13.969
-15.26
-23.586
-17.139
-17.139
-16.659
-16.667
-16.667
-16.667
-16.667
-3.293
-3.87
-15.469
-10.957
-6.591
-5.423
-29.113
-37.705
-12.076
-3.293
-3.255
-8.586
-3.293
-7.658
3.574
-11.797
-22.155
-8.398
-10.032
-8.323
-3.293
-18.682
-3.293
-4.504
-7.68
-10.601
-3.293
-6.385
-13.915
-12.121
-12.121
-16.041
-10.748
-3.287
-3.287
-3.287
-3.293
-8.601
-3.293
-3.293
-3.293
-6.155
-3.293
-3.293
-3.293
-6.155
-13.044
-3.293
-21.58
-3.293
-3.293
-3.293
-19.834
-21.578
-27.966
-6.519
-3.293
-7.373
-8.903
-3.293
-3.293
-3.293
-18.185
-3.293
-6.46
-21.58
-28.888
-3.91
-21.29
-3.293
-3.293
-29.174
-3.293
-21.505
-10.892
-10.748
-3.291
-29.035
-21.58
-21.58
-35.426
-21.58
-21.58
-21.58
-21.58
-21.58
-48.593
-28.888
-21.579
-21.58
-21.58
-21.488
-12.579
-4.512
378.8
23.878
-4.513
-14.656
-5.806
-18.201
-21.522
-13.595
-10.601
-10.601
-10.601
-10.601
-10.601
-10.601
-21.58
-23.712
-49.504
-23.896
-32.979
-27.874
-50.334
-21.58
-21.58
-21.58
-42.734
-21.574
-21.576
-21.58
-28.888
-21.58
-21.58
-21.58
-28.888
-21.58
-29.18
-21.58
-21.58
-21.58
-21.58
-21.58
-15.998
-26.491
-29.18
-6.591
-6.591
-28.888
-21.58
-9.948
-18.07
-21.58
-43.682
60.328
-27.111
-36.931
-37.319
-16.667
-10.895
-37.887
-3.293
-16.667
-29.913
-39.383
-25.543
-47.515
-16.667
-8.396
-21.477
-30.103
-34.014
-27.166
-21.58
-32.263
-38.291
-12.848
-11.696
-11.686
-11.696
-11.696
-11.692
-36.502
-38.2
-29.476
-11.696
-11.696
-35.194
38.583
-30.588
-40.75
-36.983
-21.58
-21.58
-21.58
-24.747
-21.58
-38.122
-21.56
-21.58
-28.888
-21.58
-39.121
-21.58
-21.58
-21.58
-28.657
-21.58
-21.58
-21.58
-21.58
-21.58
-21.58
-35.426
-21.58
-24.576
-12.388
-18.201
-28.1
-6.777
-27.367
-34.057
-9.322
-20.149
-22.302
-8.428
-8.586
-19.016
-8.398
-8.398
-8.398
-23.904
-8.398
-3.293
-3.293
-4.789
-10.748
-17.975
-10.748
-10.748
-13.194
-10.748
-26.814
-13.592
-32.95
-21.492
-22.433
-8.586
-8.586
-26.944
-23.05
-22.432
-25.294
-22.432
-22.432
-10.082
-22.432
-10.082
-8.586
-8.586
-21.245
-6.155
-7.39
-3.293
-3.293
-8.398
-10.601
-10.601
-10.601
-10.601
-10.601
-10.601
-10.601
-10.601
-10.601
-10.601
-10.601
-10.601
-10.601
-10.601
-10.601
-10.601
-3.186
-7.649
-3.293
-3.293
-6.155
-6.155
-6.155
-7.805
-4.789
-4.789
-4.789
-19.402
-6.302
-38.056
255.194
-26.682
-7.735
-4.512
-6.113
-10.908
-45.789
-24.877
-38.126
-23.569
-22.216
-18.201
-19.828
-38.08
-16.271
-53.647
-14.904
-22.122
-12.056
-5.283
-3.91
-3.91
-3.91
-6.514
-5.504
-45.822
-14.543
-2.783
-3.293
-10.601
-10.601
-10.601
-18.147
-10.601
-10.601
-9.376
-6.514
-6.514
-6.514
-6.514
-6.514
-6.514
-3.287
-3.287
-3.287
-3.287
-3.287
-3.293
-3.293
-22.38
-39.228
-35.645
-28.037
-6.559
-45.551
-31.481
4486.804
-10.892
-10.892
-10.862
-31.575
-18.201
-10.892
-18.201
-10.892
-36.137
-10.892
-10.892
-24.739
-50.423
-26.254
-10.748
-10.748
-10.748
-3.293
-6.309
-30.514
-16.667
-3.293
-25.677
-3.293
-6.514
-20.135
-15.706
-3.293
-8.276
-17.139
-3.293
-3.293
-23.035
-21.58
-21.58
-34.955
-21.523
-29.035
-13.617
-24.825
-17.714
-13.976
-13.617
1274.621
-21.578
-24.761
-35.522
-11.414
-9.302
-35.575
-5.609
-17.857
-17.857
-8.605
-6.591
-31.904
-25.314
-21.576
-12.55
-16.784
-26.079
119.424
-4.666
-13.194
-17.773
-19.293
-16.277
-23.586
-16.277
-16.277
-30.124
-53.181
-16.276
-16.277
-16.277
-16.277
-16.277
-27.953
-21.236
-27.675
-5.283
-5.739
-5.739
-6.367
-3.293
-13.164
-13.617
-13.617
-17.966
-13.617
-13.617
-13.617
-13.617
-13.617
-13.617
-13.617
-13.617
-16.845
-13.617
-13.617
-13.617
-13.617
-6.309
-6.309
-6.309
-6.521
-6.521
-4.666
-6.155
-24.01
-3.293
-24.596
-22.28
-21.58
-21.58
-33.766
-6.46
-19.834
-19.834
-19.834
-23.063
-30.517
-19.834
-30.518
-27.29
-30.306
-19.834
-27.216
437.986
-8.204
-16.667
-3.293
-3.293
-3.293
-3.293
-36.488
-21.58
-21.58
-21.58
-21.58
-21.58
-21.58
-21.58
-28.888
-34.565
-21.58
-21.58
-21.58
-21.58
-21.58
-6.46
-26.909
-13.526
-21.58
-26.685
-38.875
-6.46
-6.46
-6.46
-6.46
-34.226
-8.96
-6.514
-4.24
-36.044
-32.088
-16.277
-24.122
-30.514
-6.521
-16.751
-3.293
-17.139
-32.74
-7.39
-14.99
-14.99
-10.557
-34.864
-23.39
-24.19
-15.317
-7.37
-31.519
-3.293
-7.39
-14.698
-7.39
-7.39
-14.698
-7.39
-7.39
-7.39
-7.39
-7.39
-7.39
-7.39
-7.39
-7.39
-7.39
-7.39
-7.39
-7.39
-7.39
-7.39
-10.618
-7.39
-7.39
-30.043
-7.39
-7.39
-35.347
-24.117
-7.741
-19.834
-19.684
-17.285
-35.623
-9.248
-12.047
-13.976
-3.29
-16.324
-11.968
-9.038
-3.292
-33.886
-6.922
-15.804
-24.267
-16.667
-6.372
-11.565
-35.623
-22.248
-24.225
-6.46
-6.787
-19.834
-6.459
-30.107
-6.46
-30.518
-19.834
-19.444
-6.46
-6.46
-19.834
-19.834
-19.834
-6.778
-24.2
-19.834
-6.789
-49.476
-3.293
-3.293
-31.044
-3.293
-10.214
-3.293
-27.35
-19.683
-3.292
-3.292
-17.138
-3.292
-37.107
-10.748
-10.748
-10.748
-10.748
-10.748
-30.537
-27.351
-13.731
-13.976
-26.961
-13.976
-13.976
-28.334
-27.351
-37.797
-30.514
-17.139
-3.293
-3.293
-3.293
-3.293
-3.293
-3.293
-7.658
-10.601
-3.293
-3.293
-3.293
-3.293
-3.293
-3.293
-3.293
-3.293
-19.896
-16.667
-16.667
-16.667
-16.667
-3.613
-3.621
-3.621
-3.621
-3.622
-3.624
-3.29
-3.293
-3.293
-3.29
-3.29
-21.738
-18.921
-3.068
-3.056
7.404
-29.127
-3.283
-3.293
-25.739
-3.29
-7.44
-9.68
-3.292
-15.178
-10.748
-11.12
-10.748
-7.658
-3.293
-5.739
-3.293
-3.293
-5.739
-19.787
-8.397
-6.591
-9.753
-3.293
-10.748
-3.293
-3.293
-3.293
-16.772
-17.093
99.954
-16.667
-3.929
-6.514
-3.293
-3.293
-11.394
-7.976
-15.108
-13.178
-61.464
-10.214
-2.782
-22.432
-3.254
-13.07
-8.586
-8.586
-2.782
-8.478
-3.291
-3.291
-3.29
-3.29
-3.29
-3.29
-3.291
-3.293
-3.293
-3.293
-3.123
-3.293
-3.293
-3.293
-23.586
-15.512
-24.435
-42.178
-42.734
-39.572
-10.892
-18.201
-10.892
-10.892
-10.892
-10.892
-10.892
-10.892
-10.892
-13.888
-10.873
33.256
-10.88
-6.447
-23.586
-14.698
-10.601
-10.601
-10.601
-10.601
-10.601
-10.601
-10.601
-10.601
-10.601
-10.601
-10.601
-10.601
-10.601
-10.601
-10.601
-10.601
-3.286
-3.286
-7.805
-7.385
-3.293
-3.293
-3.293
-6.281
-16.784
-3.293
-3.293
-3.293
-3.293
-3.293
-27.877
-12.91
-36.921
-6.299
-7.805
-41.636
-13.273
-43.294
-10.748
-21.654
-17.139
-16.667
-16.667
-16.667
-16.667
-16.665
-16.667
-16.667
-27.39
-16.667
-16.667
-15.049
-7.805
-10.595
-3.293
-13.617
-10.6
-7.805
-6.46
-6.46
-6.46
-11.371
-6.46
-6.46
-6.46
-6.46
-6.46
-19.834
-9.688
-19.834
-4.796
-24.878
-21.58
-35.426
-21.58
-28.888
-21.58
-34.565
-5.609
-3.293
-3.293
-27.849
-45.963
-21.58
-21.58
-21.58
-32.986
-35.426
-21.58
-21.58
-43.179
-21.58
-53.188
-21.58
-21.58
-21.58
-3.293
-6.309
-3.293
-3.293
-3.293
-3.293
-3.293
-3.293
-3.293
-3.293
-16.277
-8.204
-3.293
-3.293
-3.293
-3.293
-3.293
-3.293
-3.293
-3.293
-3.293
-3.293
-3.293
-3.293
-3.293
-3.293
-3.293
-16.667
-3.293
-10.748
-3.293
-6.309
-8.204
-3.293
-3.293
-23.586
-3.293
-10.601
-3.293
-21.58
-3.293
-3.293
-3.293
-3.293
-3.293
-3.292
-9.875
-8.449
-24.801
-6.127
-32.385
-34.011
-10.892
-10.892
-17.419
-29.81
-24.267
-13.209
-3.293
-2.665
-8.398
-10.557
-3.266
-3.279
-3.279
-23.447
-7.658
14.108
-10.552
-10.557
-10.557
169.513
-6.155
-3.293
-27.302
-12.202
-3.91
-6.042
-12.348
-42.969
-4.748
-18.594
-9.819
-4.748
-36.356
-15.747
-21.58
-25.677
-21.58
-21.58
-21.58
-21.58
-21.58
-21.58
-21.58
-34.565
-21.575
-46.653
-18.342
-15.492
-10.886
-10.887
-10.887
-3.293
-4.665
-21.505
-49.03
-28.243
-29.387
-17.139
-37.196
-21.505
-21.505
-3.293
-3.293
-3.293
-3.293
-3.293
-3.293
-1.787
-3.293
-3.293
-3.293
-3.293
-3.293
-3.293
-3.293
-10.601
-3.293
-3.293
-3.293
-9.679
-15.853
-8.398
-12.763
-5.609
-11.968
-4.513
-18.113
-58.411
-6.46
-19.834
-19.834
-13.914
-16.439
-11.178
-3.292
-10.748
-14.845
-10.748
-26.245
-6.289
-5.94
-8.845
-16.667
-16.667
-16.667
-16.667
-16.667
-16.667
-19.896
-16.667
-18.04
-19.889
-16.667
-3.293
-15.125
-8.204
-3.293
-3.293
-3.293
-3.293
-3.293
-3.293
-3.293
-3.293
-3.293
-3.293
-3.293
-3.293
-3.293
-3.293
-3.293
-3.293
-3.293
-3.293
-3.293
-3.293
-3.293
-3.293
-3.293
-3.293
-3.293
-10.214
-10.214
-3.293
-3.293
-3.292
-3.293
-4.666
-3.293
-6.514
-3.293
-3.293
-3.293
-3.293
-10.204
-3.293
-11.26
-10.517
-10.769
-5.424
-7.627
-5.496
-7.626
-17.522
-3.293
-7.964
-6.591
-13.512
-21.58
-23.035
-6.514
-3.293
-7.252
-4.823
-3.263
-3.293
-3.293
-3.293
-7.658
-6.926
-3.293
-3.293
-3.91
-5.424
-5.424
-5.424
-5.424
-5.424
-3.293
-3.293
-3.293
-3.293
-3.293
-3.293
-3.293
-3.293
-3.293
-3.293
-3.293
-3.293
-9.79
-3.293
-6.797
-3.293
-3.293
-3.293
-3.293
-3.293
-3.293
-5.424
-5.419
-5.424
-5.424
-9.632
-5.424
-3.293
-3.258
-3.293
-8.471
-3.293
-3.293
-3.293
-3.293
-3.293
-14.346
-4.748
-3.293
-3.21
-6.514
-3.293
-3.293
219.418
-36.499
-15.978
-28.473
-10.892
-14.99
-24.739
-10.892
-10.892
-24.267
-23.877
-24.267
-10.892
-10.892
-30.273
-10.892
-10.892
-10.892
-10.892
-14.99
-10.892
-33.177
-10.892
-10.892
-10.892
-10.892
-10.892
-10.892
-10.892
-10.892
-10.892
-10.892
-10.892
-10.892
-10.892
-12.348
-10.892
-10.892
-10.892
-10.892
-10.892
-10.892
-10.892
-10.892
-10.892
-14.121
-10.892
-10.892
-15.819
-10.748
-3.293
-7.553
-10.549
-11.995
-10.549
-37.591
-5.319
-21.513
-19.169
-26.16
-25.946
-36.777
-12.101
-7.658
-7.658
-7.658
-7.658
305.403
-3.644
-8.386
-10.748
-14.845
-10.748
-12.121
-5.424
-3.293
-3.293
-7.658
-7.658
-7.658
-7.658
-3.29
-3.29
-27.413
-17.139
-16.667
-3.293
-24.055
-3.293
-38.583
-8.245
77.777
-13.876
-5.496
-5.496
10.043
-26.888
-9.461
-10.88
-6.289
-6.289
-6.289
-6.289
-6.289
-6.289
-6.289
-14.355
-17.139
-17.139
-17.139
-8.276
-7.032
-5.739
-7.617
-3.241
-3.277
-7.735
-3.293
-5.424
69.167
-7.571
-3.284
-3.284
-6.514
-12.18
-30.236
22.73
-3.91
-12.1
-18.975
-12.101
-14.661
-12.1
-7.447
-4.447
49.434
-8.638
-11.702
-32.34
-9.498
-4.256
-10.104
-6.961
-7.658
-9.497
-8.879
-5.424
-8.879
-4.513
-4.513
-22.494
-6.289
-6.289
-26.802
-15.096
-3.293
-8.569
-5.609
-6.514
-3.243
-3.243
-3.243
-3.293
-3.293
-3.293
-25.946
-7.657
-7.658
-12.952
-18.901
-12.101
-11.807
-11.807
-7.735
-12.101
-7.735
-6.514
-6.514
-7.658
-3.293
-7.658
-3.293
-2.283
-3.212
-10.654
-5.609
-3.293
-3.293
-7.658
-3.099
5.95
-13.209
-10.892
-10.892
-20.101
-10.892
-10.892
-10.892
-10.892
-10.892
-10.892
-13.888
-14.4
-6.095
-3.196
-3.196
-10.181
-22.984
-21.474
-21.58
-29.005
-21.58
-21.58
-26.872
-3.293
-3.293
-3.291
-3.293
-3.293
-4.586
-3.293
-9.038
-20.412
-25.946
-10.601
-10.601
-5.424
-5.424
34.157
-9.573
-5.844
-5.844
-5.844
30.71
-9.963
45.448
1.432
-3.292
30.373
-5.181
-15.584
-8.325
-5.507
-12.311
-3.064
-17.179
-15.319
-18.891
-27.441
-3.163
-4.909
-6.202
-11.286
-3.293
-3.293
-3.293
-8.18
-10.214
-3.929
-4.272
-4.272
-4.272
-14.507
84.218
-8.892
-4.91
-4.892
-4.91
-6.907
116.059
199.504
-13.022
-24.075
-9.463
-9.463
-5.762
-5.762
-3.262
-19.585
-13.497
-3.292
-3.293
-8.204
-17.133
99.063
-5.618
-8.048
-4.029
-3.289
-3.291
-4.877
-2.704
-3.293
-25.21
-4.666
-4.666
-3.293
-14.137
-3.293
21.189
-5.613
-16.559
-3.293
-3.293
-30.601
-8.398
-8.398
-12.229
-11.565
-7.688
-9.015
-6.46
-3.293
-8.198
-8.398
-8.398
-3.293
-3.293
-24.977
-13.512
-13.512
-13.512
-13.512
-13.512
-13.512
-13.512
-8.586
-13.915
-6.46
-19.834
-3.293
-3.293
-6.591
-7.571
-43.018
-21.58
-4.272
-3.293
-10.214
-10.199
-3.293
-3.293
-16.277
-3.293
-3.293
-10.601
-3.293
-3.293
-19.293
-3.293
-3.293
-3.293
-3.293
-3.293
-3.293
-10.601
-3.293
-3.293
-3.91
-3.293
-3.293
-4.272
-4.272
-4.272
-4.272
-4.272
-4.272
-3.288
-5.424
-7.886
-24.747
-8.046
-15.499
-10.892
-19.834
-20.798
0.46
-4.246
-16.277
-8.586
-16.992
-7.102
-17.828
376.204
-3.293
-3.288
-3.288
-3.288
-3.293
-7.658
-26.921
-4.743
-3.293
-3.293
-2.52
-16.637
-3.262
-3.27
-3.27
-4.209
-3.27
-3.27
-12.624
-21.58
-24.747
-24.747
-21.58
-21.58
-21.58
-21.58
-21.58
-21.58
-3.293
-3.279
-3.293
-3.293
-3.293
-3.293
-3.293
-13.713
-3.286
-3.286
-3.286
-3.293
-6.202
-11.58
-4.272
-4.25
23.218
-20.564
-6.789
-22.873
-6.239
-5.166
-3.293
-4.272
-4.909
-4.586
-5.203
-4.272
-11.58
234.994
-4.586
-4.586
-4.586
-4.586
-4.586
-4.586
-4.272
-3.293
-23.732
-3.293
-3.293
-3.293
-6.155
-32.69
-4.513
-12.495
-19.896
-10.748
-16.667
-8.398
-6.46
-6.46
-6.46
-23.683
-7.658
-1.059
-24.399
-24.3
-3.921
-3.293
-3.293
-9.632
-5.609
-8.223
-12.384
-8.398
-8.398
-8.398
-3.291
-6.155
-4.789
-3.293
-3.293
-3.293
-3.293
-3.293
-3.293
-3.293
-3.293
-3.293
-3.293
-3.293
-3.293
-3.293
-3.293
-3.293
-3.293
-3.293
-3.293
-3.293
-3.293
-10.398
-9.384
-15.405
-7.794
-7.805
-9.178
-7.805
-7.805
-7.805
-7.805
-20.647
-3.29
-7.435
-6.087
-6.766
-19.342
-17.138
-9.758
-26.707
-3.293
-6.46
-16.007
-6.46
-21.33
-6.46
-9.681
-6.46
-7.252
-3.293
-3.287
-3.287
-3.287
-3.287
-3.287
-3.29
-3.29
-3.29
-6.289
-7.252
-17.139
-17.139
-24.254
-3.293
-3.293
-3.293
-3.293
-3.293
-3.293
-11.884
-3.293
-8.586
-8.586
-5.292
-30.277
-3.191
-3.726
-3.191
-3.293
-6.591
-13.899
-21.58
-21.58
-24.801
-3.293
-5.739
-3.293
-3.293
-3.293
-16.277
-3.293
-3.293
-3.293
-21.055
-19.834
-29.416
-10.856
-7.653
-3.29
-3.29
-5.609
-16.667
-16.667
-16.667
-16.667
-18.984
-16.667
-16.667
-16.667
-16.606
-16.667
-16.667
-5.739
-5.739
-6.236
-3.293
-8.601
-4.234
-3.293
-3.288
-3.288
-3.288
-11.434
-17.669
-11.161
-15.504
-3.929
-3.929
-4.909
-3.929
-3.929
-16.492
-11.634
-19.768
-4.272
-1.965
-11.937
-13.991
-26.528
-23.177
-9.632
-14.482
-8.963
-8.972
-27.399
-12.179
-9.183
-9.183
-9.801
-11.315
-9.183
-9.183
-14.543
-9.183
-9.183
-14.543
-11.315
-9.183
-9.183
-9.183
-11.313
-11.315
-11.315
-12.046
-12.046
-12.046
-12.046
-9.183
-13.87
-8.614
-6.404
-6.404
-6.404
-9.632
-6.404
-6.404
-9.632
-6.404
-9.632
-9.632
-9.632
-6.404
-6.404
-9.632
7.28
-9.632
-9.632
-9.632
-9.632
-9.632
-9.632
-9.632
-6.404
-9.625
-6.378
-4.272
-4.272
-4.272
-6.404
-4.272
-4.272
-9.632
-9.632
-7.501
-7.501
-7.501
-7.501
-6.404
-6.404
-6.404
-6.404
-6.404
-6.404
-6.404
-6.404
-6.404
-6.404
-6.404
-6.404
-6.404
-6.404
-6.404
-6.404
-28.888
-10.601
-10.601
-10.601
-10.601
-11.143
-23.909
-3.234
-16.16
-3.175
-16.16
-3.234
-17.857
-10.892
-10.892
-10.892
-10.892
-10.892
-10.892
-10.892
-10.892
-10.892
-10.892
-10.892
-10.892
-10.892
-10.892
-10.892
-10.892
-15.804
-10.892
-24.739
-10.892
-10.892
-10.892
-10.892
-50.334
-10.892
-10.892
-10.892
-10.892
-10.892
-4.513
-37.969
-19.293
-16.277
-3.249
-3.249
-5.609
-7.658
-5.609
-3.291
-3.293
-3.293
-32.115
-4.789
-29.035
-17.716
-43.352
-13.764
-17.65
-16.277
-16.277
-16.277
-21.236
-17.139
-17.139
-17.139
-18.465
-16.667
-4.666
-14.827
-20.155
-3.292
-3.292
-3.292
-6.309
-6.309
-6.309
-6.309
-3.293
-4.872
276.326
-8.204
-3.293
-3.293
-3.293
-27.609
-6.46
-20.306
-6.46
-6.46
-6.46
-17.65
-18.04
-7.682
-7.894
-4.666
-4.666
-4.666
-4.635
-4.666
-10.354
-8.353
-21.575
-16.277
-16.277
-3.269
-3.288
-6.304
-3.288
-3.288
-3.288
-3.288
-3.288
-3.288
-3.288
-3.288
-3.288
-8.398
-3.293
-5.739
-26.365
-16.277
-16.277
-16.277
-16.277
-16.277
-32.88
-16.277
-16.277
-16.277
-16.277
-16.277
-16.277
-16.277
-16.277
-16.277
-16.277
-16.277
-16.277
-16.277
-16.277
-11.22
-8.204
-8.204
-8.204
-8.204
-16.277
-29.652
-17.824
-10.892
-10.892
-10.892
-25.267
-10.892
-10.892
-10.892
-10.892
-10.892
-10.892
-10.892
-10.892
-10.892
-10.892
-10.892
-10.892
-10.892
-10.892
-10.892
-10.892
-10.892
-10.892
-43.496
-10.892
-10.892
-10.892
-10.892
-14.99
-10.892
-10.892
-18.201
-10.892
-13.019
-10.892
-10.892
-10.892
-10.892
-10.892
-10.892
-10.892
-19.834
-21.527
-28.356
-16.667
-16.667
-16.667
-16.667
-19.896
-3.293
-3.293
-3.293
-27.56
-8.42
-8.42
-3.269
-3.293
-19.834
-6.46
-6.46
-19.834
-6.46
-6.46
-6.46
-6.46
-6.46
-6.46
-8.586
-6.289
-3.293
-3.293
-3.293
-10.748
-13.969
-10.748
-10.748
-10.748
-32.01
-16.667
-16.667
-16.667
-16.667
-16.667
-16.667
-16.667
-16.667
-8.204
-8.204
-8.204
-17.386
-15.292
-29.665
1449.078
-8.364
-8.364
-9.114
-18.475
-37.683
-3.256
-13.502
-29.035
-3.293
-5.332
-6.46
-6.46
-6.46
-1.896
-25.27
-10.748
-10.748
-10.748
-10.748
-10.748
-10.748
-3.293
-3.292
-3.283
-3.293
-3.293
-23.368
-18.04
-7.112
-3.293
-9.522
-9.522
-9.522
-6.162
-3.293
-10.748
-10.748
-10.748
-10.748
-10.748
-10.748
-10.748
-10.748
-24.574
-10.748
-10.748
-9.522
-3.292
-6.309
-6.309
-6.309
-16.277
-16.277
-14.698
-10.601
-10.601
-10.601
-10.601
-10.601
-10.601
-10.601
-10.601
-10.601
-10.601
-33.679
-16.277
-16.277
-16.277
-16.277
-33.645
-17.139
-17.139
-17.139
-17.139
-17.139
-17.139
-17.139
-6.521
-6.521
-25.677
-28.646
-21.58
-21.58
-21.58
-21.58
-21.58
-21.58
-21.58
-3.093
-28.59
-4.513
-4.114
-5.849
-51.129
-21.58
-21.58
-21.58
-23.699
-17.122
-6.289
-20.135
-3.293
-3.293
-3.293
-3.293
-3.292
-3.293
-3.293
-3.293
-17.139
-3.293
-3.293
-3.293
-10.748
-7.658
14.775
-8.398
-13.899
-35.426
-32.866
415.014
-3.293
-3.293
-3.293
-3.291
-6.225
-3.293
-3.293
-3.293
-3.293
-3.293
-3.293
-3.293
-3.293
-3.293
-17.139
-3.293
-5.365
-3.293
-3.293
-3.293
-3.293
-3.293
-3.293
-3.293
-3.293
-8.204
-3.293
-3.293
-5.608
-5.609
-5.609
-3.293
-10.892
-10.892
-10.892
-10.892
-10.892
-10.892
-10.892
-10.892
-10.892
-10.892
-10.892
-24.739
-10.892
-10.892
-10.892
-10.892
-10.892
-10.892
-10.892
-10.892
-10.892
-8.204
-7.658
-3.293
-3.293
-3.293
-3.293
-3.293
-3.293
-3.293
-3.293
-16.206
-7.658
-3.279
-3.293
23.58
-17.139
-17.139
-17.139
-3.293
-3.293
-3.27
-3.293
-6.309
-7.682
-9.171
-7.522
-9.813
-6.591
-26.027
-8.046
-37.896
-28.888
-32.804
-33.918
-8.398
-36.114
-17.139
-33.53
-17.139
-16.667
-16.667
-23.589
-16.667
-7.39
-7.39
-7.39
-7.39
-7.39
-7.39
-10.601
-10.601
-19.081
-13.942
-27.421
-47.164
-18.986
-27.411
-34.719
-27.421
-27.421
-6.982
-5.609
-3.292
-3.292
-3.292
-29.059
-22.234
-43.955
-20.351
-18.485
-17.139
-17.139
-17.139
-17.139
-17.139
-17.139
-17.139
-20.367
-20.367
-10.601
-10.601
-10.601
-6.994
-23.976
-4.337
-6.923
-8.697
-24.576
-31.86
-4.255
-6.994
-6.992
-6.994
-6.994
-6.994
-13.915
-6.989
-6.994
-10.627
-3.293
-8.734
-6.289
-27.443
-20.36
-13.747
-3.293
-3.292
-3.292
-3.293
-6.514
-6.514
-19.542
-4.24
-4.24
-4.24
-4.24
-8.558
-9.27
-3.293
-3.293
-3.293
-3.293
-17.275
-3.91
-3.91
-5.695
-4.946
-4.256
-6.742
-8.204
-9.837
-7.771
-9.837
-9.837
-9.837
-9.837
96.722
-9.837
45.219
-9.285
-13.959
-9.837
-33.51
343.697
-15.565
-15.565
-15.565
-15.565
-15.565
-15.565
-15.565
-7.408
-7.408
-7.408
366.028
-25.616
-39.936
-17.068
-17.068
-19.128
-25.642
3.576
-19.128
-25.642
-19.128
-22.723
-17.068
-22.722
-22.723
104.031
-17.068
12.548
-19.552
172.451
-21.238
-20.662
-22.722
-20.662
-27.976
-22.722
-3.383
-28.788
-19.411
-19.411
-19.411
-5.727
1817.676
-21.184
-21.184
-21.184
-19.411
-19.411
-19.411
-13.659
-15.894
758.571
-11.84
-10.445
-11.84
-11.84
-11.84
-11.84
-11.84
-10.892
-10.892
-10.892
-10.892
-10.892
-10.892
-10.892
-10.892
-10.892
-10.892
-10.892
-10.892
-10.892
-10.892
-10.892
-10.892
-19.822
-10.892
-10.892
-10.892
-10.892
-10.892
-10.892
-10.892
-10.892
-10.892
-10.892
-10.892
-10.892
-10.892
-10.892
-10.892
-10.892
-10.892
-10.892
-10.892
-10.892
-10.892
-10.892
-10.892
-10.892
-10.892
-10.892
-10.892
-10.892
-10.892
735.666
-10.014
-18.561
-10.014
-10.014
-11.469
-10.014
-10.014
-18.943
-10.014
-10.014
-10.014
-10.014
-18.943
-10.014
-10.014
-10.014
-18.943
-10.014
-18.943
-10.014
-10.014
-24.3
-10.014
-10.014
-10.014
-10.014
-18.943
-10.014
-10.014
-10.014
-10.014
-10.014
-10.014
-10.014
-24.3
-10.014
-10.014
-10.014
-10.014
-10.014
-10.014
-5.353
-9.524
-9.524
-9.524
-5.353
-5.352
-6.887
-6.887
-6.887
-6.887
-6.887
-6.887
-6.887
-6.887
-6.887
-15.013
-15.013
-15.013
-15.013
41.443
-15.013
-15.013
-5.636
-5.636
-5.636
-3.293
-10.886
-10.886
-10.886
-10.886
-9.705
194.117
-17.551
-9.705
-9.705
-19.162
-9.705
-9.527
-9.705
39.211
-32.131
-9.705
-17.552
-27.009
-9.705
-9.705
-9.705
-9.705
-9.705
-9.705
-7.014
-3.292
-3.292
-3.292
60.029
-5.442
-5.442
-3.292
-15.719
1010.794
-12.75
7.242
-14.168
-3.115
-3.204
-3.204
-11.139
-11.139
-0.772
-10.98
-13.914
-15.72
-16.883
-15.72
-15.72
-15.72
-15.72
0.934
-15.72
-12.75
65.675
66.666
-19.417
-4.748
-3.293
-29.173
-10.358
-9.833
-10.358
-10.358
-3.291
-3.291
-14.346
-19.417
-20.872
252.907
12.798
-9.819
-8.364
-8.364
-8.364
-8.364
-8.364
-3.29
-3.29
-3.29
-21.412
-19.417
-20.872
5351.428
-17.37
-19.417
-19.417
-19.417
-19.417
-14.346
-19.417
-14.346
-14.346
-8.364
-8.364
-8.364
-8.364
-8.364
-8.364
-8.364
-8.364
-20.872
-15.801
-9.819
-4.748
-4.748
-4.748
-4.748
-4.748
-3.293
-3.293
113.89
12.025
-3.293
-4.586
-3.293
-21.58
-3.293
-3.293
-6.093
-4.438
-5.739
-3.293
-11.2
-3.293
-5.739
-3.293
-3.293
-3.293
-3.293
-5.496
-5.496
-5.496
-23.779
-5.496
-3.293
-3.293
-21.58
-21.58
-21.577
-21.58
-5.609
-10.892
-10.892
-10.892
-18.201
-10.892
-10.748
-7.87
-4.256
-20.219
-3.293
-3.293
-3.293
-3.293
-3.293
-3.293
-3.293
-3.293
-6.309
-3.293
-3.293
-3.293
-3.293
-3.293
-3.293
-3.293
-3.293
-3.293
-3.005
-3.293
-6.355
-3.293
-3.293
-3.293
-4.666
-6.309
-6.309
-3.293
-3.293
-3.293
-3.293
-3.293
-3.293
-3.293
-3.293
-3.293
-3.293
-3.293
-3.293
-3.293
-3.293
-3.293
-3.293
-3.293
-3.293
-3.293
-6.309
-3.293
-21.58
-8.44
-6.309
-27.817
-17.864
-6.309
-6.309
-6.309
-6.309
-6.309
-6.309
-6.309
-6.309
-6.309
-6.309
-6.309
-4.513
-3.91
-9.034
-3.293
-3.293
-3.293
-3.293
-3.293
-10.529
-9.345
-8.398
-9.76
-8.398
-6.591
-5.963
-8.398
-3.293
-22.267
-6.289
-6.289
-10.386
-16.667
-21.262
-16.667
-3.293
-3.293
-3.293
-3.293
-3.292
-3.292
-3.292
-3.293
-3.293
-20.644
-4.748
-3.293
-9.367
-17.669
-10.214
-12.345
-10.748
-10.748
-10.748
-10.214
-10.214
-10.214
-3.293
-3.293
-3.293
-3.293
-10.214
-3.066
-12.352
-13.691
-11.627
-4.513
-6.46
-10.104
-3.293
-3.293
-3.246
-5.548
-10.81
-3.293
-3.291
-3.291
-3.291
-3.291
-2.665
-3.293
-7.654
-10.748
-10.748
-4.748
-4.748
-5.886
-10.748
-4.661
-4.666
-20.278
-23.699
-3.293
-40.309
-8.586
-3.293
-20.437
-14.047
-28.406
-17.139
-21.236
-6.521
-6.514
-9.376
-6.514
-8.398
-38.222
-26.652
-10.789
-8.586
-8.586
-8.287
-6.155
-3.293
-6.155
-6.155
-6.155
-6.155
-3.293
-7.39
-3.293
-13.443
-56.996
-15.706
-15.706
-15.706
-15.706
-8.585
-7.658
21.601
-4.456
-4.456
-4.456
-4.456
-4.456
-4.456
-4.456
-26.835
-21.764
-17.667
-17.667
-17.667
-17.667
-17.667
-17.667
-17.667
-17.667
-25.926
-39.32
-35.682
-25.946
-25.946
-25.946
-25.946
-25.946
-25.946
-25.946
-25.946
-25.946
-4.513
-4.513
-9.883
-23.418
-6.591
-6.591
-16.277
-22.432
-8.586
-5.739
-5.739
-9.771
-9.771
-3.293
-6.797
-3.293
-3.293
-6.521
-6.521
-6.521
-6.521
-6.521
-3.293
-3.293
-3.293
-3.293
-3.293
-3.293
-4.666
-29.494
-24.747
-6.46
-6.46
-10.557
-6.46
-16.277
-16.277
-16.277
-16.277
-16.277
-19.293
-16.277
-16.277
-11.394
-4.24
57.477
-8.292
-16.437
-10.214
-10.214
-10.214
-10.214
-3.222
-3.222
-3.222
-6.155
-6.155
-8.398
-3.293
-3.293
-10.214
-3.293
-3.293
-10.748
-10.748
-10.748
-10.748
-10.748
-10.748
-3.293
-3.293
-4.512
-7.375
-10.748
-10.748
-10.748
-10.748
-6.289
-6.289
-12.738
-6.289
-9.453
-3.293
-9.956
-3.293
-3.293
-3.293
-1.853
-17.139
-3.293
-15.319
-8.398
-8.398
-8.398
-8.398
-10.825
-3.293
-3.293
-3.293
-3.293
-10.748
-10.748
-17.138
-8.586
-3.292
-3.292
-3.292
-3.292
-3.292
-6.288
-3.293
-3.293
-3.293
-3.292
-3.293
-3.293
-3.293
-3.293
-3.293
-3.293
-3.293
-3.293
-3.293
-3.293
-13.657
-8.398
-8.398
-24.399
-8.398
-8.398
-8.398
-6.591
-6.591
-6.591
-6.591
-6.591
-17.139
-3.292
-3.292
9.462
-3.293
-20.418
-24.596
-10.748
-13.764
-16.277
-16.277
-3.279
-3.279
-3.279
-6.309
-6.309
-6.309
-6.309
-5.255
-5.424
-5.424
-5.424
-5.424
-5.342
-5.424
-22.209
-16.667
-23.976
-24.447
-3.293
-8.364
-8.364
-6.309
-6.309
-6.309
-8.36
-8.398
-8.398
-3.293
-3.293
-3.292
-3.292
-9.618
-12.847
-9.176
-4.513
-4.513
-4.513
-7.04
-3.293
-10.748
-28.1
-16.667
-8.967
-12.188
-3.293
-3.293
-3.293
-6.514
-6.309
-21.116
-3.293
-3.282
-29.983
-3.292
-6.309
-3.279
-3.279
-3.279
-3.293
-3.293
-3.293
-6.309
-3.272
-3.272
-3.272
-3.293
-3.292
-3.293
-12.121
-3.292
-4.24
-3.293
-6.46
-6.46
-12.815
-8.586
-3.293
-4.748
-24.232
-7.39
-7.39
-7.39
-7.39
-3.293
-3.293
-16.277
-3.197
-3.197
-3.293
-6.271
-6.521
-3.292
-4.513
-21.58
-21.58
-21.58
-25.281
-3.293
-3.29
-3.29
-3.29
92.38
-3.292
-3.293
-22.197
-8.204
-3.293
-3.293
-6.877
-8.204
-8.204
-8.204
-15.125
-14.036
-9.858
-24.738
-3.292
-3.292
-3.292
-7.39
-7.39
-7.39
-5.122
-3.151
-3.151
-3.929
-3.929
-5.236
-3.293
-28.888
-45.012
-8.204
-8.204
-8.204
-8.204
-8.204
-8.204
-8.204
-6.591
-6.448
-6.591
-6.591
-17.838
-22.244
-4.513
-4.513
-17.139
-17.139
-19.417
-5.424
-5.424
-5.255
-5.424
-5.424
-8.364
-6.591
-6.591
-6.591
-6.591
-24.673
-6.591
-6.591
-10.825
-18.723
-3.293
-5.739
-5.739
-21.58
-21.58
-21.58
-21.58
-21.58
-21.58
-22.056
-17.865
-7.39
-7.39
-42.734
-24.447
-24.748
-24.447
-24.447
-24.447
-24.447
-24.447
-24.447
-24.447
-24.447
-24.447
-24.447
-24.447
-24.447
-6.289
-11.2
-6.289
-8.586
-8.586
-8.586
-8.586
-11.448
-3.292
-3.132
-8.364
-3.293
-3.272
-3.272
-3.272
-3.272
-39.524
-17.101
-10.386
-18.443
-7.39
-7.39
-7.39
-7.39
-7.39
-7.39
-7.39
-10.601
-6.529
-17.139
-3.246
-3.246
-3.246
-3.246
-21.888
-7.658
-3.293
-3.293
-3.293
-3.293
-3.293
-12.786
-8.42
-17.139
-3.293
-3.293
-3.293
-3.293
-4.666
-6.46
-6.46
-20.306
-13.768
-6.46
-6.46
-6.46
-6.46
-6.46
-6.46
-6.46
-6.46
-25.512
-8.879
-11.696
-10.222
-3.293
-19.889
-3.293
-16.667
-7.658
-7.778
-3.293
-3.186
-3.18
-5.503
-3.198
-3.218
-3.218
-3.218
-8.831
-3.275
-3.275
-3.275
-3.275
-35.154
-8.724
-3.291
-3.62
-3.62
-6.521
-6.521
-6.521
-6.521
-6.521
-6.155
-3.292
-3.292
-4.666
-3.293
-9.742
-6.155
-6.155
-6.309
-6.309
-6.309
-6.309
-25.677
-7.39
-7.39
-7.39
-7.39
-7.39
-7.39
-7.39
-7.39
-7.39
-7.39
-7.39
-7.39
-7.39
-7.39
-7.39
-7.39
-7.39
-3.293
-3.293
-3.293
-3.293
-17.139
-6.155
-6.155
-6.062
-19.896
-16.667
-16.667
-6.46
-6.46
-6.46
-16.667
-23.732
-16.277
-16.277
-16.277
-16.277
-16.277
-16.277
-16.277
-16.277
-16.277
-16.277
-19.14
-16.277
-16.277
-16.277
-16.277
-16.277
-16.277
-16.277
-16.277
-16.277
-16.277
-16.277
-16.277
-16.277
-16.277
-16.277
-16.277
-16.277
-16.277
-16.277
-16.277
-23.586
-16.277
-16.277
-16.277
-16.277
-16.277
-16.277
-16.277
-16.277
-16.277
-16.277
-3.293
-3.293
-6.309
-6.309
-28.646
-21.58
-21.58
-21.58
-21.58
-21.58
-21.58
-21.58
-21.58
-21.58
-21.58
-21.58
-21.58
-21.58
-20.873
-19.293
-19.684
-21.179
-6.309
-6.309
-6.309
-6.309
-6.309
-6.309
-6.309
-6.309
-6.309
-6.309
-6.309
-6.309
-6.309
-6.309
-6.309
-6.309
-6.309
-6.309
-6.309
-6.309
-6.309
-6.309
-6.309
-6.309
-6.309
-6.309
-7.805
-7.805
-11.619
-22.801
-21.58
-21.58
-21.58
-21.58
-21.58
-4.748
-3.293
-3.293
-3.293
-3.293
-3.293
4.403
-5.424
-13.915
-6.46
-3.293
-16.667
-16.667
-16.667
-10.214
-10.214
-10.214
-10.214
-7.658
-6.093
-5.131
-5.131
-6.113
-4.873
-22.29
36.946
-9.239
-14.493
-8.127
-6.906
-17.756
-3.91
-4.873
-3.91
-3.91
-3.91
-3.91
-7.131
-3.91
-3.91
-3.91
-3.91
-3.91
-3.91
-3.91
-3.91
-3.91
-3.91
-3.91
-3.91
-3.91
-13.096
-3.91
-3.91
-4.438
-3.293
-7.735
-4.513
-7.735
-5.493
-24.808
-3.293
-13.028
-3.293
-3.291
-3.291
-3.291
-3.291
-9.975
-3.293
-3.293
-3.284
-4.666
-6.514
-6.514
-6.514
-6.514
-6.514
-7.658
-7.658
-3.293
-3.293
-3.293
-3.293
-3.293
-3.293
-3.293
-10.214
-3.293
-3.293
-10.467
-3.268
-3.293
-3.293
-10.748
-10.748
-10.748
-10.748
-10.748
-10.747
-6.074
-3.275
-14.982
-3.265
-3.274
-3.274
-3.274
-13.076
-6.155
-6.155
-3.293
-3.293
-3.293
-3.293
-3.284
-3.284
-3.293
-4.256
-3.293
-3.293
-3.929
-3.269
-4.849
-6.131
-3.293
-15.507
-10.214
-3.293
-3.293
-16.692
-15.319
-15.319
-15.319
-11.587
-3.293
-3.293
-3.293
-3.293
-3.293
-16.345
19.013
-8.734
-20.548
-5.738
-19.113
-6.702
-6.702
-6.702
-6.702
-5.739
-5.739
-5.739
-5.739
-5.739
-5.739
-5.739
-5.739
-5.739
-5.739
-5.739
-5.739
-5.739
-5.739
-5.739
-5.739
-5.739
-5.739
-5.739
-5.739
-5.739
-5.739
-5.739
-5.739
-5.739
-5.739
-8.601
-5.739
-5.739
-5.739
-5.739
-5.739
-5.739
-5.739
-5.739
-7.112
-5.739
-5.739
-5.737
-5.739
-5.704
-5.739
-5.739
-5.739
-5.739
-5.739
-32.732
-3.293
-21.415
-21.58
-23.896
-21.58
-21.58
-17.139
-17.139
-17.138
-4.24
-6.155
-6.791
-6.155
-6.155
-6.155
-11.696
-17.139
-22.05
-17.139
-17.139
-17.139
-19.417
-3.293
-22.962
-16.667
-8.398
-3.293
-3.293
-20.135
-17.139
-17.139
-17.139
-17.139
-17.139
-17.139
-17.139
-17.139
-17.139
-17.139
-4.748
-4.748
-9.067
-5.609
-5.609
-5.609
-8.364
-8.364
-8.364
-8.398
-3.053
-3.147
-3.147
-3.105
-26.483
-10.358
-10.358
-10.358
-21.412
-10.358
-10.358
-26.483
-10.358
-21.412
-21.412
-10.358
-21.412
-10.358
-10.358
-10.358
-10.358
-17.958
-10.358
-10.358
-10.358
-10.358
-10.358
-10.358
-10.358
-10.358
-10.358
-10.358
-10.358
-10.358
-10.358
-10.358
-10.358
-10.358
-10.358
-10.358
-10.358
-10.358
-10.358
-26.483
-15.43
-10.358
-21.412
-10.358
-21.412
-10.358
-21.412
-10.358
-10.358
-10.358
-10.358
-10.358
-10.358
-10.358
-10.358
-10.358
-10.358
-10.358
-10.358
-10.358
-10.358
-10.358
-10.358
-10.358
-10.358
-10.358
-10.358
-10.358
-10.358
-17.958
-10.358
-10.358
-10.358
-10.358
-10.358
-10.358
-10.358
-10.358
-10.358
-10.358
-10.358
-10.358
-10.358
-10.358
-10.358
-21.412
-10.358
-26.483
-10.358
-10.358
-10.358
-21.412
-10.358
-10.358
-10.358
-10.358
-10.358
-6.976
-10.358
-10.358
-10.358
-10.358
-10.358
-10.358
-10.358
-10.358
-10.358
-10.358
-10.358
-10.358
-10.358
265.961
-10.358
-14.346
-14.346
-14.346
-14.346
-14.346
-19.417
-14.346
-14.346
-14.346
-14.346
-14.346
-14.346
-19.417
-14.346
-19.417
-19.417
-19.417
-19.417
-19.417
-19.417
-19.417
-19.417
435.028
-14.346
-19.417
-19.417
-14.346
-14.346
-14.346
-14.346
-19.417
-14.346
-14.346
-14.346
-14.346
-14.346
-14.346
-14.346
-14.346
-14.346
-14.346
-19.417
-14.346
-19.417
-14.346
-8.765
-7.838
-2.767
-3.293
-3.293
-19.417
-14.346
-14.346
-19.417
-3.293
-3.293
-3.293
-3.293
-3.293
-3.293
-3.293
-3.293
-3.293
-3.293
-3.293
-3.293
-3.293
-3.293
-3.293
-3.293
-3.293
-3.293
-21.654
-14.346
-14.346
-14.346
-14.346
-14.346
-19.417
-14.346
-15.801
-14.346
-14.346
-19.417
-14.346
-14.346
-14.346
-14.346
-14.346
-14.346
-14.346
-19.417
-14.346
-14.346
-14.346
-19.417
-14.346
-14.341
-14.346
-14.346
-14.346
-14.346
-20.872
-14.346
296.583
-3.293
-4.748
-3.293
-15.81
-3.293
-14.346
-14.346
-14.346
-14.346
-14.346
-14.346
-14.346
-14.346
-19.417
-14.346
-14.346
-14.346
-14.346
-14.346
-19.417
-14.346
-14.346
-14.346
-14.346
-14.346
-14.346
-14.346
-10.113
-14.346
-14.346
-14.346
-14.346
-14.346
-14.346
-14.346
-14.346
-14.346
-19.417
-14.346
-14.346
-14.346
-19.417
-19.417
-8.364
-8.364
-8.364
-8.364
-8.364
-8.364
-8.364
-8.364
-28.463
-14.346
-14.346
-14.346
-14.346
-14.346
-17.342
-14.346
-14.346
-14.346
-14.346
-14.346
-14.346
-14.346
-14.346
-14.346
-14.346
-14.346
-14.346
-14.346
-14.346
-14.346
-14.346
-14.346
-14.346
-14.346
-14.346
-14.346
-14.346
-14.346
-14.346
-14.346
-14.346
-14.346
-14.346
-14.346
-14.346
-14.346
-14.346
-14.346
-14.346
-14.346
-10.892
-10.892
-10.892
-10.892
-10.892
-10.892
-10.892
-10.892
-10.892
-10.892
-10.892
-10.892
-10.892
-10.892
-10.892
-10.892
-10.892
-10.892
-10.892
-10.892
-10.892
-10.892
-10.892
-10.892
-10.892
-10.892
-10.892
-10.892
-10.892
-10.892
-10.892
-10.892
-10.892
-10.892
-10.892
-10.892
-19.417
-19.417
-19.417
-20.872
-19.417
-19.417
-14.346
-8.364
-8.364
-8.364
-8.364
-8.364
-8.364
-8.364
-8.364
-19.417
-19.417
-19.417
-19.417
-19.417
-19.417
-8.364
-8.364
-8.364
-8.364
-8.364
-8.364
-8.364
-8.364
-8.364
-8.364
-8.364
-8.364
-8.364
-8.364
-8.364
-8.364
-8.364
-8.364
-8.364
-14.346
-14.346
-14.346
-14.346
-14.346
-14.346
-14.346
-14.346
-14.346
-14.346
-14.346
-14.346
-14.346
-14.346
-3.293
-3.293
-3.293
-3.293
-3.293
-3.293
-3.293
-19.417
-14.346
-14.346
-14.346
-14.346
-14.346
-14.346
-14.346
-10.892
-10.892
-10.892
-10.892
-10.892
-10.892
-10.892
-10.892
-10.892
-24.801
-10.601
-20.518
-18.594
-28.888
-28.888
-28.888
-10.601
-6.514
-6.514
-6.514
-21.58
-21.58
-21.58
-21.58
-14.346
-14.346
-14.346
-14.346
-14.346
-14.346
-14.346
-14.346
-14.346
-14.346
-14.346
-14.346
-15.801
-14.346
-14.346
-14.346
-14.346
-14.346
-14.346
-14.346
-8.364
-8.364
-8.364
-8.364
-8.364
-8.364
-8.364
-8.364
-14.346
-14.346
-14.346
-14.346
-14.346
-14.346
-14.346
-14.346
-14.346
-14.346
-14.346
-14.346
-14.346
-14.346
-14.346
-14.346
-14.346
-14.346
-14.346
-19.417
-14.346
-14.346
-14.346
-14.346
-14.346
-14.346
-14.346
-14.346
-14.346
-14.346
-11.833
10.595
-2.387
-14.346
-14.346
-14.346
-14.346
-15.801
-14.346
-5.496
-3.064
-3.293
-3.293
-3.293
-3.293
-10.748
-3.293
-3.118
-3.293
-3.293
-3.293
-3.293
-3.293
-6.514
-3.293
-3.293
-3.293
-3.293
-3.293
-3.293
-3.293
-25.731
-3.293
-3.293
-16.667
-3.293
-10.529
-11.696
-3.293
-3.293
-16.667
-16.667
-16.667
-3.293
-8.398
-12.763
-6.372
-6.132
-3.929
-7.658
-10.825
-21.58
-3.293
-4.586
-3.293
-3.293
-3.293
-3.293
-5.222
-3.293
-3.293
-3.292
-3.293
-4.666
-4.666
-6.591
-3.292
-3.293
-3.293
-3.293
-3.293
-3.293
-3.293
-3.293
-3.292
-3.292
-10.279
-3.293
-3.929
-4.586
-3.293
-5.222
-3.292
-3.293
-3.118
-3.205
-3.205
-4.57
-4.586
-4.586
-15.853
-10.748
-3.293
-3.293
-3.293
-7.475
-21.58
-13.381
-10.313
-3.292
-3.293
-3.293
-3.293
-3.293
-3.293
-9.648
-3.293
-3.293
-3.293
-3.293
-3.293
-3.293
-3.293
-3.293
-3.293
-3.292
-3.292
-3.292
-6.591
-3.293
-10.082
-4.748
-4.748
-4.748
-16.667
-3.293
-3.293
-3.293
-3.293
-3.293
-3.293
186.433
-6.368
-6.368
-6.368
-6.368
-6.368
-21.58
-21.58
-3.293
-10.601
-10.601
-10.601
-4.789
-6.346
-4.24
-3.293
-4.24
-4.24
-1.88
-3.293
-3.292
-8.398
-8.398
-8.398
-8.398
-6.46
-6.46
-7.096
-9.322
-4.513
-10.731
-3.293
-3.199
-3.199
-3.293
-3.293
-4.513
-4.513
-4.513
-6.919
-6.162
-4.789
-3.87
-7.252
-6.289
-6.289
-6.289
-6.289
-8.204
-8.204
-8.204
-8.204
-10.002
-5.397
-3.187
-3.187
-3.293
-3.293
-15.113
-10.748
-13.61
-10.529
-6.46
-10.748
-10.748
-9.376
-6.514
-6.46
-9.688
-6.514
-6.514
-10.214
-6.514
-3.293
-3.293
-16.277
-16.277
-16.277
-16.277
-16.277
-16.277
-16.277
-16.277
-8.586
-8.586
-8.586
-8.586
-3.293
-3.293
-3.293
-4.513
-9.807
-4.513
-8.491
-3.293
-6.289
-6.255
-6.289
-7.528
-5.496
-13.403
-16.667
-16.667
-3.624
-7.744
-13.597
-6.289
-6.289
-21.58
-3.293
-3.293
-6.46
-3.293
-3.293
-3.293
-6.46
-16.667
-16.667
-3.293
-3.824
-10.702
-4.743
-3.27
-3.27
-10.748
-10.748
-10.748
-3.293
-3.293
-3.293
-21.58
-3.293
-6.289
-21.58
-21.58
-21.58
-22.873
-3.293
-8.398
-3.293
-3.293
-8.204
-3.929
-3.929
-3.293
-3.293
-3.293
-11.565
-8.398
-8.398
-3.293
-3.293
-3.293
-8.586
-16.667
-16.667
-16.667
-16.667
-16.667
-6.514
-6.514
-3.293
-3.293
-6.155
-8.586
-16.667
-4.666
-3.293
-3.293
-3.293
-3.293
-3.293
-3.293
-3.293
-3.293
-3.293
-10.748
-4.666
-27.671
-13.899
-20.384
-3.293
-3.293
-3.293
-3.293
-10.601
-10.601
-10.601
-10.601
-5.609
-5.609
-3.617
-3.62
-3.62
-5.609
-4.666
-6.521
-6.521
-8.586
-8.586
-3.293
-3.293
-3.293
-3.293
-3.293
-16.041
-3.293
-3.293
-8.364
-8.364
-8.364
-8.364
-3.293
-3.293
-3.293
-3.293
-8.586
-8.586
-16.667
-4.24
-4.24
-4.24
-3.929
-3.291
-5.496
-3.293
-3.293
-3.293
-3.293
-7.658
-22.432
-22.432
-8.586
-4.666
-4.666
-4.666
-4.666
-4.666
-3.293
-8.586
-3.293
-3.293
-3.293
-3.293
-3.293
-3.293
-3.293
-10.529
-3.293
-9.959
-10.902
-3.293
-3.293
-3.293
-4.496
-3.292
-3.292
-3.292
-3.292
-26.685
-3.293
-3.293
-3.293
-3.293
-3.293
-10.748
-8.586
-24.122
-11.587
-10.214
-3.293
-9.894
-3.293
-3.293
-8.586
-23.589
-3.293
-3.293
-3.293
-3.293
-3.293
-3.293
-3.293
-3.293
-3.293
-21.58
-21.58
-21.58
-21.58
-21.58
-3.293
-3.293
-3.293
-3.293
-16.667
-3.293
-3.293
-10.214
-10.214
-10.214
-10.529
-3.291
-3.293
-6.289
-17.139
-8.586
-3.293
-3.293
-3.293
-3.293
-3.293
-6.521
-3.292
-3.292
-3.292
-3.292
-3.292
-3.292
-3.293
-3.293
-10.748
-10.748
-17.139
-3.293
-6.591
49.079
-12.318
-10.214
-24.06
-3.293
-3.193
-3.193
-3.293
-9.453
-7.257
-17.139
-17.139
-3.624
-3.293
-4.666
-22.244
-16.277
-16.277
-16.277
-16.277
-10.748
-16.667
-18.04
-17.41
-11.054
134.315
-17.41
-17.41
-17.41
-17.41
-17.41
-17.41
-17.41
-17.41
-11.051
-11.054
-11.054
-11.054
-11.054
-11.054
-11.054
15.545
-11.054
-11.054
-11.054
-11.054
-11.054
-11.054
-11.054
-11.054
-11.054
-11.054
-11.054
-11.054
-15.237
-11.054
-17.41
-17.41
-9.648
-9.648
-9.648
-9.648
-9.648
-9.648
-9.648
-9.648
-9.648
-9.648
-9.648
-8.647
-3.29
-12.218
-3.29
-3.29
-3.29
-3.29
56.174
-8.362
-8.362
-8.362
-8.362
-7.475
-5.496
-7.475
-5.496
-5.496
-5.496
-7.475
-5.496
-7.475
-5.496
-5.496
-5.496
-7.475
-7.475
-7.475
-7.475
-7.475
-7.475
-7.475
-7.475
-3.293
-8.794
-6.591
-3.87
-3.293
-3.293
-21.58
-8.203
-3.293
-8.204
-3.293
-3.293
-3.293
-3.293
-7.658
-7.658
-7.658
-7.812
-6.591
-6.591
-6.591
-6.591
-6.591
-6.591
-6.591
-6.591
-6.591
-6.591
-6.591
-6.591
-6.591
-6.591
-6.591
-6.591
-6.591
-6.591
-6.591
-6.591
-6.591
-6.591
-6.591
-6.591
-6.591
-6.591
-6.591
-6.591
-6.591
-6.591
-20.437
-6.591
-6.591
-6.591
-6.591
-6.591
-6.591
-6.591
-6.591
-6.591
-6.591
-6.591
-6.591
-6.591
-6.591
-6.591
-6.591
-6.591
-6.591
-6.591
-6.591
-6.591
-6.591
-6.591
-17.139
-17.139
-17.139
-17.139
-17.139
-17.139
-17.139
-6.289
-3.293
-3.293
-3.293
-3.293
-3.293
-3.293
-3.293
-3.293
-8.204
-3.293
-3.293
-3.293
-5.736
-3.293
-3.293
-3.293
-3.293
-3.293
-3.293
-19.834
-19.834
-19.834
-19.834
-19.834
-3.293
-3.293
-3.293
-3.293
-5.575
-5.609
-5.609
-4.664
-10.601
-3.293
-21.58
-3.293
-3.293
-3.293
-3.293
-3.293
-3.293
-3.293
-3.293
-3.293
-19.834
-3.293
-4.789
-3.267
-21.58
-21.58
-21.58
-3.293
-5.311
-3.293
-3.217
-3.217
-3.217
-10.748
-3.293
-4.748
-3.293
-3.293
-3.293
-3.293
-3.293
-3.293
-3.293
-3.293
-10.214
-10.214
-10.214
-23.443
-4.683
-3.293
-2.356
-3.293
-3.293
-3.293
-3.293
-3.293
-3.293
-3.293
-3.293
-8.561
-8.586
-8.586
-8.586
-8.586
-8.586
-8.586
-8.586
-8.586
-8.586
-8.586
-8.586
-8.586
-8.586
-8.586
-8.586
-8.586
-8.586
-8.586
-8.586
-8.586
-15.507
-8.586
-8.586
-8.586
-8.586
-8.586
-8.586
-8.586
-8.586
-8.586
-8.586
-3.87
-3.87
-3.87
-3.87
-3.87
-3.87
-3.87
-3.87
7.937
-12.75
-12.614
-12.75
-7.014
-19.231
-3.283
-3.283
-3.283
-5.496
-5.496
-5.496
-5.496
-5.496
-5.496
-5.496
-34.711
-10.407
-17.715
-10.407
-3.151
-3.151
-3.151
-6.514
-8.42
-3.293
-3.293
-3.293
-3.293
-3.293
-3.293
-3.293
-3.293
-3.293
-3.293
-3.293
-3.293
-3.293
-3.293
-3.293
-3.293
-3.293
-10.214
-13.442
-10.214
-10.214
-10.214
-10.214
-10.214
-10.214
-3.293
-3.292
-3.292
-16.667
-21.382
-16.277
-16.277
-16.277
-16.277
-16.277
-16.277
-16.277
-16.277
-16.277
-16.277
-16.277
-16.277
-16.277
-29.874
-23.71
-3.268
-3.293
-3.291
-3.292
-3.292
-3.292
-3.085
-3.218
-3.218
-3.218
-3.293
-3.293
-3.265
-3.289
-8.176
-3.289
-3.265
-3.293
-3.291
-3.292
-10.212
-3.291
-3.292
-3.292
-3.292
-3.292
-3.258
-3.293
-3.293
-3.293
-3.293
-3.293
-3.293
-23.894
-16.318
-5.609
-5.609
-3.275
-4.762
-3.275
-3.275
-3.293
-3.293
-3.293
-3.293
-3.293
-3.293
-3.293
-3.293
-3.293
-3.293
-3.293
-3.293
-3.293
-3.293
-3.293
-3.293
-3.293
-3.293
-3.293
-3.293
-3.293
-3.293
-3.293
-10.601
-10.601
-4.513
-4.513
-3.293
-3.293
-16.277
-3.293
-21.58
-3.293
-3.293
-17.139
-10.214
-15.319
-10.214
-10.214
-10.6
-6.289
-6.289
-6.289
-3.292
-3.292
-3.292
-3.293
-3.293
-3.929
-3.293
-3.293
-3.293
-10.601
-10.601
-3.929
-3.929
-10.213
-3.292
-3.292
-21.564
-23.896
-3.293
-7.658
-3.293
-3.293
-3.293
-3.293
-3.293
-3.293
-3.293
-3.293
-3.282
-11.824
-3.282
-3.282
-23.16
-21.58
-21.58
-21.58
-21.58
-21.58
-21.58
-21.58
-21.58
-21.58
178.492
-21.58
-21.58
-21.58
-21.58
402.637
-21.58
-24.747
-21.58
-21.58
-21.58
-21.58
-21.58
-21.58
-21.58
-21.58
-21.58
-21.58
-21.58
-21.58
-21.58
-21.58
-21.58
-21.58
-21.58
-21.58
-21.58
-21.58
-21.58
-21.58
-21.58
-24.576
-21.58
-21.58
-24.576
-24.442
-24.442
-24.442
-21.58
-21.58
-21.58
-21.58
-21.58
-21.58
-21.58
-21.58
-21.58
-21.58
-21.58
-23.679
-21.58
-28.888
-21.58
-21.58
-21.58
-21.58
-21.58
-16.667
-16.667
-4.256
-3.27
-3.27
-8.398
-8.398
-8.398
-8.398
-8.398
-22.244
-8.398
-8.398
-8.398
-8.398
-8.398
-8.398
-8.398
-8.398
-8.398
-21.382
-8.398
-8.398
-8.398
-8.398
-8.398
-8.398
-8.398
-8.398
-8.397
-8.398
-8.398
-11.626
-8.398
-8.398
-8.398
-11.394
-11.394
-29.552
-9.771
-26.759
-15.706
-6.121
-4.666
-3.293
-3.293
-6.155
-3.293
-3.293
-6.289
-4.748
-9.154
-17.139
-3.006
-3.293
-4.645
-3.293
-4.748
-4.789
-4.789
-3.293
-3.293
-3.293
-10.214
-10.214
-10.214
-6.155
-3.293
-6.289
-6.289
-10.214
-5.609
-3.293
-3.293
-3.293
-4.666
-4.666
-3.293
-3.293
-3.293
-3.293
-3.293
-3.293
-3.293
-3.293
-3.293
-3.293
-3.293
-3.293
-3.293
-9.688
-7.658
-6.521
-6.521
-6.521
-6.521
-6.521
-6.155
-3.293
-3.293
-11.434
-3.293
-3.293
-3.293
-3.293
-3.293
-10.214
-3.293
-4.748
-12.743
-9.522
-7.658
-7.658
-7.658
-8.42
-8.42
-10.335
-16.415
-5.424
-5.424
-5.424
-5.424
-5.424
-5.424
-5.424
-5.424
-5.424
-4.513
-3.293
-3.293
-3.293
-3.293
-3.293
-3.289
-3.289
-3.289
-3.289
-3.289
-3.277
-3.277
-3.277
-3.277
-3.277
-4.513
-3.292
-3.292
-3.263
-3.263
-3.293
-3.293
-3.293
-10.214
-3.293
-6.514
-6.514
-3.293
-10.748
-3.293
-5.609
-4.24
-4.24
-4.24
-6.514
-3.274
-3.278
-3.285
-3.285
-3.285
-3.289
-17.139
-17.139
-17.139
-3.293
-3.293
-5.609
-4.789
-4.789
-4.789
-4.789
-4.789
-17.139
-17.139
-17.139
-17.139
-17.139
-10.601
-10.601
-10.601
-17.139
-17.139
-6.289
-6.289
-6.289
-6.289
-6.289
-6.289
-6.289
-8.605
-6.289
-6.289
-17.139
-6.155
-6.46
-3.293
-3.293
-3.293
-3.293
-3.293
-3.293
-3.293
-3.293
-3.293
-3.293
-3.293
-3.293
-3.293
-3.293
-3.293
-3.293
-3.293
-3.293
-3.293
-3.293
-3.293
-3.293
-3.293
-3.293
-3.293
-3.293
-3.293
-3.293
-3.293
-3.293
-3.293
-16.667
-10.1
-16.667
-16.667
-19.53
-16.667
-3.179
-3.293
-3.293
-3.293
-3.293
-3.293
-3.293
-3.293
-3.293
-3.293
-3.293
-16.277
-10.213
-3.293
-6.289
-13.21
-16.667
-16.667
-3.291
-3.291
-3.291
-3.291
-3.291
-16.277
-16.277
-16.277
-16.277
-3.293
-4.666
-4.666
-3.292
-3.292
-3.292
-3.292
-3.252
-3.252
-3.293
-3.293
-4.748
-10.748
-10.748
-3.293
-13.608
-3.292
-3.292
-3.292
-6.155
-6.521
-13.064
-12.401
-10.714
-10.748
-10.748
-10.748
-10.748
-10.748
-4.666
-7.658
-24.122
-10.748
-10.748
-10.748
-10.748
-4.513
-4.513
-4.513
-3.293
-10.214
-10.214
-13.172
-10.214
-3.268
-3.268
-3.293
-10.214
-7.39
-7.39
-7.39
-3.292
-3.292
-3.292
-3.292
-3.292
-3.292
-16.277
-16.277
-16.277
-16.667
-16.667
-16.667
-6.521
-6.521
-9.763
336.377
-7.947
-3.293
-3.293
-3.293
-3.293
-3.293
-3.293
-3.293
-3.293
-10.601
-6.514
-3.17
-3.17
-6.46
-6.46
-6.46
-19.896
-6.516
-6.521
-6.521
-6.521
-6.521
-6.521
-6.521
-6.521
-6.521
-6.521
-6.521
-6.521
-6.521
-6.155
-6.46
-3.293
-3.208
-3.208
-3.293
-3.293
-3.293
-3.293
-3.293
-3.291
-3.291
-3.291
-3.291
-3.291
-3.291
-3.291
-3.293
-3.293
-3.293
-16.667
-6.46
-16.277
-16.277
-16.277
-16.277
-16.277
-16.277
-16.277
-16.277
-4.666
-17.522
-17.522
-17.522
-17.522
-17.522
-17.522
-10.6
-3.293
-16.667
-6.155
-3.293
-3.29
-3.29
-13.206
-4.24
-4.24
-16.667
-16.667
-16.277
-16.277
-16.277
-16.277
-16.277
-16.277
-16.277
-16.277
-16.277
-16.277
-16.277
-4.513
-4.513
-3.293
-3.293
-3.293
-3.293
-11.2
-3.293
-3.293
-3.293
-3.293
-3.293
-3.293
-3.293
-3.293
-3.293
-3.293
-3.293
-3.293
-3.293
-3.293
-3.293
-3.293
-4.513
-7.735
-6.289
-6.289
-6.289
-6.289
-6.289
-10.601
-4.24
-3.293
-6.289
-6.289
-6.289
-6.289
-9.154
-4.789
-10.214
-3.291
-3.291
-3.291
-3.291
-3.291
-3.205
-3.205
-7.463
-21.53
-7.463
-7.463
-7.463
-7.463
-7.463
-7.463
-7.463
-7.463
-21.53
-7.463
-7.463
-18.772
130.011
74.492
-17.36
-17.36
-17.36
-17.36
-17.36
-17.36
-17.36
-17.36
-17.36
-17.36
-17.36
-17.36
-17.36
-17.36
-17.36
-17.36
-17.36
-17.36
-3.983
-3.293
-4.256
-4.256
-4.946
-3.983
-4.256
-4.946
-3.293
-20.559
-3.293
-3.293
-3.932
-3.932
-3.932
-3.293
-3.293
-4.256
-4.256
-4.256
-4.256
-4.256
-4.256
-4.256
-7.889
-7.889
-11.618
-4.256
-4.256
-4.256
-4.256
-3.624
-7.562
-6.926
-4.513
-4.513
-3.293
-3.285
-3.29
-3.29
-6.289
-3.293
-3.293
-3.293
-6.926
-6.926
-6.926
-6.926
-6.926
-6.926
-6.926
-6.926
-6.926
-6.926
-6.926
-6.926
-6.926
-6.926
-6.926
-6.926
-5.609
-6.155
-6.155
-6.155
-6.155
-6.155
-6.155
-6.155
-4.789
-3.293
-3.293
-3.293
-3.293
-3.293
-3.293
-3.293
-4.666
-3.293
-3.293
-3.293
-3.293
-3.293
-3.293
-3.293
-3.293
-7.658
-3.292
-4.748
-3.837
-3.837
-3.837
-3.293
-3.293
-3.293
-3.293
-3.293
-3.293
-3.293
-3.293
-3.293
-3.293
-3.293
-3.293
-3.293
-3.293
-5.609
-5.609
-5.609
-10.619
-10.619
106.169
-10.619
-10.619
-10.619
-11.2
-11.291
-6.288
-6.289
-3.293
-6.794
-3.193
-3.193
-4.513
-4.513
-4.513
-4.513
-7.735
-7.735
-12.101
-6.289
-6.289
-6.289
-6.289
-6.289
-10.654
-6.289
-6.289
-6.289
-6.289
-3.292
-3.292
-3.292
-3.292
-3.292
-3.292
-3.292
-3.292
-7.658
-10.214
-10.214
-7.658
-7.658
-7.658
-3.292
-3.292
-3.292
-3.292
-3.292
-3.292
-3.293
-7.658
-9.87
-3.293
-3.293
-3.293
-3.293
-7.658
-7.658
-4.666
-4.666
-3.293
-6.959
-6.994
-6.994
-3.293
-6.994
-3.293
-8.204
-8.204
-8.204
-7.658
-7.658
-7.658
-3.292
-3.292
-3.292
-6.514
-6.514
-6.514
-3.293
-3.293
-3.293
-3.293
-3.293
-3.293
-3.293
-10.601
-10.601
-10.601
-10.601
-10.601
-10.601
-10.601
-7.658
-7.658
-7.658
-10.214
-10.214
-8.336
-4.586
-4.586
-4.586
-4.586
-4.586
-4.586
-8.204
-8.204
-10.214
-3.293
-3.293
-3.293
-3.293
-3.293
-3.293
-3.293
-3.293
-3.293
-10.214
-10.214
-10.214
-10.214
-6.514
-3.293
-3.293
-3.293
-6.46
-16.667
-16.667
-16.667
-16.667
-16.667
-6.514
-6.514
-3.293
-3.293
-3.293
-3.293
-6.155
-3.293
-4.872
-17.857
-4.872
-4.872
-17.857
-17.857
-17.857
-4.872
-4.872
-4.872
-4.872
-4.872
-4.872
-4.872
-4.872
-4.872
-4.872
-16.277
-16.277
-16.277
-16.277
-16.277
-16.277
-16.277
-16.277
-16.277
-16.277
-16.277
-16.277
-16.277
-16.277
-16.277
-16.277
-16.277
-16.277
-16.277
-16.277
-16.277
-16.277
-16.277
-16.277
-16.277
-16.277
-16.277
-16.277
-16.277
-16.277
-16.277
-16.277
-16.277
-16.277
-16.277
-16.277
-16.277
-16.277
-16.277
-16.277
-16.277
-16.277
-16.277
-16.277
-16.277
-16.277
-16.277
-16.277
-16.277
-16.277
-16.277
-16.277
-16.277
-16.277
-16.277
-16.277
-16.277
-16.277
-16.277
-16.277
-16.277
-16.277
-16.277
-16.277
-16.277
-16.277
-16.277
-16.277
-16.277
-16.277
-7.658
-7.658
-7.658
-7.658
-7.658
-10.521
-10.521
-10.521
-3.21
-3.21
-3.293
-3.272
-3.272
-3.272
-3.272
-6.155
-6.155
-6.155
-6.155
-6.46
-6.46
-6.46
-6.46
-6.46
-6.46
-6.46
-6.46
-6.46
-6.46
-6.46
-6.46
-6.46
-6.46
-6.46
-6.46
-6.46
-3.293
-3.293
-3.293
-3.293
-3.217
-3.217
-3.217
-3.29
-3.29
-3.29
-3.29
-3.29
-3.293
-3.293
-3.293
-3.293
-3.293
-3.293
-3.293
-3.293
-3.293
-3.293
-3.293
-3.293
-3.293
-3.293
-3.293
-3.293
-3.293
-3.293
-3.293
-3.293
-3.293
-3.293
-3.293
-3.293
-3.293
-3.293
-3.293
-3.293
-3.293
-3.293
-12.387
-4.789
-4.789
-4.789
-4.789
-4.789
-4.789
-4.789
-4.789
-4.789
-4.789
-4.789
-4.789
-4.789
-4.789
-4.789
-4.789
-4.789
-4.789
-4.789
-4.789
-4.789
-4.789
-4.789
-4.789
-4.789
-4.789
-4.789
-3.264
-3.264
-3.264
-3.264
-8.204
-22.05
-8.204
-8.204
-8.204
-8.204
-8.204
-8.204
-8.204
-8.204
-8.204
-8.204
-8.204
-8.204
-8.204
-8.204
-8.204
-9.151
-17.139
-10.214
-3.293
-3.293
-3.293
-3.202
-3.929
-6.155
-6.155
-3.293
-10.214
-10.214
-10.892
-3.293
-3.293
-3.293
-3.293
-3.293
-3.293
-3.293
-3.293
-3.293
-3.252
-3.252
-3.293
-3.293
-3.293
-3.293
-3.293
-3.293
-3.293
-3.293
-3.293
-5.609
-5.609
-5.609
-5.609
-5.609
-5.609
-5.609
-5.609
-5.609
-5.609
-5.609
-5.609
-5.609
-5.609
-5.609
-5.609
-5.609
-5.609
-5.609
-5.609
-5.609
-5.609
-5.609
-5.609
-5.609
-5.609
-5.609
-5.609
-5.609
-3.267
-3.267
-3.267
-3.267
-3.929
-3.929
-3.929
-3.929
-3.929
-4.666
-4.666
-4.666
-10.601
-10.601
-10.601
-19.822
-10.892
-10.892
-10.892
-10.892
-3.293
-3.293
-3.293
-3.293
-16.667
-16.667
-16.667
-16.667
-16.667
-16.667
-16.667
-16.667
-16.667
-3.293
-6.514
-3.291
-3.291
-3.291
-3.291
-3.291
-3.291
-10.214
-10.214
-3.293
-3.293
-3.293
-3.293
-3.293
-3.293
-3.293
-3.293
-3.293
-3.293
-3.293
-3.293
-3.293
-3.293
-3.293
-3.293
-3.293
-3.293
-3.293
-3.293
-17.134
-3.289
-3.289
-3.289
-3.289
-17.139
-17.139
-17.139
-3.292
-3.292
-10.214
-10.214
-10.214
-10.214
-10.214
-10.214
-10.214
-10.214
-10.214
-4.24
-4.24
-4.24
-4.24
-4.24
-4.24
-3.293
-3.293
-3.293
-3.293
-17.522
-17.522
-17.522
-17.139
-17.139
-3.293
-3.293
-3.293
-3.293
-10.214
-10.214
-10.214
-10.214
-10.214
-10.214
-10.214
-10.214
-10.214
-10.214
-10.214
-10.214
-3.293
-3.293
-10.601
-10.601
-10.601
-6.155
-6.155
-6.155
-6.155
-6.155
-6.155
-6.155
-6.155
-6.155
-6.155
-6.155
-6.155
-6.155
-6.155
-6.155
-3.292
-3.292
-10.892
-10.892
-30.875
-10.892
-10.892
-17.139
-10.892
-10.892
-10.892
-10.892
-10.892
-16.277
-3.293
-3.293
-3.293
-3.293
-3.293
-3.293
-3.293
-3.293
-3.293
-3.293
-3.293
-3.293
-3.293
-3.293
-3.293
-3.293
-3.293
-3.293
-3.293
-3.293
-3.293
-3.293
-3.293
-17.139
-3.293
-3.293
-3.293
-3.293
-3.293
-3.293
-3.293
-3.293
-3.293
-10.601
-10.601
-10.601
-3.293
-3.162
-15.799
-20.559
85.062
-8.04
-3.293
-3.196
-3.293
515.759
-15.812
-3.293
-3.293
-3.293
-3.293
-3.293
-3.293
-17.139
-17.139
-17.139
-17.139
-3.292
-3.292
-3.292
-3.293
-3.293
-3.293
-3.293
-3.293
-3.293
-16.277
-16.277
-3.293
-3.288
-3.288
-3.288
-3.189
-3.189
-3.292
-3.292
-3.292
-3.292
-3.292
-12.75
-12.75
-12.75
-12.75
-12.75
-12.75
-12.75
-12.75
-12.75
-12.75
-12.75
-12.75
-4.456
-17.961
-5.444
-5.444
-10.892
-10.892
-10.892
-10.892
-10.892
-10.892
-10.892
-10.892
-10.892
-10.892
-10.892
-10.892
-10.892
-10.892
-10.892
-10.892
-10.892
-10.892
-10.892
-10.892
-10.892
-10.892
-10.892
-10.892
-26.543
-19.822
-19.822
-10.892
-19.822
-10.892
-25.179
-10.892
-10.892
-10.892
-19.822
-10.892
-10.892
-19.822
-10.892
-10.892
-10.892
-11.629
-3.293
-3.293
-0.947
-3.293
-3.292
-3.292
5.108
2006.42
-12.222
-12.222
-12.222
-12.222
-12.222
-12.222
-12.222
-12.222
-17.579
-11.84
11.541
-8.938
-6.623
-5.617
-19.405
-14.346
-14.346
-12.222
-10.014
-10.014
-18.943
-10.014
-18.561
-10.014
-10.014
-10.014
-10.014
-10.014
-18.943
-10.014
-10.014
-10.014
-10.014
-10.014
-12.222
-12.222
-12.222
-12.222
-12.222
-12.222
-12.222
-12.222
-12.222
-12.222
-12.222
-12.222
-12.222
-12.222
-12.222
-12.222
-12.222
-12.222
-12.222
-12.222
-12.222
-12.222
-12.222
-12.222
-12.222
-12.222
-12.222
-12.222
-12.222
-12.222
-12.222
-12.222
-12.222
-12.222
-12.222
-16.275
-12.222
-12.222
-10.826
-12.222
-12.222
-12.222
-12.222
-12.222
-12.222
-12.222
-12.222
-12.222
-12.222
-12.222
-12.222
-12.222
132.304
-19.903
-23.275
-17.579
-17.579
-17.579
-17.579
-17.579
-17.579
-17.579
-17.579
-17.579
-12.222
-12.222
-12.222
-11.84
-8.65
-3.293
-12.222
-12.222
-12.222
-12.222
-12.222
-12.222
-12.222
-12.222
-12.222
-12.222
-12.222
-12.222
-12.222
-12.222
-12.222
-12.222
-12.222
-12.222
-12.222
-12.222
-12.222
-12.222
-12.222
-12.222
-12.222
-12.222
-12.222
-12.222
-12.222
-12.222
-12.222
-12.222
-12.222
-17.139
-17.139
-17.139
-17.139
-17.139
-17.139
-12.75
-12.75
-12.75
-12.75
-12.75
-12.75
-15.72
-15.72
-12.75
-12.75
-14.903
-12.75
-12.75
-12.75
-12.75
-12.75
-12.75
-12.75
-12.75
-12.75
-12.75
-12.75
-12.75
-12.75
-12.75
-14.903
-12.75
-12.75
-12.75
-12.75
-12.75
-12.75
-12.75
-12.75
-12.75
-30.016
-12.75
-17.498
-12.75
-15.72
-15.72
-15.72
-15.72
-15.72
-15.72
-15.72
-15.72
-15.72
-15.72
-15.72
-15.72
-15.72
-14.341
-3.137
-3.162
-15.681
-3.227
24.091
-3.227
-3.29
-3.29
238.296
-16.974
-5.498
-6.262
60.322
-20.558
-15.795
1626.319
-20.553
-20.558
-8.04
-20.558
-20.509
-8.04
-20.558
-20.559
-6.412
-8.04
-20.559
182.679
526.807
-8.04
-20.559
-20.556
-20.558
-8.04
-8.04
-8.04
-8.04
12.09
-15.81
-3.292
-15.81
-3.292
-3.291
-15.808
-3.292
-3.292
-3.292
-15.81
-3.29
-3.29
-16.975
3041.545
-3.293
-3.293
-3.293
-15.812
-15.812
-8.04
-7.926
-8.04
-8.04
-8.04
-8.04
-7.926
-8.04
-4.24
-4.586
-4.586
-4.586
-3.28
-3.28
-3.28
-3.28
-3.293
-3.293
-3.293
-3.293
-3.293
-3.293
-3.293
41.255
-14.441
-4.717
-4.717
-4.717
-4.717
-14.82
-14.814
71.147
-14.821
-14.814
-14.821
55.449
-13.029
-13.029
-13.029
-13.029
-13.029
-13.029
-13.029
-9.512
-5.191
-9.521
-9.521
-5.185
-5.185
-5.185
-5.185
-7.156
-7.156
-7.156
-7.156
-7.156
-7.156
-7.623
-7.623
-7.623
-10.619
-10.619
-10.619
-3.293
-3.293
-3.293
-3.293
-3.293
-3.293
-3.293
-8.364
-8.364
-8.364
-16.277
-3.293
-3.293
-7.39
-7.39
-7.39
-7.39
-7.39
-7.39
-7.39
-7.39
-7.39
-7.39
-7.39
-7.39
-7.39
-7.39
-7.39
-7.39
-7.39
-7.39
-7.39
-7.39
-7.39
-7.39
-7.39
-7.39
-7.39
-7.39
-7.39
-7.39
-7.39
-7.39
-7.39
-7.39
-7.39
-7.39
-7.39
-7.39
-7.39
-7.39
-7.39
-7.39
-7.39
-7.39
-7.39
-7.39
-7.39
-7.39
-7.39
-7.39
-7.39
-7.39
-7.39
-7.39
-7.39
-7.39
-7.39
-7.39
-7.39
-7.39
-7.39
-7.39
-7.39
-7.39
-7.39
-7.39
-7.39
-7.39
-7.39
-7.39
-7.39
-7.39
-7.39
-17.139
-17.139
-25.456
-17.139
-17.139
-17.139
-17.139
-17.139
-17.139
-17.139
-17.139
-17.139
-17.139
-3.929
-3.929
-3.293
-10.601
103.777
-7.014
-3.292
-3.292
-3.292
-3.292
-3.292
-3.292
-11.84
-11.84
-12.703
-10.475
-10.475
-10.475
-23.722
-10.976
-9.387
-9.387
-8.65
99.153
-12.703
-12.703
-3.293
-14.346
-3.293
-3.293
-3.293
-3.293
-3.293
-3.293
-3.293
-3.293
-3.293
-3.293
-3.293
-14.346
-14.346
-14.346
-14.346
-20.872
-14.346
-14.346
-19.417
-3.293
-3.293
-14.346
-14.346
-14.346
-14.346
-14.346
-14.346
-14.346
-19.417
17.999
-14.346
-9.819
-4.748
-4.748
-4.748
8.212
-14.346
-14.346
-14.346
-19.417
-14.346
-14.346
-14.346
-14.346
-14.346
-14.346
-14.346
-14.346
-14.346
-14.346
-14.346
-14.346
-14.346
-3.293
-10.886
-10.886
-10.886
-10.886
-10.886
-10.886
-10.886
-10.886
-10.886
-5.068
-5.068
-5.068
-5.068
-6.155
-6.155
-3.293
-9.711
-6.994
-6.994
-6.994
-6.994
-6.994
-14.815
-15.541
-3.267
-3.267
-3.267
-3.267
-3.293
-3.293
-16.277
-16.277
-16.277
-16.277
-16.277
-7.014
-7.014
-7.014
-8.178
-8.178
-7.014
-5.607
13.319
-5.607
-3.779
-12.222
2.534
-5.443
-5.443
-5.443
-13.712
-3.293
-8.364
-8.364
-8.364
-8.364
-8.364
-8.364
-8.364
-20.559
-20.559
-20.559
-20.559
-20.559
-20.559
-15.763
-15.812
-15.812
-15.812
-15.812
-15.812
-15.812
-15.812
-15.812
-15.812
-15.812
-15.812
-5.826
9.934
-9.157
-16.277
-16.277
-16.277
-16.277
-16.277
-16.277
-16.277
-16.277
-16.277
-16.277
-16.277
-16.277
-16.277
-16.277
-16.277
-16.277
-16.277
-16.277
-16.277
-16.277
-16.277
-16.277
-16.277
-16.277
-16.277
-16.277
-16.277
-16.277
-16.277
-16.277
-16.277
-16.277
-16.277
-16.277
-16.277
-16.277
-16.277
-16.277
-3.293
-3.293
-3.293
-3.293
-3.293
-3.293
-3.293
-3.269
-3.293
-3.293
-9.819
-3.293
-3.293
-3.293
-3.293
-3.293
-3.293
-3.293
-4.748
-3.293
-3.293
-3.293
-3.293
-3.293
-3.293
-3.293
-4.453
-4.453
-16.905
-3.287
-13.751
-15.812
-15.81
-9.819
-9.819
-9.819
-9.819
-9.819
-9.819
-9.819
-14.346
-14.346
1.203
-8.364
-8.364
-3.293
37.689
-3.293
-3.293
-3.293
-3.293
-3.293
-3.293
-3.293
-3.293
-8.364
-3.293
-14.346
-14.346
-14.346
-14.346
-14.346
-14.346
-14.346
-14.346
-14.346
-14.346
-14.346
-3.293
-3.293
-3.277
-3.277
-3.277
-4.748
-3.395
-14.346
-14.346
-14.346
-14.346
-14.346
-14.346
-14.346
-3.293
-3.293
-3.293
-3.293
-3.27
-3.27
-3.27
-17.139
-3.293
171.931
-11.61
-11.61
-11.61
-11.61
-11.61
-11.61
-11.61
-11.61
-5.115
-5.115
-5.118
-10.552
-10.552
-10.552
-3.285
-20.559
-8.04
7.665
-8.04
-3.293
-3.293
-3.293
-3.291
-3.293
-5.617
-5.617
-14.545
-5.617
-5.617
-5.619
-12.222
-12.222
-12.222
-12.222
-12.222
33.665
-9.785
-9.785
-9.785
841.276
-12.479
-16.345
-12.479
-12.479
-12.479
-12.479
-12.479
-12.479
27.311
-6.386
-6.386
-6.389
-6.389
-2.387
-5.272
-5.272
-5.272
-11.993
-5.272
-5.272
-5.272
-10.014
-10.014
-10.014
-10.014
-10.014
-6.514
-3.293
-3.293
-3.293
-10.552
-10.552
-10.552
-10.552
-10.552
-10.552
-10.552
-10.552
-10.552
-10.552
-6.514
-11.786
-11.84
-11.84
-11.84
1.118
-11.84
-11.84
-11.84
-11.84
-11.84
-11.84
-4.24
-4.24
-3.293
-16.345
-16.345
210.511
-16.345
-12.479
-12.479
-12.479
-12.479
-16.345
-12.479
-16.728
-16.728
-16.345
-16.345
-16.345
-16.345
-16.345
-16.345
-16.345
-16.345
-12.479
-16.345
-16.345
-16.345
-16.345
-16.345
-16.345
-16.345
-16.345
-16.345
-16.345
-16.345
-16.345
-16.345
-16.345
-16.345
-16.345
-16.345
-16.345
-16.345
-16.345
-16.345
-16.345
-16.345
-16.345
-16.345
-12.479
-12.479
-12.479
-12.479
-12.479
-12.479
-12.479
-7.541
-7.541
-7.541
-7.541
-7.541
-7.541
-7.541
-7.541
-7.541
-7.541
33.681
-7.541
-7.541
6.143
-7.541
-7.541
-7.541
-7.541
-3.293
-10.014
-10.014
-11.84
-11.84
-11.84
-11.84
-11.84
-11.84
-12.222
-12.222
-12.222
-4.748
-4.748
-4.748
-4.748
-4.748
-12.222
-12.222
-12.222
-12.222
-12.222
-12.222
-12.222
-12.222
-12.222
-12.222
-12.222
-12.222
-12.222
-12.222
-12.222
-12.222
-12.222
-12.222
-12.222
-12.222
-3.293
-7.011
-14.346
-14.346
-14.346
-14.346
-14.346
-14.346
-14.346
-14.346
-14.346
-14.346
-14.346
-14.346
-14.346
-14.346
-14.346
-14.346
-14.346
-14.346
-14.346
-14.346
-14.346
-14.346
-14.346
-14.346
-14.346
-14.346
-14.346
-14.346
-14.346
-14.346
-14.346
-14.346
-14.346
-14.346
-14.346
-14.346
-14.346
-15.801
-14.346
-14.346
-14.346
-14.346
-14.346
-14.346
-14.346
-14.346
-14.346
-14.346
-14.346
-14.346
-14.346
-14.346
-14.346
-14.346
-14.346
-14.346
-14.346
-14.346
-14.346
-14.346
-14.346
-14.346
-14.346
-14.346
-14.346
-14.346
-14.346
-14.346
-14.346
-14.346
-14.346
-14.346
-14.346
-14.346
-14.346
-14.346
-14.346
-14.346
-14.346
-14.346
-14.346
-14.346
-14.346
-14.346
-14.346
-14.346
-14.346
-14.346
-14.346
-14.346
-14.346
-14.346
-14.346
-15.801
-14.346
-14.346
-14.346
-14.346
-14.346
-14.346
-14.346
-14.346
-14.346
-14.346
-14.346
-14.346
-14.346
-14.346
-14.346
-14.346
-14.346
-14.346
-14.346
-14.346
-19.094
-14.292
-14.346
-3.257
-3.257
-3.257
-11.84
-11.84
-11.84
-3.293
-3.293
-3.293
-3.293
-3.293
-8.364
-3.293
-3.215
-3.215
-8.364
-8.364
-4.748
-4.748
-4.748
-4.748
-4.748
-4.748
-9.819
7.531
7.531
-5.933
-5.933
-5.933
-14.284
-14.284
-14.284
-14.284
-14.284
-7.985
-3.287
-3.287
-3.287
-3.287
-3.293
-3.293
-8.04
-20.546
44.775
-20.546
-8.027
-3.293
-8.035
-3.29
-3.29
-15.807
-8.04
-8.04
-8.04
-8.04
-20.559
-20.559
-8.04
-8.04
-7.991
-3.254
-20.557
-15.763
-15.763
-20.559
-3.257
-3.257
-3.257
-3.244
-20.559
-3.293
-3.293
-3.293
-3.293
-8.04
-20.559
-20.557
-20.559
-20.559
-20.559
-8.04
-8.04
-8.04
-20.559
-20.559
-20.559
-20.559
-3.293
-8.04
-3.293
-15.812
-3.293
-20.539
-20.559
-20.559
-20.557
-20.557
-3.29
-3.293
-3.293
-3.293
-15.812
-20.559
-8.04
-8.04
-3.293
-15.812
-3.293
-3.293
-3.293
-3.293
-15.812
-3.293
-3.293
-3.293
-20.559
-20.559
-20.559
-20.559
-20.559
-20.559
-20.559
-20.559
-20.559
-20.559
-20.559
-20.559
-20.559
-20.559
-20.559
-20.559
-20.559
-20.559
-20.559
-20.559
-20.559
-20.559
-20.559
-20.559
-20.559
-20.559
-20.559
-20.559
-20.559
-20.559
-8.04
-20.445
-8.04
-8.04
-8.04
-3.293
-3.293
-3.293
-3.293
-3.293
-8.04
-8.04
-20.559
-8.04
-20.559
-6.875
-15.812
-3.293
-3.293
-3.293
-3.293
-3.293
-3.228
-3.293
-15.811
-3.293
-3.293
-3.293
-15.809
-15.809
-15.812
-15.812
-15.812
-15.812
-15.812
-15.812
-15.812
-15.812
-15.812
-15.812
-15.812
-15.812
-15.812
-20.559
-15.812
-15.812
-15.812
-15.812
-15.812
-15.812
-15.812
-15.812
-15.812
-15.812
-15.812
-15.812
-15.812
-15.812
-8.04
-3.293
-3.293
-3.293
-15.812
-3.293
-3.293
-3.293
-3.293
-3.293
-3.293
-3.293
-3.293
-3.293
-8.04
-20.559
-8.04
-8.04
-8.04
-8.04
-8.04
-8.04
-8.04
-8.04
-20.559
-20.559
-8.04
-15.809
-15.812
-15.812
-15.812
-20.559
-15.812
-15.812
-15.812
-15.812
-15.812
-15.812
-15.812
-5.915
-20.559
-7.975
-3.293
-15.812
-15.812
-15.812
-15.812
-15.812
-15.812
-3.293
-3.293
-3.293
-3.293
-3.293
-3.293
-15.811
-3.293
-3.293
-3.293
-3.293
-3.293
-3.293
-3.293
-3.293
-3.293
-3.293
-8.04
-8.04
-3.293
-3.293
-3.293
-20.557
-8.038
-8.038
-8.038
-3.291
-3.291
-3.291
-15.809
-15.809
-3.291
-3.291
-3.291
-3.291
-15.809
-3.291
-8.04
-8.04
-8.04
-8.04
-8.04
-8.04
-8.04
-8.04
-3.293
-3.293
-3.293
-3.293
-7.346
-7.346
-7.346
-7.346
-3.632
-3.632
-3.632
-3.293
-3.293
-7.346
-7.346
-13.029
-13.029
-13.029
-13.029
-13.029
-13.029
-13.029
-13.029
-13.029
-13.029
-13.029
-13.029
-13.029
-13.029
-13.029
-13.029
-13.029
-13.029
-13.029
-13.029
-13.029
-13.029
-13.029
-13.029
-13.029
-13.029
-13.029
-13.029
-13.029
-13.029
-13.029
-13.029
-13.029
-13.029
-13.029
-13.029
-13.029
-13.029
-13.029
-13.029
-13.029
-13.029
-13.029
-13.029
-13.029
-13.029
-13.029
-13.029
-13.029
-13.029
-13.029
-13.029
-13.029
-13.029
-13.029
-13.029
-13.029
-13.029
-13.029
-13.029
-13.029
-13.029
-13.029
-13.029
-13.029
-13.029
-13.029
-13.029
-13.029
-13.029
-13.029
-13.029
-13.029
-13.029
-13.029
-13.029
-13.029
-13.029
-13.029
-13.029
-13.029
-13.029
-13.029
-13.029
-13.029
-13.029
-13.029
-13.029
-13.029
-13.029
-13.029
-13.029
-13.029
-13.029
-13.029
-13.029
-13.029
-13.029
-13.029
-13.029
-13.029
-13.029
-13.029
-13.029
-13.029
-13.029
-13.029
-13.029
-13.029
-10.601
-10.601
-3.244
-3.244
-10.601
-10.601
-8.04
-8.04
-8.04
-20.559
-8.04
-8.04
-8.04
-8.04
-8.04
-8.04
-8.04
-8.04
-8.04
-8.04
-8.04
-8.04
-20.559
-8.04
-8.04
-8.04
-8.04
-8.04
-8.04
-8.04
-8.04
-20.559
-20.559
-8.04
-8.04
-8.04
-8.04
-8.04
-8.04
-8.04
-8.04
-8.04
-8.04
-8.04
-8.04
-8.04
-8.04
-8.04
-8.04
-8.04
-8.04
-8.04
-8.04
-8.04
-8.04
-8.04
-8.04
-8.04
-8.04
-15.698
-15.812
-15.812
-15.812
-15.812
-15.812
-15.812
-15.812
-15.812
-15.812
-15.812
-15.812
-3.293
-15.812
-15.812
-15.812
-15.812
-15.812
-15.812
-15.812
-15.812
-15.812
-15.812
-15.812
-15.812
-15.812
-15.812
-15.812
-15.812
-15.812
-15.812
-3.236
-3.236
-15.812
-15.812
-15.812
-15.812
-15.812
-15.812
-15.812
-15.812
-15.812
-15.812
-15.812
-15.812
-15.812
-15.812
-15.812
-15.812
-15.812
-15.812
-15.812
-15.812
-15.812
-15.812
-15.812
-15.812
-15.812
-15.812
-15.812
-15.812
-15.812
-15.812
-3.293
-3.293
-3.293
-3.285
-3.285
-3.285
-3.285
-3.293
-3.292
-3.292
-3.292
-15.812
-15.812
-15.812
-15.812
-15.812
-15.812
-3.293
-15.812
-15.812
-15.812
-15.812
-15.812
-15.812
-15.812
-15.812
-15.812
-15.812
-15.812
-15.812
-15.812
-15.812
-15.812
-15.812
-15.812
-15.812
-15.812
-15.812
-15.812
-15.812
-15.812
-12.222
-12.222
-12.222
-12.222
-12.222
-3.293
-8.364
-8.364
-3.293
-4.748
-3.293
-11.84
-11.84
-11.84
-11.84
-11.84
-11.84
-11.84
-11.84
-11.84
-11.84
-11.84
-11.84
-11.84
-11.84
-11.84
-11.84
-11.84
-11.84
