-11.341
-11.341
-11.341
-11.341
114.092
63.957
-26.971
26.603
-11.341
-11.341
315.285
-21.679
-21.679
-24.913
-21.679
-7.995
-7.995
-21.679
-21.679
-21.679
-21.548
5.279
-11.341
-11.341
-11.341
-15.872
24.404
10.656
-16.12
280.6
-16.252
-16.252
-3.293
-3.293
-16.137
-16.137
-16.137
-3.293
-3.293
-16.252
-16.252
-3.293
-16.252
-16.252
-16.252
-16.252
-1.761
-16.252
-16.252
-16.252
-21.863
5.01
9.618
-34.623
-34.623
-34.623
6.372
63.451
170.193
-34.623
-29.814
-50.402
-34.623
25.168
-34.623
-34.623
58.178
-34.623
126.951
-14.121
-14.121
68.035
-0.436
-14.121
-14.121
-14.121
-14.121
-14.121
-14.121
-14.121
-23.277
97.552
-25.748
-5.21
-35.025
-18.018
-9.467
-33.963
-9.467
-9.467
-9.467
-9.467
-9.467
-3.293
174.041
-19.384
-20.132
1.236
-12.449
-12.449
-15.195
14.842
-12.449
-12.449
-12.449
-20.697
517.59
-21.876
-15.152
-21.482
-14.92
-14.92
-14.92
-14.92
-14.92
-14.92
-14.053
-14.053
112.704
-14.053
-14.053
11.83
72.561
121.874
8.396
-18.712
-18.712
-18.712
-18.582
-25.377
-25.377
-25.377
-25.377
-15.102
-25.377
-15.102
69.799
-25.377
-25.377
-25.377
-13.684
-23.959
399.406
-20.883
-20.977
-20.977
-20.977
-22.382
-6.49
-9.661
-9.661
3.584
-14.015
-3.293
69.342
17.21
441.075
-12.867
-3.293
1.32
-14.113
-23.685
-14.113
-14.113
-10.58
-18.155
-18.155
-6.825
-6.825
-25.076
-12.867
-12.867
-12.867
-12.867
-21.572
-12.867
-12.867
104.69
134.559
-21.572
-18.47
-21.572
-12.867
-18.47
-12.867
-21.572
-21.572
-18.47
-12.867
-12.867
-18.47
-18.47
-12.867
-12.867
-18.47
-21.572
-9.705
22.544
-18.47
-12.867
8.711
-18.47
-7.575
-18.47
-12.867
-15.969
-12.867
-21.572
-21.572
-12.867
-12.867
-4.54
257.324
-23.483
-23.483
-23.483
-23.483
3.107
-17.415
-14.193
-14.193
-14.193
-14.193
49.721
-14.193
-14.193
12.618
-8.904
-17.178
26.914
-9.496
-3.251
-3.251
79.063
46.036
4.18
-11.538
-22.267
-22.267
-8.65
-8.65
-3.273
-3.273
-3.273
-7.579
19.79
-22.036
59.287
16.305
-15.928
-12.612
-20.876
-24.41
60.509
6.116
-7.579
-9.391
-9.391
-17.913
45.682
-2.174
-10.461
-10.461
-10.461
-10.461
-10.461
16.787
-10.461
-10.461
-10.461
-10.461
-10.461
-10.461
-10.461
-10.461
-10.461
-10.461
-10.461
35.05
-9.649
136.56
-13.899
-13.899
-0.214
110.524
217.53
-29.879
-27.753
206.438
8.632
19.522
-12.051
-24.038
4.559
-9.124
-17.326
-9.126
-9.126
-24.559
-27.655
-10.268
-13.364
-13.364
28.569
-5.164
-17.271
53.835
-13.246
93.1
-24.451
-5.646
-5.646
-5.646
-5.646
-5.646
-5.646
-16.83
-15.653
-5.646
8.423
768.308
-16.962
-18.343
-18.343
-18.042
-18.343
-18.343
-18.343
57.898
-18.343
-18.343
-18.343
-18.343
-13.059
-13.059
-18.343
-18.343
-13.059
-13.059
-9.445
-3.293
-13.059
-13.059
-13.059
-22.832
-3.293
-28.502
153.351
-18.209
-28.502
-9.181
5.256
-25.862
-13.059
-13.059
-13.059
-28.502
-21.959
-32.404
-21.959
-31.127
-13.059
-13.059
9.298
-13.059
-13.059
-31.127
-13.059
-13.059
27.955
-21.959
-21.959
-21.959
-21.959
-32.405
-32.405
-28.502
-28.502
-13.059
-16.962
-13.059
68.968
-12.556
-13.058
-13.059
-13.059
-13.059
-13.059
-13.059
-13.059
-13.059
-13.059
-13.059
-13.058
-16.962
-13.059
0.626
-16.962
-13.059
-13.059
-13.059
-13.059
-21.361
-7.145
174.258
-7.196
32.574
26.698
-14.236
-15.072
16.386
-12.026
0.345
-14.429
-9.729
-9.729
-9.729
79.523
-9.746
-17.606
-35.452
46.197
-12.072
-13.067
-13.067
28.61
7.019
-12.193
-26.835
-14.889
-12.193
-12.193
-5.224
-12.193
-12.193
-12.193
-12.193
-12.193
-12.193
-12.193
-12.193
-12.193
-12.193
-12.193
-3.293
-3.129
-11.181
99.64
-10.742
-3.241
-3.241
-7.196
-7.196
-7.196
52.149
-5.145
-11.854
-7.562
-3.279
-3.279
-3.279
-7.196
-7.196
-7.196
-3.292
-3.292
-3.292
-3.292
-3.292
-3.292
-3.293
-7.196
-7.196
-7.196
-7.196
-7.196
-7.196
-6.408
-12.068
14.022
-6.416
30.479
-12.925
-12.925
57.945
-10.923
-11.303
-11.303
-11.303
-11.303
-11.303
-11.303
-11.303
-11.303
-11.303
-2.225
-6.787
-2.225
-6.787
-2.225
-6.787
-7.809
5.876
-7.809
-3.227
-3.227
-3.293
-3.293
-7.693
-7.693
-7.693
48.604
-7.693
-6.275
-6.275
-4.703
-4.703
-4.703
-4.703
-23.188
26.506
-13.568
-13.474
-13.474
-13.474
-13.568
-13.474
-13.474
-13.474
-13.474
-13.568
-13.568
-13.568
-13.568
-13.568
-13.568
-13.568
-7.828
11.962
-7.828
4.527
22.123
-17.979
-16.61
-17.217
-3.217
-12.517
-12.517
-12.517
-11.494
77.839
-22.113
-23.813
57.916
7.372
16.987
-37.73
-9.455
-9.455
110.545
-16.548
-16.548
-43.736
48.392
173.707
-10.385
-13.544
-13.544
16.957
-10.385
-10.385
-10.385
-10.385
81.874
82.577
-19.709
5.116
-3.293
-3.293
79.849
-16.387
-27.371
-13.01
52.86
31.467
-19.05
-17.166
-17.166
-17.166
0.28
70.612
-16.92
-3.697
-13.251
-13.251
-13.251
-13.251
-6.775
-6.775
-6.775
-6.776
-6.776
121.125
-23.577
-8.986
-20.714
20.013
1.83
-13.106
-4.831
-4.831
-4.831
-15.618
55.096
224.799
-12.64
-12.64
-12.64
-12.64
-12.64
-22.969
-22.969
-12.64
-12.64
-12.64
-12.64
1.044
-12.64
-12.64
-12.64
-12.64
69.466
-23.886
-12.546
-13.621
-3.293
-13.621
-13.621
-13.621
-13.621
-13.621
134.465
-12.787
-14.538
-14.538
-3.246
-3.246
8.163
-4.819
-13.063
-13.063
-13.063
-13.552
-13.063
-13.063
-20.769
-11.75
-14.506
-14.506
-14.506
-14.506
4.518
-3.317
-14.53
-24.475
-24.475
-24.475
-4.028
0.423
-13.262
13.927
-13.262
0.423
-17.512
-13.262
-13.262
-13.172
-21.795
0.423
-21.706
-13.262
-13.262
-13.262
13.199
-13.262
-6.451
-6.451
36.629
-8.254
-9.909
-8.254
-8.254
-8.254
-8.227
18.93
-1.095
-20.715
-20.715
-21.351
221.217
-18.801
-21.0
-9.942
-15.63
294.958
-6.798
-21.929
-23.473
-19.598
27.062
-9.942
-12.902
-9.942
-9.942
-9.942
-7.366
-3.293
-5.127
116.009
-28.99
-5.105
-5.105
-5.127
-11.797
24.681
-19.658
-13.185
-20.943
13.033
-13.185
-13.185
-13.185
-13.185
-16.942
7.35
-10.571
34.035
24.768
-10.06
24.329
-20.769
-10.42
-10.42
-10.42
-4.948
-13.641
-13.641
-16.257
73.233
193.768
-19.478
-8.528
-8.528
-3.241
-3.241
-18.614
-8.528
-8.528
-8.528
-8.528
137.762
-11.205
-11.205
-11.205
-11.205
-11.205
-11.205
-11.205
-11.205
-13.047
-19.587
-19.587
-11.205
-11.205
-19.587
-19.587
-19.587
195.154
-11.674
-11.615
-3.293
-19.073
23.228
-19.073
-29.371
-5.389
-19.073
-19.073
-19.073
-19.073
-19.073
-16.622
-9.513
-11.674
-11.674
-11.674
-11.674
-11.674
-11.674
-11.674
-11.674
-11.674
-15.28
-15.28
-6.615
-15.843
23.987
-3.292
-4.721
-15.843
-15.843
8.888
-4.836
-4.836
-14.299
-17.529
-14.299
-15.28
-15.28
-17.529
-17.529
-17.529
-11.974
-11.974
-11.974
-11.974
103.934
3.106
3.106
-3.304
-3.293
5.028
17.236
-9.513
-3.293
-6.94
-6.94
-3.219
-9.725
-9.725
-9.725
-21.948
58.686
14.445
-13.763
-9.725
-16.485
-9.408
-9.408
-9.408
-28.511
-9.408
-9.408
-9.408
-9.408
-9.408
-2.323
18.544
-11.017
-11.017
-5.615
-12.932
-9.52
21.366
-11.868
-11.868
-20.169
31.75
-25.391
-25.396
-25.396
-25.396
-25.396
-28.428
-25.396
134.889
-25.396
-25.396
-7.47
-7.47
6.214
-15.083
-12.429
-12.429
-12.429
-17.061
60.34
15.476
-9.068
-2.168
-13.628
-21.724
-31.342
-15.951
29.194
-13.379
-11.827
42.472
-6.942
-6.942
-9.065
44.688
-9.065
8.84
104.391
8.733
-10.651
-5.047
-5.047
-13.133
-22.808
-17.887
-22.808
393.687
-22.808
-17.887
393.616
-7.406
-7.406
-7.406
11.972
-12.155
-12.155
-12.155
-12.155
-12.155
-12.618
-7.513
-7.513
-15.629
-5.942
-13.474
-32.869
-8.383
-3.283
-3.283
-8.383
-3.283
-3.283
113.195
-15.704
-22.688
-22.688
-8.397
-8.397
-8.397
-8.397
-8.397
-8.397
-8.397
-8.397
-8.397
-28.311
-14.001
7.446
-30.704
-4.948
-25.637
137.564
-15.353
-18.679
-19.698
-19.698
-19.698
39.375
-15.353
-15.353
-15.353
-15.353
19.894
-11.092
63.558
-17.314
-17.314
120.306
12.798
92.235
-8.851
-8.851
-22.808
-22.808
-22.808
-22.808
-13.133
-13.133
-13.133
-13.133
-13.133
-13.133
-8.213
-13.133
-8.213
-13.133
-13.133
-13.133
-13.133
-13.133
-13.133
-13.133
-13.133
-13.133
-13.133
-13.133
-13.133
-13.133
-13.133
-8.213
-8.213
-13.133
-13.133
-13.133
-13.133
-8.213
-13.133
-13.133
-13.133
-8.213
-13.133
-13.133
-13.133
-13.133
-13.133
-13.133
-8.213
-8.213
-8.213
-8.213
-8.213
-8.213
-8.213
-8.213
-8.213
-8.213
-13.378
-15.033
-13.378
-18.4
-13.378
-18.4
13.991
-18.4
-18.4
27.583
-18.4
40.641
-19.478
-18.4
-13.378
-21.426
-2.813
-13.378
-18.4
-13.378
-18.4
10.244
-8.315
-8.315
5.332
-8.521
-8.445
-8.521
-27.976
4.292
-16.39
-9.392
45.331
-13.805
-9.393
-9.393
-11.34
-30.211
251.436
53.088
-19.238
-20.95
-20.95
-14.923
76.187
-19.017
76.787
-4.948
-0.215
-16.144
-16.934
-17.458
68.256
-17.458
-17.458
-15.155
-15.184
17.822
4.222
-10.777
-10.777
-10.777
-15.184
-15.184
-15.184
-15.184
-15.184
-15.184
243.989
-15.184
-15.184
-15.184
43.438
-15.184
-15.184
-15.184
-15.184
-8.963
-8.963
-5.356
10.979
-16.007
-16.006
-16.134
-16.134
105.785
-3.293
-3.293
-16.134
153.024
-33.238
-16.134
-16.134
-16.134
-16.134
23.976
-20.089
-20.089
123.511
-17.303
-10.525
-20.089
16.711
-12.303
-12.303
-15.568
28.113
-15.543
-12.865
-12.865
-12.865
-14.605
0.652
-5.032
-5.032
-5.995
-5.97
-5.97
-7.029
30.052
-7.029
-14.721
-7.044
-16.248
21.09
-10.846
-5.645
-11.342
29.767
-10.858
-11.228
-5.972
26.596
-1.153
-7.889
-8.504
-18.875
-18.875
-18.875
-16.858
6.905
6.905
-7.89
-15.991
209.129
98.667
-11.535
-11.535
-11.535
-4.403
-13.419
-18.797
-13.419
-13.419
2.829
-15.083
-18.924
-13.419
-13.419
-13.419
0.265
-13.419
-20.216
-20.216
16.935
-8.671
93.722
-8.671
44.293
-7.68
-19.544
125.768
-4.956
-4.956
-19.55
-7.684
219.647
-8.797
61.616
-0.331
-3.293
-3.293
44.786
-12.673
-12.673
-14.999
-23.863
-11.999
-8.671
-8.671
-8.671
-8.671
101.053
-0.405
-0.977
-8.671
-16.997
-16.96
163.592
-16.96
-16.96
-21.147
22.863
-3.342
-20.677
-2.249
-16.83
-17.009
-17.009
-17.009
-29.433
-16.96
-11.815
-28.663
274.986
184.604
-25.45
-16.96
-16.96
54.64
-7.479
-7.479
-18.006
-3.342
-3.342
-6.763
-0.303
-13.987
26.12
-16.904
-6.855
-13.986
-0.303
-13.987
-13.987
-3.292
-21.443
-21.443
-21.443
-7.758
-21.443
-13.342
-33.256
-13.342
-19.503
-3.293
-14.419
196.552
-14.419
365.191
-46.639
-33.104
30.216
-9.864
-9.864
-30.284
114.211
31.815
-34.608
53.247
-34.764
-29.582
-35.569
-44.916
84.126
-19.601
-22.983
-19.601
-24.117
-22.247
-15.155
-14.419
-14.419
-14.419
-14.419
-14.419
19.648
-21.386
-17.065
-14.419
-17.065
-15.155
-11.394
-11.394
-15.718
-11.394
-11.394
-11.394
-11.394
-11.394
-11.394
-11.394
168.421
-12.113
-23.439
-23.439
28.941
-18.867
-12.113
19.61
-12.113
-23.439
-12.113
-12.113
-11.767
-12.113
-23.439
-12.113
-23.18
-10.893
-14.619
-14.619
-14.619
-7.429
175.346
-17.617
-10.046
-10.046
-17.617
-10.046
-27.8
-3.293
9.496
136.643
-17.868
-25.822
-7.347
51.652
107.162
-24.38
-5.032
-5.032
113.597
21.958
212.5
16.56
-10.809
-10.809
-23.598
-10.809
-10.809
-10.809
-10.809
-10.809
-10.809
-10.809
-10.809
-18.071
-21.473
-18.071
-9.787
-18.071
-3.021
-9.787
-9.687
-0.406
-11.577
-11.577
-11.577
-11.577
-11.577
-14.979
-11.577
-14.979
-14.979
-14.979
-14.979
-14.979
-11.577
-14.433
-3.341
-3.341
135.978
34.356
12.696
-16.082
-16.082
-16.082
254.454
99.687
-6.936
-23.698
-10.545
-10.545
-3.243
-3.243
-3.293
-9.114
-11.741
-11.742
-7.253
9.995
0.849
213.767
123.276
-13.097
-13.097
-14.903
-17.115
-13.097
-17.115
-13.097
-28.271
-16.893
55.306
-13.097
-13.097
-13.097
-13.097
-13.097
24.087
-13.097
0.588
-27.728
-13.097
-13.793
-13.793
-16.919
-13.793
-13.793
-19.229
-17.924
-21.729
-19.638
-17.924
-17.924
-17.924
-17.924
-17.924
-17.924
-17.924
19.966
188.059
-15.68
4.816
-7.089
-6.831
-6.831
-17.793
-7.088
-7.088
-7.089
-7.089
-3.293
-3.256
-3.256
-3.293
36.831
15.066
-9.426
-7.115
-5.099
67.884
96.178
-24.256
-19.797
-19.797
-19.797
-19.797
-17.564
69.001
-17.564
-19.797
-9.985
-9.985
-9.985
-9.985
-9.985
-9.985
-20.408
-7.752
-7.752
-7.751
-7.752
-7.752
-7.752
11.621
26.314
29.65
-1.784
-10.029
-10.029
-10.029
-10.029
-10.117
-10.117
-10.117
-21.59
19.456
-8.731
-8.728
-8.728
-3.263
-13.387
33.266
81.792
-13.387
-7.851
-7.851
-11.331
-11.331
-11.331
-11.331
-11.331
-11.331
-16.514
-11.331
-13.474
-27.765
-13.474
-13.474
-13.474
-13.474
-13.474
-13.474
-13.474
-13.474
-13.474
-13.474
-8.62
17.106
-8.62
-3.829
-3.829
23.531
86.984
13.969
-17.584
-17.584
-24.311
-23.246
-29.599
-24.819
-31.352
-26.658
-26.658
-24.541
656.948
-17.584
50.822
-26.658
-26.658
-26.658
-26.658
-24.819
-10.246
-19.16
65.926
109.567
-10.246
-10.246
-10.246
-10.246
-10.246
-23.165
59.98
-12.206
-12.206
-12.206
-12.206
-14.857
-12.206
-12.206
-6.786
-3.292
-17.617
-7.297
-7.297
-7.297
-7.298
-7.297
-3.293
-7.617
61.494
92.422
1.509
40.156
-10.139
-21.121
-5.389
-15.678
32.815
-6.242
-6.231
-6.242
-24.615
-23.597
119.152
119.152
-17.617
52.013
-11.27
-11.27
-16.441
-16.441
-16.441
-24.28
-7.207
-7.207
-7.207
5.546
7.798
-3.293
-3.293
4.913
9.734
-3.293
20.279
-8.139
-8.139
-8.139
-8.139
-3.565
-3.272
-12.53
-3.293
27.663
-12.311
-12.32
-8.592
-6.828
116.279
-13.118
-13.082
-13.082
-13.082
-8.795
-8.795
-8.795
-13.357
-13.357
-13.357
-13.357
-3.293
1.155
-12.53
-12.53
-12.53
-12.53
-12.53
-12.53
-16.059
-13.292
0.05
-13.292
-12.58
35.597
-7.974
-7.974
-7.974
-7.974
55.344
-10.859
-10.859
-10.859
-10.859
-10.859
-20.759
51.085
14.152
-16.733
-16.733
-16.733
0.492
-16.011
-5.099
-7.02
-7.018
-3.217
-7.055
6.462
-3.292
161.511
9.671
15.743
-6.0
-6.0
-8.904
-12.008
-12.008
-15.68
-15.68
-15.68
-15.68
-24.077
-32.832
404.867
-15.68
-15.68
-16.416
-15.68
-15.68
-15.68
-4.458
-23.556
-9.871
25.332
241.673
-26.231
-23.58
-23.58
-23.58
-23.58
-23.58
-17.126
-20.441
-17.126
-13.285
169.982
-13.285
-29.091
-17.126
-13.285
-13.285
-22.631
75.951
-12.321
-13.285
-13.285
-13.285
-13.285
-13.704
-13.704
-18.855
-13.704
-13.704
-17.022
54.706
-13.704
-13.704
-20.16
27.315
-17.022
-13.704
-13.704
-20.849
-30.035
-13.704
-13.704
-13.704
-15.979
-13.704
-13.704
-25.391
-22.194
-13.704
-13.704
-13.704
-13.704
-13.567
-14.917
-14.917
-14.917
-10.863
-23.391
-31.492
-7.541
57.699
11.845
-13.627
31.613
43.551
12.962
-12.676
-17.353
206.891
-26.809
-2.597
-11.168
-2.863
-11.168
-1.251
-3.293
-3.293
-3.272
-3.272
-11.193
-13.844
-11.193
-11.193
-11.193
-11.193
-11.193
-11.193
-11.193
-11.193
-11.193
-11.193
-11.193
-11.193
-11.193
-11.193
-11.193
-11.193
-11.193
-7.262
-7.249
-7.249
-10.535
204.532
-14.24
-10.883
-10.911
-14.36
-3.293
-10.863
-16.325
-10.863
-10.863
-10.863
-10.863
16.506
-10.863
-7.347
-10.305
-10.305
-10.305
-10.305
-10.305
-10.305
-10.305
-10.305
-9.521
-3.293
-3.293
-3.293
-7.479
-29.572
-17.969
112.127
-17.969
-11.788
-11.788
93.955
18.652
-11.788
-25.554
146.303
-11.788
-11.788
-11.788
-20.971
-20.971
-11.788
-11.788
-3.113
26.091
-5.727
-5.727
-28.954
-4.775
58.371
-5.759
82.699
12.286
-5.95
-5.95
-6.039
-7.705
-3.293
-23.893
-23.893
-14.898
-17.596
-14.898
-7.705
-7.697
-7.697
-7.697
-9.426
-19.038
42.953
-19.038
0.78
-12.905
-12.905
-3.293
-6.828
75.641
-9.184
-9.184
-14.355
-9.184
-9.184
-9.184
-9.184
-14.355
101.983
-19.397
-8.464
-8.464
-8.464
-8.464
-6.308
-9.26
-3.296
91.859
27.337
58.489
-11.748
-19.623
-11.748
-6.441
-11.748
-11.748
-11.748
-11.748
-11.748
4.477
-11.336
-11.335
-11.168
-18.73
-18.73
0.208
-18.73
-9.474
-9.474
-12.49
71.668
-12.49
-19.503
15.012
-12.49
-12.49
-10.305
-10.305
-5.051
-5.051
-7.672
-7.672
57.09
-7.672
-7.672
-7.672
-15.717
-15.717
-15.717
-15.717
156.535
-15.717
-15.717
-15.717
-15.717
-29.734
-13.627
-11.337
-11.337
-11.337
-21.608
-3.293
-25.068
-25.385
3.07
-21.69
-21.69
65.118
-8.863
-21.69
36.234
-21.69
-29.184
-21.69
-21.69
-21.69
-21.69
-18.575
-21.69
-21.69
-21.69
-23.874
-14.996
-14.996
-14.996
-14.996
1.902
-11.782
-11.782
-11.782
-11.782
-11.782
-11.782
-11.782
-11.782
-11.782
-11.782
-11.782
-11.782
-11.782
-11.782
-17.817
-7.479
-7.479
-17.817
1.883
15.237
-20.148
-0.097
-20.271
-3.644
-13.782
-13.782
-13.782
-13.782
135.952
-11.083
-5.024
66.384
43.539
-13.357
-18.653
-5.568
-6.02
-6.023
22.338
-8.77
-24.768
-22.961
-22.298
-15.156
-15.156
-22.344
25.824
-16.261
-16.261
-16.261
-7.1
-7.1
-14.819
31.84
-18.81
-11.918
-17.131
-4.809
11.595
194.429
-11.918
21.117
-13.597
-6.608
-6.608
-6.608
-10.117
-9.863
-9.863
-9.863
-9.863
-7.447
-15.257
-12.639
-12.639
-19.678
-8.899
-8.899
-8.899
-8.899
-8.899
-8.899
29.204
-11.441
148.372
-18.096
-18.096
-18.096
-10.911
-10.911
-10.911
-10.911
-10.911
-10.911
-10.911
-10.911
-10.911
-10.911
-7.153
30.329
-7.705
-7.705
-22.181
34.574
-13.631
-13.631
-13.5
-13.631
-13.631
-16.737
-16.737
-13.631
-13.631
-13.631
-16.736
-27.779
-16.737
-16.737
18.913
-3.293
-3.293
-3.227
-3.227
-6.268
-5.877
-5.877
-5.877
-5.877
-12.287
-12.287
-12.287
-12.287
-15.034
-12.287
-12.287
-13.05
92.077
13.561
-13.05
-13.05
-13.05
-30.109
-9.632
190.505
-22.848
87.92
-22.848
-22.848
-22.848
-22.848
-22.848
-22.848
-13.05
-13.05
-9.565
-9.565
-3.292
-13.069
24.979
-13.069
278.099
-10.801
-6.842
68.8
61.725
-8.444
-15.515
-6.61
-6.61
65.402
4.35
-3.282
-3.282
-3.282
-15.132
347.808
-10.438
-3.293
92.179
-1.342
-14.981
-10.69
-0.724
-3.293
-14.458
107.229
-3.293
56.117
-19.607
-10.636
-10.639
-10.638
-10.638
-8.544
-28.653
-10.766
234.647
-19.155
-21.915
-3.34
-22.32
-12.822
-22.842
-17.024
-17.059
-12.822
-17.024
-17.024
-17.024
-17.024
-17.024
-21.261
-7.495
-12.822
-17.059
-12.822
-15.603
-12.822
60.853
-7.617
-7.617
-7.617
-7.617
-7.617
33.379
-24.993
-20.668
-20.668
-6.507
8.518
-16.265
-6.507
-22.065
-22.065
-22.065
25.553
217.786
-22.065
-13.051
14.318
-13.051
-13.051
247.12
-18.851
8.393
-10.323
-10.323
-10.788
-11.82
-11.82
15.483
-15.423
-11.82
-11.82
-11.82
-12.244
-11.819
-11.82
-11.82
-11.82
-11.82
-11.82
-17.65
-3.246
-3.246
-3.293
-3.293
-13.051
-18.317
-13.051
-13.051
-13.051
-18.589
-13.051
-13.051
-13.051
-13.051
-25.537
-13.051
69.056
-13.051
-13.051
-13.051
-3.364
-4.184
35.574
2.547
-18.223
17.647
-11.009
-12.536
-10.246
-10.246
-10.246
-3.28
-10.506
97.67
-17.331
-17.331
-10.118
-10.506
-10.506
-10.506
-10.506
-6.862
-6.862
-3.716
-11.598
-3.716
-9.301
-9.301
-25.406
-9.301
-9.301
133.142
-9.301
26.885
35.137
7.45
-9.301
-9.301
-16.255
-9.301
-9.301
11.075
-17.406
2.728
39.173
-7.134
-7.131
-7.133
-7.133
-42.788
-11.721
-11.721
-11.721
-11.721
-6.26
-7.123
-7.123
88.651
-10.247
105.197
-10.247
-11.398
-11.398
4.038
-32.146
-9.647
-21.536
34.952
17.504
-21.536
-18.238
102.436
-4.553
-18.238
-7.733
-6.584
-6.584
-6.591
-13.178
-13.178
-20.48
-13.178
-16.68
-13.178
-13.351
-13.178
-13.121
-33.217
-13.178
-3.293
20.315
-13.74
-12.72
82.782
-15.467
-12.72
-25.377
10.805
-15.467
14.57
-12.72
-12.72
-3.293
-15.949
-19.838
11.337
-6.0
-6.0
-10.775
-10.775
-10.775
-10.775
-10.775
-21.544
6.663
8.298
-6.823
-22.875
9.672
-11.392
-11.392
-3.742
67.947
23.709
-17.704
29.756
-8.313
-8.49
-8.49
-20.991
-8.49
-8.49
-8.49
-8.49
-27.066
-10.925
-20.224
-14.162
30.075
76.006
-23.901
-26.771
2.759
2.433
-17.476
-11.217
-19.675
-12.395
-12.733
-2.494
-16.827
-16.827
-6.636
183.312
40.318
-17.37
-9.807
-11.25
-11.25
-7.702
-7.702
65.007
-16.908
-2.82
62.168
-18.356
-9.932
14.412
-23.129
-12.957
-12.957
-12.957
-19.187
97.192
199.164
-19.187
-19.187
-10.196
-3.248
81.754
-14.285
73.455
-11.405
-6.486
20.984
-11.405
-18.978
105.643
-11.405
-19.564
-18.586
-19.564
-11.405
-11.405
-11.405
-11.405
-6.486
124.629
-10.866
68.21
-19.159
-14.566
-19.235
-13.328
-6.619
-6.619
-11.451
-16.974
-11.451
145.857
-20.241
114.261
21.993
-8.581
39.198
-14.617
-11.852
-14.617
-14.617
-14.617
52.326
-13.553
-6.602
-13.314
-6.602
-5.487
-14.617
-14.617
-14.617
-14.617
-11.852
-11.852
-11.852
-17.381
253.651
17.52
-17.381
-17.381
-17.381
-3.293
-3.293
-2.154
-3.292
11.119
18.045
-9.94
-3.302
-7.725
-9.94
21.049
-15.825
-11.037
-11.037
-8.079
-8.079
-12.177
70.682
27.487
-17.343
-17.343
-17.343
-17.343
-12.177
-6.988
23.163
-10.691
16.376
-7.467
-7.467
-16.787
-1.682
-15.367
-27.599
-15.367
-15.367
-15.367
-15.367
75.764
4.105
-3.288
59.391
-11.215
-3.293
-1.669
-15.527
32.848
41.065
-11.192
21.234
-20.56
-20.56
-20.56
-20.56
-8.934
88.17
-12.437
-8.934
-6.297
-14.918
-14.918
-14.918
-1.234
-14.918
-14.918
-14.918
-17.569
-14.918
-14.918
-14.918
-14.918
-14.918
-14.918
-14.918
-14.918
-14.918
-14.918
-15.654
-1.037
-14.918
-14.918
-14.918
-14.918
-35.105
-27.413
-6.795
-6.653
-6.653
-6.795
-6.795
-6.795
-6.795
-10.528
-10.528
-10.528
-10.528
52.681
-15.424
-15.424
-10.528
-10.528
-16.193
-7.642
-7.642
-7.642
41.429
133.867
-17.681
38.539
-17.681
-17.681
-7.643
-21.881
-11.843
-11.843
1.841
-21.881
-17.483
-11.843
-11.843
-11.843
-11.843
-13.33
-3.293
46.126
-9.168
-6.087
6.339
-18.297
-17.361
-17.361
-8.588
-8.588
-8.588
-8.588
-17.871
119.991
26.198
-13.076
-19.616
-13.076
-26.292
-0.874
-21.497
23.087
-23.432
-13.06
-14.958
-21.497
-8.036
-8.087
-8.087
5.615
-4.158
-4.157
21.244
-13.039
14.481
-5.213
-5.213
3.66
-20.656
104.292
-20.672
-23.614
-16.414
-16.414
-9.749
-9.095
-9.095
-15.018
-15.018
-9.095
-9.095
-3.945
-8.691
-17.91
-16.776
-16.776
14.236
-16.776
-10.29
-10.29
-10.29
-15.257
-15.257
-15.257
-10.29
-11.399
-10.29
-15.257
-24.368
96.023
-13.411
-13.411
-21.638
-6.277
17.053
-12.403
-12.403
80.348
-8.599
33.287
-6.903
-6.903
-6.087
-6.087
-6.073
-6.073
-3.293
11.608
-3.381
-3.381
-4.175
-14.622
-14.622
-14.622
6.49
-8.147
-20.508
-19.768
-7.406
-10.492
-17.551
56.429
-3.293
15.986
18.516
-17.551
-10.492
-10.492
-14.022
-14.022
-41.866
-16.909
-14.022
22.055
-21.442
-13.649
-5.158
-9.832
-9.832
-10.951
-27.772
42.384
-4.256
44.372
-10.455
-17.617
-17.617
-25.171
21.867
-17.617
-28.069
-19.187
-17.617
-17.617
-19.187
-24.258
-17.617
-17.617
-17.617
-17.617
-10.455
-13.973
-1.356
-8.444
-8.444
-8.444
276.742
-7.091
119.457
-25.77
37.311
-17.416
-5.968
-5.968
-5.968
-5.423
-5.423
-19.921
-13.997
-29.931
72.081
-19.921
-10.228
-16.153
-21.814
-12.181
-12.181
-12.181
-12.181
-12.181
-12.181
-12.181
-16.448
123.652
61.852
10.655
-3.263
-3.263
-0.628
11.475
13.152
132.73
-27.902
-17.228
-17.228
-17.228
-15.515
-15.515
37.44
-17.228
-17.227
49.336
-15.515
-15.515
-17.964
-15.515
-17.228
-17.228
-15.515
-15.515
-15.515
-15.515
-15.515
-15.515
-22.676
-9.249
-4.029
27.173
-7.839
39.083
-7.839
-7.839
-7.839
-11.658
117.309
-24.739
40.111
15.718
-22.294
-22.294
-22.294
-27.838
2.026
-11.658
-11.658
25.798
-17.201
-11.658
-11.658
-11.658
25.081
-21.016
-13.777
-13.919
-13.919
-0.235
-3.293
-13.919
-13.919
12.064
-12.817
-13.777
-13.919
-13.919
-13.919
-14.781
-32.519
-13.919
-13.919
-13.919
-13.919
-13.919
-13.919
-13.919
-13.919
-3.293
-3.293
23.487
-4.216
-4.216
-12.902
-12.902
-21.893
-21.893
-21.893
-11.774
-22.344
2.514
-15.329
-20.086
-20.086
-10.545
-10.545
-10.545
-17.618
37.552
-9.626
-5.819
5.363
-5.094
-10.18
-10.18
73.767
-10.18
-10.18
-8.379
-19.058
-13.124
-2.926
-13.972
36.36
-13.972
143.539
-13.972
-10.067
-10.067
-10.067
-10.067
-10.067
56.638
-19.878
-15.529
-7.198
-7.198
-20.541
-7.198
-7.198
-10.067
-10.067
-16.369
-8.037
-21.931
-21.931
72.422
-21.931
-11.624
27.42
-15.973
-13.599
27.806
-24.086
-13.599
-24.086
-13.599
-26.277
9.479
-9.154
-7.642
-7.642
-13.78
-0.095
-13.78
-13.78
177.241
49.749
-18.606
-16.636
-8.653
-8.653
241.074
0.108
-13.577
-6.255
-3.292
-8.835
-5.713
-6.414
-6.414
-12.549
1.136
0.486
-5.446
-23.543
-9.969
-9.969
-9.969
3.716
-9.969
-9.969
-9.969
-15.493
-15.493
-12.976
-6.414
-6.414
-6.414
-6.414
-3.292
41.161
-3.963
-23.649
-13.365
-9.965
-13.365
-13.365
-13.365
-13.577
-13.577
-13.577
-13.577
-27.738
-13.577
-13.577
-13.577
-13.577
-13.577
-13.577
-20.385
-13.577
-13.577
-3.293
-10.976
-3.293
-3.293
-3.293
43.369
17.989
-6.594
-10.806
-10.806
-10.806
-17.453
-10.976
-10.976
-10.976
-17.167
-17.167
-10.976
-10.976
-10.976
-10.976
-10.976
-10.976
-10.976
-9.939
-9.939
-18.947
-18.947
-18.947
-0.146
-10.719
-10.719
-10.719
-10.719
-10.719
-10.719
-10.719
-10.719
-10.719
9.625
12.16
12.16
-6.389
-6.389
-6.389
-6.389
-6.389
190.234
-2.742
-9.14
-6.338
-9.14
-9.14
-6.338
-5.872
145.356
-11.098
-12.622
-19.611
-17.41
-3.725
-17.41
-17.41
-12.622
-12.622
-12.622
-12.622
-12.622
-12.622
-12.622
-7.636
-7.636
-7.636
-7.636
89.172
-11.381
-11.381
-8.561
-8.561
-8.561
-8.561
-8.561
-5.872
-5.872
-5.872
-3.293
-14.345
145.235
-10.049
-26.642
-18.778
-11.098
-11.098
-11.098
-11.098
-16.229
-20.731
-11.098
-11.098
-11.098
-17.381
4.78
-9.758
-2.06
-2.06
-22.631
-13.2
33.4
-28.414
112.321
3.913
33.379
-10.467
25.872
-11.09
-11.09
-11.09
-11.09
-22.148
-10.468
-15.658
-15.658
-14.35
-1.974
-15.658
12.915
-15.658
-15.658
-14.35
-6.51
-8.363
-8.363
-9.552
-9.552
-9.552
-9.552
-9.552
-3.245
-3.245
-5.006
21.144
-7.578
-7.615
-3.293
-3.293
-3.293
-13.966
-13.966
-13.966
-13.966
-13.966
-13.966
-13.966
-17.893
-13.966
-13.966
-20.918
63.88
-12.843
71.951
37.931
-17.183
-17.183
-17.183
-12.843
-12.843
-12.786
-11.094
0.895
-12.786
-10.323
-10.323
3.361
-10.323
-10.323
3.361
138.679
-21.973
39.731
-14.521
14.54
-21.973
-7.354
-7.354
-7.354
-11.659
7.094
-3.288
9.745
66.52
26.915
-9.653
-9.653
29.289
-16.639
-16.639
-12.958
-10.287
-12.969
-12.448
-4.364
103.728
5.48
-12.177
-24.225
-20.237
-18.012
-9.127
-11.353
-9.125
-2.284
-2.284
-9.127
15.951
4.269
-13.145
-7.614
-10.14
-13.145
48.605
-17.067
-25.985
12.921
-20.494
-6.153
-6.153
-8.783
-15.737
-8.776
-8.776
-8.776
-8.783
60.497
-3.291
26.295
-11.161
-9.506
-9.506
-11.831
-11.831
-28.783
8.307
-9.506
-5.518
-5.518
-5.49
-5.49
-3.372
-3.372
-14.1
-14.1
-14.1
-14.1
-14.1
-29.433
-23.446
-23.446
-23.446
-23.446
-23.446
-23.446
-23.446
-23.446
-24.155
-23.446
-14.1
-4.572
-14.1
-14.1
-14.1
-14.1
-7.104
-7.104
-7.104
-13.744
-17.426
-7.104
-18.102
20.194
-3.293
-5.032
-5.032
-11.942
-11.942
-11.942
249.496
-11.942
-11.942
-11.942
-11.942
-11.942
-11.942
-11.942
-11.942
-11.942
-11.942
-19.156
-19.156
-12.387
-19.156
-1.551
-11.942
-19.156
-11.942
88.162
-19.101
-19.101
-19.101
-10.507
-5.982
66.779
-10.669
-10.669
-12.699
-10.669
-10.669
16.128
-22.013
-10.669
-10.669
-9.314
-12.881
-12.881
-12.881
-12.881
-12.881
26.43
-8.913
-14.568
-8.227
-8.227
-9.412
-14.637
-4.086
-9.677
-11.726
-3.293
-11.898
-23.19
-11.898
-11.898
-11.898
-11.898
-11.898
-17.111
-14.585
-14.585
26.102
-10.367
-15.168
17.171
-31.649
-16.26
29.689
-8.079
-8.079
36.513
9.515
110.306
-22.015
-22.015
-18.213
-18.213
-18.213
-7.58
-7.58
-7.58
-10.497
15.542
20.165
-15.739
-15.739
26.223
-19.359
-24.038
78.967
-17.704
-17.704
5.99
-9.627
-9.627
-9.627
-9.627
-9.627
-9.627
-9.627
-4.948
-3.181
-3.759
-3.759
-3.759
140.875
-13.465
16.743
-3.537
19.14
-4.855
-11.157
-16.867
-16.867
59.527
4.748
-3.254
-8.912
-8.951
-8.951
-8.534
-22.129
-16.677
146.328
-8.592
-11.435
-3.293
-15.794
33.227
-21.809
-19.503
-15.794
-15.794
-15.794
-9.287
-3.293
-3.293
-3.269
-3.269
72.513
-11.688
-11.688
44.247
-10.454
-10.454
-10.454
-10.454
-10.454
-3.293
-3.293
-3.293
-3.293
-5.613
-5.902
-7.223
-18.203
54.142
-14.271
-4.519
-14.271
-14.271
-18.203
-14.271
-7.225
-7.223
-7.223
-7.223
-7.223
-3.293
-9.308
-12.118
-12.118
-9.307
17.711
-6.115
-6.119
23.079
-10.684
-7.002
-6.942
-6.942
-15.804
-15.517
-15.804
-15.804
-15.804
-15.804
-15.804
-15.804
-15.804
-15.804
-15.804
-15.804
6.829
-8.314
53.86
-8.313
-8.313
2.774
-13.64
-7.516
-13.64
-14.444
-17.332
-8.43
-6.59
-3.006
-7.092
-7.092
-7.092
-7.092
-7.454
-7.454
-12.454
-12.454
-12.454
-12.454
-3.293
-10.118
-10.118
-10.118
-10.118
-10.118
-17.381
-17.381
-17.381
-17.381
-17.381
-10.118
-17.381
-10.118
-10.118
-10.556
-10.556
-23.093
-13.952
-13.053
-13.952
-13.952
-1.166
-13.952
-13.952
-13.952
-12.639
-13.952
234.424
1.251
-12.433
-12.433
-3.293
41.34
-11.369
-3.221
-3.221
63.144
-1.502
-1.502
10.379
-3.304
-3.293
-3.26
-3.26
-3.297
-3.293
-3.696
-12.433
-5.648
-33.512
-23.479
-23.48
-12.433
-12.433
1.251
-12.433
-12.433
-12.433
-12.433
-12.433
-12.433
-12.433
-18.496
78.935
-12.433
-12.433
-12.433
-28.375
-18.496
-3.293
-7.432
-7.432
6.256
-9.477
-9.477
21.37
-8.54
-10.755
-10.755
13.6
8.866
-11.369
-11.369
-21.123
-3.293
-3.293
-19.748
-18.933
-14.432
-9.637
-8.745
-8.575
-8.745
-13.101
-12.58
-3.226
-3.293
-3.293
-13.465
-13.18
-18.015
44.376
2.957
-10.893
-10.893
-10.893
-10.414
-3.222
-3.222
-3.222
74.92
-17.261
-9.311
-9.311
-9.311
-9.311
-9.311
-9.311
-9.311
-9.311
-8.475
5.209
-8.475
-12.24
-3.291
-8.375
-20.569
0.198
7.868
-12.89
-12.4
-12.89
-12.4
75.54
-12.4
-8.451
-16.131
-16.131
-16.131
-16.131
-16.131
128.954
-3.217
-12.89
-12.89
-11.421
-11.421
-10.973
-10.973
-10.973
-10.973
-10.973
-7.991
-7.991
-7.991
-7.991
-7.994
-5.051
20.529
-24.783
-5.051
-8.668
-8.669
-8.669
-8.671
135.037
-7.543
-7.543
-7.543
-7.543
-31.312
60.879
6.141
-7.543
-7.543
-7.543
-14.497
-7.543
-7.543
-7.543
-7.543
-7.543
-27.061
-27.061
-27.061
-27.061
-3.663
-6.455
-10.455
5.072
5.072
-10.455
-6.398
-5.655
-5.655
-7.878
39.425
22.341
-7.878
-7.878
-7.878
-19.901
-19.901
5.405
-21.876
-3.249
-3.249
62.437
-23.383
115.362
7.14
-23.538
-23.538
-21.482
-18.145
-23.538
-23.538
-23.538
-23.538
-23.538
-21.482
-21.482
-21.482
-13.234
-23.538
-21.482
-21.482
-23.538
-14.92
-14.92
-14.92
-14.92
-25.233
-16.976
-16.976
-14.92
-14.92
-1.235
-14.92
-14.92
-14.92
-14.92
-16.976
-16.976
-16.976
-14.92
-14.92
-16.976
-16.976
-14.92
-14.92
-10.249
-10.249
-10.249
-10.249
-10.249
-24.729
-10.249
-10.249
-10.249
-10.249
-14.071
86.349
-11.304
-14.071
-14.071
-14.071
2.37
-14.071
-14.071
-9.355
-6.431
-6.431
-6.458
-22.721
-22.721
24.59
-16.268
-16.268
-6.0
-6.0
-7.947
-13.204
-13.204
-13.205
-10.434
-6.698
-15.767
-15.767
-15.767
-10.434
-10.434
42.256
-10.25
-9.841
24.942
-10.48
42.048
-4.397
-4.36
-4.36
-4.029
-4.026
-4.026
-4.026
-4.026
-4.029
-7.764
-7.772
-7.772
-8.097
-8.097
0.302
-13.382
-3.293
-13.382
-13.382
-13.382
-13.382
-13.382
0.302
-13.382
-14.643
-13.382
-13.382
41.309
-13.382
-13.382
-13.382
-13.382
-28.237
77.128
-28.237
-3.293
-3.293
-4.553
-4.553
-4.53
-4.53
50.27
-23.429
-18.148
-18.148
-18.148
-18.148
-18.148
-18.148
-4.755
-4.755
53.517
-13.715
-4.865
-5.027
-12.203
-12.203
-12.203
-22.701
75.056
-12.215
15.166
-3.255
-28.109
48.211
-28.109
-11.756
-11.756
29.234
-11.756
-13.79
-13.79
13.409
-18.606
-13.79
-13.79
-13.79
-3.305
-3.305
27.737
-7.543
-8.399
27.737
-10.527
5.37
-8.404
-8.404
-5.438
14.06
99.712
-12.092
-3.293
-2.437
-21.307
164.595
-18.411
22.985
-18.411
-5.443
94.059
-9.001
-19.158
-9.001
-9.001
-9.001
-19.158
-9.001
4.684
-9.001
-17.8
-9.001
-19.055
-18.266
-13.45
-13.45
-3.293
-7.704
-12.092
-12.092
-12.092
-12.092
-15.639
-15.639
-12.092
-1.662
-1.952
13.745
-16.261
-13.45
-13.45
0.234
-16.261
-16.261
-16.261
5.822
-8.036
-8.108
-6.103
-6.102
-6.102
-19.268
-19.268
-19.268
-13.606
-13.606
-13.606
-13.606
-3.293
-8.189
-8.189
-8.189
47.803
-12.11
-12.11
-7.224
-7.217
-7.217
-7.217
-9.894
-9.894
18.806
-9.912
-6.614
346.623
-10.6
-10.6
-16.395
-16.395
-10.6
-16.395
-16.395
-16.395
-16.395
-16.395
-16.395
-16.395
-16.395
-10.6
-10.6
-17.404
-16.395
-26.953
-16.395
-16.395
-10.6
-10.6
-10.6
-10.6
-10.6
-10.6
-5.951
33.6
-13.851
-13.851
32.162
-5.449
-5.449
-5.473
-10.056
-10.056
15.059
-17.058
-17.058
-17.058
-17.058
-7.876
-17.058
-8.241
-8.241
-8.241
-8.241
-13.299
-3.409
10.848
-3.409
-10.196
-10.196
-19.187
-19.187
-10.196
-10.196
-19.187
-10.196
-23.964
-10.196
-10.196
-12.283
-12.283
-12.283
-12.283
-12.283
-12.229
-12.283
-12.283
-12.283
48.352
-22.818
-10.595
-10.595
-10.595
-10.595
-10.595
-10.595
-10.595
-10.595
-9.955
37.985
-5.321
-5.321
-5.321
-3.293
-15.791
-22.132
-11.435
2.085
-11.272
-11.435
-11.435
-11.435
-11.435
-11.435
-8.836
-12.671
-12.671
-0.641
-3.292
-13.93
8.948
-12.646
-12.646
-12.646
-12.646
-9.933
-11.588
-9.933
-9.933
-9.933
-3.293
-5.336
-5.336
-3.293
-3.303
-5.354
-3.294
34.165
-12.455
-10.247
-10.247
-10.247
-10.247
-3.221
5.884
-3.249
-11.225
-11.225
57.265
-17.892
-17.892
-17.892
-17.892
-17.892
-17.892
-5.583
-7.656
8.102
22.004
-5.471
-5.471
-5.366
-10.045
-5.366
-5.366
-3.293
-10.335
-13.179
-8.856
-8.856
-8.804
20.092
-11.63
-11.63
31.58
17.458
-10.792
1.288
-7.624
-5.535
-10.992
-10.992
-10.992
-10.992
-10.992
168.478
-14.225
-14.225
-14.225
-14.225
-14.225
-14.225
-14.225
-14.225
15.662
16.628
-25.956
-8.657
-8.657
-11.469
137.836
3.271
0.364
-13.32
-9.072
-14.89
14.876
-14.89
-5.722
-5.722
-12.428
-12.428
-6.474
-6.474
7.211
-2.422
-2.422
-9.239
-9.239
12.377
-9.884
-15.864
7.372
-4.948
-16.269
26.862
-5.345
-16.269
-10.74
15.61
-8.691
-8.691
-13.538
0.631
-11.549
-11.35
-10.714
-15.07
-12.329
-2.872
-12.635
-3.291
-5.747
7.937
-4.858
-4.858
-3.293
-3.293
-3.291
-4.323
-12.902
-4.948
-12.902
-12.902
-12.902
-12.902
-12.902
-12.902
-12.902
-12.902
-12.902
-12.902
19.136
-11.861
-8.179
-8.179
-8.179
-8.179
-8.179
-11.571
36.517
-12.46
-6.876
-6.876
-6.876
-6.876
-6.876
-6.876
-6.876
-8.634
-3.293
-7.182
-7.182
-7.195
-15.292
-13.888
100.772
-13.663
32.557
-15.292
-14.691
-13.889
-13.889
12.573
-8.304
-8.874
-8.874
-8.874
-8.874
-10.149
60.001
21.831
-3.293
-7.881
-14.981
-18.555
-14.981
-14.981
33.499
-14.718
-13.209
-14.498
128.259
-10.02
-8.955
-8.955
-15.308
-10.018
47.974
-12.366
-12.366
-16.354
-7.987
-7.987
-7.987
4.12
-2.586
-12.366
-12.366
-12.366
-12.366
-12.366
-12.366
-12.366
-12.366
-12.366
-12.366
-12.366
-12.366
-12.366
-12.366
-12.366
-12.366
-12.366
-12.366
-12.366
-12.366
-12.366
-12.366
-12.366
-12.366
-12.366
-12.366
-12.366
-12.366
-12.366
-12.366
-12.366
-12.366
-12.366
-12.366
-18.716
-17.06
-9.896
-12.366
-12.366
-12.366
-12.366
-3.293
-3.288
-3.288
-3.288
-3.288
14.566
-3.238
-6.942
-6.942
-5.051
-5.051
-3.293
-2.704
4.442
-6.24
-8.831
-8.831
-15.778
-15.778
-15.778
-15.778
-15.778
-15.778
-11.189
-11.189
-11.189
-11.189
-11.189
36.098
125.353
-17.878
30.579
-9.097
-9.098
-9.098
-9.099
12.305
-5.712
-22.391
-9.422
-9.422
-9.422
-9.422
-9.422
-9.422
-9.422
-9.422
-9.422
222.239
-15.07
-15.07
-15.07
-17.29
-17.29
-3.293
-10.282
-10.282
-10.282
-10.282
-10.282
-12.502
-10.282
-10.282
-10.282
-10.282
-10.282
-10.282
3.403
-17.363
-5.733
-5.733
-5.765
-13.453
-6.0
-6.0
-3.293
49.754
-8.149
-8.356
-8.351
-8.351
-3.293
-21.428
-12.081
-12.081
-12.081
-12.081
-6.597
-9.28
-6.094
-6.094
-6.094
-6.094
-7.763
-6.094
-3.286
-18.57
2.666
-18.57
47.719
87.844
9.945
-9.159
-5.83
15.358
-4.2
-4.2
-19.405
-27.889
-12.011
-10.687
-10.687
-10.568
-10.687
-10.687
-10.687
-10.687
-10.687
-10.687
-10.687
-10.687
-10.687
-10.687
30.182
-11.777
-11.777
-11.777
114.612
-3.293
-12.589
1.095
-7.661
-23.103
-12.589
-12.589
-30.899
14.78
-12.589
-12.589
-12.589
-12.589
-12.589
-12.589
31.145
-7.763
1.029
-9.855
-9.855
-9.855
-11.911
-9.855
-9.855
-9.855
-9.855
-9.855
-9.855
-9.855
-3.294
-3.321
-3.294
-17.118
101.7
-17.118
-5.349
-5.349
-5.349
-5.349
-14.025
-5.349
-5.349
-5.349
-5.349
-5.349
-5.349
-3.272
-3.272
-3.272
-6.167
29.352
-5.831
13.273
-3.27
-3.27
-14.226
-18.098
-5.423
-5.423
-22.842
47.411
-17.244
-14.056
108.762
-9.789
-9.789
-9.789
-9.789
-12.958
-17.621
10.27
-17.621
20.217
-5.099
-7.722
-5.016
6.255
-15.931
6.254
-12.386
-12.386
-15.857
-19.747
-19.747
-19.747
14.983
-11.652
8.312
-7.802
-12.61
-2.341
-15.924
-15.924
-12.736
-12.736
-12.736
-12.736
-15.487
73.819
-10.706
-10.706
-10.706
-10.706
-16.152
6.265
-3.293
-3.293
8.951
-10.31
102.507
-12.877
-12.877
-12.877
-12.877
-12.877
-3.293
-21.602
-21.602
-8.202
-8.202
-8.202
-8.202
-8.202
-8.202
-8.202
-6.026
-16.976
-9.708
-9.708
-14.226
-14.226
-14.226
-14.226
-14.226
-14.226
-6.789
-6.789
-6.789
-10.653
-10.653
71.111
-9.974
-27.848
-9.974
-9.974
36.307
-20.703
-9.974
-9.974
-9.974
17.044
-10.438
-10.438
-10.438
-14.021
-14.021
-14.021
-8.697
-8.697
-12.478
14.891
-21.506
-21.506
-12.478
-12.478
-21.506
-12.478
-12.478
-12.478
-12.478
-12.478
-12.321
-12.321
-17.798
127.494
-17.798
-17.798
-11.753
-11.753
-11.753
-11.753
-11.753
-11.753
-11.753
-9.338
-13.929
-13.929
-12.341
-13.358
-13.358
1.116
-4.423
63.189
-13.471
69.765
-12.341
-30.599
-17.298
-12.73
-12.73
-12.73
-12.73
-12.73
-12.73
-20.144
81.208
12.041
-19.993
-19.993
209.576
-17.997
-15.717
-15.717
-3.293
-1.991
-1.991
-12.193
46.318
-12.193
-16.785
2.018
-16.785
-16.819
-7.884
-11.698
-11.698
154.041
-19.649
-11.698
-11.698
-5.965
-19.649
-11.698
-11.698
-14.445
-14.445
15.592
-11.698
-11.698
-3.293
-17.088
-17.088
57.23
-17.088
-11.244
-17.088
-17.088
-17.088
-6.0
-6.0
-6.958
-6.942
-6.942
-9.137
-9.137
-9.137
-9.137
-9.137
-9.746
-9.746
-9.746
-9.746
-9.746
-6.882
-8.217
8.589
5.467
-13.851
-13.775
6.726
-10.085
-10.085
-3.217
4.73
-8.955
17.745
-8.955
-8.955
8.108
-3.293
-8.662
-8.662
-3.217
172.659
-11.855
-10.002
-10.002
-13.423
-5.508
-12.105
-5.508
-3.298
-3.298
-15.995
-6.132
-6.132
-3.293
223.145
-12.647
-12.647
-12.647
-12.647
-12.647
-12.647
-8.755
0.461
0.461
63.013
-8.077
-8.077
-8.077
-8.077
-15.091
-8.077
-9.712
-9.712
-9.712
-3.538
5.584
-22.57
-3.293
10.392
-12.639
-12.639
-9.28
-9.28
-12.639
1.046
14.53
28.329
-12.639
-12.639
-12.539
-12.639
-4.948
-3.238
-6.877
-6.878
-6.878
-6.878
36.543
-27.0
-18.908
51.344
78.405
-10.88
-10.88
-10.88
-10.88
-3.293
-3.243
-3.243
-3.25
-3.25
-3.293
-7.488
27.178
-9.924
-9.924
-9.924
-3.293
-3.293
-8.309
-8.309
-7.808
-7.808
-7.809
45.191
-10.168
-10.168
-5.938
-3.293
-7.06
39.119
-4.086
-7.264
-7.264
-7.264
-3.293
-3.283
-3.283
-4.948
-17.614
-9.048
-9.162
-7.06
-3.398
-3.398
14.668
183.611
-17.592
-17.592
-17.592
-17.592
-7.971
-7.971
-13.48
-13.48
-13.48
-13.48
-13.48
-16.653
-13.48
41.224
-13.48
-13.48
-13.48
-13.48
-13.48
-13.48
-13.48
-4.212
9.473
-3.293
-6.466
-6.449
-6.457
-6.457
9.359
-24.226
-4.948
-23.603
-23.603
-27.286
-23.603
-23.603
50.163
1.037
-14.175
-14.175
-10.922
-10.922
261.937
-11.485
-19.727
49.1
-8.934
-3.489
-9.31
-9.308
-9.308
-9.31
-7.648
-7.648
-5.224
-5.224
-3.255
-3.217
-3.293
-3.293
-8.533
-8.533
-8.533
-8.533
-8.533
-16.36
-8.533
-8.533
-10.291
-8.533
-11.144
194.936
-6.103
-6.103
13.985
-5.113
-5.113
-8.494
-8.494
-8.494
-8.494
-3.291
-4.948
-26.095
-17.518
-15.151
60.564
-14.237
-14.237
-10.34
-10.34
-10.34
-10.342
-12.84
-12.84
-19.047
-12.84
-12.84
-3.892
-19.047
0.845
-12.84
-15.806
-9.5
2.529
-8.029
-8.029
-16.635
-16.635
-16.635
-16.635
-16.635
-16.635
-16.635
-16.635
-16.635
-16.635
-16.635
-16.635
13.06
238.383
-5.449
-3.293
-3.293
-9.999
-9.999
-9.999
-10.613
-20.101
-10.613
-20.248
90.05
-11.092
18.931
-10.76
-10.76
9.737
6.698
-12.78
-12.78
-12.78
-12.78
-21.517
55.651
-21.517
-12.78
-12.152
-12.152
-14.479
-14.479
-12.152
-12.152
-5.619
-5.619
-3.402
6.633
-7.439
-7.439
3.467
172.03
4.93
-8.754
-3.217
-6.178
-6.178
-6.972
-6.988
-6.972
-11.369
-11.369
-11.369
-11.369
-11.369
-11.369
-11.369
-11.369
-5.992
-5.759
-5.727
-5.727
8.29
-9.599
-9.599
-9.599
-22.83
-22.83
-9.858
-22.83
-22.83
-9.599
-9.599
-9.599
-9.599
-9.599
-9.599
-9.707
-9.707
-9.707
-12.515
-12.506
-12.515
101.788
-16.896
-14.165
-16.896
-16.896
-16.896
-16.896
6.011
-10.575
-12.983
-5.732
-5.732
320.343
-12.629
-23.058
-21.402
-12.629
-12.629
-12.629
-12.629
-12.629
-12.629
-12.629
-12.629
-15.795
10.736
10.736
-20.93
-15.795
-15.795
-16.765
-15.795
-15.795
-15.795
-12.629
-12.629
-12.629
-12.629
-12.629
-12.629
1.055
-12.629
10.392
1.619
-12.066
-7.431
-7.431
-7.431
-7.431
-15.891
2.35
-3.293
-4.948
-3.293
-26.121
-11.881
60.508
-17.184
-11.723
-15.891
-15.891
-9.487
-7.461
-11.865
-11.865
-9.905
40.766
-9.905
-9.903
-11.263
-10.792
0.594
-4.831
0.594
-4.831
-4.831
-12.747
12.571
-12.747
63.655
6.688
-20.615
-11.161
-11.851
-20.477
-11.851
2.524
-11.161
-11.161
-6.942
-6.942
-17.279
-11.442
75.749
-11.442
-11.442
-11.442
-11.442
-14.458
-14.458
-8.788
-16.54
91.47
-31.883
-20.315
-20.315
-20.315
-11.804
-11.804
-11.804
-11.804
-11.804
-11.918
-11.918
-3.983
-11.918
-17.131
-17.131
-4.703
-12.347
-3.281
-17.131
-17.131
-17.131
-12.359
17.098
-4.959
-4.959
-3.293
-4.549
-4.549
-9.785
-9.785
-9.785
1.428
-0.335
-20.822
29.36
-3.262
-10.093
-10.093
-10.094
-11.044
-11.044
74.013
-11.044
-1.135
-14.819
152.764
-1.135
-14.819
-23.755
-23.755
-14.86
-14.86
-14.86
-10.238
-14.86
-12.228
-20.563
-20.515
-20.563
-20.563
-20.563
21.361
101.075
-5.015
-12.051
-10.985
-10.985
43.751
15.214
-13.032
-13.032
-13.032
-5.992
-5.992
-5.992
-13.884
29.86
-13.889
-11.186
-8.617
-8.617
-5.847
-5.847
-5.847
-12.487
-12.487
-12.487
-10.198
-10.198
96.297
125.33
-14.232
-14.232
-15.645
-14.232
-14.232
-21.324
-14.232
-3.537
-3.537
-13.544
-13.544
-4.013
-3.293
-12.748
-3.293
-3.293
34.158
-24.554
51.509
-20.096
-12.127
-11.707
-12.127
1.557
-11.612
-11.612
-10.115
-10.115
-4.39
-4.39
-11.433
47.977
-5.944
-5.944
-5.944
-0.382
-11.12
-11.12
-19.681
62.225
-19.681
-19.681
-11.12
-11.12
-11.12
-11.12
-11.12
-11.12
-11.12
-11.12
-19.681
-19.681
-19.681
-11.854
1.83
-12.922
-28.39
-11.854
-23.617
42.875
-17.924
-11.854
-5.513
-3.293
-25.333
-25.333
-25.333
111.309
-15.055
-15.055
-9.361
-9.361
-9.361
-9.361
-8.797
-8.797
-8.797
-8.797
-8.797
-8.797
-14.258
-8.797
-8.797
-8.797
-8.797
-8.797
-8.797
-8.797
-10.411
-25.031
14.108
0.198
-13.044
-13.044
-13.191
6.531
-23.506
-20.76
-8.16
1.478
-3.293
-3.293
-3.293
-25.404
61.654
-25.404
-5.818
-5.818
-5.818
-5.818
-5.818
-9.583
-9.583
-5.818
-0.888
-6.658
-3.242
-0.031
-13.658
-5.187
-5.187
-6.941
-6.941
-13.958
22.841
-15.187
-0.272
13.279
-9.495
-9.495
-4.522
-8.721
-8.721
-16.704
-16.704
-16.704
-10.761
-10.761
-10.761
-10.761
-9.236
-9.236
-12.914
-12.914
-12.914
-12.914
-12.914
-12.914
-12.914
-12.914
-12.914
-12.914
17.635
37.058
-17.293
-17.293
-9.651
-9.65
-9.65
-9.65
-19.658
-13.299
-13.299
-15.036
9.538
135.858
-15.036
-15.036
-15.036
-15.036
-15.036
-15.036
-13.04
-13.04
-13.04
-13.04
-13.04
-10.76
-10.76
-10.76
-10.76
-10.76
28.095
-5.577
-8.686
-9.642
-9.642
-9.13
-9.13
-9.13
-16.068
-22.429
-22.429
-15.132
-15.132
-7.987
-15.132
-7.987
24.246
-9.47
-9.47
-9.47
-9.47
-9.47
-9.47
-9.47
-11.193
-11.193
342.044
-11.193
-11.193
-11.193
-11.193
-11.193
-11.193
-15.672
-22.283
-17.805
-17.805
-22.283
-22.283
50.61
-17.805
-17.805
-11.193
-11.193
-17.805
16.088
-11.193
-11.193
-11.193
-17.805
-17.805
-11.193
-11.193
-17.805
30.93
-16.937
-16.938
-16.938
-6.863
-6.863
-6.845
-6.845
114.946
-26.044
-15.716
13.377
-15.716
-13.822
-13.822
13.344
-13.822
-13.822
-13.822
-13.822
-13.822
-15.716
-5.144
-5.144
-13.706
-13.706
-5.15
-13.706
-13.706
-18.837
-18.837
-3.293
-3.293
-5.669
-5.501
-5.501
-5.501
-3.398
-3.398
-8.423
-3.293
144.962
-10.052
-10.052
-16.782
-10.801
-16.782
-16.782
-16.782
-16.782
-16.782
-16.782
-16.782
-16.782
-16.782
-16.782
-10.801
-10.801
-10.801
-10.801
-10.801
-10.801
-10.801
-10.801
-10.02
-10.02
-10.02
-15.308
-15.308
-15.308
-15.21
-8.558
-13.268
-13.268
-10.401
40.575
-10.052
-10.052
-10.052
-10.052
-10.052
4.765
-27.162
-27.162
-10.052
3.632
-10.052
-10.052
-20.403
-6.718
-3.293
-10.252
-10.252
-10.252
-10.252
-10.252
-23.775
22.856
-16.816
-16.816
-9.369
-9.369
-9.369
-12.235
-12.235
-12.235
-12.235
-12.235
-12.235
-12.235
69.876
-20.117
-11.175
-11.175
-11.175
-11.175
-11.175
-11.175
-17.457
-17.457
-17.457
-17.457
-8.109
-8.033
5.82
-3.217
-6.395
-6.395
-4.577
-6.395
-6.395
-6.395
-6.395
-11.997
-6.395
-6.395
-11.997
-11.997
-8.895
-8.895
-8.895
-8.895
-8.895
-8.895
-8.895
-8.895
-3.293
-3.279
-3.279
-3.279
22.739
-7.388
-7.388
-17.876
-17.876
-17.876
-10.314
29.085
-18.165
-18.165
-18.165
-18.165
-10.866
-10.866
-10.864
-17.87
-17.87
-17.87
-17.87
-10.866
-10.866
-10.866
-6.842
-6.843
-6.841
-6.841
-6.841
-16.85
-13.299
-13.299
-13.299
120.402
-11.083
-11.083
-9.86
-9.86
-9.86
-9.86
-9.86
-9.86
-9.86
-9.86
-9.86
-7.77
-7.77
23.729
-15.578
-15.578
-15.578
-15.578
-3.287
-7.128
47.591
-11.331
-11.331
-11.331
-11.331
-11.331
-11.331
-11.331
-11.331
-11.331
-11.331
-11.331
-11.331
-11.331
-14.853
-14.853
-14.854
-14.854
-14.854
-11.331
13.011
-6.406
-6.351
-13.348
-13.348
142.317
-13.348
-13.348
-13.348
-13.348
49.811
-8.277
-8.277
5.408
-22.106
-3.293
-19.234
-19.234
-19.234
-19.234
-19.234
-19.234
-19.234
-8.926
-8.926
-8.926
-8.926
-8.926
51.929
-15.745
-15.745
-15.745
-15.745
-8.277
5.408
-8.277
-3.292
12.315
-3.293
-7.449
6.203
-3.219
-7.523
-7.523
-11.969
-11.969
-11.969
-11.969
-11.969
-11.969
-11.969
-11.969
-11.969
-11.969
-11.969
-9.489
-9.489
-9.489
-2.84
-3.351
-11.359
-11.359
-3.277
-4.199
-4.199
-4.199
-4.199
-4.199
-4.199
-4.199
-4.199
-4.855
-6.857
-6.857
-6.857
-9.96
-9.96
-9.96
-9.96
-9.96
-5.444
-5.444
-4.948
-3.293
-11.855
-11.855
-11.855
-11.855
-11.855
-11.855
-11.855
-11.855
-8.709
-8.709
85.086
-17.33
-14.89
-22.265
32.588
-19.518
-19.518
-23.105
38.092
-23.105
-15.318
7.876
36.765
-11.617
-11.617
-11.617
-7.92
-11.508
-11.508
-11.508
15.861
-11.508
-5.44
-7.062
143.441
-12.986
-3.293
-6.0
-6.0
6.695
-8.573
-8.573
-8.573
-8.574
-8.574
58.553
-13.858
-17.913
-3.217
-6.988
-6.989
-6.989
-3.217
-5.051
-5.051
-12.986
-12.986
-9.14
-12.688
17.28
-13.302
-13.302
-9.14
-9.14
-12.718
-13.302
-13.302
-13.302
-13.302
-9.217
-9.217
-9.217
-3.293
-9.363
-9.363
-9.363
-9.484
34.264
-9.484
-9.484
-11.729
-11.729
-11.729
-11.729
-9.484
5.568
5.568
-12.932
-12.932
-6.296
-13.932
-5.095
-12.205
39.124
-0.323
-12.205
-10.865
15.261
-4.747
-4.747
91.804
-10.385
10.391
-2.586
-10.438
-10.438
-10.438
-10.438
-10.438
-10.438
-10.438
-10.438
-10.438
-10.438
-10.438
-10.438
-10.438
-10.438
-10.438
-4.948
-7.07
-7.07
-7.085
-20.052
-20.052
-7.801
-7.798
-7.798
-8.599
-8.599
-8.599
-7.153
-12.475
-12.475
-12.475
-12.475
84.335
-7.019
-7.019
-7.019
-7.018
-7.018
-7.019
-7.019
-15.224
-7.05
-7.05
-7.05
-11.868
-11.868
-11.868
-4.948
5.141
-3.293
-8.544
-8.544
-11.646
-8.544
-8.544
-8.544
-8.544
-8.544
-11.646
-8.544
-6.39
-6.39
-6.39
-6.39
-7.398
-4.485
-7.296
-7.614
-9.828
-9.828
-9.828
-20.976
-9.828
-9.828
-9.828
-9.828
8.821
8.821
-8.821
-8.821
-8.821
-11.868
-11.868
-4.948
-11.792
-11.792
15.577
-11.792
-11.763
-11.792
-11.792
-17.442
7.764
-4.846
-14.441
-14.441
-17.222
13.048
-6.035
-6.035
-11.598
20.712
23.962
-20.45
-6.815
-6.815
-6.815
-6.815
-6.815
-6.815
-6.815
-6.963
-6.963
-8.816
4.868
-8.816
-8.816
29.562
-11.451
-11.451
-11.451
-19.019
-19.019
15.852
-22.701
-21.831
43.152
-3.292
-8.816
-8.816
-8.816
-7.594
-7.594
-7.614
-10.861
-6.942
-6.942
80.68
-12.083
-12.083
-21.831
-21.831
-12.083
-12.083
18.722
-8.515
-8.721
-8.721
-18.723
-18.723
44.104
-13.083
-8.933
-8.933
-8.651
-8.651
-4.117
-11.75
-11.75
-11.75
-11.75
-11.75
-5.016
-10.584
-10.583
-10.584
-10.583
-5.818
-5.818
-5.807
-5.807
-7.988
-6.97
-6.97
-12.388
-8.458
-8.458
-11.596
-11.596
-6.941
-6.941
6.697
-11.171
-8.071
-6.945
-6.945
-3.293
-3.293
-7.121
202.453
-7.121
-20.806
-20.806
-20.806
-20.806
-20.806
-11.903
-13.357
-11.903
-13.398
-13.398
-13.398
-13.398
-11.903
-11.903
-11.903
-12.195
-12.195
-3.293
-4.948
-7.614
-7.594
-7.594
-10.564
38.658
-12.756
-12.769
1.132
-12.769
-21.439
-21.439
-7.898
-3.299
-11.975
-11.975
-11.975
-11.975
-3.293
-6.941
-6.941
-3.293
-6.0
-6.0
-3.217
7.952
-5.831
-4.948
-7.112
-7.1
-7.1
6.893
-8.296
-3.274
-4.048
45.714
-10.788
-9.61
-11.055
-11.055
-11.055
-22.997
-4.948
-21.626
-21.626
150.227
-21.626
-21.626
-21.626
26.473
-21.626
-11.271
-11.271
-11.271
-11.271
-11.271
-6.937
-10.004
-10.004
-10.004
-3.293
-10.855
-10.855
-12.228
-10.254
51.049
-10.254
-12.228
-12.228
-12.228
-12.209
-2.838
-12.228
-3.293
-16.425
3.053
28.078
-11.737
5.704
-16.425
15.593
11.89
-21.121
-1.125
-21.121
-26.545
-16.906
-21.121
-14.809
-8.662
-8.662
-5.389
35.626
-15.272
-9.605
-9.605
-9.605
4.08
-3.293
-3.293
-3.293
-6.845
-6.855
-6.855
-3.293
-3.248
-3.248
-7.77
-7.77
-7.77
-7.77
-7.77
-3.249
-3.249
-3.293
-7.252
-3.293
-4.322
-4.322
-3.217
-7.252
-3.923
-11.208
-11.208
-11.208
-11.208
-11.208
-11.208
-11.208
-3.293
-20.312
21.438
-20.312
-20.312
-13.22
-13.22
-10.385
-10.385
-10.385
-10.385
-4.948
-11.188
-11.188
-13.042
-3.293
-17.328
45.613
-17.328
-10.944
-14.18
-14.18
-14.18
4.748
-3.232
-9.186
-9.186
-9.186
-3.293
-3.278
-17.292
-17.292
22.531
-12.643
-12.643
-6.996
-6.996
-4.95
6.059
-8.108
36.686
3.994
-13.39
-8.115
-18.316
-8.567
0.644
-13.041
-13.041
-13.041
-3.293
-10.35
-10.35
-1.094
5.969
-4.948
-7.796
-12.029
-12.029
-12.029
-12.029
-12.029
-10.904
-10.904
-10.904
-10.904
-10.904
-10.904
-10.48
-10.48
3.818
-19.257
-12.069
-12.302
-12.302
-12.302
-3.229
-4.948
-11.866
-11.866
-11.866
-3.293
-7.779
-6.393
16.08
-10.596
-10.596
-10.596
-3.217
-4.948
-7.194
-3.271
-7.484
-7.602
23.407
-3.293
-3.233
-3.233
-8.662
-8.662
-5.423
-5.423
-4.948
2.751
-9.284
-9.279
-5.572
-5.572
-4.948
-6.112
69.953
-15.655
-22.279
-15.655
-15.655
-15.655
-22.279
96.044
-9.916
-9.916
-9.916
-9.916
-9.916
-9.916
-9.916
-8.06
-8.06
-11.463
-15.398
-15.398
-15.398
-12.142
-12.142
-8.851
-8.851
-8.851
-8.857
-3.388
