0.008986
0.218852
0.026402
0.00015
0.0001
0.0003
0.000725
0.000653
0.012723
0.03931
0.006064
0.0001
0.0001
0.338417
1.000085
0.953666
0.003538
0.995909
0.169859
0.000115
0.997977
0.00425
0.0001
0.000101
0.006852
0.000141
0.000146
0.000505
0.000279
0.9983
0.005457
0.0001
0.001495
0.999521
0.004801
0.0001
0.012935
0.999643
0.988859
0.0001
0.37098
0.000112
0.509952
0.489928
0.000969
0.999962
0.001249
0.059898
0.0001
0.005411
0.0307
1.000041
0.000145
0.000363
0.002731
0.000102
0.000308
0.995374
0.000101
0.00234
0.002175
0.000838
