0.048531
0.010936
0.037542
0.087417
0.026659
0.924284
0.039758
0.038425
0.77393
0.006952
0.045257
0.269149
0.024191
0.022834
0.016277
0.638679
0.005278
0.014134
0.131236
0.048497
0.029049
0.103861
0.048802
0.009032
0.022019
0.002782
0.210116
0.012671
0.032575
0.041787
0.010547
0.011289
0.116728
0.008899
0.052093
0.076148
0.009045
1.0001
0.964337
0.02904
0.004645
0.022995
0.010496
0.004319
0.562754
0.018033
0.031388
0.055011
0.020891
0.007121
0.007264
0.035762
0.012737
0.162574
0.013234
0.00578
0.031992
0.988539
0.00992
0.005968
0.01953
0.073402
0.07462
0.021122
0.008034
0.005219
0.217402
0.017035
0.198836
0.167539
0.025306
0.018798
0.006493
0.004588
0.007856
0.081465
0.004022
0.015199
0.020791
0.049323
0.010581
0.962344
0.00338
0.007573
0.015285
0.009084
0.028227
0.033176
0.048973
0.033489
0.411055
0.039806
0.860535
0.003681
0.004444
0.016695
0.058659
0.000763
0.13093
0.025701
0.54047
0.879748
0.003652
0.012151
0.024101
0.02452
0.431009
0.044115
0.011618
0.005414
0.194387
0.013047
0.070663
0.597245
0.003849
0.024941
0.067591
0.018702
0.030188
0.034845
0.004532
0.01236
0.00815
0.318238
0.004105
0.619202
0.015389
0.027987
0.003991
0.041615
0.007848
0.007197
0.005154
0.016583
0.004135
0.024362
0.079752
0.406756
0.011978
0.020154
0.008056
0.003411
0.000763
0.038141
0.948211
0.00435
0.055986
0.049843
0.247255
0.05068
0.015399
0.129837
0.464303
0.038291
0.039515
0.007142
0.044998
0.025741
0.013463
0.053103
0.006236
0.007841
0.019822
0.016487
0.027366
0.006348
0.015348
0.014182
0.148735
0.030573
0.677023
0.019698
0.011869
0.852852
0.032211
0.550731
0.020448
0.066502
0.009524
0.00787
0.086288
0.01101
0.005932
0.028682
0.088949
0.021509
0.017727
0.518429
0.939362
0.011913
0.066767
0.003978
0.040756
0.00376
0.082031
0.032068
0.004473
0.003206
0.00787
0.127103
0.087455
0.003308
0.007795
0.06353
0.969467
0.00751
0.801177
0.322649
0.005884
0.022041
0.097898
0.069145
0.004279
0.004591
0.995728
0.011722
0.018297
0.009496
0.031004
0.010521
0.024857
0.038161
0.005802
0.003454
0.003736
0.047026
0.0677
0.615928
0.120337
0.00324
0.014584
0.678159
0.021241
0.023494
0.003242
0.006309
0.011475
0.584664
0.052065
0.912005
0.953388
0.003912
0.004358
0.004861
0.019246
0.021744
0.084711
0.014817
0.026885
0.995377
0.02232
0.02545
0.008975
0.004296
0.003266
0.195479
0.631827
0.597364
0.947182
0.461812
0.794056
0.004953
0.004105
0.019034
0.042274
0.005822
0.014138
0.005017
0.304935
0.322995
0.108262
0.041973
0.019763
0.977661
0.01792
0.089028
0.691786
0.077079
0.004928
0.024492
0.009229
0.010005
0.006978
0.045085
0.041035
0.004614
0.04842
0.003176
0.887867
0.029196
0.004373
0.003379
0.007635
0.049375
0.045006
0.102403
0.977093
0.01413
0.008598
0.046347
0.077802
0.032882
0.00833
0.003881
0.020951
0.019691
0.706315
0.014038
0.056063
0.004589
0.082338
0.009784
0.075543
0.032041
0.008496
0.024004
0.785966
0.030635
0.022064
0.013505
0.082171
0.024964
0.013804
0.019058
0.093452
0.446264
0.078415
0.010048
0.110318
0.110244
0.028322
0.002673
0.014833
0.009227
0.008753
0.043679
0.060052
0.004571
0.015621
0.051035
0.005199
0.004798
0.032214
0.071668
0.039246
0.024474
0.066896
0.038701
0.054421
0.017012
0.010075
0.003389
0.912875
0.021161
0.416952
0.015762
0.003522
0.020685
0.059401
0.004084
0.055995
0.024086
0.01062
0.05931
0.012986
0.073219
0.006276
0.339545
0.080147
0.015258
0.255466
0.041685
0.263056
0.023117
0.004434
0.010864
0.006475
0.069653
0.043658
0.030935
0.011726
0.096471
0.018893
0.009034
0.259728
0.993552
0.017583
0.017423
0.065626
0.003693
0.076902
0.062715
0.055397
0.004477
0.071818
0.037176
0.983494
0.015462
0.429393
0.275399
0.006116
0.073184
0.031075
0.062622
0.08297
0.222342
0.060704
0.093597
0.085246
0.293376
0.022034
0.975268
0.074039
0.1136
0.033064
0.013584
0.064905
0.279114
0.087598
0.021292
0.021859
0.028785
0.048858
0.024937
0.032169
0.039638
0.006101
0.015299
0.00932
0.01045
0.015874
0.013717
0.006439
0.040694
0.00901
0.853559
0.008862
0.003694
0.008415
0.009627
0.017728
0.058509
0.01224
0.013141
0.038371
0.019503
0.005884
0.030457
0.048075
0.058155
0.958371
0.008001
0.11552
0.010713
0.056969
0.011784
0.048482
0.936809
0.004754
0.04068
0.003129
0.078473
0.025168
0.027149
0.031707
0.033172
0.43276
0.049845
0.026762
0.834112
0.022365
0.021495
0.045789
0.078193
0.647545
0.254138
0.04295
0.028972
0.045719
0.239466
0.010882
0.018765
0.291138
0.008726
0.023679
0.070434
0.418916
0.406604
0.40179
0.020808
0.19391
0.102703
0.034182
0.007168
0.020375
0.337361
0.328862
0.025485
0.031318
0.019204
0.007225
0.012166
0.14727
0.018939
0.730266
0.040963
0.077602
0.003113
0.043124
0.077417
0.027521
0.028563
0.023464
0.057817
0.91197
0.998539
0.064052
0.043432
0.003019
0.020932
0.010656
0.004341
0.011955
0.014549
0.043833
0.073393
0.901579
0.034702
0.031762
0.03519
0.929675
0.004916
0.086756
0.017962
0.018852
0.011675
0.074731
0.027789
0.020023
0.057801
0.007119
0.036708
0.041711
0.004727
0.894244
0.017509
0.094901
0.013307
0.675454
0.008335
0.062224
0.031456
0.016411
0.024209
0.01528
0.069365
0.017841
0.630102
0.769675
0.005303
0.049963
0.013792
0.092665
0.011315
0.005239
0.025296
0.004551
0.011134
0.007754
0.035735
0.051493
0.003853
0.003317
0.131975
0.324571
0.060907
0.332357
0.041226
0.026313
0.003613
0.048029
0.938323
0.049671
0.013291
0.006092
0.020935
0.004176
0.015845
0.054602
0.033991
0.062231
0.024094
0.015697
0.178888
0.019692
0.955052
0.004253
0.080497
0.064675
0.070811
0.015674
0.038957
0.015851
0.094416
0.214592
0.009444
0.013164
0.024043
0.066789
0.582319
0.102176
0.009542
0.058895
0.003432
0.143686
0.05605
0.188908
0.017625
0.653911
0.00403
0.026567
0.365398
0.004904
0.523446
0.408219
0.008805
0.003286
0.083656
0.016676
0.006554
0.068026
0.473016
0.009659
0.005223
0.01916
0.158064
0.408363
0.107725
0.006986
0.011766
0.160075
0.003924
0.033216
0.142737
0.026017
0.003582
0.019478
0.024755
0.050028
0.007407
0.019254
0.029285
0.011322
0.003891
0.096666
0.082943
0.065173
0.009499
0.004761
0.035311
0.494821
0.060205
0.551821
0.021317
0.036598
0.617506
0.045354
0.014835
0.108795
0.006068
0.012605
0.005054
0.031643
0.003572
0.076809
0.008258
0.815525
0.007132
0.081702
0.163288
0.014553
0.005943
0.010243
0.672083
0.00649
0.030701
0.067954
0.051187
0.051961
0.038325
0.997833
0.29529
0.050753
0.043138
0.077006
0.022174
0.022207
0.003779
0.975618
0.05866
0.999567
0.01078
0.104954
0.009041
0.004633
0.049483
0.003847
0.239304
0.006661
0.045955
0.022399
0.090063
0.062136
0.049772
0.054845
0.13342
0.116767
0.009479
0.051038
0.010661
0.015425
0.040326
0.025986
0.011576
0.027987
0.655063
0.025256
0.023093
0.005884
0.101444
0.012053
0.110882
0.038795
0.025901
0.018923
0.186578
0.774332
0.021694
0.202165
0.006285
0.006438
0.230392
0.017926
0.880877
0.016456
0.004233
0.052894
0.004335
0.667827
0.03916
0.012203
0.004074
0.024295
0.003799
0.012734
0.00824
0.10102
0.015639
0.012281
0.063403
0.007456
0.016108
0.004614
0.034271
0.003456
0.004532
0.385943
0.923931
0.04682
0.881691
0.057723
0.009188
0.020979
0.027252
0.007171
0.016471
0.039513
0.824672
0.051478
0.020012
0.032007
0.016315
0.031692
0.006817
0.026005
0.06264
0.005136
0.036776
0.204933
0.057646
0.917103
0.186022
0.714991
0.07889
0.021612
0.004666
0.085206
0.801162
0.007433
0.04543
0.005233
0.041892
0.027095
0.051115
0.076366
0.004633
0.081657
0.01993
0.436764
0.00627
0.018355
0.018258
0.003797
0.9807
0.032756
0.00295
0.012473
0.003273
0.136101
0.038996
0.01048
0.004026
0.289629
0.0108
0.769445
0.979657
0.742738
0.12247
0.013361
0.004527
0.683416
0.005322
0.087282
0.026788
0.131524
0.013593
0.052767
0.750073
0.169067
0.004916
0.0077
0.004796
0.046832
0.022251
0.016638
0.178463
0.087939
0.023877
0.010852
0.011457
0.010984
0.922311
0.010163
0.046766
0.007214
0.010783
0.004671
0.249786
0.065813
0.023331
0.302528
0.955369
0.119662
0.008501
0.015774
0.004319
0.009551
0.093806
0.349922
0.006528
0.011142
0.117044
0.347424
0.08593
0.006538
0.035565
0.033057
0.066129
0.033955
0.006233
0.064925
0.390521
0.051634
0.09379
0.028062
0.012119
0.065819
0.006769
0.007048
0.038988
0.009727
0.027401
0.007124
0.050131
0.021183
0.086885
0.024929
0.008827
0.041147
0.005035
0.017596
0.017035
0.010441
0.009542
0.091848
0.913423
0.003564
0.005648
0.01351
0.014597
0.024047
0.246295
0.007
0.020498
0.004249
0.185555
0.012161
0.007336
0.081737
0.020003
0.03796
0.017183
0.010547
0.003763
0.528934
0.00941
0.536566
0.987761
0.073168
0.086728
0.732488
0.012079
0.003554
0.043113
0.38
0.038359
0.039078
0.019687
0.016118
0.005377
0.029393
0.262626
0.007737
0.058327
0.00539
0.004186
0.399099
0.009567
0.022507
0.011508
0.994303
0.006515
0.025353
0.030174
0.034977
0.39124
0.062459
0.091024
0.0456
0.014994
0.004489
0.037116
0.88472
0.969088
0.036638
0.994836
0.011167
0.005059
0.093635
0.987
0.96691
0.030889
0.04896
0.008968
0.003601
0.17697
0.122294
0.004503
0.007847
0.009233
0.026651
0.006704
0.032133
0.989703
0.022894
0.039851
0.003704
0.057188
0.006291
0.021248
0.019928
0.010823
0.745311
0.009352
0.008125
0.010696
0.022855
0.123348
0.064449
0.022956
0.082782
0.03795
0.004984
0.013775
0.0119
0.144926
0.662379
0.017784
0.038724
0.059705
0.094431
0.005128
0.037224
0.033843
0.011895
0.12933
0.087991
0.013772
0.007134
0.085925
0.005569
0.307737
0.144098
0.842099
0.07512
0.007499
0.037908
0.039716
0.006471
0.087045
0.532597
0.606947
0.006441
0.085065
0.295932
0.058556
0.947172
0.019338
0.004634
0.008816
0.016764
0.016279
0.121149
0.014136
0.076074
0.003544
0.006015
0.062615
0.024845
0.002987
0.039631
0.005624
0.62533
0.047581
0.179887
0.914764
0.008513
0.009891
0.011706
0.005396
0.190758
0.02758
0.021134
0.378555
0.020356
0.217515
0.056773
0.032515
0.086874
0.020484
0.072021
0.014281
0.004559
0.979952
0.014263
0.003141
0.007051
0.032709
0.013607
0.005146
0.043876
0.50176
0.011324
0.008531
0.947751
0.017412
0.018302
0.025552
0.007862
0.010327
0.00896
0.018591
0.969079
0.340789
0.008264
0.005596
0.038691
0.009471
0.185544
0.022744
0.008189
0.074076
0.103962
0.003677
0.172086
0.004418
0.014842
0.785242
0.004059
0.047802
0.097079
0.201751
0.084677
0.067324
0.014242
0.005069
0.009279
0.751215
0.041222
0.00815
0.356151
0.948271
0.066134
0.993942
0.029694
0.005429
0.037276
0.0068
0.872943
0.999439
0.040476
0.004805
0.364778
0.065532
0.904634
0.062447
0.025188
0.042547
0.008162
0.015834
0.005804
0.07326
0.023253
0.393725
0.006488
0.968996
0.085036
0.210008
0.018708
0.018663
0.039694
0.015307
0.00619
0.37562
0.029449
0.033544
0.014087
0.010047
0.045495
0.005396
0.541329
0.03918
0.015844
0.007937
0.58063
0.999238
0.180105
0.008151
0.817231
0.005024
0.022831
0.275699
0.025806
0.012085
0.029383
0.928658
0.151038
0.019307
0.062936
0.031139
0.016578
0.006807
0.004537
0.04732
0.006061
0.087232
0.035284
0.022778
0.01401
0.006066
0.550071
0.457854
0.008453
0.007758
0.006864
0.007796
0.007841
0.004111
0.073522
0.016311
0.093123
0.503304
0.019668
0.043809
0.00504
0.010754
0.248359
0.005379
0.149417
0.004349
0.959819
0.048917
0.014894
0.005767
0.051163
0.00909
0.04016
0.037168
0.041875
0.592631
0.003737
0.007153
0.074012
0.439995
0.004186
0.008724
0.01239
0.005797
0.075447
0.005446
0.154279
0.028633
0.453166
0.163424
0.044941
0.007814
0.020777
0.037528
0.047018
0.071938
0.005906
0.050496
0.34096
0.015882
0.019864
0.020258
0.007404
0.050384
0.105164
0.026597
0.083604
0.190029
0.0197
0.15733
0.09052
0.00957
0.005429
0.933897
0.239492
0.024023
0.063619
0.184081
0.037535
0.01318
0.032936
0.029357
0.315012
0.068846
0.026185
0.285378
0.645507
0.005948
0.059964
0.032548
0.112337
0.020498
0.452835
0.420939
0.003944
0.148347
0.965541
0.004972
0.043642
0.740463
0.005695
0.505334
0.025586
0.997446
0.078536
0.084999
0.05339
0.00977
0.423915
0.686245
0.949119
0.003286
0.00633
0.022463
0.040259
0.071599
0.05504
0.046849
0.004738
0.025211
0.004365
0.003779
0.019905
0.042951
0.013105
0.912972
0.054786
0.051193
0.271156
0.022576
0.007859
0.643673
0.035907
0.063169
0.558868
0.00319
0.045559
0.035282
0.004009
0.199849
0.04711
0.002662
0.476621
0.012029
0.030369
0.043274
0.025149
0.206321
0.02146
0.201536
0.029874
0.219619
0.07288
0.021146
0.547011
0.37228
0.02767
0.004628
0.075255
0.003404
0.177352
0.610888
0.017435
0.189196
0.188045
0.137154
0.397119
0.015814
0.002913
0.890951
0.025602
0.044675
0.608966
0.660562
0.210016
0.023841
0.119968
0.016941
0.028242
0.008725
0.005884
0.725681
0.012872
0.159137
0.021173
0.006215
0.011897
0.968555
0.035551
0.180868
0.047586
0.022616
0.557347
0.030725
0.079707
0.055864
0.400064
0.020881
0.00546
0.018096
0.051675
0.051408
0.06864
0.058388
0.00955
0.021427
0.016098
0.00957
0.019566
0.018039
0.058973
0.013537
0.043119
0.025122
0.009429
0.969921
0.027154
0.070418
0.015677
0.079701
0.14718
0.031777
0.551975
0.004321
0.003272
0.015781
0.013341
0.1016
0.007446
0.101088
0.013863
0.051371
0.030267
0.652819
0.004614
0.004825
0.251641
0.009501
0.01012
0.136078
0.04779
0.965861
0.007192
0.005673
0.016969
0.295701
0.490965
0.026562
0.088957
0.003621
0.02151
0.029412
0.012885
0.01836
0.004768
0.020887
0.025921
0.014817
0.976118
0.0455
0.014903
0.104962
0.250774
0.004959
0.005681
0.200604
0.138958
0.403506
0.073692
0.007523
0.012092
0.023695
0.02187
0.050419
0.030757
0.047045
0.040633
0.022137
0.085557
0.391003
0.015045
0.182505
0.008118
0.553881
0.05211
0.017824
0.003683
0.032412
0.030036
0.036322
0.287905
0.823153
0.058065
0.004064
0.055518
0.025009
0.044619
0.088826
0.003705
0.00651
0.019372
0.516477
0.043349
0.019689
0.062312
0.01924
0.007464
0.007323
0.053438
0.010986
0.127203
0.00555
0.003569
0.058227
0.966633
0.008564
0.052016
0.087627
0.022974
0.014844
0.024417
0.057144
0.032616
0.951332
0.006947
0.15996
0.436712
0.028895
0.003592
0.009326
0.526016
0.027996
0.028529
0.011751
0.088197
0.03526
0.026564
0.004646
0.616967
0.016273
0.978525
0.037992
0.02281
0.030676
0.008057
0.966482
0.008373
0.081172
0.008199
0.005208
0.00437
0.116344
0.006485
0.032999
0.358991
0.014513
0.248405
0.582327
0.675533
0.200301
0.057466
0.030095
0.064233
0.472578
0.033171
0.96986
0.052789
0.973392
0.007632
0.025614
0.021865
0.064443
0.004659
0.009378
0.005948
0.004619
0.022452
0.051644
0.815731
0.004423
0.009648
0.933487
0.011456
0.020393
0.504279
0.977132
0.011138
0.020266
0.018579
0.990916
0.003998
0.04173
0.042643
0.010967
0.010561
0.005272
0.151454
0.158146
0.041592
0.657025
0.070205
0.015891
0.046417
0.012032
0.022728
0.007571
0.180227
0.057931
0.05323
0.004669
0.048236
0.021162
0.037082
0.03016
0.054405
0.000763
0.284789
0.077353
0.030714
0.077028
0.019586
0.300568
0.031418
0.074443
0.037164
0.010498
0.004913
0.602942
0.016525
0.056489
0.982816
0.081185
0.011413
0.016525
0.023992
0.003455
0.06093
0.337909
0.114428
0.117285
0.017923
0.007674
0.22415
0.00917
0.973176
0.048384
0.009193
0.229507
0.003158
0.395954
0.067392
0.054363
0.033508
0.997727
0.043482
0.003544
0.003124
0.815101
0.00349
0.011177
0.053935
0.877178
0.059852
0.35657
0.733449
0.29807
0.003447
0.009764
0.723102
0.028298
0.003553
0.030545
0.026577
0.009309
0.057537
0.00477
0.010778
0.08163
0.009316
0.004557
0.179359
0.08056
0.491779
0.911579
0.186583
0.004751
0.008953
0.071105
0.458397
0.029515
0.070657
0.031596
0.98662
0.017697
0.016321
0.011793
0.006366
0.026733
0.017525
0.071131
0.420184
0.012
0.21318
0.00447
0.185585
0.049775
0.990439
0.342515
0.009392
0.045392
0.003314
0.025483
0.030867
0.013762
0.448905
0.021862
0.003761
0.059239
0.462642
0.022812
0.066443
0.005725
0.086628
0.058214
0.010454
0.095941
0.040384
0.140838
0.202007
0.032851
0.022129
0.003608
0.048811
0.018561
0.015819
0.034511
0.008018
0.019671
0.017383
0.270839
0.019813
0.080457
0.207074
0.005155
0.026434
0.016701
0.79653
0.006626
0.022259
0.019269
0.003063
0.006167
0.00547
0.042616
0.029288
0.009243
0.080688
0.006155
0.026481
0.266027
0.024062
0.0067
0.011553
0.105658
0.012034
0.039327
0.023426
0.010535
0.01246
0.199875
0.00688
0.005818
0.035077
0.000763
0.008413
0.048319
0.021745
0.014238
0.008525
0.087728
0.084432
0.004912
0.004819
0.003415
0.010622
0.503618
0.052495
0.010702
0.015427
0.01482
0.78025
0.052738
0.0311
0.931501
0.529602
0.003942
0.048273
0.009539
0.02134
0.005054
0.004304
0.0237
0.004111
0.025255
0.027952
0.010573
0.033148
0.00369
0.043688
0.009752
0.804161
0.021352
0.021487
0.046841
0.005408
0.063552
0.025568
0.024487
0.005818
0.022823
0.009742
0.747849
0.003235
0.006055
0.057616
0.022061
0.035531
0.066538
0.055
0.318982
0.021121
0.36662
0.016187
0.005615
0.967498
0.021706
0.013229
0.025825
0.031992
0.010982
0.377144
0.003937
0.043898
0.031801
0.006383
0.632072
0.003848
0.018309
0.007854
0.004614
0.019701
0.406409
0.068997
0.034533
0.005453
0.059098
0.161948
0.006612
0.661856
0.029131
0.086292
0.155695
0.087711
0.331234
0.02623
0.439331
0.007575
0.034097
0.048131
0.074531
0.015165
0.023444
0.016308
0.026146
0.018226
0.007663
0.023038
0.094984
0.019861
0.047356
0.006417
0.452986
0.006406
0.065359
0.048578
0.203679
0.024579
0.005102
0.580858
0.058927
0.066279
0.208491
0.993767
0.003076
0.008075
0.944102
0.744266
0.399507
0.002594
0.028515
0.018559
0.017835
0.041576
0.016533
0.574692
0.019726
0.992269
0.08158
0.117282
0.406751
0.095896
0.011306
0.007528
0.020821
0.061205
0.041272
0.005054
0.075203
0.053636
0.035655
0.014075
0.0137
0.00941
0.200948
0.020684
0.764024
0.0056
0.012994
0.020851
0.0133
0.00762
0.008217
0.03583
0.068188
0.191223
0.04869
0.021411
0.007149
0.021636
0.065344
0.166933
0.715275
0.04371
0.007694
0.039822
0.191298
0.008679
0.361913
0.01103
0.012823
0.269014
0.030432
0.05012
0.100036
0.136385
0.271119
0.033319
0.999658
0.114915
0.04033
0.950291
0.009425
0.02136
0.158236
0.034078
0.024227
0.04033
0.006593
0.004061
0.017829
0.007324
0.033069
0.755283
0.032719
0.016351
0.030202
0.008125
0.008714
0.029092
0.005103
0.019724
0.022345
0.052806
0.008917
0.048148
0.017072
0.023138
0.015104
0.005553
0.007007
0.072608
0.039725
0.02521
0.05608
0.00704
0.034791
0.01251
0.992449
0.056157
0.091486
0.040462
0.976849
0.040986
0.005601
0.003695
0.389306
0.019852
0.06728
0.62783
0.334251
0.124408
0.06902
0.997517
0.424765
0.052049
0.037185
0.357463
0.009156
0.014632
0.007194
0.024777
0.020862
0.002953
0.077085
0.007779
0.003893
0.006161
0.226919
0.004264
0.019436
0.973679
0.008793
0.026396
0.0523
0.09965
0.060388
0.02237
0.087271
0.006239
0.018625
0.185091
0.008754
0.071428
0.128496
0.050796
0.935456
0.005228
0.005772
0.017464
0.061766
0.006219
0.003421
0.040069
0.14806
0.016078
0.015707
0.908157
0.077452
0.038463
0.004755
0.259907
0.076508
0.197835
0.088952
0.0415
0.003635
0.032597
0.044081
0.00739
0.103059
0.027784
0.003859
0.999777
0.059483
0.007583
0.025578
0.003479
0.015501
0.008573
0.99366
0.042832
0.020416
0.056674
0.058693
0.159227
0.007334
0.054128
0.918739
0.005771
0.065868
0.252149
0.053211
0.08197
0.05291
0.006195
0.031138
0.018435
0.086997
0.006202
0.021564
0.353442
0.868165
0.966984
0.021567
0.209395
0.003645
0.009536
0.006498
0.890534
0.004704
0.758986
0.769775
0.05203
0.671714
0.342955
0.026946
0.066873
0.679259
0.006373
0.950559
0.367165
0.006576
0.016696
0.080512
0.006855
0.01284
0.066515
0.063622
0.0149
0.003679
0.203526
0.55688
0.141063
0.008693
0.020804
0.018493
0.015813
0.012289
0.043602
0.31083
0.016391
0.085669
0.005164
0.057082
0.029651
0.010692
0.015278
0.024286
0.029635
0.011229
0.007053
0.019787
0.038869
0.364746
0.029874
0.049541
0.217873
0.015806
0.034307
0.002962
0.025449
0.037922
0.011997
0.592413
0.262893
0.003496
0.023544
0.066258
0.010839
0.01462
0.023787
0.978785
0.275549
0.817335
0.035247
0.00452
0.249514
0.000769
0.028752
0.013744
0.11892
0.0053
0.276884
0.803817
0.036147
0.01071
0.143366
0.027394
0.84864
0.016832
0.031243
0.02716
0.004608
0.071521
0.012775
0.000763
0.020616
0.014637
0.009043
0.026614
0.016555
0.00701
0.019548
0.006267
0.484798
0.095128
0.056224
0.018942
0.008376
0.018538
0.011132
0.019472
0.212069
0.038559
0.041429
0.245786
0.003283
0.03771
0.011291
0.029916
0.031586
0.027106
0.833197
0.021353
0.067456
0.306545
0.003395
0.084229
0.007049
0.067942
0.006066
0.352366
0.048153
0.061313
0.024643
0.268779
0.033508
0.0574
0.080759
0.007371
0.810789
0.358708
0.02485
0.029268
0.029322
0.02189
0.50995
0.032064
0.439524
0.022851
0.007932
0.012422
0.903401
0.038016
0.04833
0.070169
0.014115
0.014728
0.481293
0.38883
0.038066
0.003336
0.954958
0.00909
0.005196
0.177212
0.087315
0.094277
0.046989
0.03171
0.434444
0.010928
0.737405
0.957656
0.019625
0.004566
0.06973
0.014643
0.006024
0.077946
0.20183
0.067179
0.18797
0.029067
0.003873
0.069543
0.004038
0.041113
0.00554
0.011892
0.036383
0.104249
0.009947
0.006816
0.246836
0.033764
0.065809
0.027365
0.088412
0.017043
0.154778
0.077256
0.952059
0.033491
0.009581
0.070972
0.073019
0.151308
0.049886
0.158434
0.058932
0.033284
0.025985
0.202126
0.013763
0.996863
0.028873
0.004714
0.011869
0.445614
0.020099
0.998999
0.030388
0.482289
0.059926
0.044835
0.005817
0.077158
0.004346
0.336069
0.850433
0.143149
0.041154
0.047193
0.040982
0.023722
0.003098
0.949135
0.080452
0.003776
0.005026
0.045319
0.282234
0.005632
0.089721
0.015137
0.107626
0.024145
0.008011
0.041074
0.15222
0.01399
0.126415
0.002617
0.903225
0.015082
0.007197
0.014244
0.033632
0.004791
0.227087
0.074031
0.01254
0.028646
0.013313
0.01264
0.012185
0.022636
0.344828
0.121578
0.062175
0.004082
0.304108
0.058195
0.332569
0.061807
0.038418
0.043563
0.050431
0.05836
0.042042
0.083592
0.023983
0.254898
0.00626
0.088474
0.004638
0.016743
0.028891
0.009616
0.005101
0.004904
0.002982
0.08598
0.004575
0.043459
0.005177
0.004
0.032701
0.33241
0.025816
0.004902
0.053399
0.701751
0.936491
0.005981
0.100254
0.04093
0.006408
0.004528
0.029001
0.00901
0.039365
0.043308
0.069542
0.699417
0.078194
0.007921
0.026842
0.061731
0.021588
0.026423
0.02425
0.907251
0.783011
0.007587
0.363637
0.871421
0.033677
0.827855
0.078472
0.066097
0.275048
0.174688
0.708755
0.010601
0.03997
0.196295
0.004585
0.010269
0.242234
0.077217
0.010678
0.07671
0.003947
0.392492
0.009194
0.066061
0.004462
0.075687
0.00443
0.029059
0.007922
0.01158
0.013505
0.006539
0.048295
0.221361
0.00909
0.004672
0.617061
0.003134
0.009604
0.024204
0.073163
0.065188
0.004081
0.893185
0.131781
0.036434
0.009147
0.260207
0.004577
0.157195
0.663096
0.013844
0.003343
0.003477
0.98054
0.088459
0.006408
0.089905
0.067409
0.080613
0.084694
0.836619
0.033071
0.522738
1.000005
0.438393
0.022379
0.029223
0.983323
0.047124
0.006546
0.01851
0.022764
0.060369
0.014889
0.069381
0.014047
0.010706
0.005286
0.010379
0.00566
0.006734
0.718402
0.074092
0.005293
0.011886
0.187596
0.044183
0.090762
0.04916
0.531816
0.010789
0.063194
0.048733
0.026646
0.518265
0.055618
1.0001
0.103403
0.062344
0.055852
0.006494
0.00754
0.067191
0.01224
0.010641
0.17087
0.031724
0.004958
0.964722
0.020078
0.066375
0.041723
0.022872
0.017304
0.003483
0.140605
0.054114
0.004754
0.650858
0.01797
0.014303
0.541508
0.017212
0.722395
0.276559
0.309581
0.140841
0.004455
0.068107
0.004311
0.015511
0.007097
0.040398
0.988002
0.005535
0.023721
0.253817
0.858005
0.204988
0.077645
0.055794
0.024347
0.000766
0.00399
0.056283
0.006159
0.031109
0.016364
0.648498
0.004091
0.029928
0.033665
0.967962
0.003437
0.699249
0.037496
0.072717
0.009432
0.614353
0.380176
0.058835
0.006827
0.026598
0.023169
0.042324
0.04369
0.03828
0.012246
0.028347
0.134163
0.041348
0.008331
0.518601
0.022154
0.038141
0.060429
0.014412
0.530874
0.034905
0.071474
0.004404
0.036952
0.016043
0.003374
0.026285
0.022443
0.010363
0.006898
0.021613
0.004773
0.267854
0.044707
0.037317
0.010495
0.632756
0.029298
0.003399
0.053847
0.011118
0.033242
0.038244
0.761174
0.003966
0.018617
0.014121
0.02394
0.144018
0.020029
0.003731
0.003362
0.038206
0.2894
0.22785
0.051735
0.047786
0.058489
0.913107
0.858711
0.038524
0.014887
0.984936
0.014262
0.940131
0.16211
0.083356
0.006105
0.022977
0.996253
0.011737
0.058703
0.050691
0.02731
0.059021
0.004217
0.920018
0.344881
0.082223
0.003761
0.045616
0.055363
0.042929
0.907078
0.032249
0.017167
0.006192
0.017249
0.03113
0.06586
0.079313
0.259226
0.061238
0.999188
0.032137
0.007178
0.016792
0.080435
0.244849
0.017378
0.158501
0.770352
0.012552
0.119592
0.134232
0.019952
0.047026
0.023613
0.908481
0.073813
0.010109
0.053048
0.028374
0.003301
0.017283
0.207267
0.03279
0.020402
0.009599
0.073914
0.271726
0.025576
0.851955
0.004005
0.211342
0.008396
0.988707
0.397028
0.004861
0.006164
0.046821
0.431436
0.004411
0.864642
0.019986
0.104674
0.072575
0.031385
0.022588
0.005112
0.030131
0.292431
0.034145
0.029514
0.077891
0.344347
0.106833
0.028241
0.149313
0.003041
0.646797
0.020127
0.029208
0.054479
0.009309
0.082985
0.666257
0.08066
0.133814
0.484088
0.011898
0.005133
0.011438
0.070815
0.013568
0.054882
0.007081
0.066196
0.020553
0.004642
0.003889
0.158192
0.009889
0.090403
0.009004
0.010081
0.089162
0.935526
0.020374
0.022913
0.005113
0.00472
0.008159
0.002984
0.029678
0.005204
0.019197
0.576039
0.703045
0.481635
0.053398
0.005417
0.994177
0.006955
0.016347
0.958623
0.0243
0.038604
0.171088
0.073016
0.056536
0.0296
0.0062
0.064743
0.005869
0.042799
0.034926
0.990679
0.013402
0.428164
0.831233
0.003993
0.108387
0.023469
0.084584
0.016715
0.89053
0.062807
0.011325
0.019453
0.02119
0.048482
0.011428
0.032183
0.214777
0.014762
0.027928
0.007144
0.005098
0.049125
0.006758
0.029563
0.01659
0.990805
0.385089
0.01278
0.037925
0.015304
0.021354
0.043458
0.051782
0.024202
0.650599
0.543173
0.039379
0.336949
0.13735
0.07117
0.032104
0.013261
0.131342
0.006411
0.029408
0.024866
0.04531
0.041975
0.911381
0.006244
0.026659
0.025211
0.051614
0.004743
0.004381
0.208481
0.930035
0.08205
0.014045
0.02289
0.003508
0.002968
0.133444
0.004479
0.067853
0.004068
0.958235
0.086923
0.01376
0.135122
0.015449
0.024853
0.047804
0.91094
0.005612
0.004488
0.006538
0.007688
0.007249
0.021148
0.059271
0.000763
0.060825
0.025218
0.472318
0.012742
0.024272
0.017704
0.018872
0.026277
0.007025
0.054667
0.012743
0.027217
0.056655
0.024897
0.00891
0.003997
0.032657
0.003052
0.023232
0.031982
0.025199
0.281779
0.047803
0.008859
0.011355
0.014393
0.010186
0.215954
0.674174
0.041333
0.005662
0.788464
0.014808
0.162806
0.975969
0.55212
0.018039
0.003567
0.018504
0.003068
0.05809
0.450431
0.050726
0.128144
0.447545
0.006872
0.085515
0.010605
0.039072
0.059215
0.178483
0.007949
0.018704
0.242493
0.939388
0.06321
0.048038
0.032098
0.057109
0.056399
0.798251
0.029059
0.228219
0.731747
0.122266
0.913945
0.011927
0.028351
0.031256
0.044824
0.653106
0.086632
0.007764
0.853523
0.038693
0.48483
0.004586
0.022042
0.076594
0.072104
0.058884
0.199145
0.76078
0.008968
0.067164
0.00254
0.030843
0.594181
0.014298
0.063417
0.966672
0.061918
0.574938
0.019215
0.005481
0.087075
0.052996
0.017237
0.004598
0.036731
0.006838
0.411275
0.055651
0.029837
0.00861
0.035555
0.01048
0.003734
0.007313
0.334076
0.988321
0.296915
0.027487
0.004546
0.039314
0.058119
0.004019
0.008186
0.006529
0.034458
0.049585
0.040524
0.047378
0.016639
0.016614
0.012868
0.039808
0.200714
0.095657
0.011544
0.008331
0.011452
0.040485
0.016706
0.189676
0.021544
0.00396
0.028099
0.004211
0.920034
0.770041
0.014059
0.019502
0.194175
0.057291
0.996546
0.03872
0.015039
0.069938
0.063645
0.124686
0.070394
0.023551
0.003532
0.023092
0.122178
0.044164
0.026069
0.019296
0.086104
0.013427
0.023223
0.501481
0.922052
0.019712
0.031056
0.060992
0.00748
0.023362
0.009747
0.14261
0.641207
0.051198
0.091861
0.017082
0.007223
0.385821
0.010762
0.066689
0.004683
0.444054
0.548076
0.006637
0.004027
0.01171
0.380016
0.005393
0.036173
0.012999
0.0429
0.010622
0.054929
0.188293
0.056722
0.00514
0.006131
0.057671
0.036668
0.046911
0.005884
0.966784
0.009145
0.573202
0.020801
0.068899
0.030144
0.016039
0.010402
0.00913
0.982646
0.004929
0.814633
0.024722
0.133478
0.937217
0.032165
0.072614
0.63295
0.005927
0.257017
0.023121
0.004484
0.033742
0.009305
0.003191
0.011685
0.039008
0.044856
0.028408
0.005405
0.901308
0.999012
0.02556
0.009404
0.017201
0.085804
0.00898
0.009422
0.002825
0.439494
0.07432
0.449197
0.017309
0.022008
0.096014
0.047896
0.630193
0.025142
0.016361
0.004837
0.009525
0.866173
0.003051
0.012691
0.009396
0.021494
0.00334
0.035236
0.024555
0.077889
0.015065
0.046705
0.013402
0.073995
0.867044
0.154081
0.003976
0.01786
0.27763
0.003078
0.864013
0.761825
0.014617
0.042099
0.121982
0.991343
0.004423
0.044746
0.749823
0.247991
0.303059
0.073028
0.406081
0.040489
0.619295
0.161362
0.567055
0.999759
0.027224
0.005294
0.005654
0.117924
0.027332
0.025799
0.028853
0.00492
0.003453
0.106438
0.004392
0.074014
0.017509
0.047943
0.00809
0.461848
0.061456
0.028266
0.120162
0.006619
0.007848
0.051037
0.030227
0.005448
0.005873
0.034146
0.036342
0.738784
0.000766
0.069559
0.038133
0.004272
0.166527
0.094318
0.006642
0.009217
0.123253
0.004141
0.020684
0.006251
0.011148
0.00727
0.011666
0.004136
0.064886
0.334517
0.033354
0.014939
0.060837
0.012108
0.052573
0.004685
0.006147
0.033815
0.003279
0.009985
0.08253
0.028791
0.016605
0.0105
0.940181
0.020493
0.045888
0.131571
0.011926
0.023643
0.05246
0.077918
0.022434
0.052301
0.016204
0.011738
0.012791
0.035833
0.021868
0.082477
0.092493
0.040551
0.080221
0.088305
0.206377
0.326221
0.011825
0.06622
0.124397
0.024283
0.003718
0.429486
0.027549
0.413735
0.38477
0.273182
0.03491
0.025092
0.142697
0.035172
0.01133
0.009139
0.020673
0.035597
0.000763
0.004846
0.060538
0.245046
0.003835
0.005212
0.918415
0.231595
0.043354
0.01245
0.035051
0.023173
0.269301
0.00893
0.050274
0.020634
0.081017
0.022342
0.021159
0.02884
0.009767
0.006582
0.017592
0.555879
0.068559
0.024719
0.016735
0.005641
0.014809
0.013323
0.004205
0.459105
0.003067
0.041833
0.271981
0.005215
0.971082
0.896472
0.0223
0.008282
0.040253
0.023422
0.043834
0.003052
0.025891
0.070219
0.756984
0.018615
0.004429
0.966599
0.009425
0.019365
0.069881
0.043518
0.070922
0.198323
0.010357
0.367799
0.003375
0.713334
0.06709
0.036086
0.037098
0.005291
0.016923
0.00371
0.045589
0.907383
0.971479
0.080936
0.008159
0.049292
0.00478
0.000763
0.041283
0.345341
0.029433
0.022375
0.004497
0.051941
0.041425
0.837177
0.00696
0.042375
0.004964
0.026359
0.036217
0.041614
0.022763
0.035664
0.056059
0.016589
0.567611
0.762
0.019602
0.014149
0.003575
0.072133
0.012248
0.01218
0.004178
0.038902
0.003886
0.004876
0.033694
0.024407
0.022096
0.032446
0.051225
0.061279
0.00724
0.081463
0.023976
0.02474
0.938225
0.011481
0.179971
0.004684
0.040105
0.00332
0.079442
0.022554
0.004614
0.345806
0.005102
0.04194
0.08192
0.113289
0.265754
0.026504
0.535878
0.058802
0.020445
0.028016
0.049208
0.021699
0.045179
0.017708
0.982766
0.339105
0.044176
0.025798
0.007425
0.017225
0.013563
0.999099
0.005013
0.008552
0.04915
0.017412
0.655298
0.003726
0.008478
0.007503
0.004431
0.040161
0.027449
0.012395
0.033552
0.028715
0.030156
0.619585
0.003178
0.898546
0.015418
0.00387
0.016945
0.037552
0.086622
0.234988
0.006056
0.053442
0.005516
0.033767
0.010381
0.005537
0.018367
0.056435
0.071991
0.27491
0.040378
0.074541
0.058436
0.029567
0.004217
0.065812
0.004076
0.017739
0.00359
0.005884
0.257604
0.00352
0.948223
0.231225
0.024454
0.006285
0.023011
0.039525
0.074316
0.045365
0.020251
0.974307
0.222012
0.166121
0.368379
0.527631
0.016266
0.004487
0.024437
0.031752
0.040658
0.005091
0.014479
0.003647
0.057497
0.618125
0.377947
0.004994
0.869804
0.080503
0.011657
0.044034
0.006991
0.040115
0.010162
0.02162
0.016147
0.008195
0.041604
0.003476
0.005052
0.021883
0.01434
0.023878
0.019246
0.007762
0.023762
0.766279
0.817555
0.018543
0.025951
0.006968
0.080301
0.005219
0.010492
0.046304
0.02657
0.335925
0.002942
0.007195
0.347096
0.007905
0.089824
0.034365
0.025704
0.025655
0.03371
0.015313
0.008094
0.003379
0.046124
0.856592
0.00811
0.056212
0.008821
0.197765
0.006498
0.073149
0.008158
0.006606
0.094151
0.006023
0.012827
0.005836
0.023352
1.000099
0.96727
0.009815
0.039878
0.003026
0.391092
0.005141
0.071185
0.004434
0.045275
0.038869
0.029809
0.021855
0.277223
0.01195
0.008704
0.028917
0.031885
0.004156
0.064324
0.015679
0.005599
0.100768
0.048444
0.006695
0.004551
0.004327
0.990163
0.720244
0.010521
0.009247
0.956577
0.954621
0.042137
0.071863
0.804502
0.194464
0.01211
0.588047
0.010768
0.098984
0.036058
0.059935
0.088228
0.006981
0.027497
0.040858
0.003821
0.00344
0.015998
0.195868
0.032167
0.19488
0.028465
0.018256
0.024344
0.005015
0.201766
0.050531
0.025846
0.041982
0.077561
0.016085
0.003772
0.014196
0.022444
0.079311
0.898155
0.631118
0.33513
0.022594
0.037115
0.012681
0.225061
0.084683
0.008511
0.005551
0.914284
0.022691
0.051227
0.810065
0.430787
0.781619
0.931554
0.037497
0.007553
0.034151
0.083265
0.229202
0.892516
0.147793
0.957535
0.94838
0.582089
0.009084
0.028758
0.01001
0.022195
0.024004
0.016424
0.01243
0.778907
0.813286
0.539929
0.033478
0.051975
0.013381
0.01619
0.058012
0.008946
0.776994
0.013943
0.200185
0.017377
0.488314
0.034004
0.007902
0.597794
0.820958
0.136738
0.304145
0.004984
0.134572
0.010275
0.248503
0.021557
0.005016
0.047111
0.015022
0.131397
0.003681
0.004074
0.049525
0.025529
0.003639
0.073539
0.632789
0.037429
0.014135
0.015984
0.046263
0.006728
0.636136
0.538755
0.033951
0.995186
0.233849
0.520394
0.29392
0.025876
0.022505
0.146775
0.616186
0.991811
0.020195
0.473268
0.079517
0.079158
0.233552
0.023013
0.007709
0.055794
0.004772
0.01728
0.968651
0.005157
0.024917
0.115881
0.40313
0.049862
0.03481
0.023618
0.004495
0.020239
0.034502
0.297636
0.00755
0.022404
0.223111
0.010831
0.005669
0.008215
0.0261
0.014632
0.020201
0.054789
0.016531
0.006336
0.003901
0.032678
0.003027
0.007431
0.178341
0.024916
0.087233
0.01177
0.005932
0.003929
0.069068
0.029276
0.021982
0.983401
0.320297
0.01577
0.007653
0.12028
0.22576
0.027988
0.151531
0.004678
0.016755
0.052761
0.036883
0.497419
0.380568
0.029113
0.083054
0.07784
0.009634
0.972413
0.023916
0.018735
0.160535
0.005441
0.997754
0.030557
0.53565
0.053566
0.049915
0.008889
0.386429
0.056249
0.029621
0.003852
1.0001
0.004742
0.003066
0.046141
0.508314
0.017775
0.035581
0.03097
0.044181
0.0028
0.012726
0.225796
0.0154
0.003835
0.014155
0.03383
0.032547
0.025699
0.00727
0.012681
0.058828
0.06087
0.008789
0.182511
0.037247
0.009629
0.218591
0.011787
0.522988
0.017874
0.01111
0.004103
0.004105
0.053762
0.003014
0.010541
0.213476
0.003573
0.071291
0.985555
0.0702
0.006325
0.004425
0.00529
0.196269
0.020075
0.014202
0.006217
0.023209
0.748545
0.019442
0.007791
0.004112
0.01804
0.002495
0.070897
0.969508
0.034312
0.011134
0.02678
0.265834
0.468392
0.009985
0.058166
0.7979
0.009563
0.039783
0.103407
0.061708
0.325688
0.016461
0.315528
0.639536
0.022923
0.05143
0.494167
0.041178
0.014674
0.052677
0.011906
0.044661
0.978885
0.078358
0.053706
0.043527
0.058813
0.003166
0.213305
0.011112
0.076306
0.004639
0.010112
0.068973
0.012225
0.991686
0.014487
0.444508
0.176308
0.394672
0.014837
0.070913
0.061772
0.949351
0.020097
0.06663
0.160538
0.365382
0.22137
0.20956
0.007769
0.037681
0.025047
0.311436
0.0409
0.048266
0.015101
0.017031
0.214495
0.022047
0.651365
0.032436
0.887833
0.00846
0.089637
0.008417
0.038771
0.119161
0.785957
0.291069
0.010461
0.014236
0.005703
0.008651
0.0326
0.007894
0.009728
0.025367
0.00425
0.051492
0.044629
0.609265
0.013844
0.804143
0.005364
