0.24505
0.454365
0.021721
0.073815
0.948512
0.10238
0.052966
0.148016
0.259276
0.030129
0.99977
0.188231
0.180141
0.97999
0.986186
0.614647
0.123968
0.369855
0.057495
0.051338
0.293821
0.050529
0.302537
0.086512
0.003485
0.262159
0.281041
0.143322
0.175577
0.227425
0.214862
0.066716
0.405291
0.586244
0.314846
0.380868
0.188695
0.883953
0.155144
0.064963
0.02304
0.526742
0.614635
0.589522
0.097722
0.329384
0.269975
0.244341
0.223861
0.824341
0.814554
0.286629
0.154648
0.100443
0.739681
0.241361
0.287318
0.256401
0.362278
0.294595
0.075037
0.14522
0.46715
0.157089
0.584506
0.192132
0.917386
0.379474
0.156815
0.061482
0.268152
0.998878
0.379839
0.263602
0.134047
0.901201
0.288677
0.228709
0.188264
0.22106
0.199564
0.253891
0.085533
0.291284
0.41012
0.21058
0.149001
0.204716
0.998088
0.555367
0.150799
0.134495
0.087375
0.082601
0.071521
0.597851
0.044782
0.253751
0.132282
0.031556
0.094872
0.053013
0.132545
0.130247
0.530773
0.938188
0.190237
0.221391
0.137725
0.146296
0.354239
0.026752
0.040513
0.075939
0.238098
0.094136
0.199612
0.09709
0.337979
0.099484
0.275197
0.918971
0.222362
0.010312
0.176979
0.631062
0.213807
0.516338
0.334854
0.371179
0.235857
0.76227
0.587058
0.193224
0.140105
0.953995
0.05459
0.063281
0.267916
0.355079
0.051867
0.21543
0.349126
0.84255
0.923504
0.091369
0.325441
0.114667
0.098096
0.906281
0.353668
0.251625
0.088359
0.113962
0.410266
0.11973
0.30367
0.053376
0.717107
0.58848
0.168626
0.99806
0.087037
0.088345
0.249243
0.985418
0.55985
0.05266
0.305795
0.116768
0.137258
0.832949
0.130104
1.0001
0.156066
0.184395
0.136683
0.157559
0.237081
0.007561
0.080983
0.167242
0.049677
0.026833
0.002453
0.959063
0.170358
0.069388
0.963745
0.12504
0.195014
0.228033
0.832366
0.275749
0.11015
0.319897
0.162704
0.003365
0.11831
0.044637
0.070997
0.024662
0.60955
0.171466
0.013072
0.295825
0.171486
0.201166
0.267351
0.221371
0.647394
0.139734
0.881914
0.401311
0.299056
0.116798
0.263415
0.355829
0.204904
0.220008
0.01442
0.452007
0.184663
0.248204
0.414868
0.373025
0.321684
0.209766
0.066072
0.113851
0.778144
0.031008
0.151171
0.088108
0.211722
0.336944
0.293589
0.427476
0.391084
0.822501
0.078207
0.09686
0.412494
0.368656
0.403971
0.012902
0.314128
0.277031
0.15316
0.360522
0.405215
0.357689
0.013848
0.131635
0.256482
0.224074
0.010416
0.912214
0.031094
0.095242
0.20942
0.483865
0.103148
0.018371
0.02326
0.126736
0.019051
0.056997
0.076846
0.834216
0.957144
0.498849
0.058114
0.026339
0.304266
0.523029
0.998352
0.236914
0.944239
0.09399
0.545376
0.308301
0.01638
0.469454
0.073282
0.229495
0.180928
0.657008
0.303273
0.232974
0.446198
0.603621
0.01646
0.228041
0.209
0.262606
0.164339
0.688276
0.188274
0.177391
0.265753
0.099994
0.814299
0.13632
0.845191
0.899627
0.06718
0.074246
0.180868
0.295716
0.069233
0.000322
0.032527
0.153522
0.204811
0.999277
0.480881
0.001609
0.793999
0.243016
0.743385
0.356588
0.292719
0.901962
0.013446
0.995623
0.353264
0.101676
0.552468
0.075422
0.322355
0.22515
0.777275
0.001012
0.061964
0.168043
0.395335
0.206335
0.179315
0.992155
0.191098
1.0001
0.154133
0.284176
0.336268
0.225829
0.891687
0.279987
0.24955
0.467986
0.687761
0.311086
0.09947
0.09569
0.278912
0.028611
0.073474
0.498709
0.120636
0.237145
0.35281
0.174058
0.0941
0.154119
0.035786
0.031834
0.409032
0.184743
0.181005
0.390512
0.716527
0.019193
0.130365
0.100383
0.166482
0.3244
0.006536
0.118072
0.184249
0.529925
0.179871
0.321853
0.017279
0.069017
0.140966
0.049455
0.001665
0.13793
0.319486
0.108738
0.096329
0.698491
0.373627
0.072579
0.219087
0.332148
0.08675
0.262097
0.107777
0.066269
0.008316
0.007436
0.238903
0.136159
0.153924
0.396223
0.915358
0.183193
0.27095
0.097664
0.200812
0.331464
0.956232
0.156647
0.322187
0.13442
0.394241
0.102696
0.669691
0.664941
0.27514
0.892814
0.683233
0.063779
0.520043
0.462708
0.129028
0.33875
0.842201
0.117847
0.273104
0.432649
0.180928
0.15905
0.198918
0.29901
0.972486
0.016764
0.445432
0.948797
0.305588
0.105794
0.000325
0.105376
0.972527
0.824996
0.312659
0.101587
0.279199
0.157459
0.061157
0.028015
0.242396
0.45908
0.056796
0.255143
0.212592
0.004108
0.073549
0.093833
0.283256
0.77019
0.103817
0.164329
0.358149
0.086269
0.219622
0.124288
0.334522
0.308196
0.062008
0.729117
0.390297
0.181452
0.043801
0.321618
0.030268
0.422791
0.569266
0.033663
0.335756
0.708806
0.039668
0.341417
0.059489
0.302153
0.19378
0.208653
0.997368
0.024683
0.008016
0.90671
0.388301
0.178918
0.259019
0.311319
0.710657
0.075952
0.099844
0.426885
0.531781
0.244748
0.894266
0.45281
0.132441
0.873022
0.010558
0.73316
0.07158
0.302748
0.066529
0.985826
0.994862
0.93021
0.862446
0.028228
0.881808
0.150736
0.491513
0.121687
0.475907
0.215746
0.051955
0.127334
0.105362
0.738909
0.133287
0.605395
0.328716
0.307487
0.762322
0.045847
0.178408
0.293606
0.147907
0.127662
0.041833
0.005093
0.182811
0.470928
0.543077
0.273936
0.971459
0.216642
0.338759
0.850662
0.04748
0.264506
0.045348
0.107326
0.087442
0.198625
0.408251
0.21667
0.055163
0.243747
0.456594
0.20118
0.126989
0.075594
0.998773
0.108346
0.866842
0.151748
0.270312
0.194908
0.370669
0.256962
0.071277
0.998358
0.242746
0.250013
0.293845
0.492211
0.442935
0.237342
0.127031
0.676148
0.984517
0.076483
0.334659
0.14272
0.008674
0.13626
0.234695
0.315348
0.048998
0.017012
0.126225
0.087916
0.198471
0.133919
0.274552
1.000098
0.322574
0.165124
0.044554
0.997736
0.035634
0.223436
0.406994
0.284937
0.011496
0.044921
0.529959
0.062493
0.387795
0.090345
0.162183
0.18846
0.184448
0.018637
0.069987
0.752031
0.285512
0.006208
0.063986
0.087752
0.083278
0.48872
0.085797
0.277193
0.600983
0.090207
0.171539
0.360068
0.631297
0.549538
0.527667
0.542879
0.989055
0.092611
0.812509
0.005159
0.033812
0.979241
0.240893
1.000098
0.101753
0.382021
0.380423
0.460044
0.090625
0.04565
0.024378
0.958484
0.15871
0.055402
0.07384
0.271384
0.176795
0.347775
0.37751
0.048258
0.128383
0.25033
0.086464
0.776696
0.026074
0.525164
0.464328
0.203761
0.180479
0.288133
0.828027
0.984718
0.059697
0.104174
0.858641
0.662732
0.182521
0.048778
0.260583
0.02944
0.212064
0.511004
0.208661
0.465627
0.486746
0.516761
0.271267
0.121475
0.15271
0.519359
0.991258
0.060597
0.175718
0.208608
0.51947
0.611698
0.047804
0.270093
0.039038
0.293561
0.632026
0.307904
0.897298
0.362135
0.818493
0.733067
0.241988
0.024798
0.14661
0.534635
0.10397
0.421004
0.157114
0.015263
0.829759
0.120986
0.281333
0.558571
0.056447
0.251623
0.346694
0.108523
0.308339
0.393368
0.111348
0.259982
0.036363
0.10304
0.040681
0.046879
0.923888
0.787436
0.190016
0.162703
0.207692
0.255004
0.185262
0.972538
0.597506
0.138164
0.233802
0.180264
0.151239
0.34441
0.073659
0.134676
0.174115
0.156054
0.137573
0.087055
0.000279
0.26029
0.091019
0.179356
0.179771
0.078864
0.109482
0.989059
0.746629
0.589436
0.058712
0.060384
0.81093
0.135049
0.319199
0.064226
0.211673
0.634803
0.000946
0.618381
0.760606
0.607054
0.994099
0.476017
0.383844
0.301173
0.299974
0.181849
0.051884
0.110653
0.066818
0.033871
0.165324
0.265364
0.18918
0.039361
0.585643
0.068052
0.251418
0.927272
0.160648
0.243548
0.00433
0.085562
0.115669
0.273441
0.555969
0.087515
0.040809
0.242177
0.144096
0.306464
0.108452
0.028801
0.310762
0.257199
0.47002
0.923693
0.862926
0.194373
0.277583
0.212994
0.042435
0.538908
0.703903
0.372176
0.057142
0.470588
0.253062
0.939117
0.32497
0.115339
0.250019
0.32508
0.338332
0.183845
0.717187
0.034597
0.403674
0.053814
0.370267
0.124293
0.168578
0.186221
0.352955
0.022535
0.037251
0.972628
0.48536
0.046723
0.128741
0.179494
0.208017
0.948988
0.316691
0.493416
0.815185
0.391914
0.0207
0.712656
0.130981
0.140991
0.007485
0.100046
0.19225
0.338683
0.029843
0.026872
0.066446
0.049655
0.04477
0.133603
0.102412
0.876378
0.67363
0.044822
0.050123
0.064205
0.112314
0.133755
0.080434
0.169938
0.220919
0.034607
0.099053
0.24942
0.009511
0.175211
0.035792
0.070811
0.627029
0.325473
0.683473
0.566661
0.42288
0.623803
0.117499
0.001144
0.259778
0.796328
0.346473
0.190515
0.397469
0.002322
0.160278
0.166449
0.873425
0.965492
0.18184
0.524132
0.102741
0.723955
0.997311
0.130672
0.647132
0.017118
0.953284
0.913755
0.537237
0.060021
0.610692
0.716583
0.113631
0.475169
0.108259
0.307437
0.131649
0.783436
0.211746
0.137102
0.21059
0.997953
0.059798
0.122221
0.040726
0.043164
0.343692
0.126898
0.21906
0.148889
0.402241
0.18365
0.005465
0.136184
0.205304
0.637512
0.220102
0.144774
0.049046
0.084088
0.482742
0.28378
0.330874
0.309957
0.55156
0.124432
0.086564
0.508161
0.253301
0.453634
0.106062
0.140028
0.19214
0.177582
0.557219
0.937913
0.204843
0.236771
0.166282
0.085415
0.181686
0.373489
0.221097
0.039033
0.325674
0.107657
0.327254
0.012845
0.018937
0.040695
0.92892
0.078085
0.999904
0.817674
0.1223
0.071108
0.114619
0.051104
0.078826
0.248127
0.19568
0.090994
0.125998
0.243108
0.170119
0.089227
0.558252
0.041519
0.168768
0.04495
0.130124
0.23389
0.697008
0.999992
0.084687
0.002287
0.030324
0.165433
0.312545
0.153996
0.645356
0.289396
0.108136
0.248717
0.211756
0.083569
0.311042
0.998205
0.544558
0.746128
0.144802
0.14273
0.14841
0.152112
0.320418
0.218263
0.174583
0.159867
0.247274
0.381335
0.026522
0.159283
0.168565
0.08969
0.111106
0.969907
0.23091
0.968965
0.935407
0.625969
0.096226
0.219872
0.109011
0.370938
0.165609
0.618986
0.255684
0.1239
0.399779
0.298635
0.035059
0.137888
0.817546
0.162128
0.243567
0.035367
0.475688
0.058498
0.942528
0.06936
0.262556
0.039902
0.066386
0.07221
0.690626
0.971417
0.14897
0.01669
0.772988
0.615064
0.090329
0.59788
0.870713
0.168071
0.015841
0.133978
0.062311
0.854223
0.49709
0.363475
0.194032
0.078834
0.001147
0.049146
0.023188
0.136151
0.19184
0.753073
0.362101
0.231479
0.963959
0.144916
0.221318
0.170548
0.085055
0.136822
0.270284
0.996005
0.22418
0.079622
0.937938
0.098294
0.974111
0.188894
0.286811
0.14951
0.240959
0.006106
0.344763
0.04173
0.314723
0.250347
0.565144
0.080151
0.128675
0.10624
0.55006
0.058033
0.064755
0.913687
0.10471
0.33023
0.211415
0.195072
0.249117
0.205305
0.382661
0.091675
0.079679
0.637896
0.313226
0.19498
0.152009
0.263452
0.241347
0.334388
0.991682
0.116064
0.092853
0.394885
0.114786
0.025089
0.106967
0.130686
0.334673
0.826594
0.046639
0.07847
0.473236
0.288215
0.282752
0.14637
0.410923
0.167315
0.01249
0.176763
0.983188
0.156997
0.027834
0.280346
0.131642
0.022709
0.12223
0.034921
0.375625
0.284815
0.184296
0.062925
0.202058
0.222081
0.583959
0.991283
0.058705
0.150898
0.054882
0.338625
0.022938
0.292341
0.506967
0.821383
0.066689
0.223584
0.125486
0.340686
0.224929
0.073842
0.256003
0.020926
0.132901
0.544228
0.067426
0.013513
0.314746
0.524831
0.654405
0.283064
0.170506
0.140805
0.25296
0.029896
0.086082
0.915762
0.00846
0.16177
0.11337
0.008722
0.138951
0.176696
0.076283
0.187626
0.9756
0.079056
0.42784
0.97829
0.303453
0.282299
0.06681
0.131272
0.138265
0.246489
0.136025
0.516571
0.099702
0.288884
0.162476
0.272643
0.115237
0.12643
0.042959
0.137425
0.141347
0.065131
0.206296
0.220636
0.234234
0.260498
0.332834
0.50842
0.235793
0.066488
0.844428
0.118571
0.333455
0.985275
0.182875
0.041237
0.171918
0.082611
0.137223
0.011518
0.576917
0.999202
0.027016
0.092759
0.490999
0.016454
0.154493
0.218393
0.265339
0.609093
0.667642
0.176786
0.930821
0.151025
0.157274
0.365222
0.041196
0.115465
0.309545
0.034947
0.253561
0.435104
0.174206
0.01677
0.112214
0.009694
0.077561
0.024395
0.480952
0.064684
0.138636
0.292826
0.291033
0.331488
0.38379
0.414681
0.167894
0.163899
0.097868
0.210172
0.553139
0.045795
0.292565
0.407279
0.071786
0.233744
0.114908
0.135133
0.128194
0.431376
0.136094
0.228766
0.066288
0.984437
0.004863
0.609258
0.266588
0.544953
0.426618
0.191969
0.521835
0.89281
0.027282
0.617152
0.972653
0.124446
0.018042
0.105844
0.322305
0.105196
0.053199
0.106892
0.160383
0.070555
0.07872
0.181457
0.116709
0.103533
0.157424
0.092187
0.102333
0.161934
0.072623
0.231492
0.580106
0.100728
1.000063
0.813747
0.790884
0.223622
0.296365
0.084483
0.147524
0.17978
0.164721
0.216598
0.112443
0.004675
0.490937
0.728667
0.173929
0.647493
0.173046
0.033882
0.151127
0.30448
0.528069
0.035935
0.251341
0.066563
0.407554
0.541058
0.066028
0.017163
0.114242
0.298171
0.170209
0.254293
0.267997
0.078312
0.103044
0.831706
0.52431
0.273548
0.054103
0.892613
0.203236
0.133081
0.612425
0.310073
0.963914
0.758306
0.180756
0.274074
0.064754
0.048028
0.036143
0.941197
0.098672
0.090678
0.311611
0.054108
0.769142
0.04788
0.055983
0.074914
0.260376
0.026012
0.354469
0.133618
0.034912
0.204363
0.107733
0.206791
0.558459
0.080661
0.537893
0.177644
0.156702
0.192977
0.001165
0.009195
0.034767
0.453971
0.426121
0.319237
0.344812
0.151432
0.121536
0.088792
0.114589
0.333936
0.017228
0.113773
0.005561
0.030403
0.049082
0.081133
0.762264
0.106693
0.086004
0.930542
0.347977
0.015103
0.29654
0.035556
0.27156
0.000794
0.002765
0.040167
0.616005
0.100324
0.378671
0.016802
0.455245
0.002985
0.357997
0.070035
0.031288
0.117427
0.056785
0.143584
0.015047
0.100299
0.284801
0.593817
0.284293
0.032297
0.269503
0.968897
0.05812
0.249489
0.115945
0.115513
0.200448
0.4127
0.187771
0.140181
0.171894
0.022121
0.277144
0.376336
0.752028
0.455599
0.852818
0.235944
0.04126
0.001825
0.378742
0.320555
0.999744
0.025578
0.147059
0.021787
0.999546
0.463559
0.965658
0.745203
0.000889
0.037901
0.848921
0.142082
0.51096
0.069376
0.807078
0.117612
0.093306
0.292491
0.240193
0.312721
0.818549
0.106941
0.815642
0.126072
0.994736
0.237399
0.369897
0.59164
0.114677
0.244901
0.080649
0.236496
0.490319
0.096567
0.00451
0.186623
0.996289
0.230494
0.001408
0.336433
0.515055
0.058876
0.500514
0.329897
0.670212
0.923282
0.051031
0.277939
0.195917
0.094019
0.02639
0.224213
0.325888
0.876365
0.570573
0.201744
0.291245
0.996099
0.091191
0.012813
0.346378
0.974553
0.0001
0.2654
0.153214
0.370286
0.132583
0.019404
0.06966
0.045229
0.260889
0.215043
0.376637
0.202024
0.160002
0.223829
0.083894
0.121993
0.999148
0.184286
0.298226
0.133353
0.29777
0.262806
0.609007
0.043572
0.190369
0.165508
0.056313
0.492147
0.160493
0.002642
0.618085
0.000189
0.437361
0.206776
0.086061
0.075623
0.08575
0.173826
0.970757
0.345179
0.961165
0.978692
0.16187
0.249276
0.413093
0.396671
0.211018
0.434604
0.603597
0.163794
0.188484
0.243817
0.301131
0.091215
0.195433
0.014235
0.374384
0.008381
0.356632
0.195107
0.131708
0.41366
0.179412
0.287699
0.325368
0.438897
0.958624
0.352567
0.091701
0.341628
0.990695
0.456688
0.249725
0.386028
0.01168
0.079163
0.133377
0.159129
0.077721
0.272123
0.149674
0.257678
0.23335
0.084678
0.099333
0.030419
0.998924
0.167578
0.339147
0.104823
0.427006
0.309706
0.193566
0.268983
0.539217
0.204859
0.04494
0.317812
0.201306
0.354455
0.21156
0.19815
0.136334
0.964605
0.772291
0.066307
0.23667
0.082122
0.085949
0.159656
0.127987
0.175587
0.063154
0.356008
0.505061
0.265178
0.082539
0.835855
0.075204
0.619007
0.291848
0.751282
0.248691
0.004107
0.502144
0.455224
0.297552
0.188483
0.807755
0.117076
0.157408
0.061383
0.036192
0.213582
0.798167
0.386238
0.215114
0.750365
0.373866
0.118339
0.988973
0.214088
0.241358
0.078391
0.080419
0.283665
0.499136
0.229278
0.051925
0.00341
0.082211
0.064483
0.433079
0.023843
1.000035
0.206759
0.143993
0.102645
0.301693
0.162665
0.965188
0.419603
0.233216
0.277244
0.30642
0.164731
0.06622
0.002846
0.591007
0.122672
0.212646
0.34805
0.829392
0.288106
0.003152
0.149332
0.382711
0.113424
0.445632
0.394835
0.102581
0.899834
0.048944
0.062842
0.116644
0.021729
0.030135
0.615838
0.304929
0.061384
0.096419
0.147789
0.320705
0.043932
0.046499
0.262769
0.268913
0.640838
1.0001
0.248881
0.074592
0.252206
0.200994
0.021406
0.41973
0.22316
0.309291
0.672413
0.163197
0.170615
0.735227
0.032043
0.104198
0.290348
0.607645
0.189092
0.062999
0.952762
0.295534
0.330163
0.540376
0.779443
0.017737
0.071061
0.177864
0.258753
0.02944
0.816409
0.011673
0.722835
0.037407
0.148957
0.005511
0.00915
0.928687
0.0335
0.290221
0.071937
0.318245
0.138588
0.011654
0.170415
0.034151
0.188273
0.081518
0.437609
0.799133
0.240665
0.388895
0.471823
0.626396
0.217799
0.107769
0.430807
0.102723
0.016524
0.574131
0.118364
0.448547
0.341943
0.017617
0.499176
0.135129
0.276118
0.061713
0.026401
0.246596
0.29009
0.390722
0.222102
0.906609
0.011526
0.73412
0.211617
0.213487
0.056996
0.102337
0.013926
0.104298
0.170829
0.299521
0.149691
0.222645
0.102083
0.149951
0.205444
0.011158
0.890908
0.246172
0.833889
0.315476
0.003604
0.116744
0.748288
0.044804
0.979575
0.139022
0.070079
0.996014
0.083909
0.194619
0.110439
0.098982
0.229607
0.225027
0.172338
0.159581
0.317658
0.004801
0.374628
0.931623
0.139139
0.052993
0.371167
0.215509
0.009572
0.648912
0.067551
0.593957
0.010465
0.016911
0.988158
0.338681
0.094255
0.171173
0.1987
0.852953
0.32286
0.216289
0.443387
0.118982
0.243336
0.968626
0.010411
0.109962
0.147299
0.997374
0.086109
0.113761
0.339378
0.763549
0.099549
0.217089
0.948303
0.083154
0.139777
0.14828
0.218554
0.710399
0.465677
0.053057
0.042468
0.70772
0.372627
0.106763
0.065497
0.02079
0.080465
0.398049
0.067884
0.349124
0.063225
0.031306
0.312425
0.185791
0.187731
0.960989
0.521767
0.319001
0.027754
0.728774
0.380691
0.058605
0.061039
0.084389
0.558863
0.20598
0.14059
0.62067
0.13372
0.31887
0.999724
0.26501
0.113885
0.005588
0.58217
0.321594
0.358809
0.04815
0.099003
0.290378
0.518811
0.105272
0.227488
0.084724
0.192956
0.271539
0.257916
0.865551
0.322524
0.064631
0.106883
0.1855
0.045087
0.324023
0.04727
0.022786
0.026161
0.293343
0.236377
0.277606
0.105477
0.130214
0.456666
0.84322
0.115501
0.020415
0.269913
0.078173
0.194134
0.2734
0.788836
0.192987
0.081267
0.043667
0.669066
0.248616
0.41574
0.012965
0.221407
0.107655
0.228246
0.907659
0.191255
0.375398
0.292889
0.053919
0.022889
0.206423
0.042887
0.076052
0.141452
0.26726
0.189659
0.894613
0.99975
0.112942
0.191205
0.14043
0.241823
0.090231
0.486921
0.178543
0.089829
0.618911
0.188463
0.335834
0.295301
0.288244
0.345542
0.256841
0.053642
0.006178
0.059605
0.022946
0.254656
0.013961
0.659007
0.034569
1.000032
0.303664
0.095329
0.019232
0.01046
0.33962
0.371746
0.158375
0.90682
0.240923
0.032533
0.031583
0.326773
0.982049
0.290225
0.046587
0.565989
0.749036
0.408999
0.968622
0.834382
0.286161
0.085696
0.075671
0.295622
0.108814
0.195028
0.212682
0.345184
0.60084
0.015375
0.158116
0.1863
0.210322
0.164239
0.208788
0.09029
0.169067
0.99717
0.897762
0.42705
0.17192
0.045619
0.058378
0.647548
0.124387
0.918568
0.07842
0.196829
0.228247
0.850841
0.08013
0.123043
0.699276
0.173457
0.284635
0.336582
0.259113
0.094404
0.459478
0.3327
0.829293
0.082539
0.890198
0.844988
0.321753
0.058691
0.097109
0.663581
0.330538
0.496307
0.100613
0.302282
0.064424
0.187902
0.282969
0.102013
0.132498
0.047838
0.531629
0.304825
0.40858
0.252036
0.245092
0.089512
0.322487
0.067829
0.014718
0.442027
0.003698
0.049676
0.046099
0.324754
0.161987
0.431341
0.025174
0.211614
0.051658
0.112224
0.608868
0.360766
0.279057
0.263109
0.092154
0.361629
0.079302
0.129486
0.195783
0.574778
0.038786
0.127841
0.082493
0.359086
0.275179
0.35772
0.279441
0.218803
0.264593
0.922373
0.711089
0.740487
0.034319
0.138515
0.449448
0.075327
0.277147
0.69788
0.270027
0.022465
0.936311
0.11325
0.050185
0.386859
0.33603
0.168347
0.034853
0.377742
0.548895
0.257234
0.176775
0.389257
0.674533
0.553948
0.322824
0.37711
0.299278
0.387621
0.000943
0.235262
0.115114
0.539303
0.2179
0.421757
0.039986
0.374456
0.566322
0.734074
0.381619
0.049382
0.039021
0.538509
0.05276
0.891317
0.276701
0.110738
0.43459
0.076249
0.039471
0.212753
0.184787
0.29396
0.081134
0.168194
0.289469
0.616253
0.101963
0.014742
0.01511
1.000062
0.274331
0.501189
0.834729
0.142467
0.304399
0.276507
0.353531
0.005868
0.128893
0.05925
0.227336
0.561666
0.29333
0.369283
0.25227
0.360069
0.491154
0.079948
0.145403
0.121227
0.030748
0.004218
0.064365
0.055422
0.041302
0.134379
0.988037
0.166191
0.258138
0.193681
0.548464
0.684674
0.000179
0.167466
0.568535
0.738547
0.075999
0.327002
0.145359
0.123165
0.059769
0.037042
0.963649
0.246627
1.000058
0.091377
0.304997
0.487309
0.420277
0.512673
0.018077
0.064733
0.024306
0.019707
0.987576
0.167841
0.241329
0.545472
0.109926
0.109739
0.443936
0.845152
0.901169
0.962125
0.06724
0.361601
0.182285
0.308112
0.702809
0.143948
0.180962
0.177199
0.126734
0.169714
0.058963
0.95002
0.589634
0.198763
0.08313
0.301036
0.22888
0.525485
0.016934
0.05934
0.014652
0.020999
0.010719
0.550616
0.111888
0.196801
0.33902
0.099703
0.114004
0.073901
0.168444
0.194342
0.836626
0.05286
0.144593
0.039617
0.015432
0.865632
0.097057
0.010514
0.180155
0.239414
0.046397
0.789992
0.061702
0.357858
0.10986
0.057831
0.996336
0.133588
0.49559
0.055787
0.527582
0.007523
0.089329
0.342332
0.74957
0.020456
0.074444
0.305649
0.777913
0.692825
0.016985
0.226687
0.131697
0.020438
0.347437
0.039496
0.185887
0.472346
0.107814
0.051661
0.127382
0.033036
0.187404
0.157195
0.100379
0.62389
0.108786
0.004335
0.99164
0.083675
0.468198
0.237208
0.991262
0.08812
0.523191
0.04557
0.126064
0.190193
0.071429
0.444092
0.156078
0.063081
0.810781
0.025655
0.000102
0.034611
0.998238
0.095852
0.0557
0.463772
0.32542
0.007536
0.044825
0.069
0.05044
0.385153
0.255087
0.246056
0.07622
0.177446
0.259517
0.066691
0.162289
0.017857
0.093454
0.914811
0.081504
0.12802
0.677975
0.39468
0.10299
0.358215
0.793747
0.275769
0.066929
0.14222
0.084412
0.161563
0.776996
0.473006
0.708876
0.840224
0.236818
0.409718
0.18762
0.01774
0.124834
0.834174
0.037406
0.009536
0.070897
0.114701
0.015658
0.309152
0.001424
0.178587
0.597634
0.162337
0.317089
0.530459
0.097171
0.902181
0.16654
0.303174
0.037125
0.156013
0.166606
0.373505
0.059385
0.766507
0.378168
0.014205
0.12842
0.3494
0.157221
0.919536
0.247526
0.959597
0.026302
0.226475
0.079816
0.877594
0.059263
0.444292
0.278473
0.996469
0.237796
0.72645
0.534257
0.397592
0.336423
0.141429
0.094998
0.545706
0.015772
0.16506
0.08929
0.106341
0.078825
0.982458
0.081599
0.014915
0.175534
0.022041
0.24094
0.120622
0.175986
0.996329
0.249369
0.999431
0.010764
0.111505
0.435453
0.132669
0.99452
0.08043
0.524673
0.109591
0.255796
0.071039
0.01679
0.935698
0.211707
0.041164
0.844085
0.30584
0.106102
0.046833
0.064237
0.66992
0.179323
0.049082
0.135348
0.232629
0.000123
0.519083
0.449325
0.245028
0.842077
0.113057
0.184224
0.208796
0.096119
0.999959
0.230716
0.065595
0.125031
0.477548
0.536549
0.284074
0.111399
0.244448
0.193749
0.063447
0.287952
0.404895
0.120531
0.097289
0.204595
0.221777
0.072078
0.41946
0.300039
0.007525
0.117668
0.106682
0.027435
0.784347
0.156696
0.081843
0.082968
0.036606
0.745564
0.358972
0.035217
0.181538
0.945932
0.493862
0.042771
0.171407
0.597345
0.277585
0.536624
0.860137
0.848853
0.406234
0.470103
0.258652
0.00151
0.719431
0.152214
0.906817
0.043341
0.168947
0.275227
0.245482
0.095894
0.590422
0.100475
0.249973
0.43265
0.069119
0.109729
0.041019
0.012956
0.099774
0.233537
0.129634
0.023737
0.273564
0.028438
0.230502
0.061759
0.997541
0.139921
0.152902
0.45288
0.201885
0.3291
0.204991
0.568498
0.283583
0.223096
0.974024
0.531312
0.378385
0.414908
0.003762
0.982795
0.262726
0.040459
0.322344
0.020683
0.944311
0.52676
0.424341
0.959895
0.210641
0.247972
0.592244
0.104236
0.111887
0.36152
0.086164
0.482291
0.097559
0.229474
0.56952
0.093555
0.045353
0.738193
0.38036
0.693912
0.065044
0.224672
0.035066
0.063784
0.395229
0.430525
0.031873
0.417536
0.072899
0.1605
0.109225
0.140002
0.704885
0.130907
0.306236
0.081129
0.128233
0.945763
0.16525
0.260737
0.499853
0.93987
0.099582
0.135629
0.093121
0.400702
0.003516
0.015711
0.247541
0.141625
0.028169
0.593177
0.219793
0.123692
0.096804
0.011495
0.910832
0.218416
0.620623
0.072112
0.176311
0.55895
0.281006
0.267604
0.381893
0.098176
0.137722
0.239798
0.128209
0.059061
0.121103
0.220023
0.539301
0.341945
0.320126
0.220698
0.975534
0.125143
0.350079
0.068171
0.000112
0.13276
0.255055
0.087083
0.999658
0.493942
0.311841
0.401549
0.105762
0.383191
0.30155
0.207864
0.677209
0.248052
0.03973
0.104998
0.120523
0.170047
0.007945
0.221104
0.407021
0.852034
0.407876
0.530913
0.661234
0.138364
0.034545
0.300483
0.253057
0.179825
0.244552
0.150254
0.255917
0.899369
0.061593
0.347181
0.596803
0.331632
0.437174
0.128456
0.193075
0.140972
0.032433
0.949421
0.177951
0.668847
0.041958
0.181385
0.079189
0.274033
0.089461
0.383207
0.571606
0.145415
0.239774
0.868551
0.444405
0.120292
0.044691
0.998713
0.037506
0.293436
0.458076
0.138934
0.311982
0.03254
0.998973
0.212984
0.243459
0.744061
0.277088
0.239507
0.030486
0.055059
0.01435
0.135227
0.046665
0.915775
0.19464
0.719045
0.518794
0.457566
0.044115
0.065958
0.273871
0.207282
0.796387
0.220048
0.234842
0.322002
0.605357
0.04198
0.164626
0.274201
0.079332
0.086175
0.069178
0.879109
0.099324
0.136967
0.115532
0.991037
0.091635
0.008197
0.04178
0.747468
0.147232
0.994885
0.802777
0.011851
0.273943
0.94491
0.082808
0.134176
0.256625
0.032655
0.186858
0.15578
0.237152
0.953794
0.122676
0.003489
0.883445
0.406839
0.195239
0.06086
0.719586
0.963386
0.233279
0.193156
0.492562
0.253935
0.092195
0.248229
0.253178
0.14571
0.444854
0.529727
0.325882
0.236304
0.222104
0.01872
0.151656
0.311051
0.08392
0.340828
0.826671
1.000023
0.866798
0.366372
0.058628
0.211334
0.063571
0.013104
0.009196
0.090258
0.142422
0.182468
0.144417
0.030435
0.996015
0.111374
0.316613
0.475155
1.000092
0.993375
0.319919
0.224804
0.090019
0.148204
0.357429
0.626514
0.17115
0.514953
0.199398
0.140628
0.063749
0.08937
0.112269
0.216446
0.021942
0.41669
0.100692
0.939135
0.141896
0.231222
0.199536
0.199878
0.036117
0.096171
0.174884
0.226418
0.333501
0.021544
0.912098
0.204032
0.196798
0.078408
0.834569
0.088105
0.226469
0.896637
0.117012
0.109481
0.533633
0.385581
0.119864
0.197749
0.82543
0.309422
0.0001
0.067199
0.25787
0.117448
0.461582
0.152336
0.087509
0.239864
0.111488
0.176951
0.012166
0.195888
0.29155
0.391482
0.022163
0.952165
0.30935
0.304854
0.337456
0.056478
0.36167
0.098741
0.214059
0.9995
0.85259
0.60812
0.160273
0.71262
0.494353
0.16114
0.762041
0.023509
0.220218
0.084516
0.43399
0.217953
0.20322
0.470474
0.208534
0.228461
0.158275
0.406083
0.282035
0.213228
0.138408
0.761136
0.047019
0.13302
0.241733
0.235693
0.13125
0.161839
0.677344
0.981463
0.788471
0.235204
0.049735
0.84382
0.799369
0.039539
0.230493
0.281597
0.356874
0.069706
0.209587
0.426731
0.098893
0.194585
0.031578
0.173966
0.086693
0.327382
0.337378
0.339443
0.013225
0.03162
0.306368
0.214935
0.044433
0.958233
0.263458
0.45715
0.246081
0.040551
0.047199
0.042744
0.915345
0.244213
0.76621
0.115673
1.000062
0.020113
0.115846
0.223766
0.889375
0.075895
0.00245
0.023911
0.174514
0.285667
0.103561
0.298522
1.000098
0.133852
0.33444
0.268433
0.886242
0.035648
0.67117
0.380046
0.562573
0.149679
0.181921
0.528061
0.312791
0.072952
0.370767
0.2918
0.34779
1.000098
0.167933
0.936198
0.123612
0.073886
0.279903
0.182914
0.204677
0.092948
0.133336
0.051128
0.05991
0.316065
0.318124
0.23579
0.880675
0.303085
0.28516
0.195132
0.061108
0.087582
0.519056
0.016287
0.040017
0.176234
0.137855
0.340387
0.907544
0.185617
0.040351
0.223566
0.376711
0.216366
0.27591
0.974868
0.136926
0.01895
0.969897
0.000365
0.372319
0.120426
0.03423
0.865859
0.728131
0.355205
0.345605
0.228827
0.123426
1.0001
0.406776
0.020015
0.048276
0.137552
0.218058
0.126777
0.161803
0.871106
0.341518
0.371863
0.292686
0.050755
0.305074
0.254829
0.011886
0.381018
0.140853
0.40841
0.066645
0.131924
0.026963
0.689531
0.06943
0.545189
0.116886
0.679557
0.164696
0.027619
0.1322
0.098097
0.256296
0.003829
0.06796
0.277963
0.220586
0.258652
0.457478
0.10632
0.868847
0.033542
0.636293
0.364218
0.145001
0.163437
0.093152
0.696009
0.250802
0.465615
0.065517
0.849788
0.764302
0.277149
0.090956
0.144012
0.990738
0.182039
0.037123
0.201138
0.082122
0.232589
0.986315
0.213015
0.332528
0.055609
0.249608
0.431909
0.567139
0.284559
0.038741
0.048814
0.192528
0.268377
0.939362
0.576345
0.224982
0.888979
0.043369
0.990205
0.154722
0.002807
0.865867
0.264327
0.08693
0.319596
0.072173
0.142932
0.327071
0.765256
0.158433
0.989981
0.802254
0.834177
0.156612
0.232388
0.28753
0.108672
0.749143
0.247403
0.42038
0.758252
0.459237
0.150872
0.149429
0.872139
0.546953
0.232029
0.069115
0.946274
0.557841
0.087799
0.521433
0.151873
0.184592
0.037313
0.21583
0.177478
0.872642
0.897097
0.381955
0.153757
0.152036
0.082132
0.127321
0.262066
0.986825
0.062122
0.478441
0.387583
0.053797
0.835668
0.309695
0.077975
0.975094
0.371167
0.10016
0.062644
0.188289
0.005845
0.081741
0.05409
0.1491
0.111527
0.188639
0.103788
0.448666
0.001007
0.321169
0.807736
0.147958
0.24072
0.016762
0.707033
0.271841
0.096858
0.359799
0.441868
0.342653
0.131183
0.09121
0.36897
0.097416
0.511277
0.161603
0.997389
0.92167
0.013309
0.201076
0.137528
0.111498
0.33468
0.114781
0.693381
0.421837
0.726488
0.946648
0.153961
0.421178
0.354848
0.09185
0.125063
0.097606
0.199873
0.037149
0.328611
0.128385
0.185732
0.132081
0.591667
0.119764
0.4093
0.201011
0.315266
0.70231
0.082328
0.158571
0.298687
0.221319
0.253068
0.198507
0.168021
0.592225
0.07241
0.412169
0.181541
0.988889
0.100505
0.441623
0.997042
0.022444
0.001582
0.324431
0.229288
0.19138
0.143544
0.999877
0.511211
0.163956
0.223521
0.039854
0.073415
0.326989
0.233774
0.545963
0.841336
0.07439
0.346454
0.136815
0.217718
0.377624
0.589906
0.053138
0.319849
0.296056
0.413846
0.119827
0.139065
0.006743
0.815823
0.090116
0.845358
0.488213
0.419207
0.044542
0.108014
0.584254
0.600487
0.305808
0.072724
0.180106
0.18495
0.094117
0.183154
0.443997
0.017391
0.448712
0.251753
0.203701
0.10263
0.842934
0.343059
0.188515
0.258243
0.027167
0.528883
0.060711
0.069346
0.08225
0.336992
0.465716
0.044672
0.13765
0.395432
0.023085
0.233953
0.313793
0.032312
0.740895
0.492772
0.548635
0.161798
0.107832
0.459228
0.126556
0.083366
0.170887
0.240554
0.9445
0.053791
0.222766
0.062331
0.237627
0.051245
0.753667
0.144781
0.273885
0.020244
0.981083
0.262776
0.058306
0.324289
0.034379
0.106755
0.020112
0.086797
0.043943
0.584403
0.280222
0.001574
0.011105
0.049724
0.456045
0.454491
0.881745
0.097868
0.198657
0.184483
0.483586
0.565702
0.164859
0.91594
0.32193
0.405912
0.192025
0.176827
0.186879
0.68781
0.157483
0.134344
0.127282
1.00008
0.014741
0.097244
0.153
0.26885
0.06911
0.055923
0.102831
0.125735
0.3198
0.979212
0.345782
0.168487
0.039091
0.012846
0.969243
0.614962
0.181594
0.06018
0.176972
0.107588
0.352251
0.33307
0.208937
0.098125
0.269371
0.21355
0.995555
0.130606
0.052228
0.135228
0.031644
0.236357
0.995319
0.058226
0.274988
0.532819
0.966709
0.10355
0.476747
0.39676
0.499594
0.437129
0.154731
0.05387
0.055563
0.272167
0.451507
0.117087
0.094318
0.298873
0.093345
0.121298
0.012491
0.000584
0.963345
0.320671
0.141766
0.477627
0.329459
0.009248
0.074008
0.214907
0.424314
0.214631
0.081841
0.502688
0.062531
0.057764
0.226977
0.403506
0.361436
0.090407
0.074362
0.236299
0.628607
0.103278
0.993155
0.175934
0.218949
0.191336
0.43503
0.76185
0.024929
0.47938
0.01447
0.209227
0.199984
0.780054
0.355269
0.068721
0.144972
0.137754
0.309919
0.074181
0.176017
0.097608
0.297789
0.028007
0.284521
0.772799
0.912587
0.001968
0.075062
0.134976
0.058917
0.12226
0.725711
0.130738
0.128449
0.068683
0.024271
0.067996
0.48399
0.429304
0.290278
0.557964
1.0001
0.236219
0.09899
0.148178
0.260212
0.031159
0.139379
0.41781
0.216415
0.180473
0.072951
0.410894
0.5715
0.522974
0.188221
0.149627
0.927558
0.016958
0.324158
0.118898
0.088289
0.142819
0.140179
0.139201
0.263485
0.22946
0.072737
0.097295
0.192645
0.094122
0.268616
0.044411
0.127173
0.165768
0.788509
0.215125
0.146335
0.345403
0.927926
0.070291
0.235781
0.568403
0.004573
0.211359
0.981065
0.133999
0.019747
0.826082
0.998716
0.058181
0.477196
0.205718
0.74
0.240805
0.212603
0.921035
0.191107
0.035958
0.38195
0.133051
0.151511
0.127202
0.694466
0.105108
0.286571
0.136867
0.026471
0.060286
0.946591
0.177701
0.717269
0.364326
0.433878
0.131543
0.457016
0.122127
0.000468
0.378636
0.554211
0.209685
0.998974
0.781853
0.227851
0.008848
0.023199
0.10221
0.144405
0.261509
0.283063
0.28969
0.245934
0.289777
0.20369
0.25232
0.159653
0.444405
0.980425
0.05985
0.461854
0.008545
0.195142
0.297583
0.259392
0.457571
0.158751
0.101693
0.086289
0.993266
0.42556
1.0001
0.108672
0.206344
0.978966
0.221529
0.515963
0.114399
0.132437
0.049118
0.020878
0.832565
0.105604
0.179326
0.233419
0.070689
0.073516
0.20379
0.035877
0.200135
0.672269
0.032122
0.442964
0.381639
0.977384
0.887318
0.133541
0.557444
0.156479
0.949599
0.150393
0.469794
0.169746
0.000719
0.082287
0.078986
0.238368
0.177725
0.203165
0.196907
0.298837
0.041039
0.271006
0.283333
0.643878
0.317793
0.100057
0.037782
0.061637
0.086948
0.795898
0.321342
0.736397
0.2092
0.319027
0.483764
0.254702
0.243973
0.104186
0.081886
0.058972
0.119924
0.095134
0.147654
0.91177
0.956669
0.860277
0.523083
0.478427
0.273539
0.229229
0.561651
0.273697
0.004506
0.055246
0.763234
0.337738
0.34639
0.148121
0.027296
0.106694
0.226965
0.183647
0.410185
0.238815
0.982795
0.310188
0.536756
0.074919
0.067541
0.509078
0.272386
0.14692
0.130399
0.630571
0.150735
0.143099
0.090676
0.013372
0.18548
0.217289
0.954802
0.106777
0.592372
0.150207
0.171094
0.385886
0.172645
0.881878
0.523941
0.762635
0.057653
0.970524
0.99989
0.4498
0.999543
0.03524
0.604971
0.797001
0.130849
0.107899
0.997826
0.637123
0.087996
0.01922
0.067895
0.077509
0.367592
0.343574
0.430804
0.988478
0.140403
0.094357
0.127786
0.153214
0.106629
0.192909
0.69986
0.319085
0.093614
0.907944
0.212649
0.79639
0.27583
0.999911
0.180555
0.239183
0.987361
0.120141
0.03193
0.187044
0.192671
0.175075
0.043033
0.093003
0.236435
0.154753
0.44417
0.019527
0.255575
0.264851
0.131591
0.612321
0.223748
0.209242
0.191406
0.09754
0.456785
0.15597
0.135732
0.058939
0.293053
0.838948
