0.063843
0.083982
0.042253
0.039017
0.047997
0.153809
0.023556
0.162196
0.162196
0.170722
0.999717
0.03686
0.80225
0.002924
0.026009
0.022254
0.007974
0.12907
0.011465
0.462307
0.759833
0.968465
0.273098
1.000093
0.009103
0.040532
0.092322
0.558253
0.036739
0.735539
0.081159
0.060681
0.044514
0.153248
0.036629
0.102967
0.023097
0.073825
0.059735
0.059735
0.059735
0.059735
0.146233
0.208697
0.999978
0.876055
0.36994
0.988772
0.021118
0.651588
0.03063
0.036786
0.021061
0.009123
0.999261
0.109739
0.027615
0.079582
0.019889
0.039535
0.019889
0.019889
0.019889
0.98425
0.767214
0.40877
0.053474
0.093024
0.997388
0.999686
0.022868
0.123443
0.835145
0.329373
1.000013
0.870763
0.624019
1.000082
1.0001
0.851327
0.987624
0.999858
0.857969
1.000097
0.069428
0.052702
0.010352
0.640226
0.961762
0.083793
0.00509
0.936313
0.540565
0.397511
0.004181
0.996016
0.312938
0.834933
0.154266
0.632772
0.22694
0.721136
0.076332
0.041347
0.026855
0.002066
0.002066
0.003583
0.989484
0.182593
0.880066
0.006549
0.001025
0.009222
0.046724
1.000065
0.002115
0.193295
0.545902
0.019593
0.039705
0.201161
0.00185
0.001516
0.004912
0.008588
0.031035
0.008588
0.008588
0.01049
0.007422
0.011127
0.007751
0.000929
0.033508
0.973707
0.00217
0.001833
0.001833
0.903271
0.145996
0.157481
0.099406
0.16376
0.16376
0.150626
1.000057
0.142025
0.130545
0.130545
0.130545
0.130545
0.130545
0.130545
0.130545
0.130545
0.130545
0.130545
0.130545
0.130545
0.130545
0.130545
0.130545
0.130545
0.130545
0.130545
0.130545
0.130545
0.130545
0.130545
0.130545
0.130545
0.130545
0.999966
0.978148
0.999594
0.642318
0.999057
0.108657
0.722959
0.005355
0.394435
0.576814
0.998945
0.996794
0.917848
0.177407
0.033899
1.000001
0.049386
0.036849
0.039612
0.138616
0.329498
0.973934
0.086067
0.993552
0.004108
0.004152
0.684427
0.951524
0.999706
0.002079
0.999387
0.470474
0.022947
0.069435
0.111985
0.198693
0.999585
0.128819
0.236485
0.014914
0.9956
0.236374
0.869982
0.999319
0.006662
0.219364
0.193708
0.013371
0.996907
0.006257
0.860719
0.301191
0.063692
0.622144
0.834873
0.00296
0.996885
1.0001
0.623874
0.040437
1.00009
0.098327
0.05299
0.010958
0.801599
0.871543
0.003472
0.006605
0.201891
0.58208
0.123853
0.004899
0.045551
0.941582
0.004089
0.983628
0.071126
0.03576
0.396066
0.484745
0.000178
0.019231
0.637831
0.74159
0.337777
0.045267
0.048905
0.16914
0.994267
0.965728
0.460748
0.982519
0.002327
0.354818
0.612543
0.311422
1.0001
0.379813
0.101196
0.956174
0.004902
0.015022
0.004902
0.004902
0.206784
0.012409
0.617203
0.004717
0.833837
0.009384
0.998598
0.604102
0.005168
0.003169
0.006435
0.490852
0.010563
0.151267
0.18984
0.236344
0.007334
0.960618
0.001086
0.439802
0.524915
0.133806
0.448749
0.23378
0.209777
0.003411
0.02549
0.003411
0.003411
0.015062
0.698496
0.017626
0.004743
0.001203
0.048549
0.011991
0.024221
0.025399
0.548174
0.925264
0.392995
0.067611
0.003726
0.854933
0.033261
0.149895
0.099598
0.217676
0.182108
0.039112
0.070964
0.621594
0.076079
1.0001
0.208261
0.024582
0.027425
0.022
0.535293
0.005121
0.060621
0.2307
0.498995
0.000291
0.077536
0.996905
0.714077
0.442256
0.993758
0.020901
0.000337
0.735944
0.091735
0.016272
0.224077
0.081796
0.000242
0.005327
0.013795
0.003103
0.05818
0.03979
0.044935
0.003103
0.003103
0.003103
0.032018
0.007333
0.09054
0.948526
0.073657
0.003114
0.008664
0.00655
0.001729
0.000588
0.001721
0.000199
0.010938
0.019797
0.001549
0.001039
0.001039
0.028415
0.015298
0.00035
0.010054
0.009286
0.009286
0.009286
0.15223
0.012572
0.009881
0.004856
0.004856
0.011905
0.011905
0.000683
0.002881
0.002881
0.002881
0.007981
0.000995
0.000208
0.000973
0.002671
0.026344
0.00428
0.00428
0.00428
0.00428
0.00428
0.00105
0.276333
0.105577
0.015981
0.337544
0.409395
0.94965
0.998305
0.179974
0.083877
0.008303
0.008303
0.008303
0.554938
0.562057
0.742116
0.113999
0.999746
0.059919
0.015051
0.82901
0.008841
0.011438
0.561137
0.003434
0.003434
0.017708
0.042342
0.005376
0.109862
0.033221
0.023707
0.004132
0.999887
0.01522
0.115477
0.005623
0.003731
0.005055
0.003731
0.004019
0.527648
0.020202
0.988585
0.004816
0.365905
0.796984
0.977363
0.631827
1.000095
0.697264
0.020829
0.991167
0.968389
0.560362
0.665826
0.999451
0.584383
0.641846
0.720871
0.268479
0.985623
0.017028
0.080764
1.000022
0.304135
0.049685
0.942373
0.11287
0.026301
0.838053
0.651001
0.005117
0.148244
0.011389
0.244163
0.047238
0.240336
0.011414
0.006358
0.943095
0.342017
0.040239
0.406677
0.015424
0.005994
0.002545
0.161804
0.022732
0.011367
0.645801
0.402656
0.027078
0.001406
0.352892
0.07041
0.130335
0.813464
0.998729
0.015429
0.005974
0.53707
0.075068
0.108617
0.01463
0.038158
0.710377
0.00199
0.01214
0.005618
0.992101
0.01072
0.971752
0.012847
0.004014
0.00784
0.00529
0.00529
0.008733
0.010513
0.010651
0.016189
0.03522
0.005533
0.007404
0.018149
0.137515
0.000572
0.000572
0.033534
0.012662
0.282756
0.028038
0.003188
0.003188
0.003188
1.0001
0.000552
0.000552
0.002288
0.194473
0.015006
0.998788
0.126431
0.001477
0.174041
0.440802
0.977273
0.926676
0.031709
0.744109
0.070758
0.81403
0.362745
0.007987
0.023955
0.008105
0.258692
0.825366
0.045647
0.212982
0.784067
0.001575
0.002477
0.037123
0.590019
0.063844
0.952647
0.001055
0.023574
0.006247
0.002609
0.006206
0.126608
0.742361
0.068943
0.03545
1.000081
0.119519
0.0235
0.008019
0.008019
0.024597
0.0111
0.006049
0.002786
0.002786
0.006281
0.002786
0.006738
0.002617
0.99885
0.002509
0.307419
0.15407
0.000917
0.012833
0.017111
0.837952
1.000088
0.180174
0.999655
0.565009
0.999053
0.993017
0.007517
1.000067
0.053935
0.015842
0.39562
0.007051
0.010378
0.992131
0.055765
0.082715
0.285029
0.21823
0.002349
0.108913
0.027779
0.005959
0.024913
0.000358
0.000358
0.000358
0.000358
0.009047
0.009047
0.009047
0.009047
0.019624
0.000315
1.000085
0.675912
0.005747
0.548622
0.208367
0.005938
0.005938
0.016831
0.005083
0.005083
0.01149
0.129613
0.111984
0.015834
0.135577
0.010569
0.113526
0.023871
0.070186
0.113526
0.989725
0.069213
0.060023
0.017429
0.027818
0.984735
0.103184
0.468084
0.650408
0.037115
0.010792
0.010792
0.096764
0.706739
0.049936
0.085754
0.093316
0.816861
0.004343
0.219515
0.019542
0.262085
0.987914
0.016913
0.723337
0.024214
0.005564
0.091487
0.012042
0.260573
0.049561
0.114312
0.096258
0.462613
0.35712
0.03342
0.089565
0.74934
0.216004
0.234049
0.076092
0.001048
0.005302
0.043349
0.022103
0.053664
0.003123
0.010216
0.006039
0.014586
0.01687
0.01687
0.015203
0.008687
0.007528
0.008687
0.044888
0.022477
0.018249
0.018249
0.111141
0.068189
0.551453
0.025053
0.099105
0.023883
0.7934
0.121373
0.03014
0.028455
0.013349
0.008506
0.008506
0.008506
0.027042
0.016986
0.98231
0.231329
0.012147
0.005724
0.005724
0.981193
0.005724
0.99983
0.049733
0.016019
0.008244
0.42311
0.002073
0.005985
1.0001
0.024966
0.00652
0.006252
0.006252
0.011031
0.039036
0.006252
0.003743
0.003743
0.031571
0.429192
0.069272
0.06406
0.06406
0.06406
0.06406
0.077499
0.011015
1.000038
0.158951
0.011015
0.014289
0.029253
0.068622
0.071195
0.080753
0.011015
0.019338
0.011015
0.099325
0.014911
0.011015
0.051859
0.011015
0.011015
0.473924
0.26204
0.127285
0.215934
0.600155
0.581365
0.127285
0.127285
0.127285
0.127285
0.127285
0.264523
0.223933
0.082599
0.303838
0.127285
0.93445
0.127285
0.993161
0.055248
0.999112
0.761363
0.495388
0.002871
0.028609
0.986043
0.937308
0.018103
0.307589
0.970691
0.038783
0.957829
0.160072
0.014252
0.979894
0.049095
0.784152
0.040591
0.026222
0.017428
0.193316
0.100274
0.027698
0.049198
0.006757
0.31318
0.46327
0.123688
0.998895
0.034641
0.125214
1.000075
0.866715
0.213983
0.889948
1.0001
0.155435
0.999914
0.707451
0.949031
0.049248
0.035373
0.084105
0.241427
0.023271
0.008258
0.999654
0.483421
0.236404
0.02471
0.391042
0.108414
0.062594
0.003741
0.205272
0.036217
0.008162
0.569128
0.15768
0.125081
0.020573
0.629726
0.999861
0.173683
0.993482
0.022638
0.080818
0.008494
0.018946
0.314208
0.012057
0.012043
0.314283
0.010599
0.123863
0.002343
0.005652
1.0001
0.001159
0.000376
0.162922
0.00263
0.646963
0.020639
0.022323
0.218319
0.199913
0.00684
0.040171
0.136265
0.001583
0.005824
0.31179
0.005926
0.822774
0.999955
0.002653
0.000142
0.007648
0.934615
0.419059
0.949782
0.023883
0.000101
0.000467
0.000264
0.000189
0.766126
0.003854
0.000335
0.00895
0.005174
0.005174
0.005174
0.00168
0.038171
0.204051
0.000782
0.953354
0.007285
0.000434
0.000731
0.067811
0.536993
0.029211
0.014511
0.004151
0.062769
0.004151
0.004151
0.040043
0.031385
0.987733
0.001571
0.008657
0.005824
0.004234
0.004585
0.570602
0.000777
0.716535
0.067443
0.671788
0.000349
0.004731
0.002403
0.00682
0.005921
0.452959
0.053425
0.006564
0.020604
0.001524
0.235559
0.071428
0.015499
0.48213
0.000827
0.057038
0.015843
0.002965
0.426345
0.808488
0.032631
0.477863
0.665927
0.006707
0.151662
0.003295
0.000302
0.001274
0.978453
0.000118
0.004531
1.000095
1.000095
0.999603
0.013498
0.002013
0.002013
0.002013
0.002013
0.047587
0.002013
0.002013
0.004053
0.001224
0.002023
0.050008
0.004405
0.003256
0.000331
0.000266
0.00321
1.000097
0.107914
0.874011
0.113609
0.098334
0.900256
0.069603
1.00008
0.004655
0.027368
0.618527
0.032413
0.052646
0.266028
0.435441
0.372666
1.0001
0.88721
1.000083
0.017546
0.014721
0.523903
0.019865
0.955834
0.002218
0.527877
0.793941
0.172892
0.077891
0.314531
0.900698
0.001548
0.013417
0.688803
0.30133
0.018297
0.000268
0.003298
0.00045
0.38357
0.100588
0.066218
0.002273
0.004824
0.000186
0.056979
0.082463
0.010834
0.027138
0.146329
0.004308
0.004378
0.006004
0.004308
0.004308
0.0054
0.004308
0.074677
0.022236
0.991705
0.080041
0.151315
0.065882
0.001355
0.003352
0.116307
0.027234
0.011683
0.177173
0.056118
0.152095
0.159698
0.067271
0.002736
0.000889
0.013733
0.000233
0.047097
0.001991
0.366313
0.180108
0.164581
0.009679
0.000189
0.004327
0.000188
0.002573
0.000328
0.00099
0.053414
0.040668
0.004847
0.003073
0.000529
0.001474
0.011055
0.011055
0.011055
0.011055
0.011055
0.011055
0.000355
0.001503
0.001503
0.001503
0.001503
0.005462
0.01923
0.002187
0.000869
0.004395
1.000082
0.018971
0.499039
0.970358
0.523095
0.938329
0.156366
0.002845
0.178329
0.004407
0.191905
0.993767
0.106267
0.463375
0.013062
0.080191
0.005304
0.001805
0.437674
0.030299
0.109712
0.534526
0.998953
0.012039
0.630785
0.014532
0.004263
0.196174
0.454853
0.038418
0.006991
0.000118
0.000118
0.037738
0.365072
0.36852
0.02715
0.28412
0.317943
0.141809
0.00704
0.004215
0.087141
0.007413
0.002613
0.001324
0.000854
0.000829
0.00397
0.036628
0.000115
0.007644
0.004526
0.001311
0.002948
0.002147
0.001311
0.002202
0.002202
0.002202
0.002202
0.06888
0.002719
0.002202
0.002202
0.019696
0.000781
0.000639
0.001844
0.00115
0.000618
0.345831
0.335912
0.799552
0.020457
0.057573
0.979873
0.02539
0.157919
0.266923
0.001521
0.997542
0.271747
0.57081
0.016518
0.628061
0.023382
0.002302
0.00011
0.019703
0.030216
0.1272
0.026644
0.618639
0.115685
0.540704
0.070284
0.098245
0.916871
0.199023
0.064193
0.063417
0.022877
0.007936
0.007936
0.007936
0.007936
0.007936
0.007936
0.007936
0.023999
0.007936
0.007936
0.005298
0.000423
0.000302
0.080355
0.331414
1.0001
0.036208
0.00711
0.580926
0.004131
0.03141
0.004919
0.001791
0.013179
0.000129
0.005418
0.065881
0.007606
0.00027
0.036179
0.076226
0.994677
0.000379
0.026081
0.003276
0.798655
0.048665
0.025265
0.001856
0.000663
0.104012
0.008364
0.062371
0.458325
0.000529
0.000529
0.000529
0.507694
0.132088
0.196836
0.063165
0.744696
0.04402
0.005536
0.029534
0.004002
0.007445
0.004002
0.101597
0.016077
0.016077
0.016077
0.00515
0.00515
0.809919
0.996426
0.146425
0.563196
0.125849
0.022675
0.039167
0.009009
0.012042
0.009009
0.009009
0.001845
0.015869
0.001845
0.002131
0.002131
0.002131
0.002131
0.017589
0.195309
0.017962
0.007152
0.004407
0.117235
0.004407
0.008979
0.016301
0.004425
0.001508
0.004108
0.004425
0.94935
0.001034
0.002079
0.008012
0.115163
0.034014
0.007237
0.845163
0.296894
0.001018
0.001824
0.041372
1.000089
0.1904
0.008345
0.060435
0.062345
0.005531
0.012385
0.043541
0.2181
0.095007
0.000714
0.000714
0.003805
0.000248
0.000548
0.000809
0.58462
0.067496
0.197628
0.119326
0.084171
0.971369
0.014904
0.000349
0.000386
0.678471
0.052676
0.22174
0.466661
0.064577
0.003843
0.004773
0.023133
0.000243
0.040629
0.135286
0.183771
0.989435
0.004458
0.006369
0.000828
0.000828
0.000828
0.025987
0.003661
0.001933
0.000908
0.027971
0.017484
0.000629
0.020238
0.020269
0.020238
0.535896
0.048016
0.955977
0.082119
0.021347
0.227816
0.658093
0.075219
0.052979
0.531056
0.030653
0.077343
0.03456
0.039871
0.006733
0.022303
0.259365
0.007153
0.000594
0.023675
0.001543
0.005694
0.110864
0.444147
0.006337
0.021163
0.006337
0.113158
0.014559
0.006337
0.006337
0.006896
0.006337
0.014094
0.001487
0.040423
0.043835
0.043835
0.043835
0.043835
0.043835
0.043835
0.043835
0.043835
0.043835
0.043835
0.043835
0.000708
0.175358
0.073701
0.066463
0.181262
0.040907
0.08903
0.162879
0.252779
0.162879
0.162879
0.162879
0.377691
0.377691
0.377691
0.023552
0.207105
0.369687
0.519142
0.221436
0.306919
0.268638
0.268638
0.268638
0.507586
0.268638
0.268638
0.268638
0.145402
0.145402
0.145402
0.26649
0.26649
0.26649
0.26649
0.26649
0.26649
0.26649
0.380235
0.251932
0.26649
0.26649
0.267147
0.384375
0.069749
0.017345
0.863073
0.020912
0.165907
0.178472
0.253569
0.253569
0.253569
0.35204
0.129357
0.129357
0.324185
0.324185
0.324185
0.324185
0.324185
0.324185
0.088646
0.088646
0.088646
0.088646
0.088646
0.088646
0.088646
0.26259
0.995583
0.026837
0.026299
0.020864
0.023327
0.026299
0.026299
0.86117
0.065978
0.026299
0.026299
0.108581
0.532914
0.107692
0.09429
0.130741
0.030363
0.035414
0.068618
0.086901
0.311224
0.397077
0.044059
0.039944
0.037241
0.255693
0.052414
0.052414
0.052414
0.052414
0.052414
0.050899
0.054799
0.052414
0.052414
0.052414
0.060093
0.037973
0.037973
0.041131
0.037973
0.030962
0.037973
0.028942
0.27179
0.27179
0.27179
0.27179
0.089299
0.029827
0.005313
0.038645
0.004402
0.353531
0.088401
0.157597
0.022828
0.289249
0.073292
0.063864
0.007341
0.007806
0.006908
0.913672
0.079727
0.210306
0.072337
0.007564
0.031447
0.189076
0.189076
0.189076
0.189076
0.189076
0.189076
0.189076
0.189076
0.014525
0.112096
0.014525
0.049857
0.049857
0.049857
0.049857
0.522842
0.303955
0.225203
0.227508
0.142726
0.111747
0.285601
0.240071
0.240071
0.31684
0.240071
0.240071
0.240071
0.240071
0.240071
0.078379
0.21602
0.119921
0.119921
0.289874
0.289874
0.289874
0.289874
0.289874
0.289874
0.289874
0.289874
0.289874
0.289874
0.289874
0.289874
0.289874
0.289874
0.289874
0.289874
0.289874
0.289874
0.284856
0.284856
0.126699
0.126699
0.236866
0.231822
0.123207
0.123207
0.123207
0.002987
0.256692
0.137295
0.137295
0.134186
0.247642
0.247642
0.247642
0.247642
0.247642
0.247642
0.247642
0.162421
0.162421
0.162421
0.162421
0.083969
0.256692
0.759955
0.303878
0.002506
0.712572
0.007058
0.023874
0.015083
0.013465
0.161721
0.470782
0.073621
0.005811
0.702216
0.386547
0.018738
0.000385
0.006006
0.000137
0.060362
0.218025
0.336537
0.009474
0.134279
0.057063
0.003389
0.001364
0.066592
0.001364
0.000867
0.015982
0.029458
0.004651
0.000166
0.000136
0.008328
0.000211
0.000121
0.128518
0.000296
0.005087
0.029312
0.435508
0.973289
0.36494
0.258146
0.181935
0.004586
0.135852
0.009932
0.00475
0.002522
0.002522
0.005752
0.022314
0.015091
0.956327
0.002933
0.963529
0.690627
0.284402
0.04148
0.019814
0.136261
0.355767
0.008339
0.008622
0.048168
0.002962
0.007046
0.223226
0.020804
0.702614
0.030952
0.105914
0.55143
0.004182
0.006681
0.104887
0.000429
0.000429
0.000429
0.000429
0.000429
0.021292
0.02663
0.840693
0.004557
0.002074
0.00128
0.144373
0.006641
0.68928
0.001304
0.012824
0.000703
0.00515
0.001929
0.005935
0.006354
0.006505
0.027905
0.132222
0.08384
0.057892
0.304241
0.673148
0.03107
0.016392
0.001316
0.089033
0.024162
0.000736
0.06237
0.00148
0.011356
0.015014
0.012839
0.001242
0.00561
0.015466
0.020592
0.007012
0.009413
0.019103
0.004037
0.004037
0.013754
0.003713
0.026317
0.008319
0.011368
0.000998
0.006421
0.002057
0.001878
0.003555
0.002177
0.000433
0.000518
0.002543
0.018251
0.002235
0.001818
0.001818
0.000303
0.000586
0.013043
0.65407
0.353078
0.089686
0.417669
0.003301
0.767958
0.000614
0.060659
0.739722
0.536409
0.12738
0.077676
0.009774
0.023695
0.059291
0.000298
0.000298
0.014805
0.031055
0.000493
0.000372
0.005097
0.000199
0.022695
0.02738
0.003288
0.000789
0.561611
0.000288
0.000517
0.415681
0.000256
0.008327
0.000107
0.000397
0.00011
0.044265
0.058136
0.014476
0.039076
0.027442
0.04666
0.010944
0.016113
0.001971
0.018926
0.010599
0.00986
0.000195
0.007772
0.003932
0.008399
0.011935
0.007215
0.012944
0.01617
0.01617
0.01617
0.003543
0.012794
0.003133
0.003133
0.003133
0.004512
0.001036
0.001036
0.001036
0.002916
0.105844
0.019985
0.026477
0.009002
0.003855
0.009006
0.037998
0.037588
0.017028
0.007631
0.007149
0.106988
0.296358
0.010279
0.010279
0.010279
0.473854
0.010279
0.048701
0.03201
0.125123
0.017537
0.056398
0.010279
0.010279
0.178302
0.010279
0.623465
0.312505
0.01004
0.011338
0.006464
0.011736
0.034698
0.002222
0.018879
0.099016
0.002784
0.002784
0.040056
0.109779
0.011425
0.024907
0.005982
0.005982
0.493412
0.744705
0.018068
0.94847
0.060724
0.003521
0.009185
0.040117
0.034651
0.038861
0.035819
0.021914
0.011501
0.011501
0.011501
0.011501
0.030648
0.052909
0.082015
0.503234
0.58487
0.045353
0.031835
0.870287
0.015645
0.015645
0.026504
0.058816
0.074186
0.02261
0.015645
0.137256
0.015645
0.015645
0.015645
0.060679
0.015645
0.020928
0.015645
0.015645
0.015645
0.025761
0.015645
0.027963
0.066827
0.022216
0.012177
0.013981
0.006189
0.008771
0.016772
0.137548
0.025073
0.056238
0.978169
0.669282
0.344187
0.190176
0.00215
0.012283
0.020405
0.002535
0.004722
0.413362
0.640948
0.027553
0.01985
0.011418
0.036394
0.107954
0.007823
0.780123
0.007437
0.004461
0.024095
0.735183
0.010537
0.001196
0.002752
0.001196
0.001196
0.01147
0.035892
0.125373
0.049621
0.001196
0.001196
0.108448
0.155502
0.026644
0.606897
0.232501
0.011812
0.000726
0.000726
0.006723
0.000726
0.01579
0.021728
0.003469
0.010494
0.003469
0.042259
0.021372
0.003469
0.003469
0.441621
0.001329
0.001329
0.005189
0.001329
0.001329
0.001329
0.010771
0.001329
0.011772
0.034706
0.011943
0.019062
0.014149
0.02962
0.045014
0.009645
0.005105
0.191345
0.058137
0.000593
0.074272
0.000761
0.000761
0.000761
0.006818
0.000761
0.000238
0.000238
0.003879
0.001983
0.029872
0.002231
0.002231
0.003049
0.000591
0.021351
0.087177
0.135293
0.060712
0.057939
0.000189
0.000177
0.021648
0.036408
0.000739
0.003566
0.000739
0.000739
0.002658
0.000108
0.001946
0.000114
0.00015
0.034928
0.011129
0.010707
0.004906
0.004906
0.00185
0.0477
0.075141
0.026717
0.08731
0.042609
0.004697
0.042609
0.004697
0.017382
0.004697
0.004697
0.010274
0.010274
0.010274
0.010274
0.010703
0.015543
0.005459
0.001236
0.001186
0.00083
0.000443
0.000443
0.070305
0.002334
0.004545
0.001137
0.125616
0.452581
0.585377
0.919331
0.012156
0.033028
0.011408
0.008145
0.046997
0.016849
0.014231
0.479065
0.043797
0.02472
0.009279
0.033255
0.017228
0.005996
0.11363
0.126658
0.006199
0.006473
0.009289
0.004746
0.016909
0.006192
0.020254
0.063146
0.039269
0.383801
0.012578
0.007335
0.003919
0.003919
0.003919
0.011583
0.003919
0.003919
0.065555
0.02227
0.02227
0.02227
0.02227
0.02227
0.02227
0.00977
0.00977
0.00977
0.00977
0.00977
0.120228
0.035116
0.179726
0.830002
0.057546
0.057956
0.001936
0.025631
0.000665
1.000097
0.072004
0.948952
0.624992
0.95614
0.011307
0.008376
0.075392
0.008376
0.33351
0.008376
0.008376
0.018639
0.696549
0.119088
0.001081
0.001081
0.001081
0.002149
0.002084
0.015962
0.002542
0.009525
0.178514
0.012949
0.039757
0.033885
0.010085
0.020513
0.102836
0.010145
0.020513
0.020513
0.021815
0.001315
0.001315
0.003935
0.003238
0.0029
0.336433
0.074859
0.05815
0.003001
0.034743
0.997382
0.007334
0.222282
0.386486
0.005793
0.749577
0.290584
0.000561
0.002379
0.231421
0.01705
0.008629
0.03825
0.859341
0.960396
0.032255
0.070445
0.007185
0.460548
0.005636
0.004531
0.89736
0.00373
0.017763
0.062468
0.033746
0.005971
0.001953
0.178479
0.007403
0.010992
0.020104
0.000813
0.000813
0.15707
0.151892
0.01282
0.039575
0.000357
0.000357
0.02696
0.00349
0.054992
0.020996
0.047321
0.188202
0.020996
0.020996
0.020996
0.020996
0.020996
0.020996
0.020996
0.020996
0.029723
0.020996
0.020996
0.020996
0.020996
0.359491
0.0122
0.00131
0.002222
0.002222
0.000857
0.000167
0.03559
0.038912
0.10529
0.025967
0.39947
0.034863
0.377156
0.03744
0.011759
0.068996
0.004869
0.05869
0.209254
0.125706
0.042831
0.055255
0.009554
0.010514
0.07722
0.790756
0.060136
0.023104
0.052198
0.032615
0.032615
0.032615
0.373151
0.035647
0.035647
0.014799
0.014799
0.014799
0.014799
0.014799
0.019708
0.013086
0.048723
0.272196
0.014799
0.014799
0.031763
0.031707
0.120492
0.106035
0.000573
0.002482
0.970998
0.011961
0.011961
0.011961
0.011961
0.327158
0.001128
0.000937
0.015335
0.074754
0.080818
0.013139
0.006289
0.071226
0.007887
0.442571
0.002479
0.002932
0.031609
0.112888
0.274853
0.373878
0.058363
0.032572
0.147566
0.073582
0.823168
0.108812
0.071523
0.007631
0.046409
0.067595
0.046409
0.046409
0.058027
0.046409
0.046409
0.046409
0.046409
0.046409
0.046409
0.046409
0.046409
0.046409
0.046409
0.046409
0.046409
0.046409
0.046409
0.046409
0.055213
0.046409
0.046409
0.073431
0.046409
0.046409
0.075247
0.781297
0.016318
0.125427
0.020273
0.002244
0.926953
0.468248
0.066587
0.017231
0.023949
0.188552
0.002147
0.065423
0.007072
0.041766
0.012777
0.034217
0.291225
0.000438
0.018264
0.002053
0.022976
0.004241
0.107617
0.01246
0.01105
0.010499
0.036606
0.065655
0.006044
0.078803
0.046557
0.010423
0.011686
0.002023
0.015291
0.021509
0.022041
0.082718
0.008703
0.01226
0.029993
0.67998
0.002634
0.002634
0.007933
0.002634
0.008034
0.002634
0.042022
0.122818
0.004555
0.004555
0.022598
0.004555
0.036903
0.00068
0.00068
0.00068
0.000416
0.000416
0.317035
0.066255
0.023524
0.003815
0.005002
0.003815
0.003815
0.07549
0.012938
0.121477
0.008544
0.002289
0.002157
0.002157
0.002157
0.002157
0.002157
0.006967
0.009644
0.107771
0.006967
0.006967
0.006967
0.006967
0.006967
0.006967
0.006967
0.006967
0.165487
0.241167
0.001743
0.005993
0.002817
0.029991
0.023413
0.023413
0.023413
0.012771
0.006483
0.004633
0.000181
0.005054
0.001723
0.001723
0.062719
0.031158
0.006566
0.021269
0.786801
0.074047
0.015606
0.029327
0.032842
0.008961
0.026148
0.004028
0.002729
0.011523
0.016902
0.032053
0.003194
0.005801
0.006229
0.000319
0.001404
0.001555
0.265544
0.425878
0.107249
0.020738
0.004962
0.006348
0.000937
0.004845
0.004845
0.004043
0.036952
0.003828
0.576832
0.000556
0.005428
0.00066
0.006004
0.006004
0.01722
0.00491
0.631576
0.049662
0.749599
0.013121
0.004562
0.000639
0.018578
0.036407
0.146557
0.025342
0.028332
0.008678
0.008854
0.008854
0.010905
0.016577
0.016577
0.016577
0.036324
0.000453
0.039111
0.00585
0.032991
0.00585
0.00585
0.000304
0.389268
0.216588
0.066998
0.333334
0.033938
0.059039
0.068325
0.746458
0.027306
0.027306
0.027306
0.027306
0.027306
0.027306
0.027306
0.056588
0.050827
0.454042
0.008676
0.0072
0.025469
0.089197
0.012851
0.012851
0.012851
0.012851
0.012851
0.012851
0.012163
0.012163
0.012163
0.012163
0.012163
0.012163
0.00794
0.00794
0.00794
0.00794
0.009943
0.009943
0.017184
0.104095
0.017084
0.017084
0.017084
0.028995
0.143651
0.017084
0.017084
0.017084
0.017084
0.017084
0.026836
0.024796
0.079409
0.00069
0.004612
0.508721
0.94511
0.10936
0.005059
0.06787
0.006277
0.020529
0.000432
0.000432
0.00161
0.007475
0.005357
0.003095
0.200298
0.000957
0.000957
0.020257
0.015035
0.008422
0.002171
0.005448
0.003898
0.004078
0.209719
0.013717
0.013717
0.037785
0.013717
0.013717
0.013717
0.013717
0.013717
0.031467
0.017804
0.089224
0.012554
0.005103
0.042897
0.013354
0.005505
0.02708
0.005505
0.002029
0.007367
0.005448
0.005448
0.13728
0.074367
0.031941
0.006677
0.006677
0.058335
0.012899
0.006677
0.006677
0.149643
0.006677
0.121793
0.006677
0.006677
0.006677
0.085664
0.23033
0.085664
0.085664
0.085664
0.164992
0.085664
0.085664
0.085664
0.085664
0.365086
0.172767
0.085664
0.085664
0.085664
0.085664
0.085664
0.085664
0.085664
0.085664
0.085664
0.085664
0.085664
0.085664
0.085664
0.085664
0.085664
0.160006
0.205402
0.259158
0.085664
0.140107
0.172767
0.085664
0.085664
0.247805
0.085664
0.225133
0.085664
0.201386
0.085664
0.085664
0.085664
0.085664
0.085664
0.045058
0.023156
0.132324
0.269698
0.12389
0.283858
0.027728
0.001193
0.001193
0.008639
0.004831
0.004391
0.004401
0.000603
0.004995
0.000469
0.005801
0.006333
0.001098
0.001098
0.023888
0.010602
0.140861
0.004528
0.00052
0.00052
0.252672
0.0363
0.002536
0.011552
0.026918
0.008458
0.045124
0.010133
0.09502
0.0024
0.014097
0.013053
0.005072
0.213523
0.015203
0.208894
0.153183
0.04341
0.053545
0.028739
0.005815
0.005815
0.005815
0.005815
0.005349
0.106105
0.142772
0.046498
0.113771
0.008579
0.002935
0.002935
0.002091
0.047939
0.016003
0.190985
0.144744
0.02591
0.00675
0.044327
0.004523
0.001537
0.035998
0.003157
0.007499
0.007499
0.007499
0.007794
0.026056
0.021789
0.021789
0.021789
0.021789
0.021789
0.021789
0.021789
0.050712
0.021789
0.021789
0.021789
0.150972
0.001909
0.000184
0.001854
0.038718
0.014488
0.010174
0.021654
0.337014
0.009131
0.007512
0.000528
0.001499
0.183677
0.153021
0.051964
0.000642
0.002277
0.000642
0.012538
0.008774
0.010106
0.001769
0.000413
0.000413
0.000413
0.000266
0.002507
0.000789
0.043665
0.000789
0.010203
0.001292
0.000535
0.004713
0.049745
0.000483
0.00183
0.00183
0.00183
0.044557
0.01313
0.01313
0.036479
0.102194
0.050344
0.050344
0.050344
0.050344
0.050344
0.000586
0.000586
0.026387
0.026387
0.026387
0.011336
0.010326
0.011336
0.011336
0.009332
0.009332
0.000329
0.00056
0.001422
0.007054
0.00497
0.008441
0.027569
0.004749
0.002534
0.000129
0.006217
0.006217
0.006438
0.00222
0.016621
0.019917
0.00198
0.006213
0.537176
0.02303
0.00936
0.03319
0.039611
0.01067
0.000321
0.025724
0.027755
0.024989
0.015818
0.027412
0.207698
0.084294
0.011228
0.027337
0.008166
0.04307
0.04307
0.04307
0.019598
0.153393
0.04307
0.105977
0.002845
0.001553
0.001553
0.001553
0.001553
0.001553
0.017197
0.017197
0.017197
0.017197
0.017197
0.017197
0.017197
0.017197
0.017197
0.017197
0.017197
0.017197
0.002754
0.00028
0.017508
0.006362
0.006362
0.006362
0.006362
0.006362
0.006362
0.004313
0.007897
0.004313
0.004313
0.026177
0.009411
0.036322
0.100725
0.036322
0.094266
0.036322
0.036322
0.036322
0.029118
0.036322
0.060493
0.009812
0.007063
0.023352
0.017388
0.007063
0.000118
0.648247
0.905133
0.73888
0.300326
0.223865
0.708961
0.206647
0.099964
0.099964
0.220299
0.348437
0.204042
0.099964
0.099964
0.462392
0.099964
0.099964
0.099964
0.099964
0.311515
0.099964
0.744126
0.099964
0.099964
0.099964
0.099964
0.69291
0.099964
0.099964
0.976468
0.099964
0.697912
0.69291
0.953524
0.099964
0.156574
0.099964
0.099964
0.099964
0.225431
0.582251
0.183067
0.582251
0.099964
0.099964
0.139954
0.099964
0.099964
0.00975
0.000829
0.014928
0.017932
0.005435
0.090563
0.027604
0.109443
0.013988
0.132632
0.027562
0.570427
0.014615
0.08017
0.023879
0.014462
0.009217
0.009217
0.009217
0.388723
0.051075
0.032741
0.017545
0.004499
0.003273
0.004634
0.011832
0.001673
0.001673
0.000851
0.005173
0.011828
0.000725
0.00317
0.00317
0.025443
0.026754
0.003437
0.002347
0.011851
0.013036
0.452551
0.083797
0.648274
0.016554
0.079587
0.009471
0.087632
0.02928
0.262209
0.039504
0.017177
0.014363
0.01095
0.017784
0.01095
0.01095
0.045224
0.222993
0.003288
0.003225
0.000966
0.002538
0.038056
0.005569
0.046057
0.020824
0.082346
0.009701
0.002562
0.01179
0.065379
0.100351
0.027577
0.027577
0.000537
0.014164
0.12248
0.074014
0.036367
0.262039
0.183749
0.007364
0.053769
0.060037
0.036237
0.021254
0.918312
0.042635
0.028509
0.008287
0.913722
0.003529
0.014051
0.003488
0.001734
0.023047
0.008612
0.007477
0.009227
0.002009
0.002009
0.051065
0.000869
0.000869
0.041233
0.005187
0.023958
0.045832
0.001908
0.007787
0.012778
0.012778
0.012778
0.006606
0.006606
0.006606
0.00311
0.042912
0.05987
0.008592
0.076373
0.003018
0.008009
0.003512
0.006222
0.012844
0.006222
0.008275
0.008275
0.008825
0.0119
0.023942
0.0119
0.024987
0.031325
0.000136
0.02881
0.009507
0.009507
0.000461
0.057013
0.003119
0.234671
0.005483
0.005483
0.108977
0.005483
0.005483
0.005483
0.005483
0.005483
0.005483
0.007697
0.041958
0.006871
0.035151
0.035151
0.018985
0.032062
0.048162
0.002164
0.019261
0.002164
0.004962
0.073102
0.01789
0.01789
0.03086
0.01789
0.01789
0.031746
0.009927
0.021872
0.235818
0.000222
0.001192
0.001192
0.00396
0.00396
0.211731
0.315606
0.382793
0.382793
0.382793
0.308164
0.068569
0.420777
0.188568
0.204798
0.55102
0.42058
0.425979
0.233869
0.261769
0.033357
0.028375
0.334382
0.000468
0.167136
0.003291
0.005057
0.060072
0.226328
0.022924
0.009286
0.001805
0.002053
0.008357
0.016928
0.010646
0.024606
0.024606
0.024606
0.075167
0.439795
0.548834
0.310397
0.395393
0.310397
0.090952
0.289046
0.7661
0.552761
0.197026
0.075664
0.075664
0.204327
0.204327
0.009557
0.029968
0.007706
0.00094
0.00156
0.012569
0.416426
0.495492
0.118558
0.457327
0.188481
0.022523
0.010399
0.0187
0.046975
0.042168
0.013671
0.004035
0.004035
0.022261
0.040385
0.004556
0.586563
0.018588
0.062114
0.014504
0.001837
0.016492
0.002801
0.000441
0.008444
0.002546
0.004859
0.025247
0.004684
0.012934
0.068918
0.00396
0.00396
0.005039
0.005039
0.032451
0.006902
0.006902
0.006902
0.006902
0.006902
0.006902
0.006902
0.013487
0.001872
0.001381
0.000132
0.005902
0.00058
0.000694
0.028137
0.573636
0.034084
0.040905
0.002394
0.038771
0.002326
0.000555
0.02896
0.052989
0.02896
0.02896
0.039383
0.02896
0.02896
0.096354
0.02896
0.02896
0.02896
0.02896
0.02896
0.001662
0.043043
0.068113
0.068113
0.037206
0.068113
0.068113
0.030426
0.030426
0.030426
0.030426
0.030426
0.030426
0.004059
0.000111
0.003278
0.000251
0.438329
0.010477
0.0782
0.003872
0.007905
0.016734
0.024929
0.013723
0.000565
0.005675
0.016392
0.133138
0.50862
0.000668
0.007898
0.007898
0.007898
0.01261
0.010867
0.023009
0.0264
0.003235
0.008625
0.093783
0.005677
0.048981
0.072928
0.072928
0.119303
0.072928
0.072928
0.214123
0.017269
0.064888
0.025511
0.066944
0.007074
0.007074
0.007074
0.007074
0.007074
0.051962
0.082281
0.051962
0.051962
0.051962
0.051962
0.051962
0.006073
0.050601
0.050601
0.050601
0.006584
0.151055
0.039812
0.013621
0.081303
0.205167
0.022807
0.067188
0.024494
0.19931
0.236563
0.011082
0.061507
0.063026
0.246817
0.048024
0.029087
0.028187
0.334825
0.070322
0.070322
0.070322
0.039569
0.039569
0.039569
0.027377
0.000101
0.002011
0.003658
0.003658
0.003658
0.000985
0.697018
0.010554
0.036868
0.002936
0.000926
0.0015
0.00359
0.000995
0.011671
0.000995
0.200882
0.008583
0.004767
0.009878
0.067205
0.003598
0.013649
0.00242
0.192642
0.009884
0.008841
0.002388
0.001471
0.001471
0.001471
0.112331
0.000802
0.096932
0.012428
0.027278
0.010573
0.012428
0.085684
0.014788
0.005827
0.021419
0.001384
0.000773
0.003373
0.003373
0.008816
0.008816
0.009974
0.008816
0.00172
0.005253
0.005253
0.003117
0.014642
0.041958
0.010323
0.125229
0.015847
0.006184
0.008158
0.008158
0.009945
0.008158
0.010882
0.00551
0.04307
0.032765
0.046522
0.025012
0.003467
0.017168
0.002549
0.02053
0.000534
0.120381
0.003955
0.008462
0.003955
0.017611
0.000126
0.00086
0.006811
0.044424
0.044424
0.044424
0.044424
0.044424
0.032063
0.032063
0.024414
0.022049
0.000559
0.00284
0.00284
0.065352
0.002729
0.002729
0.00611
0.007106
0.002387
0.002387
0.002508
0.000463
0.000703
0.001492
0.006906
0.205527
0.006548
0.021333
0.006548
0.000904
0.000113
0.002527
0.038252
0.003321
0.012544
0.004625
0.000689
0.000597
0.001181
0.041883
0.31026
0.075074
0.018602
0.055221
0.004367
0.018142
0.003636
0.004967
0.008368
0.004299
0.004299
0.002588
0.000283
0.000467
0.002691
0.001286
0.010241
0.000322
0.000322
0.001175
0.00701
0.000361
0.000655
0.00114
0.00114
0.106661
0.014508
0.002974
0.01467
0.014494
0.051461
0.051461
0.051461
0.005233
0.140858
0.01617
0.001401
0.06285
0.087132
0.070371
0.090171
0.090171
0.13429
0.004728
0.038579
0.031613
0.034439
0.005249
0.065542
0.323311
0.056169
0.091349
0.050401
0.067813
0.035401
0.007715
0.008387
0.00638
0.00638
0.02217
0.004044
0.025972
0.005307
0.016622
0.014274
0.000939
0.018974
0.006906
0.013064
0.018705
0.004903
0.01986
0.000747
0.000747
0.002053
0.005699
0.010132
0.002053
0.001653
0.620302
0.031219
0.093649
0.019759
0.019759
0.060009
0.051735
0.019759
0.26201
0.036349
0.103313
0.053721
0.073734
0.019759
0.019759
0.033303
0.061553
0.014739
0.006684
0.014739
0.006684
0.006684
0.03903
0.010959
0.002953
0.000873
0.039797
0.030396
0.030396
0.030396
0.002191
0.001345
0.001345
0.006942
0.006942
0.018963
0.018963
0.018963
0.018963
0.000923
0.021339
0.021339
0.021339
0.021339
0.021339
0.021339
0.021339
0.021339
0.021026
0.011962
0.011962
0.011962
0.003066
0.003066
0.003066
0.019008
0.010096
0.010282
0.010282
0.010282
0.024628
0.121912
0.013008
0.021215
0.030465
0.016122
0.013008
0.275495
0.113401
0.039542
0.122073
0.039542
0.039542
0.133695
0.039542
0.039542
0.039542
0.039542
0.039542
0.039542
0.039542
0.039542
0.039542
0.039542
0.073756
0.039542
0.060126
0.071655
0.039542
0.071655
0.039542
0.704837
0.039542
0.039542
0.039542
0.039542
0.039542
0.009313
0.007252
0.001146
0.000122
0.001453
0.001453
0.004755
0.037623
0.000621
0.007635
0.001704
0.001704
0.003474
0.001057
0.000711
0.012424
0.310717
0.009209
0.008625
0.000105
0.000117
0.000112
0.007919
0.004554
0.000408
0.000408
0.014084
0.002229
0.000552
0.22634
0.029012
0.004936
0.004936
0.004936
0.010542
0.010542
0.010542
0.010542
0.077604
0.237057
0.329264
0.064399
0.090172
0.090172
0.090172
0.085819
0.002045
0.014062
0.002045
0.002045
0.002045
0.0089
0.017014
0.018161
0.009069
0.020851
0.020851
0.020851
0.024712
0.020851
0.088688
0.166012
0.082235
0.000348
0.000348
0.08625
0.048069
0.044762
0.058294
0.058294
0.058294
0.058294
0.058294
0.058294
0.058294
0.058294
0.058294
0.003492
0.001335
0.001022
0.080468
0.046172
0.016369
0.010128
0.010128
0.010128
0.076561
0.010128
0.010128
0.010128
0.428302
0.011698
0.011698
0.011698
0.011698
0.061654
0.011698
0.011698
0.011698
0.011698
0.011698
0.034857
0.022989
0.022989
0.022989
0.022989
0.535262
0.014544
0.174908
0.080163
0.087696
0.088588
0.30683
0.080163
0.080163
0.080163
0.080163
0.080163
0.080163
0.080163
0.080163
0.080163
0.080163
0.080163
0.080163
0.080163
0.080163
0.080163
0.080163
0.080163
0.080163
0.228083
0.080163
0.080163
0.080163
0.080163
0.209176
0.080163
0.080163
0.089866
0.138951
0.18954
0.080163
0.080163
0.080163
0.080163
0.080163
0.080163
0.080163
0.107801
0.028441
0.10448
0.007207
0.007207
0.007207
0.007207
0.007277
0.000711
0.010643
0.002793
0.14547
0.005346
0.000664
0.003769
0.011036
0.008767
0.012319
0.007508
0.026672
0.007508
0.007508
0.007508
0.007508
0.007508
0.007508
0.008544
0.002707
0.002732
0.002732
0.007812
0.018938
0.009399
0.000829
0.000829
0.00855
0.036277
0.003767
0.001057
0.000336
0.012774
0.012774
0.012774
0.012774
0.004351
0.026375
0.004002
0.025325
0.009157
0.091828
0.007415
0.980298
0.002123
0.010472
0.001732
0.114009
0.309434
0.085241
0.060236
0.00402
0.005614
0.002682
0.000525
0.001817
0.030728
0.01502
0.088038
0.01603
0.000578
0.000782
0.000918
0.000918
0.000918
0.003343
0.012289
0.009201
0.00136
0.000443
0.003101
0.005354
0.00075
0.000192
0.006238
0.001369
0.001369
0.000708
0.004863
0.011253
0.006093
0.006093
0.006093
0.006093
0.006093
0.006093
0.006093
0.048038
0.006093
0.006093
0.003834
0.010244
0.009929
0.010695
0.010695
0.009883
0.00035
0.028803
0.019782
0.019782
0.019782
0.019782
0.019782
0.019782
0.019782
0.019782
0.019782
0.019782
0.025947
0.006325
0.018485
0.0056
0.00111
0.033511
0.03166
0.03166
0.03166
0.009439
0.009439
0.009439
0.009439
0.000454
0.000454
0.110978
0.043353
0.054005
0.012638
0.012638
0.012638
0.012638
0.012638
0.010017
0.005659
0.147486
0.013388
0.047409
0.566721
0.022483
0.000306
0.000306
0.000306
0.024792
0.004819
0.009656
0.008115
0.000101
0.002
0.002
0.002
0.017651
0.001484
0.000382
0.000779
0.001113
0.00084
0.005274
0.005274
0.001555
0.014295
0.07365
0.009022
0.033953
0.122287
0.046343
0.548112
0.001205
0.001205
0.002283
0.014488
0.030729
0.003553
0.047301
0.005361
0.096792
0.096792
0.096792
0.096792
0.096792
0.096792
0.030764
0.163168
0.066865
0.163168
0.163168
0.163168
0.163168
0.163168
0.163168
0.163168
0.163168
0.150636
0.163168
0.163168
0.014714
0.005447
0.005447
0.078067
0.193894
0.193894
0.100138
0.100138
0.100138
0.100138
0.100138
0.100138
0.100138
0.100138
0.100138
0.115733
0.100138
0.100138
0.100138
0.100138
0.100138
0.100138
0.230866
0.100138
0.100138
0.111432
0.0087
0.073175
0.073175
0.073175
0.073175
0.073175
0.073175
0.073175
0.073175
0.112008
0.00171
0.049401
0.044501
0.075807
0.007824
0.007824
0.007824
0.053759
0.053759
0.096941
0.053759
0.017968
0.003364
0.008171
0.013692
0.012
0.003577
0.034758
0.005223
0.076631
0.003122
0.023557
0.030289
0.000147
0.009027
0.000958
0.004781
0.000958
0.00302
0.00302
0.003138
0.00302
0.002514
0.002514
0.002514
0.015308
0.015308
0.00497
0.003071
0.003071
0.002084
0.006772
0.004071
0.007721
0.006182
0.003199
0.004855
0.002275
0.003064
0.006934
0.007263
0.004431
0.004431
0.004431
0.00509
0.012892
0.042422
0.011509
0.082429
0.00576
0.00576
0.00576
0.00576
0.00576
0.002777
0.002777
0.001056
0.001056
0.005689
0.005689
0.005689
0.01345
0.026615
0.037525
0.081264
0.039409
0.004627
0.007014
0.021916
0.009758
0.030954
0.009758
0.009758
0.009758
0.013667
0.065826
0.011189
0.010581
0.00055
0.01014
0.00205
0.01434
0.023084
0.115915
0.011949
0.015888
0.015888
0.000735
0.010537
0.010537
0.007215
0.015111
0.015111
0.015111
0.015111
0.023497
0.028281
0.009856
0.009856
0.009856
0.009856
0.035081
0.004975
0.004975
0.013718
0.218275
0.041855
0.0389
0.018486
0.779016
0.869419
0.779016
0.779016
0.779016
0.779016
0.864861
0.779016
0.887403
0.758677
0.784133
0.653611
0.63719
0.9374
0.660392
0.660392
0.660392
0.660392
0.660392
0.660392
0.660392
0.866344
0.866344
0.866344
0.830934
0.240484
0.575205
0.066978
0.066978
0.414548
0.496921
0.745311
0.414548
0.496921
0.414548
0.487822
0.011331
0.511647
0.701967
0.783266
0.011331
0.849982
0.726538
0.745239
0.295628
0.365691
0.69412
0.365691
0.674071
0.569714
0.18852
0.659912
0.348891
0.348891
0.348891
0.46147
0.995484
0.61884
0.61884
0.61884
0.382801
0.382801
0.382801
0.312869
0.408106
0.93339
0.416172
0.277647
0.200156
0.331618
0.200156
0.200156
0.200156
0.270679
0.192531
0.192531
0.192531
0.192531
0.192531
0.192531
0.192531
0.192531
0.192531
0.192531
0.192531
0.192531
0.192531
0.192531
0.192531
0.457213
0.192531
0.192531
0.192531
0.192531
0.192531
0.192531
0.192531
0.192531
0.192531
0.192531
0.192531
0.192531
0.192531
0.192531
0.192531
0.192531
0.192531
0.192531
0.192531
0.192531
0.192531
0.192531
0.192531
0.192531
0.192531
0.192531
0.192531
0.192531
0.192531
0.659099
0.44442
0.558432
0.517299
0.329719
0.348228
0.329719
0.329719
0.425076
0.329719
0.329719
0.329719
0.329719
0.612294
0.329719
0.329719
0.329719
0.555831
0.329719
0.599399
0.329719
0.329719
0.418232
0.329719
0.329719
0.329719
0.329719
0.385848
0.329719
0.329719
0.329719
0.329719
0.329719
0.329719
0.329719
0.693373
0.329719
0.329719
0.329719
0.329719
0.329719
0.329719
0.549629
0.572884
0.572884
0.572884
0.549629
0.721438
0.675743
0.675743
0.675743
0.675743
0.675743
0.675743
0.589582
0.589582
0.589582
0.62028
0.62028
0.62028
0.62028
0.750477
0.62028
0.62028
0.448832
0.600541
0.448832
0.259335
0.582968
0.582968
0.582968
0.582968
0.267875
0.89872
0.654893
0.135653
0.532365
0.361066
0.377367
0.363314
0.377367
0.609208
0.55728
0.267875
0.386748
0.446742
0.135653
0.600475
0.600475
0.600475
0.600475
0.135653
0.543363
0.477595
0.477595
0.477595
0.70074
0.500333
0.500333
0.477595
0.546779
0.982976
0.108151
0.503787
0.172329
0.260385
0.204514
0.204514
0.391449
0.391449
0.299427
0.415319
0.379008
0.72715
0.544599
0.615301
0.372765
0.372765
0.372765
0.731554
0.372765
0.225121
0.332733
0.270603
0.065076
0.040417
0.057025
0.132237
0.036896
0.093457
0.301869
0.036896
0.208885
0.208885
0.017221
0.026396
0.120516
0.843768
0.237199
0.075484
0.057494
0.057494
0.057494
0.057494
0.057494
0.298237
0.298237
0.298237
0.65521
0.190644
0.851658
1.000096
0.414041
0.096833
0.19681
0.226491
0.336336
0.082369
0.37553
0.247807
0.061597
0.099948
0.099948
0.099948
0.099948
0.099948
0.099948
0.099948
0.099948
0.180734
0.346167
0.138164
0.083162
0.03501
0.03501
0.03501
0.03501
0.049491
0.049491
0.201822
0.191722
0.02075
0.005923
0.015076
0.039299
0.015076
0.021248
0.006863
0.023158
0.034719
0.001781
0.012082
0.025057
0.048713
0.025057
0.025057
0.025057
0.025057
0.024743
0.024743
0.024743
0.037173
0.024743
0.001373
0.002139
0.001742
0.001742
0.026419
0.001742
0.003714
0.0035
0.0035
0.0035
0.003249
0.0035
0.000436
0.000225
0.001251
0.085924
0.003561
0.000739
0.000739
0.001186
0.071113
0.071113
0.132715
0.071113
0.05334
0.071113
0.084823
0.071113
0.071113
0.071113
0.071113
0.071113
0.071113
0.007713
0.016403
0.000418
0.009612
0.014421
0.014421
0.000834
0.000389
0.235316
0.165414
0.017896
0.017896
0.017896
0.017896
0.017896
0.042382
0.042382
0.042382
0.042382
0.042382
0.042382
0.042382
0.042382
0.042382
0.042382
0.042382
0.042382
0.030043
0.030043
0.030106
0.030043
0.074327
0.035737
0.018223
0.031159
0.028064
0.018223
0.018223
0.018223
0.018223
0.018223
0.014517
0.014517
0.014517
0.017838
0.014517
0.014517
0.001805
0.000363
0.007938
0.000127
0.006058
0.00588
0.00064
0.000864
0.012314
0.004647
0.003016
0.013315
0.003016
0.000864
0.015161
0.001691
0.002918
0.023469
0.002432
0.002432
0.059043
0.005267
0.013475
0.007827
0.011184
0.011184
0.011184
0.011184
0.00427
0.00427
0.00427
0.001231
0.001231
0.009449
0.006838
0.002364
0.001066
0.001908
0.005494
0.034387
0.000666
0.000666
0.011648
0.004509
0.004509
0.004618
0.011727
0.00435
0.00435
0.00435
0.000536
0.024064
0.027251
0.000929
0.044717
0.003136
0.005257
0.02631
0.002478
0.002715
0.040282
0.007264
0.011551
0.001046
0.01245
0.01245
0.01245
0.01245
0.076966
0.011339
0.017393
0.001944
0.000623
0.006456
0.004955
0.007748
0.006925
0.052351
0.002374
0.022844
0.026962
0.001229
0.014026
0.001106
0.002667
0.039144
0.009248
0.019543
0.001327
0.002541
0.004148
0.002955
0.003669
0.002752
0.000227
0.00945
0.147821
0.019225
0.003051
0.003051
0.02467
0.023829
0.010416
0.028189
0.028189
0.028189
0.028189
0.0007
0.007239
0.001
0.024557
0.241975
0.002705
0.001799
0.001799
0.001799
0.020191
0.003417
0.362862
0.097507
0.097507
0.097507
0.097507
0.097507
0.097507
0.097507
0.044597
0.02992
0.007261
0.007261
0.007261
0.007261
0.007261
0.007261
0.007261
0.007261
0.022067
0.00635
0.013448
0.003627
0.003627
0.003627
0.003627
0.005891
0.003627
0.003627
0.003627
0.003627
0.077591
0.014395
0.013922
0.00694
0.000316
0.000316
0.010369
0.006139
0.000437
0.003955
0.003955
0.00088
0.009444
0.000833
0.001961
0.002837
0.002837
0.002408
0.002408
0.002408
0.002408
0.002408
0.001965
0.001965
0.006269
0.006269
0.008396
0.008396
0.000929
0.015366
0.053004
0.003045
0.003045
0.026099
0.003045
0.001079
0.033799
0.054617
0.005695
0.011523
0.004945
0.213763
0.006902
0.006795
0.000387
0.037242
0.037294
0.101887
0.297911
0.023339
0.006569
0.006569
0.062151
0.062151
0.062151
0.002309
0.12108
0.0001
0.003318
0.006922
0.006789
0.003318
0.001575
0.00054
0.00054
0.00054
0.000132
0.009411
0.000111
0.003011
0.003011
0.009501
0.001997
0.003011
0.000781
0.000781
0.002055
0.000994
0.000994
0.002898
0.000994
0.028592
0.007537
0.157858
0.007281
0.001252
0.001252
0.004975
0.001408
0.001124
0.035505
0.009635
0.000664
0.000664
0.000664
0.004164
0.00549
0.000759
0.000759
0.001236
0.000389
0.000389
0.001395
0.000233
0.006282
0.006282
0.006174
0.006174
0.006174
0.034014
0.074674
0.074674
0.074674
0.072838
0.074674
0.074674
0.074674
0.074674
0.074674
0.074674
0.074674
0.01686
0.01686
0.01686
0.015683
0.006416
0.006416
0.015458
0.006416
0.006416
0.006416
0.00515
0.00515
0.00515
0.00515
0.00515
0.000207
0.015021
0.015021
0.066898
0.000907
0.060935
0.00284
0.000421
0.01984
0.105749
0.000162
0.023519
0.023519
0.023519
0.001854
0.05724
0.006617
0.008682
0.019383
0.003484
0.002876
0.003484
0.002389
0.010575
0.002389
0.00568
0.000397
0.007143
0.025974
0.008436
0.016674
0.016674
0.006318
0.006318
0.006318
0.004012
0.001782
0.001782
0.001138
0.004365
0.002251
0.001905
0.006634
0.00471
0.016561
0.001624
0.003016
0.00376
0.02062
0.000962
0.000754
0.002786
0.000912
0.001037
0.008595
0.000972
0.000972
0.005065
0.001539
0.000393
0.013189
0.000795
0.027016
0.008765
0.003199
0.002954
0.002905
0.002905
0.002905
0.001547
0.001301
0.001301
0.001742
0.00611
0.00611
0.00611
0.009408
0.003959
0.000147
0.01254
0.006126
0.015431
0.001207
0.000502
0.005924
0.011219
0.000309
0.001941
0.001001
0.019992
0.014175
0.014175
0.014175
0.014175
0.000441
0.010838
0.044038
0.015525
0.015525
0.010892
0.058176
0.000536
0.00103
0.004067
0.000548
0.001175
0.001175
0.008878
0.000405
0.003612
0.001781
0.001781
0.088357
0.00562
0.000515
0.002243
0.036943
0.009394
0.009394
0.043556
0.017317
0.017317
0.018472
0.040948
0.028746
0.028525
0.01857
0.02062
0.02062
0.02062
0.01221
0.01221
0.01221
0.080405
0.040371
0.040371
0.045708
0.045708
0.02949
0.059173
0.000185
0.003332
0.013437
0.013437
0.013437
0.013437
0.024835
0.024835
0.024835
0.009855
0.023067
0.009855
0.009855
0.03577
0.004698
0.000932
0.000932
0.003157
0.003157
0.039384
0.006516
0.019863
0.04982
0.019863
0.019863
0.002775
0.00296
0.002562
0.002562
0.002562
0.014837
0.001062
0.001062
0.003233
0.333046
0.002134
0.000822
0.000822
0.004258
0.004258
0.006654
0.004258
0.004258
0.004258
0.233701
0.039041
0.007993
0.007993
0.027471
0.041486
0.039926
0.018393
0.018393
0.018393
0.018393
0.018393
0.018393
0.018393
0.018393
0.018393
0.018393
0.018393
0.018393
0.003084
0.011792
0.003084
0.001938
0.001938
0.001938
0.001938
0.013175
0.000994
0.023765
0.012687
0.002321
0.066988
0.066988
0.066988
0.066988
0.062428
0.022481
0.022209
0.141797
0.026101
0.026101
0.026101
0.026101
0.026101
0.026101
0.026101
0.000798
0.031095
0.001955
0.025334
0.025334
0.025334
0.025334
0.003824
0.002918
0.002642
0.002642
0.013422
0.003345
0.003345
0.001758
0.000571
0.000276
0.008077
0.010479
0.008077
0.008077
0.001922
0.023134
0.023134
0.026636
0.034439
0.023134
0.023134
0.023134
0.023134
0.023134
0.023134
0.023134
0.023134
0.002569
0.00202
0.000225
0.003491
0.004818
0.004915
0.001975
0.002265
0.000477
0.100123
0.000897
0.103479
0.153931
0.05139
0.046112
0.108415
0.108415
0.108415
0.008829
0.031509
0.031509
0.031509
0.031509
0.079997
0.010854
0.019092
0.016829
0.016829
0.006885
0.006885
0.006885
0.006885
0.006885
0.002744
0.013129
0.013129
0.020447
0.002803
0.001537
0.001245
0.001245
0.015151
0.011658
0.011658
0.003564
0.04264
0.047568
0.047568
0.047568
0.047568
0.047568
0.047568
0.047568
0.047568
0.047568
0.047568
0.047568
0.047568
0.047568
0.047568
0.047568
0.047568
0.047568
0.005226
0.005226
0.005226
0.005226
0.000455
0.002844
0.000717
0.003086
0.005551
0.000608
0.001895
0.018957
0.007548
0.007548
0.002656
0.011623
0.125676
0.042184
0.01256
0.01256
0.01256
0.01256
0.01256
0.01256
0.01256
0.01256
0.040354
0.011318
0.018652
0.011318
0.011318
0.011318
0.011318
0.090074
0.015332
0.025738
0.00017
0.007542
0.007542
0.007542
0.007542
0.007542
0.007542
0.021193
0.007542
0.002719
0.002719
0.013595
0.002719
0.002719
0.002719
0.000416
0.000416
0.002487
0.002487
0.002487
0.000176
0.000176
0.010074
0.005801
0.00941
0.00941
0.059541
0.019858
0.019858
0.019858
0.019858
0.019858
0.019858
0.019858
0.019858
0.019858
0.006162
0.006162
0.006162
0.006162
0.016519
0.010235
0.004635
0.000289
0.001414
0.001414
0.005033
0.001121
0.002999
0.002999
0.001357
0.004374
0.000719
0.003094
0.003094
0.003104
0.005847
0.010083
0.003357
0.002377
0.002377
0.000974
0.001657
0.008574
0.003636
0.003636
0.011876
0.011876
0.011876
0.008272
0.003222
0.000213
0.001418
0.056777
0.004573
0.004573
0.004573
0.004573
0.004573
0.00115
0.000597
0.064583
0.004288
0.004288
0.00349
0.037444
0.001362
0.002752
0.003503
0.003353
0.011439
0.000814
0.000814
0.019573
0.024886
0.014815
0.014815
0.00156
0.013713
0.015444
0.010529
0.013848
0.005063
0.178645
0.083944
0.005518
0.015039
0.00012
0.022257
0.031278
0.003808
0.017627
0.003713
0.007294
0.007294
0.004769
0.001382
0.0046
0.016473
0.001367
0.010732
0.010732
0.029346
0.010732
0.003881
0.003881
0.00189
0.00189
0.00189
0.006477
0.122867
0.050035
0.050035
0.08088
0.001586
0.038245
0.022327
0.020327
0.017556
0.025374
0.037059
0.00033
0.019227
0.008822
0.008822
0.008822
0.008822
0.016569
0.008643
0.007636
0.0467
0.006583
0.000847
0.012183
0.000369
0.000369
0.000548
0.000542
0.000542
0.010572
0.010572
0.012341
0.001863
0.001863
0.001863
0.016699
0.005391
0.004005
0.004005
0.005899
0.024569
0.000301
0.015005
0.002839
0.008962
0.012021
0.012674
0.019273
0.001294
0.048297
0.002551
0.050074
0.020892
0.014333
0.014333
0.014333
0.007153
0.002428
0.002209
0.001682
0.001682
0.001519
0.001519
0.007283
0.007283
0.004617
0.000445
0.001513
0.073898
0.00113
0.072054
0.134007
0.048428
0.022528
0.006731
0.00487
0.007477
0.002987
0.096631
0.000245
0.008427
0.004234
0.009692
0.004268
0.004268
0.004268
0.004268
0.004268
0.04273
0.443985
0.02018
0.021465
0.00547
0.004598
0.031791
0.007271
0.007271
0.007271
0.030503
0.017122
0.017122
0.017122
0.007158
0.007158
0.00085
0.001182
0.000951
0.00596
0.00596
0.001638
0.002239
0.005885
0.005015
0.003486
0.005206
0.005206
0.005206
0.001038
0.002287
0.002287
0.031719
0.032251
0.032251
0.032251
0.011165
0.032635
0.032635
0.032635
0.032635
0.032635
0.004692
0.004692
0.004692
0.000681
0.059148
0.059148
0.154526
0.066986
0.146377
0.066986
0.066986
0.066986
0.066986
0.001609
0.016736
0.000922
0.008617
0.001996
0.024578
0.001996
0.001996
0.000292
0.000292
0.004232
0.01138
0.03432
0.027613
0.021944
0.021944
0.021944
0.002923
0.006545
0.016567
0.006545
0.006545
0.000546
0.017497
0.001148
0.016864
0.000806
0.001164
0.002556
0.001296
0.017534
0.032437
0.032437
0.032437
0.032437
0.032437
0.032437
0.032437
0.032437
0.032437
0.001127
0.008418
0.005154
0.061246
0.003971
0.056524
0.003971
0.009995
0.009995
0.009995
0.002353
0.034491
0.015013
0.015013
0.00841
0.081209
0.022543
0.013121
0.022543
0.213624
0.033425
0.033425
0.590984
0.033425
0.127761
0.070933
0.044001
0.346864
0.044001
0.044001
0.044001
0.068059
0.155772
0.068059
0.068059
0.068059
0.068059
0.068059
0.068059
0.068059
0.182046
0.182046
0.182046
0.182046
0.182046
0.182046
0.182046
0.182046
0.182046
0.182046
0.182046
0.182046
0.182046
0.182046
0.041205
0.200529
0.047256
0.061221
0.047256
0.183166
0.047256
0.461687
0.002338
0.002338
0.046378
0.046378
0.046378
0.046378
0.000108
0.159388
0.159388
0.159388
0.159388
0.159388
0.159388
0.159388
0.159388
0.159388
0.159388
0.090006
0.090006
0.090006
0.090006
0.090006
0.105681
0.090006
0.090006
0.000108
0.159388
0.159388
0.159388
0.159388
0.159388
0.159388
0.159388
0.159388
0.159388
0.159388
0.002338
0.002338
0.030533
0.007769
0.279286
0.01437
0.01437
0.01437
0.163736
0.026486
0.026486
0.026486
0.009449
0.009449
0.07473
0.002338
0.002338
0.159388
0.159388
0.159388
0.159388
0.159388
0.159388
0.159388
0.159388
0.159388
0.159388
0.000108
0.691987
0.020292
0.412578
0.000109
0.528755
0.242689
0.285052
0.419152
0.31947
0.044264
0.286283
0.044264
0.044264
0.044264
0.470969
0.044264
0.017422
0.024341
0.017422
0.017422
0.017422
0.017422
0.017422
0.017422
0.882634
0.362149
0.610304
0.444802
0.261443
0.230712
0.10545
0.10545
0.233697
0.10545
0.190763
0.10545
0.10545
0.10545
0.10545
0.182469
0.10545
0.10545
0.10545
0.236124
0.10545
0.417269
0.10545
0.183883
0.177923
0.196376
0.161192
0.167057
0.157777
0.138651
0.21228
0.300976
0.206846
0.206846
0.302534
0.302534
0.206846
0.206846
0.206846
0.206846
0.170107
0.170107
0.170107
0.170107
0.170107
0.170107
0.170107
0.170107
0.170107
0.170107
0.071464
0.371881
0.174196
0.510032
0.112385
0.24145
0.105934
0.032189
0.343787
0.032189
0.032189
0.189757
0.288279
0.143665
0.143665
0.076445
0.152742
0.243831
0.113728
0.324035
0.085825
0.033272
0.033272
0.193254
0.17967
0.099813
0.050697
0.050697
0.050697
0.318212
0.562867
0.444023
0.667366
0.072602
0.062399
0.072602
0.185732
0.072602
0.257365
0.372759
0.319711
0.181369
0.345032
0.181369
0.181369
0.181369
0.295147
0.181369
0.181369
0.181369
0.181369
0.181369
0.218039
0.211682
0.181369
0.330715
0.181369
0.181369
0.181369
0.181369
0.307721
0.181369
0.181369
0.272334
0.181369
0.181369
0.181369
0.181369
0.181369
0.181369
0.295147
0.181369
0.181369
0.181369
0.272945
0.273694
0.093638
0.093638
0.093638
0.093638
0.093638
0.093638
0.093638
0.093638
0.092224
0.153128
0.017261
0.017261
0.017261
0.173306
0.038498
0.142909
0.054281
0.054281
0.054281
0.054281
0.054281
0.054281
0.054281
0.054281
0.054281
0.054281
0.222553
0.055633
0.055633
0.055633
0.055633
0.055633
0.055633
0.055633
0.209436
0.209436
0.096833
0.096833
0.096833
0.096833
0.096833
0.096833
0.096833
0.096833
0.096833
0.096833
0.097563
0.255249
0.007859
0.007859
0.262336
0.105677
0.105677
0.105677
0.105677
0.105677
0.105677
0.105677
0.105677
0.105677
0.105677
0.105677
0.105677
0.105677
0.105677
0.105677
0.105677
0.105677
0.100887
0.100887
0.100887
0.100887
0.100887
0.100887
0.100887
0.100887
0.100887
0.100887
0.100887
0.100887
0.100887
0.100887
0.100887
0.100887
0.100887
0.100887
0.487177
0.312818
0.313302
0.147003
0.25796
0.09914
0.05797
0.192801
0.09804
0.09804
0.09804
0.09804
0.09804
0.09804
0.299694
0.424663
0.262563
0.405888
0.234518
0.290379
0.2893
0.276286
0.16986
0.16986
0.16986
0.16986
0.16986
0.16986
0.16986
0.16986
0.16986
0.16986
0.16986
0.16986
0.16986
0.16986
0.16986
0.16986
0.16986
0.16986
0.15144
0.15144
0.135402
0.037186
0.037186
0.037186
0.037186
0.16171
0.155951
0.101444
0.159378
0.045684
0.045684
0.19093
0.252116
0.252116
0.252116
0.252116
0.252116
0.252116
0.252116
0.250758
0.029698
0.117021
0.029698
0.132169
0.029698
0.132169
0.029698
0.042575
0.042575
0.042575
0.042575
0.042575
0.042575
0.042575
0.042575
0.042575
0.00894
0.00233
0.009612
0.002397
0.00078
0.00078
0.00078
0.00186
0.012362
0.014741
0.012362
0.002658
0.002658
0.002658
0.002658
0.034003
0.034003
0.034003
0.034003
0.083488
0.226504
0.234346
0.347301
0.222724
0.106648
0.089262
0.106648
0.111928
0.106648
0.106648
0.106648
0.349701
0.106648
0.106648
0.106648
0.106514
0.106514
0.106514
0.106514
0.106514
0.106514
0.106514
0.106514
0.108876
0.037462
0.037462
0.037462
0.037462
0.037462
0.037462
0.037462
0.351298
0.071209
0.178877
0.071209
0.071209
0.071209
0.071209
0.071209
0.071209
0.071209
0.320036
0.239194
0.312856
0.079743
0.079743
0.184746
0.079743
0.079743
0.079743
0.079743
0.079743
0.079743
0.326714
0.487879
0.337458
0.121114
0.026298
0.063597
0.026298
0.049335
0.026298
0.015574
0.000879
0.001879
0.001662
0.001662
0.009455
0.016494
0.001921
0.008206
0.00182
0.005233
0.002965
0.018612
0.031444
0.010822
0.031444
0.003044
0.002786
0.005522
0.001077
0.000671
0.000671
0.014324
0.012615
0.001372
0.000124
0.001051
0.002845
0.00127
0.000688
0.000509
0.000177
0.000174
0.001212
0.020762
0.000688
0.012257
0.001403
0.024405
0.142027
0.000886
0.002995
0.001113
0.031318
0.102322
0.031318
0.031318
0.018723
0.031318
0.151973
0.030609
0.030609
0.029822
0.010743
0.006425
0.006425
0.00045
0.051995
0.014426
0.032059
0.032059
0.032059
0.032059
0.032059
0.032059
0.020084
0.020084
0.027516
0.018276
0.000664
0.031716
0.015098
0.098211
0.121082
0.037397
0.029322
0.051867
0.051867
0.127296
0.096409
0.106663
0.000278
0.007046
0.00388
0.00388
0.001115
0.255059
0.014907
0.005576
0.121825
0.065277
0.084408
0.053477
0.053477
0.053477
0.053477
0.227652
0.053477
0.053477
0.053477
0.053477
0.053477
0.053477
0.053477
0.053477
0.053477
0.027729
0.027729
0.027729
0.000542
0.000499
0.002688
0.001607
0.001607
0.001607
0.000678
0.004677
0.004677
0.004677
0.004677
0.004677
0.004677
0.213017
0.063898
0.063898
0.063898
0.063898
0.063898
0.000311
0.001228
0.001003
0.014285
0.00442
0.001399
0.000214
0.011113
0.014158
0.000344
0.002481
0.002481
0.014136
0.005101
0.004089
0.008327
0.008327
0.008327
0.008327
0.006494
0.006494
0.010377
0.006317
0.001172
0.002515
0.005792
0.007884
0.007884
0.028369
0.028369
0.003841
0.04905
0.004752
0.033506
0.008006
0.010613
0.004964
0.003271
0.000856
0.000856
0.000856
0.000856
0.03498
0.00293
0.00293
0.00293
0.020455
0.034735
0.030144
0.030144
0.02394
0.010911
0.00725
0.00305
0.003754
0.00341
0.00029
0.000741
0.000741
0.002544
0.00205
0.001573
0.002892
0.002722
0.002722
0.000185
0.002393
0.000356
0.000498
0.038515
0.00551
0.00551
0.00551
0.00551
0.00551
0.00551
0.00551
0.000347
0.000347
0.000347
0.000347
0.001205
0.000657
0.001045
0.010316
0.006596
0.010316
0.019165
0.000617
0.010164
0.03482
0.010164
0.002822
0.018965
0.018422
0.00097
0.00097
0.007372
0.008342
0.003283
0.005286
0.005286
0.095151
0.003906
0.02034
0.000188
0.011363
0.041938
0.062371
0.000326
0.000224
0.000224
0.002839
0.016576
0.028388
0.031238
0.036952
0.036952
0.001469
0.001469
0.001469
0.00405
0.00405
0.002776
0.000697
0.001725
0.000454
0.000827
0.001766
0.000207
0.022205
0.005275
0.000167
0.002221
0.002221
0.003647
0.018835
0.018835
0.01076
0.01076
0.01076
0.000794
0.000549
0.000549
0.010929
0.010929
0.010929
0.000373
0.03714
0.014154
0.014154
0.014154
0.014154
0.006938
0.001702
0.00374
0.002633
0.003084
0.013007
0.001703
0.000975
0.011586
0.011586
0.011586
0.011586
0.011586
0.011586
0.011586
0.011586
0.011586
0.00405
0.003056
0.040243
0.004456
0.144991
0.040877
0.040877
0.040877
0.040877
0.014812
0.014812
0.014812
0.014812
0.021087
0.021087
0.048833
0.026425
0.032946
0.00422
0.001563
0.010881
0.004637
0.000599
0.000151
0.017741
0.017741
0.017741
0.017741
0.017741
0.001678
0.001491
0.001491
0.014757
0.014757
0.014757
0.014757
0.010762
0.010762
0.010762
0.010762
0.00029
0.00029
0.000496
0.020822
0.10534
0.012446
0.016545
0.07149
0.004834
0.03712
0.042251
0.03712
0.03712
0.000983
0.000177
0.000177
0.00023
0.004051
0.004051
0.004051
0.003426
0.003426
0.047727
0.00026
0.011663
0.011663
0.015222
0.015222
0.015222
0.015222
0.000451
0.002204
0.000846
0.008157
0.000866
0.028537
0.026366
0.004072
0.044316
0.020539
0.014788
0.014788
0.014788
0.002527
0.010668
0.010668
0.010668
0.010668
0.010668
0.004182
0.000236
0.000102
0.009685
0.000364
0.004012
0.000115
0.000892
0.000892
0.008445
0.004566
0.007955
0.000236
0.001927
0.000773
0.002264
0.000143
0.000803
0.000803
0.000803
0.00056
0.00056
0.00056
0.00056
0.00056
0.003045
0.003045
0.000582
0.000435
0.001026
0.004111
0.025107
0.015195
0.015195
0.015195
0.000416
0.043098
0.004194
0.003774
0.000103
0.003408
0.006686
0.00298
0.012845
0.001339
0.000484
0.000191
0.040018
0.040018
0.040018
0.040018
0.040018
0.019512
0.001326
0.001326
0.000781
0.000551
0.000726
0.005146
0.000903
0.082444
0.025853
0.008642
0.049508
0.016181
0.057406
0.057406
0.000268
0.011725
0.020346
0.0005
0.0005
0.001049
0.004003
0.00206
0.000106
0.004015
0.010394
0.004015
0.004015
0.000129
0.000847
0.00236
0.479025
0.282878
0.596537
0.225875
0.225875
0.380616
0.225875
0.262935
0.232873
0.232873
0.232873
0.299866
0.143651
0.143651
0.277902
0.277902
0.277902
0.277902
0.423727
0.291723
0.11574
0.11574
0.11574
0.11574
0.291723
0.291723
0.291723
0.272495
0.272495
0.272495
0.272495
0.354801
0.272495
0.081353
0.081353
0.344381
0.344381
0.344381
0.344381
0.344381
0.344381
0.344381
0.344381
0.344381
0.344381
0.344381
0.267813
0.247708
0.274131
0.247708
0.247708
0.247708
0.247708
0.456096
0.641775
0.641775
0.641775
0.641775
0.217415
0.138565
0.217415
0.138565
0.138565
0.138565
0.217415
0.138565
0.217415
0.138565
0.138565
0.138565
0.119561
0.119561
0.119561
0.119561
0.119561
0.119561
0.119561
0.119561
0.00065
0.011158
0.0001
0.046785
0.000299
0.000128
0.0001
0.00491
0.00559
0.002116
0.00195
0.003032
0.000452
0.000104
0.00122
0.00122
0.00122
0.011944
0.005084
0.005084
0.005084
0.005084
0.001933
0.001933
0.001933
0.000743
0.000743
0.000657
0.000657
0.000302
0.005116
0.005116
0.005116
0.005116
0.005116
0.000715
0.000715
0.000715
0.000715
0.012724
0.012724
0.012724
0.00945
0.012724
0.012724
0.012724
0.0048
0.000349
0.008664
0.003972
0.003972
0.00065
0.00065
0.000937
0.000937
0.000937
0.000937
0.001301
0.001301
0.000872
0.000872
0.000872
0.000517
0.000517
0.004106
0.004106
0.004106
0.00426
0.00426
0.00426
0.00426
0.00426
0.050462
0.012346
0.012346
0.012346
0.012346
0.012346
0.012346
0.018912
0.003563
0.0019
0.010022
0.002333
0.002155
0.002155
0.03005
0.03005
0.047547
0.03005
0.03005
0.03005
0.054933
0.03005
0.007299
0.007299
0.000687
0.001685
0.001685
0.000653
0.000653
0.000653
0.000653
0.000653
0.001337
0.001337
0.001337
0.002373
0.014479
0.002296
0.002296
0.079418
0.016263
0.022496
0.012718
0.022496
0.022496
0.022496
0.013285
0.003068
0.000941
0.000941
0.000941
0.000941
0.001327
0.000689
0.00097
0.052212
0.000595
0.005249
0.000595
0.002374
0.021285
0.000692
0.016113
0.016113
0.016113
0.000124
0.000319
0.017345
0.023112
0.023112
0.023112
0.023112
0.023112
0.023112
0.023112
0.000629
0.005532
0.007312
0.005532
0.013844
0.058065
0.090655
0.095615
0.03104
0.03104
0.03104
0.03104
0.03104
0.03104
0.002078
0.002078
0.026781
0.0001
0.00944
0.004222
0.000327
0.001705
0.00304
0.00304
0.00304
0.00033
0.000128
0.0004
0.000104
0.002306
0.00264
0.0046
0.001301
0.000721
0.006469
0.003193
0.007089
0.001479
0.000212
0.000131
0.000131
0.000215
0.00112
0.000169
0.002326
0.002326
0.002326
0.000327
0.147512
0.147512
0.147512
0.147512
0.147512
0.147512
0.147512
0.147512
0.189498
0.187474
0.31743
0.152572
0.314588
0.065975
0.013482
0.013482
0.013482
0.056872
0.084302
0.084302
0.084302
0.084302
0.027814
0.027814
0.024653
0.072996
0.005381
0.008437
0.021259
0.021259
0.021259
0.000479
0.011993
0.003248
0.003248
0.003248
0.018465
0.018465
0.0087
0.0087
0.023223
0.012051
0.012051
0.015725
0.015725
0.015725
0.015725
0.015725
0.015725
0.015725
0.021029
0.02336
0.021029
0.021029
0.021029
0.021029
0.021029
0.021029
0.013412
0.021876
0.021876
0.000109
0.015545
0.01185
0.020109
0.01185
0.01185
0.01185
0.01185
0.01185
0.01185
0.01185
0.023188
0.01185
0.01185
0.01185
0.004991
0.071856
0.003538
0.00187
0.109171
0.034219
0.034219
0.034219
0.042175
0.002114
0.002114
0.002114
0.001333
0.001333
0.108718
0.059024
0.126535
0.059024
0.108718
0.000902
0.103209
0.065683
0.041687
0.103209
0.065683
0.05402
0.05402
0.05402
0.051403
0.012027
0.012027
0.012027
0.012027
0.012027
0.012027
0.078029
0.038516
0.004394
0.004394
0.039104
0.081878
0.039104
0.039104
0.066592
0.066592
0.066592
0.066592
0.066592
0.176034
0.176034
0.176034
0.176034
0.176034
0.176034
0.176034
0.176034
0.176034
0.176034
0.176034
0.176034
0.176034
0.176034
0.176034
0.176034
0.176034
0.176034
0.001289
0.001289
0.013061
0.007517
0.009337
0.009337
0.001694
0.003076
0.006096
0.002553
0.002553
0.000149
0.025852
0.0001
0.004863
0.000986
0.007768
0.003169
0.003169
0.003169
0.026332
0.026332
0.026332
0.000662
0.000573
0.014556
0.026644
0.026644
0.026644
0.007493
0.001545
0.006669
0.006669
0.021397
0.035022
0.035022
0.008594
0.003992
0.001854
0.006036
0.044319
0.044319
0.044319
0.010261
0.010261
0.010261
0.006617
0.006617
0.07362
0.317737
0.07362
0.07362
0.101658
0.001771
0.000534
0.000534
0.0001
0.000101
0.000101
0.003525
0.003525
0.003525
0.252838
0.036274
0.003525
0.003525
0.003525
0.395503
0.003525
0.002838
0.017385
0.017385
0.017385
0.017385
0.017385
0.017385
0.017385
0.017385
0.017385
0.017385
0.000432
0.000432
0.001067
0.001067
0.001067
0.000112
0.000112
0.000161
0.000161
0.000161
0.000105
0.000105
0.000882
0.003088
0.000882
0.001473
0.050743
0.001639
0.01515
0.011745
0.000993
0.01141
0.01141
0.01141
0.01141
0.01141
0.01141
0.081131
0.01141
0.01141
0.000536
0.034047
0.004679
0.006044
0.004679
0.004679
0.004679
0.008768
0.002183
0.001187
0.001187
0.001666
0.028733
0.028733
0.003129
0.003129
0.001447
0.00687
0.00687
0.005379
0.00687
0.003958
0.003958
0.003958
0.002563
0.002563
0.002563
0.002162
0.002162
0.005016
0.002162
0.000162
0.01124
0.01124
0.01124
0.01124
0.01124
0.000215
0.008983
0.000757
0.000757
0.002279
0.000102
0.000936
0.000936
0.000372
0.000372
0.000792
0.000118
0.001429
0.000129
0.004533
0.001666
0.002294
0.002294
0.002785
0.000141
0.000344
0.003668
0.001328
0.001321
0.000108
0.026679
0.013254
0.014694
0.036992
0.000569
0.000974
0.000974
0.003803
0.003803
0.003803
0.01127
0.000506
0.000201
0.000172
0.008495
0.000727
0.000727
0.077221
0.001134
0.000257
0.145723
0.08842
0.001733
0.001733
0.081504
0.081504
0.081504
0.081504
0.081504
0.081504
0.081504
0.081504
0.081504
0.023606
0.023606
0.023606
0.011781
0.029678
0.000504
0.009515
0.009515
0.009515
0.009515
0.001931
0.091138
0.005871
0.005871
0.00072
0.017858
0.017858
0.017858
0.017858
0.017858
0.002041
0.074578
0.001019
0.001129
0.000579
0.001287
0.001287
0.001287
0.001312
0.001312
0.015007
0.123033
0.010272
0.004674
0.004674
0.004674
0.012568
0.011711
0.012568
0.018954
0.002071
0.002093
0.011827
0.011827
0.011827
0.002373
0.00347
0.060579
0.060579
0.060579
0.060579
0.060579
0.040219
0.040219
0.040219
0.040219
0.040219
0.002584
0.00173
0.00173
0.010346
0.010346
0.008006
0.008006
0.008006
0.007466
0.015883
0.000834
0.000834
0.001853
0.001259
0.008586
0.002299
0.01934
0.01934
0.01934
0.004773
0.068599
0.060421
0.03431
0.03431
0.03431
0.023181
0.004118
0.004118
0.000585
0.00608
0.00608
0.008892
0.042876
0.042876
0.042876
0.042876
0.010457
0.019655
0.019655
0.019655
0.019655
0.019655
0.009327
0.009327
0.009327
0.008078
0.001576
0.024024
0.024024
0.024024
0.024024
0.024024
0.024024
0.024024
0.023272
0.024024
0.101453
0.000322
0.001278
0.000135
0.007676
0.007676
0.007676
0.041435
0.041435
0.041435
0.041435
0.090767
0.043566
0.021264
0.07831
0.00364
0.000117
0.000282
0.004556
0.004556
0.004556
0.009456
0.009456
0.009456
0.009456
0.004547
0.004547
0.004547
0.004547
0.029731
0.029731
0.029731
0.029731
0.003977
0.008238
0.027965
0.058051
0.02015
0.017816
0.007436
0.004313
0.032677
0.011748
0.009922
0.006414
0.001541
0.00942
0.00942
0.005217
0.005217
0.005217
0.002117
0.000284
0.013826
0.008137
0.000442
0.003903
0.008563
0.00216
0.037905
0.037905
0.037905
0.037905
0.037905
0.019174
0.001322
0.001322
0.001322
0.001187
0.000912
0.000912
0.007204
0.007204
0.007204
0.007204
0.004806
0.004806
0.014417
0.014417
0.001808
0.000457
0.000457
0.000777
0.023026
0.002051
0.002051
0.002051
0.003651
0.001233
0.014663
0.027513
0.05012
0.014256
0.022521
0.014256
0.014256
0.014256
0.001893
0.006275
0.000111
0.001043
0.005113
0.0001
0.0001
0.009917
0.009917
0.009917
0.002852
0.002884
0.002884
0.039087
0.01603
0.022275
0.022275
0.021817
0.000118
0.003513
0.003513
0.003513
0.034602
0.034602
0.034602
0.034602
0.034602
0.034602
0.000158
0.000452
0.002461
0.002587
0.002587
0.002587
0.001438
0.001438
0.042417
0.37173
0.006337
0.030416
0.038146
0.038146
0.038146
0.006937
0.006937
0.003043
0.003147
0.00273
0.000256
0.017821
0.017821
0.0002
0.002983
0.002983
0.000611
0.019791
0.005399
0.005399
0.004347
0.004347
0.004347
0.003151
0.003151
0.003151
0.0001
0.004303
0.003149
0.003149
0.003208
0.000205
0.009075
0.046988
0.046988
0.090558
0.090558
0.090558
0.090558
0.090558
0.044096
0.044096
0.044096
0.044096
0.044096
0.044096
0.044096
0.010233
0.010233
0.010233
0.000236
0.001805
0.002306
0.000162
0.000457
0.00165
0.00165
0.00165
0.00165
0.00165
0.008653
0.016373
0.005239
0.005239
0.005239
0.005239
0.005239
0.012737
0.007974
0.000466
0.010681
0.013004
0.027246
0.027246
0.03224
0.018069
0.018848
0.000991
0.000991
0.015281
0.015281
0.015281
0.023223
0.015281
0.015281
0.015281
0.015281
0.015281
0.015281
0.015281
0.006568
0.006568
0.003424
0.004618
0.004618
0.024988
0.000132
0.030167
0.009098
0.011535
0.011535
0.203149
0.323464
0.203149
0.203149
0.203149
0.203149
0.203149
0.203149
0.066905
0.066905
0.066905
0.016699
0.005064
0.022401
0.004496
0.004496
0.004496
0.004496
0.021456
0.000492
0.008466
0.005838
0.005617
0.005617
0.005617
0.005617
0.003838
0.007168
0.000337
0.046615
0.046615
0.046615
0.046615
0.046615
0.041304
0.041304
0.645017
0.660033
0.645017
0.645017
0.645017
0.645017
0.645017
0.645017
0.645017
0.645017
0.660033
0.645017
0.645017
0.523482
0.726176
0.615759
0.46945
0.413078
0.413078
0.413078
0.413078
0.413078
0.413078
0.413078
0.413078
0.413078
0.413078
0.413078
0.413078
0.413078
0.653003
0.413078
0.413078
0.413078
0.000882
0.001502
0.050943
0.026139
0.002146
0.007642
0.006577
0.023614
0.009747
0.267495
0.006083
0.000102
0.162655
0.162655
0.162655
0.001623
0.00679
0.018114
0.018114
0.046132
0.046132
0.123036
0.046132
0.046132
0.136841
0.067287
0.00905
0.064318
0.064318
0.064318
0.034406
0.015844
0.059334
0.047135
0.007942
0.00577
0.020278
0.101718
0.04069
0.04069
0.001977
0.007512
0.001566
0.001204
0.244186
0.244186
0.244186
0.244186
0.244186
0.014154
0.193971
0.193971
0.193971
0.193971
0.237309
0.237309
0.237309
0.237309
0.237309
0.237309
0.006752
0.261892
0.044264
0.044264
0.044264
0.044264
0.044264
0.044264
0.002861
0.009038
0.009038
0.009038
0.009038
0.015858
0.015858
0.015858
0.000122
0.062714
0.062714
0.062714
0.062714
0.062714
0.062714
0.062714
0.062714
0.011019
0.000475
0.004499
0.18909
0.18909
0.18909
0.010152
0.010152
0.010152
0.070896
0.070896
0.070896
0.070896
0.070896
0.070896
0.070896
0.070896
0.070896
0.070896
0.070896
0.01594
0.01594
0.01594
0.700997
0.700997
0.825791
0.700997
0.700997
0.700997
0.015507
0.012271
0.019513
0.003351
0.003824
0.039779
0.031612
0.031612
0.005049
0.028585
0.028585
0.028585
0.000115
0.000455
0.010912
0.008917
0.008917
0.008917
0.000485
0.005174
0.000572
0.010887
0.010887
0.010887
0.006834
0.108576
0.108576
0.108576
0.108576
0.108576
0.108576
0.108576
0.108576
0.002899
0.00391
0.00391
0.002894
0.002894
0.002894
0.137892
0.137892
0.137892
0.137892
0.137892
0.137892
0.01593
0.000199
0.02032
0.04632
0.04632
0.04632
0.04632
0.009
0.009
0.000815
0.000815
0.003544
0.083438
0.019172
0.019172
0.001092
0.006649
0.001753
0.041075
0.041075
0.041075
0.008073
0.008073
0.008073
0.054822
0.054822
0.054822
0.004856
0.004856
0.004856
0.004385
0.034899
0.040385
0.040385
0.040385
0.004901
0.015156
0.012115
0.012115
0.012115
0.012115
0.012115
0.012115
0.012115
0.001305
0.002951
0.000492
0.016862
0.016862
0.038401
0.186805
0.186805
0.186805
0.186805
0.186805
0.186805
0.026715
0.026715
0.050555
0.047667
0.047667
0.047667
0.047667
0.047667
0.047667
0.047667
0.047667
0.047667
0.001062
0.001778
0.001778
0.023076
0.038218
0.019584
0.019584
0.019584
0.008072
0.008286
0.008286
0.008286
0.008286
0.008286
0.03122
0.03122
0.039417
0.056156
0.09972
0.065656
0.160991
0.082411
0.011018
0.025338
0.065655
0.065655
0.060894
0.015581
0.068714
0.245241
0.245241
0.245241
0.245241
0.245241
0.245241
0.245241
0.245241
0.245241
0.245241
0.041718
0.025423
0.002531
0.00096
0.002045
0.000212
0.002303
0.007716
0.000391
0.014228
0.000354
0.000152
0.000316
0.000213
0.000148
0.009129
0.002833
0.002833
0.002833
0.001857
0.001857
0.000132
0.010064
0.001718
0.000101
0.001538
0.000713
0.000289
0.000209
0.000235
0.0053
0.000127
0.000165
0.000165
0.000101
0.000904
0.021506
0.00717
0.000368
0.000257
0.001711
0.000359
0.000359
0.000359
0.000717
0.000734
0.048149
0.008942
0.019199
0.008942
0.003298
0.021563
0.021563
0.021563
0.021563
0.021563
0.021563
0.021563
0.021563
0.002183
0.002183
0.002183
0.002183
0.000642
0.000406
0.00103
0.011823
0.000246
0.000246
0.000424
0.000944
0.000944
0.006435
0.006435
0.006435
0.000641
0.000641
0.000641
0.140432
0.140432
0.036024
0.114772
0.114772
0.114772
0.114772
0.052393
0.052393
0.052393
0.052393
0.00016
0.011628
0.011628
0.011628
0.011628
0.011628
0.011628
0.028375
0.028375
0.042157
0.028375
0.028375
0.028375
0.028375
0.028375
0.042157
0.000836
0.023213
0.023213
0.023213
0.003735
0.040839
0.040839
0.040839
0.170057
0.170057
0.170057
0.170057
0.170057
0.027753
0.027753
0.027753
0.027753
0.027753
0.027753
0.151337
0.151337
0.151337
0.151337
0.151337
0.151337
0.151337
0.151337
0.151337
0.151337
0.151337
0.151337
0.151337
0.151337
0.151337
0.151337
0.151337
0.151337
0.151337
0.151337
0.151337
0.002372
0.002372
0.002372
0.100373
0.034446
0.034446
0.034446
0.034446
0.007096
0.010712
0.08374
0.08374
0.08374
0.08374
0.08374
0.08374
0.08374
0.08374
0.14825
0.14825
0.14825
0.14825
0.14825
0.14825
0.14825
0.14825
0.14825
0.14825
0.14825
0.007753
0.003736
0.086841
0.086841
0.086841
0.086841
0.133962
0.043032
0.046379
0.117992
0.046379
0.046379
0.059717
0.059717
0.059717
0.059717
0.059717
0.051644
0.051644
0.051644
0.009682
0.006186
0.006186
0.000277
0.002277
0.000996
0.008125
0.008125
0.602505
0.07134
0.052947
0.012994
0.012994
0.011046
0.008813
0.008813
0.001475
0.083319
0.083319
0.083319
0.083319
0.083319
0.083319
0.083319
0.039889
0.039889
0.062621
0.062621
0.046953
0.117414
0.117414
0.117414
0.117414
0.117414
0.117414
0.117414
0.117414
0.174872
0.011064
0.011064
0.007897
0.007897
0.007897
0.007897
0.044067
0.013837
0.044067
0.004221
0.01146
0.006611
0.006611
0.028675
0.087681
0.028675
0.028675
0.028675
0.010745
0.010745
0.010745
0.010745
0.00684
0.00684
0.0067
0.0067
0.0067
0.000184
0.097104
0.097104
0.097104
0.097104
0.030082
0.030082
0.030082
0.030082
0.030082
0.014485
0.014485
0.014485
0.001955
0.001955
0.001955
0.118629
0.0095
0.0095
0.0095
0.0095
0.009205
0.009205
0.004665
0.005181
0.006389
0.006389
0.006389
0.007389
0.007389
0.007389
0.007389
0.007389
0.007389
0.004995
0.000148
0.189932
0.189932
0.189932
0.189932
0.189932
0.189932
0.004196
0.004196
0.238588
0.238588
0.238588
0.238588
0.238588
0.238588
0.098078
0.098078
0.270926
0.270926
0.270926
0.270926
0.270926
0.270926
0.081815
0.081815
0.081815
0.081815
0.081815
0.081815
0.009831
0.033975
0.033975
0.033975
0.033975
0.009116
0.009116
0.009116
0.014352
0.014352
0.013826
0.013826
0.013826
0.032779
0.032779
0.032779
0.032779
0.032779
0.032779
0.018121
0.025918
0.025918
0.025918
0.005148
0.005148
0.006847
0.008776
0.004439
0.004439
0.001142
0.001142
0.001142
0.001078
0.001078
0.00901
0.009539
0.009539
0.003673
0.010975
0.010975
0.001966
0.006964
0.011114
0.011114
0.003796
0.003796
0.003796
0.00942
0.001129
0.000249
0.0333
0.0333
0.001996
0.001996
0.001996
0.13328
0.13328
0.13328
0.13328
0.13328
0.13328
0.13328
0.13328
0.13328
0.13328
0.13328
0.13328
0.13328
0.13328
0.13328
0.009156
0.009156
0.004857
0.004857
0.009963
0.004857
0.004857
0.002053
0.003303
0.016086
0.003303
0.006331
0.006331
0.000107
0.008736
0.217249
0.217249
0.217249
0.217249
0.217249
0.217249
0.217249
0.217249
0.217249
0.217249
0.321794
0.321794
0.321794
0.321794
0.321794
0.321794
0.321794
0.321794
0.321794
0.321794
0.321794
0.321794
0.140876
0.254267
0.254267
0.254267
0.254267
0.254267
0.254267
0.254267
0.254267
0.254267
0.010463
0.010463
0.010463
0.003694
0.219658
0.560448
0.765556
0.664685
0.226039
0.063775
0.214736
0.155934
0.776422
0.365089
0.027406
0.125959
0.125959
0.125959
0.125959
0.125959
0.005269
0.005269
0.005269
0.005269
0.043864
0.043864
0.043864
0.03402
0.03402
0.060781
0.060781
0.060781
0.060781
0.000827
0.000827
0.010434
0.11082
0.11082
0.11082
0.113512
0.113512
0.132389
0.132389
0.132389
0.132389
0.132389
0.496085
0.496085
0.496085
0.496085
0.496085
0.496085
0.496085
0.493513
0.496085
0.496085
0.496085
0.693426
0.287846
0.302689
0.264481
0.264481
0.006319
0.014827
0.006449
0.004221
0.004221
0.004221
0.09164
0.046076
0.046076
0.09164
0.046076
0.09164
0.046076
0.046076
0.046076
0.019078
0.019078
0.019078
0.000271
0.000271
0.0001
0.000503
0.000503
0.031793
0.362248
0.481778
0.174432
0.031793
0.124399
0.031793
0.193347
0.031793
0.031793
0.024778
0.075774
0.024778
0.024778
0.129093
0.024778
0.024778
0.024778
0.000387
0.330213
0.330213
0.441917
0.016428
0.040621
0.040621
0.33201
0.992792
0.417286
0.304628
0.150228
0.150228
0.150228
0.150228
0.150228
0.150228
0.146967
0.336622
0.280602
0.148456
0.088884
0.065518
0.166926
0.002025
0.002025
0.021947
0.481182
0.37348
0.501672
0.37348
0.434381
0.37348
0.37348
0.37348
0.37348
0.37348
0.379465
0.37348
0.37348
0.37348
0.37348
0.37348
0.184408
0.184408
0.184408
0.184408
0.184408
0.184408
0.184408
0.488321
0.686093
0.707303
0.255384
0.255384
0.255384
0.255384
0.255384
0.255384
0.255384
0.255384
0.255384
0.471271
0.255384
0.255384
0.207618
0.298793
0.379257
0.207618
0.207618
0.207618
0.207618
0.207618
0.220924
0.220924
0.220924
0.220924
0.220924
0.416515
0.220924
0.220924
0.293502
0.572321
0.429682
0.237699
0.237699
0.522543
0.462514
0.237699
0.237699
0.237699
0.448797
0.237699
0.237699
0.237699
0.585312
0.181901
0.05743
0.11841
0.11841
0.11841
0.11841
0.11841
0.11841
0.11841
0.11841
0.11841
0.090755
0.090755
0.090755
0.125364
0.043843
0.045315
0.19177
0.19177
0.19177
0.288297
0.19177
0.19177
0.19177
0.307361
0.307361
0.307361
0.307361
0.307361
0.307361
0.307361
0.307361
0.307361
0.307361
0.307361
0.307361
0.307361
0.307361
0.307361
0.307361
0.307361
0.307361
0.307361
0.307361
0.307361
0.307361
0.307361
0.307361
0.307361
0.307361
0.018934
0.018934
0.018934
0.018934
0.018934
0.018934
0.087834
0.450314
0.666574
0.450314
0.450314
0.450314
0.71911
0.805878
0.450314
0.450314
0.464416
0.450314
0.537719
0.537719
0.537719
0.537719
0.537719
0.537719
0.687568
0.487615
0.487615
0.487615
0.487615
0.487615
0.487615
0.479159
0.487615
0.487615
0.549214
0.549214
0.549214
0.549214
0.549214
0.549214
0.549214
0.374752
0.057445
0.38753
0.203078
0.619386
0.619386
0.619386
0.619386
0.619386
0.619386
0.619386
0.619386
0.619386
0.619386
0.619386
0.619386
0.619386
0.200459
0.398315
0.253369
0.343903
0.224575
0.788464
0.224575
0.176835
0.176835
0.876336
0.41168
0.448183
0.333801
0.837012
0.555517
0.782585
0.985105
0.477044
0.647099
0.764219
0.612245
0.776386
0.640263
0.881449
0.705053
0.923036
0.285866
0.663871
0.873749
0.976722
0.173496
0.58606
0.669617
0.539843
0.45967
0.173496
0.173496
0.369629
0.722257
0.393128
0.205388
0.549116
0.205388
0.379597
0.614799
0.205388
0.205388
0.205388
0.380337
0.40392
0.40392
0.263157
0.994833
0.412838
0.274397
0.274397
0.448763
0.047131
0.42836
0.402948
0.307865
0.349393
0.176735
0.342564
0.433112
0.286478
0.032468
0.117037
0.117037
0.117037
0.080376
0.080376
0.080376
0.080376
0.065428
0.065428
0.065428
0.065428
0.065428
0.065428
0.065428
0.732134
0.453111
0.510301
0.510301
0.680638
0.680638
0.68857
0.758829
0.768612
0.554158
0.758829
0.554158
0.784289
0.272333
0.272333
0.272333
0.272333
0.272333
0.272333
0.272333
0.745832
0.551408
0.54708
0.54708
0.692577
0.692577
0.692577
0.692577
0.766907
0.766907
0.766907
0.766907
0.766907
0.766907
0.499727
0.499727
0.499727
0.766434
0.766434
0.766434
0.12329
0.12329
0.12329
0.12329
0.12329
0.12329
0.12329
0.017361
0.017361
0.017361
0.000103
0.011071
0.000107
0.541818
0.238883
0.23337
0.11889
0.11889
0.349132
0.238883
0.257242
0.257242
0.369658
0.11889
0.349132
0.11889
0.11889
0.11889
0.11889
0.239598
0.257242
0.170019
0.266141
0.170019
0.28535
0.266141
0.170019
0.170019
0.170019
0.170019
0.170019
0.170019
0.170019
0.170019
0.170019
0.170019
0.170019
0.28535
0.266141
0.170019
0.266141
0.247842
0.130295
0.130295
0.130295
0.247842
0.130295
0.130295
0.130295
0.130295
0.130295
0.130295
0.132338
0.132338
0.237312
0.132338
0.237312
0.237312
0.237312
0.132338
0.132338
0.132338
0.132338
0.132338
0.132338
0.132338
0.130858
0.130858
0.130858
0.130858
0.130858
0.130858
0.130858
0.130858
0.004283
0.004283
0.140637
0.004283
0.004283
0.019188
0.019188
0.019188
0.019188
0.019188
0.019188
0.019188
0.019188
0.048114
0.048114
0.008483
0.010742
0.565608
0.179389
0.659554
0.659554
0.659554
0.659554
0.659554
0.659554
0.119082
0.119082
0.292898
0.281849
0.281849
0.281849
0.22466
0.099389
0.151155
0.151155
0.035589
0.608107
0.273979
0.273979
0.304044
0.201128
0.304044
0.304044
0.304044
0.304044
0.304044
0.187147
0.187147
0.187147
0.187147
0.187147
0.187147
0.082158
0.082158
0.082158
0.082158
0.105985
0.082158
0.082158
0.081911
0.055016
0.055016
0.058577
0.058577
0.058577
0.058577
0.058577
0.176203
0.018419
0.016612
0.147142
0.018419
0.091534
0.067028
0.105473
0.028534
0.108943
0.034662
0.034662
0.034662
0.108683
0.212684
0.095189
0.095189
0.095189
0.095189
0.095189
0.095189
0.095189
0.095189
0.095189
0.095189
0.095189
0.095189
0.510566
0.765639
0.765639
0.765639
0.765639
0.765639
0.765639
0.765639
0.541984
0.541984
0.64848
0.64848
0.64848
0.64848
0.009191
0.009191
0.044136
0.169505
0.103619
0.103619
0.135653
0.135653
0.135653
0.092624
0.280048
0.154607
0.154607
0.154607
0.154607
0.033147
0.033147
0.000987
0.000987
0.000904
0.000212
0.000258
0.509566
0.509566
0.509566
0.200799
0.200799
0.191114
0.61318
0.696413
0.538177
0.261785
0.099857
0.183222
0.271214
0.271214
0.271214
0.003027
0.250188
0.120518
0.120518
0.120518
0.120518
0.120518
0.120518
0.120518
0.295072
0.594728
0.648974
0.925337
0.359626
0.255182
0.435481
0.630997
0.253918
0.253918
0.253918
0.303922
0.218651
0.218651
0.218651
0.218651
0.304332
0.423671
0.446125
0.555626
0.349086
0.001705
0.001077
0.001077
0.001077
0.000592
0.000224
0.000598
0.000625
0.001016
0.001016
0.001016
0.000141
0.000141
0.000137
0.000318
0.000318
0.000423
0.000423
0.000423
0.001629
0.000158
0.000435
0.000435
0.00011
0.000492
0.000492
0.000492
0.000492
0.004566
0.004566
0.004566
0.001313
0.005786
0.000106
0.008859
0.002217
0.002249
0.002249
0.091839
0.091839
0.21857
0.091839
0.091839
0.101876
0.101876
0.270494
0.031379
0.02387
0.186401
0.046472
0.150495
0.046472
0.101876
0.101876
0.101876
0.101876
0.073758
0.127628
0.148797
0.148797
0.219531
0.219531
0.150706
0.147933
0.161719
0.161719
0.465491
0.322716
0.127766
0.098703
0.097275
0.030833
0.030833
0.030833
0.030833
0.030833
0.030833
0.030833
0.049294
0.010684
0.229671
0.017667
0.026136
0.134026
0.320302
0.134026
0.134026
0.134026
0.078287
0.078287
0.000332
0.070004
0.070004
0.017667
0.000332
0.08155
0.08155
0.08155
0.08155
0.08155
0.08155
0.08155
0.08155
0.08155
0.08155
0.102912
0.102056
0.102056
0.427245
0.427245
0.427245
0.03223
0.056448
0.057599
0.144398
0.057599
0.057599
0.057599
0.057599
0.057599
0.191056
0.191056
0.191056
0.191056
0.152727
0.152727
0.152727
0.000104
0.01559
0.528062
0.397316
0.397316
0.397316
0.397316
0.397316
0.397316
0.397316
0.397316
0.355066
0.355066
0.185013
0.354119
0.354119
0.354119
0.394442
0.629537
0.147139
0.56649
0.181655
0.354538
0.172666
0.158404
0.184348
0.333339
0.302118
0.302118
0.330632
0.227033
0.227033
0.140005
0.222595
0.222595
0.352915
0.222595
0.222595
0.625019
0.643258
0.643258
0.643258
0.872596
0.528756
0.503175
0.287273
0.287273
0.287273
0.287273
0.287273
0.287273
0.61328
0.343861
0.343861
0.381036
0.381036
0.435308
0.248801
0.293263
0.293263
0.389579
0.038019
0.212866
0.212866
0.342431
0.342431
0.342431
0.342431
0.342431
0.003218
0.046484
0.046484
0.046484
0.535691
0.535691
0.535691
0.645342
0.535691
0.466553
0.466553
0.466553
0.378669
0.378669
0.000115
0.413295
0.321887
0.321887
0.188617
0.386683
0.321887
0.297406
0.297406
0.297406
0.297406
0.297406
0.024841
0.01626
0.174484
0.136428
0.136428
0.841838
0.558764
0.401346
0.401346
0.443098
0.401346
0.780795
0.401346
0.618289
0.710188
0.395596
0.395596
0.395596
0.621228
0.395596
0.395596
0.720909
0.395596
0.183312
0.4394
0.637104
0.73175
0.4394
0.4394
0.4394
0.4394
0.4394
0.59376
0.4394
0.4394
0.50801
0.50801
0.50801
0.50801
0.50801
0.50801
0.50801
0.50801
0.50801
0.50801
0.50801
0.50801
0.50801
0.50801
0.474589
0.474589
0.474589
0.474589
0.474589
0.474589
0.474589
0.535111
0.535111
0.535111
0.535111
0.535111
0.535111
0.535111
0.535111
0.535111
0.535111
0.582967
0.535111
0.535111
0.580273
0.535111
0.535111
0.535111
0.535111
0.033499
0.278815
0.278815
0.194979
0.194979
0.194979
0.194979
0.194979
0.194979
0.402218
0.144596
0.144596
0.032139
0.029926
0.029926
0.029926
0.029926
0.22253
0.22253
0.22253
0.435714
0.435714
0.22253
0.22253
0.435714
0.344644
0.344644
0.344644
0.344644
0.344644
0.344644
0.344644
0.344644
0.344644
0.344644
0.344644
0.344644
0.071742
0.062634
0.05451
0.05451
0.05451
0.05451
0.05451
0.05451
0.05451
0.05773
0.002198
0.114083
0.114083
0.114083
0.114083
0.114083
0.114083
0.114083
0.114083
0.114083
0.114083
0.114083
0.114083
0.114083
0.006011
0.006011
0.006011
0.006011
0.000109
0.000118
0.000118
0.038842
0.038842
0.038842
0.038842
0.038842
0.005354
0.005354
0.005354
0.017627
0.005354
0.005671
0.005671
0.0001
0.001055
0.001055
0.000118
0.000118
0.129803
0.015072
0.015072
0.015072
0.015072
0.015072
0.049469
0.049469
0.049469
0.049469
0.272929
0.049469
0.028745
0.199406
0.028745
0.112293
0.016708
0.016708
0.016708
0.016708
0.01991
0.065554
0.01991
0.006946
0.006946
0.010601
0.010601
0.010601
0.025892
0.025892
0.025892
0.025892
0.025892
0.025892
0.013693
0.013693
0.013693
0.013693
0.032294
0.032294
0.032294
0.032294
0.130484
0.032294
0.051129
0.051129
0.051129
0.062636
0.051129
0.065082
0.065082
0.065082
0.065082
0.065082
0.065082
0.065082
0.065082
0.065082
0.059428
0.059428
0.059428
0.059428
0.059428
0.059428
0.021815
0.021815
0.021815
0.021815
0.202311
0.421177
0.000509
0.339644
0.339644
0.339644
0.111749
0.111749
0.111749
0.170003
0.170003
0.170003
0.170003
0.170003
0.000896
0.039359
0.393229
0.393229
0.044659
0.044659
0.020273
0.020273
0.020273
0.015785
0.015785
0.015785
0.000562
0.520753
0.520753
0.478806
0.478806
0.478806
0.356563
0.356563
0.356563
0.356563
0.356563
0.43801
0.320886
0.320886
0.320886
0.320886
0.073366
0.315766
0.20078
0.217328
0.79774
0.470738
0.431326
0.142553
0.461851
0.16071
0.16071
0.22592
0.162961
0.458611
0.458611
0.162961
0.557234
0.734501
0.525594
0.262828
0.252466
0.293007
0.717258
0.38356
0.412006
0.572103
0.304386
0.304386
0.304386
0.355134
0.395006
0.171786
0.171786
0.171786
0.171786
0.390051
0.639805
0.809192
0.674361
0.629368
0.613792
0.387917
0.365986
0.579266
0.847411
0.45151
0.45151
0.45151
0.110977
0.350951
0.025038
0.112402
0.35011
0.406731
0.393577
0.628076
0.820526
0.755037
0.489695
0.180939
0.133491
0.133491
0.294168
0.350785
0.109387
0.109387
0.183321
0.547337
0.332632
0.332632
0.332632
0.332632
0.492801
0.332632
0.332632
0.043121
0.437163
0.324997
0.434721
0.324997
0.324997
0.324997
0.324997
0.595424
0.324997
0.324997
0.324997
0.817942
0.324997
0.324997
0.324997
0.324997
0.324997
0.324997
0.573686
0.646036
0.324997
0.324997
0.324997
0.324997
0.324997
0.512536
0.324997
0.324997
0.324997
0.324997
0.298341
0.44974
0.079948
0.236152
0.090665
0.217001
0.345018
0.217001
0.217001
0.217001
0.316626
0.327592
0.520599
0.441466
0.623999
0.100971
0.581247
0.292369
0.292369
0.292369
0.070991
0.149747
0.179758
0.187431
0.522455
0.107989
0.107989
0.107989
0.695392
0.669637
0.61338
0.623176
0.459092
0.023243
0.283454
0.283454
0.283454
0.283454
0.283454
0.283454
0.283454
0.283454
0.283454
0.476316
0.283454
0.283454
0.283454
0.283454
0.283454
0.283454
0.283454
0.283454
0.283454
0.283454
0.283454
0.283454
0.283454
0.283454
0.587283
0.493763
0.321263
0.321263
0.596398
0.321263
0.321263
0.321263
0.321263
0.321263
0.321263
0.321263
0.321263
0.321263
0.31479
0.417723
0.248166
0.259565
0.551461
0.259565
0.259565
0.259565
0.259565
0.259565
0.551292
0.375432
0.259565
0.645498
0.28079
0.28079
0.28079
0.438333
0.28079
0.28079
0.28079
0.28079
0.28079
0.28079
0.28079
0.272923
0.225423
0.255943
0.094643
0.356741
0.171674
0.171674
0.171674
0.171674
0.171674
0.316193
0.239904
0.239904
0.239904
0.239904
0.239904
0.25036
0.250687
0.250687
0.216387
0.250687
0.250687
0.135381
0.113342
0.135381
0.113342
0.080611
0.161855
0.262173
0.313503
0.209565
0.209565
0.733077
0.401625
0.568482
0.494244
0.354042
0.354042
0.354042
0.476789
0.473358
0.354042
0.354042
0.354042
0.354042
0.562991
0.354042
0.400924
0.299529
0.217544
0.217544
0.358123
0.217544
0.217544
0.463632
0.291461
0.291461
0.291461
0.291461
0.435346
0.435346
0.435346
0.435346
0.231145
0.231145
0.231145
0.386647
0.057296
0.432298
0.432298
0.201639
0.201639
0.201639
0.201639
0.201639
0.201639
0.24448
0.24448
0.24448
0.24448
0.24448
0.24448
0.24448
0.134174
0.303984
0.303984
0.303984
0.134174
0.189161
0.189161
0.189161
0.451206
0.451206
0.451206
0.451206
0.451206
0.451206
0.451206
0.451206
0.451206
0.663925
0.451206
0.451206
0.451206
0.451206
0.451206
0.451206
0.451206
0.451206
0.451206
0.117904
0.117904
0.117904
0.117904
0.117904
0.117904
0.492695
0.117904
0.117904
0.042071
0.042071
0.042071
0.424919
0.424919
0.424919
0.424919
0.424919
0.424919
0.424919
0.424919
0.424919
0.424919
0.590445
0.424919
0.424919
0.424919
0.424919
0.424919
0.424919
0.042071
0.042071
0.042071
0.430627
0.430627
0.430627
0.430627
0.430627
0.430627
0.430627
0.430627
0.430627
0.430627
0.701983
0.430627
0.430627
0.430627
0.430627
0.430627
0.430627
0.342092
0.342092
0.342092
0.504027
0.342092
0.504027
0.504027
0.342092
0.342092
0.342092
0.342092
0.304709
0.304709
0.304709
0.304709
0.304709
0.304709
0.042071
0.042071
0.042071
0.009129
0.001345
0.091771
0.091771
0.000335
0.000335
0.472147
0.47652
0.44377
0.680633
0.44377
0.44377
0.44377
0.44377
0.44377
0.44377
0.44377
0.44377
0.44377
0.44377
0.44377
0.44377
0.430628
0.189849
0.189849
0.189849
0.184782
0.184782
0.384272
0.218107
0.308875
0.529541
0.297666
0.466671
0.308875
0.308875
0.308875
0.308875
0.308875
0.308875
0.232815
0.232815
0.232815
0.232815
0.420679
0.420679
0.232815
0.232815
0.313707
0.313707
0.313707
0.313707
0.313707
0.313707
0.313707
0.313707
0.313707
0.313707
0.313707
0.38538
0.401716
0.554099
0.554099
0.678762
0.298937
0.298937
0.298937
0.298937
0.298937
0.298937
0.298937
0.088826
0.683332
0.462193
0.462193
0.462193
0.585785
0.585785
0.462193
0.462193
0.462193
0.462193
0.462193
0.462193
0.462193
0.462193
0.462193
0.462193
0.462193
0.462193
0.36952
0.36952
0.640151
0.136823
0.136823
0.376386
0.376386
0.376386
0.376386
0.376386
0.376386
0.376386
0.376386
0.376386
0.376386
0.376386
0.376386
0.376386
0.323448
0.323448
0.323448
0.323448
0.323448
0.323448
0.323448
0.323448
0.323448
0.323448
0.323448
0.190297
0.190297
0.190297
0.256668
0.127576
0.127576
0.240082
0.240082
0.240082
0.240082
0.193856
0.173111
0.173111
0.173111
0.238375
0.238375
0.238375
0.589301
0.238375
0.238375
0.41625
0.078017
0.538744
0.538744
0.538744
0.538744
0.538744
0.538744
0.538744
0.538744
0.538744
0.538744
0.538744
0.538744
0.538744
0.538744
0.538744
0.538744
0.538744
0.538744
0.538744
0.538744
0.538744
0.538744
0.019636
0.019636
0.146359
0.146359
0.146359
0.267513
0.00011
0.00011
0.113427
0.000101
0.275013
0.148297
0.148297
0.148297
0.1276
0.427608
0.1276
0.148297
0.148297
0.148297
0.326112
0.326112
0.326112
0.326112
0.326112
0.326112
0.148297
0.148297
0.148297
