0.047829
0.006777
0.000737
0.014707
0.15998
0.032678
0.745493
0.005722
0.012755
0.120205
0.000753
0.999955
0.012239
0.031026
0.000484
0.262438
0.146011
0.060751
0.000194
0.760851
0.996904
0.000112
0.000109
0.167912
0.022677
0.031518
0.000356
0.95353
0.0001
0.000215
0.000133
0.991334
0.023095
0.002825
0.003984
0.000315
0.182706
0.008231
0.0001
0.0001
0.504476
0.680656
0.01369
0.014663
0.586193
0.958577
0.0001
0.000279
0.027039
0.015355
0.002278
0.000341
0.000229
0.999616
0.00262
0.05323
0.000102
0.004187
0.000746
0.000101
0.018282
0.000266
0.000854
0.02786
0.000101
0.000132
0.000341
0.428132
0.022544
0.004382
0.023419
0.004382
1.000068
0.615649
0.020835
0.004382
0.246608
1.00001
0.002715
0.032826
0.001387
0.020676
0.021832
0.016153
0.093014
0.013558
0.004382
0.004382
0.001439
0.192708
0.01116
0.002049
0.122559
0.000106
0.002098
0.003771
0.148953
0.001503
0.020899
0.008387
0.999994
1.0001
0.826055
1.000099
0.012253
0.021148
0.160936
0.160936
1.000095
0.0001
0.0001
0.001443
0.0001
0.00959
0.006835
0.0001
0.000103
0.000195
0.011049
0.480162
0.000105
0.000101
0.000276
0.849784
0.078401
0.000105
0.000102
0.00021
0.002425
0.0001
0.000101
0.0001
0.002151
0.0001
0.000219
0.49813
0.000102
0.004309
0.000219
0.000102
0.000294
0.007267
0.0001
0.031211
0.000219
0.087443
0.806638
0.615686
0.454989
0.64025
0.024968
0.000358
0.007099
0.000469
0.025425
0.001859
0.000256
0.001166
0.001859
0.999434
0.096107
0.043904
0.043902
0.017696
0.000134
0.034658
0.000203
0.558934
0.030158
0.024837
0.000526
0.00189
0.001967
0.002207
0.241381
0.001967
0.001076
0.480938
0.002207
0.000249
0.015086
0.452288
0.00029
0.000255
0.000265
0.015086
0.999976
0.003336
0.001321
0.001289
0.023489
0.031426
0.00017
0.086798
0.001495
0.000346
0.001557
0.07749
0.000103
0.00012
0.000115
0.001348
0.002734
0.055613
0.031817
0.000295
0.000125
0.996984
0.00012
0.002117
0.004596
0.024832
0.001607
0.014168
0.384456
0.051644
0.000275
0.00014
0.00011
0.005733
0.007156
0.04475
0.007147
0.007156
0.422303
0.04092
0.019013
0.038744
0.342021
0.031886
0.81843
0.007173
0.130694
0.023583
0.051886
0.023583
0.052838
0.005199
0.029976
0.084904
0.030163
0.472046
0.000842
0.001132
0.918217
0.002186
0.000119
0.000118
0.000569
0.014628
0.000583
0.017247
0.104088
0.467271
0.010787
0.000569
0.791665
0.000771
0.130848
0.917537
0.441602
0.948968
0.990908
0.997757
0.831952
0.999893
0.673127
0.910692
0.0001
0.997773
0.741938
0.480576
0.0001
0.830602
0.673127
0.993397
0.673127
0.921922
0.673127
1.000099
0.886786
0.000536
0.997682
0.673127
0.777499
0.998865
0.673127
0.00011
1.000084
0.673127
0.878387
0.673127
0.673127
0.673127
0.835114
1.0001
0.99998
0.88307
0.000958
0.832563
0.993598
0.955565
0.993571
0.993355
0.002103
0.000101
0.166519
0.001522
0.020598
0.000101
0.000184
0.000123
0.001522
0.000102
0.004208
0.984934
0.025107
0.0001
0.002514
0.00869
0.00067
0.000982
0.426405
0.000274
0.001014
0.009716
0.000322
0.000116
0.000113
0.000522
0.000103
0.001194
0.000522
0.773531
0.013317
0.000683
0.002876
0.000241
0.015859
0.001255
0.035712
0.005175
0.010448
0.260805
0.004437
0.480142
0.986189
0.024156
0.000272
0.03328
0.65064
0.006336
0.074014
0.694691
0.000375
0.287998
0.000375
0.006336
0.000133
0.324846
0.012454
0.000184
0.000381
0.996536
0.000101
0.996955
0.026771
0.000102
0.000104
0.98738
0.977989
0.00151
0.003464
0.001485
0.24241
0.977062
0.353078
0.007948
0.171622
0.010709
0.000788
0.024503
0.001953
0.001953
0.017757
0.003293
0.003928
0.0079
0.677067
0.003558
0.248527
0.053018
0.000431
0.000431
0.000421
0.001832
0.979712
0.369201
0.899856
0.180115
0.002123
0.002181
0.164132
0.003671
0.001832
0.000117
0.000633
0.000824
0.033361
0.00019
0.03908
0.00019
0.12515
0.100503
0.00019
0.001016
0.000141
0.48275
0.897969
0.306897
0.000861
0.002127
0.007004
0.007004
0.000193
0.117171
0.007004
0.00013
0.002127
0.195152
0.036636
0.002982
0.001896
0.343872
0.059892
0.059892
0.020967
0.283169
0.026919
0.039279
0.200063
0.014003
0.001508
0.083703
0.001067
0.001067
0.003711
0.003711
0.286593
0.000648
0.986989
0.000648
0.231172
0.002783
0.003633
0.000108
0.000267
0.99184
0.000263
0.017515
0.0001
0.000918
0.000436
0.042806
0.094052
0.975184
0.000123
0.836907
0.017874
0.000521
0.000971
0.000132
0.000138
0.091473
0.000108
0.114949
0.000132
0.000267
0.000135
0.000265
0.01457
0.002349
0.068355
0.004767
0.004767
0.25075
0.004767
0.0005
0.000319
0.004767
0.080331
0.356504
0.000146
0.000121
0.115816
0.001212
0.000557
0.001212
0.324205
0.007433
0.000157
0.001212
0.001212
0.27461
0.700239
0.018376
0.001212
0.001212
0.001212
0.00024
0.002094
0.001212
0.02448
0.004191
0.008007
0.019811
0.006128
0.018397
0.000254
0.000849
0.005114
0.000119
0.05934
0.04781
0.394496
0.000168
0.00296
0.000184
0.000199
0.000102
0.000845
0.0001
0.021903
0.001329
0.000107
0.000105
0.002138
0.0001
0.120424
0.000217
0.000103
0.033763
0.000199
0.968345
0.001351
0.994473
0.000284
0.006372
0.000794
0.0001
0.000572
0.0001
0.000101
0.000173
0.001058
0.010648
0.000103
0.000101
0.082744
0.000127
0.000353
0.000245
0.000305
0.000139
0.011345
0.000153
0.003197
0.644046
0.00013
0.60162
0.000471
0.004066
0.001074
0.000124
0.0001
0.004165
0.000112
1.000074
0.641667
0.0001
0.0001
0.006867
0.005813
0.000105
0.0001
0.000112
0.002205
0.031414
0.747925
0.033036
0.011066
0.011066
0.011066
0.043075
0.003111
0.003998
0.002023
0.001946
0.086342
0.061957
0.000746
0.004304
0.000209
0.000286
0.000119
0.002594
0.698335
0.000488
0.006615
0.000115
0.013453
0.000116
0.000722
0.000155
0.000316
0.001638
0.000229
0.000123
0.000229
0.000129
0.072586
0.002468
0.000309
0.001038
0.008218
0.012576
0.008218
0.152729
0.001984
0.002258
0.048818
0.140029
0.005267
0.238491
0.002621
0.048431
0.160936
0.160936
0.160936
0.160936
0.160936
0.160936
0.005039
0.044775
0.013819
0.001919
0.000657
0.507508
0.012647
0.044978
0.017992
0.367439
0.024913
0.000356
0.000356
0.000122
0.101886
0.000268
0.883746
0.006226
0.00011
0.008129
0.011891
0.007189
0.043109
0.019929
0.00011
0.008077
0.003741
0.167744
0.003262
0.511526
0.133472
0.003858
0.000249
0.575817
0.000397
0.000466
0.000103
0.000116
0.01591
0.000359
0.000466
0.054499
0.000435
0.529013
0.196639
0.00498
0.000245
0.36234
0.131581
0.050446
0.0023
0.002714
0.000452
0.000121
0.000121
0.00298
0.046884
0.129631
0.013538
0.04858
0.041186
0.000764
0.3705
0.00347
0.00347
0.028333
0.009129
0.100095
0.000216
0.173914
0.079991
0.001387
0.010349
0.00225
0.05086
0.05086
0.004791
0.656576
0.002593
0.000452
0.000452
0.0828
0.182365
0.022769
0.030962
0.000452
0.000452
0.004414
0.001742
0.398179
0.002561
0.06331
0.17369
0.000106
0.000106
0.000232
0.000232
0.01981
0.000158
0.000231
0.00322
0.000156
0.5101
0.0004
0.970887
0.000108
0.208473
0.121258
0.000173
0.000231
0.019347
0.019489
0.008021
0.000254
0.000333
0.945865
0.837305
0.002251
0.015507
0.001515
0.000133
0.00025
0.000691
0.000133
0.000191
0.459599
0.00254
0.000449
0.000297
0.000133
0.048626
0.638841
0.020115
0.009915
0.771856
0.006022
0.001682
0.018124
0.002127
0.009915
0.040077
0.093541
0.009915
0.015695
0.001163
0.00133
0.000157
0.000565
0.000104
0.000219
0.002225
0.00042
0.000512
0.000371
0.024083
0.000202
0.001163
0.061574
0.010101
0.000202
0.009929
0.160936
0.160936
0.120108
0.010842
0.000822
0.764965
0.002728
0.136421
0.000221
0.000798
0.004673
0.001133
0.001133
0.000305
0.000221
0.921809
0.001743
0.015507
0.000435
0.001372
0.007638
0.001721
0.176062
0.000304
0.00031
0.00043
0.003111
0.000273
0.000273
0.000252
0.002954
0.003224
0.002491
0.000185
0.000432
0.000223
0.000432
0.163721
0.262483
0.022437
0.008197
0.022437
0.008082
0.000158
0.000321
0.722278
0.02189
0.030963
0.013963
0.002153
0.000107
0.000624
0.014277
0.002153
0.019172
0.003395
0.000721
0.025866
0.044299
0.003413
0.089214
0.008064
0.004603
0.000435
0.000477
0.003381
0.000805
0.000511
0.004278
0.0038
0.000443
0.345344
0.001297
0.028107
0.003651
0.001214
0.011171
0.624521
0.005429
0.143503
0.005448
0.119746
0.003181
0.007405
0.000166
0.001281
0.000465
0.160936
0.160936
0.002039
0.532238
0.01624
0.01624
0.01624
0.01624
0.000111
0.005968
0.012353
0.002224
0.012353
0.230597
0.012794
0.025788
0.009407
0.017846
0.033622
0.001186
0.062329
0.081018
0.00033
0.2255
0.175326
0.000748
0.013672
0.010752
0.013672
0.013151
0.00351
0.00033
0.008068
0.235928
0.000219
0.00154
0.059429
0.012155
0.015129
0.295129
0.00011
0.001382
0.00106
0.000279
0.085228
0.019453
0.000102
0.006072
0.000626
0.000334
0.008002
0.005783
0.013853
0.005426
0.001061
0.001641
0.012675
0.0001
0.0001
0.005235
0.000126
0.0001
0.0001
0.0001
0.085796
0.002336
0.000106
0.00014
0.00612
0.001915
0.212611
0.010427
0.000927
0.038876
0.001915
0.167492
0.000393
0.006983
0.769637
0.00052
0.000597
0.010892
0.469518
0.130219
0.004198
0.031109
0.004938
0.005582
0.003374
0.732948
0.249836
0.121303
0.000683
0.019132
0.882361
0.034576
0.003204
0.000833
0.84842
0.003204
0.003873
0.006161
0.031326
0.002466
0.000284
0.000284
0.612727
0.000227
0.000227
0.348483
0.000284
0.154019
0.002435
0.000138
0.002435
0.004383
0.001509
0.002435
0.005094
0.553104
0.000195
0.849182
0.002138
0.000815
0.000189
0.059775
0.002503
0.019352
0.0024
0.603191
0.001661
0.0024
0.000145
0.125453
0.260447
0.000564
0.139048
0.000419
0.193452
0.013254
0.031874
0.065987
0.997163
0.006552
0.005038
0.009977
0.169339
1.000096
0.00154
0.030484
0.591506
0.01772
0.014623
0.013203
0.036939
0.04686
0.000682
0.002843
0.013314
0.000311
0.000104
0.001326
0.055102
0.000104
0.000104
0.000316
0.820359
0.003654
0.001678
0.000105
0.121656
0.002516
0.0001
0.013595
0.005154
0.001694
0.910502
0.147372
0.002819
0.786978
0.6318
0.04786
0.001046
0.001347
0.027901
0.092942
0.007016
0.000106
0.000101
0.132928
0.003704
0.006058
0.146848
0.002354
0.000671
0.019973
0.000515
0.000515
0.994174
0.002747
0.003412
0.958243
0.005235
0.040897
0.001227
0.012236
0.00012
0.001227
0.006742
0.012405
0.036191
0.002788
0.008869
0.098655
0.015045
0.001384
0.00034
0.002371
0.000332
0.006486
0.020208
0.029685
0.006486
0.006486
0.298119
0.033984
0.033984
0.026446
0.897196
0.024968
0.006992
0.001265
0.003032
0.000594
0.001265
0.00011
0.00011
0.000236
0.00011
0.00011
0.00011
0.001996
0.254227
0.003524
0.024399
0.000831
0.003923
0.922931
0.003079
0.000116
0.001335
0.001335
0.000116
0.000116
0.010897
0.007537
0.00898
0.000116
0.026893
0.008527
0.000967
0.000723
0.000967
0.049352
0.019362
0.031356
0.019964
0.018813
0.146854
0.02339
0.02339
0.430895
0.00323
0.019461
0.0041
0.018972
0.018972
0.000697
0.033568
0.018972
0.051528
0.004834
0.002261
0.255792
0.006219
0.005704
0.775714
0.02747
0.162163
0.008388
0.001113
0.000566
0.005926
0.00029
0.00029
0.00029
0.018654
0.000142
0.002235
0.002029
0.002235
0.000142
0.01905
0.043364
0.597117
0.043364
0.005928
0.005928
0.697819
0.04897
0.067041
0.010721
0.039686
0.007838
0.139561
0.008917
0.00552
0.160936
0.160936
0.019179
0.229226
0.246031
0.02012
0.003212
0.02012
0.129635
0.073135
0.069727
0.421619
0.085578
0.006496
0.023168
0.006496
0.010099
0.040656
0.040656
0.160936
0.160936
0.190202
0.00353
0.005853
0.000501
0.007327
0.326061
0.087343
0.052589
0.005853
0.102326
0.028329
0.000793
0.001584
0.002294
0.273621
0.998446
0.00636
0.000107
0.003858
0.003858
0.114395
0.000761
0.00016
0.032396
0.022515
0.000193
0.222874
0.014601
0.029874
0.018905
0.014601
0.002013
0.01037
0.015769
0.002875
0.002321
0.002321
0.002321
0.002321
0.002321
0.00046
0.002321
0.000568
0.002321
0.002321
0.002321
0.000568
0.00046
0.002321
0.001959
0.004025
0.002321
0.000568
0.00046
0.002321
0.002321
0.797249
0.000568
0.000671
0.001959
0.002321
0.002321
0.002321
0.004373
0.001664
0.00046
0.000568
0.002321
0.002321
0.000205
0.001959
0.00046
0.000568
0.000671
0.000135
0.009363
0.006079
0.023511
0.006079
0.006184
0.024878
0.01778
0.01778
0.024878
0.000344
0.008911
0.002801
0.015308
0.000597
0.001241
0.000483
0.00027
0.39211
0.230788
0.012282
0.014509
0.001626
0.002198
0.004004
0.000204
0.000237
0.003837
0.000353
0.013114
0.020843
0.008233
0.006408
0.000126
0.000261
0.0042
0.000204
0.0042
0.002166
0.000165
0.000261
0.002254
0.000203
0.035004
0.000175
0.003837
0.056535
0.160936
0.160936
0.023523
0.068547
0.032379
0.016879
0.00847
0.051111
0.002712
0.164907
0.000659
0.297183
0.000339
0.002319
0.000324
0.007607
0.081116
0.006089
0.010363
0.000751
0.025643
0.699012
0.120698
0.006324
0.004901
0.001047
0.001047
0.007711
0.000109
0.045716
0.000109
0.053789
0.000101
0.004247
0.000101
0.000138
0.000138
0.00691
0.000101
0.008401
0.000224
0.000101
0.005428
0.000173
0.002117
0.109774
0.006032
0.016744
0.001453
0.079786
0.370352
0.000109
0.000244
0.000443
0.000213
0.000106
0.000163
0.000163
0.352885
0.002354
0.000146
0.912786
0.000146
0.001368
0.058976
0.0034
0.002966
0.0034
0.001367
0.001368
0.027846
0.006317
0.000103
0.112786
0.000103
0.001654
0.000302
0.869709
0.000346
0.000388
0.001032
0.000102
0.002298
0.002298
0.012624
0.000273
0.008876
0.008876
0.008876
0.008876
0.008876
0.021426
0.000273
0.367181
0.001467
0.000893
0.013177
0.032547
0.000893
0.001943
0.029222
0.417925
0.019567
0.00113
0.005317
0.020643
0.126065
0.013331
0.00113
0.012474
0.00044
0.001
0.000109
0.07843
0.001
0.000109
0.000109
0.000105
0.000273
0.000105
0.001155
0.019333
0.000116
0.062762
0.000127
0.0001
0.000333
0.155177
0.000234
0.003
0.001461
0.002025
0.016403
0.089988
0.001558
0.023649
0.001578
0.002025
0.537418
0.025458
0.025458
0.025458
0.003518
0.000333
0.008597
0.007599
0.199494
0.000108
0.000761
0.000108
0.159544
0.004374
0.00193
0.00019
0.00193
0.124605
0.130186
0.016392
0.016392
0.047492
0.012175
0.003786
0.017802
0.007977
0.000162
0.001091
0.712489
0.000456
0.023807
0.023807
0.000162
0.009067
0.001768
0.001756
0.06459
0.007604
0.049375
0.00014
0.000166
0.000129
0.000337
0.017882
0.010056
0.0001
0.000254
0.002057
0.000145
0.0001
0.000101
0.136078
0.000161
0.000158
0.000711
0.009113
0.050844
0.000131
0.110968
0.02493
0.030967
0.075799
0.030967
0.000285
0.000119
0.060436
0.000105
0.002956
0.001046
0.0001
0.00676
0.000108
0.008837
0.000188
0.001402
0.002474
0.000104
0.755746
0.000275
0.0001
0.13431
0.000113
0.001069
0.0009
0.0001
0.192462
0.000486
0.000102
0.000104
0.002917
0.000103
0.000114
0.000101
0.000304
0.001976
0.000166
0.069681
0.015873
0.000102
0.001241
0.000444
0.001778
0.013244
0.014696
0.022357
0.000114
0.000391
0.005681
0.005681
0.00306
0.027267
0.82704
0.414502
0.00105
0.001631
0.008611
0.092287
0.04921
0.054187
0.04921
0.109663
0.004292
0.115914
0.014427
0.062028
0.014427
0.006253
0.000491
0.000736
0.000972
0.000117
0.05402
0.033069
0.814209
0.033069
0.045253
0.004475
0.000482
0.000118
0.000614
0.039046
0.002201
0.485112
0.000132
0.000132
0.006918
0.00036
0.006918
0.00036
0.827922
0.003267
0.000176
0.000132
0.000107
0.000107
0.183938
0.004096
0.001293
0.001293
0.000113
0.001293
0.001293
0.10928
0.001566
0.003895
0.016527
0.018787
0.176969
0.008791
0.007869
0.007869
0.059892
0.343872
0.059892
0.038224
0.019174
0.017422
0.017422
0.019174
0.1435
0.001337
0.001337
0.011278
0.766463
0.011278
0.02046
0.011278
0.011278
0.137015
0.000855
0.042028
0.054363
0.138239
0.109987
0.007524
0.001125
0.001125
0.00012
0.00012
0.174921
0.016117
0.001454
0.003432
0.000172
0.000105
0.000105
0.000296
0.000296
0.00068
0.000117
0.000117
0.010927
0.000117
0.000243
0.141917
0.097446
0.000106
0.020773
0.012148
0.000321
0.00508
0.148193
0.148193
0.148193
0.160936
0.160936
0.003278
0.00028
0.000199
0.006079
0.315738
0.036896
0.002976
0.000932
0.000932
0.064876
0.035731
0.233003
0.003986
0.025837
0.011783
0.01236
0.015325
0.015325
0.910254
0.002713
0.999136
0.007832
0.000818
0.001408
0.00053
0.00053
0.000176
0.156258
0.001603
0.000276
0.000276
0.077443
0.075281
0.386713
0.026486
0.026486
0.005063
0.012507
0.007605
0.007605
0.007605
0.007605
0.00162
0.00162
0.533317
0.059132
0.020467
0.152679
0.01185
0.006911
0.001212
0.020467
0.01185
0.000826
0.042261
0.834435
0.005012
0.005012
0.005012
0.005012
0.005012
0.004765
0.402031
0.171403
0.001228
0.001665
0.008104
0.006009
0.006009
0.006009
0.006009
0.001756
0.052162
0.076808
0.010541
0.010541
0.007664
0.063693
0.001487
0.000864
0.001094
0.605914
0.001094
0.208979
0.006022
0.004457
0.009625
0.002652
0.001863
0.001021
0.0001
0.438442
0.012148
0.0001
0.070945
0.072932
0.0001
0.0001
0.272339
0.006996
0.021628
0.001039
0.05023
0.027692
0.00389
0.174551
0.000579
0.001671
0.0824
0.048069
0.00662
0.05607
0.112874
0.00211
0.002735
0.003824
0.008022
0.00211
0.598767
0.238578
0.000672
0.001893
0.000222
0.010372
0.000222
0.091006
0.00664
0.020277
0.00664
0.0045
0.128511
0.0045
0.146576
0.002354
0.004515
0.008085
0.000491
0.03022
0.008085
0.000782
0.004939
0.002931
0.05921
0.004928
0.004928
0.743329
0.021935
0.023172
0.023172
0.018828
0.013844
0.160016
0.001154
0.001154
0.107945
0.002358
0.042615
0.004462
0.02183
0.081642
0.02183
0.02183
0.000107
0.000116
0.003165
0.000307
0.003193
0.000137
0.000739
0.032501
0.032501
0.031795
0.000892
0.006199
0.001962
0.030522
0.000892
0.002132
0.004924
0.008384
0.008384
0.003682
0.001577
0.001469
0.001577
0.001577
0.001218
0.000456
0.366189
0.01115
0.00058
0.004076
0.00012
0.00012
0.00012
0.00012
0.39023
0.001129
0.012993
0.000806
0.00012
0.000608
0.00012
0.010294
0.010294
0.010294
0.010294
0.010294
0.010294
0.010294
0.010294
0.010294
0.010294
0.010294
0.010294
0.010294
0.010294
0.010294
0.221727
0.010294
0.004516
0.004516
0.004516
0.004516
0.004516
0.004516
0.004516
0.004516
0.004516
0.004516
0.004516
0.004516
0.004516
0.004516
0.004516
0.004516
0.004516
0.001806
0.023209
0.002671
0.004223
0.041903
0.041093
0.083947
0.082819
0.02111
0.02111
0.039626
0.000742
0.12133
0.007729
0.00615
0.018404
0.008638
0.008638
0.018404
0.001574
0.000998
0.00851
0.251874
0.001139
0.000628
0.002681
0.000297
0.000152
0.001449
0.000297
0.029074
0.012518
0.001533
0.000779
0.009179
0.003689
0.000779
0.019877
0.009179
0.002258
0.006358
0.600168
0.000661
0.008904
0.005015
0.344519
0.032173
0.098623
0.098623
0.014321
0.0573
0.021408
0.001848
0.004377
0.000336
0.001717
0.009188
0.009188
0.027335
0.967827
0.001211
0.000889
0.001103
0.049867
0.002267
0.006904
0.000827
0.008587
0.008348
0.005434
0.179613
0.056198
0.000387
0.001103
0.000171
0.016877
0.00647
0.013496
0.020036
0.922017
0.005733
0.019076
0.001603
0.0149
0.004943
0.006677
0.006677
0.059892
0.343872
0.059892
0.005715
0.130447
0.007314
0.001935
0.03643
0.01691
0.00061
0.015176
0.015176
0.000548
0.002931
0.002931
0.010011
0.002065
0.343885
0.05989
0.05989
0.000403
0.021037
0.004914
0.010723
0.031258
0.105497
0.016799
0.016799
0.951002
0.07498
0.004415
0.010672
0.010672
0.004415
0.000536
0.015032
0.008601
0.000757
0.000757
0.008601
0.160936
0.160936
0.082358
0.007443
0.007443
0.088902
0.004639
0.059892
0.343872
0.059892
0.026343
0.11445
0.026343
0.019648
0.162582
0.000204
0.019648
0.031376
0.022496
0.022496
0.004422
0.008925
0.00342
0.017177
0.001009
0.002828
0.145257
0.004852
0.004951
0.017488
0.000534
0.000101
0.000402
0.001014
0.019291
0.000684
0.000402
0.003615
0.000101
0.000316
0.000274
0.006376
0.160936
0.160936
0.001285
0.000206
0.06889
0.016156
0.016634
0.037081
0.037081
0.160936
0.160936
0.001311
0.733991
0.003523
0.017062
0.003523
0.098316
0.000843
0.655164
0.982499
0.001995
0.181499
0.051179
0.000101
0.019648
0.11555
0.11555
0.343872
0.059892
0.059892
0.004035
0.001766
0.019847
0.000612
0.000352
0.004035
0.004541
0.002675
0.001305
0.001738
0.001738
0.015475
0.016039
0.002812
0.008248
0.236125
0.057649
0.005765
0.005765
0.018626
0.018626
0.003999
0.008657
0.003613
0.160936
0.160936
0.009308
0.02646
0.356841
0.004899
0.026594
0.227028
0.004899
0.176233
0.000359
0.000137
0.000102
0.0001
0.000448
0.0001
0.0001
0.015108
0.015108
0.015108
0.05703
0.007578
0.047866
0.043411
0.05958
0.002896
0.05112
0.002463
0.002463
0.002463
0.00013
0.00013
0.0018
0.0018
0.000231
0.000231
0.030341
0.327513
0.015104
0.001598
0.001598
0.001128
0.001598
0.000105
0.000847
0.000101
0.000155
0.000524
0.000206
0.000101
0.081433
0.001153
0.004442
0.000595
0.009235
0.036834
0.028186
0.000274
0.000598
0.000184
0.000302
0.010164
0.000101
0.0001
0.045727
0.000465
0.000179
0.000465
0.006993
0.00015
0.009154
0.133439
0.001303
0.007337
0.007337
0.038688
0.007337
0.002337
0.002337
0.160936
0.160936
0.077518
0.015642
0.003445
0.0038
0.000738
0.001673
0.101668
0.003185
0.084827
0.001639
0.001639
0.000734
0.000156
0.042221
0.01306
0.132396
0.006525
0.007153
0.000203
0.008343
0.411508
0.000114
0.042371
0.000117
0.006124
0.006124
0.096777
0.002175
0.004762
0.004762
0.009675
0.011939
0.006461
0.000767
0.006461
0.032804
0.033801
0.177359
0.028085
0.108859
0.130548
0.020843
0.016005
0.019788
0.006712
0.628152
0.006712
0.006712
0.002933
0.002933
0.007531
0.00013
0.00035
0.000248
0.000125
0.02203
0.15355
0.004788
0.024188
0.00056
0.04684
0.179431
0.00058
0.00058
0.001271
0.00058
0.00058
0.057598
0.004682
0.000461
0.004682
0.000461
0.005802
0.000126
0.001522
0.000809
0.001399
0.000809
0.000301
0.001399
0.001911
0.006016
0.00851
0.005073
0.006016
0.000254
0.013006
0.008472
0.004726
0.091642
0.022692
0.031393
0.009768
0.007562
0.015253
0.003904
0.021532
0.021532
0.021532
0.007762
0.032112
0.010101
0.000405
0.000154
0.005757
0.000259
0.084718
0.003579
0.030898
0.006789
0.008212
0.000617
0.000233
0.000233
0.000233
0.000233
0.006691
0.000481
0.05906
0.013508
0.008165
0.031438
0.005992
0.357287
0.005992
0.005578
0.00197
0.014468
0.005578
0.03038
0.000489
0.00051
0.057846
0.116228
0.024267
0.237231
0.314667
0.006146
0.029544
0.001139
0.017481
0.001291
0.019046
0.000115
0.070012
0.001595
0.007711
0.237724
0.002415
0.000242
0.000345
0.000345
0.001424
0.001424
0.014164
0.032504
0.000681
0.000263
0.000263
0.000263
0.002606
0.000161
0.000159
0.00401
0.00401
0.013091
0.00401
0.024465
0.068502
0.000912
0.01202
0.00961
0.377848
0.092078
0.092078
0.063907
0.092078
0.063907
0.166655
0.053015
0.053015
0.028402
0.053015
0.007788
0.000397
0.011384
0.002514
0.000115
0.000296
0.002278
0.004661
0.0001
0.000141
0.036178
0.004661
0.000175
0.00574
0.000153
0.000187
0.0001
0.000351
0.283517
0.00713
0.043124
0.001265
0.001265
0.002195
0.015712
0.015712
0.02611
0.012696
0.016743
0.101025
0.010155
0.023495
0.312021
0.005084
0.01885
0.650879
0.011901
0.001508
0.133371
0.005078
0.03772
0.03772
0.03772
0.098296
0.078791
0.04125
0.10124
0.150917
0.000426
0.024058
0.000426
0.000765
0.000765
0.004803
0.014001
0.003424
0.011886
0.062408
0.03245
0.037196
0.001155
0.005228
0.007711
0.032564
0.347067
0.007624
0.002412
0.001956
0.011441
0.187251
0.428903
0.004699
0.021836
0.021836
0.000154
0.004639
0.002095
0.000181
0.002095
0.000187
0.00056
0.000431
0.000431
0.000431
0.000101
0.000101
0.002095
0.002095
0.002095
0.000101
0.000181
0.037647
0.000187
0.000101
0.002095
0.01027
0.000181
0.005711
0.000644
0.387396
0.00257
0.01299
0.012625
0.01299
0.049329
0.010505
0.564217
0.00542
0.32093
0.148193
0.148193
0.148193
0.000198
0.000866
0.000866
0.000566
0.232671
0.059374
0.232671
0.059374
0.32244
0.025532
0.32244
0.241091
0.010445
0.045367
0.045367
0.000233
0.000124
0.160936
0.160936
0.009793
0.011078
0.00113
0.011078
0.00113
0.000337
0.000326
0.03724
0.001177
0.027431
0.000859
0.008332
0.001177
0.000769
0.018762
0.003768
0.00053
0.000216
0.030366
0.004358
0.011137
0.00063
0.00063
0.002251
0.002251
0.003078
0.0001
0.000546
0.004653
0.000546
0.000546
0.000546
0.039103
0.108834
0.018996
0.21083
0.023844
0.023844
0.010354
0.004677
0.002477
0.087702
0.179179
0.013949
0.045468
0.160936
0.160936
0.101008
0.028901
0.000478
0.012242
0.117187
0.107029
0.01348
0.010931
0.176501
0.032019
0.032019
0.010931
0.017127
0.017127
0.091962
0.091962
0.091962
0.445194
0.091962
0.00962
0.00962
0.004801
0.000915
0.012784
0.012784
0.001834
0.012784
0.026151
0.012784
0.012784
0.012784
0.012784
0.012784
0.001189
0.012784
0.001189
0.012784
0.012784
0.012784
0.012784
0.148193
0.148193
0.148193
0.011263
0.011263
0.00307
0.025907
0.103076
0.000459
0.038361
0.010448
0.003923
0.009562
0.003615
0.160936
0.160936
0.036401
0.036401
0.015306
0.036401
0.036401
0.002517
0.000286
0.026165
0.014228
0.000286
0.002517
0.00196
0.047701
0.003292
0.001239
0.003696
0.075528
0.075528
0.393475
0.075528
0.075528
0.014599
0.014599
0.71172
0.00606
0.044
0.044
0.073919
0.00606
0.160936
0.160936
0.016221
0.160936
0.160936
0.344506
0.098624
0.032173
0.098624
0.000276
0.000276
0.00384
0.000276
0.01867
0.02615
0.036444
0.002585
0.000915
0.000272
0.002585
0.000915
0.047168
0.00033
0.043984
0.019962
0.05153
0.05153
0.05153
0.011484
0.000721
0.530226
0.05044
0.083749
0.021702
0.083749
0.0453
0.013096
0.070177
0.160936
0.160936
0.148193
0.148193
0.148193
0.002486
0.551982
0.002486
0.002486
0.354468
0.003335
0.025712
0.025712
0.003673
0.122064
0.025712
0.027666
0.07296
0.158254
0.26807
0.317839
0.061228
0.070768
0.01182
0.003796
0.001028
0.000541
0.004727
0.003169
0.000541
0.011277
0.003169
0.004727
0.009917
0.000117
0.005133
0.229617
0.000181
0.000118
0.000437
0.000107
0.000437
0.080287
0.000159
0.003034
0.000159
0.000382
0.000884
0.004036
0.001283
0.003022
0.010268
0.644899
0.133885
0.040051
0.040051
0.011282
0.012978
0.059892
0.343872
0.059892
0.160936
0.160936
0.00515
0.742005
0.17748
0.08791
0.001227
0.051703
0.018537
0.051703
0.001227
0.174213
0.051703
0.051703
0.160936
0.160936
0.160936
0.160936
0.000104
0.000753
0.004685
0.000104
0.02365
0.161982
0.000753
0.000104
0.000452
0.004685
0.006275
0.003937
0.003465
0.010796
0.038459
0.001793
0.020561
0.020561
0.029012
0.07553
0.07553
0.393448
0.07553
0.07553
0.160936
0.160936
0.011273
0.011273
0.005466
0.012909
0.000678
0.033727
0.014837
0.014837
0.007489
0.000219
0.001817
0.039173
0.014837
0.007489
0.000577
0.000577
0.00128
0.003688
0.03247
0.000779
0.00128
0.001051
0.000233
0.020593
0.000125
0.000125
0.000725
0.000125
0.002582
0.000125
0.040889
0.016503
0.029347
0.007487
0.0055
0.007487
0.020516
0.0055
0.000229
0.000829
0.000229
0.036227
0.002267
0.002793
0.00011
0.00011
0.000776
0.001111
0.001046
0.000134
0.000189
0.00044
0.006158
0.000812
0.001804
0.000146
0.000104
0.0105
0.00011
0.00011
0.00011
0.000641
0.00011
0.00011
0.00011
0.073549
0.000782
0.002023
0.004907
0.00048
0.000102
0.000626
0.000288
0.000102
0.000139
0.000626
0.012931
0.094214
0.047108
0.003286
0.189785
0.020311
0.020311
0.003286
0.0001
0.000386
0.000187
0.009011
0.009011
0.00503
0.000498
0.000522
0.658896
0.023166
0.000143
0.000171
0.295379
0.005544
0.000118
0.033318
0.033318
0.000177
0.013471
0.160936
0.160936
0.020097
0.11172
0.000321
0.136296
0.136296
0.136296
0.136296
0.000898
0.001443
0.051117
0.051117
0.031956
0.042662
0.004254
0.000119
0.160936
0.160936
0.030995
0.026056
0.026056
0.01053
0.026056
0.026056
0.01053
0.017016
0.017016
0.000361
0.017016
0.017016
0.006183
0.034892
0.167918
0.022131
0.022131
0.003787
0.004471
0.231812
0.121605
0.078836
0.044687
0.044687
0.012384
0.037537
0.002326
0.034069
0.001174
0.005162
0.011736
0.011736
0.064686
0.016473
0.016473
0.148193
0.148193
0.148193
0.013064
0.013064
0.002315
0.013064
0.013064
0.002315
0.013064
0.013064
0.03223
0.010339
0.002867
0.007374
0.018917
0.139657
0.032077
0.061612
0.094923
0.007549
0.006429
0.008895
0.033531
0.015141
0.011622
0.128281
0.0175
0.003873
0.0006
0.073416
0.0006
0.033505
0.033505
0.033814
0.033814
0.012297
0.788657
0.001616
0.000218
0.006286
0.006286
0.017652
0.0001
0.002905
0.008721
0.000443
0.004119
0.073972
0.000119
0.004119
0.0001
0.004119
0.000212
0.000872
0.000117
0.060246
0.004119
0.160936
0.160936
0.160936
0.160936
0.000283
0.000283
0.037935
0.012237
0.086422
0.05989
0.343885
0.05989
0.003262
0.001669
0.000647
0.003262
0.00062
0.004347
0.002342
0.001381
0.00237
0.00397
0.000121
0.048146
0.0001
0.000669
0.005443
0.001337
0.005443
0.090718
0.003228
0.009654
0.000249
0.014501
0.001776
0.002171
0.000244
0.203028
0.000346
0.028337
0.00176
0.000229
0.139427
0.000411
0.000589
0.00552
0.00552
0.117861
0.000411
0.008506
0.008506
0.002196
0.014741
0.014741
0.002196
0.000696
0.000236
0.000343
0.034128
0.04242
0.04242
0.041706
0.002157
0.017793
0.037408
0.000117
0.001189
0.000965
0.000193
0.000965
0.000117
0.027617
0.027617
0.006871
0.006871
0.038348
0.001282
0.07212
0.001391
0.054532
0.001512
0.008671
0.029461
0.118687
0.003301
0.000643
0.014055
0.002468
0.000405
0.099535
0.544153
0.068118
0.099535
0.01068
0.09956
0.006334
0.007372
0.012829
0.014488
0.020125
0.160936
0.160936
0.004039
0.080014
0.020815
0.026397
0.026397
0.089916
0.026397
0.020815
0.020815
0.000505
0.0654
0.050151
0.177603
0.038535
0.038535
0.111308
0.024008
0.206767
0.105381
0.072511
0.035402
0.000149
0.880881
0.043739
0.001406
0.020011
0.020011
0.001406
0.043739
0.001406
0.043739
0.001521
0.000426
0.006294
0.006294
0.000474
0.001431
0.001324
0.02348
0.012508
0.000368
0.003758
0.000368
0.030891
0.000368
0.016875
0.020945
0.002641
0.006753
0.006753
0.042134
0.042134
0.019092
0.065349
0.065349
0.571716
0.013553
0.013553
0.000118
0.00053
0.0001
0.000237
0.000191
0.000237
0.008263
0.008263
0.01013
0.01013
0.01013
0.22674
0.525198
0.00253
0.003461
0.007145
0.003402
0.003402
0.000103
0.001421
0.012991
0.000256
0.001197
0.001879
0.000123
0.000989
0.003359
0.000123
0.000989
0.014497
0.010085
0.010085
0.000123
0.010085
0.010085
0.017184
0.017184
0.054456
0.001092
0.004995
0.004995
0.000132
0.005513
0.005513
0.005513
0.005513
0.000197
0.003389
0.003389
0.074824
0.000197
0.006543
0.006543
0.003892
0.016117
0.000855
0.001423
0.000855
0.000399
0.000235
0.002965
0.003185
0.000847
0.030403
0.148193
0.148193
0.148193
0.007126
0.003283
0.008294
0.021701
0.002464
0.032627
0.011061
0.011061
0.003795
0.003795
0.09723
0.017953
0.148193
0.148193
0.148193
0.006687
0.140068
0.022278
0.004426
0.028741
0.160936
0.160936
0.011245
0.259325
0.00022
0.00022
0.002608
0.022863
0.000961
0.00193
0.00193
0.008891
0.068118
0.032316
0.049695
0.018081
0.037145
0.011785
0.000126
0.017889
0.017889
0.008255
0.00429
0.010015
0.010015
0.002299
0.026191
0.000315
0.000315
0.010437
0.000612
0.000612
0.000612
0.001536
0.004564
0.000634
0.001536
0.001536
0.129779
0.007339
0.005996
0.005996
0.00948
0.042663
0.031117
0.00185
0.004339
0.009451
0.011485
0.011485
0.000747
0.011485
0.000747
0.00098
0.011485
0.002117
0.002117
0.011908
0.002744
0.002744
0.001587
0.000102
0.002744
0.002744
0.002744
0.001587
0.002744
0.537446
0.025457
0.025457
0.025457
0.030402
0.125215
0.125215
0.125215
0.125215
0.125215
0.039405
0.072179
0.02034
0.03702
0.018472
0.005611
0.001232
0.005611
0.005611
0.001142
0.011738
0.011738
0.013838
0.013838
0.001472
0.006464
0.028915
0.003683
0.015644
0.005294
0.005294
0.00385
0.00385
0.001707
0.001707
0.13791
0.000454
0.006577
0.001878
0.055906
0.013227
0.023679
0.011444
0.013227
0.009733
0.018291
0.024861
0.024861
0.034264
0.003428
0.003428
0.098624
0.098624
0.344506
0.032173
0.237877
0.08819
0.065637
0.003035
0.005995
0.005336
0.005336
0.023111
0.023111
0.020299
0.004887
0.004887
0.007606
0.02905
0.032173
0.344506
0.098624
0.098624
0.018651
0.01293
0.01293
0.003525
0.021066
0.021066
0.003525
0.01435
0.01435
0.026092
0.026092
0.026092
0.000317
0.001588
0.004477
0.000198
0.001169
0.000606
0.001588
0.001708
0.000273
0.193059
0.086593
0.013394
0.00698
0.00281
0.000154
0.000138
0.0001
0.000157
0.000138
0.0001
0.0001
0.172289
0.008426
0.027161
0.010055
0.029958
0.010055
0.000896
0.002822
0.000101
0.004443
0.000102
0.001392
0.000403
0.0001
0.000338
0.000148
0.000105
0.000403
0.163321
0.000102
0.00225
0.000355
0.000158
0.05818
0.248473
0.108276
0.302832
0.040566
0.001567
0.00142
0.002524
0.034422
0.00142
0.001533
0.000264
0.012333
0.148193
0.148193
0.148193
0.148193
0.148193
0.148193
0.019959
0.098624
0.098624
0.344506
0.032173
0.133625
0.008604
0.011688
0.177922
0.011688
0.095613
0.020491
0.042025
0.00169
0.350476
0.094512
0.001675
0.015246
0.000754
0.015246
0.015246
0.00173
0.025335
0.07572
0.019498
0.021349
0.078
0.039129
0.017315
0.017315
0.017315
0.017315
0.005018
0.009565
0.074067
0.009565
0.009565
0.009565
0.009565
0.009565
0.009565
0.009565
0.009565
0.009565
0.009565
0.009565
0.002338
0.000116
0.000116
0.05989
0.343885
0.05989
0.00563
0.00563
0.00563
0.000827
0.026731
0.026731
0.031715
0.002755
0.002755
0.000429
0.002053
0.002053
0.000101
0.002755
0.000857
0.001283
0.000429
0.001283
0.002053
0.000857
0.023634
0.037827
0.167024
0.018856
0.00791
0.003827
0.01164
0.01164
0.134039
0.01164
0.000165
0.01164
0.01164
0.01164
0.01995
0.01164
0.01164
0.01164
0.01995
0.02873
0.006821
0.179382
0.00858
0.030526
0.00858
0.005296
0.017244
0.017244
0.017244
0.001658
0.412379
0.001658
0.011963
0.011963
0.011963
0.011963
0.007115
0.001258
0.000386
0.015816
0.015816
0.072217
0.259312
0.035244
0.005038
0.432043
0.002911
0.001779
0.013482
0.084881
0.032072
0.026512
0.026512
0.003845
0.003845
0.000304
0.000304
0.021634
0.000304
0.160936
0.160936
0.011545
0.004668
0.011545
0.011545
0.004668
0.013081
0.011545
0.013081
0.004668
0.004668
0.003033
0.013081
0.013081
0.044098
0.006785
0.006785
0.003586
0.003586
0.160936
0.160936
0.105707
0.024558
0.024558
0.002404
0.024558
0.03343
0.018064
0.002344
0.002344
0.030463
0.030463
0.030463
0.047433
0.047433
0.047433
0.30407
0.044402
0.146626
0.07647
0.013781
0.07647
0.146626
0.571744
0.065347
0.013553
0.013553
0.065347
0.019332
0.405634
0.164719
0.051758
0.051758
0.009321
0.148193
0.148193
0.148193
0.050713
0.050713
0.050713
0.004253
0.002721
0.083951
0.0001
0.0001
0.0001
0.014253
0.000124
0.000117
0.000228
0.000228
0.001946
0.000236
0.018034
0.000235
0.004511
0.002184
0.014274
0.001151
0.010692
0.010692
0.00231
0.000907
0.000724
0.060681
0.028222
0.111023
0.00671
0.00671
0.00671
0.003219
0.00671
0.00671
0.00671
0.004477
0.00671
0.00671
0.00671
0.00671
0.000252
0.00671
0.004477
0.010727
0.00671
0.00671
0.000425
0.004477
0.004477
0.003219
0.00671
0.011407
0.011407
0.004949
0.024119
0.024119
0.003455
0.003455
0.343872
0.059892
0.059892
0.016236
0.026118
0.020459
0.120718
0.000759
0.001652
0.003638
0.003638
0.025447
0.25847
0.148193
0.148193
0.148193
0.241227
0.007659
0.057908
0.000344
0.042872
0.005246
0.042872
0.042872
0.000122
0.02139
0.002743
0.000393
0.002743
0.012628
0.003627
0.002743
0.009557
0.009557
0.009557
0.009557
0.009557
0.009557
0.009557
0.009557
0.009557
0.009557
0.009557
0.009557
0.009557
0.009557
0.009557
0.009557
0.009557
0.009557
0.009557
0.009557
0.009557
0.009557
0.009557
0.035499
0.035499
0.035499
0.009341
0.013826
0.013826
0.013826
0.002054
0.160936
0.160936
0.000223
0.000223
0.160936
0.160936
0.571716
0.013553
0.065349
0.013553
0.065349
0.000101
0.05386
0.141026
0.05386
0.58558
0.020925
0.027742
0.09886
0.027742
0.343872
0.059892
0.059892
0.039823
0.039823
0.039823
0.000749
0.004876
0.000749
0.030398
0.030398
0.004299
0.029279
0.014363
0.014363
0.014363
0.0001
0.00162
0.00162
0.00162
0.00162
0.001051
0.001051
0.000107
0.145465
0.087101
0.087101
0.087101
0.145465
0.031537
0.145465
0.087101
0.344531
0.098622
0.098622
0.032172
0.160936
0.160936
0.015896
0.019638
0.014651
0.388174
0.004942
0.00381
0.004138
0.044809
0.044282
0.004138
0.004942
0.016993
0.016993
0.004647
0.016993
0.148193
0.148193
0.148193
0.059892
0.343872
0.059892
0.007878
0.000128
0.000277
0.000486
0.028787
0.017834
0.160936
0.160936
0.028257
0.014051
0.014051
0.01051
0.032647
0.011764
0.07563
0.003373
0.002272
0.001335
0.002591
0.019288
0.001826
0.03207
0.03207
0.03207
0.03207
0.148193
0.148193
0.148193
0.018595
0.002165
0.008122
0.036478
0.036478
0.12342
0.029274
0.004178
0.004178
0.148193
0.148193
0.148193
0.01486
0.01486
0.003253
0.001014
0.00697
0.537474
0.025455
0.025455
0.025455
0.272727
0.005863
0.030266
0.023002
0.170444
0.030266
0.013553
0.571716
0.065349
0.065349
0.013553
0.07553
0.07553
0.393448
0.07553
0.07553
0.005795
0.001343
0.006764
0.003721
0.003721
0.00328
0.001361
0.00328
0.011207
0.011207
0.160936
0.160936
0.148193
0.148193
0.148193
0.012339
0.007336
0.012339
0.024357
0.024357
0.024357
0.115922
0.024357
0.104932
0.014493
0.104932
0.014493
0.014493
0.003482
0.003817
0.00035
0.000147
0.005381
0.160936
0.160936
0.160936
0.160936
0.003024
0.003024
0.003024
0.003024
0.003024
0.003024
0.003024
0.007954
0.003024
0.003024
0.003024
0.003024
0.003024
0.003024
0.003024
0.003024
0.003024
0.003024
0.003024
0.011601
0.003024
0.003024
0.003024
0.003024
0.003024
0.003024
0.003024
0.003024
0.003024
0.003024
0.003024
0.003024
0.003024
0.003024
0.148193
0.148193
0.148193
0.044463
0.044463
0.044463
0.148193
0.148193
0.148193
0.343872
0.059892
0.059892
0.005104
0.002801
0.008646
0.014879
0.171753
0.011512
0.043806
0.013597
0.160936
0.160936
0.02469
0.296326
0.109021
0.109021
0.109021
0.019801
0.343872
0.059892
0.059892
0.092274
0.018234
0.01817
0.145574
0.105768
0.030014
0.160936
0.160936
0.101154
0.000282
0.000412
0.000409
0.000409
0.000313
0.004979
0.004979
0.004979
0.004979
0.014946
0.037748
0.037748
0.01692
0.274766
0.160936
0.160936
0.020893
0.160936
0.160936
0.039778
0.000317
0.000317
0.148193
0.148193
0.148193
0.160936
0.160936
0.034529
0.130078
0.624509
0.034529
0.008405
0.008405
0.032981
0.000249
0.000249
0.059892
0.343872
0.059892
0.006001
0.003846
0.082568
0.027592
0.027592
0.027592
0.148193
0.148193
0.148193
0.004017
0.161109
0.042016
0.042016
0.014215
0.042016
0.479444
0.012135
0.033375
0.014771
0.049159
0.009031
0.014771
0.014771
0.014892
0.056991
0.007707
0.012135
0.03287
0.03287
0.00285
0.009447
0.011809
0.008166
0.027555
0.026539
0.026539
0.160936
0.160936
0.000136
0.001857
0.001857
0.160936
0.160936
0.006905
0.015672
0.015672
0.002408
0.010093
0.148193
0.148193
0.148193
0.060111
0.010973
0.019602
0.003632
0.019602
0.019602
0.005106
0.008335
0.129834
0.050938
0.175932
0.359275
0.018853
0.039209
0.003649
0.013303
0.013303
0.12736
0.016432
0.03948
0.054061
0.11026
0.160936
0.160936
0.033351
0.008346
0.033351
0.028879
0.028879
0.000402
0.004335
0.000402
0.046957
0.046957
0.046957
0.160936
0.160936
0.343872
0.059892
0.059892
0.017361
0.017361
0.017361
0.160936
0.160936
0.051738
0.02416
0.000472
0.253815
0.084039
0.305608
0.033892
0.084039
0.343872
0.059892
0.059892
0.012198
0.032183
0.127706
0.000717
0.192329
0.006839
0.000717
0.004566
0.026296
0.343872
0.059892
0.059892
0.005726
0.034045
0.009361
0.022865
0.00128
0.160936
0.160936
0.160936
0.160936
0.032173
0.344506
0.098624
0.098624
0.022942
0.022942
0.022942
0.191436
0.019121
0.019121
0.050683
0.007125
0.01192
0.01192
0.093024
0.023314
0.002024
0.002024
0.033273
0.160936
0.160936
0.057404
0.030417
0.0184
0.148193
0.148193
0.148193
0.160936
0.160936
0.160936
0.160936
0.007318
0.007318
0.002034
0.100004
0.100004
0.015799
0.065348
0.015799
0.011613
0.000846
0.000877
0.160936
0.160936
0.002614
0.002472
0.002472
0.020721
0.148193
0.148193
0.148193
0.160936
0.160936
0.016813
0.435361
0.016813
0.301435
0.033413
0.148193
0.148193
0.148193
0.076021
0.029714
0.008659
0.007922
0.018635
0.008701
0.034422
0.034422
0.060582
0.160936
0.160936
0.160936
0.160936
0.010067
0.010067
0.000998
0.000998
0.160936
0.160936
0.129899
0.045995
0.045995
0.006086
0.160936
0.160936
0.148193
0.148193
0.148193
0.031937
0.031937
0.031937
0.031937
0.031937
0.031937
0.000105
0.161875
0.020655
0.020655
0.014691
0.020655
0.020655
0.014691
0.039417
0.008682
0.007016
0.001809
0.05989
0.343885
0.05989
0.090506
0.020339
0.014807
0.014807
0.020232
0.028426
0.035363
0.035363
0.017564
0.078607
0.01212
0.022406
0.01212
0.022406
0.160936
0.160936
0.011278
0.160936
0.160936
0.181838
0.003384
0.030238
0.0205
0.0205
0.004092
0.004092
0.011489
0.00156
0.09788
0.01376
0.01376
0.160936
0.160936
0.148193
0.148193
0.148193
0.160936
0.160936
0.053517
0.053517
0.019101
0.044911
0.033123
0.000271
0.000203
0.000203
0.000203
0.000271
0.005863
0.000101
0.000101
0.009271
0.009271
0.009271
0.005877
0.132481
0.009261
0.012404
0.035914
0.004614
0.033412
0.160936
0.160936
0.000796
0.000796
0.000796
0.035687
0.035687
0.196931
0.009151
0.000925
0.000925
0.000925
0.005636
0.021702
0.160936
0.160936
0.016118
0.001808
0.002264
0.001808
0.03021
0.343872
0.059892
0.059892
0.160936
0.160936
0.020696
0.160936
0.160936
0.005052
0.003477
0.008882
0.160936
0.160936
0.148193
0.148193
0.148193
0.148193
0.148193
0.148193
0.059892
0.343872
0.059892
0.098623
0.098623
0.344519
0.032173
0.03085
0.160936
0.160936
0.011616
0.160936
0.160936
0.018342
0.030557
0.030557
0.018342
0.030557
0.042158
0.042158
0.020205
0.025457
0.537446
0.025457
0.025457
0.160936
0.160936
0.424269
0.028494
0.028494
0.007231
0.003213
0.059892
0.343872
0.059892
0.148193
0.148193
0.148193
0.0109
0.036062
0.294463
0.007568
0.033196
0.033196
0.148193
0.148193
0.148193
0.018334
0.018334
0.018334
0.018334
0.018334
0.018334
0.018334
0.018334
0.018334
0.018334
0.018334
0.018334
0.018334
0.018334
0.018334
0.160936
0.160936
0.000402
0.012746
0.001602
0.012746
0.136296
0.136296
0.136296
0.136296
0.010445
0.537418
0.025458
0.025458
0.025458
0.136296
0.136296
0.136296
0.136296
0.028913
0.148193
0.148193
0.148193
0.003844
0.160936
0.160936
0.008126
0.00233
0.344519
0.098623
0.098623
0.032173
0.148193
0.148193
0.148193
0.160936
0.160936
0.005876
0.014003
0.014003
0.160936
0.160936
0.160936
0.160936
0.000643
0.001629
0.003642
0.033297
0.033297
0.033297
0.014716
0.31476
0.094213
0.094213
0.051201
0.094213
0.094213
0.094213
0.051201
0.082837
0.082837
0.341833
0.082837
0.017931
0.017931
0.022386
0.022386
0.022386
0.022386
0.022386
0.160936
0.160936
0.015558
0.160936
0.160936
0.014105
0.016613
0.537418
0.025458
0.025458
0.025458
0.018983
0.499429
0.005179
0.153712
0.04821
0.153712
0.04821
0.005179
0.04821
0.04821
0.160936
0.160936
0.05989
0.343885
0.05989
0.031376
0.343872
0.059892
0.059892
0.059892
0.343872
0.059892
0.160936
0.160936
0.018834
0.00976
0.003478
0.05869
0.125656
0.098623
0.344519
0.098623
0.032173
0.003052
0.148193
0.148193
0.148193
0.160936
0.160936
0.006449
0.002912
0.002912
0.018546
0.003123
0.343872
0.059892
0.059892
0.148193
0.148193
0.148193
0.160936
0.160936
0.163583
0.034823
0.034823
0.160936
0.160936
0.06811
0.142956
0.142956
0.056933
0.053515
0.160936
0.160936
0.160936
0.160936
0.025135
0.025135
0.004857
0.160936
0.160936
0.160936
0.160936
0.160936
0.160936
0.01805
0.018377
0.148193
0.148193
0.148193
0.020971
0.059892
0.343872
0.059892
0.277237
0.051475
0.026249
0.324991
0.036663
0.139142
0.015772
0.201013
0.066122
0.066122
0.030049
0.160936
0.160936
0.006874
0.58759
0.072583
0.043993
0.072583
0.043993
0.072583
0.059092
0.030545
0.160936
0.160936
0.160936
0.160936
0.018089
0.018089
0.018089
0.008107
0.008107
0.008411
0.008411
0.027614
0.027614
0.025903
0.160936
0.160936
0.160936
0.160936
0.343872
0.059892
0.059892
0.093513
0.093513
0.093513
0.013989
0.013989
0.106708
0.217273
0.289045
0.106708
0.074495
0.074495
0.01282
0.343872
0.059892
0.059892
0.343872
0.059892
0.059892
0.019966
0.037706
0.037706
0.160936
0.160936
0.027054
0.027054
0.005321
0.160936
0.160936
0.125215
0.125215
0.125215
0.125215
0.125215
0.018499
0.148193
0.148193
0.148193
0.136296
0.136296
0.136296
0.136296
0.160936
0.160936
0.019235
0.005652
0.006388
0.148193
0.148193
0.148193
0.343885
0.05989
0.05989
0.344506
0.032173
0.098624
0.098624
0.009661
0.160936
0.160936
0.000121
0.000183
0.023223
0.148193
0.148193
0.148193
0.01677
0.015339
0.109022
0.109022
0.296314
0.109022
0.02469
0.062087
0.160936
0.160936
0.148193
0.148193
0.148193
0.160936
0.160936
0.057004
0.125215
0.125215
0.125215
0.125215
0.125215
0.343872
0.059892
0.059892
0.005805
0.025931
0.025931
0.005805
0.005805
0.025931
0.025931
0.005805
0.005805
0.025931
0.008465
0.008465
0.008465
0.008465
0.008465
0.125215
0.125215
0.125215
0.125215
0.125215
0.032171
0.344544
0.098621
0.098621
0.012884
0.012884
0.160936
0.160936
0.051361
0.051361
0.043043
0.160936
0.160936
0.160936
0.160936
0.160936
0.160936
0.108036
0.108036
0.257046
0.108036
0.108036
0.020276
0.031845
0.035108
0.035108
0.148193
0.148193
0.148193
0.109022
0.296314
0.109022
0.109022
0.02469
0.136296
0.136296
0.136296
0.136296
0.003116
0.021307
0.021307
0.080273
0.080273
0.148193
0.148193
0.148193
0.008449
0.148193
0.148193
0.148193
0.028504
0.028504
0.006866
0.007475
0.043286
0.757852
0.043286
0.005809
0.005809
0.005809
0.160936
0.160936
0.160936
0.160936
0.025479
0.025479
0.125215
0.125215
0.125215
0.125215
0.125215
0.160936
0.160936
0.160936
0.160936
0.257057
0.108035
0.108035
0.108035
0.108035
0.020276
0.029134
0.160936
0.160936
0.148193
0.148193
0.148193
0.160936
0.160936
0.343872
0.059892
0.059892
0.160936
0.160936
0.032173
0.344519
0.098623
0.098623
0.160936
0.160936
0.008969
0.008969
0.156323
0.055365
0.055365
0.160936
0.160936
0.009171
0.018087
0.021697
0.021697
0.021697
0.160936
0.160936
0.160936
0.160936
0.018752
0.160936
0.160936
0.160936
0.160936
0.160936
0.160936
0.160936
0.160936
0.005288
0.024132
0.029929
0.029929
0.205097
0.076827
0.076827
0.205097
0.148193
0.148193
0.148193
0.160936
0.160936
0.344506
0.098624
0.098624
0.032173
0.160936
0.160936
0.01152
0.024939
0.024939
0.024939
0.024939
0.024939
0.019926
0.024939
0.024939
0.160936
0.160936
0.160936
0.160936
0.148193
0.148193
0.148193
0.047556
0.047556
0.148193
0.148193
0.148193
0.160936
0.160936
0.160936
0.160936
0.148193
0.148193
0.148193
0.160936
0.160936
0.160936
0.160936
0.148193
0.148193
0.148193
0.004531
0.010487
0.022371
0.010487
0.160936
0.160936
0.148193
0.148193
0.148193
0.136296
0.136296
0.136296
0.136296
0.160936
0.160936
0.160936
0.160936
0.063907
0.377848
0.063907
0.092078
0.092078
0.092078
0.148193
0.148193
0.148193
0.160936
0.160936
0.160936
0.160936
0.037
0.037
0.014912
0.148193
0.148193
0.148193
0.034419
0.011606
0.160936
0.160936
0.160936
0.160936
0.018452
0.083457
0.033753
0.160936
0.160936
0.160936
0.160936
0.014721
0.032151
0.032151
0.160936
0.160936
0.148193
0.148193
0.148193
0.007872
0.136296
0.136296
0.136296
0.136296
0.160936
0.160936
0.160936
0.160936
0.160936
0.160936
0.160936
0.160936
0.006164
0.006164
0.006164
0.148193
0.148193
0.148193
0.160936
0.160936
0.011906
0.011906
0.160936
0.160936
0.160936
0.160936
0.160936
0.160936
0.160936
0.160936
0.174273
0.114915
0.114915
0.114915
0.114915
0.114915
0.114915
0.160936
0.160936
0.018334
0.160936
0.160936
0.160936
0.160936
0.160936
0.160936
0.160936
0.160936
0.033667
0.148193
0.148193
0.148193
0.160936
0.160936
0.015671
0.148193
0.148193
0.148193
0.160936
0.160936
0.105361
0.105361
0.105361
0.105361
0.105361
0.105361
0.105361
0.012742
0.160936
0.160936
0.148193
0.148193
0.148193
0.148193
0.148193
0.148193
0.343885
0.05989
0.05989
0.148193
0.148193
0.148193
0.148193
0.148193
0.148193
0.160936
0.160936
0.030256
0.148193
0.148193
0.148193
0.160936
0.160936
0.148193
0.148193
0.148193
0.160936
0.160936
0.160936
0.160936
0.160936
0.160936
0.148193
0.148193
0.148193
0.148193
0.148193
0.148193
0.160936
0.160936
0.017223
0.160936
0.160936
0.026117
0.160936
0.160936
0.148193
0.148193
0.148193
0.160936
0.160936
0.013269
0.160936
0.160936
0.160936
0.160936
0.160936
0.160936
0.537418
0.025458
0.025458
0.025458
0.160936
0.160936
0.160936
0.160936
0.160936
0.160936
0.160936
0.160936
0.114915
0.114915
0.114915
0.114915
0.114915
0.114915
0.160936
0.160936
0.160936
0.160936
0.160936
0.160936
0.160936
0.160936
0.160936
0.160936
0.160936
0.160936
0.148193
0.148193
0.148193
