0.047694
0.022436
0.040318
0.076136
0.029156
0.222799
0.042916
0.035929
0.166904
0.02258
0.059414
0.110425
0.036564
0.037089
0.017029
0.183693
0.017192
0.029086
0.089523
0.052164
0.030444
0.058687
0.055035
0.029814
0.026175
0.004268
0.098992
0.028319
0.041434
0.046688
0.013405
0.009498
0.076381
0.024678
0.04055
0.068148
0.034703
0.98709
0.29628
0.039839
0.012901
0.025068
0.0183
0.018461
0.132561
0.022704
0.038812
0.045016
0.02764
0.030626
0.020138
0.033069
0.017698
0.083814
0.031256
0.02343
0.041115
0.5788
0.019125
0.017966
0.026936
0.068618
0.072161
0.024626
0.067162
0.014468
0.102475
0.020662
0.090216
0.089211
0.0377
0.02459
0.029162
0.035578
0.022588
0.084002
0.01607
0.028075
0.032655
0.057344
0.029449
0.416787
0.010306
0.027069
0.01401
0.020237
0.034699
0.047121
0.036826
0.035931
0.140186
0.040789
0.179376
0.014984
0.009954
0.027562
0.056335
0.174339
0.086455
0.041395
0.135474
0.24082
0.021249
0.031577
0.035
0.033234
0.148942
0.035933
0.0134
0.027652
0.10332
0.028028
0.065161
0.142137
0.009722
0.025148
0.067727
0.03038
0.031312
0.04323
0.002954
0.023472
0.003514
0.08153
0.026363
0.17234
0.036902
0.032478
0.015783
0.039612
0.009425
0.009946
0.024765
0.033769
0.0001
0.028336
0.045992
0.12843
0.012923
0.021181
0.041918
0.019761
0.174339
0.039453
0.366527
0.048695
0.042631
0.044584
0.094333
0.051085
0.030004
0.090889
0.142399
0.034233
0.03549
0.019542
0.04749
0.030592
0.024793
0.051016
0.018741
0.009348
0.027181
0.030249
0.037017
0.026791
0.029887
0.028167
0.089363
0.035591
0.177724
0.026183
0.010948
0.139686
0.042127
0.1465
0.017362
0.056904
0.023933
0.010476
0.076844
0.051408
0.007206
0.034987
0.076806
0.026948
0.022135
0.141575
0.405061
0.030413
0.054813
0.031486
0.043008
0.014886
0.056508
0.038754
0.01545
0.014985
0.000488
0.087327
0.070674
0.000607
0.044352
0.053916
0.202786
0.02922
0.244308
0.136355
0.0001
0.044455
0.074814
0.069201
0.028961
0.046477
0.694328
0.022617
0.035553
0.010096
0.037782
0.024815
0.038571
0.037113
0.004536
0.021671
0.021808
0.042228
0.049122
0.15015
0.085075
0.008171
0.034083
0.185323
0.033364
0.04115
0.009227
0.035716
0.026897
0.12129
0.050987
0.237009
0.273906
0.02451
0.011677
0.024946
0.024312
0.035827
0.066666
0.032125
0.039164
0.734917
0.027554
0.031072
0.011762
0.007333
0.020966
0.100367
0.146694
0.132098
0.40947
0.147011
0.263249
0.025049
0.034408
0.029067
0.040268
0.018059
0.028342
0.043029
0.110262
0.126503
0.076409
0.038022
0.023552
0.433639
0.032735
0.071171
0.127938
0.074932
0.040756
0.038957
0.020493
0.025167
0.046762
0.053668
0.041572
0.039732
0.051831
0.007465
0.249842
0.041623
0.02351
0.020386
0.070313
0.055166
0.053571
0.07855
0.330129
0.024432
0.025603
0.040951
0.078678
0.035734
0.021329
0.001131
0.032351
0.025925
0.120325
0.026834
0.052871
0.016803
0.060463
0.041475
0.067944
0.041433
0.017849
0.037492
0.180026
0.025792
0.030474
0.023734
0.062454
0.036474
0.0263
0.035355
0.075189
0.107451
0.058287
0.021448
0.079325
0.065429
0.04817
0.001171
0.023004
0.024117
0.024654
0.04521
0.045644
0.014779
0.019274
0.049339
0.003852
0.013017
0.03544
0.058349
0.043562
0.036387
0.051862
0.043686
0.041624
0.020617
0.013686
0.018663
0.236311
0.030114
0.102056
0.032034
0.008776
0.024668
0.063298
0.003668
0.061948
0.035609
0.029299
0.059065
0.030149
0.065965
0.004362
0.150117
0.06328
0.034168
0.084827
0.043671
0.107285
0.027997
0.00896
0.029507
0.007019
0.058274
0.044899
0.027526
0.026664
0.083236
0.035673
0.033799
0.0986
0.644078
0.020686
0.034569
0.061449
0.026901
0.067302
0.046198
0.053426
0.00765
0.06613
0.041238
0.430463
0.018233
0.136747
0.111392
0.004771
0.060525
0.03791
0.055703
0.083106
0.092554
0.046598
0.092961
0.072794
0.097605
0.019186
0.429273
0.061464
0.087068
0.04243
0.017212
0.065187
0.115753
0.063294
0.037347
0.026621
0.032106
0.049734
0.02911
0.045519
0.052696
0.02107
0.030133
0.011947
0.015091
0.03157
0.02866
0.02576
0.042509
0.023351
0.207746
0.010083
0.004746
0.031494
0.024974
0.039515
0.048275
0.021289
0.037479
0.047288
0.033479
0.0001
0.030073
0.044238
0.043714
0.325002
0.007523
0.081291
0.014984
0.063551
0.02016
0.049372
0.168493
0.025123
0.039527
0.010869
0.073225
0.028204
0.033224
0.040145
0.034903
0.137659
0.045581
0.029621
0.234276
0.032912
0.025186
0.057421
0.067109
0.176356
0.10145
0.037265
0.032364
0.043986
0.086057
0.030534
0.023203
0.100877
0.020238
0.035268
0.068422
0.128751
0.12414
0.115727
0.035289
0.096792
0.077868
0.045883
0.017149
0.031793
0.136154
0.106211
0.025683
0.040316
0.026474
0.0001
0.007692
0.085188
0.019408
0.179472
0.039507
0.073183
0.014184
0.030377
0.077816
0.036603
0.032059
0.026216
0.058788
0.319507
0.735896
0.059503
0.051105
0.009154
0.033817
0.02681
0.012755
0.04544
0.028936
0.054196
0.06575
0.267095
0.031008
0.042218
0.039844
0.395828
0.030746
0.062397
0.030395
0.022979
0.052452
0.066866
0.03266
0.027993
0.05095
0.044312
0.048324
0.038799
0.048294
0.224743
0.021834
0.073043
0.015712
0.193346
0.024119
0.055966
0.033827
0.018388
0.027002
0.031982
0.055061
0.032066
0.175859
0.201262
0.02682
0.037137
0.026156
0.086115
0.036501
0.006279
0.027227
0.016509
0.070016
0.02994
0.042818
0.043819
0.024807
0.018317
0.09899
0.092251
0.062033
0.133119
0.037219
0.035316
0.019677
0.050125
0.337766
0.057962
0.016329
0.031071
0.026348
0.040178
0.01819
0.059971
0.044985
0.052934
0.026155
0.018969
0.083305
0.026604
0.352244
0.031922
0.059559
0.061102
0.073841
0.047938
0.04733
0.015537
0.084332
0.112928
0.032054
0.02223
0.028736
0.042146
0.151393
0.081664
0.021949
0.056132
0.01931
0.091686
0.052131
0.061823
0.018677
0.179392
0.010791
0.040858
0.151257
0.026368
0.15412
0.128033
0.031556
0.003484
0.084976
0.026363
0.039604
0.063876
0.162746
0.018386
0.019403
0.025402
0.09798
0.133448
0.081327
0.029223
0.013541
0.108685
0.026352
0.046587
0.080944
0.02739
0.019364
0.021453
0.036838
0.049373
0.008756
0.024166
0.026267
0.01937
0.010915
0.076752
0.080842
0.053548
0.024436
0.052558
0.03082
0.184618
0.050072
0.171707
0.028528
0.043644
0.100249
0.044712
0.016325
0.078203
0.007887
0.032728
0.012178
0.032327
0.020016
0.070541
0.023064
0.198895
0.005852
0.07041
0.089613
0.030974
0.002511
0.010704
0.206153
0.030812
0.040119
0.043186
0.053435
0.056385
0.045604
0.816992
0.103817
0.048461
0.048576
0.078084
0.022933
0.035448
0.025436
0.421823
0.056138
0.861273
0.008269
0.080516
0.021313
0.018732
0.051254
0.012688
0.097241
0.016772
0.048235
0.026545
0.055795
0.054751
0.052247
0.055495
0.083008
0.085219
0.030785
0.041412
0.021477
0.020089
0.048119
0.047705
0.026405
0.031766
0.180291
0.025032
0.023704
0.0001
0.07143
0.011608
0.08123
0.047155
0.040332
0.019226
0.103999
0.20603
0.025265
0.099045
0.051075
0.019278
0.092253
0.019607
0.244762
0.026825
0.021719
0.058263
0.020938
0.134434
0.038344
0.012877
0.036847
0.026063
0.022073
0.029588
0.039185
0.082454
0.021962
0.012047
0.048887
0.037106
0.038999
0.016246
0.045921
0.014132
0.002954
0.121077
0.291254
0.051819
0.233052
0.061969
0.025185
0.025553
0.027023
0.025682
0.030411
0.050151
0.228978
0.049227
0.036186
0.043272
0.023719
0.033768
0.038461
0.028001
0.047435
0.034216
0.036226
0.103781
0.04554
0.293149
0.093257
0.180695
0.063966
0.028733
0.017454
0.078998
0.261055
0.034618
0.038291
0.023367
0.039003
0.035199
0.044479
0.054027
0.01968
0.066479
0.02519
0.165049
0.017791
0.034303
0.019071
0.023646
0.474716
0.044973
0.01354
0.026697
0.018397
0.069307
0.036841
0.01274
0.021572
0.096298
0.027799
0.206957
0.579717
0.244262
0.094499
0.029041
0.008935
0.165675
0.015181
0.0636
0.029455
0.089385
0.026842
0.044842
0.18235
0.085483
0.003107
0.044599
0.026845
0.046878
0.029029
0.017452
0.063578
0.076253
0.035864
0.028646
0.014835
0.015609
0.256809
0.029471
0.041699
0.019805
0.023099
0.012089
0.093674
0.04475
0.023506
0.098868
0.313008
0.082436
0.013211
0.018347
0.004345
0.027743
0.074968
0.105566
0.031522
0.038066
0.069725
0.110605
0.069471
0.01617
0.047406
0.035111
0.049354
0.037387
0.023744
0.063825
0.099484
0.03924
0.088488
0.033622
0.041158
0.059309
0.015461
0.008281
0.039388
0.021136
0.02973
0.018473
0.047144
0.040503
0.081485
0.034376
0.015738
0.042469
0.009385
0.046816
0.020487
0.000483
0.028277
0.090754
0.256402
0.01128
0.02445
0.023426
0.023025
0.045815
0.090135
0.01347
0.023441
0.016901
0.080939
0.017165
0.009396
0.072054
0.03149
0.041611
0.033696
0.028004
0.02161
0.144164
0.010284
0.168933
0.500731
0.056261
0.07908
0.194565
0.014113
0.016116
0.042975
0.114874
0.04189
0.044454
0.044645
0.021851
0.048561
0.037817
0.095044
0.008628
0.042455
0.004294
0.024307
0.089558
0.032722
0.030297
0.024256
0.764073
0.017339
0.039986
0.028256
0.047311
0.093413
0.054325
0.046763
0.045092
0.022817
0.032668
0.03256
0.260919
0.466717
0.038102
0.630291
0.013643
0.042318
0.075164
0.504854
0.355082
0.038713
0.056451
0.064657
0.011868
0.08291
0.088758
0.01238
0.02599
0.011543
0.029738
0.024916
0.048193
0.604353
0.026924
0.044162
0.020216
0.056676
0.000548
0.022969
0.020526
0.022941
0.15968
0.027168
0.032374
0.030267
0.029081
0.076513
0.056629
0.033979
0.078346
0.03744
0.014554
0.022638
0.026696
0.106058
0.183158
0.02864
0.041224
0.067196
0.056698
0.018355
0.04467
0.04057
0.030912
0.075799
0.07024
0.025543
0.017113
0.061572
0.002964
0.102445
0.074043
0.30725
0.067726
0.019757
0.039531
0.04028
0.015281
0.076141
0.157942
0.229373
0.01714
0.086154
0.111673
0.059869
0.259902
0.036031
0.045625
0.024656
0.03373
0.027824
0.088638
0.033752
0.072745
0.001569
0.005548
0.066191
0.025455
0.000326
0.037332
0.022362
0.146342
0.044065
0.086044
0.273231
0.019243
0.027549
0.009924
0.002303
0.097375
0.032525
0.024097
0.12811
0.025209
0.101761
0.049827
0.026412
0.076371
0.022658
0.055029
0.033964
0.016198
0.336054
0.014382
0.015541
0.034348
0.034435
0.022105
0.001871
0.042772
0.146486
0.016088
0.02696
0.300987
0.021309
0.022822
0.033085
0.028518
0.024303
0.009129
0.027123
0.416057
0.140435
0.024173
0.034455
0.0426
0.006922
0.078176
0.026112
0.015944
0.073462
0.088345
0.020483
0.109025
0.010039
0.023619
0.180294
0.030826
0.060841
0.078048
0.080611
0.064591
0.054343
0.033619
0.010041
0.021582
0.216751
0.047738
0.035615
0.138524
0.309892
0.063076
0.596149
0.034684
0.018606
0.04762
0.032666
0.218435
0.953389
0.034353
0.046149
0.14154
0.065218
0.332667
0.06284
0.031385
0.044778
0.012076
0.024035
0.0239
0.060381
0.021672
0.12124
0.018993
0.397886
0.059767
0.087016
0.033655
0.03847
0.04188
0.032783
0.021329
0.105319
0.037522
0.043968
0.020447
0.012316
0.052346
0.002719
0.204003
0.047921
0.017717
0.006127
0.125064
0.818844
0.083884
0.020739
0.234438
0.0029
0.032422
0.110799
0.030438
0.015559
0.035802
0.266436
0.081975
0.015842
0.064675
0.037196
0.034542
0.008862
0.002263
0.046875
0.005825
0.080503
0.028202
0.03462
0.02767
0.053857
0.211615
0.151306
0.019618
0.018323
0.015179
0.027666
0.099777
0.015998
0.058254
0.033699
0.081558
0.160681
0.023879
0.040555
0.028748
0.010906
0.115137
0.010769
0.086755
0.017452
0.349906
0.056533
0.032705
0.058576
0.048136
0.023222
0.037428
0.041357
0.044499
0.097444
0.00041
0.028183
0.052683
0.150059
0.032262
0.019232
0.015286
0.01562
0.066564
0.019042
0.085222
0.031123
0.116981
0.089417
0.05097
0.019299
0.035915
0.04453
0.044282
0.064176
0.030967
0.056097
0.154937
0.032736
0.039496
0.030212
0.009317
0.053243
0.099269
0.037521
0.06187
0.104943
0.022039
0.10372
0.07064
0.021159
0.003273
0.254133
0.129842
0.036807
0.059171
0.101377
0.04121
0.027421
0.036454
0.038039
0.133036
0.052849
0.028054
0.102193
0.149596
0.00781
0.062583
0.046862
0.068517
0.024067
0.176766
0.149201
0.018376
0.084852
0.267943
0.000173
0.053276
0.122438
0.003495
0.156109
0.029311
0.736149
0.060048
0.065323
0.052761
0.013834
0.16156
0.198582
0.21429
0.012828
0.022366
0.025802
0.035385
0.05959
0.052271
0.041541
0.019689
0.040777
0.02953
0.008485
0.040315
0.045135
0.023594
0.323397
0.051426
0.052492
0.106713
0.036029
0.029406
0.133473
0.043765
0.047242
0.162675
0.016679
0.041864
0.043657
0.019578
0.099653
0.045021
0.001488
0.152467
0.016367
0.043899
0.043664
0.036687
0.094577
0.037564
0.095273
0.029029
0.091847
0.061147
0.034658
0.156798
0.114034
0.033534
0.032101
0.066296
0.017017
0.065857
0.150377
0.022109
0.103428
0.080251
0.087485
0.111575
0.02238
0.01136
0.276951
0.031664
0.043228
0.180228
0.254763
0.08108
0.03067
0.070866
0.01738
0.033137
0.010365
0.0001
0.196725
0.030055
0.095915
0.034875
0.021753
0.014359
0.388227
0.045059
0.086031
0.042146
0.037041
0.153742
0.030625
0.070223
0.054645
0.122455
0.028454
0.024042
0.032022
0.052252
0.049929
0.070867
0.03879
0.041621
0.024932
0.01775
0.019619
0.028757
0.020396
0.059016
0.036125
0.045554
0.028193
0.025786
0.365914
0.037757
0.062952
0.015406
0.073089
0.072217
0.047122
0.160318
0.010454
0.009691
0.018387
0.025605
0.078284
0.02166
0.079077
0.02183
0.056859
0.034112
0.165298
0.019367
0.000104
0.111419
0.011594
0.035327
0.07759
0.042476
0.36876
0.015228
0.027241
0.03251
0.115452
0.153912
0.035105
0.07997
0.019512
0.033592
0.034434
0.012914
0.020594
0.011236
0.023647
0.049344
0.023429
0.340153
0.046693
0.022331
0.064888
0.140392
0.042244
0.01148
0.100515
0.060998
0.143248
0.054919
0.020746
0.011379
0.023275
0.054141
0.051901
0.035182
0.043948
0.044458
0.024021
0.062691
0.118025
0.013167
0.077551
0.029703
0.107519
0.057404
0.020083
0.02912
0.03711
0.046274
0.037291
0.108958
0.227351
0.053746
0.019988
0.045963
0.034004
0.056041
0.066393
0.010243
0.005573
0.020694
0.103527
0.049197
0.029021
0.062347
0.022028
0.005153
0.043073
0.05709
0.034336
0.086149
0.007436
0.01321
0.060395
0.423689
0.030782
0.055792
0.057474
0.025949
0.019186
0.026933
0.054229
0.045221
0.308033
0.006134
0.081629
0.114767
0.036067
0.024658
0.018818
0.130517
0.027319
0.033573
0.014286
0.06124
0.039095
0.030083
0.021506
0.183111
0.032052
0.376006
0.035248
0.02472
0.028912
0.008375
0.273713
0.022157
0.0883
0.026664
0.027552
0.000248
0.078234
0.014947
0.028931
0.087365
0.032791
0.115641
0.181317
0.15988
0.098433
0.05199
0.033437
0.073426
0.126662
0.038006
0.410249
0.056475
0.435605
0.010962
0.04587
0.025457
0.055568
0.001063
0.034942
0.015088
0.016649
0.030201
0.055278
0.260297
0.004448
0.0001
0.32878
0.026268
0.02003
0.120879
0.203435
0.003528
0.023342
0.019419
0.584633
0.029686
0.054518
0.044603
0.012885
0.029549
0.028981
0.085044
0.111858
0.038036
0.130338
0.064335
0.025396
0.057467
0.015626
0.031326
0.00536
0.076182
0.047987
0.050746
0.024892
0.05702
0.035326
0.039333
0.042559
0.06244
0.174339
0.110426
0.064894
0.041874
0.068365
0.022643
0.094359
0.031396
0.066346
0.03489
0.024882
0.050991
0.173157
0.025897
0.053716
0.511265
0.072352
0.031036
0.037163
0.035808
0.017058
0.056774
0.130016
0.074352
0.093209
0.029671
0.019931
0.122806
0.022884
0.414647
0.043265
0.023538
0.109424
0.031183
0.149932
0.046511
0.041858
0.043482
0.724689
0.044068
0.013792
0.000438
0.208392
0.01782
0.017264
0.047625
0.303261
0.055864
0.114031
0.165157
0.099384
0.017111
0.03161
0.204752
0.031943
0.017029
0.032199
0.041325
0.020123
0.051333
0.031232
0.028927
0.075416
0.006053
0.015678
0.097599
0.059292
0.155087
0.272663
0.10313
0.047904
0.007925
0.07114
0.099515
0.042783
0.055041
0.03847
0.510506
0.040637
0.025062
0.021109
0.033537
0.039861
0.02598
0.076026
0.117731
0.021712
0.1313
0.021005
0.101566
0.054008
0.57588
0.115241
0.021392
0.041168
0.015714
0.034542
0.043982
0.027664
0.109075
0.034446
0.009975
0.052268
0.112589
0.027433
0.058601
0.021632
0.063316
0.059168
0.020597
0.068238
0.041402
0.088501
0.072075
0.037934
0.036813
0.005577
0.057709
0.033566
0.014388
0.036984
0.018315
0.024036
0.018206
0.091603
0.030556
0.066221
0.102278
0.027983
0.030253
0.024132
0.270956
0.023234
0.023472
0.033547
0.003857
0.004112
0.008558
0.040953
0.042032
0.030736
0.057835
0.029762
0.039538
0.097427
0.033485
0.00014
0.015198
0.072635
0.015399
0.038852
0.043487
0.026169
0.016152
0.093826
0.025228
0.020612
0.029925
0.174339
0.020104
0.050462
0.056657
0.030651
0.024896
0.072197
0.068871
0.016511
0.010834
0.022258
0.016903
0.157214
0.046664
0.014355
0.021448
0.034629
0.162754
0.052294
0.033841
0.262316
0.105912
0.030494
0.051628
0.0001
0.040644
0.016391
0.027043
0.025444
0.021324
0.04615
0.035944
0.022559
0.047343
0.024709
0.035385
0.016766
0.118569
0.022578
0.028675
0.046334
0.037976
0.054452
0.038955
0.029581
0.020703
0.035826
0.015867
0.126914
0.018597
0.015576
0.065098
0.025816
0.033219
0.047785
0.052917
0.09212
0.033107
0.12928
0.027758
0.031955
0.336775
0.037861
0.01277
0.028971
0.03363
0.015614
0.133274
0.023073
0.039408
0.044352
0.022639
0.170413
0.02125
0.024313
0.028509
0.022817
0.026077
0.127429
0.045116
0.043809
0.011954
0.055854
0.099312
0.006582
0.173453
0.033319
0.103088
0.099201
0.067154
0.112395
0.02988
0.145046
0.027505
0.037473
0.039175
0.062848
0.015631
0.023765
0.035323
0.009111
0.019589
0.017507
0.040749
0.074241
0.033455
0.033767
0.015707
0.170909
0.021458
0.05582
0.051805
0.081992
0.038308
0.027635
0.109331
0.048613
0.067887
0.095393
0.410312
0.014029
0.044438
0.340833
0.127203
0.106812
0.001559
0.034366
0.021152
0.032389
0.037257
0.029474
0.140387
0.026501
0.521217
0.073707
0.088525
0.134004
0.064819
0.01825
0.028665
0.036317
0.060569
0.049278
0.019408
0.066353
0.051374
0.03881
0.017823
0.014387
0.028247
0.102481
0.03742
0.211503
0.037001
0.022291
0.025137
0.023964
0.015824
0.035578
0.04151
0.06529
0.100592
0.041963
0.026321
0.021085
0.036908
0.059578
0.081872
0.175402
0.04581
0.03083
0.041603
0.10902
0.041476
0.146064
0.031422
0.009211
0.082343
0.030641
0.055977
0.068789
0.083191
0.085914
0.035855
0.905111
0.074828
0.040564
0.413893
0.013247
0.036818
0.092575
0.038892
0.031368
0.044653
0.042387
0.046566
0.033984
0.000597
0.032511
0.193624
0.037476
0.020314
0.032158
0.026648
0.025322
0.039065
0.019296
0.027951
0.04115
0.052669
0.009551
0.052605
0.034687
0.040288
0.022489
0.0214
0.023285
0.062166
0.045561
0.029455
0.053808
0.008691
0.046329
0.022851
0.646162
0.048874
0.064507
0.041405
0.50602
0.03399
0.079035
0.015701
0.149732
0.026459
0.056842
0.191268
0.141853
0.109205
0.061032
0.653059
0.093936
0.050788
0.04995
0.103602
0.023774
0.019077
0.014718
0.037865
0.043141
0.009895
0.068609
0.023834
0.024798
0.02371
0.104341
0.025116
0.030867
0.238311
0.028022
0.03029
0.054863
0.067743
0.044015
0.023576
0.087658
0.023848
0.021027
0.100955
0.022047
0.07014
0.081015
0.053696
0.276954
0.015757
0.003751
0.032737
0.057525
0.021975
0.009599
0.040936
0.090317
0.013413
0.026184
0.32151
0.084083
0.048398
0.029908
0.105753
0.068825
0.09189
0.082086
0.039125
0.000272
0.030205
0.052162
0.048967
0.076239
0.039444
0.0001
0.711267
0.050353
0.024278
0.030326
0.000442
0.034758
0.016123
0.705365
0.04475
0.019405
0.049504
0.056403
0.095796
0.027689
0.041021
0.349494
0.009638
0.055821
0.095815
0.058934
0.080477
0.050764
0.022117
0.029238
0.024442
0.075512
0.045553
0.02184
0.117358
0.290078
0.361049
0.029717
0.109243
0.000646
0.022797
0.045251
0.209313
0.023483
0.153921
0.220652
0.056398
0.170307
0.104626
0.027186
0.070597
0.168019
0.019489
0.191571
0.074915
0.019554
0.028479
0.072602
0.060412
0.02773
0.067621
0.051545
0.020915
0.017859
0.096552
0.142332
0.087717
0.00627
0.024992
0.021599
0.027158
0.027028
0.036393
0.101234
0.015199
0.066683
0.018453
0.058675
0.032176
0.029895
0.028659
0.029615
0.029542
0.015641
0.019147
0.023704
0.050703
0.094632
0.027628
0.046064
0.105128
0.022533
0.034156
0.009403
0.029318
0.037118
0.026163
0.200336
0.091012
0.013136
0.026833
0.057075
0.028901
0.012869
0.038298
0.452338
0.10928
0.16116
0.036128
0.002053
0.120695
0.24216
0.041689
0.029068
0.087427
0.024493
0.13033
0.180218
0.040692
0.028555
0.082885
0.030749
0.261151
0.047006
0.030499
0.030855
0.038368
0.065283
0.03275
0.174339
0.026036
0.012139
0.01195
0.026853
0.020979
0.00239
0.022566
0.034681
0.186277
0.074432
0.046537
0.037155
0.02517
0.032503
0.017838
0.030051
0.109686
0.039587
0.05161
0.110105
0.015716
0.046843
0.022647
0.034027
0.030477
0.03198
0.245385
0.038543
0.065036
0.12209
0.020527
0.06941
0.025035
0.060796
0.053857
0.0945
0.044946
0.061057
0.027677
0.121883
0.036738
0.048975
0.065247
0.019331
0.246419
0.149984
0.029457
0.031318
0.041818
0.024472
0.160166
0.034899
0.123533
0.028874
0.044966
0.02433
0.209222
0.038149
0.053465
0.067575
0.026547
0.022113
0.115488
0.111243
0.050219
0.008504
0.349696
0.033254
0.032376
0.116374
0.079251
0.075467
0.045199
0.037724
0.119507
0.012575
0.214581
0.420165
0.034106
0.017478
0.064502
0.017226
0.001203
0.059158
0.098018
0.066635
0.127648
0.029728
0.022834
0.068207
0.011945
0.045714
0.005875
0.011515
0.036445
0.103239
0.029577
0.018401
0.108363
0.036635
0.051796
0.030466
0.074787
0.022491
0.106116
0.071833
0.17353
0.044658
0.030046
0.051975
0.059058
0.078512
0.05489
0.092322
0.052614
0.04097
0.027863
0.102241
0.017933
0.694171
0.027098
0.019603
0.030758
0.119984
0.02508
0.902472
0.03457
0.141271
0.053481
0.049713
0.004923
0.070675
0.013317
0.122251
0.215022
0.081981
0.051942
0.045226
0.038599
0.039175
0.014341
0.29797
0.077607
0.016952
0.057162
0.055614
0.084319
0.003213
0.071966
0.0296
0.058071
0.037715
0.022894
0.045064
0.086046
0.01704
0.091201
0.002723
0.224475
0.018752
0.009919
0.034261
0.035476
0.025038
0.120089
0.076035
0.025093
0.030412
0.031282
0.015536
0.028613
0.02421
0.105629
0.071949
0.055937
0.017522
0.123505
0.058127
0.126605
0.05235
0.048543
0.055444
0.045615
0.058814
0.046331
0.058038
0.031921
0.081039
0.020999
0.089365
0.00979
0.019871
0.04144
0.012556
0.025563
0.02324
0.019148
0.075497
0.011012
0.041242
0.031958
0.034567
0.034703
0.089649
0.030305
0.036096
0.047015
0.173182
0.293344
0.021056
0.064289
0.050295
0.006592
0.013303
0.032805
0.010615
0.040723
0.041796
0.053594
0.160004
0.067689
0.006134
0.040824
0.055865
0.029365
0.044479
0.025038
0.273224
0.219567
0.026152
0.105285
0.274045
0.039729
0.220145
0.077876
0.056781
0.090081
0.073494
0.242732
0.030596
0.051375
0.081359
0.022553
0.025802
0.09725
0.055278
0.03572
0.057183
0.025714
0.164873
0.047633
0.0688
0.005473
0.071477
0.027557
0.035469
0.010801
0.058266
0.038217
0.006375
0.053061
0.122458
0.019459
0.000248
0.176192
0.017767
0.025379
0.036403
0.071128
0.063421
0.021513
0.286947
0.089471
0.040038
0.034122
0.105635
0.02007
0.075393
0.185974
0.029832
0.023626
0.0001
0.272111
0.076536
0.028967
0.075118
0.070721
0.077119
0.074173
0.182327
0.040464
0.126153
0.957352
0.155221
0.040966
0.032359
0.58853
0.046093
0.028688
0.031733
0.028917
0.06098
0.018549
0.062279
0.023232
0.009802
0.032233
0.026446
0.024457
0.017986
0.216456
0.04844
0.027262
0.016604
0.089085
0.049462
0.084735
0.047297
0.108794
0.024032
0.06356
0.041897
0.04286
0.158562
0.059804
0.999996
0.081708
0.055135
0.042306
0.006575
0.048122
0.061481
0.037234
0.02615
0.079242
0.031879
0.064035
0.36241
0.032676
0.06289
0.036707
0.044984
0.023155
0.01565
0.09199
0.046545
0.018753
0.144288
0.026083
0.015132
0.119637
0.031998
0.137448
0.087546
0.117179
0.079046
0.006412
0.05834
0.029369
0.000112
0.02131
0.048251
0.468235
0.002272
0.040055
0.133256
0.246549
0.110135
0.065622
0.053589
0.034587
0.121965
0.000929
0.045315
0.014799
0.04277
0.019378
0.160696
0.0001
0.035738
0.028681
0.373226
0.026686
0.208394
0.048956
0.058086
0.015815
0.172077
0.13093
0.05958
0.017226
0.031082
0.041193
0.038686
0.039488
0.039025
0.028588
0.042145
0.086204
0.041505
0.010873
0.145533
0.028991
0.041675
0.051152
0.014169
0.149772
0.039043
0.057813
0.036434
0.051493
0.034363
0.01989
0.034736
0.023901
0.012511
0.022487
0.020976
0.009005
0.098354
0.043805
0.039877
0.035742
0.144043
0.037285
0.017083
0.044417
0.036062
0.044074
0.043084
0.15404
0.010257
0.02188
0.034803
0.035135
0.089142
0.028837
0.023185
0.01586
0.051796
0.094678
0.101635
0.050178
0.042571
0.052186
0.313532
0.222321
0.047902
0.036056
0.57774
0.018314
0.240352
0.071008
0.077744
0.023974
0.030094
0.637202
0.025487
0.047804
0.045704
0.031042
0.060896
0.027346
0.280973
0.129363
0.064788
0.02998
0.04661
0.05939
0.044587
0.345071
0.043838
0.031814
0.015875
0.031331
0.034109
0.049943
0.062062
0.128398
0.064061
0.938458
0.041337
0.004982
0.0217
0.067519
0.110293
0.036438
0.097683
0.178962
0.015595
0.064436
0.092767
0.032919
0.043734
0.024654
0.241238
0.070324
0.022281
0.055604
0.021347
0.009964
0.037229
0.105914
0.045686
0.033611
0.026178
0.059185
0.096654
0.028209
0.147799
0.04072
0.0885
0.015105
0.6042
0.105889
0.025526
0.007055
0.055745
0.124619
0.006612
0.288673
0.038874
0.084365
0.050537
0.040143
0.025836
0.018309
0.031961
0.136905
0.035328
0.041035
0.068985
0.132182
0.085141
0.04226
0.077589
0.011492
0.181059
0.019867
0.039878
0.059922
0.024628
0.066397
0.185214
0.062685
0.084046
0.142068
0.024587
0.033269
0.013639
0.057626
0.019189
0.06302
0.005939
0.058539
0.026906
0.014378
0.04232
0.099721
0.054291
0.071361
0.006347
0.025211
0.046708
0.222043
0.036258
0.032183
0.011335
0.021323
0.024283
0.009091
0.050527
0.042876
0.01981
0.188112
0.155287
0.129831
0.05521
0.037292
0.650768
0.022875
0.038917
0.296692
0.030594
0.041505
0.080267
0.077585
0.045695
0.030075
0.049249
0.053702
0.036358
0.043251
0.04792
0.619808
0.031346
0.117811
0.216831
0.000328
0.085085
0.024722
0.094177
0.017312
0.311539
0.056606
0.032693
0.022683
0.025151
0.055381
0.017364
0.032512
0.108537
0.01569
0.030718
0.03002
0.013283
0.051751
0.019055
0.032015
0.029533
0.312911
0.079939
0.029436
0.035257
0.028687
0.037809
0.045903
0.049826
0.031505
0.150105
0.126793
0.04341
0.122939
0.084824
0.055202
0.032333
0.026494
0.096739
0.023957
0.028652
0.027569
0.046403
0.049051
0.281752
0.000179
0.039953
0.028384
0.053182
0.020627
0.01808
0.112183
0.330094
0.068721
0.018284
0.034681
0.012022
0.004093
0.091849
0.029449
0.063639
0.042903
0.370266
0.072305
0.018267
0.08126
0.026794
0.038819
0.049366
0.307829
0.021704
0.011867
0.000188
0.023224
0.028746
0.032635
0.048193
0.174339
0.0589
0.039046
0.129007
0.011239
0.023535
0.021637
0.03598
0.039087
0.018515
0.052725
0.025705
0.031854
0.060511
0.035382
0.022484
0.011621
0.032967
0.009023
0.025738
0.036574
0.026577
0.137221
0.048343
0.008525
0.011589
0.032157
0.022668
0.094178
0.16968
0.04546
0.030999
0.234963
0.019367
0.105
0.446885
0.199851
0.026861
0.007065
0.035139
0.014746
0.061287
0.125676
0.050427
0.075285
0.149072
0.015133
0.065733
0.009367
0.034901
0.045937
0.09389
0.010017
0.020629
0.10016
0.351851
0.058452
0.046903
0.033894
0.061374
0.048124
0.19886
0.039119
0.114725
0.216629
0.084775
0.326499
0.030012
0.034577
0.040794
0.041813
0.160351
0.057114
0.018518
0.288669
0.038647
0.157776
0.015098
0.032154
0.071408
0.077289
0.04983
0.092896
0.189018
0.020456
0.059454
0.004189
0.032671
0.148089
0.017438
0.051499
0.46938
0.066074
0.196454
0.037865
0.020496
0.057154
0.047526
0.018742
0.022212
0.046112
0.02223
0.130595
0.056773
0.041248
0.010746
0.033554
0.023541
0.021822
0.018626
0.09577
0.460897
0.149815
0.027551
0.012754
0.042587
0.040494
0.000801
0.024088
0.008378
0.0389
0.042992
0.037735
0.042134
0.021123
0.034509
0.023846
0.042527
0.121878
0.088065
0.028076
0.034026
0.016378
0.050607
0.021193
0.077595
0.020942
0.007679
0.041089
0.003034
0.323369
0.196074
0.032199
0.032757
0.087973
0.062474
0.79683
0.045006
0.029294
0.0603
0.064816
0.082503
0.054099
0.036767
0.020338
0.030404
0.070367
0.051487
0.025503
0.037056
0.067445
0.032921
0.028051
0.129954
0.305163
0.027309
0.034942
0.056342
0.029869
0.021953
0.023949
0.081276
0.188185
0.052047
0.076655
0.03124
0.004595
0.110447
0.027802
0.051936
0.019618
0.150042
0.141493
0.047612
0.009162
0.017191
0.129732
0.005954
0.036705
0.018186
0.033575
0.023959
0.050542
0.090535
0.069538
0.003713
0.018888
0.062495
0.036344
0.034883
0.0001
0.354265
0.034174
0.185987
0.027324
0.048184
0.029616
0.017877
0.025099
0.009523
0.562347
0.01491
0.249036
0.028534
0.100636
0.276662
0.035134
0.064536
0.20961
0.017923
0.098991
0.037398
0.009793
0.036203
0.022865
0.013847
0.017532
0.042442
0.040457
0.030241
0.028212
0.184133
0.828571
0.027237
0.048594
0.018843
0.064787
0.036673
0.030273
0.007644
0.115081
0.068314
0.122374
0.018855
0.027417
0.078976
0.046359
0.170539
0.031056
0.038849
0.024184
0.025045
0.292617
0.018093
0.029983
0.032982
0.02956
0.010861
0.037663
0.03673
0.071101
0.027665
0.055644
0.016763
0.065424
0.268146
0.103598
0.019371
0.02022
0.136058
0.011776
0.301268
0.262447
0.019263
0.045904
0.074358
0.518489
0.004448
0.046285
0.142179
0.080565
0.12491
0.070182
0.130112
0.04129
0.148737
0.069978
0.169332
0.948184
0.042426
0.017422
0.020786
0.085213
0.025545
0.038584
0.034785
0.016162
0.019719
0.081133
0.001173
0.059196
0.028608
0.050755
0.024605
0.114835
0.051201
0.027914
0.086749
0.003592
0.030361
0.056221
0.042895
0.004862
0.037076
0.045079
0.038508
0.192754
0.121965
0.053263
0.033156
0.03107
0.110637
0.080062
0.023003
0.026308
0.074515
0.010595
0.037194
0.020271
0.012598
0.015802
0.011491
0.020419
0.051524
0.121468
0.035917
0.031195
0.061081
0.0265
0.048987
0.015603
0.006765
0.031526
0.00647
0.024233
0.070674
0.042642
0.019528
0.012866
0.211363
0.024719
0.042856
0.084223
0.001999
0.02903
0.055769
0.065219
0.027383
0.051586
0.036538
0.02709
0.025162
0.048507
0.034373
0.071568
0.063577
0.04536
0.068601
0.081814
0.09914
0.148689
0.026963
0.052225
0.084187
0.023899
0.018134
0.105781
0.037672
0.12364
0.093068
0.101887
0.030453
0.037803
0.094191
0.044122
0.045882
0.030151
0.029744
0.037075
0.174339
0.02566
0.053724
0.111055
0.02338
0.029065
0.338292
0.102744
0.04764
0.026484
0.033042
0.036955
0.106928
0.007869
0.055256
0.036773
0.082277
0.031123
0.03267
0.03253
0.010671
0.004577
0.030793
0.13824
0.067746
0.038918
0.022512
0.020596
0.037204
0.036269
0.024879
0.151378
0.012525
0.037706
0.072322
0.024288
0.39086
0.19743
0.033674
0.041126
0.031409
0.037994
0.051077
0.009246
0.034936
0.04967
0.131284
0.023983
0.020056
0.352321
0.025438
0.032914
0.059696
0.039408
0.072222
0.09743
0.000201
0.107878
0.014468
0.199838
0.047942
0.040141
0.044606
0.024229
0.018604
0.000177
0.054755
0.229801
0.34737
0.05936
0.024283
0.047485
0.027482
0.174339
0.038663
0.091038
0.033404
0.042442
0.022244
0.065297
0.041622
0.268917
0.01381
0.052496
0.049906
0.0404
0.036326
0.042025
0.028687
0.039506
0.05002
0.019486
0.1583
0.252095
0.024185
0.017221
0.016265
0.069531
0.030415
0.044866
0.020474
0.041811
0.027307
0.043447
0.045223
0.028566
0.040059
0.030303
0.046509
0.043694
0.009915
0.070347
0.036212
0.026658
0.33798
0.037944
0.095374
0.044326
0.050386
0.005925
0.062199
0.025025
0.040088
0.095481
0.057666
0.042908
0.068879
0.091401
0.103126
0.037253
0.124366
0.052557
0.022421
0.044306
0.052513
0.028941
0.053261
0.034831
0.315382
0.139859
0.051619
0.037046
0.025336
0.020886
0.014843
0.844722
0.058322
0.039675
0.049358
0.028126
0.17984
0.033287
0.019489
0.007512
0.026459
0.03677
0.025888
0.01531
0.035953
0.035357
0.033627
0.198381
0.008446
0.230028
0.01737
0.012918
0.02932
0.042422
0.063603
0.086784
0.023382
0.054773
0.026946
0.047909
0.021722
0.044726
0.031767
0.057187
0.058979
0.106309
0.044212
0.071638
0.067981
0.033715
0.008791
0.059933
0.020085
0.025484
0.026581
0.0001
0.104656
0.015841
0.341313
0.095343
0.034732
0.027316
0.023651
0.035401
0.075888
0.049756
0.026027
0.410377
0.123322
0.085334
0.126243
0.161084
0.033457
0.023094
0.029217
0.028681
0.037718
0.00456
0.028329
0.037728
0.069728
0.156616
0.13508
0.017267
0.281438
0.077979
0.024477
0.037634
0.01799
0.042944
0.036788
0.038642
0.030573
0.011315
0.041534
0.013986
0.016498
0.025127
0.023735
0.026444
0.034362
0.000101
0.038907
0.152494
0.307716
0.023311
0.034861
0.025851
0.07334
0.004053
0.009011
0.048515
0.036211
0.094592
0.01123
0.054448
0.144079
0.021949
0.084887
0.034352
0.025692
0.046148
0.045201
0.017672
0.023092
0.005878
0.057903
0.317453
0.019057
0.061422
0.020219
0.09374
0.045251
0.06245
0.0287
0.007364
0.077793
0.020079
0.033834
0.018801
0.035695
0.999549
0.318815
0.014301
0.042436
0.000488
0.117873
0.028821
0.071518
0.003558
0.050434
0.037531
0.037689
0.041384
0.109529
0.021199
0.030253
0.037219
0.043748
0.029364
0.057234
0.030379
0.042458
0.079907
0.050575
0.022505
0.028347
0.000158
0.390636
0.144952
0.017212
0.026132
0.340969
0.339514
0.044792
0.072031
0.193274
0.075349
0.015564
0.147529
0.026374
0.069791
0.045708
0.060793
0.078133
0.02806
0.027761
0.046531
0.028405
0.022886
0.026127
0.084601
0.034386
0.123143
0.044194
0.025264
0.05411
0.026505
0.111356
0.042097
0.032319
0.046265
0.066753
0.020912
0.025615
0.025517
0.023393
0.072126
0.243714
0.13666
0.130976
0.033958
0.032924
0.02255
0.094886
0.071518
0.028191
0.018002
0.258447
0.023407
0.047082
0.248287
0.134002
0.246115
0.196011
0.037268
0.016546
0.035793
0.051517
0.09343
0.283647
0.084931
0.294422
0.278541
0.165016
0.008002
0.038444
0.011667
0.025333
0.027641
0.028327
0.014454
0.24161
0.199997
0.11009
0.036671
0.053208
0.030389
0.018609
0.064317
0.028827
0.2473
0.033412
0.101748
0.014659
0.140712
0.03772
0.011546
0.194599
0.197392
0.088585
0.079421
0.014544
0.101706
0.020353
0.097057
0.021816
0.014031
0.046952
0.01739
0.089771
0.030579
0.017686
0.057719
0.02813
0.016866
0.070034
0.142628
0.043816
0.019305
0.031472
0.048901
0.007407
0.1222
0.115268
0.036492
0.585904
0.123569
0.188376
0.120187
0.02749
0.027912
0.079364
0.166973
0.586397
0.019746
0.110124
0.059239
0.06676
0.126596
0.036143
0.032395
0.053362
0.019309
0.04792
0.299185
0.018968
0.033115
0.089475
0.127249
0.050202
0.035554
0.027513
0.014736
0.024528
0.037085
0.102958
0.00613
0.036474
0.077948
0.016153
0.023964
0.018844
0.036183
0.019415
0.023385
0.050645
0.035602
0.001986
0.008209
0.035994
0.014214
0.021036
0.118956
0.023469
0.070538
0.027482
0.031202
0.018552
0.069298
0.0337
0.036868
0.503917
0.143775
0.022424
0.019604
0.079384
0.093701
0.028527
0.082575
0.021437
0.018665
0.053282
0.041119
0.186053
0.127453
0.033806
0.075229
0.086509
0.024737
0.266837
0.036883
0.024995
0.084626
0.0374
0.789866
0.044219
0.211151
0.060649
0.050887
0.022944
0.139556
0.065327
0.044314
0.021604
1.0001
0.023068
0.012635
0.055753
0.149102
0.034123
0.038775
0.033859
0.038411
0.000665
0.031185
0.098064
0.027105
0.000108
0.024713
0.034994
0.041009
0.032198
0.025557
0.032322
0.060421
0.056258
0.026689
0.089606
0.040766
0.011703
0.097144
0.025656
0.168731
0.033826
0.015295
0.011668
0.02756
0.057014
0.005324
0.014524
0.090016
0.015571
0.070022
0.373365
0.067775
0.01284
0.008025
0.024499
0.094799
0.026163
0.01502
0.024381
0.024945
0.137707
0.028807
0.017228
0.027781
0.022414
0.001828
0.07083
0.331456
0.037129
0.031137
0.037373
0.111732
0.133048
0.038512
0.057368
0.160978
0.011249
0.045871
0.080492
0.060283
0.109797
0.026385
0.112714
0.151263
0.035061
0.048499
0.146048
0.03242
0.031249
0.03243
0.02357
0.045783
0.556409
0.06947
0.052091
0.038007
0.050812
0.000437
0.098306
0.032246
0.067294
0.013315
0.009655
0.051124
0.013729
0.686283
0.036168
0.127965
0.096733
0.114696
0.030283
0.058883
0.055042
0.339635
0.02932
0.066527
0.085645
0.142105
0.104395
0.082052
0.00779
0.037553
0.036514
0.09431
0.042715
0.041082
0.020244
0.006982
0.09519
0.033499
0.136287
0.039171
0.230105
0.036408
0.052951
0.012147
0.037244
0.082785
0.191958
0.143728
0.031237
0.05969
0.013515
0.021474
0.034108
0.009646
0.019477
0.031153
0.011923
0.05332
0.040894
0.139045
0.024416
0.160212
0.01582
