graph_football,36,0.000000,115
graph_jazz,31,0.000000,198
graph_karate,9,0.000000,62
gemsec_facebook_artist,3087,0.424000,50515
ego-facebook,707,0.032000,4039
graph_actors_dat,1214,0.094000,10042
graph_CA-AstroPh,2052,0.183000,18772
graph_CA-CondMat,3322,0.329000,23133
graph_CA-GrQc,1062,0.040000,5242
graph_CA-HepPh,1766,0.126000,12008
graph_CA-HepTh,1458,0.078000,9877
graph_dolphins,3,0.000000,34
graph_Email-Enron,3037,0.439000,36692
graph_ncstrlwg2,1367,0.047000,6396
soc-gplus,69,0.036000,23628
socfb-Brandeis99,406,0.031000,3898
socfb-Mich67,301,0.016000,3748
socfb-nips-ego,10,0.000000,2888
Amazon0302,48277,44.976000,262111
Amazon0312,31518,29.894000,400727
Amazon0505,32405,30.243000,410236
Amazon0601,48573,38.950000,403394
com-dblp.ungraph,46525,49.244000,317080
loc-gowalla_edges,7735,2.808000,196591
deezer_HR,7356,0.878000,54573
musae_git,384,0.125000,37700
