0.017293
0.010113
0.020158
0.038771
0.011037
0.126251
0.040493
0.017428
0.083939
0.010312
0.029454
0.048876
0.016264
0.018965
0.016688
0.085318
0.007526
0.012211
0.033022
0.025096
0.012347
0.023932
0.035371
0.031938
0.010919
0.001494
0.04201
0.026617
0.019699
0.016629
0.005809
0.006577
0.036794
0.012298
0.022361
0.027384
0.021778
0.997595
0.169597
0.021041
0.015739
0.00769
0.020361
0.012294
0.07516
0.011305
0.016983
0.020834
0.017897
0.030043
0.007703
0.036736
0.0068
0.038326
0.015891
0.011873
0.040145
0.410828
0.025205
0.007309
0.011818
0.029101
0.036053
0.009226
0.082912
0.00442
0.043528
0.008201
0.048787
0.046314
0.013963
0.011138
0.014464
0.030582
0.018199
0.033828
0.010879
0.01198
0.011813
0.019776
0.013165
0.220338
0.004188
0.01381
0.005429
0.009068
0.01691
0.021617
0.019889
0.014255
0.067515
0.04787
0.126776
0.007144
0.003541
0.00898
0.023941
0.589901
0.046849
0.020678
0.07
0.13141
0.009023
0.015381
0.029598
0.034031
0.062691
0.037728
0.004073
0.017263
0.044411
0.011631
0.034694
0.069706
0.003609
0.008663
0.027934
0.025382
0.03342
0.01974
0.001165
0.011294
0.002598
0.052885
0.015834
0.08286
0.028886
0.033109
0.010574
0.017891
0.004028
0.004908
0.016232
0.037119
0.000101
0.031272
0.022663
0.06983
0.013387
0.010273
0.032964
0.009182
0.589901
0.017718
0.185154
0.05132
0.020428
0.021281
0.051892
0.025636
0.013228
0.035568
0.060332
0.020811
0.016864
0.007843
0.019956
0.017089
0.01029
0.022273
0.008138
0.004007
0.013808
0.013855
0.013258
0.019135
0.028796
0.01218
0.04661
0.03643
0.091926
0.030779
0.005449
0.196579
0.018015
0.094331
0.006408
0.027026
0.00869
0.004479
0.033708
0.046351
0.00324
0.016323
0.051035
0.013412
0.00952
0.070844
0.204625
0.012509
0.063
0.031595
0.019215
0.005444
0.035103
0.023814
0.009275
0.006999
0.000445
0.033058
0.033814
0.002484
0.032651
0.028719
0.298599
0.016151
0.116913
0.058147
0.0001
0.035336
0.034363
0.024594
0.019915
0.042566
0.544529
0.021802
0.022212
0.007166
0.016798
0.024187
0.03029
0.045119
0.001994
0.011816
0.013131
0.018975
0.052678
0.07715
0.056015
0.002752
0.020982
0.092905
0.015085
0.020749
0.004539
0.022745
0.010234
0.066774
0.021718
0.137967
0.164615
0.011646
0.007939
0.014691
0.008493
0.016168
0.041038
0.036377
0.015688
0.559072
0.014776
0.011339
0.005858
0.004842
0.012864
0.040246
0.071663
0.080252
0.205872
0.068696
0.118487
0.019721
0.027529
0.011479
0.04816
0.006857
0.013346
0.034797
0.04729
0.061675
0.031855
0.014402
0.010716
0.273735
0.040931
0.073551
0.074929
0.033215
0.030416
0.018154
0.021417
0.028198
0.038833
0.048527
0.017721
0.029295
0.0252
0.013234
0.14474
0.01976
0.016424
0.008244
0.082223
0.021506
0.023806
0.032287
0.227991
0.009859
0.013023
0.017059
0.033923
0.02258
0.008328
0.000734
0.016164
0.029896
0.133713
0.0297
0.027176
0.005075
0.057559
0.028094
0.042588
0.043849
0.024591
0.016114
0.093776
0.011425
0.01449
0.016147
0.028351
0.014659
0.009812
0.01581
0.037562
0.060779
0.024449
0.010388
0.049185
0.028382
0.02823
0.00307
0.027965
0.024243
0.011372
0.020838
0.052196
0.004533
0.0078
0.05702
0.003135
0.015413
0.017026
0.066463
0.044019
0.041733
0.023416
0.020974
0.01758
0.008248
0.005635
0.01188
0.133403
0.011724
0.048483
0.018262
0.002421
0.011005
0.028064
0.011802
0.041186
0.015985
0.024038
0.027914
0.013999
0.030773
0.001781
0.054445
0.027866
0.023067
0.038952
0.017295
0.050636
0.030259
0.003473
0.013521
0.003259
0.025132
0.047278
0.011124
0.012749
0.049291
0.015637
0.017325
0.044997
0.443356
0.008962
0.017252
0.025322
0.019702
0.026034
0.022741
0.017662
0.011465
0.030415
0.015091
0.299721
0.007762
0.083829
0.044845
0.002741
0.027589
0.01642
0.027612
0.031834
0.048082
0.018669
0.036153
0.029852
0.056776
0.00834
0.239024
0.026641
0.044896
0.015719
0.017728
0.041626
0.05442
0.036114
0.04241
0.01221
0.014619
0.020487
0.024303
0.019533
0.057536
0.010745
0.014516
0.007574
0.005274
0.035467
0.017465
0.012786
0.047732
0.022791
0.124349
0.004103
0.008946
0.019313
0.012069
0.027005
0.054594
0.025144
0.030977
0.022091
0.014447
0.0001
0.012901
0.050422
0.020085
0.189984
0.002542
0.035687
0.007574
0.026249
0.022877
0.021329
0.239214
0.012542
0.016966
0.005039
0.031097
0.01252
0.015164
0.015712
0.013678
0.062908
0.049254
0.01481
0.131629
0.036105
0.013066
0.024105
0.028522
0.091928
0.0566
0.021856
0.038514
0.048531
0.102575
0.017903
0.014682
0.064378
0.010579
0.032794
0.031492
0.058299
0.058706
0.053346
0.0122
0.042568
0.041714
0.019001
0.006367
0.015468
0.054855
0.056029
0.011673
0.044098
0.012797
0.000102
0.005317
0.04049
0.008464
0.087341
0.014842
0.026716
0.00596
0.014146
0.027038
0.026429
0.014819
0.010697
0.027222
0.174172
0.605497
0.02604
0.025117
0.01164
0.036204
0.030524
0.0051
0.031553
0.012602
0.021664
0.027834
0.141218
0.013109
0.020262
0.020203
0.193136
0.027315
0.02981
0.031069
0.010504
0.044897
0.030325
0.014207
0.013228
0.056599
0.034877
0.020473
0.043407
0.043888
0.109041
0.007293
0.03216
0.00679
0.110245
0.009961
0.023938
0.038259
0.00844
0.009959
0.01791
0.035263
0.011751
0.081158
0.109043
0.016187
0.018896
0.009233
0.039986
0.021482
0.004313
0.010877
0.007875
0.071572
0.016369
0.01811
0.020503
0.024618
0.007461
0.035042
0.060725
0.030658
0.059202
0.018127
0.031949
0.008995
0.025747
0.166802
0.025804
0.007301
0.032557
0.013153
0.04036
0.011473
0.03135
0.023529
0.023753
0.011647
0.010276
0.043119
0.028961
0.231233
0.023013
0.070262
0.029342
0.029082
0.038148
0.020257
0.007032
0.041567
0.046328
0.017094
0.026785
0.036025
0.019887
0.072455
0.036709
0.010109
0.020308
0.008738
0.039964
0.02196
0.045093
0.005923
0.094573
0.013342
0.018266
0.063963
0.014797
0.074021
0.063845
0.022997
0.001445
0.038222
0.012183
0.023127
0.029243
0.069559
0.007071
0.008987
0.011586
0.041704
0.068626
0.03319
0.026136
0.006685
0.053442
0.020242
0.017185
0.047728
0.009351
0.012096
0.009931
0.016022
0.022479
0.003796
0.010513
0.010998
0.020458
0.013612
0.036101
0.041891
0.022362
0.023479
0.053508
0.0163
0.082368
0.054111
0.075458
0.014003
0.019011
0.117576
0.020933
0.007994
0.033183
0.003964
0.033575
0.015041
0.017872
0.008171
0.028862
0.025229
0.106267
0.005766
0.032364
0.056194
0.033232
0.001244
0.004825
0.101002
0.031562
0.016869
0.038923
0.04923
0.022241
0.025096
0.677302
0.048476
0.055812
0.050155
0.036007
0.00731
0.0161
0.015152
0.265742
0.024771
0.757553
0.009096
0.035568
0.022988
0.007671
0.027601
0.004858
0.039921
0.019463
0.026461
0.012593
0.052368
0.022231
0.027913
0.023634
0.03676
0.044577
0.026149
0.017718
0.021631
0.006966
0.021025
0.028757
0.010324
0.018952
0.076045
0.009958
0.026637
0.0001
0.082667
0.004719
0.041217
0.018674
0.018847
0.019481
0.045501
0.100527
0.009739
0.051844
0.038906
0.00835
0.050928
0.009322
0.129079
0.032638
0.011788
0.034866
0.011658
0.143267
0.018424
0.00634
0.030295
0.030216
0.009386
0.027935
0.025264
0.037355
0.029118
0.005717
0.053191
0.022353
0.029845
0.006459
0.01996
0.00526
0.001165
0.061685
0.161585
0.023506
0.121785
0.030486
0.02016
0.033125
0.009718
0.012437
0.03215
0.021751
0.114346
0.056615
0.017189
0.019372
0.009497
0.013943
0.027093
0.03091
0.022022
0.023649
0.013788
0.051301
0.048134
0.158575
0.046597
0.090462
0.033795
0.022925
0.006392
0.033265
0.12187
0.01916
0.021089
0.010993
0.044689
0.017977
0.056663
0.065225
0.014732
0.032501
0.029957
0.067892
0.017221
0.013829
0.021898
0.013616
0.274302
0.026591
0.004735
0.010054
0.018018
0.03377
0.016544
0.006978
0.020623
0.050198
0.013836
0.092208
0.345873
0.114139
0.043351
0.032298
0.002822
0.078367
0.007793
0.027403
0.013771
0.041431
0.011482
0.030248
0.085744
0.04828
0.001242
0.037089
0.016211
0.020882
0.033663
0.009282
0.079505
0.037344
0.012252
0.012869
0.006757
0.006135
0.141477
0.029087
0.016071
0.020808
0.021907
0.017438
0.049352
0.055961
0.010025
0.052096
0.166314
0.033299
0.00926
0.009015
0.001985
0.014151
0.031163
0.052813
0.019131
0.022377
0.032884
0.056383
0.032981
0.006036
0.023981
0.042009
0.034041
0.04324
0.011331
0.027441
0.049517
0.046086
0.037893
0.016243
0.025907
0.027387
0.012001
0.003537
0.041959
0.022753
0.015374
0.00611
0.023927
0.044717
0.038273
0.012066
0.022523
0.050274
0.002846
0.044107
0.009061
0.000414
0.011539
0.030523
0.128794
0.003753
0.010477
0.008873
0.016647
0.0326
0.046671
0.016383
0.009883
0.007016
0.046183
0.007237
0.004888
0.031947
0.01389
0.016779
0.018096
0.013857
0.009828
0.07206
0.004303
0.076401
0.329221
0.067568
0.03841
0.085723
0.010492
0.00643
0.027726
0.053634
0.044821
0.02083
0.031451
0.010801
0.040714
0.046921
0.04365
0.003705
0.018197
0.002512
0.013941
0.120709
0.016769
0.015514
0.028934
0.568793
0.005776
0.043572
0.014536
0.018982
0.106308
0.03079
0.055197
0.018526
0.012806
0.017312
0.015017
0.139758
0.26308
0.018591
0.464445
0.007113
0.031554
0.029744
0.383041
0.188302
0.015218
0.022834
0.060847
0.004298
0.073543
0.039256
0.012943
0.012436
0.005481
0.015288
0.034774
0.03666
0.384779
0.01273
0.019352
0.008785
0.02138
0.00038
0.010536
0.009434
0.028356
0.094917
0.013035
0.02136
0.027612
0.026181
0.033446
0.029158
0.014737
0.033628
0.013273
0.005929
0.027136
0.028636
0.040258
0.086341
0.021086
0.018596
0.023227
0.064703
0.008904
0.026375
0.019611
0.014968
0.034685
0.033526
0.019538
0.005362
0.079588
0.001528
0.047474
0.030887
0.13128
0.027563
0.006631
0.01895
0.018766
0.00549
0.030749
0.078793
0.094742
0.011819
0.036807
0.045995
0.029939
0.154262
0.017811
0.037463
0.010327
0.016817
0.011089
0.034375
0.032507
0.032683
0.000739
0.002229
0.02817
0.009105
0.000352
0.042582
0.01175
0.072245
0.019504
0.040511
0.15107
0.007738
0.024624
0.005972
0.001348
0.040676
0.015108
0.011618
0.060795
0.024757
0.051108
0.01967
0.00997
0.033184
0.02663
0.028756
0.03522
0.005983
0.226068
0.005341
0.007123
0.027377
0.03784
0.022343
0.001072
0.021431
0.079784
0.007317
0.013334
0.180969
0.008962
0.010041
0.024402
0.014389
0.027809
0.004238
0.014716
0.224894
0.062411
0.027369
0.020526
0.021499
0.003194
0.034132
0.010458
0.005915
0.027957
0.035636
0.012209
0.044597
0.003588
0.027944
0.086342
0.027538
0.022693
0.028238
0.043951
0.035386
0.02825
0.02861
0.010175
0.01887
0.103798
0.015846
0.024925
0.058506
0.159862
0.021839
0.407823
0.015843
0.008768
0.024183
0.032044
0.112357
0.893862
0.014271
0.040649
0.058235
0.02903
0.174159
0.037247
0.038016
0.021243
0.005194
0.012194
0.012186
0.029877
0.008551
0.056438
0.007515
0.229078
0.028982
0.04778
0.033517
0.01912
0.016104
0.01647
0.009511
0.046045
0.014674
0.014682
0.020692
0.006113
0.023858
0.001776
0.080732
0.015284
0.008545
0.003229
0.068539
0.710203
0.035313
0.019215
0.111819
0.001767
0.014216
0.052027
0.033858
0.015232
0.018036
0.152566
0.036504
0.013107
0.032122
0.035979
0.017602
0.003818
0.001257
0.042565
0.003053
0.03262
0.012261
0.016052
0.011064
0.061776
0.089292
0.07478
0.022373
0.023138
0.019396
0.013769
0.147445
0.007019
0.024823
0.016574
0.034591
0.080151
0.011011
0.021764
0.017283
0.00464
0.046494
0.010137
0.042836
0.005988
0.188657
0.031931
0.018765
0.054396
0.023311
0.028925
0.016494
0.042666
0.047612
0.051818
0.000251
0.019491
0.033814
0.075526
0.027223
0.009546
0.007958
0.023326
0.035265
0.009491
0.049391
0.011998
0.054795
0.046166
0.029844
0.016533
0.035868
0.023798
0.017486
0.02769
0.025579
0.035795
0.062913
0.037521
0.02132
0.030766
0.004427
0.029079
0.037722
0.016732
0.032135
0.040554
0.009184
0.040124
0.027023
0.016846
0.001421
0.142123
0.05215
0.045454
0.0245
0.045443
0.045791
0.010895
0.015672
0.019858
0.057355
0.032579
0.012297
0.050364
0.078219
0.003831
0.029979
0.023309
0.036175
0.010679
0.07462
0.073063
0.00762
0.044455
0.348338
0.00015
0.021439
0.159553
0.001765
0.068605
0.011767
0.649449
0.074575
0.067731
0.023617
0.006207
0.064619
0.089441
0.283776
0.005702
0.01076
0.012532
0.013271
0.02947
0.020274
0.021656
0.012627
0.017956
0.017502
0.012302
0.028211
0.020114
0.026941
0.150958
0.019441
0.026228
0.05176
0.015468
0.013575
0.102195
0.022884
0.022785
0.077766
0.006836
0.022771
0.018447
0.013958
0.060433
0.051956
0.000428
0.06487
0.006454
0.022977
0.016937
0.017717
0.059348
0.019964
0.045279
0.012815
0.045703
0.076751
0.014721
0.074866
0.059259
0.015347
0.020255
0.031497
0.012059
0.028612
0.080224
0.010102
0.045755
0.10247
0.046994
0.049087
0.011506
0.005769
0.133732
0.030125
0.017279
0.078709
0.100292
0.042391
0.014671
0.033585
0.007523
0.014705
0.004248
0.0001
0.104299
0.034159
0.040956
0.015472
0.020424
0.005394
0.206214
0.01568
0.036791
0.017729
0.014445
0.08154
0.009642
0.036645
0.025391
0.057664
0.027698
0.011064
0.035229
0.026775
0.02294
0.030264
0.022126
0.03059
0.026346
0.020723
0.009133
0.018643
0.010428
0.027097
0.021242
0.019957
0.011871
0.011497
0.219755
0.014337
0.022887
0.005942
0.038289
0.033927
0.025506
0.073656
0.015774
0.003066
0.007501
0.025799
0.034915
0.024141
0.036887
0.021641
0.033531
0.020348
0.084262
0.014274
0.000102
0.045492
0.005744
0.021511
0.040434
0.015784
0.216269
0.013129
0.014073
0.012998
0.071116
0.066588
0.012692
0.039813
0.008322
0.014227
0.016996
0.011381
0.009786
0.012672
0.012948
0.048085
0.026479
0.200057
0.017396
0.026784
0.037504
0.052379
0.029889
0.012012
0.050923
0.030908
0.066963
0.024244
0.010049
0.005255
0.010318
0.053153
0.032072
0.014503
0.02133
0.036639
0.010433
0.071571
0.059413
0.005656
0.097208
0.014421
0.06363
0.028704
0.021347
0.02116
0.016586
0.02529
0.016994
0.048249
0.111341
0.021199
0.008708
0.020007
0.017221
0.032081
0.028347
0.010531
0.00659
0.02132
0.135344
0.024153
0.022083
0.033775
0.008088
0.005824
0.0406
0.024109
0.021539
0.034212
0.003244
0.003991
0.026778
0.240159
0.017236
0.034757
0.06882
0.013893
0.009907
0.016556
0.024159
0.023776
0.180984
0.00327
0.038083
0.060807
0.015979
0.022023
0.005551
0.068756
0.013166
0.016436
0.006525
0.071635
0.022336
0.013029
0.01022
0.090665
0.014847
0.206615
0.03622
0.01069
0.01375
0.004736
0.153706
0.02354
0.043682
0.01178
0.01575
0.000167
0.031632
0.01815
0.012033
0.117083
0.035988
0.051156
0.081902
0.083657
0.043897
0.022276
0.014797
0.028778
0.066951
0.013396
0.248289
0.023059
0.245135
0.010786
0.03218
0.026927
0.021499
0.000542
0.026588
0.016101
0.007453
0.010297
0.025675
0.120877
0.001409
0.000102
0.168491
0.017923
0.007905
0.144865
0.302014
0.0023
0.010472
0.007435
0.419986
0.016632
0.024574
0.022952
0.004498
0.03508
0.017137
0.093456
0.0468
0.016515
0.064688
0.033966
0.027739
0.034005
0.006878
0.035584
0.00286
0.038149
0.024308
0.023574
0.015118
0.032686
0.015997
0.017814
0.020525
0.038977
0.589901
0.051545
0.026271
0.0195
0.031718
0.011321
0.048639
0.012284
0.028787
0.016088
0.011563
0.048412
0.079485
0.02949
0.023446
0.336073
0.030007
0.018604
0.03038
0.041438
0.007136
0.024535
0.054943
0.037588
0.041814
0.031951
0.00851
0.043916
0.025299
0.222881
0.048108
0.02095
0.042398
0.032305
0.059031
0.052239
0.020449
0.017917
0.558087
0.015475
0.007984
0.000222
0.126842
0.011899
0.007232
0.055818
0.142191
0.02314
0.05123
0.092381
0.044395
0.00752
0.015445
0.094532
0.013611
0.007087
0.022148
0.022898
0.008862
0.027374
0.019083
0.017994
0.03392
0.004561
0.006266
0.039361
0.029598
0.063849
0.136181
0.045429
0.042294
0.006572
0.035323
0.121203
0.024517
0.028036
0.024981
0.333117
0.029403
0.008961
0.007851
0.020072
0.018724
0.027322
0.03132
0.056062
0.009363
0.046772
0.008058
0.042863
0.024313
0.383729
0.057804
0.021413
0.021328
0.00872
0.016748
0.021388
0.011301
0.137115
0.038552
0.012798
0.02267
0.055909
0.028777
0.069516
0.024317
0.032281
0.034671
0.022128
0.025825
0.017153
0.046837
0.089674
0.042514
0.0197
0.011819
0.024473
0.020127
0.008931
0.016925
0.006326
0.025108
0.008817
0.109191
0.013516
0.02711
0.065251
0.017628
0.014117
0.028485
0.127027
0.012843
0.009237
0.013903
0.006712
0.001972
0.01427
0.017174
0.016877
0.015162
0.033246
0.014832
0.016269
0.045008
0.03784
0.000124
0.006486
0.053403
0.009659
0.015903
0.027495
0.010108
0.006185
0.045211
0.01515
0.009676
0.027847
0.589901
0.008888
0.022671
0.042402
0.014649
0.030257
0.037345
0.027734
0.018998
0.016948
0.009325
0.005994
0.07422
0.050817
0.007212
0.008329
0.019241
0.088074
0.020679
0.036795
0.141355
0.127052
0.030393
0.021621
0.000102
0.026913
0.020617
0.012896
0.011737
0.010448
0.02973
0.01402
0.024682
0.057017
0.011756
0.018908
0.008718
0.141305
0.009851
0.033391
0.020552
0.026302
0.021553
0.018978
0.01429
0.009079
0.018452
0.008719
0.140142
0.008615
0.006901
0.025334
0.012141
0.016391
0.020953
0.024026
0.070175
0.032216
0.070479
0.010592
0.020156
0.197735
0.036986
0.01439
0.03278
0.013223
0.006127
0.053958
0.013851
0.043017
0.022006
0.010669
0.076247
0.009255
0.009305
0.026915
0.011751
0.010432
0.075615
0.021616
0.022996
0.014914
0.064993
0.046746
0.002198
0.079637
0.012367
0.033488
0.047739
0.035201
0.049221
0.014126
0.061998
0.014439
0.013666
0.021313
0.025251
0.017635
0.009417
0.020443
0.006089
0.009987
0.007139
0.024317
0.029699
0.013967
0.015257
0.005521
0.078914
0.009569
0.025283
0.027963
0.043443
0.043014
0.013608
0.141428
0.024714
0.029093
0.040784
0.525963
0.006458
0.038749
0.176006
0.064792
0.051469
0.0031
0.013776
0.009678
0.01461
0.01905
0.030154
0.066389
0.02821
0.35837
0.029658
0.034308
0.062132
0.032404
0.010185
0.015178
0.01663
0.030616
0.018279
0.007279
0.03407
0.024418
0.038324
0.008757
0.008285
0.013559
0.048353
0.019988
0.10756
0.030662
0.02349
0.012069
0.02777
0.019874
0.020458
0.014491
0.032328
0.045191
0.019498
0.011207
0.008819
0.016751
0.028965
0.040326
0.094069
0.023642
0.016889
0.043501
0.041699
0.029166
0.057416
0.017214
0.006084
0.047181
0.012493
0.026921
0.029405
0.040009
0.041498
0.041769
0.820962
0.033714
0.018932
0.217261
0.005341
0.016646
0.043452
0.01716
0.034552
0.018168
0.027817
0.0505
0.022044
0.000427
0.013058
0.102815
0.019241
0.009655
0.02019
0.011684
0.011651
0.01806
0.008413
0.033685
0.025023
0.033665
0.004453
0.018502
0.016954
0.020232
0.023533
0.008627
0.00955
0.026935
0.022858
0.010886
0.025365
0.00402
0.020857
0.027857
0.464209
0.057302
0.06498
0.046007
0.271829
0.014645
0.129959
0.00822
0.07345
0.009729
0.060008
0.090087
0.056663
0.044496
0.03461
0.491379
0.052839
0.021679
0.021009
0.052902
0.012687
0.007261
0.019042
0.017051
0.027145
0.002246
0.029906
0.032105
0.01954
0.011039
0.048887
0.017656
0.017016
0.157326
0.014183
0.015228
0.02483
0.033111
0.020451
0.012718
0.029704
0.01138
0.008501
0.048799
0.033032
0.037725
0.036781
0.030163
0.153208
0.015434
0.001536
0.014257
0.023937
0.010267
0.002478
0.017527
0.047887
0.011968
0.021366
0.162799
0.03237
0.02371
0.027947
0.057837
0.031019
0.048925
0.041998
0.017381
0.000183
0.015307
0.025716
0.047666
0.036417
0.016004
0.000101
0.841708
0.055983
0.01309
0.01356
0.000233
0.020898
0.019992
0.50062
0.018291
0.008652
0.022097
0.029486
0.042603
0.012712
0.017957
0.177665
0.003386
0.020961
0.046401
0.027808
0.041092
0.019969
0.009107
0.016095
0.012068
0.034791
0.034508
0.009039
0.059249
0.124793
0.214026
0.036269
0.048132
0.000473
0.010471
0.032696
0.099706
0.012455
0.079812
0.095568
0.038398
0.090022
0.046171
0.013851
0.02473
0.081879
0.006363
0.152871
0.064206
0.025493
0.028036
0.03504
0.069614
0.028683
0.025683
0.051657
0.009895
0.017723
0.05678
0.073698
0.04034
0.002533
0.011016
0.009144
0.012069
0.011301
0.017779
0.051183
0.014092
0.029633
0.00791
0.031806
0.01551
0.015804
0.012309
0.010496
0.01383
0.005477
0.030017
0.011188
0.021807
0.123577
0.012317
0.017583
0.044007
0.01051
0.037061
0.003085
0.014193
0.040478
0.029483
0.087728
0.11469
0.018231
0.011627
0.02454
0.016951
0.005454
0.016483
0.301824
0.056644
0.08862
0.043703
0.0006
0.055594
0.660204
0.0177
0.012337
0.042208
0.012542
0.053745
0.093818
0.024874
0.01281
0.0377
0.013319
0.125071
0.033033
0.01188
0.01588
0.030768
0.028447
0.017265
0.589901
0.011183
0.005222
0.005049
0.013165
0.021088
0.001359
0.026545
0.03301
0.075454
0.033465
0.019731
0.017938
0.013135
0.013305
0.011864
0.032057
0.048277
0.017363
0.022828
0.056116
0.008163
0.017612
0.008841
0.015613
0.012951
0.016006
0.126094
0.020328
0.036072
0.056512
0.011978
0.035183
0.013247
0.028451
0.061776
0.051107
0.022562
0.027296
0.012239
0.057698
0.017759
0.047416
0.032215
0.023553
0.127922
0.057662
0.035265
0.038174
0.020086
0.014294
0.071599
0.043619
0.060306
0.037814
0.036239
0.027417
0.114638
0.020314
0.026975
0.033343
0.011024
0.011339
0.054779
0.056007
0.022843
0.007757
0.190776
0.018758
0.01963
0.043633
0.035638
0.029349
0.053128
0.040491
0.054031
0.005772
0.099166
0.207573
0.0141
0.010951
0.023873
0.007663
0.000698
0.026929
0.04131
0.027561
0.047509
0.016082
0.017866
0.035301
0.012276
0.018869
0.003651
0.005696
0.017522
0.041437
0.024993
0.009001
0.045886
0.016078
0.030281
0.014159
0.035683
0.013254
0.037252
0.033468
0.226674
0.019392
0.016573
0.049445
0.030147
0.069951
0.02242
0.034032
0.058605
0.014751
0.01187
0.04488
0.008811
0.553073
0.012296
0.008417
0.013848
0.051022
0.009787
0.798422
0.021947
0.06768
0.022735
0.022294
0.003495
0.04255
0.016887
0.064307
0.108294
0.036871
0.030457
0.023239
0.014959
0.017697
0.006697
0.162785
0.030604
0.006499
0.077447
0.020333
0.09748
0.00159
0.032459
0.012968
0.07577
0.018201
0.010957
0.021777
0.035993
0.007399
0.033724
0.003358
0.126726
0.006779
0.003605
0.017636
0.014154
0.012472
0.052737
0.029197
0.021789
0.015755
0.037296
0.007641
0.024509
0.011503
0.059995
0.033282
0.025597
0.007143
0.046439
0.059681
0.066027
0.024339
0.022597
0.021916
0.019907
0.023263
0.017704
0.028038
0.035848
0.038243
0.007997
0.035757
0.014181
0.009011
0.017458
0.00506
0.014701
0.011474
0.010539
0.02859
0.010431
0.021418
0.021475
0.031427
0.01632
0.109862
0.014436
0.025579
0.02193
0.089873
0.163924
0.009604
0.069399
0.023378
0.002976
0.003959
0.017014
0.004293
0.016225
0.046545
0.064241
0.133621
0.037841
0.006521
0.020553
0.035507
0.031924
0.026698
0.00957
0.150223
0.107269
0.012591
0.052804
0.129338
0.025014
0.129967
0.031273
0.02306
0.044529
0.051094
0.105236
0.016358
0.019744
0.054599
0.013035
0.011281
0.051217
0.024649
0.024536
0.029569
0.012592
0.068947
0.033331
0.025326
0.001776
0.02994
0.017628
0.019352
0.005542
0.048728
0.02182
0.002981
0.022305
0.047723
0.007371
0.000173
0.082376
0.01553
0.009992
0.012159
0.032606
0.026904
0.009616
0.138709
0.042505
0.014606
0.017258
0.048388
0.01213
0.037521
0.086596
0.014248
0.013445
0.0001
0.154322
0.038948
0.021816
0.039596
0.028827
0.031488
0.026689
0.225927
0.018147
0.070473
0.927784
0.068573
0.041904
0.014662
0.338851
0.020933
0.012695
0.011753
0.013311
0.02763
0.007882
0.026169
0.009987
0.009902
0.019278
0.01146
0.010642
0.006884
0.089952
0.060623
0.016469
0.00602
0.042788
0.023939
0.038712
0.024814
0.059679
0.010702
0.026783
0.024033
0.025369
0.077521
0.033503
0.999898
0.034632
0.033861
0.026145
0.007233
0.036065
0.027612
0.021604
0.011878
0.037008
0.016074
0.080859
0.184044
0.013594
0.033066
0.018884
0.026342
0.009394
0.007088
0.04154
0.059488
0.009287
0.073402
0.025917
0.007428
0.063546
0.037904
0.179516
0.055297
0.05984
0.038235
0.001877
0.022542
0.017938
0.000119
0.008126
0.038026
0.284256
0.001038
0.048716
0.056326
0.125431
0.038372
0.028485
0.029122
0.014506
0.52765
0.000434
0.018116
0.013787
0.022559
0.007022
0.071994
0.000101
0.014257
0.012664
0.228025
0.015497
0.104135
0.018886
0.026023
0.020114
0.077432
0.064705
0.034923
0.021587
0.011683
0.046526
0.016958
0.022425
0.01773
0.012592
0.018465
0.038703
0.015456
0.005727
0.076107
0.014803
0.018814
0.062308
0.006355
0.072833
0.017531
0.062647
0.033407
0.040821
0.029581
0.010418
0.014933
0.02474
0.00606
0.025905
0.008386
0.011706
0.057709
0.018805
0.016982
0.031687
0.078713
0.01576
0.008842
0.020219
0.022462
0.020005
0.024805
0.187
0.004794
0.009892
0.041346
0.01841
0.043367
0.034703
0.011717
0.006965
0.025779
0.04597
0.042003
0.02605
0.02176
0.024915
0.137849
0.119215
0.022282
0.02164
0.347749
0.009172
0.139354
0.099434
0.043015
0.012886
0.012279
0.453179
0.029654
0.02237
0.021413
0.029193
0.027959
0.01888
0.145468
0.071019
0.074414
0.033826
0.017902
0.035633
0.021483
0.153324
0.026121
0.012063
0.02015
0.012782
0.036334
0.024033
0.032166
0.054548
0.028526
0.867818
0.015161
0.002134
0.00923
0.027463
0.051215
0.023137
0.054966
0.113216
0.006663
0.083307
0.038337
0.01982
0.020782
0.009778
0.129876
0.035617
0.024263
0.027327
0.010873
0.004784
0.020395
0.050915
0.017583
0.013863
0.012036
0.028389
0.047197
0.013122
0.171098
0.040593
0.038472
0.004952
0.378313
0.053563
0.011249
0.0024
0.021632
0.065293
0.002891
0.149247
0.025631
0.032979
0.022588
0.046157
0.029298
0.024088
0.016915
0.077757
0.01578
0.04366
0.033623
0.056645
0.034829
0.023286
0.041053
0.004097
0.084973
0.0088
0.023859
0.024252
0.011668
0.025085
0.0875
0.033076
0.032811
0.069773
0.026768
0.017068
0.009483
0.033715
0.008653
0.025698
0.002144
0.030075
0.01018
0.01752
0.044688
0.04044
0.04367
0.037179
0.006894
0.01077
0.022912
0.130409
0.017608
0.015043
0.013195
0.009354
0.014907
0.004223
0.046387
0.030961
0.008483
0.08024
0.190098
0.057514
0.023529
0.023263
0.468345
0.010642
0.022146
0.163771
0.03226
0.01716
0.037128
0.028735
0.049922
0.014533
0.042149
0.023386
0.024871
0.021961
0.024683
0.427292
0.027928
0.055782
0.120778
0.000236
0.035946
0.013205
0.032637
0.006857
0.136914
0.039146
0.026787
0.009237
0.030626
0.022825
0.008078
0.015878
0.044007
0.008533
0.009917
0.016711
0.010612
0.026275
0.023467
0.01518
0.010232
0.364385
0.099721
0.029641
0.040822
0.02714
0.017206
0.022557
0.02478
0.012568
0.087021
0.07806
0.023032
0.064234
0.036486
0.027222
0.039471
0.025972
0.040007
0.02687
0.009785
0.011171
0.026098
0.022026
0.155795
0.000157
0.031187
0.011811
0.023414
0.009632
0.006377
0.042445
0.194055
0.032512
0.009243
0.012441
0.005078
0.000958
0.041385
0.017119
0.032673
0.042709
0.188184
0.038359
0.007781
0.040499
0.031105
0.016489
0.021707
0.163423
0.010105
0.00481
0.000164
0.023376
0.017294
0.012173
0.022662
0.589901
0.026688
0.018047
0.078795
0.004448
0.012427
0.011389
0.021428
0.019994
0.008926
0.025996
0.012284
0.014456
0.03333
0.037403
0.03262
0.014793
0.015221
0.002921
0.012461
0.014823
0.008897
0.047181
0.017837
0.003759
0.003595
0.015224
0.008546
0.042238
0.090458
0.016904
0.018515
0.111337
0.007302
0.052664
0.269068
0.077494
0.00937
0.007347
0.03666
0.007794
0.02672
0.060082
0.020645
0.038983
0.063938
0.017295
0.033639
0.007136
0.011992
0.059033
0.041459
0.011918
0.011939
0.047402
0.17837
0.02181
0.026223
0.014506
0.027487
0.051193
0.111272
0.01824
0.043294
0.108115
0.035524
0.160585
0.017118
0.013458
0.040242
0.022197
0.084206
0.02202
0.008866
0.126123
0.017173
0.074075
0.006197
0.026628
0.046613
0.030545
0.025374
0.110985
0.083931
0.018435
0.03172
0.009919
0.012342
0.073683
0.008699
0.027289
0.234602
0.02844
0.078853
0.034205
0.009536
0.024554
0.026357
0.007583
0.014565
0.028058
0.009169
0.059061
0.022633
0.038749
0.006048
0.020989
0.022426
0.010956
0.008449
0.049295
0.338659
0.057326
0.013578
0.004191
0.020365
0.019584
0.001024
0.011691
0.003668
0.013936
0.047841
0.034311
0.04845
0.006591
0.016524
0.025881
0.020918
0.043431
0.037707
0.013276
0.024245
0.007177
0.023391
0.008918
0.084851
0.008481
0.01496
0.016288
0.001417
0.166938
0.085177
0.016374
0.015793
0.047862
0.02676
0.622868
0.022648
0.013074
0.028065
0.031183
0.033205
0.061783
0.040297
0.009421
0.015368
0.046689
0.021241
0.011591
0.018071
0.029065
0.016366
0.01371
0.07535
0.161191
0.013562
0.012026
0.023093
0.016878
0.009974
0.011214
0.033636
0.092442
0.021057
0.031191
0.013364
0.00241
0.052897
0.031219
0.028669
0.008292
0.07093
0.065144
0.048431
0.009554
0.008447
0.05136
0.002913
0.013629
0.009551
0.01516
0.021524
0.035321
0.051014
0.024932
0.003698
0.006895
0.046642
0.015644
0.01604
0.0001
0.208325
0.024573
0.099155
0.012937
0.061025
0.012214
0.0074
0.021608
0.004986
0.33585
0.017741
0.116446
0.013906
0.039538
0.157274
0.014357
0.02768
0.084699
0.023407
0.046507
0.016012
0.003708
0.014096
0.008136
0.005188
0.009054
0.021321
0.014121
0.013258
0.016655
0.226516
0.700973
0.016345
0.036295
0.00854
0.032555
0.033577
0.016174
0.002596
0.059273
0.026538
0.054066
0.008591
0.011937
0.031862
0.046815
0.082146
0.03218
0.024976
0.011013
0.010667
0.139582
0.013637
0.027237
0.016042
0.014585
0.004405
0.015673
0.018395
0.030866
0.03109
0.020485
0.014832
0.028781
0.136487
0.042136
0.010565
0.008489
0.058301
0.005602
0.135684
0.119858
0.009654
0.0192
0.071586
0.36925
0.001409
0.022121
0.186446
0.090561
0.04915
0.02941
0.054171
0.054166
0.071833
0.04031
0.078464
0.897512
0.021248
0.006249
0.010368
0.03472
0.011084
0.019722
0.016195
0.005682
0.010402
0.038175
0.000572
0.027318
0.016407
0.019736
0.009298
0.063136
0.020777
0.00999
0.040394
0.001514
0.019646
0.033956
0.020058
0.002659
0.020474
0.023453
0.019308
0.104552
0.52765
0.024692
0.013819
0.019451
0.044968
0.039921
0.017931
0.012121
0.091632
0.011539
0.02089
0.007176
0.004457
0.005807
0.00454
0.008921
0.058762
0.055767
0.014267
0.015681
0.039613
0.010949
0.025754
0.004579
0.003893
0.012677
0.009354
0.009251
0.048689
0.020446
0.008014
0.005325
0.274675
0.011335
0.020276
0.041005
0.001596
0.034471
0.020834
0.031419
0.011477
0.02429
0.019846
0.011727
0.009303
0.021116
0.017242
0.037895
0.077138
0.016852
0.037289
0.03955
0.03999
0.062906
0.011465
0.021176
0.045365
0.010205
0.010054
0.116658
0.017961
0.058698
0.108491
0.0414
0.014777
0.017964
0.039361
0.023565
0.038472
0.015094
0.034621
0.014287
0.589901
0.014046
0.023353
0.046167
0.013862
0.016236
0.166626
0.043524
0.019216
0.012407
0.036966
0.015815
0.053491
0.008
0.02522
0.019825
0.032392
0.039186
0.013983
0.017271
0.004553
0.002241
0.025393
0.07476
0.030374
0.041037
0.009936
0.024956
0.034614
0.01999
0.022954
0.068571
0.006033
0.046378
0.080142
0.011706
0.262981
0.119007
0.013539
0.026234
0.014829
0.015075
0.025247
0.003798
0.024677
0.02027
0.168716
0.011294
0.008895
0.211883
0.011355
0.016195
0.02336
0.016725
0.027189
0.045627
0.000179
0.054869
0.006074
0.095889
0.030577
0.014843
0.029686
0.01411
0.007017
0.000161
0.020061
0.129056
0.192127
0.039017
0.014907
0.023974
0.015042
0.589901
0.019233
0.114692
0.017462
0.024722
0.012701
0.031986
0.018179
0.119216
0.016541
0.024358
0.049735
0.032332
0.042712
0.01647
0.024988
0.018121
0.024145
0.017626
0.091267
0.107175
0.012289
0.017058
0.006909
0.027886
0.016093
0.041081
0.009736
0.020689
0.015518
0.037423
0.02013
0.011058
0.018781
0.038494
0.029477
0.045353
0.004477
0.026967
0.016378
0.019015
0.17266
0.031691
0.045798
0.039824
0.017344
0.006302
0.032162
0.01278
0.04082
0.076125
0.063145
0.021425
0.02826
0.03755
0.055431
0.016213
0.068684
0.023192
0.009451
0.022885
0.024989
0.026667
0.025654
0.016745
0.21386
0.064596
0.021516
0.018442
0.013481
0.009293
0.007634
0.738273
0.065293
0.031531
0.022187
0.014088
0.09077
0.040689
0.005815
0.008545
0.01759
0.018625
0.009518
0.007213
0.014387
0.039623
0.014067
0.085344
0.010898
0.11688
0.008198
0.005103
0.033451
0.020699
0.032945
0.048527
0.010552
0.02179
0.01406
0.02492
0.021626
0.036678
0.015491
0.027467
0.025947
0.060729
0.02912
0.032205
0.02346
0.034677
0.011611
0.042909
0.008141
0.02771
0.017073
0.0001
0.045698
0.006605
0.182535
0.047218
0.014442
0.016931
0.011645
0.019113
0.03919
0.025923
0.011089
0.215678
0.053245
0.038357
0.057973
0.078509
0.014362
0.011472
0.009984
0.033351
0.014539
0.002257
0.011977
0.031203
0.029276
0.080164
0.066958
0.006839
0.150234
0.027909
0.008654
0.019403
0.020469
0.017106
0.026683
0.01925
0.01495
0.00482
0.017847
0.004869
0.007117
0.011398
0.00875
0.009287
0.01792
0.000102
0.015462
0.069067
0.133296
0.009995
0.012613
0.012443
0.0395
0.005191
0.004703
0.024313
0.016334
0.04653
0.003779
0.047155
0.056273
0.008962
0.039967
0.015113
0.02769
0.046546
0.017475
0.007093
0.010355
0.008435
0.033162
0.152941
0.006206
0.02256
0.022822
0.0421
0.032696
0.028046
0.018837
0.003499
0.032675
0.028033
0.020997
0.00649
0.018655
0.999208
0.190418
0.006513
0.01846
0.000238
0.054275
0.017378
0.035884
0.000825
0.019098
0.019978
0.039076
0.025475
0.049557
0.020055
0.016846
0.017911
0.020359
0.014863
0.023197
0.015162
0.029923
0.033797
0.021004
0.02498
0.016241
0.000146
0.470833
0.08128
0.020214
0.010094
0.206649
0.192297
0.021926
0.026775
0.106748
0.085244
0.005792
0.081631
0.012909
0.032678
0.025478
0.030508
0.035372
0.016006
0.011141
0.023374
0.01509
0.012577
0.028947
0.096308
0.012254
0.045999
0.041435
0.021357
0.047917
0.012594
0.040539
0.052533
0.026619
0.019759
0.030021
0.02462
0.017681
0.012349
0.009207
0.036603
0.123715
0.068198
0.062489
0.018169
0.012692
0.024133
0.088532
0.03436
0.012881
0.020807
0.146017
0.008697
0.048626
0.117801
0.061158
0.114434
0.25592
0.014016
0.005873
0.013781
0.027559
0.047017
0.147976
0.040204
0.18712
0.155098
0.066853
0.003516
0.030711
0.014737
0.013094
0.015383
0.027151
0.007357
0.108322
0.101384
0.139628
0.015526
0.021351
0.033152
0.009506
0.026955
0.014626
0.117095
0.03619
0.046124
0.008563
0.063881
0.027844
0.005393
0.090467
0.118622
0.038911
0.102636
0.019384
0.04527
0.008046
0.051044
0.007772
0.014083
0.022839
0.006464
0.040777
0.02933
0.00991
0.027914
0.01018
0.008284
0.031441
0.082778
0.021735
0.020663
0.016596
0.025677
0.003567
0.065225
0.142168
0.015443
0.40321
0.049979
0.070543
0.054015
0.011121
0.012582
0.039486
0.086473
0.401753
0.00732
0.141098
0.069447
0.030218
0.049691
0.017915
0.026729
0.024163
0.007038
0.033752
0.17734
0.014272
0.015336
0.036264
0.054719
0.020228
0.016785
0.01136
0.008496
0.01219
0.013883
0.057981
0.003001
0.016986
0.097276
0.008038
0.01523
0.009143
0.015712
0.008037
0.010701
0.024675
0.018485
0.001215
0.01273
0.0163
0.006097
0.022967
0.044067
0.011878
0.034686
0.011382
0.01734
0.008875
0.028859
0.037548
0.036234
0.315365
0.05641
0.011108
0.019389
0.032817
0.045707
0.012289
0.041271
0.013353
0.008647
0.025073
0.023618
0.077279
0.054265
0.01448
0.034154
0.033607
0.012953
0.350383
0.016618
0.011046
0.037524
0.026847
0.675644
0.021575
0.081202
0.027389
0.01776
0.022766
0.068208
0.032526
0.019183
0.010676
1.0001
0.012857
0.004225
0.028583
0.072728
0.041566
0.016644
0.013731
0.015335
0.003588
0.016138
0.04094
0.010221
0.000114
0.009978
0.041057
0.045406
0.01639
0.021582
0.015573
0.025798
0.022141
0.011431
0.041856
0.014792
0.00541
0.047329
0.011982
0.074148
0.014678
0.006665
0.005759
0.025301
0.027604
0.001636
0.00546
0.048112
0.006428
0.032878
0.246495
0.029906
0.013994
0.008599
0.012579
0.056237
0.011109
0.015635
0.014101
0.008569
0.192783
0.033874
0.023904
0.026143
0.009774
0.006757
0.026743
0.199227
0.022189
0.033638
0.044049
0.060382
0.068653
0.022783
0.020525
0.222923
0.005452
0.023985
0.036294
0.032182
0.051616
0.009756
0.071831
0.07075
0.034298
0.019671
0.072909
0.01553
0.014247
0.015816
0.007445
0.016739
0.329415
0.032755
0.023914
0.017511
0.023461
0.000277
0.048254
0.016188
0.034751
0.009211
0.009368
0.056951
0.005546
0.485251
0.02029
0.066871
0.038898
0.056851
0.012808
0.027377
0.024299
0.184367
0.011813
0.023892
0.045279
0.065492
0.049649
0.099816
0.007967
0.017744
0.01398
0.054107
0.052535
0.049756
0.010537
0.004716
0.041583
0.037099
0.07365
0.015637
0.118674
0.021504
0.027866
0.004879
0.040068
0.039832
0.101431
0.060886
0.016339
0.048933
0.017417
0.026298
0.017005
0.003221
0.005995
0.013825
0.015511
0.02897
0.022984
0.072516
0.025151
0.17911
0.017721
