0.426535
0.213575
0.430471
0.540187
0.316338
0.798024
0.443644
0.394225
0.757048
0.202374
0.4376
0.666216
0.318422
0.349362
0.345844
0.782199
0.154379
0.264432
0.58617
0.491584
0.322897
0.497071
0.519443
0.354102
0.304056
0.027323
0.588352
0.342101
0.362772
0.417308
0.18053
0.182045
0.571468
0.220924
0.433129
0.521391
0.301123
0.990123
0.840735
0.342772
0.207642
0.259074
0.258214
0.186838
0.709771
0.293139
0.347593
0.42797
0.367668
0.346709
0.163704
0.492092
0.210617
0.552341
0.280051
0.210617
0.4221
0.948481
0.279833
0.145484
0.305351
0.489511
0.525104
0.28519
0.451428
0.109732
0.634515
0.237991
0.629505
0.627093
0.307131
0.290344
0.247808
0.339422
0.253162
0.547425
0.131369
0.24559
0.260036
0.476433
0.236068
0.910673
0.073831
0.227638
0.187473
0.197646
0.392259
0.410538
0.405231
0.365626
0.682714
0.43642
0.782102
0.131551
0.060621
0.241732
0.492724
0.714117
0.548398
0.343953
0.712649
0.822792
0.158965
0.276675
0.371244
0.493001
0.730544
0.514163
0.150807
0.245898
0.610477
0.224127
0.548965
0.684206
0.084613
0.279945
0.479212
0.379457
0.358757
0.368377
0.020446
0.238322
0.077896
0.601115
0.226462
0.762785
0.369949
0.371601
0.130716
0.395838
0.127951
0.145626
0.235177
0.387353
0.000147
0.475699
0.432831
0.661623
0.295823
0.288568
0.38254
0.143542
0.714117
0.408452
0.893529
0.366634
0.417729
0.434662
0.633774
0.423743
0.254965
0.603675
0.729052
0.402398
0.372905
0.172307
0.369352
0.365866
0.224832
0.453096
0.165151
0.129192
0.342904
0.268189
0.310557
0.259838
0.350921
0.248708
0.553659
0.404798
0.763214
0.33952
0.161526
0.700645
0.34496
0.68839
0.212496
0.446215
0.200411
0.140854
0.525782
0.451243
0.105742
0.372486
0.597747
0.316793
0.261838
0.716031
0.911059
0.248561
0.509211
0.276839
0.424758
0.107962
0.509429
0.436985
0.130959
0.130032
0.012433
0.589891
0.551172
0.026659
0.371712
0.504253
0.75835
0.250982
0.829799
0.704711
0.000101
0.411788
0.556261
0.521048
0.218651
0.340654
0.966745
0.302532
0.331723
0.18811
0.38968
0.324649
0.391531
0.529766
0.066061
0.189298
0.180519
0.413354
0.575145
0.728158
0.619934
0.055309
0.300706
0.784818
0.312343
0.347598
0.074379
0.26865
0.225215
0.685103
0.452751
0.835502
0.827497
0.187288
0.147759
0.211477
0.268967
0.287933
0.55648
0.382869
0.326314
0.972276
0.336802
0.322906
0.171728
0.071256
0.197362
0.629936
0.72511
0.677152
0.906447
0.721135
0.841296
0.263634
0.304719
0.278788
0.43235
0.146275
0.249697
0.360997
0.619556
0.697708
0.566834
0.370653
0.283571
0.919862
0.393438
0.592395
0.712949
0.500129
0.348942
0.316793
0.273699
0.333717
0.387514
0.491489
0.415449
0.31893
0.478975
0.165057
0.805455
0.345989
0.225771
0.142104
0.506853
0.41842
0.456883
0.568248
0.878234
0.222122
0.221752
0.397838
0.548852
0.414981
0.183296
0.023008
0.277738
0.472427
0.749517
0.336467
0.493726
0.110112
0.520221
0.353044
0.491084
0.44052
0.282275
0.315427
0.785243
0.305763
0.340947
0.340518
0.514331
0.314241
0.220726
0.316511
0.564056
0.664867
0.505562
0.210767
0.543956
0.526413
0.387464
0.038678
0.304686
0.309746
0.228573
0.449221
0.454033
0.108213
0.235482
0.471937
0.093087
0.210195
0.381832
0.51509
0.443665
0.422685
0.466291
0.433881
0.417488
0.250109
0.169619
0.163501
0.818374
0.281343
0.652887
0.278894
0.057317
0.29975
0.461398
0.112437
0.464371
0.312539
0.319539
0.4374
0.279789
0.481939
0.064167
0.725916
0.515487
0.334756
0.605267
0.416674
0.611768
0.348139
0.060426
0.249464
0.106686
0.495776
0.453948
0.302531
0.237463
0.613883
0.290351
0.2621
0.623654
0.959767
0.246586
0.305329
0.422177
0.267195
0.522579
0.44585
0.453835
0.152115
0.48001
0.407646
0.908167
0.228236
0.746781
0.654885
0.088934
0.51912
0.377889
0.500166
0.537893
0.631829
0.424321
0.570513
0.548803
0.642786
0.237142
0.912513
0.513322
0.563502
0.356747
0.356113
0.473328
0.680765
0.533581
0.428571
0.304464
0.345352
0.449537
0.438871
0.35571
0.474042
0.187135
0.261234
0.204568
0.177892
0.378586
0.301153
0.209906
0.430471
0.313653
0.769604
0.138987
0.111962
0.282438
0.226969
0.33627
0.583515
0.288265
0.388223
0.38945
0.29036
0.000101
0.337677
0.580542
0.443735
0.85554
0.094038
0.580937
0.209118
0.484116
0.291212
0.449871
0.729806
0.207558
0.40599
0.096796
0.561831
0.320861
0.362263
0.344347
0.353349
0.709253
0.46854
0.34853
0.822199
0.387375
0.318129
0.408961
0.541653
0.763267
0.644828
0.42216
0.500161
0.456174
0.627685
0.266238
0.321202
0.653678
0.19417
0.405749
0.473754
0.697057
0.689886
0.668741
0.288917
0.617089
0.582663
0.359235
0.144407
0.300661
0.717879
0.621483
0.307477
0.429653
0.313063
0.000156
0.153456
0.593097
0.265628
0.768806
0.387372
0.540483
0.10354
0.330251
0.548542
0.440715
0.349537
0.303725
0.498081
0.871376
0.969565
0.489677
0.401805
0.144897
0.390456
0.337771
0.095675
0.35735
0.255646
0.413534
0.532003
0.821095
0.339365
0.366589
0.417894
0.899214
0.32348
0.53563
0.357459
0.275689
0.453225
0.539519
0.360098
0.324356
0.472942
0.37723
0.390008
0.408908
0.349693
0.811347
0.239181
0.575179
0.208498
0.794351
0.207854
0.486282
0.406619
0.238782
0.296367
0.285182
0.519823
0.260857
0.762034
0.790283
0.211306
0.404868
0.206208
0.528446
0.301662
0.12573
0.312758
0.146136
0.511365
0.255922
0.361791
0.419932
0.29463
0.129183
0.62808
0.560186
0.48678
0.700516
0.392479
0.403813
0.151667
0.46777
0.881499
0.437666
0.217025
0.360906
0.316589
0.323115
0.276645
0.459408
0.361159
0.478994
0.307812
0.262874
0.597265
0.3363
0.89486
0.278298
0.514661
0.516554
0.559564
0.413022
0.38376
0.209684
0.59531
0.656772
0.270499
0.314852
0.348475
0.419453
0.702049
0.518874
0.205009
0.464874
0.144461
0.612496
0.455698
0.56109
0.211298
0.77456
0.182639
0.345503
0.738595
0.220985
0.744011
0.698
0.293386
0.03135
0.552874
0.24494
0.270255
0.537759
0.749246
0.166934
0.172068
0.290433
0.619004
0.707162
0.580006
0.325677
0.194509
0.665337
0.207994
0.361441
0.544004
0.290871
0.177809
0.267331
0.313815
0.458113
0.12466
0.272086
0.303025
0.290286
0.183954
0.567138
0.553103
0.471203
0.329213
0.393765
0.359318
0.786056
0.483068
0.759867
0.336284
0.353027
0.714089
0.437607
0.229257
0.52903
0.124405
0.350399
0.18967
0.378625
0.150065
0.553571
0.316875
0.79233
0.164877
0.479937
0.556702
0.381882
0.04107
0.15371
0.797971
0.349925
0.327737
0.537009
0.477823
0.419929
0.35286
0.981338
0.645168
0.587491
0.493866
0.535538
0.240588
0.295306
0.208671
0.91182
0.437098
0.98506
0.229764
0.578405
0.278053
0.120754
0.413698
0.107878
0.623245
0.250662
0.4821
0.323695
0.598838
0.478453
0.418985
0.475791
0.591547
0.559213
0.324329
0.406076
0.292793
0.22504
0.376019
0.411988
0.210641
0.385941
0.779048
0.300638
0.424427
0.000101
0.576165
0.153518
0.593895
0.359702
0.340803
0.371824
0.632464
0.804073
0.282981
0.657785
0.39177
0.17766
0.556371
0.257948
0.829141
0.349776
0.1871
0.528534
0.185309
0.734393
0.394732
0.186084
0.275841
0.442661
0.149121
0.335149
0.305081
0.583221
0.301367
0.17199
0.58221
0.298821
0.372893
0.107509
0.351304
0.093941
0.020446
0.685219
0.860203
0.408518
0.815576
0.49369
0.282348
0.329199
0.296068
0.220422
0.364976
0.41732
0.814441
0.504002
0.296599
0.376157
0.256919
0.348941
0.330135
0.461361
0.444665
0.314444
0.359826
0.644949
0.569443
0.85774
0.635974
0.769931
0.54914
0.358263
0.129589
0.528317
0.845474
0.252136
0.416764
0.193821
0.541417
0.31837
0.450127
0.49606
0.19092
0.547748
0.454754
0.75222
0.255439
0.282782
0.387677
0.18784
0.924925
0.370065
0.090597
0.23788
0.220663
0.550194
0.388868
0.193657
0.208933
0.632415
0.240723
0.794484
0.951736
0.809555
0.589428
0.3624
0.052459
0.741771
0.130225
0.514847
0.335424
0.563229
0.26174
0.480309
0.765826
0.61459
0.044099
0.404076
0.203283
0.44353
0.357248
0.24519
0.518061
0.572247
0.290343
0.246533
0.197296
0.194028
0.835974
0.356283
0.40135
0.281138
0.291157
0.229197
0.620901
0.455798
0.277353
0.64735
0.870004
0.578802
0.226789
0.247516
0.032494
0.219325
0.555577
0.646676
0.241983
0.285304
0.551893
0.656704
0.539687
0.139048
0.37271
0.410691
0.504081
0.408917
0.189408
0.519934
0.638917
0.414121
0.610675
0.365254
0.33977
0.434103
0.208708
0.118705
0.414667
0.288793
0.347097
0.14412
0.454576
0.44321
0.587371
0.291259
0.246809
0.433128
0.075687
0.434315
0.255488
0.011412
0.219532
0.59151
0.813337
0.086647
0.180283
0.21174
0.297704
0.380936
0.618775
0.216421
0.270793
0.140426
0.58837
0.228247
0.144068
0.555044
0.28091
0.378839
0.298278
0.238895
0.168101
0.683765
0.144718
0.75162
0.931385
0.617372
0.517553
0.784526
0.267318
0.12389
0.465322
0.656463
0.448025
0.395056
0.362462
0.276775
0.34209
0.408492
0.624393
0.12161
0.419898
0.079874
0.20984
0.597649
0.26838
0.346586
0.355854
0.977317
0.142662
0.430226
0.337978
0.371756
0.636057
0.510341
0.430396
0.4212
0.311148
0.246289
0.349625
0.846049
0.921605
0.398113
0.95473
0.201515
0.362367
0.548936
0.935657
0.886973
0.380123
0.414959
0.47015
0.094681
0.60143
0.598111
0.196522
0.221998
0.169817
0.357966
0.358628
0.381585
0.954306
0.304758
0.426609
0.157535
0.472578
0.010194
0.287472
0.256534
0.316149
0.74107
0.244081
0.30628
0.330663
0.43306
0.556502
0.509136
0.31867
0.567411
0.361064
0.130614
0.30989
0.33945
0.600131
0.773324
0.319807
0.409241
0.472271
0.485034
0.170494
0.465435
0.363506
0.276486
0.563572
0.554788
0.309235
0.127669
0.520192
0.051368
0.652586
0.5511
0.867583
0.536907
0.153919
0.408042
0.402507
0.132996
0.561096
0.750699
0.819549
0.213012
0.595573
0.669646
0.451063
0.838462
0.32265
0.365648
0.201628
0.302817
0.255726
0.543653
0.375612
0.507824
0.024708
0.077146
0.466077
0.291691
0.008335
0.525947
0.206719
0.720961
0.426117
0.592923
0.846809
0.174717
0.335348
0.16863
0.044287
0.629384
0.358697
0.302866
0.698655
0.425109
0.591392
0.455678
0.288255
0.513979
0.413557
0.492618
0.387852
0.099114
0.867455
0.180842
0.122083
0.349587
0.516457
0.3037
0.034908
0.426689
0.696383
0.212403
0.235106
0.866499
0.249354
0.270381
0.390743
0.238821
0.333346
0.133332
0.329849
0.911888
0.712849
0.319813
0.247879
0.42974
0.100462
0.565094
0.292673
0.152317
0.491862
0.594945
0.175078
0.617257
0.061536
0.326996
0.770015
0.257823
0.44899
0.555398
0.600685
0.532852
0.48866
0.357784
0.170369
0.276524
0.807224
0.428721
0.309185
0.705251
0.862969
0.490179
0.952464
0.375793
0.158446
0.37582
0.357036
0.783737
0.995496
0.357221
0.392565
0.683898
0.478202
0.889249
0.465859
0.366931
0.432603
0.163349
0.304377
0.200553
0.516448
0.25384
0.676604
0.159743
0.903673
0.506854
0.611247
0.386324
0.337436
0.356905
0.303435
0.185569
0.644797
0.374405
0.337235
0.281689
0.184777
0.40923
0.057144
0.793779
0.378591
0.240507
0.10181
0.697185
0.979697
0.581853
0.287333
0.8193
0.056567
0.30604
0.663591
0.382245
0.325404
0.388936
0.845719
0.578712
0.292156
0.475012
0.506057
0.293525
0.123304
0.041576
0.454121
0.096792
0.585346
0.320741
0.328764
0.254444
0.40838
0.787753
0.732586
0.28505
0.28006
0.254176
0.249394
0.622584
0.131573
0.494977
0.296366
0.576545
0.753854
0.300528
0.421636
0.2453
0.144666
0.631967
0.175013
0.546488
0.122238
0.87637
0.43055
0.281038
0.449059
0.452869
0.316091
0.3731
0.446212
0.449123
0.644323
0.006084
0.305212
0.489592
0.691151
0.261902
0.193531
0.221171
0.26829
0.490778
0.169858
0.617015
0.326857
0.658386
0.555748
0.402605
0.261512
0.393929
0.386331
0.421489
0.465148
0.322032
0.434071
0.739529
0.400584
0.338676
0.358162
0.138344
0.494749
0.578797
0.304229
0.479396
0.638547
0.257967
0.650165
0.537788
0.264541
0.050064
0.836496
0.653159
0.41038
0.498358
0.638358
0.427942
0.237573
0.373295
0.324813
0.713767
0.50034
0.328609
0.640479
0.745266
0.121761
0.485357
0.386657
0.53861
0.288096
0.729439
0.70972
0.142234
0.61725
0.868089
0.002113
0.418007
0.680008
0.059153
0.738718
0.328844
0.970395
0.646347
0.637506
0.49628
0.188342
0.745068
0.786193
0.838736
0.102572
0.193501
0.319175
0.361413
0.5159
0.462369
0.432788
0.174114
0.328307
0.241835
0.176392
0.330203
0.428816
0.31762
0.87279
0.449923
0.431395
0.602634
0.300876
0.232696
0.728039
0.377665
0.472904
0.744011
0.124005
0.435696
0.352917
0.159774
0.578725
0.468429
0.009225
0.705503
0.20756
0.368769
0.416571
0.338402
0.617804
0.323549
0.558978
0.324229
0.613599
0.62604
0.300242
0.749755
0.67333
0.314994
0.266241
0.495004
0.162183
0.513903
0.744736
0.276708
0.645287
0.677579
0.616591
0.659822
0.283948
0.110614
0.852931
0.459339
0.408158
0.763701
0.841717
0.588428
0.35591
0.496979
0.222764
0.349815
0.13819
0.000101
0.74722
0.38874
0.620774
0.320294
0.275641
0.177337
0.901977
0.352415
0.589811
0.412062
0.306799
0.744546
0.306544
0.498192
0.497951
0.650975
0.458026
0.199622
0.383826
0.431804
0.461271
0.55122
0.425838
0.343743
0.431133
0.367072
0.164355
0.368786
0.273816
0.454374
0.310674
0.434853
0.310244
0.225458
0.894752
0.318545
0.495641
0.190846
0.535276
0.568142
0.377294
0.737925
0.198367
0.057685
0.23452
0.33258
0.567792
0.307459
0.532062
0.303417
0.521057
0.402675
0.755621
0.231144
0.000116
0.660061
0.167183
0.297286
0.572741
0.389859
0.886545
0.213254
0.220175
0.284618
0.68526
0.732192
0.30714
0.548884
0.148904
0.288536
0.3767
0.280361
0.257852
0.192856
0.318613
0.447613
0.310051
0.882732
0.429002
0.306092
0.492024
0.684193
0.338724
0.189142
0.613034
0.508789
0.699569
0.477921
0.194039
0.162334
0.278331
0.483558
0.506788
0.367186
0.439611
0.436705
0.284523
0.535719
0.683008
0.177211
0.587119
0.244983
0.661431
0.446393
0.397606
0.248607
0.375974
0.385797
0.386421
0.647208
0.809071
0.46278
0.157287
0.43214
0.325332
0.447341
0.518748
0.169624
0.16612
0.395004
0.630892
0.406976
0.348489
0.479215
0.247106
0.156824
0.401811
0.437547
0.29771
0.58113
0.109753
0.091484
0.418902
0.913748
0.261486
0.444517
0.51922
0.324966
0.258716
0.350454
0.48823
0.351057
0.86822
0.103497
0.586885
0.669039
0.375864
0.257613
0.146721
0.667414
0.322786
0.378904
0.187878
0.535338
0.427714
0.341925
0.148052
0.744577
0.256786
0.893042
0.504505
0.284494
0.33249
0.143203
0.842858
0.308215
0.558663
0.218498
0.240055
0.002684
0.556263
0.236181
0.312804
0.588889
0.396808
0.675257
0.770604
0.750459
0.602421
0.470652
0.37003
0.487107
0.643831
0.36723
0.900482
0.477902
0.915269
0.245626
0.377706
0.444948
0.47089
0.017333
0.309968
0.229861
0.14524
0.271796
0.478681
0.846196
0.025899
0.000157
0.881114
0.305553
0.240366
0.756873
0.739529
0.069392
0.282532
0.238371
0.949849
0.23216
0.406284
0.391516
0.161302
0.379057
0.247844
0.632929
0.670672
0.387107
0.717178
0.506676
0.320092
0.476889
0.204657
0.374776
0.089074
0.570638
0.454934
0.472941
0.190956
0.427668
0.284633
0.406212
0.360664
0.455159
0.714117
0.61936
0.523758
0.356537
0.555585
0.288314
0.620476
0.335087
0.476162
0.375995
0.216902
0.384518
0.75644
0.327782
0.475375
0.940208
0.541453
0.284271
0.383742
0.405691
0.128274
0.484166
0.699196
0.572992
0.620359
0.359956
0.177011
0.678808
0.32113
0.911683
0.556449
0.304352
0.647781
0.299454
0.727819
0.56064
0.419339
0.366503
0.969546
0.410559
0.122259
0.005173
0.793859
0.195392
0.160585
0.468508
0.866527
0.422473
0.663014
0.719325
0.62611
0.124203
0.258886
0.759654
0.344837
0.127056
0.404486
0.354468
0.19298
0.482455
0.270872
0.265141
0.559031
0.1303
0.102084
0.629081
0.503815
0.684228
0.848453
0.62479
0.342327
0.194202
0.560168
0.650473
0.38535
0.498966
0.438829
0.932506
0.351891
0.231943
0.185752
0.281423
0.346077
0.347291
0.555556
0.672523
0.207495
0.691101
0.153953
0.640475
0.431318
0.942446
0.678503
0.283636
0.416581
0.131253
0.374143
0.362179
0.230592
0.671524
0.415604
0.18006
0.456948
0.664474
0.34649
0.53956
0.280836
0.528375
0.445998
0.27362
0.530025
0.411869
0.587396
0.533773
0.414926
0.318006
0.14413
0.444764
0.325574
0.2249
0.389141
0.153049
0.422766
0.252033
0.705379
0.267612
0.521968
0.661088
0.2538
0.344007
0.326157
0.831541
0.209268
0.26733
0.302022
0.0913
0.066429
0.173472
0.40767
0.349239
0.256219
0.529032
0.229955
0.342508
0.647691
0.37752
0.000989
0.207418
0.489386
0.245969
0.390003
0.355221
0.219996
0.196583
0.621264
0.224995
0.183992
0.46303
0.714117
0.193328
0.396477
0.448901
0.269639
0.333843
0.565911
0.525434
0.254621
0.212324
0.151138
0.16157
0.743517
0.557499
0.201634
0.249223
0.286674
0.748287
0.449192
0.382216
0.837387
0.654947
0.267817
0.47756
0.000158
0.34279
0.269354
0.204511
0.301731
0.181402
0.382168
0.36349
0.320231
0.476753
0.19008
0.394404
0.236485
0.670949
0.278928
0.365852
0.437513
0.319876
0.470307
0.336219
0.33324
0.175906
0.323996
0.230681
0.767695
0.14421
0.155337
0.515786
0.311134
0.37075
0.441941
0.473165
0.552084
0.410237
0.677107
0.257604
0.275485
0.871546
0.424526
0.297854
0.350581
0.352273
0.19317
0.694707
0.201972
0.539307
0.390346
0.201136
0.760497
0.159279
0.274889
0.329137
0.196764
0.298798
0.706042
0.443449
0.378334
0.206024
0.50035
0.5959
0.085398
0.744737
0.347995
0.612132
0.637496
0.561602
0.663722
0.350586
0.715595
0.252792
0.322548
0.426775
0.516176
0.33397
0.280212
0.318101
0.157844
0.263487
0.162897
0.345543
0.561898
0.302234
0.361882
0.132085
0.739575
0.176067
0.489705
0.436026
0.594209
0.420348
0.198163
0.662322
0.469127
0.471626
0.608559
0.913953
0.112284
0.424951
0.881361
0.691297
0.649299
0.043545
0.35307
0.258316
0.274376
0.41092
0.359565
0.705263
0.350297
0.936022
0.501582
0.603793
0.683456
0.53912
0.252543
0.234113
0.307609
0.469045
0.375703
0.152864
0.457774
0.47641
0.420759
0.242909
0.228905
0.245363
0.645871
0.30683
0.8009
0.357962
0.306242
0.29713
0.301946
0.23221
0.303582
0.330154
0.538041
0.631889
0.412262
0.290943
0.184826
0.311911
0.439967
0.589717
0.773144
0.466271
0.263227
0.443706
0.604665
0.357867
0.726091
0.26371
0.17711
0.603873
0.337104
0.40901
0.540595
0.583917
0.605351
0.419303
0.990464
0.562738
0.408589
0.916274
0.173145
0.305076
0.620081
0.426591
0.397672
0.415463
0.327061
0.362284
0.327901
0.012078
0.341234
0.788682
0.41354
0.258794
0.382182
0.218318
0.220144
0.342569
0.172308
0.358935
0.348482
0.506712
0.13931
0.394295
0.320293
0.332962
0.299417
0.168787
0.179489
0.516788
0.448298
0.308965
0.419335
0.127393
0.374291
0.308295
0.961256
0.468691
0.548129
0.433111
0.932108
0.368037
0.513793
0.132737
0.743209
0.295015
0.534115
0.781721
0.686138
0.616369
0.448891
0.955577
0.621137
0.458015
0.371078
0.645454
0.208446
0.226603
0.228092
0.300815
0.358568
0.049365
0.532975
0.347778
0.244568
0.200912
0.608836
0.230545
0.297412
0.798941
0.227751
0.353908
0.415023
0.536177
0.431482
0.289546
0.586067
0.212127
0.255154
0.632189
0.336032
0.565819
0.581595
0.401647
0.848514
0.237038
0.052563
0.303477
0.474989
0.183299
0.051256
0.404897
0.618037
0.292634
0.315847
0.862169
0.530141
0.39398
0.315033
0.658824
0.487301
0.627585
0.542216
0.399544
0.003306
0.348183
0.390344
0.43556
0.500054
0.339319
0.000136
0.959587
0.49246
0.205909
0.355767
0.0057
0.309133
0.263069
0.970264
0.421198
0.250727
0.45212
0.431678
0.650173
0.214114
0.400492
0.889456
0.094752
0.473414
0.626219
0.432103
0.541653
0.454392
0.171638
0.354082
0.303055
0.523292
0.370295
0.257256
0.675283
0.850945
0.895406
0.379036
0.65196
0.01417
0.224835
0.362497
0.793108
0.200306
0.72644
0.80816
0.437771
0.759693
0.641654
0.341564
0.529799
0.758944
0.145458
0.78903
0.611985
0.291509
0.348627
0.574906
0.501642
0.34456
0.471002
0.584454
0.263194
0.173484
0.590687
0.722634
0.609329
0.090539
0.305838
0.261265
0.243786
0.233616
0.405439
0.647432
0.298356
0.539648
0.150815
0.454865
0.368994
0.274567
0.271019
0.313618
0.342166
0.18224
0.29025
0.312583
0.390419
0.705365
0.327809
0.42804
0.647251
0.280407
0.503017
0.065679
0.336332
0.524294
0.345454
0.786349
0.709331
0.16241
0.314788
0.491654
0.267502
0.172543
0.317992
0.920387
0.624425
0.746062
0.396543
0.011154
0.683974
0.760382
0.359996
0.23678
0.615314
0.210416
0.669862
0.769288
0.432395
0.25497
0.584977
0.342398
0.842223
0.356779
0.325772
0.349781
0.326318
0.532556
0.28115
0.714117
0.304898
0.168157
0.158524
0.323923
0.391372
0.042658
0.419994
0.356237
0.775085
0.563952
0.442205
0.306036
0.243535
0.283952
0.281031
0.351254
0.652819
0.396008
0.400472
0.67188
0.133848
0.349123
0.189811
0.37292
0.33378
0.358881
0.832393
0.320303
0.467034
0.68663
0.194122
0.500864
0.227495
0.519032
0.40838
0.627281
0.450632
0.500566
0.324139
0.685471
0.381787
0.485366
0.485142
0.290248
0.835288
0.728011
0.369548
0.374492
0.337444
0.328077
0.74603
0.408615
0.680961
0.354268
0.380185
0.325865
0.796826
0.414707
0.416042
0.486855
0.254023
0.287312
0.680831
0.659082
0.405276
0.10723
0.886786
0.276735
0.271878
0.666953
0.578128
0.506312
0.456576
0.420304
0.68699
0.177484
0.784345
0.905674
0.274584
0.148205
0.509715
0.216981
0.021457
0.501862
0.621525
0.461079
0.669483
0.356791
0.186318
0.549022
0.19164
0.381332
0.112124
0.168614
0.387993
0.642108
0.329869
0.188186
0.656278
0.384737
0.503639
0.340429
0.511299
0.309228
0.63547
0.508952
0.810474
0.356922
0.264188
0.58112
0.520281
0.509596
0.413254
0.60349
0.589673
0.381095
0.305786
0.628172
0.243638
0.966033
0.310855
0.132396
0.263938
0.674789
0.27894
0.990375
0.414893
0.722888
0.464509
0.415694
0.102979
0.49948
0.231184
0.654998
0.804058
0.58867
0.409561
0.449352
0.380163
0.342196
0.115906
0.860836
0.523287
0.129676
0.46646
0.425204
0.686908
0.053625
0.543586
0.267474
0.481246
0.318325
0.200971
0.437308
0.58918
0.224038
0.607717
0.057208
0.819616
0.221142
0.124465
0.293574
0.359415
0.209728
0.683264
0.555873
0.314496
0.366503
0.392111
0.215581
0.339771
0.293898
0.594591
0.546357
0.487093
0.138507
0.679311
0.511966
0.704926
0.481289
0.374397
0.412602
0.433712
0.432183
0.432343
0.512375
0.397689
0.589107
0.171666
0.557786
0.177013
0.269955
0.338532
0.161436
0.232841
0.165717
0.158428
0.55453
0.172254
0.414435
0.2862
0.334198
0.388205
0.696796
0.342683
0.315838
0.439813
0.769549
0.847957
0.17975
0.629776
0.401939
0.096905
0.095906
0.379764
0.145896
0.395474
0.43166
0.500495
0.78256
0.508197
0.175069
0.324034
0.430304
0.360975
0.37552
0.274152
0.850275
0.816012
0.233313
0.597248
0.831778
0.446621
0.808947
0.532419
0.481828
0.622719
0.598949
0.806863
0.267464
0.394117
0.612853
0.200044
0.228011
0.642519
0.488816
0.301009
0.506493
0.193562
0.763395
0.345063
0.467825
0.031528
0.534325
0.257617
0.407719
0.163441
0.43763
0.291966
0.095534
0.417428
0.659166
0.177222
0.003006
0.766287
0.19106
0.201822
0.304876
0.567152
0.509212
0.173589
0.856045
0.607603
0.37879
0.271508
0.612456
0.162743
0.566518
0.776968
0.260053
0.19543
0.000104
0.840544
0.576284
0.297618
0.523995
0.50552
0.570209
0.54611
0.822077
0.364559
0.688374
0.99487
0.740539
0.413848
0.355462
0.95289
0.435906
0.219891
0.257762
0.328761
0.442306
0.231232
0.476264
0.220278
0.241483
0.237174
0.217813
0.189415
0.151163
0.803963
0.451353
0.237337
0.194682
0.61606
0.465678
0.558699
0.457188
0.66376
0.217228
0.520751
0.442175
0.357581
0.739408
0.442735
1.000049
0.585937
0.519611
0.454984
0.19111
0.390011
0.51756
0.313232
0.233352
0.568425
0.355533
0.443219
0.8878
0.271321
0.445745
0.405325
0.361848
0.269733
0.112886
0.608282
0.466972
0.165983
0.729357
0.340806
0.218841
0.67779
0.394863
0.772044
0.621255
0.684364
0.575083
0.034787
0.480355
0.22342
0.000476
0.170696
0.467607
0.924312
0.033635
0.453588
0.686567
0.837714
0.644469
0.528488
0.516229
0.289378
0.672582
0.012779
0.423757
0.218541
0.385135
0.222025
0.732572
0.000145
0.367297
0.33501
0.900317
0.214824
0.807962
0.384674
0.493665
0.246252
0.768024
0.71322
0.56774
0.260629
0.323338
0.443209
0.399283
0.433925
0.407409
0.242763
0.349599
0.531814
0.397422
0.164914
0.731879
0.336823
0.416019
0.487
0.192876
0.736347
0.362287
0.53302
0.298806
0.422182
0.363958
0.16015
0.315014
0.414059
0.187563
0.315933
0.249487
0.158153
0.604312
0.411047
0.393938
0.361041
0.716007
0.315752
0.134954
0.429464
0.309734
0.366118
0.453213
0.794333
0.101065
0.272981
0.419647
0.324891
0.617464
0.350741
0.172178
0.116757
0.395667
0.627713
0.629395
0.480501
0.416259
0.479713
0.868902
0.815062
0.386412
0.316983
0.949186
0.25014
0.799702
0.545609
0.548216
0.213491
0.32376
0.952186
0.343575
0.456167
0.430935
0.467958
0.447337
0.209012
0.841882
0.711361
0.565058
0.278223
0.433156
0.527653
0.443496
0.879117
0.395717
0.263397
0.243043
0.279646
0.389336
0.460061
0.515438
0.650081
0.506199
0.994295
0.34233
0.077679
0.260493
0.527483
0.674082
0.318594
0.57629
0.777068
0.194064
0.515849
0.624145
0.310637
0.422141
0.286228
0.825376
0.556391
0.318761
0.421316
0.280367
0.080695
0.314769
0.661327
0.366625
0.299953
0.224348
0.507119
0.636453
0.334415
0.728276
0.320224
0.60109
0.134526
0.953588
0.651704
0.165202
0.091104
0.415786
0.695226
0.047155
0.85964
0.335117
0.58615
0.464786
0.431733
0.451914
0.293558
0.367737
0.738064
0.360814
0.425629
0.495563
0.701671
0.58592
0.355152
0.521671
0.079194
0.772086
0.242645
0.430348
0.462755
0.221479
0.520877
0.761478
0.532289
0.56419
0.717217
0.321642
0.250489
0.248587
0.530037
0.242415
0.455027
0.075701
0.516887
0.288133
0.224162
0.333684
0.636598
0.406616
0.503826
0.183237
0.225867
0.45517
0.81445
0.295466
0.297143
0.188296
0.142537
0.220268
0.08162
0.458254
0.372183
0.243351
0.776355
0.792325
0.68859
0.434042
0.313389
0.95594
0.195253
0.325872
0.843311
0.485659
0.336332
0.575287
0.559675
0.5645
0.340748
0.419585
0.48181
0.332269
0.42828
0.383944
0.956905
0.373812
0.674284
0.81331
0.005346
0.536499
0.334768
0.579298
0.217372
0.868434
0.436478
0.346353
0.260594
0.328972
0.424965
0.218979
0.383873
0.650649
0.227132
0.306622
0.262033
0.191485
0.423201
0.279748
0.356924
0.236804
0.863813
0.559699
0.347658
0.516075
0.351828
0.317951
0.453218
0.490651
0.328114
0.741375
0.703372
0.447141
0.663858
0.586156
0.49977
0.38719
0.30886
0.580765
0.329993
0.305075
0.301771
0.456633
0.451899
0.854181
0.002361
0.424897
0.313791
0.476324
0.168855
0.128705
0.649336
0.861683
0.547217
0.255509
0.279693
0.103534
0.021021
0.567468
0.242683
0.493139
0.354509
0.87853
0.581482
0.224416
0.595452
0.334484
0.340423
0.389198
0.87383
0.184949
0.079423
0.002561
0.305436
0.260802
0.28398
0.462884
0.714117
0.465222
0.32998
0.678801
0.147163
0.309078
0.28456
0.305543
0.312852
0.178411
0.424632
0.235946
0.344532
0.471254
0.421016
0.348323
0.198625
0.354722
0.058572
0.314738
0.36655
0.278615
0.705333
0.439729
0.12573
0.138208
0.27656
0.194023
0.622344
0.769755
0.421158
0.256781
0.820049
0.226013
0.60632
0.921925
0.785211
0.237819
0.126478
0.386634
0.128487
0.46147
0.657307
0.443571
0.575179
0.729276
0.233604
0.535624
0.188928
0.350992
0.579797
0.623535
0.267406
0.284835
0.631508
0.884102
0.485827
0.361784
0.357706
0.460029
0.472279
0.79759
0.31618
0.657992
0.816515
0.590491
0.87503
0.281544
0.348049
0.453227
0.436116
0.752379
0.479711
0.184707
0.860231
0.398044
0.721048
0.128209
0.39052
0.503209
0.518518
0.464997
0.717823
0.786725
0.276231
0.527766
0.106124
0.334751
0.739646
0.236866
0.482304
0.924144
0.454928
0.784298
0.410262
0.175042
0.497491
0.473981
0.229219
0.228631
0.373091
0.176906
0.696277
0.415234
0.441339
0.172095
0.403557
0.301124
0.173054
0.1859
0.632959
0.921911
0.729692
0.354527
0.100313
0.427746
0.421061
0.030325
0.216289
0.118725
0.369725
0.430602
0.496529
0.449746
0.23058
0.298232
0.318638
0.366691
0.646296
0.595495
0.250603
0.305555
0.20741
0.420237
0.25627
0.673922
0.253515
0.172817
0.34595
0.048101
0.870128
0.780689
0.295185
0.287712
0.616934
0.447031
0.980202
0.370111
0.245563
0.516786
0.469829
0.579357
0.59774
0.435736
0.163372
0.350193
0.582106
0.396592
0.320254
0.315786
0.515842
0.284377
0.327388
0.706673
0.865289
0.32496
0.344989
0.477488
0.254003
0.260389
0.211899
0.575898
0.780981
0.406832
0.557358
0.275193
0.077301
0.668661
0.349943
0.485328
0.154993
0.715747
0.707396
0.424927
0.151233
0.232242
0.640697
0.096443
0.363978
0.246941
0.367683
0.31717
0.509498
0.552675
0.463688
0.110253
0.153037
0.474986
0.375398
0.368729
0.000101
0.891656
0.325377
0.75415
0.322626
0.461803
0.324554
0.231797
0.312965
0.153784
0.948422
0.237404
0.809102
0.330843
0.638179
0.853625
0.356164
0.509326
0.799929
0.284873
0.63964
0.304202
0.062295
0.359985
0.184921
0.091541
0.252126
0.430055
0.367504
0.331263
0.242175
0.818434
0.982736
0.353866
0.372878
0.23548
0.552142
0.373297
0.252794
0.051435
0.68346
0.529247
0.680571
0.243184
0.303463
0.562518
0.56547
0.762097
0.38501
0.335008
0.161162
0.220554
0.860783
0.183082
0.33505
0.251292
0.353515
0.075522
0.384086
0.317823
0.543514
0.341582
0.480776
0.314373
0.52113
0.84407
0.59725
0.170237
0.248147
0.702423
0.095236
0.867083
0.826384
0.254159
0.372758
0.582101
0.935885
0.025899
0.450187
0.778555
0.685079
0.683561
0.53637
0.699905
0.443512
0.72809
0.557602
0.756557
0.994822
0.357244
0.146192
0.180933
0.584793
0.297718
0.334888
0.397123
0.136413
0.156547
0.598177
0.01865
0.505621
0.265412
0.36577
0.197275
0.649583
0.455031
0.286975
0.543951
0.054279
0.290756
0.450984
0.340639
0.084808
0.250382
0.375068
0.413118
0.801301
0.672582
0.466665
0.348608
0.253437
0.610691
0.58623
0.26689
0.218672
0.671707
0.179564
0.322381
0.161063
0.155198
0.138671
0.161726
0.153022
0.490668
0.678936
0.37006
0.283861
0.446478
0.227667
0.466141
0.103708
0.119222
0.342215
0.133591
0.213027
0.495935
0.341189
0.242749
0.168747
0.836042
0.295949
0.433347
0.549374
0.049382
0.355649
0.468304
0.471383
0.317431
0.464766
0.319921
0.216891
0.209006
0.397381
0.31248
0.494557
0.525212
0.419053
0.565694
0.515249
0.626753
0.726043
0.23605
0.454344
0.610292
0.282237
0.161206
0.727675
0.332986
0.680176
0.568419
0.634074
0.342041
0.306079
0.619861
0.442653
0.392107
0.260059
0.36691
0.364511
0.714117
0.222126
0.470124
0.667985
0.199351
0.248077
0.884653
0.635685
0.38479
0.241169
0.498453
0.317566
0.59919
0.20103
0.418226
0.305922
0.569823
0.373236
0.280734
0.368757
0.148998
0.073803
0.352195
0.683231
0.470762
0.447651
0.274201
0.310527
0.388289
0.306763
0.279293
0.72908
0.106596
0.411831
0.650946
0.2014
0.906989
0.790269
0.298578
0.320961
0.356072
0.312424
0.421893
0.075135
0.373649
0.449418
0.698258
0.303746
0.157497
0.888726
0.218542
0.304569
0.490511
0.395442
0.506758
0.629501
0.003019
0.65934
0.116289
0.774121
0.481598
0.401372
0.437085
0.21943
0.217037
0.002433
0.412781
0.817954
0.88153
0.550952
0.220268
0.472008
0.224689
0.714117
0.410206
0.603892
0.381961
0.360666
0.193408
0.477671
0.408666
0.843429
0.217713
0.407792
0.368814
0.409629
0.421081
0.403869
0.350916
0.3995
0.465596
0.349943
0.749657
0.834208
0.300578
0.34817
0.128528
0.524706
0.257732
0.402168
0.167483
0.428877
0.22218
0.325844
0.398271
0.311596
0.333944
0.352893
0.488678
0.549252
0.1424
0.53769
0.296568
0.360542
0.884301
0.363995
0.624963
0.332442
0.403985
0.103153
0.474797
0.310497
0.396117
0.663497
0.40636
0.431975
0.53567
0.606695
0.659866
0.309936
0.670385
0.465009
0.262204
0.370029
0.422892
0.449691
0.427859
0.292388
0.869219
0.722593
0.388931
0.328158
0.22613
0.25696
0.208026
0.984418
0.410969
0.369873
0.450782
0.269562
0.775783
0.318272
0.151201
0.211839
0.249729
0.395308
0.291342
0.209002
0.366166
0.383411
0.350072
0.775446
0.160062
0.813448
0.236838
0.108746
0.380849
0.34441
0.530147
0.614461
0.19652
0.469427
0.228052
0.405942
0.30166
0.350141
0.304646
0.458832
0.501342
0.663695
0.474428
0.551053
0.462538
0.501799
0.163484
0.464524
0.139274
0.336938
0.234005
0.000101
0.650545
0.106628
0.877138
0.640246
0.323109
0.241147
0.301828
0.3941
0.582373
0.406916
0.292679
0.907847
0.631192
0.588638
0.70191
0.745452
0.283024
0.188419
0.303091
0.466491
0.365328
0.076742
0.248044
0.344176
0.481934
0.753427
0.708041
0.144565
0.857184
0.552249
0.2073
0.409802
0.268965
0.411851
0.330384
0.327441
0.262313
0.151507
0.410777
0.100063
0.142989
0.294583
0.209315
0.298014
0.290261
0.000145
0.319363
0.72569
0.871411
0.268356
0.289809
0.225406
0.507527
0.141814
0.148732
0.451877
0.328989
0.616682
0.076751
0.42538
0.682265
0.186412
0.550837
0.379786
0.451372
0.44956
0.357195
0.216124
0.208352
0.120424
0.442589
0.8764
0.157565
0.467086
0.302028
0.619986
0.362497
0.520545
0.294349
0.113494
0.567772
0.305497
0.295096
0.144377
0.317099
0.999946
0.872067
0.189969
0.361516
0.005955
0.676265
0.259122
0.554303
0.015574
0.409613
0.408545
0.523917
0.360061
0.651321
0.278638
0.262072
0.351258
0.373422
0.214788
0.467359
0.269269
0.359306
0.572772
0.469059
0.324591
0.232626
0.001876
0.896072
0.726009
0.257955
0.199694
0.885325
0.881173
0.432531
0.497324
0.798711
0.599758
0.189134
0.744241
0.250866
0.562611
0.371788
0.443217
0.56728
0.253409
0.308235
0.412555
0.21016
0.179494
0.343093
0.693855
0.346158
0.648645
0.413228
0.333824
0.466277
0.180733
0.656222
0.563821
0.370924
0.372311
0.531754
0.287252
0.237494
0.260425
0.268439
0.520528
0.826092
0.723945
0.667674
0.389109
0.346472
0.297583
0.640618
0.554151
0.22632
0.269188
0.838907
0.267152
0.56837
0.816479
0.722805
0.830074
0.824865
0.371128
0.144127
0.362979
0.485964
0.630618
0.853706
0.589282
0.868148
0.85226
0.742006
0.115665
0.407432
0.300087
0.316326
0.338726
0.353543
0.207319
0.833074
0.804398
0.7371
0.380684
0.467668
0.374552
0.254472
0.518049
0.240589
0.820239
0.407317
0.637057
0.225364
0.713267
0.454741
0.161127
0.791568
0.801036
0.612182
0.576228
0.239554
0.605265
0.193484
0.640252
0.250866
0.211236
0.452633
0.20889
0.561182
0.316132
0.128566
0.440525
0.300284
0.125675
0.539864
0.697475
0.388696
0.384881
0.281552
0.418984
0.115481
0.636786
0.67955
0.377331
0.949809
0.649107
0.75248
0.678975
0.306432
0.317226
0.574552
0.765233
0.946563
0.233524
0.676163
0.519237
0.529195
0.652885
0.314629
0.338819
0.477806
0.117657
0.399811
0.859588
0.220949
0.363637
0.605773
0.686247
0.442971
0.387219
0.307511
0.122161
0.293954
0.370996
0.654554
0.095753
0.340918
0.571191
0.222263
0.219662
0.194936
0.336955
0.237935
0.294767
0.4652
0.299836
0.039355
0.166238
0.373509
0.109302
0.296107
0.676157
0.292361
0.557051
0.246343
0.255301
0.167992
0.544058
0.389409
0.402819
0.934531
0.716897
0.279122
0.282424
0.580581
0.633922
0.321098
0.586619
0.179154
0.246509
0.441906
0.445508
0.780001
0.69115
0.352551
0.556452
0.594757
0.23046
0.866885
0.338285
0.296818
0.591005
0.311951
0.978727
0.36132
0.800797
0.445683
0.4503
0.309702
0.695412
0.490102
0.324825
0.174321
1.0001
0.207939
0.082808
0.435004
0.739879
0.396287
0.389532
0.355936
0.378305
0.030105
0.27786
0.624425
0.226642
0.00035
0.234743
0.402338
0.426093
0.369294
0.298704
0.279388
0.501898
0.490771
0.222577
0.608984
0.384511
0.162599
0.595871
0.255791
0.736596
0.294097
0.197205
0.103322
0.244528
0.444843
0.03402
0.182702
0.569697
0.121245
0.504335
0.894247
0.545461
0.212504
0.143059
0.196762
0.639721
0.298526
0.327903
0.225435
0.271732
0.699672
0.363229
0.26689
0.253607
0.276202
0.061671
0.466291
0.857322
0.427741
0.387461
0.413384
0.66494
0.667546
0.32018
0.47729
0.799871
0.161855
0.36778
0.581433
0.446835
0.661417
0.231156
0.616453
0.741881
0.394052
0.446115
0.698724
0.370103
0.263991
0.364115
0.197445
0.413847
0.943158
0.553969
0.479804
0.404315
0.465613
0.006944
0.637511
0.276429
0.479895
0.127375
0.231917
0.479556
0.176679
0.964236
0.332695
0.699276
0.616052
0.640913
0.273074
0.49785
0.490255
0.880759
0.26668
0.521396
0.558401
0.723659
0.612571
0.683626
0.201134
0.385762
0.306545
0.561982
0.440186
0.43055
0.269627
0.132681
0.618211
0.391215
0.714284
0.353796
0.815471
0.294555
0.488945
0.15774
0.523037
0.596749
0.783714
0.721615
0.271215
0.442471
0.216478
0.296714
0.375962
0.116343
0.163004
0.359372
0.203581
0.430017
0.45503
0.713714
0.326516
0.801688
0.2403
