0.024726
0.243272
0.001262
0.007811
0.911554
0.00468
0.005198
0.010267
0.024339
0.003433
0.999926
0.013936
0.026487
0.977111
0.952051
0.110402
0.008339
0.033437
0.006661
0.003104
0.020026
0.00504
0.038522
0.007816
0.000245
0.011634
0.036301
0.008468
0.011378
0.050834
0.027461
0.003753
0.069573
0.34328
0.121792
0.082951
0.013636
0.658992
0.009129
0.003385
0.001337
0.226383
0.056936
0.148115
0.007695
0.180773
0.057561
0.046788
0.016471
0.693335
0.625425
0.025811
0.017249
0.006959
0.142614
0.016815
0.019052
0.029432
0.037733
0.022269
0.005347
0.024197
0.113071
0.01805
0.231629
0.012054
0.741158
0.04148
0.007206
0.003291
0.023779
0.98719
0.204905
0.022111
0.027805
0.559214
0.029175
0.032753
0.010471
0.014899
0.015356
0.020788
0.004954
0.025055
0.048106
0.015474
0.013446
0.019953
0.999072
0.044336
0.010722
0.008881
0.006347
0.004909
0.003559
0.454701
0.003844
0.019317
0.006131
0.001765
0.006297
0.00378
0.007794
0.010508
0.113963
0.977807
0.019635
0.014067
0.011241
0.010427
0.047396
0.002045
0.003275
0.003492
0.014259
0.005536
0.01416
0.006386
0.023408
0.005953
0.023728
0.712604
0.024842
0.0011
0.011941
0.225154
0.011953
0.146513
0.174063
0.049659
0.022171
0.483427
0.676677
0.0161
0.011063
0.964822
0.002479
0.004343
0.019437
0.105105
0.004414
0.019375
0.05331
0.526548
0.952027
0.006137
0.040667
0.012217
0.004972
0.576972
0.115352
0.017718
0.004247
0.010834
0.066775
0.0088
0.035314
0.004537
0.267701
0.172898
0.013026
0.926982
0.011816
0.006178
0.023371
0.933668
0.33462
0.003048
0.02568
0.009411
0.022438
0.660218
0.008684
1.0001
0.013195
0.013131
0.009595
0.010368
0.020767
0.000375
0.004369
0.013293
0.005351
0.002694
0.000188
0.957436
0.015191
0.015329
0.892776
0.0077
0.016389
0.018033
0.401745
0.019754
0.006967
0.024568
0.009358
0.000319
0.015632
0.002278
0.00303
0.001732
0.153941
0.008814
0.000942
0.090101
0.011922
0.019024
0.025118
0.03046
0.397676
0.009002
0.454766
0.388014
0.032478
0.006391
0.027272
0.038993
0.021986
0.012961
0.001032
0.055289
0.024863
0.037162
0.049893
0.072454
0.041831
0.017768
0.003287
0.006417
0.302105
0.002264
0.016406
0.00688
0.016194
0.044284
0.040254
0.110851
0.04513
0.387622
0.005914
0.008387
0.130882
0.038163
0.054205
0.001048
0.02971
0.210052
0.029158
0.045369
0.060038
0.036932
0.001837
0.010805
0.03024
0.029131
0.000673
0.911472
0.00132
0.005561
0.024212
0.083068
0.018968
0.001074
0.001444
0.008812
0.000743
0.002986
0.005004
0.806693
0.967895
0.233577
0.004045
0.001661
0.038638
0.09574
0.999852
0.021189
0.769845
0.014899
0.240464
0.033065
0.001048
0.100356
0.016888
0.018292
0.009735
0.140366
0.027054
0.029634
0.076953
0.371182
0.000713
0.026385
0.054409
0.021094
0.00774
0.418084
0.014089
0.008774
0.023666
0.008343
0.934389
0.016639
0.562191
0.918373
0.008434
0.003921
0.017859
0.025988
0.004828
0.000124
0.001639
0.013945
0.025537
0.999905
0.501466
0.000213
0.63515
0.022231
0.231083
0.025838
0.033293
0.75978
0.000796
0.98542
0.047049
0.006989
0.1244
0.00601
0.031115
0.026568
0.193749
0.000129
0.002778
0.019149
0.064346
0.020128
0.010036
0.99934
0.027193
1.0001
0.01189
0.023424
0.0379
0.015996
0.770717
0.076294
0.042916
0.088649
0.213226
0.026322
0.009887
0.003998
0.020687
0.001222
0.006201
0.278732
0.009813
0.01353
0.107736
0.022203
0.006943
0.008702
0.002309
0.004343
0.059
0.00999
0.019002
0.076493
0.535801
0.001209
0.007191
0.012061
0.011575
0.034983
0.000416
0.025755
0.014362
0.087346
0.042401
0.131259
0.001045
0.005983
0.013526
0.004368
0.00017
0.015208
0.139609
0.007562
0.006711
0.476734
0.043771
0.006617
0.020682
0.043117
0.007774
0.021117
0.011449
0.003418
0.000627
0.000682
0.01724
0.008925
0.007936
0.071411
0.899204
0.013354
0.028431
0.006054
0.016652
0.052027
0.840261
0.00888
0.043758
0.011311
0.10902
0.009352
0.269638
0.630382
0.031286
0.482707
0.585779
0.004048
0.127935
0.486103
0.006125
0.044986
0.384185
0.013674
0.023869
0.079573
0.016711
0.011531
0.012527
0.023852
0.91195
0.00139
0.059496
0.802926
0.026537
0.010707
0.000116
0.008861
0.960251
0.37049
0.033034
0.010473
0.156747
0.008636
0.005403
0.001134
0.019523
0.073651
0.004993
0.030711
0.016947
0.000395
0.004384
0.007561
0.039505
0.187235
0.013558
0.048987
0.058706
0.007104
0.015211
0.007377
0.032031
0.032337
0.003901
0.280627
0.121718
0.011635
0.001993
0.059987
0.001579
0.057493
0.123395
0.004614
0.025147
0.255525
0.002477
0.034129
0.003037
0.024893
0.015051
0.013799
0.999334
0.002618
0.000689
0.519722
0.066766
0.018321
0.034741
0.03422
0.227979
0.005971
0.007566
0.06371
0.17262
0.015069
0.73129
0.054503
0.007234
0.343467
0.000433
0.169987
0.004184
0.039455
0.003622
0.994935
0.999131
0.869687
0.829749
0.002208
0.823413
0.00799
0.080258
0.006962
0.062345
0.030447
0.002321
0.010358
0.00805
0.286611
0.008374
0.158994
0.031789
0.116266
0.285242
0.003446
0.017034
0.0412
0.014425
0.008455
0.002203
0.0003
0.011426
0.082575
0.162086
0.022113
0.962455
0.012003
0.066323
0.858613
0.003216
0.082826
0.005587
0.014272
0.00728
0.018079
0.081322
0.029929
0.002845
0.019902
0.230843
0.01247
0.034115
0.004029
0.998113
0.016197
0.489073
0.015098
0.033224
0.01672
0.061942
0.023926
0.012003
0.992446
0.046199
0.056859
0.036152
0.084608
0.04465
0.015701
0.009642
0.173399
0.98867
0.006454
0.035964
0.012904
0.000511
0.036379
0.015216
0.214876
0.003617
0.000923
0.020145
0.006702
0.012574
0.008685
0.087562
1.000098
0.094343
0.01496
0.002414
0.985434
0.003225
0.056233
0.054869
0.034761
0.000701
0.005089
0.327147
0.009102
0.04925
0.004819
0.013044
0.016783
0.014499
0.000787
0.003778
0.327204
0.026537
0.000316
0.003863
0.004206
0.011005
0.409226
0.005714
0.028569
0.239909
0.005507
0.018614
0.10603
0.198672
0.117944
0.124347
0.113408
0.997223
0.006753
0.837745
0.00055
0.003922
0.92999
0.015129
1.0001
0.005752
0.065889
0.095854
0.270083
0.005167
0.003066
0.001275
0.698707
0.046323
0.00242
0.007868
0.043297
0.0099
0.032813
0.043109
0.002459
0.007797
0.055666
0.004768
0.510989
0.002025
0.127362
0.082227
0.020466
0.016676
0.047993
0.614552
0.939569
0.003444
0.020599
0.527086
0.189596
0.01138
0.001937
0.020104
0.032531
0.036314
0.084341
0.015141
0.170271
0.086629
0.076784
0.02168
0.006671
0.013524
0.124226
0.99407
0.003016
0.014911
0.016978
0.046076
0.106919
0.00524
0.031843
0.002231
0.028733
0.151298
0.034191
0.654639
0.076468
0.746169
0.595828
0.01756
0.00208
0.00948
0.502711
0.007146
0.04687
0.013571
0.000575
0.634827
0.009578
0.022206
0.152271
0.004551
0.02452
0.030298
0.013386
0.034746
0.296914
0.008761
0.037776
0.002835
0.032694
0.002593
0.002061
0.957144
0.300678
0.020257
0.012585
0.024782
0.029187
0.013654
0.92311
0.171545
0.012623
0.015414
0.019144
0.009207
0.068319
0.004507
0.022422
0.012665
0.017841
0.012625
0.005452
0.000117
0.036614
0.006263
0.044005
0.009996
0.005995
0.00876
0.990653
0.286225
0.491863
0.004005
0.004015
0.359267
0.009597
0.063768
0.003577
0.069039
0.147765
0.000146
0.307987
0.227422
0.125654
0.974628
0.058108
0.048168
0.027772
0.026461
0.013052
0.002491
0.008054
0.003205
0.003862
0.009436
0.040261
0.015337
0.00197
0.16652
0.004979
0.028401
0.79023
0.013965
0.013984
0.000274
0.004739
0.005996
0.02286
0.12524
0.006788
0.001887
0.022303
0.006374
0.022703
0.006551
0.001449
0.028758
0.021575
0.091603
0.751919
0.491962
0.026029
0.0251
0.017029
0.006882
0.084708
0.341666
0.044854
0.002268
0.08721
0.021361
0.849691
0.04202
0.009705
0.02292
0.063506
0.039148
0.011947
0.365034
0.001634
0.029127
0.006945
0.077516
0.009108
0.010314
0.009307
0.044457
0.001247
0.002873
0.894004
0.067949
0.002626
0.009826
0.02147
0.051226
0.983057
0.094084
0.131798
0.382058
0.06918
0.001066
0.51862
0.008616
0.012047
0.000423
0.008098
0.044832
0.036193
0.001558
0.001212
0.004252
0.004553
0.002311
0.01186
0.016819
0.593474
0.263126
0.001901
0.005618
0.006253
0.008616
0.020241
0.003897
0.009697
0.018785
0.001996
0.008923
0.014575
0.000619
0.012137
0.002578
0.005126
0.16733
0.034454
0.497735
0.056103
0.065598
0.123163
0.006506
0.00014
0.117568
0.326122
0.044132
0.016082
0.174553
0.00028
0.011537
0.02535
0.550572
0.849731
0.009519
0.087678
0.011353
0.792565
0.979654
0.018982
0.366077
0.001259
0.702607
0.516205
0.232535
0.003111
0.146668
0.249315
0.011421
0.053592
0.009585
0.039516
0.012454
0.320889
0.020928
0.007533
0.015287
0.999465
0.006226
0.007531
0.002063
0.003129
0.105431
0.011294
0.022339
0.009535
0.073992
0.017534
0.000411
0.013086
0.01661
0.25965
0.023544
0.014017
0.003682
0.011218
0.096826
0.023446
0.032696
0.023505
0.140741
0.009224
0.007653
0.098296
0.050673
0.089351
0.005968
0.009888
0.017493
0.013502
0.105037
0.807982
0.020605
0.037802
0.034202
0.007109
0.023837
0.044049
0.023422
0.002973
0.026799
0.026082
0.037982
0.000717
0.00105
0.002716
0.724955
0.006855
1.000088
0.904763
0.008493
0.008368
0.007637
0.004039
0.006181
0.023751
0.010233
0.006919
0.010544
0.020645
0.011637
0.009326
0.102513
0.003019
0.014988
0.002677
0.006921
0.015416
0.193387
0.999907
0.004589
0.000231
0.002573
0.012952
0.026373
0.012034
0.16943
0.044998
0.006371
0.024663
0.016773
0.007559
0.042065
0.99705
0.054075
0.242713
0.010712
0.008471
0.012062
0.016313
0.039364
0.034406
0.011746
0.027942
0.031069
0.060409
0.002057
0.016401
0.015913
0.006145
0.008401
0.939969
0.02794
0.974181
0.932857
0.680819
0.006483
0.016307
0.007183
0.077506
0.012052
0.275479
0.022249
0.020598
0.057377
0.027357
0.002203
0.012961
0.664519
0.012001
0.026458
0.001469
0.107469
0.003231
0.905502
0.004843
0.018077
0.002584
0.004699
0.004912
0.485813
0.993731
0.025567
0.001177
0.38559
0.186005
0.00823
0.135105
0.895257
0.016304
0.001274
0.012146
0.003924
0.676054
0.100766
0.049618
0.08314
0.005722
0.000158
0.003798
0.001059
0.010311
0.020726
0.580688
0.227515
0.015725
0.946833
0.013232
0.019337
0.020815
0.009715
0.007138
0.028209
0.982745
0.024897
0.003578
0.877611
0.008597
0.97221
0.012897
0.038087
0.007223
0.033823
0.00042
0.035968
0.005253
0.034946
0.040053
0.267341
0.008899
0.008678
0.029551
0.139217
0.003153
0.005179
0.634267
0.006828
0.02843
0.018777
0.013163
0.030774
0.024045
0.059772
0.004225
0.006659
0.256095
0.02599
0.079046
0.02371
0.02525
0.028436
0.064135
0.997721
0.007877
0.005635
0.014382
0.010449
0.001405
0.008393
0.007265
0.118601
0.383724
0.002856
0.005745
0.128019
0.086451
0.020028
0.008492
0.081595
0.017278
0.000745
0.009785
0.991647
0.008404
0.00217
0.030471
0.006805
0.000979
0.005978
0.001994
0.151683
0.053319
0.035575
0.003751
0.038811
0.011608
0.491043
0.919561
0.006028
0.015448
0.004296
0.033602
0.001333
0.026599
0.114334
0.860851
0.004346
0.0137
0.022535
0.248354
0.045689
0.003703
0.02381
0.001043
0.008333
0.424959
0.003835
0.000536
0.040351
0.24647
0.090973
0.029979
0.015379
0.009978
0.049833
0.001754
0.008342
0.962435
0.000511
0.011187
0.009033
0.000477
0.009185
0.012506
0.005659
0.016955
0.995835
0.004371
0.095408
0.894817
0.034525
0.030543
0.004895
0.006798
0.009895
0.052736
0.006374
0.094754
0.009282
0.029313
0.01467
0.041724
0.010294
0.00576
0.002823
0.010752
0.015266
0.00453
0.019678
0.067399
0.019578
0.030157
0.059615
0.151631
0.032977
0.00391
0.588952
0.007948
0.07118
0.973325
0.012086
0.001632
0.023548
0.004855
0.013381
0.001076
0.132278
0.99284
0.001467
0.006127
0.349778
0.00171
0.014233
0.009629
0.021173
0.157853
0.316078
0.011632
0.638154
0.009934
0.012111
0.262463
0.002419
0.009854
0.029844
0.003223
0.019775
0.035515
0.010983
0.001894
0.007391
0.000675
0.003632
0.001064
0.082951
0.003114
0.009793
0.024903
0.022518
0.039329
0.048715
0.040849
0.012432
0.02226
0.008464
0.01979
0.338676
0.003004
0.029042
0.072927
0.003273
0.019637
0.007581
0.013242
0.006379
0.056248
0.026055
0.192237
0.005317
0.998101
0.000359
0.65669
0.031109
0.085398
0.046073
0.021184
0.091951
0.770481
0.00293
0.337808
0.880597
0.005507
0.001089
0.009585
0.039114
0.007493
0.002304
0.008673
0.015768
0.003229
0.003715
0.016529
0.006322
0.010894
0.013419
0.013053
0.007546
0.011255
0.004796
0.02839
0.118041
0.029921
1.0001
0.369046
0.405102
0.018503
0.04865
0.009431
0.007692
0.014082
0.016658
0.018177
0.016805
0.000262
0.466302
0.673904
0.017218
0.265406
0.042421
0.00324
0.017366
0.06291
0.108575
0.001688
0.035598
0.004732
0.082524
0.216551
0.004116
0.001044
0.008429
0.043361
0.009734
0.018885
0.02268
0.004048
0.006039
0.254335
0.121731
0.044906
0.006686
0.577601
0.01971
0.011989
0.146504
0.047014
0.989416
0.711721
0.011677
0.050603
0.006124
0.003141
0.00452
0.548378
0.007944
0.006007
0.027182
0.003242
0.839159
0.002288
0.003019
0.004162
0.021361
0.001532
0.046595
0.010394
0.002477
0.012223
0.005048
0.011712
0.149385
0.009944
0.110483
0.009149
0.008831
0.012326
0.000159
0.000757
0.001675
0.051042
0.051529
0.108974
0.063275
0.058983
0.020406
0.00572
0.006408
0.038829
0.000773
0.019427
0.000493
0.00228
0.003999
0.00439
0.276424
0.007119
0.005794
0.986139
0.044757
0.00131
0.063782
0.002404
0.025033
0.000135
0.000207
0.002396
0.166639
0.007407
0.11636
0.001055
0.058547
0.000318
0.05697
0.008054
0.001162
0.007408
0.002719
0.01194
0.000667
0.005194
0.030453
0.216955
0.025413
0.001819
0.029529
0.790465
0.006904
0.038053
0.006466
0.008762
0.009754
0.093445
0.012091
0.013261
0.016315
0.001644
0.026708
0.053422
0.345097
0.196848
0.547951
0.021681
0.002572
0.000213
0.043149
0.046093
1.000058
0.00104
0.009259
0.002053
0.997505
0.117117
0.994961
0.323563
0.00015
0.001839
0.761383
0.009608
0.087642
0.003528
0.43994
0.042056
0.005951
0.038388
0.021473
0.036945
0.207266
0.007684
0.945318
0.007327
0.998597
0.023326
0.01618
0.20253
0.01295
0.021998
0.01185
0.015062
0.176519
0.004945
0.000264
0.01219
0.999343
0.020505
0.000203
0.036649
0.121033
0.002373
0.139166
0.04056
0.188808
0.958086
0.002528
0.032989
0.01348
0.008625
0.001496
0.018907
0.047257
0.675086
0.125621
0.015625
0.149548
0.998464
0.006897
0.000748
0.037574
0.973775
0.0001
0.024563
0.023408
0.172096
0.016225
0.00175
0.01499
0.00478
0.031112
0.013803
0.130742
0.013685
0.007785
0.015706
0.006141
0.005839
0.992418
0.023881
0.022605
0.037131
0.027377
0.034784
0.445958
0.006779
0.012916
0.013815
0.002308
0.094379
0.008849
0.00024
0.574396
0.000105
0.072561
0.01548
0.006017
0.003539
0.004809
0.013692
0.843593
0.035374
0.996613
0.961583
0.034707
0.023863
0.078252
0.071601
0.020105
0.058366
0.151633
0.010094
0.014496
0.08
0.026336
0.007801
0.015877
0.001276
0.264424
0.000414
0.041892
0.013954
0.011628
0.080127
0.038912
0.030675
0.037475
0.049949
0.932454
0.042483
0.007331
0.063942
0.994843
0.058715
0.036798
0.041514
0.001282
0.007526
0.01588
0.014105
0.003966
0.027494
0.010849
0.02037
0.018296
0.007225
0.009406
0.001755
0.998775
0.012903
0.037352
0.029662
0.042251
0.202965
0.022366
0.024851
0.029011
0.072953
0.003433
0.043588
0.015497
0.032999
0.015464
0.019916
0.011942
0.971685
0.75007
0.003975
0.022385
0.005968
0.006273
0.007376
0.006139
0.013304
0.004975
0.065487
0.096251
0.031995
0.003909
0.507243
0.010502
0.286948
0.019422
0.310882
0.025295
0.000341
0.099886
0.077053
0.032508
0.009966
0.303351
0.057483
0.008339
0.00287
0.00376
0.025207
0.335109
0.050901
0.019481
0.348099
0.031873
0.010687
0.992751
0.088552
0.014319
0.012573
0.003721
0.03452
0.0816
0.045139
0.002999
0.000269
0.00854
0.005344
0.079785
0.00297
1.000046
0.016815
0.014698
0.006508
0.060894
0.027912
0.859458
0.116181
0.023878
0.021828
0.034857
0.017223
0.003954
0.000394
0.125711
0.009159
0.020958
0.039771
0.275788
0.037104
0.000283
0.00948
0.335895
0.009604
0.139356
0.05067
0.005009
0.631556
0.002257
0.007985
0.005783
0.001083
0.001681
0.177646
0.033191
0.00341
0.007989
0.008294
0.087107
0.004299
0.003429
0.021603
0.062205
0.602517
1.000071
0.018525
0.00436
0.061454
0.047914
0.001617
0.055281
0.02236
0.062928
0.543658
0.012584
0.013253
0.291695
0.002265
0.007601
0.034104
0.125925
0.024075
0.004236
0.530727
0.030242
0.02553
0.158594
0.419408
0.000883
0.004885
0.014164
0.025499
0.032531
0.6935
0.000924
0.387434
0.002503
0.041409
0.000386
0.000658
0.984239
0.00408
0.030249
0.004769
0.027258
0.008519
0.000905
0.019813
0.001823
0.07153
0.00427
0.093791
0.492495
0.017039
0.028988
0.059785
0.290622
0.01979
0.00582
0.12628
0.004523
0.000866
0.118675
0.006607
0.133642
0.035801
0.001169
0.459614
0.00944
0.021102
0.003262
0.002071
0.025189
0.026738
0.049737
0.019293
0.485397
0.000717
0.438607
0.012741
0.036997
0.002464
0.004588
0.000926
0.013298
0.012965
0.031486
0.012171
0.037646
0.006531
0.010892
0.019262
0.001084
0.852988
0.018834
0.462231
0.03527
0.000496
0.005806
0.390338
0.004279
0.985599
0.011046
0.003868
0.99251
0.004146
0.01731
0.010661
0.006166
0.014476
0.021316
0.016031
0.029752
0.028437
0.000248
0.039746
0.813947
0.025716
0.002665
0.059864
0.036049
0.000562
0.376489
0.009572
0.258234
0.000845
0.000973
0.994859
0.047463
0.005033
0.018418
0.01603
0.441322
0.212252
0.025243
0.062042
0.006086
0.016112
0.883058
0.000764
0.00585
0.017475
0.99935
0.015557
0.011236
0.014184
0.424495
0.004828
0.020055
0.880023
0.005457
0.011904
0.013215
0.0157
0.207747
0.393911
0.003886
0.002124
0.55129
0.064315
0.009314
0.004529
0.001089
0.006073
0.047944
0.006701
0.037227
0.003288
0.001653
0.033881
0.01155
0.015023
0.751124
0.074665
0.026639
0.00143
0.263744
0.127817
0.003548
0.004817
0.007887
0.566051
0.015273
0.010725
0.128263
0.00982
0.012958
0.997117
0.019546
0.006231
0.000444
0.327747
0.046479
0.04405
0.002266
0.014703
0.019183
0.267964
0.009022
0.018253
0.012864
0.016516
0.026641
0.033223
0.623575
0.029126
0.00255
0.013345
0.081424
0.003723
0.040069
0.003183
0.001394
0.00154
0.029455
0.027232
0.021045
0.008338
0.013785
0.069588
0.505879
0.005444
0.001402
0.028134
0.00379
0.02005
0.019247
0.451461
0.021162
0.003837
0.003022
0.223137
0.016014
0.073259
0.000787
0.040825
0.00837
0.017129
0.93451
0.020258
0.101362
0.047394
0.002755
0.003399
0.011715
0.002281
0.011366
0.007414
0.044854
0.017948
0.878275
1.000077
0.009431
0.013718
0.009834
0.02304
0.003815
0.295792
0.019169
0.005275
0.346234
0.014444
0.037879
0.028125
0.031506
0.047666
0.078804
0.004103
0.00039
0.002548
0.001219
0.07352
0.001114
0.394968
0.001783
0.999817
0.037071
0.008678
0.001346
0.000767
0.142244
0.086684
0.021334
0.888879
0.018849
0.002466
0.002233
0.040602
0.9195
0.020882
0.002702
0.462185
0.326357
0.149357
0.908402
0.757421
0.022019
0.00589
0.006985
0.024321
0.008152
0.015472
0.011541
0.162504
0.198554
0.001098
0.008367
0.015607
0.013731
0.009921
0.019853
0.006717
0.029936
0.997165
0.621685
0.054419
0.015359
0.005943
0.003601
0.682987
0.008274
0.906029
0.003604
0.012345
0.02762
0.584683
0.004682
0.012693
0.211012
0.008659
0.020711
0.148126
0.018305
0.008706
0.07474
0.038964
0.401195
0.003909
0.597505
0.491836
0.036312
0.002602
0.004791
0.565692
0.033752
0.304451
0.00877
0.085627
0.005385
0.010252
0.042776
0.005316
0.006397
0.002282
0.119132
0.06911
0.071513
0.022132
0.032603
0.005983
0.051247
0.003336
0.001526
0.048271
0.000293
0.003912
0.007355
0.045192
0.01225
0.060594
0.001573
0.023507
0.003943
0.014444
0.14461
0.036954
0.031968
0.039636
0.004737
0.039145
0.004451
0.010195
0.013611
0.268511
0.002965
0.008728
0.00456
0.023151
0.026824
0.041963
0.031383
0.061933
0.026268
0.487967
0.236643
0.254951
0.001611
0.009823
0.09107
0.005913
0.047528
0.176505
0.019998
0.00157
0.966215
0.005454
0.0021
0.049689
0.09831
0.01151
0.002852
0.058471
0.172359
0.07969
0.02199
0.051408
0.065447
0.267426
0.038974
0.039678
0.140179
0.065781
0.000154
0.049872
0.007132
0.148343
0.032527
0.079465
0.002476
0.041916
0.12752
0.238361
0.047056
0.00385
0.002424
0.120963
0.003904
0.82224
0.036738
0.014374
0.049049
0.003885
0.002498
0.013543
0.015666
0.035408
0.006829
0.031646
0.022694
0.468539
0.006581
0.000671
0.000642
0.999599
0.021229
0.154065
0.49296
0.009691
0.033887
0.018689
0.04777
0.000566
0.009177
0.003766
0.017678
0.224733
0.032996
0.087047
0.028255
0.043726
0.059522
0.004517
0.007641
0.006219
0.002542
0.000337
0.004034
0.004502
0.001915
0.008253
0.967522
0.012668
0.033706
0.017124
0.135727
0.244443
0.000106
0.009735
0.203045
0.546856
0.00775
0.04882
0.016231
0.008744
0.002765
0.002712
0.74443
0.057049
1.000098
0.005468
0.194087
0.093632
0.056092
0.05462
0.00205
0.004128
0.001535
0.000812
0.996898
0.01512
0.022303
0.095284
0.006274
0.012924
0.192555
0.843462
0.53925
0.722195
0.002935
0.181969
0.012168
0.060349
0.185539
0.007533
0.012034
0.020182
0.009397
0.010511
0.007906
0.913886
0.176391
0.018248
0.005508
0.236222
0.019184
0.077996
0.001763
0.00261
0.000921
0.00189
0.000491
0.127523
0.012476
0.040807
0.228872
0.006455
0.006564
0.005388
0.0139
0.015418
0.272204
0.002767
0.012209
0.002146
0.001029
0.592263
0.005094
0.000489
0.02025
0.013132
0.002502
0.46012
0.004489
0.049773
0.006208
0.005706
0.993171
0.009565
0.237941
0.005787
0.596584
0.001189
0.008199
0.029137
0.527692
0.001378
0.004546
0.050908
0.646112
0.238776
0.001021
0.017179
0.01011
0.001427
0.032939
0.00248
0.024157
0.1025
0.00703
0.00342
0.015294
0.00151
0.022037
0.029858
0.006568
0.615666
0.00581
0.000243
0.964242
0.012389
0.221447
0.014771
0.950215
0.045143
0.088092
0.007976
0.008414
0.015014
0.009816
0.124281
0.007283
0.005008
0.566548
0.002138
0.0001
0.001604
0.998717
0.0063
0.003192
0.056495
0.046363
0.000471
0.002454
0.004699
0.003484
0.044081
0.027246
0.016459
0.003862
0.022481
0.019042
0.004639
0.012314
0.001447
0.005688
0.568109
0.007726
0.00871
0.163141
0.073325
0.007946
0.018335
0.539785
0.041206
0.008665
0.008457
0.00997
0.016275
0.674563
0.079018
0.335029
0.478072
0.019443
0.114691
0.018464
0.001087
0.007867
0.808073
0.002888
0.00045
0.007061
0.007602
0.001167
0.027748
0.000154
0.022218
0.150384
0.018778
0.026457
0.231102
0.006594
0.591326
0.008841
0.031195
0.003461
0.015508
0.057885
0.053219
0.004379
0.28167
0.069718
0.000569
0.008693
0.163609
0.013403
0.798825
0.01755
0.928586
0.002446
0.028033
0.004601
0.803315
0.007348
0.349475
0.030048
0.993329
0.023917
0.61659
0.104
0.034684
0.033531
0.013035
0.011608
0.150611
0.001201
0.008614
0.006078
0.008232
0.00892
0.995209
0.008875
0.00132
0.012682
0.001886
0.022724
0.008195
0.017493
0.998098
0.018225
0.99256
0.000824
0.009386
0.035985
0.008779
0.99762
0.00495
0.113566
0.006333
0.024065
0.004942
0.001521
0.625096
0.018725
0.003898
0.863725
0.03267
0.006061
0.003355
0.004022
0.182448
0.019361
0.006165
0.01545
0.036553
0.000101
0.02352
0.051248
0.017513
0.75544
0.005313
0.017418
0.01918
0.011988
1.000027
0.015617
0.004679
0.006138
0.400745
0.157689
0.041005
0.006738
0.025364
0.012957
0.00488
0.046592
0.05028
0.007577
0.005858
0.023501
0.012865
0.003275
0.348927
0.037381
0.0007
0.006475
0.007511
0.003995
0.365072
0.009824
0.003666
0.004139
0.001576
0.267201
0.047865
0.001739
0.012681
0.970844
0.182711
0.00209
0.037322
0.180194
0.114128
0.366242
0.294957
0.614129
0.073236
0.23256
0.055238
0.000197
0.297624
0.050655
0.662395
0.003212
0.008575
0.027267
0.019505
0.005087
0.33765
0.009633
0.019963
0.061547
0.003562
0.030772
0.003064
0.000521
0.007867
0.014351
0.016664
0.001456
0.029777
0.002166
0.021047
0.006675
0.994125
0.008205
0.008811
0.181257
0.018449
0.054927
0.018103
0.619846
0.022702
0.089135
0.888877
0.157952
0.07463
0.045964
0.00026
0.984543
0.016233
0.002648
0.039398
0.001315
0.986341
0.126013
0.048767
0.729038
0.034091
0.021333
0.139253
0.037458
0.007624
0.033996
0.006738
0.226223
0.005676
0.014162
0.605264
0.005668
0.002597
0.243044
0.22896
0.40869
0.002965
0.014936
0.001936
0.00282
0.38934
0.061153
0.002151
0.070136
0.002924
0.01738
0.008754
0.015659
0.338346
0.009889
0.0256
0.006417
0.00904
0.95362
0.011808
0.011373
0.160027
0.708501
0.005199
0.017876
0.010051
0.060938
0.000415
0.001489
0.01978
0.014534
0.001517
0.308423
0.013422
0.042856
0.004537
0.000782
0.978057
0.011469
0.19871
0.00451
0.012744
0.207839
0.042061
0.022377
0.053867
0.006534
0.012394
0.027534
0.009454
0.004465
0.014273
0.025107
0.42735
0.029684
0.038464
0.026207
0.865808
0.006176
0.042062
0.004107
0.000101
0.00868
0.025167
0.013167
0.9987
0.526888
0.022319
0.049194
0.007701
0.042577
0.024873
0.063845
0.181709
0.023247
0.008413
0.009888
0.014134
0.015977
0.000452
0.018286
0.409343
0.669776
0.129503
0.074317
0.389064
0.007928
0.001834
0.02796
0.021316
0.014757
0.017923
0.010567
0.021187
0.604582
0.004793
0.045024
0.114079
0.028843
0.111193
0.027029
0.020925
0.012293
0.001588
0.748066
0.021061
0.160405
0.00454
0.015222
0.004393
0.034791
0.004962
0.035153
0.552002
0.006333
0.036011
0.748004
0.071698
0.007719
0.002207
0.999866
0.002374
0.21707
0.073764
0.028157
0.047707
0.003208
0.998464
0.015198
0.01686
0.306615
0.057789
0.030004
0.001642
0.004236
0.000692
0.010997
0.003897
0.9532
0.013001
0.18233
0.093367
0.072322
0.002342
0.006585
0.027813
0.01373
0.565302
0.019186
0.021857
0.055829
0.170956
0.003039
0.010256
0.039025
0.00636
0.004706
0.003449
0.92928
0.006451
0.016283
0.011348
0.999594
0.008917
0.000456
0.002096
0.247168
0.007552
0.998857
0.335026
0.001128
0.029473
0.946075
0.006002
0.010077
0.015532
0.002574
0.01811
0.008587
0.017907
0.820043
0.007697
0.000324
0.941276
0.183858
0.014703
0.006952
0.29646
0.782263
0.029592
0.020368
0.217021
0.020067
0.007058
0.021934
0.020101
0.009543
0.061984
0.183855
0.032583
0.105006
0.021439
0.001292
0.011316
0.156331
0.004696
0.057699
0.378013
1.000098
0.660684
0.047376
0.003556
0.021501
0.003194
0.001598
0.000573
0.00559
0.007982
0.016975
0.016327
0.001631
0.99848
0.020109
0.027513
0.063383
1.0001
0.959512
0.043573
0.02199
0.006995
0.012459
0.031329
0.274838
0.015819
0.112149
0.022469
0.022256
0.002839
0.014798
0.01299
0.01602
0.001215
0.086677
0.007047
0.904253
0.010034
0.024055
0.025304
0.012584
0.003146
0.004392
0.023137
0.018275
0.071486
0.00119
0.772126
0.019474
0.01761
0.006809
0.726334
0.008096
0.019809
0.810294
0.008766
0.005247
0.620989
0.302338
0.07902
0.013407
0.353824
0.031021
0.0001
0.004505
0.081914
0.011111
0.082981
0.022972
0.005122
0.051996
0.006738
0.008596
0.000668
0.026583
0.036087
0.054508
0.00133
0.750487
0.02724
0.055881
0.029425
0.002807
0.040152
0.009965
0.013606
0.997765
0.51599
0.672799
0.016383
0.207196
0.1657
0.012193
0.32773
0.001461
0.016396
0.004923
0.12695
0.055999
0.023973
0.070077
0.012693
0.014596
0.012776
0.138531
0.027565
0.017429
0.010979
0.316973
0.003391
0.024102
0.01529
0.01949
0.007607
0.00932
0.317381
0.981056
0.48119
0.019433
0.003152
0.575053
0.513449
0.001623
0.021832
0.034536
0.047924
0.006805
0.012661
0.052568
0.010943
0.012718
0.002265
0.016389
0.004923
0.047847
0.035689
0.037509
0.001137
0.002747
0.022913
0.015662
0.001638
0.793368
0.020678
0.063114
0.013844
0.002047
0.002572
0.00253
0.698044
0.031808
0.3832
0.009415
1.00009
0.001005
0.012568
0.017206
0.504047
0.003865
0.000252
0.004879
0.010304
0.025937
0.008802
0.028004
1.000096
0.010459
0.034901
0.033365
0.888132
0.002747
0.279591
0.054605
0.108865
0.013952
0.0154
0.127909
0.030148
0.003585
0.0396
0.041238
0.035423
1.000078
0.011013
0.421615
0.010794
0.00579
0.032913
0.021323
0.038656
0.009472
0.007763
0.002228
0.004363
0.035962
0.054364
0.016282
0.632401
0.079422
0.0202
0.013179
0.003503
0.00613
0.161269
0.001517
0.001925
0.014405
0.018359
0.122486
0.799577
0.010642
0.003066
0.015427
0.081313
0.013558
0.02815
0.939008
0.014209
0.00327
0.84125
0.000114
0.097974
0.007939
0.002682
0.877602
0.391718
0.037699
0.046507
0.016678
0.00649
1.0001
0.04278
0.004441
0.003028
0.007014
0.028748
0.007228
0.011524
0.886559
0.191037
0.068175
0.027344
0.002403
0.031297
0.019756
0.00076
0.077125
0.014915
0.061396
0.004349
0.009121
0.001704
0.224313
0.005035
0.112567
0.020869
0.68125
0.010434
0.001925
0.010639
0.008799
0.024655
0.000309
0.011635
0.055589
0.017288
0.055238
0.068383
0.006519
0.684103
0.001938
0.129018
0.045278
0.008077
0.012425
0.006499
0.216034
0.019657
0.55395
0.004932
0.936085
0.79499
0.029688
0.005323
0.00746
0.999146
0.013014
0.00258
0.022315
0.004827
0.02232
0.923699
0.017102
0.047994
0.003114
0.017548
0.266255
0.163263
0.03864
0.001898
0.0024
0.021944
0.029613
0.869024
0.346032
0.021073
0.846539
0.005856
0.993685
0.008602
0.000253
0.929461
0.036833
0.01246
0.040821
0.006458
0.035653
0.03831
0.45715
0.017143
0.9166
0.513155
0.452667
0.007447
0.018936
0.043442
0.018018
0.275146
0.061334
0.068759
0.191711
0.196008
0.013862
0.012604
0.524278
0.50721
0.012509
0.006216
0.464438
0.293491
0.007533
0.21411
0.010857
0.01221
0.002319
0.025204
0.096084
0.743928
0.903403
0.398933
0.007725
0.014512
0.007129
0.014593
0.021849
0.996526
0.008145
0.310917
0.048108
0.005181
0.422743
0.033674
0.008854
0.984154
0.059864
0.005362
0.003074
0.014673
0.000488
0.006588
0.003023
0.010968
0.015593
0.011832
0.008442
0.077425
0.000143
0.044329
0.163038
0.011629
0.109943
0.000862
0.239815
0.021655
0.007556
0.041882
0.055281
0.039053
0.006732
0.022182
0.038747
0.008144
0.124817
0.016178
0.997586
0.703611
0.001378
0.0202
0.008586
0.005965
0.028381
0.010335
0.503288
0.057324
0.43941
0.898736
0.008909
0.05054
0.054305
0.132317
0.0119
0.004478
0.014088
0.001906
0.039807
0.011314
0.01344
0.007337
0.371496
0.006765
0.171123
0.020346
0.037467
0.2969
0.005519
0.010202
0.023629
0.014805
0.018753
0.013004
0.015396
0.423892
0.003827
0.066229
0.022302
0.982786
0.007343
0.102616
0.999104
0.001555
0.000227
0.059933
0.019109
0.013566
0.012398
0.999739
0.070309
0.008409
0.019214
0.00327
0.005144
0.036849
0.020896
0.21195
0.919152
0.003981
0.121105
0.009492
0.030095
0.099247
0.135916
0.005363
0.038517
0.032403
0.230072
0.008799
0.01513
0.000793
0.391164
0.011676
0.941489
0.091368
0.053791
0.002475
0.006745
0.212522
0.18887
0.043531
0.003864
0.014974
0.012508
0.007994
0.020943
0.37373
0.001399
0.201735
0.03926
0.022424
0.009823
0.524344
0.028578
0.014432
0.020366
0.001815
0.091046
0.005189
0.004378
0.004007
0.04158
0.131512
0.002697
0.008483
0.037871
0.002557
0.018046
0.028499
0.002079
0.441802
0.185012
0.038063
0.009018
0.009327
0.247184
0.009612
0.006307
0.018187
0.027895
0.809282
0.003119
0.01501
0.007042
0.027348
0.004164
0.481488
0.007394
0.01731
0.001569
0.885748
0.049336
0.003907
0.03192
0.003362
0.009532
0.001496
0.010534
0.004022
0.375022
0.031523
0.000213
0.000549
0.003114
0.068619
0.031378
0.671346
0.006672
0.015927
0.013219
0.149421
0.61494
0.010739
0.866152
0.022254
0.04038
0.020888
0.022479
0.013507
0.209671
0.012596
0.008276
0.0078
1.000099
0.001236
0.006417
0.007871
0.022039
0.006833
0.004488
0.006848
0.012922
0.045492
0.955051
0.048119
0.011638
0.002751
0.001164
0.857271
0.113304
0.055746
0.004617
0.014577
0.006644
0.177395
0.034135
0.018317
0.023205
0.036156
0.016723
0.961908
0.010126
0.002936
0.007835
0.001795
0.019748
0.976654
0.003736
0.02339
0.214611
0.987287
0.00491
0.098263
0.157258
0.076739
0.023239
0.012851
0.003791
0.00523
0.064829
0.121966
0.007836
0.008159
0.077587
0.005523
0.007747
0.00068
0.000147
0.883709
0.116807
0.007593
0.091775
0.0563
0.000538
0.015181
0.016147
0.077977
0.030753
0.006211
0.221175
0.003741
0.006212
0.02024
0.045835
0.030848
0.010979
0.005873
0.024825
0.223713
0.006316
0.996237
0.014542
0.021575
0.014548
0.16391
0.19062
0.001428
0.13131
0.001432
0.040162
0.014354
0.401442
0.027154
0.003601
0.043417
0.008679
0.03792
0.003763
0.027559
0.013968
0.037297
0.001726
0.022866
0.491038
0.915138
0.000239
0.007853
0.009216
0.00273
0.01073
0.237937
0.007927
0.016769
0.005683
0.001869
0.005008
0.134341
0.018892
0.042367
0.329956
1.0001
0.021231
0.008597
0.017189
0.03377
0.002634
0.010919
0.052512
0.015065
0.009536
0.008889
0.421152
0.159274
0.08308
0.011184
0.01231
0.766329
0.000898
0.062345
0.009386
0.005651
0.016819
0.007696
0.011212
0.022796
0.032719
0.00427
0.006407
0.011665
0.007677
0.032133
0.00831
0.007926
0.010729
0.111535
0.01656
0.008442
0.036544
0.738334
0.004383
0.018126
0.155036
0.000422
0.014155
0.982672
0.01375
0.000947
0.577046
0.986727
0.004123
0.087403
0.024477
0.411195
0.016321
0.065835
0.946232
0.013209
0.00439
0.036968
0.007824
0.012672
0.006808
0.263376
0.008054
0.025046
0.021946
0.001758
0.004343
0.975729
0.014573
0.329855
0.043717
0.06359
0.008082
0.149777
0.006537
0.000115
0.036182
0.527623
0.013795
0.986074
0.713859
0.02727
0.000699
0.001172
0.006417
0.011034
0.079903
0.042056
0.018595
0.01411
0.084503
0.113144
0.021595
0.017802
0.093117
0.980227
0.007907
0.071428
0.000595
0.019028
0.027175
0.034391
0.072161
0.012829
0.008017
0.017742
0.972803
0.023477
1.0001
0.006227
0.011757
0.972253
0.016643
0.076869
0.007054
0.008151
0.00234
0.002022
0.574018
0.010191
0.01086
0.018242
0.003554
0.003083
0.019754
0.009916
0.013038
0.146043
0.0036
0.08765
0.113422
0.845882
0.84525
0.015302
0.351822
0.011402
0.8482
0.006986
0.063791
0.013332
0.000126
0.005748
0.007631
0.017345
0.089531
0.013826
0.020362
0.031411
0.00308
0.035593
0.093706
0.289728
0.049372
0.007338
0.003515
0.003823
0.011491
0.682033
0.02372
0.341241
0.01399
0.045222
0.611774
0.10449
0.015299
0.01125
0.005765
0.003227
0.02194
0.00459
0.014737
0.800607
0.986343
0.593508
0.209049
0.139078
0.015089
0.017338
0.124581
0.026217
0.000371
0.00383
0.407916
0.044764
0.025427
0.010735
0.001401
0.009517
0.021055
0.022273
0.03813
0.018929
0.776372
0.036597
0.260545
0.005749
0.006117
0.099151
0.021341
0.030849
0.015409
0.107608
0.02885
0.012331
0.004894
0.001147
0.010742
0.094721
0.988189
0.028155
0.12629
0.010948
0.009768
0.048923
0.017868
0.813929
0.298911
0.309864
0.004518
0.741678
1.000036
0.147529
1.000057
0.003889
0.160675
0.25514
0.012857
0.005202
0.996891
0.300739
0.008605
0.001559
0.005161
0.004756
0.04587
0.087219
0.075915
0.943891
0.012279
0.006139
0.008495
0.023408
0.007744
0.017081
0.123532
0.054875
0.006444
0.79219
0.02292
0.361525
0.131882
0.999219
0.018456
0.02211
0.998117
0.009192
0.001607
0.026583
0.013189
0.02754
0.001926
0.007685
0.033717
0.008985
0.120129
0.001123
0.03207
0.23259
0.010158
0.308168
0.063897
0.013452
0.02025
0.00472
0.07136
0.011995
0.008158
0.005344
0.187065
0.256099
