0.998421
0.86794
0.249858
0.980479
0.073343
0.57837
0.947166
0.915225
0.007915
0.145856
0.001484
0.022994
0.004686
0.373155
0.001568
0.965269
0.668407
0.290483
0.065166
0.051524
0.60486
0.807716
0.015678
0.026384
0.492115
0.365586
0.047287
0.011566
0.025761
0.036058
0.264522
0.016286
0.09351
0.000461
0.045742
0.034116
0.000282
0.041113
0.876388
0.016918
0.175151
0.001274
0.000102
0.354765
0.063685
0.03986
0.058337
0.085559
0.288563
0.111651
0.004382
0.702647
0.002963
0.912421
0.000339
0.036633
0.001251
0.006055
0.92251
0.000704
0.232614
0.471331
0.037032
0.247922
0.534892
0.013797
0.046242
0.628344
0.216677
0.948605
0.174344
0.006919
0.426151
0.014871
0.055999
0.003199
0.013567
0.245546
0.029425
0.008433
0.990515
0.084426
0.975319
0.020065
0.023461
0.000203
0.059709
0.165969
0.988469
0.272078
0.000359
0.132731
0.611415
0.002716
0.000332
0.000564
0.000388
0.000232
0.272563
0.002568
0.021798
0.017014
0.057417
0.004474
0.954368
0.000285
0.401304
0.009481
0.00022
0.02104
0.236619
0.063663
0.018263
0.00087
0.076271
