0.00865
0.005347
0.009387
0.018889
0.005688
0.056051
0.015682
0.008112
0.035385
0.005434
0.014524
0.021994
0.008378
0.009545
0.005411
0.035226
0.004099
0.006712
0.015506
0.011762
0.006148
0.010983
0.015691
0.01134
0.005541
0.001138
0.020226
0.009649
0.009828
0.008629
0.002762
0.002349
0.016913
0.006232
0.010033
0.013437
0.009726
0.994515
0.075769
0.010073
0.004539
0.00429
0.006594
0.004688
0.032733
0.00536
0.00883
0.009827
0.007202
0.010864
0.004263
0.012733
0.003514
0.019093
0.008059
0.005965
0.014429
0.172817
0.007873
0.003987
0.005805
0.014861
0.017183
0.004916
0.028514
0.003159
0.019981
0.004206
0.021574
0.020479
0.007905
0.005402
0.007443
0.010809
0.006513
0.017264
0.004284
0.006419
0.006722
0.009838
0.006806
0.081589
0.0022
0.006409
0.002982
0.004876
0.008063
0.011246
0.008793
0.007356
0.030547
0.017147
0.056943
0.003601
0.00206
0.005499
0.011746
0.419412
0.022117
0.010404
0.030413
0.053175
0.004311
0.007634
0.011956
0.011894
0.025673
0.013477
0.002439
0.007362
0.021079
0.006115
0.015557
0.032821
0.002315
0.00467
0.013976
0.010457
0.011583
0.010128
0.000654
0.005816
0.000821
0.022868
0.006498
0.035755
0.011558
0.011797
0.00432
0.008298
0.001997
0.001987
0.007381
0.012767
0.0001
0.010611
0.010698
0.033154
0.004108
0.00472
0.013329
0.004041
0.419412
0.008458
0.0686
0.017125
0.009402
0.009984
0.023395
0.012844
0.006848
0.016007
0.025139
0.008867
0.007874
0.004526
0.010507
0.007513
0.005718
0.010513
0.004296
0.001886
0.00652
0.007259
0.007784
0.007848
0.010663
0.006435
0.022163
0.013268
0.037976
0.010375
0.002468
0.080513
0.00982
0.042142
0.003411
0.013585
0.005207
0.002101
0.016534
0.017143
0.00157
0.007681
0.022826
0.006078
0.004596
0.030046
0.070411
0.006916
0.023595
0.010078
0.009156
0.003107
0.015025
0.01035
0.003435
0.00376
0.00016
0.015058
0.015797
0.000431
0.012985
0.013082
0.134718
0.007216
0.046818
0.024728
0.0001
0.014669
0.016106
0.01199
0.007377
0.01454
0.266831
0.007916
0.01061
0.002472
0.008263
0.008941
0.012707
0.015627
0.000872
0.005414
0.004693
0.008958
0.019417
0.032967
0.025001
0.001925
0.009267
0.037926
0.008008
0.010139
0.002317
0.007726
0.005851
0.029934
0.011148
0.060773
0.07258
0.005748
0.004024
0.006251
0.00449
0.008115
0.018266
0.012562
0.008827
0.240987
0.006522
0.006028
0.002593
0.001888
0.005614
0.017888
0.029713
0.036432
0.07856
0.029658
0.045893
0.007126
0.009329
0.006578
0.017003
0.004068
0.006869
0.012849
0.023
0.026742
0.014582
0.007425
0.005071
0.108591
0.013575
0.028714
0.033665
0.016265
0.011183
0.009091
0.006938
0.009389
0.013515
0.019526
0.008514
0.011074
0.011862
0.003484
0.061529
0.00987
0.006461
0.004168
0.030829
0.011377
0.0123
0.015267
0.098638
0.005468
0.006623
0.008462
0.016623
0.009574
0.00497
0.000266
0.007718
0.009874
0.055267
0.010364
0.012682
0.003356
0.022413
0.01178
0.01951
0.016098
0.007874
0.008556
0.04014
0.005676
0.00693
0.00666
0.013192
0.008289
0.005636
0.00852
0.017048
0.027039
0.011839
0.005242
0.022978
0.013483
0.01321
0.000682
0.009125
0.00851
0.006207
0.010051
0.018597
0.003144
0.003943
0.020316
0.000894
0.004799
0.008068
0.024873
0.016543
0.015104
0.010653
0.009881
0.008751
0.004302
0.002717
0.004803
0.054725
0.006786
0.0218
0.008648
0.001924
0.005388
0.014221
0.002389
0.018831
0.008387
0.009075
0.013617
0.007302
0.015396
0.000863
0.022757
0.012956
0.010223
0.018646
0.008633
0.024061
0.010399
0.001871
0.006907
0.001491
0.01209
0.01737
0.005673
0.006383
0.022022
0.008052
0.007714
0.020074
0.179802
0.004283
0.008755
0.012946
0.008064
0.012436
0.010325
0.008751
0.003113
0.015275
0.007602
0.132766
0.003823
0.036068
0.01961
0.001058
0.012722
0.008028
0.012768
0.015568
0.021118
0.00894
0.01717
0.013982
0.025825
0.0042
0.092044
0.012672
0.02207
0.00882
0.00574
0.019118
0.023861
0.016148
0.015067
0.005726
0.006864
0.009839
0.009411
0.010438
0.020964
0.005334
0.007141
0.002839
0.002904
0.012275
0.00827
0.006068
0.017135
0.008634
0.054522
0.002079
0.00206
0.008551
0.006033
0.01174
0.019943
0.00829
0.012449
0.011109
0.007881
0.0001
0.006438
0.01853
0.009516
0.078619
0.001448
0.016027
0.003263
0.013607
0.007748
0.010323
0.102591
0.006226
0.008391
0.00266
0.014412
0.006228
0.007373
0.008554
0.007028
0.026723
0.018277
0.006837
0.055618
0.012831
0.005961
0.012269
0.013566
0.039039
0.025539
0.009755
0.013256
0.017638
0.040101
0.008004
0.005712
0.028761
0.005443
0.012622
0.015592
0.024859
0.026431
0.02377
0.007142
0.019074
0.019184
0.010113
0.004048
0.007694
0.022676
0.026313
0.005654
0.016061
0.005985
0.0001
0.001759
0.01844
0.00421
0.035823
0.00747
0.012398
0.003274
0.006894
0.013084
0.010786
0.007015
0.005326
0.013082
0.068671
0.298439
0.012653
0.012476
0.003399
0.01288
0.009916
0.002875
0.012581
0.006665
0.011598
0.013333
0.060967
0.006498
0.010114
0.00936
0.070586
0.009978
0.014032
0.010788
0.004926
0.018529
0.014272
0.007016
0.006252
0.020703
0.014792
0.011008
0.014946
0.014316
0.04521
0.004124
0.014926
0.003345
0.046226
0.00559
0.011298
0.013645
0.004068
0.005205
0.008349
0.015128
0.007077
0.033452
0.045556
0.005254
0.008805
0.005269
0.019258
0.009506
0.001497
0.00554
0.004223
0.026125
0.007245
0.009591
0.009752
0.008578
0.00379
0.015938
0.027392
0.014745
0.02584
0.008413
0.012532
0.004316
0.012009
0.062388
0.013104
0.003516
0.011431
0.00604
0.013064
0.004567
0.01551
0.011605
0.011233
0.005717
0.004375
0.019801
0.010127
0.094701
0.008056
0.025894
0.013489
0.013784
0.014551
0.010388
0.003405
0.018714
0.020434
0.008069
0.008899
0.011884
0.009385
0.034272
0.018344
0.005158
0.010093
0.004106
0.018342
0.010578
0.018486
0.003382
0.039767
0.003914
0.009558
0.026655
0.006397
0.031057
0.027535
0.00914
0.000977
0.018095
0.006248
0.008132
0.013762
0.028514
0.00421
0.00465
0.005528
0.018991
0.029647
0.015122
0.009499
0.002982
0.024233
0.007632
0.009284
0.022217
0.004992
0.004383
0.004638
0.008428
0.010555
0.001691
0.005066
0.005384
0.007399
0.004018
0.016674
0.020709
0.010773
0.008862
0.018327
0.007412
0.033926
0.020451
0.031198
0.006635
0.009789
0.04618
0.009772
0.003719
0.016677
0.001642
0.01179
0.004249
0.007973
0.004401
0.013352
0.008619
0.04413
0.00175
0.016062
0.025533
0.01208
0.000567
0.002384
0.04076
0.011061
0.008917
0.014606
0.019341
0.011758
0.011779
0.329507
0.021283
0.020478
0.019493
0.01785
0.004142
0.008303
0.005776
0.105751
0.012806
0.434812
0.002577
0.0168
0.007366
0.003588
0.013216
0.003003
0.017591
0.006174
0.011985
0.005958
0.01978
0.010675
0.013547
0.011299
0.016704
0.020902
0.00975
0.008477
0.007746
0.00384
0.010536
0.013685
0.005733
0.007949
0.030889
0.005209
0.008925
0.0001
0.032171
0.002355
0.019116
0.010111
0.009614
0.006287
0.020152
0.040921
0.005052
0.022879
0.015163
0.004571
0.023702
0.004319
0.053666
0.010541
0.00561
0.015875
0.005512
0.062176
0.008582
0.002795
0.010963
0.01038
0.004252
0.010171
0.009759
0.01709
0.009263
0.002571
0.019542
0.011802
0.012846
0.003134
0.010072
0.002752
0.000654
0.027469
0.065121
0.011686
0.050495
0.015362
0.007862
0.01068
0.005083
0.006224
0.011383
0.011435
0.04678
0.021145
0.009105
0.010147
0.004748
0.006806
0.011133
0.010507
0.010155
0.01015
0.006944
0.023209
0.017748
0.063637
0.020908
0.038099
0.015295
0.009311
0.003888
0.016474
0.047377
0.007785
0.009338
0.00559
0.015951
0.008805
0.019777
0.023666
0.004554
0.014984
0.009747
0.02895
0.006345
0.007719
0.006805
0.005892
0.102331
0.01227
0.002941
0.00593
0.005828
0.015148
0.008008
0.002858
0.006324
0.022853
0.006927
0.036555
0.124764
0.047733
0.021376
0.010922
0.001645
0.032782
0.004115
0.013019
0.006472
0.020159
0.006329
0.012638
0.036761
0.021359
0.000609
0.014386
0.005746
0.010143
0.011438
0.003978
0.028543
0.016925
0.007176
0.006726
0.003185
0.003164
0.057622
0.010658
0.008103
0.007237
0.007575
0.005398
0.021726
0.019534
0.004903
0.023139
0.066475
0.015473
0.00327
0.00411
0.001056
0.006556
0.014424
0.023467
0.007548
0.00895
0.014669
0.024857
0.015013
0.003581
0.0119
0.014616
0.01443
0.015417
0.005471
0.012937
0.022658
0.015987
0.017042
0.007602
0.010982
0.013829
0.004792
0.001748
0.015157
0.007485
0.006874
0.003899
0.01113
0.016209
0.017544
0.006939
0.006531
0.017954
0.002102
0.016413
0.004447
0.000153
0.006187
0.01402
0.052836
0.002575
0.005119
0.005275
0.006958
0.013693
0.021274
0.005129
0.005027
0.003848
0.020888
0.003705
0.001937
0.014855
0.007396
0.009053
0.008863
0.006885
0.005158
0.033314
0.002066
0.03116
0.135461
0.024815
0.018766
0.035776
0.004009
0.003643
0.011799
0.024796
0.016572
0.010595
0.014509
0.004817
0.01407
0.015773
0.019354
0.001695
0.00872
0.000891
0.005921
0.045717
0.007858
0.007032
0.010439
0.23545
0.003764
0.015941
0.006597
0.010308
0.042524
0.01377
0.018967
0.009277
0.005635
0.007302
0.007229
0.056671
0.100854
0.008679
0.203671
0.002985
0.01241
0.014203
0.17284
0.074276
0.007689
0.012102
0.022041
0.002617
0.03165
0.017916
0.004333
0.00642
0.00247
0.006994
0.01087
0.014596
0.14526
0.005959
0.009423
0.004366
0.010298
0.000175
0.00513
0.004416
0.008959
0.041019
0.006527
0.009189
0.009727
0.009651
0.015978
0.013515
0.007926
0.015654
0.006856
0.003225
0.009016
0.009828
0.019392
0.036117
0.008901
0.008895
0.012096
0.023339
0.004394
0.011944
0.009673
0.00759
0.015439
0.015601
0.008
0.003683
0.028902
0.00066
0.021445
0.014254
0.047649
0.012996
0.00436
0.008849
0.008865
0.003434
0.013983
0.033779
0.036022
0.004912
0.017206
0.020197
0.015021
0.064352
0.009088
0.012893
0.005515
0.008493
0.006329
0.016956
0.012102
0.01644
0.000337
0.001101
0.013993
0.004845
0.000143
0.015163
0.005694
0.031287
0.009311
0.018713
0.064854
0.004298
0.009245
0.002407
0.000476
0.018864
0.007265
0.005536
0.026214
0.008632
0.024336
0.009544
0.005149
0.016665
0.008678
0.013079
0.012461
0.003116
0.097875
0.002864
0.003442
0.010684
0.013149
0.007914
0.000368
0.009753
0.03477
0.003502
0.006851
0.076192
0.004383
0.004891
0.010528
0.007012
0.009425
0.001966
0.006451
0.084614
0.026526
0.008807
0.007138
0.010038
0.001431
0.016058
0.005405
0.003552
0.014405
0.016522
0.004493
0.021528
0.002093
0.009589
0.035464
0.009184
0.012031
0.01331
0.020419
0.015979
0.012858
0.010741
0.003561
0.006974
0.04051
0.00808
0.009925
0.025297
0.063537
0.01078
0.169129
0.007631
0.004783
0.011768
0.011494
0.049674
0.590619
0.007122
0.014163
0.026286
0.015021
0.068563
0.017756
0.012769
0.010068
0.002567
0.005601
0.005691
0.013938
0.004274
0.024853
0.004195
0.090492
0.013193
0.021571
0.012207
0.009642
0.008961
0.008413
0.004968
0.020451
0.007499
0.008454
0.00725
0.002724
0.012481
0.000614
0.031026
0.008318
0.003992
0.001316
0.029931
0.403153
0.016247
0.00729
0.044187
0.000567
0.007627
0.023619
0.011965
0.004891
0.008312
0.066702
0.016691
0.004334
0.015902
0.0129
0.008641
0.001735
0.000439
0.016925
0.0012
0.014888
0.006026
0.008718
0.006472
0.020933
0.036587
0.031976
0.007477
0.007279
0.006194
0.006908
0.056777
0.003564
0.011754
0.008309
0.015455
0.034555
0.005457
0.009837
0.007354
0.002155
0.021578
0.003679
0.020461
0.003452
0.076956
0.015324
0.008781
0.019668
0.01092
0.00921
0.007806
0.016169
0.017213
0.023316
0.000141
0.00853
0.01436
0.034347
0.009284
0.004877
0.003525
0.006651
0.016701
0.004638
0.022156
0.006165
0.024818
0.021801
0.013783
0.006234
0.013211
0.011263
0.008749
0.014056
0.010135
0.015867
0.026308
0.013061
0.01042
0.010883
0.001964
0.013343
0.018502
0.008538
0.015645
0.018076
0.004516
0.018169
0.012746
0.006791
0.000644
0.057826
0.02369
0.015016
0.011827
0.01952
0.016233
0.006107
0.007794
0.009837
0.024097
0.014514
0.005973
0.022244
0.034094
0.001685
0.014887
0.011451
0.016633
0.005145
0.033015
0.032806
0.003955
0.019721
0.167876
0.000108
0.011413
0.063704
0.000701
0.028163
0.005991
0.362039
0.027224
0.02574
0.011018
0.002845
0.026253
0.035767
0.130623
0.002948
0.005312
0.006055
0.006774
0.013593
0.01006
0.009976
0.006306
0.009439
0.00734
0.003759
0.011272
0.009685
0.009016
0.054672
0.009626
0.013063
0.024493
0.008376
0.006651
0.04535
0.011095
0.010633
0.033929
0.003367
0.010468
0.00981
0.005339
0.028385
0.019004
0.000417
0.028574
0.003421
0.011035
0.008485
0.008822
0.027029
0.009541
0.021702
0.006213
0.02047
0.028033
0.007976
0.031549
0.02511
0.008145
0.00856
0.015934
0.003857
0.013533
0.033951
0.004865
0.020138
0.038436
0.021201
0.021104
0.005151
0.00314
0.05184
0.011027
0.008822
0.0331
0.036541
0.018955
0.007036
0.01654
0.003657
0.007007
0.002083
0.0001
0.045604
0.012173
0.017901
0.008357
0.007338
0.002919
0.078877
0.008642
0.01739
0.008356
0.008001
0.034723
0.005353
0.017764
0.012064
0.026663
0.01
0.005574
0.012232
0.012667
0.010781
0.014465
0.009764
0.012263
0.009206
0.006797
0.005867
0.007473
0.004688
0.013632
0.010171
0.009586
0.005976
0.005934
0.088849
0.008117
0.011494
0.00311
0.018017
0.015804
0.012212
0.031719
0.004485
0.002048
0.003893
0.009261
0.015586
0.008142
0.018148
0.008091
0.015312
0.008862
0.035726
0.006014
0.000101
0.020178
0.002517
0.009195
0.018287
0.00807
0.090517
0.005025
0.006234
0.007321
0.0321
0.028206
0.00725
0.01961
0.004525
0.007595
0.007999
0.004085
0.00451
0.004321
0.005677
0.017625
0.008916
0.085038
0.008786
0.008853
0.017992
0.023631
0.011052
0.004157
0.023285
0.014069
0.031805
0.011714
0.004925
0.002491
0.005004
0.020186
0.014288
0.007186
0.010129
0.015097
0.005085
0.027259
0.02633
0.002738
0.036716
0.007146
0.028243
0.014229
0.007338
0.007571
0.007875
0.012091
0.008014
0.021297
0.04505
0.010579
0.004218
0.009403
0.008631
0.015294
0.013541
0.003705
0.001828
0.006964
0.052748
0.011852
0.009475
0.01592
0.00431
0.00154
0.014375
0.012462
0.00921
0.015891
0.001565
0.002781
0.013033
0.094276
0.007707
0.016036
0.025199
0.006051
0.004414
0.006868
0.011613
0.011508
0.073719
0.001285
0.017922
0.026554
0.007723
0.007117
0.003765
0.031799
0.006113
0.007762
0.002974
0.026712
0.009727
0.006492
0.004288
0.040098
0.007562
0.081522
0.012921
0.005156
0.006425
0.00194
0.061976
0.008455
0.020586
0.006254
0.006493
0.00012
0.014439
0.00549
0.005988
0.044676
0.013036
0.022018
0.033772
0.035456
0.021272
0.010901
0.007189
0.014362
0.030479
0.006891
0.106282
0.010744
0.090545
0.003242
0.013708
0.00939
0.010546
0.000224
0.010768
0.005439
0.003994
0.006212
0.01219
0.044954
0.001003
0.0001
0.062989
0.008033
0.004075
0.058955
0.133886
0.000723
0.005093
0.003964
0.185017
0.006678
0.012669
0.011235
0.002521
0.012077
0.007213
0.037901
0.020697
0.007857
0.027468
0.016759
0.009149
0.015876
0.003407
0.01236
0.001156
0.017151
0.011312
0.011175
0.005396
0.015412
0.007989
0.008572
0.010592
0.017907
0.419412
0.023777
0.012594
0.010084
0.014627
0.005206
0.021526
0.006278
0.014785
0.007641
0.006053
0.016
0.032974
0.009723
0.011163
0.131652
0.014091
0.008497
0.012251
0.014396
0.003875
0.01165
0.02358
0.017442
0.018767
0.011562
0.004434
0.019061
0.008513
0.083141
0.017063
0.008051
0.019028
0.010636
0.024147
0.018702
0.00952
0.009424
0.246064
0.007615
0.003229
0.000145
0.056453
0.00541
0.004275
0.019803
0.053307
0.012046
0.022855
0.041506
0.019836
0.003695
0.0079
0.040293
0.006788
0.00372
0.008816
0.011084
0.00491
0.012431
0.008199
0.00832
0.015685
0.001365
0.003071
0.01762
0.013508
0.029002
0.053336
0.021886
0.014775
0.002283
0.016786
0.048143
0.01151
0.012889
0.010424
0.136505
0.012053
0.005498
0.004847
0.008617
0.009864
0.009809
0.014366
0.024764
0.005018
0.019598
0.004476
0.018617
0.012843
0.16413
0.025115
0.007602
0.0097
0.003862
0.008038
0.010838
0.006242
0.054955
0.013821
0.003979
0.010564
0.024221
0.010195
0.026354
0.00792
0.014978
0.015965
0.007087
0.012423
0.008418
0.021848
0.033031
0.014997
0.009619
0.002711
0.01274
0.009289
0.0035
0.008185
0.003897
0.008624
0.004269
0.043081
0.006988
0.012842
0.031266
0.007348
0.006686
0.009579
0.05002
0.00597
0.004677
0.007644
0.001749
0.00085
0.003808
0.008275
0.009151
0.007395
0.014709
0.007026
0.008715
0.020006
0.012591
0.000105
0.003169
0.022949
0.003701
0.007932
0.01237
0.00581
0.003203
0.020165
0.006658
0.005178
0.009953
0.419412
0.004795
0.011618
0.017948
0.007334
0.009752
0.017126
0.013583
0.006265
0.004544
0.004407
0.00375
0.032017
0.01845
0.003172
0.004361
0.009037
0.038074
0.009926
0.012677
0.056917
0.051344
0.009717
0.010266
0.0001
0.011487
0.00677
0.006134
0.005582
0.005043
0.013319
0.007313
0.008623
0.020196
0.00571
0.008585
0.003883
0.057932
0.004911
0.011477
0.009829
0.010303
0.010549
0.009623
0.006634
0.00515
0.008996
0.003886
0.058586
0.004121
0.003771
0.012157
0.005832
0.007591
0.009965
0.011725
0.030416
0.012531
0.031119
0.006344
0.008693
0.08207
0.014298
0.00424
0.011033
0.006746
0.003152
0.022708
0.005756
0.015644
0.011135
0.005553
0.031595
0.004555
0.004956
0.009925
0.005522
0.005443
0.034286
0.010176
0.011111
0.004764
0.023739
0.022216
0.001283
0.035534
0.006366
0.015715
0.022038
0.015625
0.022283
0.006611
0.026128
0.006949
0.007862
0.009609
0.0121
0.005522
0.00486
0.009684
0.002059
0.004479
0.004225
0.01144
0.013659
0.007737
0.007338
0.003656
0.033375
0.004908
0.011836
0.013816
0.019664
0.015209
0.005527
0.056253
0.011497
0.014931
0.018842
0.302064
0.003089
0.01547
0.066272
0.027736
0.023711
0.000841
0.006878
0.004482
0.007613
0.008919
0.010987
0.028397
0.010159
0.150528
0.01488
0.015963
0.028738
0.01472
0.004267
0.006917
0.008623
0.014614
0.009553
0.004326
0.016054
0.011676
0.014198
0.004005
0.003495
0.007057
0.021397
0.009452
0.045669
0.011415
0.008359
0.005573
0.008904
0.006024
0.009199
0.008208
0.014841
0.020111
0.009167
0.005457
0.0049
0.008801
0.014083
0.018181
0.040151
0.010932
0.007782
0.016225
0.01943
0.012165
0.024163
0.007859
0.00226
0.021443
0.006277
0.013306
0.014005
0.018702
0.019088
0.014943
0.489355
0.015384
0.008907
0.079486
0.0027
0.008567
0.019285
0.008648
0.012494
0.009239
0.011081
0.016074
0.010453
0.000171
0.006635
0.044333
0.009115
0.004491
0.008361
0.006066
0.006171
0.008957
0.004442
0.011219
0.0116
0.014862
0.001942
0.009976
0.008672
0.010292
0.008298
0.004644
0.005186
0.012457
0.010778
0.005543
0.012397
0.001831
0.010868
0.009116
0.194956
0.020694
0.025816
0.016324
0.100937
0.007273
0.047276
0.003973
0.031239
0.005213
0.023555
0.037037
0.026291
0.020649
0.016316
0.22925
0.023842
0.010476
0.011029
0.023229
0.005783
0.00392
0.005724
0.00874
0.011979
0.001858
0.013837
0.00999
0.006272
0.0054
0.022923
0.007049
0.008597
0.073414
0.006604
0.006987
0.012765
0.015054
0.009456
0.00536
0.013829
0.006007
0.004343
0.021908
0.010174
0.017212
0.016749
0.014285
0.061453
0.005787
0.000791
0.007614
0.01143
0.005255
0.00189
0.008456
0.02151
0.004376
0.00865
0.065459
0.015839
0.011738
0.009249
0.025754
0.015341
0.021913
0.020482
0.008355
0.000126
0.006924
0.012799
0.017227
0.017308
0.008692
0.0001
0.684306
0.020631
0.005959
0.006556
0.000141
0.009646
0.006628
0.19597
0.008785
0.004195
0.01035
0.014425
0.019101
0.005914
0.008786
0.066891
0.002267
0.009981
0.020406
0.013789
0.019731
0.009984
0.004903
0.006984
0.005584
0.017189
0.013941
0.00446
0.02597
0.047393
0.08476
0.012429
0.020991
0.000187
0.005859
0.012607
0.041078
0.005646
0.033768
0.038173
0.016905
0.03854
0.020521
0.006478
0.012004
0.034345
0.003938
0.066226
0.02444
0.007813
0.010301
0.015762
0.025147
0.010507
0.013526
0.019335
0.004672
0.006103
0.026266
0.031689
0.017652
0.001333
0.00537
0.0046
0.006576
0.006195
0.008538
0.023386
0.004231
0.013702
0.004017
0.015619
0.007181
0.007773
0.006552
0.005566
0.006564
0.003089
0.008789
0.005431
0.011477
0.047538
0.005841
0.008889
0.019804
0.005008
0.012982
0.002006
0.006517
0.014444
0.01005
0.036611
0.04447
0.005052
0.005715
0.011794
0.007938
0.002661
0.008793
0.128205
0.026187
0.039199
0.014867
0.000473
0.02429
0.509295
0.009541
0.006851
0.018976
0.006879
0.024986
0.039732
0.010639
0.0069
0.017528
0.006411
0.048076
0.013552
0.006179
0.007174
0.010407
0.013257
0.008138
0.419412
0.005542
0.002603
0.002388
0.006194
0.007335
0.000521
0.008742
0.011384
0.029423
0.015876
0.009521
0.008985
0.006859
0.007527
0.0047
0.010663
0.021729
0.008258
0.011911
0.025141
0.004143
0.009677
0.004917
0.007528
0.006475
0.007502
0.051244
0.009726
0.01703
0.024312
0.00611
0.016988
0.00629
0.013006
0.020933
0.022687
0.010396
0.01272
0.006115
0.025064
0.008277
0.01833
0.015417
0.007775
0.051696
0.023988
0.012238
0.012835
0.010007
0.006253
0.02987
0.015146
0.026085
0.012409
0.014246
0.009311
0.048109
0.009375
0.013683
0.016619
0.006168
0.005021
0.023891
0.024786
0.011532
0.002673
0.076117
0.00803
0.008216
0.01864
0.016224
0.014863
0.019094
0.014999
0.023742
0.002752
0.041436
0.077152
0.007585
0.003805
0.01158
0.003733
0.000315
0.012872
0.01908
0.014369
0.02184
0.007305
0.006699
0.016279
0.004357
0.009969
0.001341
0.002633
0.008191
0.018762
0.009676
0.004628
0.020826
0.007858
0.013798
0.0067
0.017994
0.00552
0.01602
0.016463
0.098547
0.01018
0.007747
0.018946
0.013782
0.026246
0.011297
0.01463
0.021591
0.007773
0.005887
0.019821
0.00402
0.263916
0.005847
0.003622
0.007314
0.02171
0.005027
0.444404
0.009302
0.028421
0.010941
0.011801
0.001065
0.019702
0.005142
0.030592
0.044668
0.017304
0.014383
0.010645
0.007556
0.009281
0.003564
0.063558
0.01565
0.00357
0.027114
0.011115
0.037297
0.000623
0.014996
0.00714
0.026609
0.008924
0.005605
0.010303
0.016495
0.003542
0.014958
0.001203
0.054801
0.003699
0.001908
0.008427
0.007005
0.005683
0.022702
0.013838
0.008246
0.00733
0.012517
0.003294
0.009948
0.005361
0.027548
0.015689
0.011991
0.003783
0.019729
0.023047
0.028642
0.011239
0.011311
0.011824
0.009637
0.012096
0.008961
0.013202
0.013054
0.017574
0.004584
0.017895
0.003727
0.004396
0.009399
0.002514
0.006791
0.004439
0.004871
0.013495
0.003689
0.009756
0.008527
0.010603
0.00776
0.041747
0.006706
0.010119
0.010004
0.038363
0.068872
0.004855
0.026128
0.011666
0.00123
0.002734
0.00785
0.00222
0.008259
0.01698
0.023609
0.06052
0.017647
0.001856
0.009734
0.015712
0.010962
0.012632
0.004961
0.058596
0.043228
0.006427
0.025612
0.053774
0.010858
0.055727
0.015545
0.011128
0.02062
0.021975
0.044126
0.007727
0.01066
0.024056
0.005564
0.005853
0.02258
0.011782
0.009865
0.013401
0.005564
0.028424
0.011336
0.01348
0.001196
0.014128
0.007496
0.008951
0.00227
0.01772
0.009805
0.001308
0.011744
0.021401
0.00447
0.000125
0.033639
0.004813
0.005837
0.006995
0.015398
0.012777
0.005089
0.05366
0.019693
0.007612
0.008011
0.023786
0.004358
0.017422
0.035759
0.0072
0.005513
0.0001
0.063589
0.018095
0.008709
0.019105
0.014781
0.014711
0.012396
0.096373
0.009524
0.031411
0.750491
0.028819
0.015037
0.007139
0.11928
0.009976
0.006614
0.00667
0.006383
0.014298
0.003864
0.012798
0.005516
0.003216
0.006298
0.005989
0.005525
0.004085
0.035307
0.020951
0.007197
0.003219
0.01916
0.011413
0.018769
0.011406
0.027334
0.005817
0.012829
0.010657
0.0116
0.033304
0.015978
0.998358
0.015552
0.014973
0.011204
0.002063
0.014155
0.012715
0.01012
0.006214
0.01651
0.0072
0.028222
0.071751
0.00723
0.01584
0.008588
0.012168
0.004808
0.003262
0.018437
0.020942
0.004531
0.032151
0.00968
0.003509
0.027754
0.013003
0.073992
0.024438
0.026281
0.017046
0.001345
0.010931
0.006336
0.000101
0.004673
0.016364
0.111035
0.000416
0.017026
0.026423
0.050931
0.016889
0.013544
0.013318
0.007848
0.37873
0.000225
0.009015
0.00522
0.010971
0.003755
0.031406
0.0001
0.007308
0.006341
0.090506
0.006512
0.041603
0.009964
0.012155
0.00619
0.032324
0.028119
0.015534
0.006677
0.006146
0.016475
0.008015
0.009825
0.008478
0.006759
0.009936
0.018703
0.007725
0.002268
0.032194
0.006618
0.008949
0.022622
0.003045
0.030504
0.009236
0.023835
0.01076
0.016436
0.011471
0.00445
0.007692
0.008375
0.002777
0.008474
0.004222
0.00333
0.027161
0.00925
0.00843
0.011582
0.034442
0.008508
0.004143
0.009504
0.009568
0.01013
0.01118
0.077751
0.002696
0.004763
0.014061
0.009196
0.019498
0.011501
0.004764
0.003358
0.012799
0.020587
0.018802
0.012168
0.010059
0.011648
0.049956
0.04867
0.011399
0.009645
0.128244
0.004159
0.060443
0.035963
0.020353
0.005815
0.006258
0.205023
0.010086
0.010407
0.009821
0.010271
0.013995
0.007028
0.059973
0.030857
0.028849
0.010521
0.008724
0.016061
0.010063
0.055828
0.012165
0.007131
0.00602
0.007194
0.012834
0.011436
0.014926
0.024252
0.014729
0.546362
0.00844
0.001095
0.004532
0.013104
0.021978
0.01038
0.025896
0.049025
0.003175
0.030171
0.017379
0.009187
0.009471
0.004963
0.053637
0.016474
0.008565
0.013266
0.005098
0.002324
0.009505
0.022309
0.009816
0.007821
0.006114
0.013418
0.021361
0.006218
0.073994
0.013621
0.017914
0.003282
0.1441
0.023733
0.004826
0.001422
0.011331
0.028316
0.001398
0.057767
0.011415
0.015446
0.010643
0.016541
0.009654
0.007604
0.007721
0.033379
0.007599
0.015475
0.017165
0.024732
0.015772
0.011238
0.019526
0.00247
0.035545
0.004128
0.010693
0.012714
0.006407
0.011951
0.039918
0.015245
0.015554
0.03009
0.00896
0.008112
0.003515
0.015118
0.004128
0.01289
0.001098
0.014121
0.005391
0.005446
0.01505
0.017742
0.015406
0.017646
0.001957
0.005767
0.010393
0.055246
0.008747
0.007838
0.004064
0.004102
0.007975
0.002171
0.017661
0.01295
0.004105
0.033649
0.078549
0.025238
0.012437
0.010124
0.205655
0.005304
0.010569
0.069327
0.011763
0.009172
0.017205
0.013629
0.0179
0.006608
0.015835
0.010876
0.011516
0.010205
0.011912
0.166217
0.011218
0.024278
0.050557
0.000126
0.018134
0.005867
0.015797
0.003519
0.051385
0.016846
0.010471
0.004722
0.010217
0.011898
0.003721
0.007299
0.019784
0.003664
0.005408
0.006933
0.004203
0.012569
0.007266
0.007285
0.006068
0.187818
0.037245
0.010069
0.014061
0.01018
0.008861
0.010598
0.01125
0.006469
0.037062
0.034552
0.010654
0.029387
0.01636
0.012434
0.013528
0.009239
0.019434
0.009059
0.005236
0.005727
0.011929
0.010435
0.062822
0.000108
0.013563
0.005806
0.011156
0.004792
0.003653
0.018803
0.081001
0.015018
0.004216
0.007195
0.00281
0.000924
0.019647
0.007365
0.015473
0.014843
0.075581
0.016848
0.003826
0.018275
0.010011
0.009081
0.011256
0.065023
0.004989
0.002391
0.00011
0.007957
0.00786
0.006953
0.010506
0.419412
0.013403
0.009341
0.036479
0.002388
0.005557
0.004883
0.0091
0.009899
0.004336
0.013044
0.00614
0.006802
0.016352
0.013675
0.010321
0.004525
0.007176
0.001871
0.005759
0.007286
0.004856
0.019759
0.008679
0.001843
0.002212
0.007613
0.005028
0.018921
0.037462
0.008527
0.007855
0.044489
0.003876
0.024241
0.103447
0.030878
0.005601
0.002494
0.013199
0.003831
0.013656
0.028251
0.010225
0.018017
0.026723
0.00546
0.015251
0.00224
0.006128
0.020445
0.018447
0.00344
0.005015
0.02093
0.067881
0.01054
0.012029
0.006995
0.014117
0.019102
0.047306
0.009315
0.018836
0.042744
0.015798
0.060917
0.008302
0.006921
0.015889
0.010272
0.035498
0.010743
0.004688
0.045212
0.008273
0.033275
0.003597
0.010707
0.021736
0.015352
0.011864
0.043405
0.034603
0.006942
0.014373
0.002314
0.006461
0.031374
0.003864
0.012447
0.082269
0.014373
0.031135
0.013164
0.004508
0.011555
0.011913
0.003796
0.0062
0.012748
0.005209
0.02537
0.011189
0.014923
0.002294
0.008521
0.007994
0.005153
0.004626
0.022049
0.162918
0.024026
0.006309
0.002832
0.009597
0.009333
0.000275
0.005757
0.001729
0.007316
0.017139
0.012734
0.017455
0.003853
0.008422
0.008841
0.010132
0.020126
0.017464
0.006786
0.009522
0.003348
0.012027
0.004368
0.033328
0.004298
0.003804
0.009105
0.000633
0.067632
0.035558
0.008444
0.007867
0.02154
0.013726
0.271598
0.010917
0.006615
0.013174
0.015219
0.015342
0.02233
0.014854
0.00446
0.007167
0.020244
0.011358
0.005661
0.009219
0.013896
0.008177
0.006388
0.033511
0.0618
0.006311
0.006434
0.01145
0.007241
0.004837
0.005619
0.015542
0.038049
0.010953
0.014508
0.007131
0.000989
0.024129
0.010604
0.012641
0.004469
0.032551
0.027961
0.019686
0.003101
0.003781
0.023687
0.001286
0.007041
0.003883
0.007241
0.00835
0.014705
0.023691
0.012956
0.001144
0.004226
0.020283
0.007613
0.007598
0.0001
0.084321
0.009808
0.043802
0.006139
0.021275
0.006188
0.003873
0.008212
0.002102
0.124731
0.00564
0.0481
0.006453
0.018066
0.0646
0.007016
0.012913
0.033785
0.007494
0.020778
0.008655
0.001971
0.0072
0.004905
0.002796
0.004076
0.00991
0.007329
0.0065
0.007974
0.100668
0.381611
0.007164
0.012979
0.00403
0.014911
0.012271
0.007754
0.001706
0.02629
0.01246
0.023343
0.004118
0.005775
0.015451
0.017625
0.033442
0.011847
0.0107
0.004596
0.00572
0.052621
0.005136
0.010141
0.00827
0.006962
0.002239
0.00771
0.009098
0.013996
0.010859
0.010271
0.004712
0.013331
0.053965
0.019567
0.005061
0.004209
0.024892
0.002879
0.050571
0.047999
0.004154
0.010365
0.02918
0.162121
0.001003
0.010337
0.076799
0.035027
0.020848
0.013432
0.023868
0.01882
0.030364
0.018124
0.033582
0.62652
0.010841
0.003951
0.004953
0.015707
0.00555
0.009667
0.007971
0.003526
0.004687
0.017583
0.000262
0.01261
0.008655
0.010852
0.005356
0.028393
0.010061
0.005308
0.019793
0.00079
0.008505
0.01592
0.010058
0.000951
0.007437
0.011476
0.008915
0.04489
0.37873
0.011655
0.006777
0.007842
0.021792
0.018465
0.007646
0.006186
0.034909
0.004123
0.010155
0.004308
0.002503
0.003544
0.002376
0.00432
0.021907
0.024584
0.007344
0.007547
0.018075
0.006103
0.012018
0.003099
0.001422
0.006228
0.002647
0.005458
0.021752
0.010252
0.004005
0.002593
0.123068
0.005345
0.009688
0.019418
0.000441
0.011782
0.010465
0.015396
0.005799
0.01142
0.009558
0.005945
0.005318
0.011127
0.008389
0.018198
0.028603
0.008466
0.0174
0.018615
0.017527
0.026722
0.006136
0.010393
0.020235
0.005011
0.004219
0.046307
0.009057
0.025572
0.042406
0.018777
0.006861
0.008778
0.017808
0.010944
0.014665
0.007568
0.011846
0.006974
0.419412
0.006208
0.011231
0.020458
0.005812
0.007
0.063614
0.020086
0.010425
0.006343
0.012972
0.008249
0.02494
0.002451
0.012608
0.009385
0.015357
0.013147
0.007391
0.007653
0.00226
0.000917
0.010197
0.035742
0.014988
0.015632
0.004895
0.008265
0.012857
0.009452
0.008258
0.028131
0.002965
0.015879
0.030126
0.005451
0.1125
0.052142
0.007594
0.010444
0.006902
0.008317
0.01221
0.002196
0.010879
0.009547
0.069593
0.005324
0.00438
0.08461
0.005843
0.008269
0.01124
0.008161
0.013285
0.020127
0.00012
0.024391
0.003298
0.041881
0.012994
0.007269
0.013528
0.00644
0.003594
0.000109
0.011078
0.053312
0.076923
0.016945
0.007975
0.011064
0.006644
0.419412
0.008766
0.044069
0.007868
0.011332
0.005676
0.015789
0.008878
0.044578
0.005118
0.012365
0.016541
0.013208
0.015126
0.008199
0.009795
0.00863
0.011181
0.005859
0.039724
0.041382
0.005441
0.005876
0.003698
0.013427
0.007813
0.014228
0.004773
0.009791
0.006521
0.012785
0.010795
0.005785
0.009876
0.01243
0.012957
0.016585
0.001959
0.01291
0.008455
0.007316
0.065927
0.011629
0.02059
0.013568
0.009484
0.002021
0.015958
0.005837
0.014118
0.032599
0.02169
0.009851
0.013169
0.017417
0.024768
0.008139
0.032542
0.010794
0.004637
0.011281
0.01259
0.009535
0.012877
0.008209
0.094794
0.027075
0.011291
0.009171
0.006439
0.004421
0.003291
0.408892
0.022461
0.012387
0.010558
0.006918
0.038073
0.012916
0.003925
0.002638
0.007375
0.008782
0.00497
0.003382
0.007191
0.013573
0.00702
0.036854
0.003408
0.047761
0.003892
0.003111
0.012003
0.010283
0.015027
0.021578
0.005519
0.010731
0.006757
0.012451
0.007717
0.013585
0.00842
0.013702
0.012376
0.027021
0.012167
0.014736
0.012343
0.012053
0.003535
0.018701
0.004123
0.009751
0.006902
0.0001
0.01968
0.003309
0.074722
0.021976
0.008018
0.007074
0.005462
0.008575
0.017993
0.012328
0.0054
0.081884
0.024979
0.017485
0.026234
0.033173
0.007647
0.005424
0.005466
0.01101
0.007358
0.000942
0.006395
0.011792
0.015045
0.036251
0.029251
0.004017
0.060616
0.013349
0.005253
0.008758
0.006904
0.008604
0.010517
0.00974
0.007441
0.002358
0.00887
0.003112
0.003928
0.005453
0.005212
0.004928
0.008584
0.0001
0.00852
0.029228
0.049059
0.004914
0.007373
0.006371
0.019341
0.00136
0.001912
0.011267
0.008886
0.020733
0.00255
0.017047
0.026036
0.004883
0.019393
0.007424
0.009641
0.01728
0.009363
0.003667
0.005776
0.002318
0.015688
0.057262
0.00404
0.011577
0.007917
0.018503
0.012607
0.013153
0.008604
0.001538
0.015335
0.008379
0.009387
0.003985
0.009037
0.993079
0.080827
0.002832
0.009721
0.00015
0.02433
0.007555
0.01639
0.000817
0.010267
0.009236
0.013967
0.011834
0.0214
0.007082
0.007783
0.009129
0.010844
0.0064
0.011408
0.007503
0.012418
0.015504
0.009986
0.008832
0.006529
0.000106
0.257276
0.036013
0.006466
0.005718
0.08632
0.07586
0.010325
0.0139
0.044234
0.033291
0.003173
0.035238
0.006622
0.014729
0.012012
0.014845
0.01617
0.007481
0.005686
0.011733
0.006302
0.005053
0.01011
0.037997
0.006386
0.020934
0.01544
0.008198
0.018486
0.005033
0.01793
0.018175
0.010614
0.010308
0.013698
0.007933
0.006845
0.006312
0.00471
0.017191
0.048973
0.029114
0.028818
0.008481
0.006475
0.007981
0.036806
0.015701
0.006795
0.006652
0.059038
0.004529
0.018081
0.049344
0.026693
0.045011
0.113086
0.007015
0.003672
0.007124
0.012395
0.021449
0.059178
0.018357
0.07858
0.062241
0.028184
0.001674
0.012656
0.004351
0.005824
0.006769
0.010174
0.003142
0.04316
0.042373
0.055037
0.007649
0.010461
0.011547
0.004213
0.012907
0.006756
0.047119
0.013092
0.020676
0.003497
0.027881
0.010935
0.002411
0.036174
0.050937
0.017795
0.038536
0.006065
0.021473
0.004766
0.022617
0.00409
0.004792
0.010606
0.003444
0.019577
0.010167
0.004493
0.013994
0.005402
0.003647
0.014722
0.038039
0.011217
0.00665
0.00809
0.012185
0.001664
0.031152
0.057723
0.007797
0.168695
0.022675
0.029967
0.023353
0.005586
0.006141
0.017684
0.036729
0.177568
0.0039
0.057204
0.025772
0.014408
0.022191
0.009114
0.010458
0.011533
0.003455
0.014733
0.073784
0.005627
0.007441
0.016829
0.02415
0.010233
0.008032
0.005652
0.003178
0.00542
0.00703
0.02608
0.001188
0.008986
0.036933
0.003613
0.006292
0.004684
0.008521
0.004111
0.005263
0.011467
0.008921
0.000422
0.003499
0.007865
0.003172
0.00801
0.019486
0.00541
0.016039
0.00636
0.007281
0.004594
0.013573
0.013413
0.013657
0.121009
0.024108
0.004978
0.007446
0.014758
0.020196
0.006211
0.01868
0.004363
0.004187
0.013372
0.010514
0.031451
0.023338
0.007136
0.015922
0.015588
0.006474
0.167498
0.008854
0.005438
0.017489
0.009477
0.364899
0.010613
0.031463
0.013725
0.0088
0.007993
0.031287
0.01621
0.009986
0.004908
1.0001
0.006479
0.002696
0.013939
0.031003
0.013764
0.008125
0.006882
0.007698
0.000587
0.007913
0.018742
0.005958
0.000101
0.005597
0.014367
0.016222
0.007639
0.008152
0.00787
0.012178
0.010578
0.006128
0.019089
0.007775
0.002434
0.022936
0.006173
0.032794
0.007898
0.0031
0.003057
0.008028
0.013376
0.001266
0.002882
0.022094
0.003295
0.016143
0.101758
0.013575
0.004751
0.002932
0.006473
0.024983
0.005553
0.00498
0.006118
0.004721
0.079074
0.011478
0.007119
0.007707
0.004781
0.001278
0.013769
0.083746
0.00971
0.011763
0.015124
0.026926
0.031821
0.010136
0.010193
0.095497
0.002364
0.011887
0.016719
0.015496
0.022375
0.005943
0.032928
0.029602
0.012644
0.009806
0.034289
0.007366
0.007339
0.007389
0.004837
0.008702
0.123704
0.015118
0.01145
0.008242
0.010983
0.000148
0.021633
0.007839
0.016732
0.00286
0.003012
0.020803
0.002867
0.200932
0.009747
0.029939
0.018251
0.026859
0.006961
0.012806
0.011796
0.072049
0.006626
0.011361
0.021924
0.028528
0.023607
0.038302
0.002404
0.008484
0.007622
0.025014
0.018605
0.017411
0.00464
0.001709
0.018589
0.013392
0.032508
0.008214
0.048836
0.009333
0.012558
0.0025
0.01427
0.018189
0.042656
0.026347
0.007919
0.022025
0.004989
0.00829
0.007776
0.001908
0.003983
0.006714
0.004539
0.013601
0.010149
0.030786
0.009109
0.076393
0.005779
